1 15
52 71
101 22
10 86
102 67
122 32
97 31
71 38
118 36
9 93
51 14
62 108
5 66
10 127
45 38
126 87
82 13
31 97
21 92
55 93
56 108
32 88
40 32
93 72
50 57
33 102
54 75
11 44
101 62
51 97
58 52
126 19
23 39
82 33
58 11
58 40
27 71
78 23
14 46
127 43
33 41
25 83
93 31
44 100
106 1
53 81
22 57
121 75
107 12
42 71
66 47
123 118
115 107
114 13
11 3
59 96
86 77
58 11
27 61
34 104
42 7
1 8
85 76
105 111
16 34
18 99
61 73
10 89
109 3
60 72
81 103
33 43
18 98
34 51
52 85
67 118
23 3
70 21
79 115
94 123
74 8
88 86
125 94
1 99
17 105
75 26
31 59
72 53
27 77
84 107
69 61
9 50
97 105
12 124
47 110
13 2
26 17
39 107
78 104
73 53
67 17
118 29
1 82
77 7
31 108
20 80
69 82
80 44
2 38
64 4
99 43
114 40
99 77
124 109
75 112
107 67
52 97
50 42
48 11
104 107
100 113
9 55
91 80
74 27
122 70
23 69
104 37
126 50
7 100
112 120
6 116
85 36
1 115
36 46
30 24
124 72
53 105
89 80
102 94
40 108
77 60
101 107
59 101
7 28
107 48
87 24
96 102
111 63
90 115
76 64
15 86
58 106
25 15
17 45
61 107
71 77
19 33
38 96
98 3
75 15
75 62
5 53
117 97
98 37
107 7
106 78
63 53
30 100
39 101
99 121
2 31
111 69
14 30
83 7
115 119
103 85
82 10
5 46
29 103
28 113
47 64
51 24
2 40
73 97
79 66
123 79
66 115
98 47
75 100
116 76
16 84
103 60
6 92
66 102
125 87
73 28
120 80
0 5
47 59
19 0
115 118
82 8
91 32
50 108
54 62
84 41
120 22
117 51
56 34
47 53
57 52
21 34
9 109
64 92
109 70
111 19
69 49
102 0
97 7
94 80
21 43
8 15
73 59
89 121
77 54
113 116
5 46
81 100
30 73
45 112
42 121
7 54
0 126
84 115
3 37
101 73
40 90
97 4
85 116
66 76
14 73
30 53
4 41
21 104
44 95
87 40
28 115
41 34
27 43
117 94
8 119
70 31
11 67
78 75
15 2
50 73
5 48
116 28
4 15
91 3
82 70
71 66
7 116
52 108
2 42
79 33
7 47
112 109
22 121
118 95
95 49
4 42
19 10
109 77
19 66
87 31
20 30
48 124
113 30
61 117
8 84
46 124
12 37
38 11
82 64
42 118
75 116
11 56
12 22
23 75
24 20
78 51
97 76
20 28
39 124
86 83
51 61
46 94
51 42
23 95
71 26
29 2
33 97
91 57
44 9
52 61
39 11
13 63
95 14
61 11
16 31
75 104
21 110
71 79
20 66
46 35
48 83
28 71
13 15
35 90
17 48
37 68
19 89
64 58
47 82
91 6
117 126
101 20
93 90
123 86
47 18
61 20
3 32
38 61
25 104
54 83
75 0
17 84
63 24
7 29
59 88
114 121
78 9
90 114
41 118
92 99
1 2
76 32
81 40
93 6
51 76
29 118
121 20
16 61
31 78
72 47
99 115
95 34
77 87
118 19
10 24
59 57
37 67
77 115
70 84
26 21
2 98
102 11
86 28
120 55
14 56
99 12
68 64
89 113
18 10
72 33
50 83
92 61
46 74
73 48
51 97
29 83
66 67
107 6
51 49
29 72
37 24
124 85
1 122
54 86
101 98
91 8
112 39
51 19
33 8
2 56
16 118
125 99
47 57
110 61
68 66
62 76
104 9
48 75
113 51
38 110
52 108
100 88
72 82
20 118
39 107
88 83
51 22
21 116
102 72
99 90
62 54
126 43
72 87
67 81
79 8
120 83
22 28
106 12
37 90
4 48
75 114
83 116
112 5
38 59
89 32
94 80
49 99
43 41
18 37
96 57
99 21
47 33
86 56
64 126
75 27
109 88
116 85
124 26
119 124
12 15
40 64
10 40
111 88
124 43
37 114
34 49
73 76
118 112
38 39
10 70
66 25
2 122
98 27
113 59
89 116
4 90
38 63
114 48
55 77
54 40
75 104
51 54
87 3
78 27
4 8
84 105
99 54
48 23
72 75
107 91
107 18
77 61
86 52
106 6
33 48
33 104
8 57
61 21
81 60
21 4
108 0
66 67
26 21
54 121
6 5
86 100
102 110
117 86
106 89
5 118
55 30
52 101
20 101
26 75
31 95
56 105
72 43
94 122
126 18
106 39
96 12
71 76
95 112
78 20
110 82
3 81
57 13
88 53
34 54
103 46
65 7
105 93
75 104
14 106
58 72
62 26
113 127
80 29
46 64
77 34
111 97
8 23
124 95
23 110
39 8
54 76
46 52
4 74
51 72
81 103
111 24
14 87
118 121
67 38
114 2
119 51
29 37
97 111
103 23
72 68
115 70
110 94
6 11
19 103
91 3
58 36
29 47
115 11
115 100
110 36
30 61
119 0
69 61
73 42
11 76
25 45
8 68
62 120
44 77
48 23
51 88
52 16
120 2
46 23
32 23
4 54
4 124
89 88
43 10
42 15
73 12
66 26
34 93
79 118
94 6
34 97
39 122
77 97
5 89
49 18
11 95
62 42
109 63
51 36
29 118
58 71
21 9
110 9
29 105
31 24
77 1
43 18
102 83
72 70
104 7
101 117
65 28
106 41
56 78
70 80
118 96
23 108
11 68
19 57
69 16
8 40
87 58
71 61
13 86
56 79
83 118
45 82
89 26
120 124
95 106
105 111
94 84
84 27
14 39
117 63
18 49
71 104
76 36
48 121
70 22
115 121
9 6
100 99
105 94
9 43
33 82
39 104
7 9
103 96
79 0
97 98
33 57
38 36
107 19
89 66
83 97
114 69
106 73
14 32
94 127
52 120
62 118
4 56
16 95
13 17
11 83
76 32
105 29
40 48
113 96
34 57
59 13
67 34
9 66
26 78
83 74
87 33
126 96
89 125
112 123
100 8
31 66
89 101
7 78
17 2
38 29
61 92
14 54
7 70
72 1
113 53
13 106
41 16
91 48
26 47
85 99
15 54
54 38
76 100
88 5
113 18
5 24
73 27
32 45
73 102
85 78
124 84
74 45
26 12
74 71
36 40
55 96
41 65
50 125
113 48
100 47
5 126
67 8
15 88
41 116
61 77
91 68
62 46
127 25
55 47
34 123
94 12
79 66
99 2
11 18
88 72
124 34
77 64
63 55
100 3
113 42
114 92
109 12
98 44
19 79
7 103
36 7
94 87
83 82
71 123
75 108
90 99
27 71
6 73
44 16
19 25
91 67
81 120
91 107
71 99
18 17
38 20
75 13
11 117
96 84
32 57
3 18
13 21
44 51
103 41
60 73
115 20
109 111
43 115
5 54
23 125
48 86
14 37
116 112
98 39
68 78
63 14
44 64
27 37
96 70
58 124
38 61
99 78
12 106
125 98
93 104
2 69
57 5
14 106
10 120
120 122
40 50
99 70
68 62
89 3
40 89
118 55
18 66
57 69
53 62
24 88
28 21
16 98
8 10
100 42
75 89
10 100
67 6
41 29
106 4
52 13
113 28
73 23
31 18
70 114
67 8
118 22
120 122
83 9
117 124
120 57
101 78
90 95
35 59
64 19
116 74
11 103
92 101
99 86
55 59
85 122
74 35
16 26
26 58
63 23
5 57
35 90
18 11
100 16
127 113
109 28
49 23
30 6
81 52
75 66
100 57
18 15
4 22
126 39
25 100
40 29
126 108
89 111
6 19
6 19
94 108
71 122
107 54
110 122
94 38
45 101
46 75
89 124
109 31
53 23
123 35
71 117
16 93
1 14
95 23
55 4
37 81
34 83
120 14
93 94
77 41
103 20
124 114
86 55
10 30
53 67
32 50
63 17
40 86
120 2
46 52
12 127
86 93
106 18
85 29
42 126
79 41
68 96
38 118
52 8
72 66
12 120
52 39
81 49
105 5
118 60
77 63
15 50
5 113
40 97
43 114
63 56
6 109
96 29
84 13
103 94
113 74
44 14
123 50
125 9
81 101
83 69
79 55
113 38
108 17
66 62
111 114
110 86
95 45
34 58
45 6
87 116
72 1
43 28
37 41
44 94
104 113
63 2
32 21
12 45
108 110
30 53
111 37
114 97
59 18
74 49
59 24
120 65
91 7
27 32
110 66
61 12
46 17
17 85
60 49
115 76
118 17
60 81
96 54
107 59
46 66
61 31
105 32
13 56
103 79
127 37
15 29
101 16
76 54
20 49
34 64
123 65
90 112
12 34
1 56
49 118
83 112
20 70
114 118
82 16
102 101
82 90
58 5
65 111
64 22
100 15
110 62
47 97
5 112
16 24
41 62
63 112
85 88
88 34
22 12
76 122
41 28
22 49
53 110
56 95
104 66
68 30
68 34
16 97
54 118
4 64
21 68
19 25
102 68
56 55
36 80
92 108
126 81
26 23
52 77
121 61
68 67
122 29
125 52
29 87
101 95
4 16
48 81
42 27
127 61
81 23
56 85
76 38
102 64
56 108
37 40
108 20
67 54
3 120
6 18
32 55
69 36
19 44
9 0
117 58
38 46
112 92
116 88
77 27
120 110
39 97
114 55
94 5
16 36
95 91
88 45
75 55
37 55
78 37
13 94
105 39
17 116
32 13
118 72
60 42
73 80
51 80
65 44
102 91
10 12
14 94
49 89
118 121
5 26
37 28
5 99
67 64
123 64
41 32
10 66
57 85
63 43
118 30
120 36
31 71
71 17
27 8
85 31
30 114
12 124
80 115
6 110
44 106
99 7
12 54
1 36
57 38
51 38
62 45
21 86
21 86
66 73
43 71
105 77
76 50
86 79
29 56
15 100
32 117
1 4
103 6
34 77
119 62
121 23
88 16
22 108
9 37
82 28
118 17
37 66
125 52
122 67
122 48
110 106
90 115
103 114
30 96
5 18
98 64
54 76
41 85
101 24
123 78
91 22
83 15
99 125
30 64
91 24
51 107
88 37
41 89
88 87
41 63
37 59
24 15
56 44
41 29
19 32
3 63
78 101
12 39
61 81
55 107
57 108
62 124
59 36
72 93
38 115
43 18
105 74
82 43
66 68
90 10
94 114
125 63
30 2
54 77
60 94
122 118
7 17
39 14
26 37
25 12
72 17
86 52
36 21
103 127
46 53
51 38
91 48
61 52
14 41
17 69
127 76
50 102
58 66
111 123
120 115
23 53
44 102
72 9
74 21
127 119
114 76
15 25
67 87
17 103
73 121
17 56
37 47
90 105
60 108
50 114
24 76
19 30
109 14
11 16
70 46
123 11
111 100
72 3
108 42
79 59
20 38
86 37
44 127
111 22
22 95
112 89
49 71
104 14
100 124
42 58
107 102
94 44
47 40
6 32
72 109
26 82
106 20
51 115
91 40
46 70
53 89
1 23
26 70
40 29
23 57
109 47
51 121
113 118
90 62
76 48
55 28
25 76
66 28
117 127
68 57
9 76
120 52
86 5
69 7
124 23
93 13
52 54
100 10
41 53
6 94
28 3
33 20
74 47
41 114
79 106
122 125
58 48
46 11
106 95
72 8
41 70
31 23
0 81
81 71
68 30
86 11
19 83
80 73
8 103
53 38
5 46
105 124
48 53
119 24
58 31
115 22
5 108
35 115
41 114
74 106
83 117
38 50
14 85
111 70
71 100
29 46
44 76
121 122
113 27
51 75
5 62
29 18
68 45
54 39
61 24
106 59
18 101
41 113
15 85
19 49
51 40
0 101
121 106
63 99
25 95
64 85
114 28
23 110
109 58
57 2
77 1
99 12
9 87
15 94
123 87
53 27
31 80
85 2
25 59
74 35
11 62
59 123
53 114
32 71
81 44
11 61
70 18
2 88
57 100
12 51
73 45
23 77
3 81
27 18
36 57
114 54
28 86
41 57
79 114
102 85
53 45
85 25
116 89
48 45
100 34
20 67
41 6
57 77
112 79
69 88
57 123
1 77
122 93
112 122
115 92
91 116
90 6
30 79
86 41
98 75
30 43
96 83
51 34
51 89
53 87
39 113
41 25
71 23
18 19
45 46
56 71
29 30
17 69
101 109
3 22
102 78
65 62
3 40
8 51
69 71
27 20
16 120
56 23
61 12
75 86
106 21
68 101
14 29
19 25
52 83
2 98
24 5
28 67
24 34
57 114
2 17
118 116
36 124
30 7
92 31
62 97
101 97
101 15
82 73
62 96
61 97
106 88
96 82
97 26
47 70
54 90
113 47
83 65
47 63
95 115
2 56
90 64
1 62
62 110
84 109
69 115
2 117
61 108
0 31
53 92
95 24
40 34
28 0
95 74
27 104
46 122
81 25
12 45
82 66
9 61
45 116
88 70
121 10
84 108
39 107
118 88
55 28
49 43
52 11
28 86
73 76
84 55
11 32
94 19
94 126
100 89
48 88
100 29
81 89
85 121
124 76
47 76
115 12
79 116
7 51
3 45
35 85
38 51
17 68
65 42
106 100
11 67
5 108
79 20
47 10
115 45
115 63
78 26
85 77
88 111
7 67
9 72
45 102
20 16
59 101
9 47
45 62
33 98
75 86
112 60
18 5
71 52
50 48
109 73
115 61
69 4
67 33
68 110
42 78
63 120
15 39
17 71
56 100
22 116
95 48
62 55
102 6
127 59
118 13
69 109
20 92
31 103
18 27
61 32
126 34
118 122
43 78
6 57
76 95
84 109
67 16
120 105
116 113
110 72
111 126
81 125
99 21
4 15
101 88
7 46
37 79
10 42
125 82
47 54
75 14
103 62
82 79
103 36
44 83
77 45
97 80
73 76
33 64
75 61
98 40
33 64
119 96
43 76
49 9
71 50
89 110
90 52
100 87
98 68
73 13
28 91
36 32
27 56
5 7
96 25
104 68
30 7
82 74
21 109
14 109
125 1
64 65
38 63
90 102
49 125
75 59
118 98
40 113
31 2
93 53
35 40
85 28
55 89
80 43
92 102
119 16
111 90
83 65
4 17
94 1
68 93
62 70
54 38
38 18
23 17
63 0
46 62
92 86
78 16
97 104
80 32
75 37
118 40
116 121
61 96
100 126
113 5
12 24
106 113
16 114
106 116
78 125
107 79
88 105
29 62
95 64
120 58
58 112
71 23
63 36
69 109
47 22
100 74
69 23
26 54
22 89
46 74
50 41
113 117
79 5
72 62
19 34
80 15
42 2
107 125
80 122
105 115
3 86
3 68
97 93
77 86
109 61
19 83
37 88
7 46
94 125
72 38
54 22
90 105
38 107
26 92
60 6
92 26
70 112
56 93
93 43
109 126
8 123
65 73
22 48
22 96
8 17
121 9
88 26
13 22
79 46
14 3
2 39
79 48
9 60
77 106
94 113
45 84
84 29
104 80
57 73
53 77
69 84
38 101
0 103
112 32
59 2
118 35
96 14
11 73
25 52
35 90
48 68
54 102
105 42
115 89
10 74
24 71
107 96
56 126
61 21
119 47
50 121
12 99
101 104
9 1
47 96
15 75
42 91
44 62
55 71
111 79
73 38
113 21
58 17
63 99
55 49
62 13
26 63
66 108
61 12
3 33
103 114
67 19
85 31
49 97
108 52
83 72
87 22
110 85
89 16
23 115
64 5
55 47
84 114
115 44
34 113
1 67
125 59
93 52
42 27
34 106
19 86
6 57
46 54
113 47
99 9
26 5
112 71
97 59
71 97
18 99
48 104
12 95
51 126
18 112
76 48
106 6
33 31
26 113
66 32
25 44
121 91
78 118
21 124
31 53
100 57
123 124
12 47
8 92
114 50
23 125
1 23
109 66
61 82
38 70
100 0
2 104
15 84
3 49
73 35
46 19
119 107
61 66
88 82
44 113
2 97
120 26
77 121
116 126
32 62
114 50
91 89
94 81
39 64
9 57
52 33
21 77
37 20
2 22
108 120
71 75
19 107
55 71
123 54
21 52
27 94
116 86
98 94
7 66
27 12
122 70
26 106
94 34
71 45
97 65
49 126
99 52
127 92
104 77
20 31
47 65
112 103
64 79
46 12
49 2
125 56
10 16
77 10
100 21
108 50
1 102
79 23
16 97
98 106
17 3
53 41
32 55
58 54
101 56
19 4
21 101
97 120
43 78
122 86
36 43
94 82
26 80
123 8
62 91
10 89
42 76
29 24
96 2
19 122
98 86
59 85
69 12
111 8
53 43
11 109
57 65
50 75
102 105
87 89
2 8
20 76
32 13
25 47
20 100
127 20
20 40
125 94
114 105
46 94
32 35
4 118
85 126
39 101
89 41
76 48
14 37
39 51
72 35
97 10
45 99
69 126
54 49
83 76
0 59
38 66
104 43
0 25
34 54
93 4
58 23
63 87
52 122
8 6
28 89
54 65
1 41
32 63
106 100
114 98
62 94
76 106
14 70
3 119
40 117
69 28
18 29
57 37
83 117
18 11
32 50
88 38
110 122
4 42
105 58
95 118
91 59
112 41
117 59
64 46
34 3
14 76
1 21
81 98
32 111
9 22
69 17
42 29
28 69
116 88
92 52
32 36
55 94
71 4
79 95
54 50
15 93
104 1
31 105
3 107
84 121
69 19
67 78
72 25
67 47
75 55
125 110
36 5
31 66
8 92
24 39
26 0
73 90
19 119
29 103
79 1
61 33
93 52
91 94
117 75
105 41
10 16
30 25
47 9
21 7
114 36
37 108
93 126
51 62
57 94
6 42
107 71
99 65
33 93
116 70
84 40
73 9
66 41
76 111
79 106
23 82
64 103
82 68
25 116
18 111
3 88
37 16
14 125
47 106
68 85
22 87
125 104
124 101
48 69
102 83
87 16
8 63
75 14
6 106
30 113
102 27
53 81
56 40
62 79
11 66
94 68
9 101
85 6
1 97
107 124
44 94
121 91
36 113
93 126
52 113
112 12
110 23
120 68
114 57
2 27
77 36
107 102
119 92
47 87
31 123
1 12
61 64
45 71
39 2
18 80
50 35
10 63
104 63
42 70
57 107
14 56
96 114
66 12
91 15
51 84
79 91
82 118
46 47
113 3
78 37
88 51
0 15
2 89
82 73
74 98
0 27
94 109
55 30
108 93
45 113
68 75
109 114
53 2
31 24
98 58
89 44
86 16
106 24
123 112
67 18
110 33
113 6
62 35
102 76
103 80
63 120
45 92
85 105
31 91
20 100
32 52
11 45
119 49
79 69
55 3
15 18
1 2
98 74
85 30
67 2
93 122
79 76
29 114
71 82
40 112
105 81
16 78
11 27
90 66
51 111
80 90
104 49
18 76
47 15
67 106
45 53
19 5
4 75
96 87
48 3
102 8
14 20
60 73
18 21
113 63
35 53
37 32
27 56
14 17
83 36
109 39
39 6
38 18
4 89
44 104
6 79
84 38
58 36
49 76
22 121
117 67
45 93
49 19
9 75
78 18
49 94
52 107
0 5
18 87
2 25
68 122
72 56
83 34
125 76
14 10
10 72
127 34
93 89
30 99
113 62
58 13
111 10
124 68
124 55
89 1
6 55
126 78
74 41
123 66
25 99
92 75
40 102
122 47
26 44
120 94
124 44
6 28
124 46
41 99
26 109
57 117
68 26
2 28
34 31
104 75
68 11
112 93
9 12
35 122
118 75
84 103
61 46
52 77
73 4
4 76
59 71
104 109
1 99
78 20
87 89
125 14
104 48
20 17
9 28
24 37
103 54
89 10
28 41
56 123
76 126
76 56
26 117
88 123
75 107
107 72
99 113
115 2
3 16
62 14
119 28
119 6
123 89
76 69
90 57
125 8
113 29
63 31
93 12
121 46
41 8
19 100
127 102
92 42
102 42
117 59
42 92
79 89
106 94
63 20
39 13
43 74
126 79
98 100
17 121
8 79
116 59
23 89
74 46
64 71
110 123
119 91
14 57
39 28
107 102
104 18
5 103
9 56
89 13
22 116
106 12
39 48
34 9
36 56
4 90
62 30
13 74
31 105
123 50
112 41
31 51
100 105
16 92
30 99
80 118
24 67
94 66
48 45
79 127
29 21
37 88
79 9
99 116
127 18
124 50
51 30
73 56
122 49
7 25
113 44
3 55
16 48
93 79
119 32
32 39
5 122
49 0
98 99
50 74
118 43
102 76
104 109
72 67
16 30
12 71
97 121
86 3
117 48
8 44
1 13
32 8
67 19
71 55
123 2
64 0
61 42
55 34
72 15
69 103
23 47
110 56
112 63
39 70
81 15
17 14
77 14
72 55
106 53
18 88
17 7
70 110
114 4
74 49
11 69
2 6
48 101
24 56
1 18
11 4
13 16
46 84
121 77
26 74
104 18
11 107
33 58
64 50
50 29
59 4
101 0
110 60
125 121
15 109
119 125
63 36
55 28
8 67
91 127
103 53
15 98
18 26
92 70
14 113
114 14
53 57
113 26
93 69
55 52
48 100
105 70
29 59
94 31
125 123
33 1
96 106
31 69
8 47
84 120
27 12
35 84
109 14
37 69
118 74
68 62
15 109
88 5
79 13
99 94
46 115
24 109
66 23
46 62
119 12
13 46
75 34
109 80
27 96
1 83
31 71
43 106
91 45
81 121
91 59
114 123
1 16
105 102
97 9
84 51
61 23
45 122
17 6
39 33
95 34
75 20
29 25
59 2
35 115
82 123
35 3
82 114
116 96
37 52
21 0
120 96
48 120
114 44
42 3
105 58
74 51
117 75
0 95
94 81
60 32
75 72
7 64
21 80
63 47
97 80
89 96
91 99
118 120
35 57
49 74
26 61
53 32
70 37
74 65
76 46
22 118
22 102
55 79
90 74
74 39
26 44
94 60
23 1
4 21
36 20
14 24
99 22
13 125
125 51
125 107
30 93
87 112
41 35
14 101
53 34
42 115
61 59
97 105
66 103
111 8
116 14
96 32
64 6
43 86
42 48
111 9
75 71
18 8
105 118
88 96
113 66
66 56
49 1
56 1
117 83
92 27
34 112
81 110
106 104
73 125
55 115
93 70
81 114
53 20
76 82
120 80
51 20
69 70
35 86
2 84
35 69
113 99
115 104
21 2
52 45
46 65
112 10
71 54
45 70
90 52
30 22
45 35
7 40
26 118
18 50
90 112
121 118
61 2
47 98
35 48
123 75
109 26
122 40
34 83
67 30
117 101
116 97
105 36
33 115
45 110
80 7
119 62
13 27
122 77
30 24
4 101
70 119
72 67
56 58
90 32
16 11
4 41
109 1
44 30
14 104
69 21
111 38
116 75
21 66
6 121
82 124
63 34
69 1
97 125
30 125
113 97
91 103
109 1
125 100
84 70
12 4
60 18
74 79
20 31
45 17
74 79
127 116
121 112
50 122
11 20
30 105
103 54
111 106
43 5
91 34
95 33
101 107
70 88
37 39
15 125
82 0
122 114
103 66
12 1
82 20
19 55
57 102
8 80
113 36
3 68
53 102
85 31
36 87
18 97
15 14
116 33
124 40
62 15
3 77
23 8
64 7
36 46
122 71
125 111
101 37
62 52
82 56
72 14
126 94
50 6
122 9
46 93
53 79
19 90
68 70
19 2
114 15
41 121
13 37
39 75
5 12
35 120
76 34
110 117
114 69
38 5
63 88
54 39
90 76
16 2
125 53
32 14
18 106
79 97
35 114
103 78
120 59
59 122
115 9
24 125
40 103
120 23
83 102
92 64
78 27
8 96
50 9
108 87
40 7
110 121
15 89
43 7
95 89
80 3
43 31
36 60
40 119
80 116
38 96
107 62
91 24
122 51
4 52
45 84
32 97
9 62
124 121
72 20
107 87
13 23
109 63
55 45
52 35
86 33
49 36
111 53
82 87
72 71
93 63
98 37
41 73
5 78
3 36
67 110
62 38
77 121
9 104
62 69
38 3
66 5
53 101
116 63
15 4
114 49
15 105
40 68
83 67
119 49
8 122
35 43
87 62
11 91
86 99
105 23
23 78
101 42
66 126
82 15
66 24
84 76
77 20
48 1
92 115
10 76
94 54
81 123
38 74
13 0
73 35
94 23
67 122
6 90
22 8
25 73
90 72
36 73
14 16
30 55
46 18
114 24
91 74
67 5
37 79
121 91
79 55
113 14
57 113
61 37
26 73
62 106
15 109
93 8
35 120
30 53
21 81
44 37
21 77
76 79
50 71
8 48
6 22
68 31
115 79
118 86
64 75
103 36
102 115
122 87
77 105
87 48
6 40
20 19
16 60
127 55
117 3
81 14
77 2
39 68
32 104
97 36
92 30
61 90
114 89
9 99
41 123
105 34
88 82
46 118
63 81
65 71
75 36
117 111
116 67
50 29
12 23
106 98
74 38
8 60
96 61
40 36
18 64
76 54
86 62
75 43
35 109
69 68
83 114
50 24
83 117
124 106
123 126
89 21
18 9
70 86
10 4
119 11
85 10
59 20
79 84
31 58
61 14
97 30
109 94
96 71
48 14
49 10
72 38
25 77
6 10
61 45
47 111
76 121
29 72
13 106
11 19
57 115
55 50
125 33
123 88
29 40
83 103
54 69
17 2
76 41
101 98
110 13
29 96
20 104
76 44
105 97
71 85
111 10
58 73
85 70
71 100
113 2
30 117
127 8
101 35
17 103
8 40
38 83
2 100
5 87
36 30
23 94
48 45
25 45
40 20
37 52
35 37
79 120
33 60
76 114
3 101
71 103
51 79
64 120
29 52
56 77
66 54
78 110
76 41
78 108
64 105
101 91
55 35
33 18
99 124
41 62
98 21
5 77
63 111
63 34
83 72
84 90
95 42
125 77
2 122
113 44
12 121
49 125
31 47
35 88
11 73
41 30
53 116
49 63
32 85
99 37
12 39
3 104
85 96
108 19
65 55
2 118
57 74
119 95
58 54
53 91
7 108
120 97
114 65
103 69
66 20
64 53
76 75
8 123
115 76
76 74
54 76
35 17
55 78
54 71
103 27
62 84
81 64
116 73
80 114
21 121
94 35
116 23
65 75
77 28
93 7
63 74
42 67
125 104
94 16
101 30
53 112
88 0
105 102
56 106
69 58
44 116
3 125
1 55
74 65
63 68
22 29
122 90
52 110
102 64
58 111
14 17
69 28
43 34
96 62
120 29
17 63
16 46
81 22
44 77
110 28
123 104
40 98
5 26
32 7
23 64
46 124
72 122
82 3
51 54
32 21
124 23
97 56
88 32
112 90
1 62
87 98
60 75
78 118
22 78
96 2
92 112
44 16
2 8
61 36
82 88
94 119
66 62
8 47
19 53
30 68
93 55
105 38
103 116
56 54
95 126
41 29
64 124
97 30
93 31
16 34
41 63
9 5
48 2
14 57
115 52
77 111
102 37
121 35
61 105
58 126
54 123
96 55
76 22
62 7
105 25
26 81
112 36
73 117
64 33
86 28
57 5
24 31
11 66
8 101
114 86
1 99
45 110
10 111
7 1
