11 91
23 71
86 107
94 21
117 74
16 92
100 19
63 11
105 93
59 18
58 13
38 6
81 102
48 56
13 24
58 100
93 98
110 93
14 61
38 122
30 84
41 116
18 2
72 41
45 93
9 95
110 55
42 77
53 71
98 5
101 37
117 27
123 10
8 3
40 125
65 101
104 53
7 73
43 3
119 18
113 119
33 105
98 96
67 125
122 71
39 45
47 78
80 98
103 112
34 106
95 72
100 110
3 17
110 58
62 19
2 74
106 11
70 113
53 86
46 14
43 61
50 81
94 61
123 91
72 77
57 36
73 82
119 112
69 26
97 55
80 110
76 105
59 64
44 80
26 104
121 25
49 79
118 32
104 48
126 67
42 50
44 121
40 42
63 2
121 36
39 24
88 43
42 114
1 124
116 104
71 68
38 56
46 29
115 22
0 97
22 59
111 47
56 16
0 65
30 104
119 59
19 55
101 73
94 81
44 92
2 61
71 114
75 55
76 111
43 110
69 91
103 38
10 9
2 37
15 37
31 89
76 63
91 113
126 8
45 48
35 22
73 95
25 36
34 97
86 3
110 73
93 116
80 97
96 119
36 51
126 40
52 109
11 25
121 41
84 40
23 40
43 104
122 85
23 35
111 74
90 29
107 26
67 9
72 2
34 97
31 36
114 26
62 55
36 30
84 13
14 101
50 46
110 80
100 113
104 74
106 25
113 73
3 19
91 14
2 75
49 103
76 16
50 126
46 104
5 73
66 67
93 123
65 54
17 58
99 111
97 109
114 64
0 10
73 25
7 96
101 48
126 79
37 125
115 98
101 24
89 42
82 91
12 34
88 14
33 7
2 44
52 61
21 105
28 91
89 37
24 109
49 73
92 105
84 5
1 119
78 120
119 75
100 82
108 110
90 42
12 11
58 59
47 101
30 51
66 91
14 119
81 5
86 116
26 52
49 77
90 64
75 71
115 27
32 0
78 83
54 73
68 103
52 48
59 26
20 53
8 24
35 34
119 90
2 28
42 52
13 28
15 75
72 85
47 10
61 66
10 108
53 120
74 114
111 9
46 23
47 112
40 4
121 122
0 60
52 32
69 22
72 80
34 16
11 37
2 19
73 15
31 104
87 121
81 39
85 67
108 96
56 24
61 121
12 30
45 21
85 116
25 85
101 117
39 19
10 46
15 31
29 71
125 123
17 117
61 76
111 98
18 42
73 24
72 114
9 12
80 51
21 80
72 36
116 29
43 106
83 95
67 77
109 118
55 74
99 105
103 90
77 85
41 126
74 27
23 33
25 106
119 34
106 110
5 119
108 21
33 91
92 58
47 93
67 59
85 120
100 16
6 77
73 88
112 62
89 22
9 91
55 67
120 40
74 1
67 75
108 106
59 52
55 92
39 34
119 74
122 64
115 33
31 17
92 102
19 8
74 125
7 70
11 126
93 100
93 104
99 29
4 19
36 96
126 122
89 18
87 44
79 36
122 59
33 70
27 18
13 116
122 30
86 27
44 86
93 26
95 35
23 101
119 114
64 113
103 58
33 119
24 66
50 30
22 41
53 15
35 95
105 35
79 8
50 63
83 47
102 100
34 110
23 106
31 6
77 73
23 45
61 64
75 112
80 58
120 12
55 113
52 99
125 105
117 61
15 93
100 51
107 52
110 10
5 43
31 90
87 2
37 2
55 19
16 64
63 60
5 24
45 20
46 23
107 42
11 103
112 1
96 113
46 62
66 89
2 40
100 101
75 126
8 60
12 102
82 81
61 60
122 39
3 119
96 2
5 112
74 41
39 24
75 24
120 10
90 50
14 5
113 96
99 53
29 94
35 19
95 80
66 114
57 107
99 109
122 46
21 44
96 101
56 105
47 52
45 109
116 15
109 31
115 8
65 93
91 46
80 108
125 103
61 94
45 116
12 120
75 5
99 113
4 94
108 109
18 3
21 19
0 78
88 112
84 64
115 114
112 48
50 98
63 30
122 50
119 84
73 8
46 86
9 108
117 112
33 94
63 54
67 26
34 67
47 96
63 49
24 30
70 34
106 37
90 26
26 108
71 76
55 75
82 23
74 98
54 39
37 100
54 70
92 48
100 42
109 32
18 9
33 1
100 25
68 20
83 57
78 13
112 126
88 113
14 56
78 103
83 48
87 92
122 92
3 15
93 69
35 12
20 114
98 108
101 35
50 12
56 78
71 77
84 23
70 43
19 48
44 0
48 74
40 100
31 100
115 37
55 48
48 112
14 39
25 96
127 117
87 55
115 49
101 58
77 108
106 84
75 55
0 5
31 72
113 21
106 56
50 3
80 111
77 78
5 79
68 92
22 104
106 15
0 119
18 23
12 94
111 69
6 22
98 125
107 76
106 55
125 97
112 31
37 42
32 110
63 40
50 123
11 20
109 4
78 42
41 113
123 26
83 25
31 40
67 16
109 93
102 43
0 17
52 20
73 74
126 120
111 105
111 28
93 75
76 31
89 22
17 73
127 87
94 91
90 39
14 19
70 59
36 5
110 15
75 83
116 15
43 52
77 109
126 120
103 75
109 75
68 6
45 101
74 62
55 25
50 49
84 114
67 76
24 95
47 89
51 82
124 125
122 68
116 86
95 111
10 109
101 17
45 109
8 75
12 96
106 69
13 120
76 31
100 40
57 24
124 32
61 54
101 9
77 111
61 48
53 32
100 74
30 82
2 38
50 122
79 112
41 49
7 54
34 80
44 119
73 55
37 54
126 6
34 75
8 56
27 107
120 71
57 56
22 109
76 120
62 29
118 19
4 92
65 73
64 94
25 38
22 63
84 110
15 32
72 3
85 97
95 99
6 85
11 71
33 52
90 125
86 43
46 122
110 104
119 56
74 126
71 92
73 105
91 125
31 59
84 126
27 75
117 66
7 60
67 37
27 94
13 74
115 82
17 83
71 73
81 34
121 110
77 89
1 60
42 27
119 84
11 38
101 74
43 89
51 84
39 12
10 111
75 15
42 14
96 29
118 45
13 27
47 48
97 73
16 80
37 24
101 84
3 96
112 3
39 74
100 123
86 98
52 38
106 109
68 34
60 93
47 70
48 28
62 105
101 93
1 81
57 126
65 34
87 75
86 109
43 60
59 34
12 122
102 113
74 67
61 91
118 28
22 39
110 111
30 47
12 74
114 89
8 99
53 11
22 105
33 64
109 5
88 56
117 48
108 121
82 92
33 48
49 78
35 110
99 33
126 119
46 79
3 48
103 94
35 94
31 8
30 14
14 125
53 60
67 97
105 61
51 74
47 75
80 12
7 55
19 6
84 116
30 120
5 72
64 82
113 76
51 61
60 44
84 55
114 87
83 121
18 86
73 60
127 5
24 85
24 64
113 117
19 97
16 32
95 16
83 16
123 32
99 21
68 37
73 68
87 121
57 23
100 51
50 105
113 61
77 27
40 123
108 123
14 99
33 106
18 110
109 1
102 81
86 74
50 36
17 26
95 33
117 66
6 88
61 124
51 10
98 8
84 94
15 113
17 83
44 72
81 108
113 4
58 82
86 39
23 100
51 25
18 16
41 43
84 74
38 64
53 9
42 28
119 121
42 83
43 33
80 37
70 62
18 51
72 92
53 58
17 101
28 106
17 21
54 78
81 28
65 35
119 107
98 48
119 55
26 54
2 82
26 83
120 70
68 59
43 70
111 9
110 122
115 74
72 12
60 72
58 108
100 12
97 118
64 76
49 26
33 73
37 78
21 50
49 82
30 99
34 72
33 37
86 93
76 119
116 93
37 115
76 51
81 14
99 41
57 24
3 34
10 25
54 125
44 58
12 105
75 58
61 103
53 118
30 97
65 11
115 37
54 60
0 89
42 25
102 60
18 123
12 119
93 10
88 50
62 127
43 99
3 90
46 69
88 120
103 113
21 103
58 23
12 57
48 29
73 111
99 37
104 46
101 100
92 102
50 78
12 116
22 85
20 76
79 17
114 98
14 72
55 69
118 4
119 37
38 81
53 19
47 9
68 114
108 71
51 46
85 92
109 96
13 127
73 30
49 3
92 125
50 11
11 48
58 79
9 47
117 2
112 42
99 114
103 120
14 18
49 80
70 17
22 74
100 4
18 92
76 28
66 25
31 85
116 29
90 109
92 83
59 106
82 89
88 72
25 127
80 30
10 66
2 7
76 92
101 125
36 15
11 90
30 29
19 104
124 91
87 65
15 67
101 78
105 49
32 95
33 68
47 65
82 104
27 65
12 39
81 25
100 93
7 58
20 15
22 39
12 28
98 33
110 119
35 38
14 64
90 108
98 123
32 40
42 31
108 116
76 13
44 41
31 68
64 24
52 10
49 14
51 112
54 91
68 37
119 96
53 94
69 122
14 22
59 79
119 91
69 44
68 105
37 103
125 90
89 48
24 28
19 68
66 65
45 71
123 5
94 13
99 37
119 16
109 66
80 51
89 117
67 24
20 23
25 17
108 61
126 38
9 36
92 116
96 10
65 84
85 48
86 23
108 11
117 36
15 99
43 42
35 69
42 79
80 34
11 58
93 50
5 10
10 32
77 87
59 127
90 31
92 19
85 68
114 97
30 45
26 120
64 52
66 90
10 113
38 94
51 82
33 98
78 72
81 98
18 48
103 98
57 120
52 114
77 69
61 35
52 69
27 28
95 30
103 105
82 110
53 27
108 51
47 98
64 41
60 58
64 68
17 78
93 112
57 65
7 121
67 7
29 53
76 85
28 25
126 40
32 56
55 105
11 118
80 64
67 113
50 118
46 43
32 44
97 111
20 11
4 71
38 79
72 12
30 116
36 68
42 67
115 32
27 15
110 74
126 125
39 18
22 78
116 114
89 97
86 47
27 121
63 43
9 112
75 26
102 56
100 26
58 76
35 39
123 87
97 62
62 7
83 126
45 90
117 56
107 73
61 78
81 45
47 110
5 84
4 115
93 4
84 83
11 49
10 59
87 103
28 38
58 77
55 64
11 73
39 79
42 4
52 119
4 7
21 63
118 95
36 81
60 15
124 40
88 23
31 52
33 107
89 71
40 98
25 30
33 65
8 42
45 99
94 112
12 14
124 4
66 1
84 2
52 30
80 111
60 93
46 29
116 38
41 84
90 98
2 108
29 95
15 38
105 19
110 98
7 41
104 49
2 14
88 95
34 23
77 59
112 84
7 100
82 1
121 24
123 90
23 17
125 62
45 53
57 49
39 67
120 92
5 97
33 92
125 98
62 125
7 2
15 98
56 34
86 38
71 115
75 72
21 101
43 94
73 103
82 102
19 37
50 77
52 54
116 71
60 112
15 33
115 118
51 83
65 68
59 25
98 76
3 45
41 11
93 117
3 86
15 10
60 56
97 0
46 27
118 27
55 117
103 25
43 53
27 9
57 37
71 112
62 16
109 25
1 67
112 42
3 71
102 110
54 27
36 68
30 45
43 11
81 89
10 62
2 96
17 66
14 106
103 95
15 59
126 107
110 126
86 10
53 109
13 6
122 73
115 82
112 85
88 30
21 22
62 117
68 44
12 22
90 124
34 65
2 66
65 95
49 105
3 53
80 62
62 63
50 102
75 86
81 96
86 59
111 98
124 11
14 75
4 118
50 67
41 90
68 52
80 35
91 53
45 16
89 74
53 60
13 14
23 45
108 24
60 115
25 91
8 121
29 71
120 38
28 125
81 49
84 44
40 61
33 48
111 76
28 48
89 72
116 6
108 0
61 23
71 53
125 60
122 98
16 6
60 14
50 98
44 60
2 25
25 87
25 41
83 40
90 85
97 81
92 120
117 38
78 126
67 70
123 44
38 8
49 44
28 107
125 69
88 34
9 118
46 14
20 57
97 58
108 64
69 6
10 118
82 57
68 26
2 38
105 89
73 48
86 102
78 110
54 98
116 86
61 93
55 110
14 111
66 64
40 22
116 62
20 5
80 27
74 30
60 26
89 22
0 27
84 55
107 105
86 119
43 89
98 10
116 33
34 67
60 77
47 78
14 124
24 74
94 35
121 125
126 3
30 78
8 20
34 121
39 75
11 19
116 114
120 105
20 1
18 9
83 117
54 19
49 37
70 90
79 126
108 127
60 38
16 29
103 6
123 4
24 0
54 70
119 107
120 38
90 72
56 28
22 26
73 52
59 88
48 42
118 11
69 119
57 11
82 114
108 29
96 16
113 114
97 59
119 19
64 111
95 71
41 65
61 98
120 28
103 111
61 98
67 88
70 102
25 45
14 69
49 106
3 117
86 124
72 24
97 56
46 82
14 28
39 33
28 83
95 78
104 47
2 74
67 62
10 113
127 12
117 88
19 33
35 122
78 113
57 37
22 46
67 89
25 118
8 85
69 86
68 71
49 113
42 107
22 100
91 69
34 27
85 123
117 113
112 115
74 94
28 25
40 72
112 61
106 8
110 46
39 62
86 95
12 40
40 107
28 116
81 24
125 106
77 57
71 41
33 18
42 113
3 69
7 26
83 111
103 115
116 102
12 107
1 126
75 32
1 98
37 105
112 126
34 70
48 72
35 112
104 61
6 110
3 10
87 90
60 5
81 14
59 21
90 53
52 126
114 45
5 77
124 61
7 63
67 118
64 90
40 92
82 33
13 32
43 100
35 90
72 83
105 29
69 31
121 105
117 105
86 64
126 112
60 13
122 10
79 24
22 8
12 74
30 104
126 17
56 33
21 56
2 14
47 110
97 66
54 117
120 66
90 9
25 36
88 38
0 120
113 41
94 100
17 21
29 100
24 115
0 1
60 59
112 45
67 90
121 42
0 9
5 47
5 123
93 92
38 105
6 51
82 5
76 29
100 16
37 94
100 53
121 105
40 48
52 43
28 33
15 21
5 90
112 42
19 53
34 15
18 30
75 104
125 76
86 65
121 11
39 14
15 104
16 29
78 57
9 69
122 109
8 91
124 29
91 39
99 1
86 104
39 109
58 81
70 107
104 38
117 100
19 11
40 113
34 99
9 90
39 43
12 39
96 34
87 75
50 23
112 79
27 13
73 11
9 116
115 96
82 80
36 90
64 36
38 109
84 54
23 30
102 54
20 34
74 6
122 112
28 88
98 115
80 61
26 112
54 32
45 114
86 28
16 84
54 29
88 113
42 56
15 77
83 65
52 95
79 6
78 67
90 8
60 36
108 114
35 7
100 16
29 46
109 37
117 32
9 31
125 123
62 126
76 8
20 70
37 46
68 50
124 80
91 3
105 25
43 102
13 39
15 70
70 4
89 114
49 120
100 12
83 86
29 72
84 96
77 119
104 26
109 70
92 81
38 121
89 96
16 82
71 88
12 48
55 51
100 64
125 27
11 100
71 24
12 47
50 95
23 26
44 127
1 50
67 45
13 47
113 5
49 87
45 84
74 78
11 4
90 24
47 65
94 89
10 46
66 27
108 27
127 23
64 46
55 124
115 114
12 33
49 112
17 69
6 107
117 118
67 25
20 82
47 11
62 116
62 12
32 33
109 39
98 111
1 81
68 3
25 104
44 13
80 21
101 47
26 27
37 16
75 21
14 36
66 3
6 112
71 72
111 41
82 74
95 101
113 122
43 102
104 43
50 36
34 117
71 14
28 67
124 94
19 42
17 85
9 93
9 49
68 58
79 123
93 63
3 90
67 19
101 10
14 83
32 76
120 113
85 50
92 42
25 90
77 82
124 80
36 48
10 23
4 103
22 38
118 38
75 85
47 3
22 104
72 92
105 58
116 97
49 53
114 126
46 30
27 101
36 12
83 27
88 45
6 78
45 112
15 51
62 65
21 71
34 70
1 11
118 99
61 103
75 103
57 10
11 8
17 82
1 16
2 127
102 87
117 6
94 61
55 8
54 94
116 41
68 24
117 7
36 70
43 105
123 87
14 31
118 87
84 116
25 45
36 112
49 86
108 117
29 3
121 114
80 33
84 15
6 114
12 22
93 59
59 124
77 58
89 38
27 37
51 115
79 119
3 114
12 116
42 29
125 59
9 93
56 1
21 4
100 116
53 94
115 57
21 8
110 27
32 112
54 41
67 60
84 123
109 101
124 21
107 95
3 61
110 86
76 17
28 26
82 90
69 78
5 15
59 76
19 121
14 112
25 45
104 113
71 94
31 74
79 124
111 58
35 28
105 14
126 114
41 20
83 41
120 102
45 15
63 86
123 118
69 44
15 84
85 73
17 104
96 75
50 3
21 54
28 119
67 62
0 54
93 48
25 64
85 108
125 57
10 66
90 71
52 83
25 99
84 34
34 24
50 75
1 27
55 107
88 111
62 32
84 86
37 104
121 74
54 26
37 57
97 1
101 9
7 108
3 90
17 38
115 3
14 120
106 93
73 83
100 80
95 36
67 4
111 73
85 15
14 44
9 118
88 68
120 32
42 124
8 126
92 46
94 16
13 48
15 76
113 24
54 111
101 61
67 35
26 89
70 81
11 91
92 110
36 51
18 27
27 105
81 21
27 60
11 61
71 124
122 90
122 99
27 87
103 69
88 1
11 3
17 62
16 109
15 75
89 79
41 85
3 42
10 17
110 19
90 77
61 70
14 87
22 61
16 3
42 86
36 121
41 115
1 80
91 9
87 26
113 109
106 91
39 121
115 76
95 30
96 94
101 31
92 51
68 106
94 112
103 76
39 100
31 64
109 47
107 32
110 30
78 2
29 105
33 101
74 53
6 76
38 37
7 63
103 0
99 71
120 21
53 5
18 105
96 90
62 70
9 77
7 67
87 71
96 7
83 76
117 23
14 2
14 107
84 55
20 53
23 20
111 66
120 122
33 10
2 27
107 48
106 44
59 97
21 37
86 13
48 65
45 30
10 126
69 56
11 85
87 11
75 49
68 1
115 50
12 39
107 93
127 96
15 106
50 103
38 10
93 26
40 14
33 10
58 20
98 119
83 126
102 17
124 58
24 89
103 19
22 41
95 118
124 51
32 84
26 89
39 122
13 117
9 84
109 24
54 53
8 90
106 60
40 52
109 54
34 57
96 115
117 22
44 111
112 2
39 109
56 91
45 113
114 83
105 44
83 52
57 21
113 10
30 58
70 84
53 111
87 52
122 124
85 52
46 63
70 30
64 94
98 94
11 39
98 6
36 60
16 74
49 54
79 113
103 34
94 81
83 13
104 121
20 64
90 73
107 123
10 118
74 85
77 85
119 113
117 44
63 89
96 60
71 38
79 124
119 5
30 110
49 19
85 31
111 53
37 69
78 52
76 100
109 108
96 107
7 86
40 31
43 66
100 126
22 60
82 106
59 67
103 116
107 94
59 107
31 87
76 65
60 12
99 55
115 70
88 58
8 4
110 38
123 48
109 81
101 39
96 98
38 87
96 64
102 96
65 16
68 57
38 60
31 105
109 8
67 70
35 76
46 76
78 55
113 93
105 2
61 76
65 84
120 45
51 94
75 55
20 68
66 39
58 37
38 40
99 105
108 67
57 113
19 73
59 63
90 124
106 95
30 68
40 83
79 126
70 57
72 13
67 113
116 11
96 41
53 79
56 6
117 38
81 46
79 50
6 22
49 83
103 4
76 21
70 33
69 103
117 41
74 36
38 92
35 86
115 74
22 28
7 1
119 116
18 60
82 50
125 19
52 45
95 24
62 87
83 64
43 73
13 114
22 73
121 86
66 122
26 75
77 7
51 55
120 104
74 17
105 118
111 78
41 44
96 106
9 14
5 10
32 64
36 99
74 39
86 14
96 74
37 24
28 84
32 60
108 92
125 116
75 115
17 6
5 77
35 103
15 87
38 99
56 99
83 76
33 81
76 46
51 48
56 43
63 32
88 40
30 86
48 36
110 67
88 13
76 29
114 53
99 3
21 51
119 26
37 35
62 85
11 72
27 99
27 84
55 121
121 74
3 93
92 11
81 2
102 22
17 70
69 37
118 28
34 13
105 16
69 60
5 39
46 94
49 63
123 91
72 45
123 101
44 79
23 4
59 34
106 115
50 91
123 56
60 107
40 120
12 65
114 28
104 34
74 57
83 49
8 44
126 104
93 25
79 65
118 42
85 92
110 68
4 48
15 26
75 106
51 13
24 4
92 62
21 38
51 112
20 76
42 125
9 99
82 94
24 5
43 37
84 104
15 49
59 18
93 13
125 22
117 125
117 18
16 18
6 40
77 1
85 90
106 72
33 11
20 106
102 108
31 53
81 71
102 113
113 4
18 23
119 39
89 107
49 95
99 30
92 39
5 66
87 61
52 66
82 57
65 15
96 38
39 50
61 35
4 10
81 117
115 12
112 26
48 111
6 118
56 17
56 70
14 106
101 97
120 18
13 41
51 58
86 46
34 105
6 49
26 17
116 40
25 23
39 44
21 105
82 22
117 55
39 113
77 74
11 4
40 110
89 5
94 23
66 9
42 125
64 114
56 112
38 91
61 13
4 14
115 29
72 100
93 97
6 67
86 92
109 86
65 31
22 43
25 87
6 60
125 71
17 37
39 69
54 26
106 103
15 14
102 28
37 20
111 57
100 68
100 18
107 85
121 15
107 27
110 57
59 83
28 77
99 36
97 68
34 0
104 9
119 20
89 93
100 46
97 60
38 64
8 126
29 6
17 118
31 77
52 20
47 108
122 59
111 69
54 22
39 100
114 67
67 111
91 68
4 39
55 1
11 13
103 20
63 96
83 104
100 72
11 43
106 85
36 30
54 69
77 116
80 117
115 6
39 119
43 63
96 90
57 81
86 65
24 121
48 123
79 6
32 11
82 79
110 115
57 92
61 7
31 109
31 91
32 126
43 111
74 82
123 116
85 89
62 32
46 110
14 59
121 99
73 58
42 36
4 104
78 43
122 85
41 3
116 64
67 68
82 113
42 2
82 55
4 70
106 105
98 67
93 11
7 41
35 16
100 104
70 7
31 95
58 13
41 12
59 9
73 43
9 22
76 66
5 90
74 38
106 33
61 20
102 72
126 63
20 116
7 108
19 119
92 120
68 79
30 88
45 30
80 4
120 30
48 120
24 44
82 86
105 119
56 70
23 95
60 23
10 6
11 4
80 52
116 54
1 63
87 113
18 15
114 59
80 14
25 80
52 35
89 17
122 38
75 70
27 9
109 76
15 3
119 12
33 115
126 24
45 9
45 110
23 62
87 27
25 72
18 58
70 78
24 97
89 125
69 124
117 104
46 56
99 45
33 79
43 116
78 103
117 27
110 84
85 102
109 90
19 32
34 60
115 79
32 4
26 20
68 90
111 37
79 59
28 78
21 32
91 49
57 114
113 34
60 19
86 115
79 29
127 4
76 1
61 42
69 19
70 0
52 83
36 47
95 119
121 119
98 15
66 99
3 120
61 51
69 77
25 98
2 34
38 80
22 54
35 82
31 97
7 48
13 2
107 20
45 9
86 79
19 100
12 74
13 86
7 0
35 106
36 19
10 122
27 9
80 109
23 20
102 98
33 44
87 18
4 26
62 51
109 81
50 60
117 98
56 38
112 36
12 100
43 64
84 18
118 88
28 59
105 47
118 97
85 93
27 72
41 40
113 75
120 11
105 48
44 68
39 29
26 46
40 89
40 60
110 82
114 57
31 66
34 44
118 43
26 40
75 106
22 120
75 101
123 94
12 113
55 120
87 91
111 5
42 123
23 77
100 39
18 28
88 87
90 80
86 77
84 116
73 31
11 114
89 20
104 111
32 123
13 125
92 10
16 3
52 98
64 4
6 38
49 13
105 124
98 71
9 64
21 89
114 70
59 12
95 65
106 60
57 16
15 79
107 43
59 75
76 1
46 121
15 51
76 100
23 84
23 87
65 85
30 117
116 86
88 106
58 78
104 48
6 92
92 39
60 3
61 125
25 41
102 69
51 81
114 4
74 110
94 11
73 47
23 116
62 9
16 38
39 116
56 98
56 39
67 6
33 12
98 67
126 1
39 127
76 5
106 79
78 75
55 17
64 31
95 78
113 7
25 27
0 14
0 105
68 18
53 74
122 37
90 9
89 97
23 42
6 9
97 35
22 78
85 72
37 36
82 80
24 6
65 59
64 2
42 29
106 19
110 108
103 31
10 32
36 105
47 2
72 9
51 23
10 112
13 115
53 49
40 55
15 117
44 83
107 17
93 126
126 123
57 88
101 20
27 110
69 56
25 62
67 54
85 105
39 64
111 71
50 38
124 55
15 63
103 7
65 60
61 31
123 85
19 121
41 11
29 65
79 83
16 71
3 6
11 45
55 81
87 105
81 8
60 67
10 110
93 73
49 44
44 62
96 90
94 72
84 26
53 108
48 115
7 17
33 63
48 43
114 125
57 63
75 105
70 102
13 5
120 19
19 107
68 120
11 42
47 25
13 66
63 27
106 35
62 11
86 57
100 39
105 31
47 125
14 97
37 105
68 78
10 63
99 89
66 94
28 52
103 73
65 110
91 72
66 98
14 110
2 114
90 92
60 91
64 14
76 108
19 77
50 109
122 96
46 80
43 81
4 48
125 33
86 97
100 36
124 51
69 115
52 102
2 59
87 72
107 20
36 69
34 85
95 4
51 113
116 7
16 4
13 123
112 22
78 63
62 16
42 33
124 28
18 27
125 89
45 63
62 117
50 83
126 91
31 4
4 94
108 46
118 114
69 106
80 59
53 126
59 105
118 51
50 122
102 35
88 117
4 69
12 50
86 78
42 20
27 14
81 113
105 14
108 47
14 20
38 99
3 102
42 117
63 67
95 125
115 2
50 81
75 101
117 25
125 39
61 91
118 40
18 5
60 119
80 118
60 52
56 63
1 22
119 7
96 30
28 54
45 116
21 63
84 39
26 28
43 108
64 113
34 117
56 31
26 42
36 53
24 71
68 45
99 101
59 77
28 126
45 60
32 42
38 11
56 7
119 117
111 39
117 24
34 110
62 83
123 8
117 67
122 73
97 93
87 15
50 7
38 24
80 5
9 44
46 6
88 92
90 57
86 93
88 96
71 23
72 62
125 93
11 32
127 12
109 87
126 90
124 26
6 14
120 56
41 77
7 80
41 117
104 11
108 57
72 57
31 95
39 106
20 10
37 4
105 2
113 10
117 67
62 17
96 22
44 89
36 10
16 107
121 92
83 38
67 47
108 17
92 127
52 83
87 119
17 85
31 57
39 84
45 60
116 53
2 48
30 93
74 22
26 69
75 124
57 116
71 49
11 83
58 12
126 47
49 114
90 0
66 20
80 110
16 65
5 95
12 65
104 85
126 123
63 94
120 33
99 18
78 108
27 55
104 91
116 25
50 36
84 97
35 79
69 96
38 37
9 11
123 17
78 67
63 66
94 113
35 10
14 111
53 99
117 111
118 53
89 115
109 21
32 4
113 97
60 97
113 44
17 86
105 9
87 10
98 17
27 21
105 116
19 104
95 28
78 6
20 116
23 22
112 76
110 42
51 90
60 23
82 63
95 2
121 84
116 76
26 6
58 104
115 11
23 44
67 87
69 77
52 124
121 54
111 112
105 62
5 75
82 68
121 52
114 102
20 28
98 100
67 61
96 119
118 60
84 79
