170 17
107 59
19 183
46 214
9 119
166 176
157 58
132 107
103 247
67 129
87 39
44 171
196 139
75 48
78 71
87 13
13 4
213 184
65 40
107 208
172 118
126 187
87 240
92 48
42 164
77 110
138 237
207 49
150 95
159 117
119 160
214 129
246 76
126 84
38 117
118 126
179 158
104 78
7 112
32 63
29 239
194 89
92 129
109 16
246 56
217 159
6 74
9 232
44 19
207 75
176 94
83 51
161 207
58 203
85 206
70 114
185 52
244 109
10 44
233 82
149 82
100 226
33 107
78 188
93 174
212 170
212 50
235 26
62 247
249 121
7 186
113 192
164 52
82 172
129 112
86 200
98 74
168 76
202 46
236 234
146 37
248 31
166 131
242 216
102 138
55 71
26 76
164 49
109 24
94 212
174 2
178 28
216 161
19 139
161 47
159 143
181 234
154 72
151 135
113 212
65 232
84 203
239 224
57 174
190 141
194 29
67 224
26 165
202 95
80 2
236 179
247 242
12 32
230 109
108 24
48 100
94 248
71 51
176 138
52 23
42 167
169 47
128 86
127 76
55 240
87 30
132 204
218 29
120 56
191 46
232 194
201 115
105 248
246 177
238 89
93 80
88 67
211 179
109 188
151 110
246 222
35 22
120 93
130 194
207 20
191 169
160 199
66 244
77 36
193 195
25 142
184 190
50 13
130 247
58 244
91 183
233 32
215 188
42 49
66 158
86 15
229 157
50 56
156 16
109 152
166 60
222 148
95 2
0 83
2 7
0 162
213 53
59 39
18 234
248 16
139 39
2 175
142 93
8 151
194 25
195 61
149 88
185 146
134 227
52 193
79 31
91 98
140 147
60 12
84 155
118 17
13 38
203 2
150 214
132 64
79 58
246 231
85 215
216 41
143 226
9 198
81 48
226 218
15 174
71 152
141 91
27 24
3 50
244 171
153 16
158 77
11 45
147 209
41 132
215 18
3 155
148 44
64 137
213 161
108 27
223 214
75 175
5 216
167 121
93 76
220 194
94 161
86 214
160 210
128 20
5 33
196 18
173 15
241 91
53 103
3 9
30 59
215 145
171 247
54 75
220 107
218 100
219 141
211 110
42 10
198 24
156 14
58 67
201 159
224 128
47 40
102 163
33 152
119 13
120 207
229 89
36 82
144 133
212 70
135 242
51 40
211 56
44 87
42 80
200 13
85 61
142 151
57 200
159 98
211 136
5 68
126 162
133 150
121 191
3 67
107 68
107 246
98 18
31 67
87 163
33 147
215 169
171 182
85 145
151 147
225 41
198 116
145 44
80 200
85 113
216 193
238 38
103 79
169 216
122 245
65 93
119 117
150 160
215 216
82 166
164 40
216 46
219 177
48 55
110 228
171 240
5 94
206 93
6 20
239 62
66 128
124 244
203 201
138 207
107 136
17 230
61 241
97 65
234 125
81 237
244 133
53 154
127 245
58 13
129 108
161 194
146 89
93 43
223 118
241 22
0 142
2 191
142 149
59 200
158 15
175 111
213 92
228 222
30 191
32 202
140 197
248 17
31 92
73 190
31 162
70 115
48 60
191 116
234 192
161 239
245 148
208 28
28 131
177 84
242 151
227 163
90 73
169 17
248 100
171 33
234 242
110 48
7 123
14 143
203 240
144 4
36 13
174 237
35 148
175 56
152 238
118 230
243 242
130 83
203 193
17 228
21 214
162 144
8 200
170 86
238 192
201 116
161 36
200 110
69 83
144 247
3 206
139 106
91 168
157 174
90 3
100 199
121 38
110 83
112 65
75 222
88 21
146 84
191 157
234 7
103 157
124 209
222 111
2 195
54 83
194 225
12 58
172 201
17 87
183 237
69 210
7 163
79 151
57 175
135 20
166 101
25 140
46 90
217 174
240 194
63 127
10 18
62 137
209 18
203 196
79 53
100 22
151 239
9 142
34 197
94 229
229 0
231 140
123 220
197 75
209 179
193 80
32 224
67 160
63 2
177 111
116 65
96 165
6 85
186 55
94 137
112 113
166 11
148 200
182 131
15 117
66 84
208 158
82 232
182 105
178 196
81 169
111 220
19 122
117 58
160 76
114 224
58 137
222 234
114 92
75 189
30 217
158 58
64 227
98 37
65 119
121 60
12 191
95 234
244 43
79 124
55 206
139 130
162 115
58 155
180 125
27 238
109 37
155 95
171 136
82 75
43 129
175 190
215 50
56 147
193 172
96 65
186 55
227 141
114 167
108 72
67 99
210 189
97 60
150 171
228 189
46 212
137 88
77 29
39 58
197 104
117 151
188 192
163 72
18 6
211 240
48 69
112 137
194 152
109 104
238 140
103 70
35 27
230 165
51 209
117 221
100 16
219 233
50 91
59 16
15 230
120 223
10 75
67 229
140 102
67 62
136 218
99 208
49 166
221 6
50 44
181 37
139 190
132 34
66 230
203 224
157 241
53 156
14 15
146 49
98 124
24 211
99 45
20 202
27 205
28 94
199 186
208 64
92 233
151 112
51 72
70 220
246 196
195 13
223 210
178 222
23 32
143 32
108 168
238 9
197 164
56 7
237 71
137 135
236 101
21 14
24 186
4 164
176 236
83 72
139 189
208 90
28 142
12 3
224 100
209 127
209 189
237 62
228 152
139 227
146 122
145 209
222 196
97 33
147 228
71 209
109 151
30 6
121 206
219 98
100 93
238 186
16 83
36 97
45 246
232 209
161 231
27 52
167 160
241 210
23 208
211 84
176 20
123 7
209 45
215 70
37 180
157 207
46 59
199 107
187 52
227 183
46 121
180 87
85 147
139 143
187 8
243 61
212 80
232 170
233 12
204 162
187 38
208 35
157 233
126 165
159 204
21 48
205 25
70 75
59 81
21 60
110 48
248 239
232 67
199 85
33 180
11 139
215 96
202 83
45 77
63 223
170 178
6 35
153 1
154 123
88 213
161 93
111 71
244 55
85 125
225 169
33 239
160 86
62 23
155 46
169 100
180 236
51 202
101 143
140 28
66 23
154 130
149 240
211 239
221 186
223 125
62 228
243 159
245 147
183 86
112 59
195 67
167 25
177 243
142 86
227 197
33 7
199 214
191 181
79 109
239 72
90 35
190 118
106 22
207 196
109 113
212 132
22 103
120 79
216 154
119 217
231 150
20 180
112 165
215 169
81 221
216 182
51 3
165 20
98 130
117 244
120 216
247 163
6 13
144 158
186 71
178 218
174 50
183 143
15 63
80 230
47 120
95 240
60 225
32 46
119 103
228 205
214 248
3 209
243 236
173 237
75 157
188 184
155 232
175 10
81 229
145 116
13 74
11 51
27 31
135 245
192 229
132 174
84 181
83 91
220 102
136 142
56 112
36 138
246 132
213 38
23 12
89 149
235 133
117 177
9 103
21 52
140 60
227 122
175 209
27 188
112 216
33 167
187 218
8 173
233 71
20 40
51 27
165 224
237 226
231 97
76 247
179 185
121 131
123 105
228 80
247 228
201 38
6 150
181 106
129 197
220 77
134 133
188 204
224 85
126 209
5 88
46 222
126 136
139 25
201 166
156 171
121 65
181 177
245 94
207 107
140 233
232 175
147 160
245 157
182 53
111 75
110 34
67 113
175 247
131 240
47 155
77 61
158 246
78 104
74 56
9 74
101 37
59 13
151 157
230 72
101 223
94 173
18 44
185 209
249 81
167 103
97 18
131 153
130 119
199 39
139 155
122 208
230 19
1 195
73 16
119 31
174 87
16 228
238 29
111 20
19 85
214 181
123 203
160 135
4 218
232 86
123 51
162 226
244 83
212 32
73 79
211 130
228 179
75 37
191 96
82 33
203 230
100 123
116 217
157 118
170 148
197 176
59 111
191 223
223 76
64 195
45 2
132 184
9 178
4 230
247 74
100 169
110 178
86 14
129 238
144 57
144 198
147 193
78 10
245 12
30 185
197 132
55 108
85 136
73 198
155 12
175 163
190 137
208 6
137 82
43 144
5 118
15 192
209 160
7 51
66 76
236 228
157 67
226 134
164 48
19 144
93 246
72 133
94 175
26 127
135 82
48 197
218 137
82 30
123 20
249 52
48 222
148 4
81 20
94 11
111 198
127 135
177 123
174 228
197 74
37 202
22 241
171 120
189 70
67 163
34 121
29 136
202 35
182 160
148 58
176 147
206 116
243 53
249 21
65 150
26 30
30 20
153 75
53 44
242 94
127 114
139 23
246 139
36 213
108 125
189 238
236 147
244 54
10 68
11 181
27 131
160 54
129 167
41 5
228 216
238 152
201 39
189 173
77 203
65 96
87 145
195 4
2 154
100 120
15 167
246 71
3 194
87 101
43 241
67 23
153 52
228 138
2 242
152 141
141 106
156 35
183 125
68 203
142 31
41 240
57 42
102 27
173 225
197 8
227 102
183 195
240 213
142 206
103 204
208 54
116 218
23 32
57 202
167 24
120 8
154 93
212 188
141 9
118 23
27 100
96 195
136 133
25 242
224 176
146 119
202 195
196 226
180 135
35 97
162 189
234 48
151 87
0 34
245 185
80 178
6 127
56 13
89 3
68 211
77 154
162 155
236 207
102 53
91 120
155 38
54 200
122 95
145 1
77 11
54 214
242 52
185 61
37 16
155 138
245 152
89 223
139 9
96 118
66 12
249 185
7 11
237 19
206 174
122 15
107 143
177 145
244 71
213 103
91 42
248 153
82 200
34 91
177 152
48 125
148 107
245 22
64 58
170 188
244 235
181 183
117 98
24 182
67 71
67 77
62 157
29 178
196 228
28 135
189 146
68 59
189 236
116 10
25 229
18 184
86 194
223 49
145 18
192 21
189 125
112 10
207 136
169 214
48 61
4 161
163 35
139 164
86 215
75 67
116 204
35 213
91 28
214 159
162 158
108 190
200 97
225 164
134 54
205 3
14 2
82 42
220 132
6 36
131 114
41 44
210 33
98 113
17 135
161 242
76 7
203 132
80 23
57 176
242 24
239 71
147 129
22 209
153 140
162 179
152 35
79 104
233 161
235 206
8 175
110 204
63 132
146 165
190 57
152 194
121 159
146 246
211 93
118 74
98 67
19 34
26 78
85 105
237 226
81 18
22 129
95 188
66 55
231 129
66 138
137 121
1 88
161 98
12 122
144 96
190 247
211 196
177 195
107 18
17 48
26 249
43 173
166 227
35 140
67 164
216 123
227 122
164 91
215 132
101 136
85 182
107 248
50 47
54 201
156 15
72 211
170 166
7 201
9 91
184 128
88 116
209 104
131 170
173 51
76 246
236 138
169 126
219 225
219 64
0 172
36 106
234 25
162 36
185 230
61 92
69 16
115 142
245 179
128 220
226 99
8 61
187 152
105 219
118 16
164 211
51 174
210 157
233 30
27 92
214 109
203 100
17 206
20 1
5 12
187 194
10 101
215 221
166 59
189 105
131 230
170 28
53 161
32 213
22 9
107 141
14 178
18 106
220 60
77 92
136 24
172 223
64 224
26 123
93 158
158 127
34 102
181 123
17 237
144 15
77 42
96 53
221 230
225 137
73 151
229 137
229 166
131 164
164 151
184 52
22 152
193 59
61 38
11 92
85 155
227 151
142 66
162 110
81 243
2 104
102 19
15 54
91 102
230 64
105 213
120 86
59 185
218 154
154 135
142 34
107 183
155 200
189 117
31 248
191 57
169 230
63 231
147 37
27 113
213 115
216 199
195 201
243 172
203 50
230 18
138 155
157 37
74 131
129 231
174 180
151 59
230 47
245 193
92 64
198 50
143 237
70 206
30 186
231 202
82 86
156 172
18 137
30 153
55 61
96 69
169 28
126 69
66 230
118 111
194 146
179 228
79 105
211 152
80 119
109 84
67 215
73 191
203 208
21 108
36 35
228 117
76 106
24 50
164 189
91 135
44 88
181 241
188 242
190 76
158 226
144 117
106 138
28 83
216 163
115 109
98 245
231 170
21 153
197 18
100 232
161 216
138 238
105 245
37 155
69 105
80 235
227 176
113 224
208 21
97 184
236 157
217 49
118 192
74 152
240 18
162 155
213 39
227 228
113 238
230 1
228 227
15 132
244 73
110 85
124 156
212 28
151 82
211 204
226 234
83 127
110 137
113 144
31 93
9 149
137 93
136 86
19 12
101 235
234 61
62 215
84 55
66 210
67 168
242 83
178 79
61 247
153 141
227 202
112 159
206 56
106 137
23 155
82 125
121 189
206 74
65 74
19 93
125 235
105 163
127 4
122 234
41 196
8 16
95 133
207 13
84 156
224 5
246 34
149 100
65 240
157 138
117 237
129 223
133 56
109 149
239 146
26 216
30 197
240 86
138 169
121 204
142 198
55 58
168 8
217 55
194 115
169 244
56 103
145 185
32 66
32 69
167 132
3 212
173 99
83 105
18 20
231 99
129 111
238 177
5 131
7 133
155 85
220 0
223 187
142 209
231 200
161 222
74 68
177 93
97 239
157 134
102 100
141 12
134 40
200 109
80 7
11 149
244 168
135 25
72 140
78 176
101 161
91 123
50 87
82 17
80 206
38 190
90 217
156 61
78 13
142 225
222 48
58 44
90 93
225 169
100 47
213 0
238 231
218 172
230 184
59 80
207 101
232 243
189 237
21 168
58 177
46 36
194 152
121 168
73 184
237 203
90 54
211 39
225 43
158 119
67 70
93 136
147 14
165 159
198 74
82 104
20 92
195 144
118 187
37 152
78 50
238 69
81 184
232 147
164 6
87 4
83 230
27 34
38 191
90 214
221 181
175 14
183 66
117 37
187 126
102 141
83 169
238 85
159 69
83 209
163 45
85 9
126 234
39 32
99 70
136 80
2 131
30 170
244 110
225 75
145 56
93 49
2 27
189 197
66 14
119 24
35 109
20 30
14 190
231 34
139 117
206 246
156 122
231 230
233 41
54 57
18 72
242 78
131 195
100 188
117 68
125 169
54 7
127 104
8 207
33 80
58 31
218 176
67 171
186 18
225 1
164 149
111 12
219 186
156 199
3 212
188 112
39 16
101 42
194 165
13 68
111 144
101 7
154 248
228 12
12 208
123 170
233 179
247 164
16 64
30 233
79 223
191 69
188 119
237 64
47 211
208 148
131 104
74 157
98 176
166 126
209 210
125 162
165 133
241 89
230 58
231 191
53 102
225 192
39 134
60 117
178 50
38 63
117 238
191 129
129 134
180 80
84 8
218 198
151 60
102 226
116 221
190 238
4 182
190 141
0 84
16 18
152 204
107 24
244 88
37 203
41 105
3 225
23 75
40 226
46 45
168 183
27 179
28 169
236 200
146 16
90 20
190 37
26 206
192 221
25 40
230 67
132 43
97 238
228 231
19 25
38 177
152 9
68 70
157 170
150 110
172 160
94 127
35 14
196 47
185 95
194 134
196 172
3 47
243 209
126 73
25 181
249 170
223 178
108 111
162 128
104 214
235 31
75 37
5 224
75 29
32 163
39 99
187 109
156 185
103 143
10 46
20 155
233 68
210 72
120 3
197 199
93 111
165 92
187 95
243 100
63 43
24 55
13 207
104 63
228 125
219 56
56 14
68 25
120 201
2 41
15 91
176 2
76 245
200 105
242 38
78 234
193 177
7 86
8 213
240 26
9 32
118 242
29 133
88 8
221 115
96 68
13 162
151 89
134 217
86 167
76 45
158 153
26 128
177 13
121 108
36 28
228 178
226 141
112 249
152 79
113 186
234 60
207 246
202 195
122 204
247 225
62 187
32 227
186 61
38 46
40 59
138 69
50 92
200 51
68 225
58 180
207 15
182 175
81 133
14 155
62 174
76 136
73 129
74 219
246 7
183 248
94 118
51 84
64 237
165 163
212 49
91 169
91 109
15 159
200 218
150 136
219 20
185 112
105 200
139 227
141 123
30 78
168 202
105 30
113 143
73 156
220 148
162 28
36 26
196 138
103 133
129 102
42 119
180 9
51 232
169 81
59 169
224 176
233 51
101 162
31 215
114 165
25 90
151 13
1 97
167 129
70 14
137 144
171 42
116 91
75 1
144 156
191 160
229 223
87 29
164 36
64 13
99 39
240 39
44 4
236 123
225 219
189 163
132 208
53 101
19 111
115 129
235 212
6 239
95 245
127 163
3 64
38 90
180 193
196 39
137 126
197 121
90 142
2 198
1 167
56 180
29 82
201 15
231 227
127 161
100 59
130 79
134 159
20 120
124 181
137 88
114 60
11 118
190 113
54 200
176 235
211 122
73 106
118 101
55 64
81 168
139 136
104 191
121 212
176 144
153 42
176 146
123 119
1 72
241 89
187 234
13 181
223 96
178 59
31 46
206 25
153 159
94 13
192 48
221 21
131 167
190 74
136 200
234 20
37 29
61 96
121 112
51 150
138 227
212 7
126 76
88 8
95 28
167 144
138 233
2 141
240 65
160 99
242 3
100 161
147 20
229 91
36 97
139 49
74 164
168 228
19 162
23 107
220 51
97 234
216 247
35 76
209 147
11 191
52 55
205 223
241 60
5 170
204 77
151 197
127 218
25 133
158 176
57 45
14 187
96 84
28 152
211 45
118 15
108 207
218 188
202 90
127 155
168 181
136 215
141 212
183 130
19 219
84 14
238 162
246 131
49 121
204 154
120 184
187 91
2 179
174 117
172 192
92 176
249 160
232 54
30 248
171 192
209 95
62 43
182 96
34 54
54 10
236 67
187 162
148 90
69 76
212 11
35 194
177 187
129 95
177 129
186 240
25 36
36 53
190 222
78 27
228 24
91 66
132 64
129 122
8 113
44 237
39 211
201 73
39 247
24 248
97 243
244 119
56 135
89 207
174 118
230 62
18 188
137 207
1 208
192 148
96 95
70 31
214 217
65 194
65 245
248 78
159 155
138 132
229 84
102 12
161 33
128 53
142 46
58 185
127 157
23 146
107 245
127 59
28 93
93 148
17 159
134 2
214 40
105 116
31 202
245 119
155 2
165 178
145 177
2 192
186 118
74 153
177 43
175 236
210 147
7 229
223 55
247 52
35 176
75 63
138 5
49 69
181 228
37 185
36 176
215 69
38 45
162 107
107 146
113 205
237 209
67 24
93 8
240 40
194 16
144 26
226 197
227 233
49 185
74 7
245 209
59 201
108 86
8 107
189 147
220 111
228 125
110 214
67 66
221 160
98 93
225 30
199 227
247 81
120 76
77 73
73 16
53 58
122 73
179 186
48 161
6 112
63 219
134 165
29 41
93 27
200 190
244 224
187 169
131 102
37 195
84 160
165 150
135 158
170 108
218 200
200 234
195 228
62 71
195 10
249 19
150 101
204 188
214 213
54 199
51 83
200 207
212 200
71 239
121 28
214 198
50 131
129 40
215 150
9 159
111 89
44 153
130 122
173 124
85 217
220 234
141 235
76 19
32 188
66 120
94 61
140 158
3 108
51 193
179 184
239 215
100 81
57 98
14 188
118 206
85 48
25 220
86 165
196 153
185 75
47 244
224 6
78 21
230 152
102 164
241 140
173 103
90 153
131 236
165 179
197 239
117 230
27 245
92 40
201 135
243 112
30 154
60 99
230 187
193 158
161 158
239 25
231 13
25 244
135 82
150 158
26 156
49 8
142 214
141 69
55 26
185 167
137 107
15 123
134 206
241 248
1 129
221 22
209 100
125 194
231 172
52 71
183 181
173 101
26 227
248 210
112 29
109 245
17 236
154 188
155 181
10 92
169 163
99 123
176 131
214 150
219 171
110 69
46 249
145 164
234 239
88 136
89 174
125 248
109 8
171 212
21 33
145 190
216 7
46 59
166 184
12 76
88 219
102 230
140 87
196 43
147 104
40 20
248 189
103 5
194 181
62 97
72 28
25 97
77 223
107 68
208 240
197 113
48 166
49 133
118 27
107 171
173 128
121 102
73 240
88 214
208 145
173 33
169 26
103 182
76 133
183 216
38 46
244 167
10 75
227 73
103 108
159 79
127 175
26 200
159 30
76 214
42 196
84 41
92 191
80 74
34 224
106 157
17 16
190 100
75 180
223 213
208 13
20 126
188 243
81 52
185 20
180 31
175 168
150 196
87 34
203 177
152 40
12 186
68 8
88 64
107 25
90 74
177 204
198 244
215 16
165 80
90 100
51 50
221 50
164 220
5 134
5 244
147 4
239 71
168 51
95 62
168 46
107 126
230 111
82 20
147 157
137 231
231 200
230 176
246 20
17 195
131 237
20 18
52 179
9 182
65 2
115 155
72 245
221 94
48 211
11 128
220 10
71 31
206 177
195 12
128 117
134 212
68 53
169 72
121 16
100 14
167 227
115 70
202 194
205 138
59 191
162 231
183 18
35 19
30 31
134 104
16 202
229 234
89 166
203 127
190 81
44 123
217 203
25 196
131 5
242 41
170 33
212 111
72 205
52 62
83 131
54 31
21 45
236 105
214 225
1 28
227 36
181 169
9 231
19 229
33 6
74 96
157 84
32 239
39 223
222 101
171 179
189 133
148 56
192 66
110 55
202 64
11 153
172 3
40 15
156 42
197 211
124 219
190 160
213 174
228 128
203 175
175 36
181 59
160 61
229 140
81 160
154 103
185 90
245 79
125 23
238 128
99 9
29 206
0 23
21 152
76 0
195 187
143 25
65 103
46 88
197 203
18 195
45 136
156 60
83 5
151 180
85 177
156 236
160 147
13 75
185 231
196 139
149 58
197 181
161 147
89 14
170 74
248 180
40 120
169 90
140 143
132 13
119 186
27 47
36 203
15 225
41 149
41 215
218 193
172 146
213 90
225 41
163 100
238 126
29 220
81 46
184 196
71 185
235 168
195 234
61 84
159 121
137 70
81 115
183 172
59 24
205 232
91 136
2 89
70 167
154 145
178 180
113 148
57 24
57 176
109 111
47 4
110 197
239 109
47 233
133 222
22 96
201 208
235 109
218 138
168 19
8 162
105 153
196 234
159 72
144 7
216 23
1 226
92 177
28 139
160 118
155 130
147 180
151 248
84 194
9 153
169 158
231 71
230 45
166 118
58 30
149 128
35 196
200 160
17 58
198 90
217 139
7 5
142 54
153 196
61 110
213 84
119 23
239 50
190 140
135 118
148 184
17 187
141 189
51 167
89 237
203 98
147 145
205 194
17 149
131 219
149 55
166 103
242 199
92 152
72 163
209 157
12 133
49 108
191 241
53 112
221 17
37 127
235 210
202 219
219 10
148 138
35 235
141 94
80 26
146 159
2 49
134 80
151 36
34 247
112 135
59 189
131 89
85 112
161 133
224 124
233 91
239 217
35 10
199 212
83 185
49 237
112 228
10 151
223 173
75 216
116 182
17 223
234 183
98 135
8 209
62 147
131 233
21 94
205 133
110 47
47 31
59 28
183 157
140 185
84 219
169 238
247 78
125 68
77 213
94 162
188 144
62 133
113 53
136 220
15 186
161 107
208 73
30 64
28 37
71 232
11 220
169 170
106 219
82 15
90 177
191 101
44 126
197 0
133 191
188 36
35 158
110 218
94 86
212 187
89 113
220 168
147 171
62 212
62 171
65 102
173 56
150 177
112 142
99 132
99 17
193 35
91 103
14 66
57 228
56 9
214 119
70 185
151 146
148 82
36 127
248 180
229 224
17 30
9 57
85 201
118 138
192 65
94 148
123 172
241 187
199 247
232 70
90 225
159 7
54 42
161 149
148 73
60 5
225 17
90 75
179 7
183 130
214 230
39 215
40 162
202 33
193 239
12 205
14 137
200 195
158 57
232 48
196 144
160 74
41 79
178 224
57 142
115 61
89 31
143 61
24 215
99 188
123 108
125 245
30 23
0 53
156 72
3 48
31 229
158 43
80 244
170 100
151 218
27 7
161 153
187 144
155 193
3 97
1 159
120 87
98 105
42 206
77 35
74 194
117 221
185 190
139 33
6 137
60 24
233 46
213 14
95 203
1 61
52 166
168 178
134 222
199 40
71 95
106 145
148 1
149 46
117 156
146 1
185 74
170 32
134 187
164 64
80 5
107 128
97 179
151 26
177 43
70 113
96 9
44 123
146 172
6 243
113 163
163 197
97 135
121 91
52 87
234 160
123 196
12 106
122 86
43 0
48 59
217 38
72 109
66 15
184 52
208 82
78 188
137 101
22 200
19 59
10 80
131 39
175 106
199 140
11 58
136 21
95 180
196 112
150 226
106 234
41 62
210 144
175 122
103 41
242 231
52 182
26 45
104 75
130 1
207 224
105 94
17 22
165 99
119 125
14 176
103 242
235 59
140 122
182 49
46 75
114 14
112 176
7 235
246 131
150 199
183 201
216 35
81 172
228 87
213 19
35 146
246 157
67 43
50 15
198 249
24 155
168 147
135 173
161 88
226 83
30 2
44 120
82 139
93 227
167 241
24 196
49 217
31 100
122 214
79 111
115 155
18 72
248 170
169 20
15 47
79 111
15 0
236 28
235 97
0 99
126 213
243 218
107 121
233 68
209 118
144 78
98 149
91 44
64 163
23 244
32 204
130 47
181 61
13 212
215 173
225 246
111 118
124 184
83 141
162 11
152 146
94 22
90 216
215 114
127 101
6 146
240 56
115 65
18 160
128 72
68 85
211 70
0 147
63 204
21 243
122 75
23 10
56 52
62 225
148 144
66 45
208 184
43 175
46 127
36 135
201 205
102 69
129 73
64 137
189 191
194 187
89 49
118 200
76 68
35 85
115 227
166 26
234 64
49 177
39 171
124 98
46 30
38 150
130 64
30 230
174 96
151 37
84 148
94 96
223 197
27 170
9 227
80 184
89 169
180 151
20 54
197 105
192 58
72 159
94 125
248 10
203 186
139 38
97 202
178 212
140 32
191 74
168 56
48 85
154 205
83 43
222 21
98 227
14 142
89 141
84 134
24 112
199 87
123 105
199 174
74 38
49 191
173 13
106 160
6 206
248 181
153 176
150 139
16 126
196 235
133 97
142 153
186 63
159 137
247 133
229 193
47 83
47 133
234 235
60 157
9 129
17 229
13 206
204 205
29 243
154 182
162 121
135 111
223 142
211 215
197 149
98 65
125 14
221 41
147 197
94 69
120 109
20 78
219 234
141 60
228 224
206 224
150 19
28 191
122 90
77 121
146 170
122 107
192 38
78 36
8 51
228 104
160 10
51 88
231 233
232 32
165 173
180 76
94 235
215 152
59 96
106 231
44 108
117 181
85 179
6 235
167 94
61 195
82 214
109 119
166 134
215 55
79 184
156 5
235 112
100 225
209 208
159 166
126 246
248 182
167 114
71 182
69 246
248 195
48 116
247 45
73 124
45 156
122 217
21 228
231 246
134 3
123 116
48 89
78 235
238 180
115 170
37 208
174 89
152 131
37 232
139 36
43 185
65 209
25 169
14 158
78 59
209 62
6 116
152 169
106 246
71 215
118 0
231 42
140 159
102 49
233 209
224 225
175 84
120 205
177 133
231 234
243 88
158 174
50 243
229 97
184 58
199 247
121 9
30 43
184 102
214 52
169 243
157 248
115 215
239 153
187 11
108 191
