3 102
123 126
127 43
36 66
121 56
2 110
21 116
67 94
59 103
113 51
111 91
70 100
34 88
10 79
14 97
51 111
8 106
68 73
54 62
94 44
44 78
78 123
93 59
105 47
59 60
65 6
78 102
93 120
111 33
84 48
49 69
7 32
19 47
27 55
52 105
30 125
82 127
48 50
64 60
109 5
68 27
123 58
38 15
25 80
17 51
1 85
75 39
1 29
106 94
29 111
118 107
101 82
22 45
107 88
52 87
15 11
116 93
66 13
20 71
34 96
90 3
122 125
45 108
99 2
49 2
32 87
43 3
54 58
126 15
126 41
60 72
6 116
35 38
16 75
41 33
93 51
66 11
29 115
79 111
77 124
127 118
88 1
0 95
76 72
14 9
40 15
105 33
15 85
53 73
97 109
116 21
34 56
90 121
105 58
45 29
102 38
30 123
22 48
0 57
104 44
45 112
47 19
119 69
116 119
114 11
3 60
90 17
53 44
88 78
101 20
62 53
4 23
31 121
110 97
15 97
62 65
53 106
12 122
26 86
47 26
61 104
34 54
34 38
21 17
26 116
67 33
49 47
95 34
59 64
104 33
21 44
123 44
11 46
59 62
70 106
35 98
15 106
63 117
78 81
98 107
64 115
67 40
85 99
44 122
26 15
29 15
16 94
82 106
7 115
107 8
80 26
57 113
125 55
31 120
40 103
40 105
40 14
59 80
121 95
121 28
105 72
66 108
45 73
104 15
121 115
2 17
59 82
49 88
34 9
22 35
122 119
56 119
1 38
126 6
69 100
43 4
103 57
37 69
59 112
102 101
116 79
123 88
74 13
95 65
31 16
11 108
72 1
98 13
19 16
83 24
3 27
5 4
81 44
76 56
91 126
5 23
27 35
49 118
74 85
54 75
51 41
13 97
65 71
43 126
27 105
30 65
101 91
46 54
13 107
6 2
9 31
10 18
119 103
54 55
80 54
66 52
98 60
66 118
13 10
38 5
111 41
97 36
78 64
22 36
117 86
61 60
46 125
124 67
62 58
75 64
126 116
75 88
16 4
116 112
73 110
123 103
14 92
119 69
123 10
117 33
65 30
90 114
93 1
109 98
56 98
112 21
41 26
110 72
21 96
49 98
95 67
41 3
26 66
9 39
118 35
9 2
51 53
66 74
63 82
59 40
94 109
99 108
97 4
51 39
32 67
108 43
109 4
89 79
82 53
56 0
107 124
99 35
106 116
32 67
81 12
95 69
52 2
7 120
125 30
118 3
80 35
21 46
12 29
98 43
127 81
90 53
36 39
125 30
14 100
59 123
97 65
34 62
31 7
108 105
30 45
53 107
45 25
12 49
36 63
120 7
65 91
6 69
52 109
78 28
71 4
13 87
57 65
65 105
35 29
125 0
15 107
76 56
70 57
80 2
113 86
33 42
127 31
70 96
106 49
82 79
123 38
17 85
71 85
59 45
18 65
29 85
77 125
10 56
30 93
86 119
35 51
116 77
20 75
11 118
95 34
77 99
89 58
52 106
30 61
90 89
55 111
80 69
26 0
9 84
69 84
2 97
55 102
16 118
103 76
87 54
66 125
126 102
99 26
69 42
83 52
72 76
62 16
39 93
51 75
45 84
21 108
85 29
66 72
37 85
13 8
92 70
99 46
27 57
96 62
24 99
74 114
76 24
71 52
38 112
97 71
81 109
36 15
17 59
43 80
55 97
70 16
7 68
0 106
93 2
115 41
104 21
65 11
120 50
41 12
36 111
93 33
85 43
99 63
18 65
31 63
84 47
119 74
123 105
55 61
52 45
120 65
35 39
60 72
88 56
40 93
123 31
16 108
92 46
57 11
88 91
68 58
32 19
121 45
80 11
99 76
49 22
70 77
101 2
111 38
90 5
77 89
51 21
97 96
76 20
98 22
90 35
82 67
118 111
35 1
30 43
53 115
64 27
48 84
122 46
97 67
72 40
31 76
68 10
69 71
43 10
63 103
44 84
91 7
58 25
14 75
67 107
67 99
84 14
32 121
53 64
9 111
76 87
60 45
88 41
38 95
108 19
54 100
63 28
63 29
81 7
61 1
62 102
24 115
21 23
41 100
50 23
38 14
114 29
94 20
38 71
24 92
98 119
21 46
81 32
84 63
47 62
38 9
69 62
113 114
80 26
78 86
47 68
116 125
72 59
9 114
114 55
123 81
44 122
119 117
25 106
33 39
91 82
43 104
118 52
113 16
32 51
61 24
0 92
70 9
63 72
74 5
22 120
22 46
41 102
76 29
30 54
49 65
60 7
29 16
42 56
0 37
55 51
38 110
111 89
123 27
77 90
77 70
109 79
117 113
108 74
117 71
22 64
47 117
60 37
101 53
87 121
79 31
63 64
69 35
62 21
63 30
125 16
70 14
42 81
47 1
49 28
13 86
50 79
65 96
119 70
14 52
102 76
35 109
90 58
123 121
10 51
121 118
110 62
60 106
26 29
64 21
84 60
40 47
57 115
2 112
27 18
12 72
93 53
69 91
60 95
85 90
126 36
97 41
9 103
58 3
33 53
27 63
87 76
72 56
125 5
1 40
48 61
71 116
122 100
106 32
31 105
51 106
92 79
99 15
63 68
0 68
16 93
120 15
96 56
24 32
89 104
17 66
14 23
82 98
63 45
23 41
96 88
100 121
57 2
87 20
49 93
99 118
64 63
28 43
77 30
79 49
94 91
9 57
118 71
12 73
81 76
120 103
101 25
67 13
28 25
99 67
94 85
117 71
55 66
5 87
90 58
53 13
118 29
106 27
11 113
12 10
58 68
45 52
106 19
61 47
117 29
18 95
121 25
76 4
51 121
31 3
3 99
44 38
14 124
86 114
35 39
112 65
61 118
100 14
36 40
75 88
36 7
65 111
75 46
114 33
6 50
48 4
122 29
1 102
101 97
96 13
23 102
53 28
106 81
47 118
71 21
106 22
23 1
77 14
38 28
80 5
94 126
5 8
57 87
36 100
35 6
124 54
20 21
62 69
36 34
57 124
124 111
85 89
48 24
43 92
70 90
117 51
72 115
52 51
86 126
115 85
64 5
47 27
6 26
99 29
48 69
105 57
127 27
77 26
33 88
52 28
52 78
74 36
63 1
52 123
90 113
103 76
106 24
61 13
33 91
31 22
77 37
81 21
68 113
104 32
77 54
111 12
10 105
114 124
2 73
48 108
101 13
120 6
121 91
49 71
97 23
104 45
41 40
99 32
18 48
59 13
37 41
28 18
35 30
71 50
72 25
63 118
31 37
116 11
108 123
97 39
124 18
81 32
98 19
60 105
65 84
108 84
74 7
122 75
79 7
34 101
20 7
74 46
127 126
66 26
56 73
2 62
62 117
9 47
101 127
115 69
53 20
21 56
89 6
46 84
84 75
67 58
12 3
41 93
53 56
107 70
106 44
108 53
90 86
75 78
8 52
82 87
33 6
50 19
111 51
72 111
12 94
98 85
84 30
23 3
44 7
100 30
70 35
126 107
59 3
29 85
24 119
93 90
25 99
67 14
2 16
19 117
119 79
11 91
44 38
40 107
125 103
0 39
85 125
112 54
31 81
56 66
72 24
21 56
80 109
2 12
35 95
31 28
70 32
20 77
113 76
44 52
120 62
65 106
45 59
65 46
82 76
99 12
25 57
8 47
3 88
76 57
126 39
6 59
21 61
27 120
108 10
116 108
69 77
112 97
84 122
116 3
25 81
105 112
83 108
7 95
50 40
52 72
6 31
52 98
122 63
111 85
51 19
105 79
31 103
122 6
42 50
20 81
24 60
18 70
31 57
85 99
123 37
11 66
18 19
103 6
14 70
52 110
48 49
73 3
92 125
79 64
53 3
47 65
72 36
96 94
68 101
68 16
41 84
80 37
87 14
41 22
72 107
86 93
48 67
49 74
58 104
88 39
83 70
58 48
85 111
65 30
90 78
95 83
92 51
47 54
60 54
76 18
51 58
23 26
16 5
25 41
14 94
29 93
1 28
106 78
83 35
106 100
4 87
73 115
81 110
5 31
13 58
102 14
32 61
100 84
93 16
113 41
112 66
52 14
109 63
111 36
17 85
46 64
1 44
70 111
101 115
123 12
62 97
44 39
110 40
27 80
9 64
14 13
89 13
88 33
119 7
46 99
44 89
103 51
92 126
13 28
67 23
8 57
12 116
48 19
15 78
92 42
30 37
100 20
66 114
41 52
106 90
118 75
1 49
11 15
38 105
83 52
6 115
7 123
117 48
85 61
86 40
106 18
0 54
98 74
69 44
76 70
81 11
118 57
57 46
88 77
99 63
82 42
124 99
48 28
119 103
91 78
5 71
96 122
63 99
27 117
102 21
24 26
108 67
52 58
123 118
110 27
86 7
14 1
65 53
32 30
60 102
35 17
2 7
94 33
11 96
79 94
92 58
92 26
30 43
53 45
14 42
37 81
126 8
62 111
59 54
124 119
64 90
71 17
42 89
21 76
87 7
120 40
94 4
98 121
30 37
74 7
56 91
113 55
64 27
13 5
68 125
14 42
25 22
47 31
111 78
90 46
10 96
7 78
8 26
125 74
96 82
47 39
13 53
103 5
72 40
90 103
41 61
84 24
92 102
107 9
49 44
123 83
37 44
20 113
34 92
99 103
4 12
6 34
112 13
93 80
119 53
116 104
43 86
58 94
78 122
93 123
80 89
121 54
19 6
44 31
110 95
2 82
85 50
49 95
85 36
3 62
17 126
1 44
43 122
117 3
93 43
33 39
41 114
27 1
73 21
100 41
119 46
92 126
88 80
6 41
1 86
49 58
20 120
13 67
105 0
85 103
35 43
99 39
55 68
7 23
57 40
116 10
36 9
58 8
29 87
80 104
114 17
84 3
56 4
107 91
106 102
69 63
90 2
71 14
111 112
58 34
10 57
115 9
52 35
31 95
73 53
110 67
113 118
18 61
62 72
121 6
37 18
46 4
86 62
19 109
24 125
15 16
40 108
83 4
55 35
62 52
86 2
8 59
97 35
40 111
125 29
121 15
49 88
4 25
61 108
126 38
17 29
3 114
65 47
117 24
15 119
54 30
65 110
98 43
51 106
36 125
95 104
93 95
10 33
16 0
10 113
69 52
10 85
25 8
80 59
79 37
45 122
114 108
127 111
47 0
71 38
79 10
112 61
91 116
126 83
16 49
38 94
39 77
32 115
62 95
69 28
64 59
127 12
113 48
32 21
1 39
114 77
51 6
66 50
94 38
115 69
120 68
47 111
56 118
112 68
79 42
79 112
110 55
27 47
92 80
57 100
1 14
43 109
57 4
70 18
78 70
30 122
27 93
76 10
25 116
12 16
77 3
93 82
41 73
13 28
88 37
104 63
52 39
81 43
14 103
78 60
102 51
101 75
86 33
72 75
84 65
102 8
72 15
45 50
18 39
90 89
21 122
30 108
33 82
29 42
91 73
29 92
86 84
57 60
32 19
44 6
125 36
14 29
120 0
66 49
30 112
106 56
58 34
19 51
7 126
94 25
38 51
85 9
105 108
35 13
77 80
105 9
96 79
19 10
61 84
28 71
12 8
113 11
33 19
45 89
115 78
22 123
57 73
126 35
9 33
103 35
96 89
82 45
76 55
124 44
12 53
85 96
70 86
83 18
105 19
15 84
46 85
18 77
41 99
103 113
100 94
15 96
43 39
96 38
48 101
8 82
110 64
103 51
126 38
14 121
102 2
125 86
11 24
101 115
125 33
111 105
43 14
98 7
111 124
21 30
108 18
39 85
50 6
127 69
61 38
80 28
24 7
106 70
82 2
123 87
19 3
40 107
95 73
119 87
64 30
1 23
4 65
82 50
38 33
1 44
43 37
50 47
11 48
25 32
24 121
69 101
26 67
20 25
46 36
44 65
1 3
87 42
68 60
31 74
107 116
50 2
53 36
114 42
104 68
50 87
106 55
57 35
52 27
92 43
93 18
11 55
33 31
98 125
79 126
34 71
124 71
17 73
40 53
25 31
74 32
101 114
121 44
46 45
23 96
18 5
73 45
117 88
66 50
30 59
36 62
19 6
82 2
67 53
40 123
12 59
112 109
77 31
46 88
2 98
70 63
70 58
73 21
48 0
66 114
123 47
9 73
116 39
106 125
89 72
24 93
43 29
64 21
40 80
28 19
107 32
81 19
50 21
2 64
31 80
48 58
39 104
91 81
114 57
20 98
71 105
62 35
54 19
23 116
102 90
53 103
71 1
67 113
66 44
34 75
101 120
3 126
87 15
38 126
38 53
79 85
78 101
3 19
16 56
23 100
43 41
61 113
18 10
103 5
114 44
97 54
56 37
110 3
46 117
18 11
72 119
71 39
36 6
5 14
47 64
23 126
56 72
33 121
2 39
26 76
29 100
10 97
53 116
26 110
44 48
48 114
74 93
46 118
75 110
44 66
127 30
35 30
36 76
20 0
15 14
88 64
50 17
30 40
7 32
101 64
103 88
2 8
102 86
16 45
40 79
64 93
72 45
82 56
70 2
45 119
108 7
4 99
39 69
48 3
124 125
5 90
113 41
59 56
3 49
120 66
106 110
78 16
70 41
19 55
52 72
77 101
33 97
71 123
73 29
92 5
53 4
30 7
31 47
16 121
28 63
86 91
110 93
30 37
94 53
50 60
30 6
106 39
124 22
75 94
103 92
25 77
45 82
37 115
48 20
44 17
79 115
52 79
77 28
99 32
47 13
60 53
74 49
70 110
96 15
116 47
125 43
40 91
116 27
98 91
41 47
99 55
58 16
62 5
9 87
44 58
115 9
113 39
71 63
47 56
51 110
107 5
71 119
106 13
114 28
36 94
58 55
89 45
18 53
0 3
2 9
22 56
115 49
77 63
44 6
70 122
112 79
23 8
29 3
70 30
50 65
80 103
118 65
66 56
32 41
14 44
25 17
80 107
7 85
105 100
117 12
115 2
77 81
56 100
41 56
5 126
9 108
85 39
30 29
67 55
121 94
29 71
121 53
82 2
65 18
15 4
47 49
44 58
48 38
90 26
50 86
0 40
52 93
42 55
108 9
3 34
49 125
76 98
41 38
31 86
101 107
49 92
50 110
120 13
26 27
3 36
85 27
104 12
77 112
45 63
33 59
100 101
104 16
21 94
70 20
123 41
50 80
28 23
54 65
105 54
8 48
114 109
76 125
93 40
14 13
65 59
98 84
10 105
99 91
3 63
38 44
102 73
19 107
91 126
4 106
4 34
126 113
92 62
22 114
27 101
6 94
83 12
97 51
109 57
30 114
96 24
102 52
57 31
15 112
119 34
103 118
64 15
102 11
59 101
79 8
14 88
52 2
23 75
94 8
57 10
107 111
86 26
110 43
87 122
55 50
84 87
21 92
9 123
70 32
68 29
19 120
75 88
63 105
74 4
76 21
119 24
26 3
26 3
126 108
7 115
73 127
39 5
111 100
36 22
78 93
104 9
9 122
99 120
16 127
50 26
46 61
58 118
8 102
121 111
59 106
37 13
57 90
99 93
6 121
37 105
35 88
38 7
122 13
90 97
86 6
10 17
105 124
125 77
23 54
39 56
18 118
85 120
93 126
27 16
52 120
13 46
109 26
42 11
44 21
36 42
56 10
66 34
44 50
65 98
13 118
61 117
120 76
43 65
46 118
125 118
95 68
81 72
41 13
34 90
72 19
46 3
104 126
85 59
114 33
63 53
90 67
78 79
56 116
14 64
79 27
60 118
59 69
19 48
6 71
40 59
84 17
28 121
4 106
41 12
49 50
60 48
58 46
104 52
64 58
84 23
104 99
11 103
93 59
1 112
102 59
103 51
15 81
102 54
59 30
51 19
67 32
42 115
33 56
74 106
29 82
123 70
126 26
101 90
111 41
16 68
92 4
98 4
27 67
21 68
80 5
123 49
114 111
35 71
16 113
76 75
43 114
25 101
33 123
9 12
55 70
61 55
5 125
25 92
52 12
9 106
107 10
14 33
65 100
21 98
101 2
14 101
115 78
11 86
32 75
11 63
68 30
74 84
79 0
74 83
39 14
125 126
11 83
118 38
80 116
103 57
110 22
22 15
115 94
12 33
120 101
101 121
120 105
58 91
58 95
99 111
38 53
15 103
108 29
99 40
7 67
22 14
24 110
78 40
22 36
22 62
92 40
101 44
39 90
31 89
49 119
79 78
29 57
45 9
108 46
10 104
67 79
58 78
11 107
124 0
54 17
113 71
17 64
10 110
68 119
12 117
111 110
86 22
69 88
64 90
23 80
99 21
97 42
62 76
69 29
9 17
20 120
1 102
27 80
95 6
84 52
14 9
121 73
43 0
38 21
30 82
32 91
61 75
108 61
96 49
13 100
83 121
48 28
20 85
31 20
101 14
47 92
97 111
106 78
100 31
110 93
51 2
18 80
15 123
13 77
65 101
111 53
110 91
77 76
5 75
57 66
96 74
120 36
30 112
107 112
78 95
11 124
107 78
95 100
24 123
36 95
114 88
49 119
71 112
119 61
60 50
2 17
13 110
52 16
57 63
10 68
58 116
65 101
63 46
96 20
18 25
105 70
64 112
79 109
115 27
72 49
53 57
33 49
109 63
123 77
66 69
26 95
2 67
25 98
60 2
97 105
86 1
99 12
28 76
114 67
119 23
62 82
66 25
60 55
123 111
44 75
13 114
105 63
115 121
60 26
37 124
65 126
56 40
28 59
99 14
44 113
125 73
22 14
36 21
116 7
126 70
65 38
104 60
62 66
37 40
83 36
76 13
101 21
68 100
18 90
74 116
39 43
46 126
8 20
107 52
14 8
68 101
109 85
45 9
21 42
37 32
7 111
120 26
122 100
72 60
118 34
121 72
50 92
34 40
116 55
121 69
81 95
120 77
41 100
87 11
122 14
12 102
17 117
88 81
25 88
31 23
60 79
6 23
33 56
1 45
51 1
113 94
36 47
8 19
121 51
48 12
20 68
63 33
34 11
58 67
119 40
72 112
108 40
22 51
108 96
86 94
43 2
101 74
60 56
12 108
24 34
50 39
39 125
85 59
7 32
38 48
60 40
124 115
33 27
119 53
27 21
127 9
103 119
41 86
64 74
79 22
80 18
13 85
47 110
77 14
9 98
11 115
86 3
17 100
22 7
84 115
104 81
114 91
95 82
54 69
46 39
67 8
9 95
115 79
69 113
37 44
2 99
33 78
5 110
65 2
56 115
103 123
12 65
73 108
107 16
123 119
39 85
15 101
55 54
109 82
67 78
11 96
68 92
105 35
7 14
5 116
102 122
45 52
37 126
84 49
60 53
22 29
22 63
14 75
64 119
7 49
116 105
1 104
25 46
102 110
110 109
45 40
11 20
30 77
86 24
95 78
13 61
86 114
72 39
78 97
104 122
38 26
33 49
93 84
79 5
88 14
119 2
106 86
28 37
12 1
89 18
71 1
23 24
25 116
13 86
35 12
118 106
62 39
83 64
24 101
1 47
27 35
21 112
3 58
84 28
50 33
97 51
111 52
87 81
98 10
111 29
69 19
69 120
48 56
108 5
70 83
95 89
40 42
20 41
99 46
77 76
85 80
11 64
31 108
62 110
49 99
115 110
42 111
24 74
91 96
107 60
81 9
39 110
126 82
83 71
56 59
73 77
2 36
114 26
26 122
103 10
81 12
114 47
77 11
121 24
9 72
117 83
11 25
96 70
40 111
44 98
65 27
39 44
111 56
121 86
28 15
40 94
21 7
125 56
83 34
95 3
5 14
48 54
30 118
57 56
12 51
105 47
14 55
118 47
43 49
116 2
1 80
78 18
29 20
49 29
109 105
65 32
30 59
127 71
111 32
39 40
108 68
29 108
56 19
24 117
39 75
115 38
126 125
14 1
2 90
90 95
81 57
120 68
118 36
38 86
48 4
93 19
41 107
125 98
49 51
54 27
23 116
5 47
125 38
85 123
118 65
26 11
111 78
127 35
51 24
112 87
122 20
17 68
39 29
66 109
86 18
11 49
66 50
89 32
41 63
58 51
111 120
23 12
30 75
92 33
50 60
106 20
13 75
4 22
84 90
91 2
116 56
66 122
121 32
57 4
88 68
4 97
22 43
85 123
45 26
96 47
101 41
98 18
94 7
54 11
78 25
51 77
61 40
118 51
87 124
14 9
76 92
65 52
81 62
108 38
7 19
117 30
117 67
104 14
113 91
14 28
52 91
32 126
15 73
75 41
109 40
31 50
78 49
37 62
78 49
32 17
102 53
5 13
107 61
26 92
104 99
25 112
18 122
66 107
111 33
16 59
55 76
108 62
36 73
60 57
34 71
24 120
35 88
104 120
94 22
126 92
3 30
83 97
84 108
34 21
60 97
34 92
4 108
121 126
123 126
115 9
64 9
81 68
87 102
49 9
122 113
69 80
31 86
87 91
120 106
71 53
47 104
30 62
28 53
99 34
91 123
97 41
24 95
41 19
56 59
9 4
30 108
74 117
76 110
124 10
8 71
38 121
43 109
95 68
60 108
8 89
92 27
40 94
51 33
104 124
108 65
27 111
19 117
92 56
41 62
48 32
97 58
55 113
86 48
1 110
94 81
114 20
15 27
90 70
88 49
65 50
36 102
77 107
3 92
104 20
26 29
51 50
122 26
9 71
60 92
120 74
44 117
37 121
106 74
76 9
41 88
24 69
97 35
29 46
42 16
78 114
33 74
57 125
17 111
43 84
28 123
97 74
96 97
49 41
126 118
1 67
42 37
101 10
41 45
103 118
5 42
54 72
41 75
44 59
121 32
102 78
113 93
82 64
7 71
4 102
1 92
13 103
94 100
52 86
75 61
51 109
38 64
87 117
95 9
109 47
60 103
18 20
82 11
123 77
102 9
98 68
49 5
9 76
90 73
109 49
77 117
16 25
10 88
23 66
77 94
5 97
86 95
76 7
24 64
76 47
125 39
10 75
57 46
88 79
12 111
6 72
33 70
69 93
76 86
123 122
119 4
118 107
107 70
47 55
71 120
108 88
63 123
47 60
81 62
125 68
65 5
79 87
118 40
62 54
86 16
50 120
53 120
121 117
83 92
39 111
104 109
106 46
34 83
30 46
44 7
35 42
60 28
49 101
74 116
38 91
94 69
108 53
69 22
4 22
118 58
37 43
20 118
105 68
101 84
79 83
75 16
45 83
82 116
86 39
114 5
38 76
24 93
98 43
66 126
43 100
13 97
111 81
41 54
51 92
17 118
38 89
102 41
118 77
75 39
100 87
82 126
88 96
53 0
107 123
22 88
89 100
47 35
115 95
75 67
11 62
106 88
114 93
36 73
96 63
3 28
30 85
93 21
61 114
59 113
61 35
14 37
87 104
65 11
2 75
93 86
33 19
74 109
13 102
42 119
105 8
9 65
113 102
114 69
44 62
84 47
77 68
93 99
33 89
16 7
61 32
89 32
126 65
12 114
87 80
89 52
83 106
99 98
61 94
1 72
60 3
85 99
20 53
94 14
28 113
82 43
124 28
120 126
17 24
102 59
107 41
79 60
125 70
107 83
36 37
93 94
28 1
126 124
58 104
36 99
73 84
15 28
12 53
26 116
88 103
100 96
40 80
67 74
23 112
50 82
28 66
118 29
93 118
74 10
99 103
51 119
107 120
56 81
23 4
59 50
88 105
122 87
23 107
47 5
39 19
85 47
86 37
107 34
91 5
27 117
120 28
21 35
85 4
8 60
15 17
111 85
62 78
32 36
78 19
85 116
69 12
126 87
41 70
123 20
78 104
111 83
104 125
60 20
76 37
97 115
51 104
92 120
1 2
41 48
22 62
115 67
89 34
124 62
35 110
30 22
111 95
46 122
50 32
88 62
27 28
121 61
18 116
79 51
1 67
45 116
108 78
73 48
29 3
93 26
23 114
87 99
112 50
43 88
14 45
28 122
126 12
35 57
72 33
64 47
99 88
36 11
13 105
35 58
43 14
90 98
64 11
12 59
1 23
16 93
38 107
66 7
23 39
115 110
11 78
101 55
76 7
51 53
11 87
88 77
123 16
125 15
93 51
19 92
50 0
18 119
24 99
104 110
22 113
57 120
110 71
105 18
112 124
97 61
63 68
39 101
95 32
97 95
52 34
69 23
16 56
82 4
2 107
19 56
8 33
89 102
98 20
54 51
57 104
40 19
43 47
32 86
54 56
105 96
119 41
6 80
92 111
59 78
123 105
110 88
56 59
99 50
54 24
14 48
22 98
66 79
41 20
15 57
1 66
31 69
35 46
63 3
110 37
74 8
120 109
72 110
10 32
18 47
110 58
69 70
119 2
58 107
120 13
100 87
57 44
62 31
4 79
88 20
62 29
7 117
44 13
36 50
20 49
52 56
16 69
79 48
111 81
46 54
105 37
81 73
90 42
115 20
4 124
93 84
71 38
33 44
99 51
61 51
91 116
19 93
96 44
60 7
32 109
126 85
74 20
10 91
113 89
66 63
77 15
8 55
14 68
28 127
36 86
125 116
114 43
58 67
67 121
54 120
26 44
11 82
22 54
54 2
7 82
34 73
46 55
119 76
108 126
25 0
35 96
102 41
75 89
75 114
0 78
58 94
110 53
38 117
92 91
54 51
15 43
3 76
92 97
77 3
2 97
31 126
55 8
58 108
124 109
37 34
123 79
4 88
31 41
23 25
110 119
21 51
91 6
65 16
53 52
80 32
49 11
60 79
79 99
114 123
80 109
113 42
22 107
93 74
48 31
36 14
102 64
38 87
84 124
8 70
48 57
118 70
96 115
62 48
83 34
74 98
121 23
55 3
63 99
2 126
23 82
45 17
79 38
94 34
31 118
124 70
98 0
71 33
90 89
86 71
44 113
49 30
97 4
78 70
106 45
115 94
12 92
41 53
3 24
79 21
65 98
36 4
89 90
54 21
62 33
116 69
52 69
52 10
56 108
43 62
66 62
43 36
23 120
82 37
59 44
79 89
73 33
104 8
113 48
64 87
111 120
91 47
6 22
67 49
62 19
72 96
65 55
21 20
53 41
125 88
6 46
32 37
108 57
9 109
90 63
86 7
118 90
90 0
52 36
119 61
9 12
9 87
74 48
107 26
7 101
1 41
38 82
85 83
69 28
111 47
49 122
62 10
73 84
13 1
40 102
83 36
89 111
112 44
20 28
37 2
24 67
15 56
48 56
108 117
77 48
101 59
124 45
74 60
63 126
50 14
97 23
32 121
106 40
60 87
14 36
111 20
111 2
34 83
36 118
124 78
9 119
4 28
52 7
16 92
81 94
28 51
61 81
90 59
27 105
80 98
89 100
119 105
110 54
19 35
45 9
34 43
115 17
51 114
85 53
69 22
68 72
11 82
20 116
113 96
52 113
77 11
3 118
29 116
74 35
77 121
23 90
75 100
89 33
86 38
101 65
107 68
87 41
97 22
23 117
116 24
25 40
98 20
123 116
104 103
67 62
41 78
122 17
62 113
49 55
108 1
10 34
