87 9
55 30
10 93
23 109
5 61
85 90
80 30
67 55
53 126
34 66
44 20
22 87
100 71
38 24
40 36
44 7
7 2
109 94
33 20
54 106
88 60
64 95
45 122
47 24
21 84
39 56
70 121
106 25
77 48
81 60
61 82
109 66
126 39
64 43
19 60
60 64
92 80
53 40
4 57
16 32
15 122
99 45
47 66
56 8
126 28
110 81
3 38
5 118
23 10
105 38
90 48
42 26
82 106
30 104
43 105
36 58
95 26
124 55
5 23
119 42
76 42
51 115
17 54
40 96
48 89
108 87
108 26
120 13
32 126
127 62
4 95
58 98
84 27
42 88
66 57
44 102
50 38
86 39
103 23
120 119
75 19
126 16
85 67
124 110
52 70
28 36
13 39
84 25
56 12
48 108
89 1
91 14
110 82
10 71
82 24
81 73
92 119
78 37
77 69
57 108
33 119
43 104
122 114
29 89
97 72
99 15
34 114
13 84
103 48
41 1
120 91
126 123
6 16
117 56
55 12
25 51
48 127
36 26
90 70
27 12
21 85
86 24
66 44
65 39
28 122
44 15
67 104
111 15
61 29
98 23
118 99
102 58
54 127
125 90
122 45
47 41
45 34
108 91
56 96
77 56
125 113
18 11
61 48
66 99
105 10
98 86
82 101
34 124
39 19
99 100
13 72
94 97
25 7
66 126
29 124
47 93
119 16
110 96
22 25
34 81
44 8
117 80
25 28
79 8
56 77
84 30
113 75
49 1
0 42
1 4
0 82
109 27
30 20
9 119
127 8
71 20
1 89
73 47
4 77
99 13
99 31
76 45
94 74
68 116
26 98
40 16
46 50
71 75
31 6
43 79
60 9
6 19
104 1
76 109
67 33
40 29
125 118
43 109
110 21
73 115
5 101
41 24
115 111
7 89
36 77
72 46
14 12
1 25
124 87
78 8
81 39
6 23
75 107
21 67
110 9
1 79
76 23
32 70
109 82
55 14
114 109
38 89
3 110
85 62
48 39
112 99
48 82
44 109
81 107
66 10
3 17
100 9
88 8
123 46
27 52
1 5
15 30
110 74
87 126
28 38
112 55
111 51
112 72
108 56
21 5
101 12
80 7
29 34
102 81
114 66
24 20
52 83
17 78
61 7
61 106
117 45
19 42
73 68
108 36
69 123
26 20
108 29
23 45
21 41
102 7
43 31
73 77
29 102
81 50
108 69
2 35
64 82
68 77
62 97
1 34
54 34
54 125
50 9
16 34
45 83
17 75
110 86
87 93
44 74
77 75
115 21
101 59
74 22
41 102
43 57
110 98
122 19
52 40
86 110
62 125
33 47
61 60
76 82
110 42
85 84
20 110
23 112
90 25
28 56
117 87
123 3
48 105
48 3
10 122
122 32
34 65
63 124
104 103
71 106
55 70
9 117
31 123
49 33
119 64
42 121
125 68
27 79
65 125
29 6
66 55
82 99
74 45
47 22
114 60
123 11
0 72
1 98
73 76
30 102
80 8
89 56
108 47
116 113
15 97
16 103
71 100
126 9
16 47
37 97
16 83
36 59
24 30
98 59
119 98
82 122
125 76
106 14
14 67
90 43
123 77
116 83
46 37
86 9
127 51
87 17
119 123
56 24
3 63
7 73
103 123
74 2
18 7
89 121
18 75
89 28
77 121
60 117
124 67
42 104
98 9
116 11
109 83
74 4
102 87
44 121
98 102
59 82
18 102
56 35
42 73
126 2
105 71
54 46
86 80
89 46
1 51
101 62
19 56
56 42
57 33
38 113
45 11
74 43
97 80
119 4
53 80
63 106
113 57
1 100
28 42
99 115
6 29
87 103
9 44
94 121
35 107
4 83
40 77
29 89
69 10
85 51
13 71
23 46
111 89
122 99
32 65
5 9
32 70
107 9
104 100
40 27
51 11
77 122
5 73
17 100
48 117
117 0
118 71
63 112
100 38
106 91
99 41
16 114
34 82
32 1
90 57
59 33
49 84
3 43
95 28
48 70
57 58
85 6
76 102
93 67
8 60
34 43
106 81
42 118
93 54
91 100
41 86
57 112
10 62
60 29
82 39
58 114
30 70
113 119
58 47
38 96
15 111
81 29
33 116
50 19
33 61
61 31
6 97
49 119
124 22
40 63
28 105
71 66
83 59
30 79
92 64
14 122
56 19
79 49
87 69
42 38
22 66
89 97
110 26
28 75
99 88
49 33
95 28
116 72
58 85
55 36
34 51
107 96
49 31
76 87
116 97
23 108
70 45
39 15
20 29
100 53
60 77
96 98
83 37
9 3
107 122
25 35
57 70
99 78
56 53
121 72
53 35
18 14
117 84
26 106
60 113
51 8
112 119
26 47
30 8
8 117
61 114
5 38
34 117
72 52
34 32
69 111
50 106
25 85
113 3
26 22
92 19
71 97
67 17
34 117
104 114
80 123
27 79
7 75
25 50
63 12
108 51
23 10
103 14
104 15
48 101
95 106
32 47
119 77
57 26
37 36
112 125
100 99
7 114
107 91
113 12
16 73
16 55
85 122
4 101
83 29
4 121
36 70
69 120
51 11
7 12
95 2
84 90
120 42
37 71
96 106
46 14
72 6
2 114
51 107
65 107
96 121
32 116
78 71
116 74
62 74
107 113
100 49
17 75
116 36
107 56
77 15
3 62
105 112
50 51
47 122
95 8
42 18
50 23
126 118
106 82
118 14
27 85
81 123
107 12
106 108
43 90
10 63
4 107
23 109
36 19
92 80
105 23
30 102
55 95
26 116
94 24
62 92
44 43
75 71
73 95
4 124
31 108
41 119
87 119
6 104
82 95
20 106
18 80
119 64
84 81
104 11
25 105
13 36
38 30
41 11
30 56
24 127
122 118
34 102
102 43
17 92
5 71
110 49
103 42
23 39
32 114
87 91
3 18
78 1
79 63
45 109
82 47
57 36
125 28
43 64
115 86
17 122
82 44
32 12
79 23
86 51
92 120
26 103
52 73
71 14
34 12
79 66
76 123
107 122
113 95
114 64
31 116
124 81
125 75
93 44
57 30
100 34
85 13
91 124
73 44
116 100
17 4
101 109
97 92
40 55
122 37
46 18
97 60
54 11
106 100
56 57
108 67
11 53
61 40
110 78
61 111
118 77
10 92
57 84
109 86
41 113
110 93
26 2
84 10
50 66
60 125
61 110
126 83
3 7
74 81
95 36
91 111
89 26
93 73
8 32
41 117
24 61
49 122
31 115
16 24
61 53
116 105
109 126
2 107
124 121
88 121
38 80
96 94
79 118
89 5
41 117
74 59
7 38
6 26
14 16
69 125
98 117
67 89
43 92
42 46
112 52
70 72
29 57
19 71
125 67
109 19
12 6
45 76
120 68
60 90
4 52
11 26
71 31
116 62
89 106
14 96
57 110
17 85
95 111
4 88
119 36
10 21
26 14
84 114
121 115
118 49
39 126
91 94
62 67
63 54
116 41
126 117
103 19
3 77
92 54
66 101
112 39
68 96
104 114
43 64
106 2
45 24
113 64
69 71
13 102
85 80
87 62
33 93
90 125
48 106
55 71
119 118
89 75
81 125
80 93
27 57
38 56
17 34
58 89
126 67
122 24
79 39
31 81
125 40
53 38
29 5
38 51
19 30
7 77
80 117
37 51
114 48
88 9
23 94
107 127
41 85
52 50
9 67
78 66
61 102
20 71
79 62
106 117
10 0
99 37
8 61
16 89
45 8
116 121
15 57
10 9
44 109
93 63
104 81
69 2
111 118
44 63
26 83
115 124
43 108
16 37
40 108
66 116
92 38
19 97
49 42
17 104
117 51
63 59
111 80
60 87
75 101
90 30
57 97
114 39
32 99
23 1
67 94
5 91
2 118
126 38
51 86
56 91
44 7
66 121
73 29
73 101
75 98
40 5
125 6
15 95
100 67
28 55
44 70
37 101
79 6
89 83
97 70
106 3
70 42
22 73
2 60
8 98
107 82
4 26
34 39
120 117
80 34
115 69
84 25
10 73
47 125
37 68
48 89
13 65
69 42
24 100
111 70
42 15
63 10
127 27
24 113
75 2
41 10
48 5
56 101
65 69
90 63
89 116
100 38
19 103
11 123
87 61
97 36
34 83
17 62
15 69
103 18
93 82
75 30
90 75
105 59
124 27
127 11
33 76
13 15
15 10
78 38
27 22
123 48
65 58
71 12
126 71
19 108
55 64
96 121
120 75
125 28
5 34
6 92
14 67
82 27
66 85
21 3
117 110
121 78
102 20
96 88
39 104
33 49
44 74
99 2
1 78
51 61
8 85
125 36
1 99
44 52
22 123
34 12
78 27
116 70
1 123
77 72
72 54
79 18
93 64
35 104
73 16
21 123
29 21
52 14
88 115
100 4
116 52
93 100
122 109
73 105
52 104
106 28
59 111
12 16
29 103
85 12
61 4
78 48
108 96
72 5
60 12
14 51
49 100
69 68
13 123
114 90
74 61
103 100
100 115
92 69
18 50
83 96
119 24
77 44
0 17
125 94
41 91
3 65
29 7
45 2
35 108
39 78
82 79
120 105
52 27
47 61
79 19
28 102
62 49
74 0
39 6
27 109
123 26
94 31
19 8
79 70
125 77
45 114
71 5
49 60
34 6
127 94
3 6
121 9
105 89
62 7
55 73
90 74
125 36
109 52
47 22
127 78
42 102
18 46
90 78
25 64
76 55
125 11
32 30
87 96
124 120
92 93
60 50
12 93
34 36
34 39
31 80
15 91
100 116
14 69
96 75
35 30
97 121
59 5
13 117
9 94
44 99
114 25
74 9
98 11
96 64
57 5
106 69
86 109
24 31
2 82
83 18
71 84
44 110
38 34
59 104
18 109
47 14
109 81
83 81
55 97
102 50
115 84
68 28
105 2
7 1
42 22
112 67
3 18
67 58
21 22
107 17
50 58
9 69
82 124
39 4
103 67
41 12
29 90
123 12
122 36
75 66
11 106
78 72
83 91
78 18
40 53
119 82
120 105
4 89
56 104
32 67
74 84
97 29
77 99
62 81
74 125
107 47
60 38
50 34
10 17
13 40
43 53
121 115
42 9
11 66
49 96
33 28
118 66
34 71
70 62
0 45
82 50
6 62
74 49
97 126
107 100
91 99
54 9
9 24
13 127
22 88
85 116
18 71
34 84
110 63
116 62
84 47
110 67
51 70
43 93
55 126
25 24
28 103
79 8
37 108
87 85
4 102
4 46
94 65
45 59
106 53
67 87
88 26
39 125
120 70
86 64
112 115
112 33
0 88
18 54
119 13
83 18
94 117
31 47
35 8
59 72
125 91
65 112
115 51
4 31
95 77
53 112
60 8
83 108
26 89
107 80
119 15
14 47
109 55
104 51
9 105
10 0
3 6
95 99
5 52
110 113
85 30
96 53
67 117
86 14
27 82
16 108
11 5
54 72
7 91
9 54
112 31
39 47
69 12
88 114
33 114
13 63
47 81
80 65
17 52
92 63
9 121
73 7
39 21
49 27
113 117
115 70
37 77
117 70
117 84
67 83
84 77
94 26
11 78
98 30
31 19
6 47
43 79
116 77
72 34
83 56
41 124
1 53
52 10
8 28
46 52
117 33
53 109
61 44
30 94
111 79
78 79
69 72
17 54
93 79
102 97
60 16
127 97
29 86
117 32
118 75
19 14
58 109
58 110
101 100
103 124
88 103
25 117
9 70
79 80
19 38
67 66
118 89
92 77
30 118
24 125
98 47
33 101
26 73
121 36
105 16
95 118
103 42
44 79
88 9
70 15
78 28
31 49
35 86
14 64
35 34
117 60
57 99
74 91
116 41
54 108
77 41
61 56
43 34
110 37
98 104
106 11
55 19
18 117
60 39
54 12
25 84
96 47
69 22
45 92
123 96
123 97
39 80
115 73
60 54
71 14
43 110
83 58
55 50
125 118
87 11
78 100
9 51
119 82
110 70
121 54
125 19
79 35
54 41
120 116
90 58
114 106
11 50
94 121
80 111
25 60
98 38
77 122
9 83
79 109
20 116
116 58
122 117
0 116
116 8
67 124
37 56
43 63
79 108
14 77
42 108
104 115
119 42
65 56
70 58
57 73
16 47
5 76
70 47
69 44
10 6
52 120
119 31
32 110
43 28
34 107
34 86
123 42
91 40
31 126
78 72
116 103
57 81
105 29
54 70
12 79
42 64
62 96
105 38
33 38
10 47
64 120
53 83
65 2
62 119
21 100
4 8
49 68
106 7
43 79
114 2
126 17
76 51
33 122
80 70
60 121
66 114
68 28
56 76
122 75
13 110
15 100
122 44
70 86
62 104
73 101
28 30
86 4
111 28
99 59
86 125
29 53
74 94
16 34
16 35
85 67
2 108
88 50
42 54
9 10
118 50
66 57
122 90
2 67
3 68
79 43
112 0
114 95
72 107
118 102
82 113
38 35
91 48
49 122
80 68
52 51
72 6
68 20
102 56
41 3
6 76
125 86
69 13
37 71
40 90
51 82
46 63
25 44
42 9
41 105
19 97
46 111
80 31
40 6
72 115
113 25
29 22
46 48
115 86
51 24
109 0
121 118
111 88
117 94
30 41
105 52
118 124
97 121
11 86
29 90
23 18
99 78
62 86
37 94
121 103
46 27
107 20
115 22
80 61
34 36
47 69
75 7
84 81
101 38
42 53
10 47
100 74
60 96
19 78
40 26
121 35
41 94
119 75
83 3
44 2
42 118
14 17
19 97
46 109
113 92
89 7
93 34
60 19
95 64
52 72
42 86
121 43
81 35
42 107
83 23
43 5
64 119
20 16
51 36
69 41
1 67
15 87
125 56
115 38
74 29
48 25
1 14
96 101
34 7
61 12
18 56
10 15
7 97
118 17
71 60
105 125
80 62
118 117
119 21
27 29
9 37
124 40
67 100
51 96
60 35
64 86
28 3
65 53
4 106
17 41
30 16
111 90
34 87
95 9
115 0
84 76
56 6
112 95
79 102
2 108
96 57
20 8
51 21
99 84
7 34
56 73
52 3
78 126
116 6
6 106
63 86
119 91
126 84
8 33
15 119
40 114
97 35
96 61
121 33
24 107
106 75
67 53
38 80
50 90
85 84
64 107
107 64
83 84
68 123
45 117
29 118
97 27
52 115
98 20
68 30
60 91
25 19
32 60
121 97
66 68
92 41
43 4
111 101
77 31
52 115
59 113
97 121
2 93
97 72
0 43
8 9
78 104
55 12
124 45
19 103
21 54
2 115
12 38
20 115
23 86
93 14
91 14
86 120
102 74
8 46
10 97
19 13
105 98
113 13
20 117
34 67
22 49
122 117
118 10
13 19
90 77
5 35
36 80
87 76
56 88
81 48
65 18
7 100
24 95
48 99
68 100
88 1
24 124
106 64
37 13
93 127
87 114
91 55
57 82
66 53
109 120
16 38
19 2
114 38
15 17
83 20
50 96
55 80
94 52
73 5
23 10
79 119
35 107
37 61
2 100
101 48
56 84
47 95
48 124
51 32
22 12
28 6
106 53
32 116
64 112
29 28
7 35
13 61
102 1
21 8
46 90
1 39
125 102
53 123
19 40
120 98
90 3
44 4
108 122
13 5
16 60
124 15
68 45
4 113
59 49
35 6
83 77
45 68
111 44
85 39
23 81
78 13
65 90
7 62
55 19
15 116
91 115
72 57
127 77
40 58
95 119
31 106
126 103
99 62
104 126
115 31
95 16
116 95
31 19
23 20
30 70
35 26
47 102
26 34
115 30
92 106
8 93
89 42
68 7
79 32
89 39
69 37
66 38
112 125
4 94
127 48
60 26
43 33
121 84
83 108
25 47
86 47
55 8
81 102
111 77
69 112
10 95
57 53
102 71
116 72
63 15
40 86
103 54
15 57
73 37
80 112
75 83
14 18
13 100
70 53
68 66
52 22
61 92
5 26
118 86
42 30
86 114
90 119
26 52
82 16
110 58
84 13
46 77
6 1
50 85
66 36
7 70
73 87
21 59
46 38
1 74
80 98
82 117
114 44
15 84
19 32
7 51
20 122
20 22
2 120
63 115
112 96
83 67
106 27
52 10
57 58
66 120
108 3
122 48
125 65
83 2
33 19
46 92
98 100
20 70
64 100
62 46
72 1
101 0
85 28
92 15
42 102
8 118
116 65
82 51
30 66
40 68
81 10
61 63
92 70
45 58
31 5
60 97
57 27
102 90
120 108
62 37
54 60
52 28
33 41
86 71
69 53
97 62
108 90
73 78
21 90
74 63
61 0
37 123
45 95
119 7
92 114
49 91
30 16
24 105
13 78
81 48
7 98
25 113
11 67
85 97
38 69
102 119
10 19
15 31
49 62
57 26
77 70
116 108
3 64
39 45
4 48
14 85
73 70
119 1
72 122
33 82
50 123
2 51
82 75
10 117
46 18
50 71
25 38
84 86
116 10
83 12
55 112
26 50
119 110
126 18
39 107
75 6
98 27
28 104
114 123
31 2
87 104
39 77
100 65
111 13
68 81
90 29
23 7
95 49
43 14
77 108
23 60
7 55
105 111
96 103
46 65
79 86
92 69
110 72
108 94
66 10
112 43
7 122
82 125
67 25
62 104
78 61
94 95
47 1
91 89
60 88
98 47
90 127
81 118
27 16
127 87
98 106
49 31
22 93
49 17
27 28
5 120
34 95
96 83
75 46
35 39
108 5
18 99
90 95
66 49
90 66
95 122
13 19
18 27
97 113
40 14
116 12
46 33
67 33
66 62
4 58
22 121
20 108
102 37
20 126
12 127
50 124
125 61
29 69
45 105
89 60
117 32
9 96
70 106
1 106
98 76
49 48
36 16
109 111
33 99
33 125
127 40
81 79
70 68
117 43
52 6
82 17
65 27
72 24
29 94
65 80
12 74
54 125
65 30
14 48
48 75
8 81
68 1
109 20
54 59
16 103
125 61
79 1
84 91
74 91
1 98
95 60
38 78
90 22
89 120
107 75
4 117
114 28
126 27
18 90
38 32
70 3
25 35
92 116
19 94
19 90
109 35
20 23
83 55
55 74
58 105
121 107
34 12
47 4
122 21
99 8
73 13
115 101
116 119
25 94
38 3
125 107
30 103
55 44
4 55
96 75
112 56
116 64
56 109
34 113
82 50
47 115
15 102
116 126
42 61
39 37
37 8
27 30
62 37
91 95
24 82
3 57
32 112
68 84
15 21
48 14
102 97
125 114
96 86
67 52
19 99
43 81
84 77
69 81
87 55
111 102
102 119
99 116
31 36
99 5
127 10
76 52
104 96
109 28
102 26
42 102
105 108
102 36
122 62
14 109
101 25
67 66
20 109
76 4
81 56
45 23
78 66
62 88
63 44
111 112
119 72
120 39
10 16
96 34
61 48
31 72
81 2
55 26
98 91
94 122
110 51
42 29
50 7
96 60
105 43
24 13
112 44
84 100
78 94
38 24
124 114
3 40
11 117
77 52
84 123
71 88
52 46
78 67
120 84
91 100
122 60
117 14
125 47
20 103
69 124
57 15
79 30
51 117
95 98
80 82
81 122
13 118
6 13
124 69
42 77
80 13
79 25
4 72
109 72
35 28
13 95
85 70
55 8
63 68
105 123
126 0
66 113
11 106
51 64
99 118
88 27
36 94
92 88
52 13
116 126
107 57
15 56
125 9
120 79
96 79
92 5
47 86
83 50
62 90
67 109
77 112
87 56
35 24
127 74
84 119
122 45
69 45
89 64
126 56
4 87
108 11
17 74
97 110
3 23
30 85
94 6
39 45
112 52
117 71
44 100
22 75
53 21
10 127
96 52
2 99
92 32
49 37
14 13
49 39
114 55
35 106
122 100
57 24
85 25
68 60
14 55
87 88
65 62
52 37
122 45
109 106
74 88
17 86
13 52
93 39
68 93
110 19
23 124
85 5
38 116
37 53
55 81
40 65
89 13
102 81
15 39
109 22
100 43
21 47
97 41
38 17
114 54
80 9
8 97
51 38
92 114
108 106
7 10
64 96
124 41
27 95
10 92
16 89
86 77
100 44
18 104
90 78
20 6
95 35
4 45
33 55
13 46
38 90
104 101
125 110
8 84
41 46
51 26
26 113
25 83
112 3
68 2
125 75
2 122
36 86
26 49
32 86
23 55
64 117
57 42
10 75
80 70
118 102
117 90
125 10
9 99
67 121
10 9
27 91
4 93
33 1
58 79
37 125
113 48
25 108
6 65
112 5
36 16
105 90
99 6
65 60
68 108
34 27
86 37
62 8
51 7
85 116
59 36
103 99
105 71
30 97
83 118
94 9
18 9
15 16
69 53
8 103
117 119
45 85
104 65
97 42
22 63
111 103
13 100
67 2
123 21
87 17
108 57
37 105
26 32
42 67
27 16
11 23
120 53
109 115
1 14
116 18
92 86
4 118
10 117
17 3
38 49
80 43
16 122
20 114
113 52
87 92
96 68
75 29
98 34
56 28
103 33
6 78
88 2
20 7
80 21
100 107
63 112
97 81
109 89
116 65
104 89
89 18
93 30
81 31
117 72
41 81
79 52
94 46
125 40
64 12
121 66
51 5
15 105
0 12
11 77
39 0
100 96
73 13
33 52
24 45
100 104
9 99
23 69
79 31
42 3
77 92
43 90
80 120
81 75
7 38
94 118
100 71
76 30
100 92
82 75
45 7
87 38
127 92
20 61
86 46
71 73
67 6
61 95
14 24
19 104
8 115
21 76
21 110
111 98
88 75
109 46
115 21
83 51
121 64
15 112
41 24
94 100
36 95
120 86
99 120
31 43
81 61
70 35
42 59
93 88
30 12
104 118
46 69
1 46
36 85
79 74
91 92
58 75
29 12
29 90
56 24
2 56
100 122
56 24
119 68
113 11
49 102
106 120
56 111
70 86
10 4
82 53
78 100
119 81
37 74
4 110
12 1
115 47
90 14
71 81
60 79
66 75
92 77
126 43
99 5
78 86
81 118
36 117
23 85
60 30
15 76
65 18
18 100
102 82
8 30
101 46
110 71
4 3
72 27
78 100
31 56
108 43
61 12
122 25
97 72
69 60
75 94
9 96
72 97
26 85
46 121
103 50
75 74
105 99
9 76
67 112
76 28
85 53
123 102
47 78
37 83
107 80
6 68
25 55
97 123
27 57
113 8
19 65
120 107
103 112
111 5
75 70
18 120
72 48
41 13
75 81
1 25
68 41
77 18
18 126
57 69
30 96
67 45
44 57
82 68
114 63
119 47
122 111
18 5
102 108
43 94
25 121
57 116
5 77
114 88
38 110
59 93
8 114
119 93
50 69
4 106
32 75
67 119
11 48
105 68
56 24
24 16
30 14
93 80
72 94
43 112
86 121
126 40
64 35
39 108
48 82
96 74
32 68
57 27
69 112
7 95
82 55
106 37
16 32
14 19
36 118
6 112
86 87
54 111
42 7
46 90
97 52
23 64
101 0
68 97
96 19
18 81
56 111
48 44
108 95
45 57
112 86
75 87
32 108
32 87
33 52
88 29
76 90
57 72
51 68
50 9
98 18
47 53
7 34
29 116
29 5
109 61
36 94
77 74
76 42
18 65
127 92
117 114
9 15
5 29
43 102
60 70
98 33
48 76
63 88
123 95
102 126
118 36
46 115
81 4
28 21
82 76
76 37
31 3
115 9
46 38
91 3
93 67
109 117
20 110
20 83
103 17
98 122
6 104
7 70
102 100
81 29
118 25
100 73
82 38
21 40
91 114
29 72
59 31
46 16
73 31
12 110
51 96
63 55
64 125
15 12
0 27
80 37
2 24
16 117
80 22
41 124
87 51
77 111
14 4
82 78
95 73
79 98
1 49
1 81
61 44
50 54
21 105
39 18
38 99
60 113
94 97
71 17
3 70
31 12
119 23
109 7
48 103
1 31
26 85
85 91
68 113
102 20
36 48
54 74
75 1
76 24
60 79
75 1
94 38
87 16
68 95
84 33
41 2
54 65
49 91
77 13
90 22
36 57
49 5
23 63
74 88
3 124
57 83
83 100
49 69
62 46
27 45
119 81
63 100
6 54
62 44
22 0
24 30
111 19
37 55
34 7
94 26
106 42
40 96
70 51
11 102
10 30
5 41
67 20
89 54
102 71
5 29
69 10
49 92
100 57
77 115
54 119
21 32
107 74
89 62
52 21
124 118
27 93
13 23
53 38
66 0
106 114
53 48
9 11
84 50
61 64
7 90
52 124
120 30
72 62
93 25
23 38
58 7
57 90
4 120
125 67
76 102
93 103
110 18
41 88
116 44
109 10
18 74
126 80
34 22
26 8
101 127
12 79
86 75
69 88
82 45
115 42
16 1
23 61
42 71
47 116
85 123
12 100
25 111
16 51
62 109
40 56
59 79
9 37
127 86
86 10
8 24
40 56
8 0
120 14
120 50
0 51
64 108
124 111
55 61
119 35
107 60
74 40
50 76
47 23
32 83
11 124
16 104
66 24
92 31
7 108
110 88
115 126
57 60
63 94
42 72
83 6
78 75
48 11
46 110
109 58
65 51
3 74
122 28
59 33
9 82
65 37
35 44
108 36
0 75
32 104
11 124
62 39
12 5
29 27
32 115
76 73
34 23
106 94
22 89
24 65
18 69
102 104
52 35
66 37
33 70
97 98
99 95
45 25
60 102
39 35
18 44
59 116
85 13
119 33
25 90
20 87
63 50
23 16
20 76
66 33
16 117
89 49
77 19
43 76
48 49
114 101
14 87
5 116
41 94
45 86
92 77
10 28
101 54
98 29
37 81
48 64
126 5
104 95
71 20
49 103
91 108
71 17
97 38
86 28
24 43
78 105
43 22
113 11
50 116
7 73
45 72
43 68
12 57
102 44
63 54
102 89
38 19
25 97
88 7
54 81
3 105
127 93
78 90
77 71
8 64
100 120
68 49
73 78
95 32
81 70
126 68
117 98
24 42
24 68
119 120
30 80
5 66
9 117
7 105
104 15
124 79
93 83
62 69
57 114
73 108
109 101
76 50
33 64
7 113
21 75
101 48
35 61
56 10
40 112
119 72
30 117
114 105
114 76
10 14
97 62
46 39
62 74
87 62
54 98
19 40
19 4
26 116
53 82
5 26
45 118
119 118
16 84
88 92
39 48
120 110
78 30
49 54
118 22
55 60
92 43
91 3
120 85
48 31
100 42
109 55
61 85
69 110
28 41
94 79
2 120
57 51
115 107
106 81
85 64
125 127
93 85
58 36
93 35
125 126
100 24
59 126
23 37
63 23
80 62
111 11
116 118
125 68
1 63
59 25
46 40
120 121
92 59
87 19
106 89
46 78
67 19
119 71
18 22
94 33
107 13
86 7
81 40
30 107
32 3
59 77
86 54
126 36
110 60
0 118
22 72
81 52
25 119
107 114
115 89
43 61
105 90
68 118
119 124
45 81
89 25
124 117
49 94
30 101
126 62
5 15
22 94
52 109
27 86
124 80
126 59
110 122
78 95
6 55
97 22
47 23
29 119
