155 233
103 224
143 105
26 159
89 71
221 140
75 147
130 168
22 0
34 24
18 163
10 38
169 243
172 110
18 226
168 13
215 186
48 64
27 205
123 160
11 225
93 155
24 185
82 240
158 0
131 90
142 245
248 193
63 199
88 18
19 52
129 144
107 92
228 148
60 23
47 67
115 12
194 73
37 208
41 163
185 66
158 243
203 38
243 213
196 225
80 43
228 243
50 246
88 68
56 104
33 197
211 114
101 183
139 175
145 85
39 187
58 56
12 164
226 80
138 161
225 78
168 12
143 113
207 25
236 156
174 117
2 134
224 61
44 81
226 239
33 223
205 60
136 166
89 152
83 183
205 186
163 150
132 153
99 229
222 105
234 50
123 12
106 64
201 30
118 148
147 198
80 238
28 71
246 164
234 39
76 133
117 219
159 212
123 57
167 247
239 177
138 36
121 46
55 168
247 184
18 184
72 158
193 188
56 147
149 220
5 64
14 74
170 122
16 217
28 200
208 22
93 108
55 210
137 239
120 5
4 231
82 26
218 14
201 13
242 95
242 2
63 160
27 198
80 205
103 133
181 206
10 28
234 95
187 50
36 177
137 180
22 61
10 9
99 150
3 20
186 169
41 112
180 1
209 105
11 112
245 131
138 178
103 92
123 46
205 139
70 188
61 18
61 37
192 108
122 129
173 81
161 183
205 15
181 70
49 60
137 226
233 15
137 194
204 89
177 210
94 234
41 30
190 139
28 26
65 23
190 33
15 159
156 165
134 199
144 237
178 90
232 239
26 166
189 164
90 237
112 35
197 135
211 152
104 3
146 199
207 135
248 170
154 228
162 103
173 124
3 224
245 93
167 200
227 133
51 215
148 162
197 121
164 58
104 19
1 79
215 156
66 51
148 42
171 157
58 170
120 51
131 96
113 115
234 179
71 141
238 103
126 149
108 192
126 149
17 182
123 145
63 175
194 160
86 26
234 49
60 80
132 127
119 52
180 76
183 93
155 61
68 191
47 124
54 58
85 99
58 48
67 131
41 76
210 248
225 125
86 3
19 39
222 109
112 56
41 150
80 76
29 75
31 234
59 103
179 145
138 43
183 78
134 209
120 27
214 141
62 206
234 202
110 36
22 111
36 77
35 170
187 25
148 98
135 111
0 203
141 152
105 118
123 231
63 244
74 156
84 10
191 107
35 12
24 54
99 57
193 182
117 20
133 16
88 188
233 95
50 14
8 210
64 146
209 241
203 221
88 213
211 45
80 162
219 76
191 81
138 132
201 6
27 162
156 34
34 31
49 227
87 86
152 130
211 181
159 26
214 10
245 69
66 140
27 233
218 229
60 79
176 186
146 40
59 182
184 231
113 70
236 158
240 86
180 41
157 20
15 19
157 144
65 167
203 76
209 248
68 238
215 118
214 115
135 189
190 117
235 49
209 182
90 131
47 180
246 144
225 98
35 13
97 22
55 182
212 245
65 103
223 107
147 165
228 34
106 219
152 123
7 21
203 158
34 219
123 34
198 125
216 183
153 161
242 168
173 84
147 237
133 240
201 183
170 67
55 13
115 91
65 114
86 242
28 179
111 131
237 160
54 46
42 142
43 26
29 178
11 23
129 243
14 162
52 140
131 109
194 183
202 5
59 33
87 174
18 190
2 12
145 35
61 77
191 159
219 224
221 86
218 213
133 160
230 75
172 174
215 3
218 110
221 129
246 137
47 90
187 160
60 186
88 66
17 51
113 167
192 241
100 138
232 43
100 215
145 89
237 44
133 186
67 192
83 109
237 127
9 159
243 27
159 96
179 60
112 12
61 120
16 157
225 75
31 67
121 102
15 119
227 184
32 147
156 163
186 141
195 135
199 111
125 49
151 82
120 221
171 81
30 138
214 34
192 110
5 127
148 209
163 131
90 46
26 47
119 66
206 39
3 130
241 192
245 82
202 208
151 99
17 125
141 75
133 65
22 68
185 148
225 223
221 149
199 89
85 200
215 49
120 183
29 203
196 218
232 246
115 94
168 91
97 70
61 176
4 178
53 122
32 62
7 203
38 170
54 188
144 224
12 146
20 237
131 69
121 228
62 192
141 59
99 73
12 51
150 167
177 204
10 145
1 192
57 86
142 212
80 220
133 103
24 108
76 217
70 90
58 79
62 17
198 169
211 51
99 226
92 227
12 141
217 187
47 236
194 147
196 151
185 187
150 119
49 218
59 67
161 203
133 239
13 184
30 8
101 17
4 244
144 127
40 226
171 103
49 70
71 110
241 104
205 185
47 29
96 44
49 200
228 81
248 60
68 123
101 130
160 92
86 81
67 5
37 86
139 26
15 165
84 196
59 72
204 176
145 176
48 78
118 92
145 52
83 160
233 130
141 199
189 234
6 9
126 72
113 182
34 222
60 15
79 158
103 95
5 52
241 220
223 16
17 55
93 196
128 34
225 211
228 179
20 56
240 193
20 160
9 198
63 99
76 218
129 153
101 124
105 243
87 14
235 1
36 128
98 134
172 163
51 100
113 221
165 234
45 163
233 130
183 142
157 80
120 185
50 101
198 186
95 223
240 15
162 241
200 210
213 55
35 135
24 241
54 230
70 77
186 217
60 126
74 167
15 242
170 225
102 46
159 33
218 233
230 86
123 194
88 240
111 219
155 208
24 29
156 204
64 103
189 92
20 55
29 120
245 106
225 150
134 187
96 47
209 24
145 31
108 131
53 239
232 179
115 204
162 41
210 58
177 160
68 70
121 112
186 217
221 139
68 161
104 226
134 240
227 25
237 227
114 212
114 238
125 120
62 123
36 188
210 47
46 153
134 193
217 138
231 230
143 2
211 215
130 27
15 98
56 214
156 185
184 240
107 155
219 109
98 29
186 35
73 54
226 130
127 44
33 211
13 12
90 43
26 184
28 57
50 58
37 159
20 174
215 114
146 200
4 21
57 110
209 2
47 50
196 145
35 129
174 56
236 114
157 45
132 201
18 14
175 68
194 246
197 15
167 123
240 144
163 72
196 245
216 225
234 64
247 246
46 210
137 42
29 60
136 12
79 85
48 238
180 43
179 241
98 27
238 46
52 114
56 233
66 230
247 198
178 14
154 69
248 39
8 128
59 109
157 33
231 187
47 122
75 148
52 101
225 199
100 238
18 95
139 130
142 12
55 193
8 1
156 189
221 38
234 202
92 210
134 121
244 240
25 54
100 111
99 87
23 147
69 106
110 163
64 138
194 155
219 71
9 42
42 96
196 141
4 229
21 103
106 101
170 38
18 127
131 196
94 232
100 115
230 183
0 93
209 231
194 122
146 205
58 199
14 17
28 189
113 1
92 162
178 33
16 201
241 22
80 19
82 217
185 103
116 60
11 55
173 133
158 3
249 201
64 241
77 33
37 228
140 48
140 218
106 16
203 100
39 204
222 172
26 50
249 112
224 102
144 206
125 118
113 243
242 159
14 32
77 230
118 20
20 31
61 237
83 124
8 25
44 32
240 132
87 177
146 215
77 20
238 45
101 111
79 162
39 91
206 9
161 91
47 156
202 75
74 29
99 150
207 143
191 197
181 88
67 117
109 243
121 242
79 121
82 162
227 67
86 240
57 111
69 90
233 118
30 94
164 192
137 143
185 137
242 195
224 110
232 189
68 102
9 208
19 187
90 245
58 145
164 119
180 165
72 2
108 151
66 215
200 211
176 134
188 232
212 11
224 148
36 123
211 214
157 101
92 124
172 154
127 77
160 25
175 47
228 164
135 192
175 5
101 127
69 65
67 71
61 248
194 16
153 71
145 164
176 64
28 27
120 195
109 58
75 245
153 148
201 207
216 47
100 169
5 97
112 113
44 67
246 165
219 158
214 16
155 89
96 232
25 118
244 129
16 79
11 129
246 149
213 145
146 106
144 125
164 200
170 208
23 172
102 43
205 217
70 123
96 164
81 213
204 93
192 228
35 42
85 135
4 71
67 82
220 5
139 64
151 209
156 89
47 173
237 207
33 141
208 122
164 5
96 232
5 176
180 189
59 65
183 70
119 135
83 203
231 238
170 68
38 0
33 98
114 51
152 21
26 100
140 177
84 129
66 35
197 228
242 54
217 34
143 240
50 208
202 76
59 30
77 14
54 79
44 199
49 201
148 57
31 195
115 124
92 110
214 7
151 181
49 84
63 198
132 183
77 91
100 113
55 70
116 49
180 121
137 179
172 109
32 149
20 62
42 129
131 59
233 122
77 70
123 222
1 28
155 246
219 24
68 166
221 133
240 226
234 191
166 194
23 10
98 32
90 228
106 187
232 223
86 91
50 64
144 111
43 50
21 79
4 188
115 89
125 112
164 76
134 189
97 59
22 60
24 115
193 113
56 68
36 25
93 164
238 202
124 44
180 214
69 229
242 126
235 50
129 12
163 161
172 83
143 46
112 236
207 58
131 154
188 91
248 120
129 239
71 196
140 170
131 199
86 53
35 77
21 90
170 192
52 7
172 48
122 230
127 179
173 135
82 234
100 74
71 97
27 36
171 36
200 247
86 139
13 107
114 195
47 32
145 3
67 37
204 28
7 168
197 4
31 140
219 155
16 221
61 95
232 65
146 206
141 183
152 31
147 179
136 109
126 207
52 47
82 5
76 1
104 33
147 169
14 111
147 56
16 247
196 162
21 230
133 206
174 226
14 51
19 172
233 184
152 160
221 128
178 14
179 105
74 193
188 89
215 207
42 174
81 221
71 47
62 159
158 187
133 222
7 198
76 117
81 220
118 136
187 230
241 18
40 3
223 98
88 242
123 48
42 17
203 121
97 203
108 204
183 114
142 101
34 38
32 10
44 205
89 114
219 212
126 63
98 184
90 7
191 221
132 182
197 206
188 100
154 180
110 64
84 17
129 205
219 223
216 66
178 197
132 165
161 223
5 231
243 41
164 81
224 151
67 79
70 226
138 195
92 179
132 150
167 98
62 75
101 201
104 180
93 29
164 107
71 70
14 227
88 193
198 20
45 179
155 54
117 88
209 114
109 22
79 238
186 200
61 229
236 15
124 101
79 18
1 115
53 225
224 65
241 227
162 158
211 120
91 25
145 11
230 235
237 157
118 225
108 219
163 59
28 172
40 47
213 241
42 39
79 96
52 149
96 248
126 191
77 161
27 164
237 129
218 55
229 215
101 191
171 49
20 103
36 180
196 210
78 244
121 114
110 136
219 59
101 181
246 28
196 234
244 71
198 21
226 179
170 141
90 229
197 239
76 232
110 236
54 177
174 206
113 167
131 66
101 234
44 213
152 234
90 197
196 122
123 106
144 201
245 180
84 159
58 127
218 234
208 247
64 127
140 211
16 122
97 117
243 163
28 220
71 246
219 105
112 29
145 9
60 32
62 69
189 225
109 152
47 144
176 31
58 6
247 171
231 141
113 124
239 106
89 168
45 21
38 182
113 223
202 144
204 138
2 100
177 221
76 70
193 243
232 170
84 120
114 166
214 207
5 109
97 198
133 86
244 142
155 177
190 177
248 69
96 178
59 107
29 130
20 134
193 111
169 226
208 54
150 37
82 22
176 70
137 197
67 116
2 70
135 203
217 26
201 69
197 99
65 2
160 40
143 30
55 235
199 40
89 143
11 202
111 241
108 6
242 46
121 165
68 175
187 71
78 145
78 122
126 64
218 178
118 108
24 33
120 166
147 242
97 147
101 120
111 88
184 155
245 106
146 86
13 49
26 208
222 198
202 62
162 205
241 188
169 95
203 108
16 30
125 191
226 84
197 195
230 5
159 204
110 204
172 140
73 242
136 135
198 178
168 70
135 164
238 186
14 161
182 30
43 37
23 27
140 75
213 55
210 59
50 185
195 72
20 28
34 183
28 132
171 29
28 178
104 168
217 15
174 50
186 80
136 175
93 33
162 133
133 241
128 23
91 180
30 42
247 200
60 47
91 177
109 221
44 94
20 199
200 39
44 222
190 120
107 114
60 76
160 137
203 15
70 86
30 23
208 87
71 159
79 6
78 57
233 127
9 97
78 199
105 188
145 160
186 87
33 179
167 8
169 13
198 147
129 223
148 68
197 54
176 130
58 30
202 155
140 49
35 218
122 187
87 111
246 119
170 50
70 75
152 120
127 192
70 209
196 184
104 228
78 241
198 240
102 97
72 51
202 248
59 156
131 201
61 186
105 38
127 176
146 200
167 39
213 14
111 123
149 209
7 132
23 103
80 120
66 237
42 171
104 248
208 87
155 224
199 66
92 35
164 204
101 15
53 108
236 126
77 161
13 22
227 121
99 176
237 111
159 62
102 105
228 25
9 132
193 185
145 9
81 27
41 160
119 94
10 81
61 107
66 6
249 21
82 118
16 232
182 27
232 91
147 157
197 180
201 95
178 141
148 74
127 121
55 246
195 119
103 20
155 99
155 228
51 182
216 7
11 206
181 20
243 49
141 5
94 210
9 19
204 163
5 94
223 39
215 109
68 164
226 4
5 199
209 222
25 246
149 170
248 55
99 83
211 174
88 66
240 155
59 126
45 100
245 44
139 31
165 128
74 172
62 112
146 171
131 169
211 105
13 194
54 80
179 117
95 182
7 46
64 9
102 7
26 187
76 89
54 53
150 27
155 49
243 43
139 126
145 45
52 160
234 235
205 90
236 16
2 28
164 235
154 181
165 218
236 4
212 200
66 85
171 194
213 148
87 178
167 68
29 59
228 141
32 187
240 114
104 155
132 125
138 75
28 156
161 101
40 216
124 156
179 44
108 127
87 40
181 165
87 33
3 20
157 211
155 157
97 156
51 94
197 140
187 176
46 135
104 141
161 69
96 65
218 238
174 58
247 226
103 184
244 157
122 216
242 27
67 194
21 26
172 40
216 183
65 30
79 190
169 211
116 228
77 145
145 232
158 22
242 203
168 58
137 22
109 14
233 114
0 119
2 230
72 247
198 217
75 47
53 15
209 42
188 186
168 72
18 64
113 114
53 56
222 15
92 177
149 197
18 152
27 214
81 29
243 35
249 131
224 18
213 222
108 68
201 246
148 129
83 162
239 177
24 229
47 74
82 28
32 226
36 173
137 2
177 112
96 118
144 99
69 94
67 174
54 185
180 127
223 59
237 63
17 210
60 234
183 246
114 196
176 239
95 124
18 122
153 214
241 3
88 235
58 161
1 34
38 215
99 222
16 78
69 141
117 69
182 19
238 28
42 205
157 96
195 149
215 93
59 98
82 232
44 149
122 102
140 201
149 221
141 116
89 233
212 123
5 105
209 109
239 14
160 30
49 149
123 34
65 38
168 47
16 95
51 152
36 51
138 118
186 25
104 60
245 74
79 199
182 150
101 73
7 98
223 224
222 126
169 15
81 58
244 7
16 33
43 153
214 199
172 239
244 7
73 216
180 97
17 212
163 107
135 54
91 4
94 219
201 189
36 174
119 115
163 126
81 243
30 224
57 48
243 73
172 124
201 224
138 246
175 69
71 45
232 103
59 9
4 132
124 62
135 154
86 131
140 191
40 56
233 99
154 103
179 114
78 244
163 213
86 4
119 231
156 185
71 150
128 186
154 144
220 29
124 198
203 195
100 236
30 201
18 131
148 210
173 140
190 210
2 176
221 104
183 71
81 80
248 208
15 5
10 217
192 226
199 91
182 183
150 35
138 16
123 208
6 31
180 205
146 168
157 203
78 94
119 120
85 142
159 169
4 97
88 31
98 30
40 115
85 167
163 89
150 210
161 6
147 149
118 172
160 39
134 231
169 16
163 155
65 110
230 41
8 245
48 229
86 164
2 67
6 226
83 94
122 61
116 49
78 160
64 130
163 68
57 41
5 62
77 134
187 174
51 152
41 88
175 199
222 164
139 32
12 80
170 39
8 84
213 67
132 176
225 146
43 196
168 21
161 10
124 155
120 61
88 161
113 120
228 39
142 188
29 74
67 244
131 43
40 177
60 118
160 147
66 168
220 126
80 163
154 14
43 189
222 165
86 94
64 58
54 44
238 75
71 172
194 54
125 117
141 162
23 94
42 49
79 184
206 106
70 55
178 0
155 158
105 161
75 46
12 113
4 41
156 65
23 36
125 229
176 184
29 41
112 145
116 182
220 203
39 184
33 221
160 30
243 36
123 83
177 165
66 244
120 134
110 154
131 70
18 70
157 136
86 136
150 88
160 96
217 235
151 94
19 215
49 194
95 88
134 107
237 39
105 143
247 200
204 184
90 93
113 95
1 73
189 6
30 22
157 21
55 192
59 119
188 211
102 175
47 144
84 131
121 148
41 13
119 234
35 62
139 11
187 176
222 221
10 152
40 140
231 143
48 36
201 95
136 177
154 58
235 96
236 75
237 209
108 71
137 192
3 158
228 108
113 92
219 244
205 122
190 191
159 98
241 101
107 55
208 166
125 122
237 127
46 229
213 215
65 158
176 146
232 246
222 51
172 188
124 30
163 80
26 121
94 7
160 173
94 93
63 124
184 193
214 203
161 2
63 52
182 38
131 188
204 200
3 230
32 192
133 181
78 209
103 52
166 235
218 179
245 112
1 42
131 76
222 103
220 24
54 48
119 220
178 38
85 120
123 117
248 47
4 84
86 166
128 93
17 186
130 209
218 132
221 118
239 117
187 67
108 34
243 19
170 192
184 96
157 128
35 13
118 172
244 88
147 145
55 79
18 89
204 185
148 153
104 204
83 180
145 244
186 131
19 49
157 196
129 149
76 17
10 149
7 225
149 63
149 162
84 95
112 161
226 65
171 142
166 82
193 133
15 141
25 171
187 7
62 107
60 199
160 103
105 55
126 100
156 107
195 183
139 87
174 78
73 174
48 90
79 93
141 32
173 16
163 170
122 87
73 201
42 131
79 27
29 241
51 215
182 160
12 197
97 12
189 54
227 56
218 121
192 207
41 28
239 183
168 90
150 133
178 21
120 225
62 149
132 127
201 41
83 234
130 94
29 23
153 225
89 183
122 82
69 161
236 149
150 143
49 123
36 245
51 154
247 8
1 117
120 51
19 214
20 217
69 101
1 173
62 128
245 220
112 80
116 118
81 240
181 202
72 195
85 14
154 156
59 166
246 78
207 111
149 117
241 45
125 38
226 199
146 228
232 179
66 62
181 134
212 244
38 104
71 119
174 11
162 54
173 17
48 240
224 236
204 159
181 172
42 217
223 194
28 57
153 6
189 62
123 151
140 165
195 222
233 186
213 184
175 182
119 144
163 25
135 185
210 44
5 218
140 46
241 84
245 241
190 100
229 225
160 131
66 54
189 21
107 2
220 60
184 210
100 235
128 212
200 31
135 60
13 199
4 198
181 88
186 184
117 28
218 154
164 122
63 51
83 119
111 184
158 122
151 187
47 98
6 149
93 2
63 86
99 87
178 205
114 31
60 115
106 47
10 133
6 47
40 89
55 164
219 150
89 17
89 119
93 98
28 148
66 7
68 147
109 7
2 36
58 68
6 224
145 209
187 150
77 161
94 51
242 23
162 45
73 198
168 245
65 45
235 30
58 110
163 38
225 92
142 166
14 21
239 233
64 115
29 124
53 59
206 140
45 202
90 61
103 139
190 112
7 71
100 238
230 108
139 45
212 86
47 92
116 111
134 213
166 41
15 6
146 5
127 105
176 133
58 168
231 40
165 79
36 247
225 229
23 101
124 119
17 65
129 214
163 152
38 102
109 211
62 86
238 109
35 75
8 21
164 215
195 145
82 2
63 28
184 227
50 93
216 85
134 158
56 175
249 210
67 238
167 72
125 170
65 136
66 232
117 29
76 7
90 6
191 183
167 176
210 218
200 212
56 13
172 152
147 57
185 56
15 65
53 226
83 113
46 129
5 95
171 98
72 175
23 209
224 207
189 184
153 101
3 32
9 226
90 168
157 30
185 31
116 56
67 54
88 19
221 169
97 214
17 101
176 201
116 107
211 145
81 2
82 195
148 233
7 170
117 170
134 151
121 28
83 216
48 182
224 158
210 139
41 202
89 243
81 82
3 133
98 232
146 172
162 142
158 164
94 88
136 104
207 11
127 141
196 130
41 205
244 95
60 108
133 245
97 95
4 13
242 27
205 108
243 45
48 171
96 61
177 77
228 96
45 132
243 178
241 5
146 104
165 227
246 61
171 223
96 40
5 62
27 226
169 223
165 42
16 189
36 175
235 24
214 176
10 238
27 198
161 199
53 200
167 96
64 215
229 168
65 8
45 7
31 32
30 153
123 219
153 216
82 137
28 203
198 117
59 62
100 101
133 130
47 64
53 33
31 76
49 40
162 240
181 118
156 43
242 61
47 82
169 238
143 155
137 22
81 139
151 183
3 35
110 18
244 22
32 74
89 208
87 193
150 142
99 206
60 61
110 243
80 20
86 180
155 119
155 16
15 82
169 216
72 154
219 248
141 25
101 158
149 218
233 58
103 245
49 21
229 8
58 107
164 23
121 238
202 219
176 221
134 146
144 131
166 62
104 158
163 13
146 91
45 100
212 175
228 173
48 50
212 199
132 148
65 177
98 218
202 161
114 43
97 27
158 87
108 194
238 201
60 196
157 5
68 176
225 105
182 144
90 221
137 139
74 180
42 10
166 107
47 125
195 222
5 83
227 165
233 214
174 74
205 23
146 149
60 137
178 72
119 179
203 111
178 115
109 202
213 205
83 213
242 139
51 189
22 106
89 187
221 57
80 53
142 184
200 27
157 94
177 195
142 166
111 140
114 180
126 69
131 24
77 219
198 148
80 88
143 166
64 50
100 155
186 189
236 79
171 5
154 16
125 185
248 73
66 125
199 175
200 99
143 191
183 185
4 20
66 213
69 71
135 19
122 46
57 141
198 203
49 191
117 166
45 235
216 132
42 85
20 176
202 229
141 97
231 61
57 162
104 93
63 42
212 194
249 24
166 63
206 189
179 195
147 169
104 28
234 10
174 104
176 226
161 87
223 111
209 125
103 83
228 225
14 214
189 7
235 191
200 119
61 194
191 112
189 117
97 49
184 179
243 231
186 207
152 171
157 68
182 119
145 81
235 173
95 182
74 65
23 3
44 37
155 218
198 35
235 143
34 212
97 189
104 170
135 76
168 190
178 159
80 62
117 13
132 19
158 87
219 118
217 194
44 133
83 137
56 213
162 104
162 41
164 81
98 168
221 241
77 191
131 116
180 102
146 55
146 106
69 87
21 52
116 52
137 208
133 88
34 147
202 207
14 153
195 162
151 244
59 205
193 133
101 181
240 195
47 162
52 165
236 193
221 81
246 215
101 162
96 154
39 21
76 217
123 245
40 50
92 245
64 198
60 119
135 21
147 190
14 9
47 206
249 175
193 139
159 53
131 135
11 150
164 123
50 8
62 247
47 82
78 75
90 76
25 75
143 39
145 124
17 178
157 61
194 221
137 47
214 74
237 52
207 51
205 130
0 132
218 144
63 207
240 39
219 28
146 140
46 144
189 89
2 198
212 26
99 7
81 97
60 7
113 49
69 46
95 173
23 32
242 139
211 106
22 123
122 104
212 57
75 218
245 39
170 147
147 165
1 248
237 50
98 73
199 34
147 226
78 38
1 204
155 88
173 4
125 101
228 79
76 57
21 28
67 228
12 3
221 198
113 245
143 179
176 217
48 123
117 194
247 193
112 93
145 61
54 12
118 186
6 148
166 237
63 188
28 181
63 155
23 128
190 131
6 96
24 65
200 191
65 171
132 2
39 37
194 57
139 59
106 122
147 139
206 199
31 133
77 190
194 136
10 117
248 170
180 118
166 65
104 58
122 101
72 89
59 174
163 135
234 25
161 223
37 149
5 190
227 172
14 42
192 119
31 57
3 55
149 114
87 195
103 59
5 234
193 103
185 147
201 154
177 90
226 110
163 172
52 158
89 19
154 33
79 98
105 42
104 128
203 223
62 237
156 165
245 97
23 107
171 245
45 109
239 229
116 194
77 116
233 24
124 248
238 135
211 120
170 212
10 148
245 219
223 102
238 107
216 95
231 157
117 48
22 235
148 150
232 204
147 62
155 113
33 81
184 100
88 147
174 183
215 167
125 41
59 221
110 249
50 195
26 55
167 80
60 83
171 207
127 156
76 114
96 151
57 6
96 121
98 160
160 240
225 105
39 143
22 193
238 37
70 151
225 197
66 21
127 189
150 4
117 184
148 76
22 201
71 146
126 35
162 158
135 9
130 61
242 238
39 224
6 128
108 46
146 248
111 123
81 222
98 36
241 123
226 74
142 115
1 229
24 141
142 225
103 130
231 202
222 151
242 86
112 113
166 12
181 2
222 167
235 133
47 244
25 69
214 188
249 226
158 216
125 136
76 222
221 54
118 148
160 30
50 121
100 243
74 236
123 187
196 107
189 206
137 239
74 164
233 66
130 164
114 68
120 165
191 115
161 204
134 189
0 235
150 60
135 69
116 225
156 203
78 193
6 239
72 160
54 76
74 12
127 38
218 186
96 22
213 92
119 222
233 48
14 133
239 8
114 133
211 71
208 42
76 205
101 235
167 227
216 105
213 184
155 148
121 224
39 144
69 225
193 75
74 39
206 203
128 43
199 243
18 179
142 141
146 196
31 166
119 64
56 182
66 208
139 144
140 187
14 159
231 76
199 45
50 167
24 22
80 1
161 115
17 110
223 63
93 196
155 184
27 37
88 117
206 34
149 138
27 32
213 178
82 84
203 139
17 218
3 112
7 42
30 88
58 205
231 100
32 106
210 137
29 133
172 81
43 120
132 88
15 61
47 89
240 142
179 153
104 97
225 103
31 163
70 171
96 161
55 83
248 177
88 233
202 184
5 178
212 189
18 143
29 193
223 23
137 123
86 112
215 157
50 55
105 11
172 166
120 8
63 71
240 81
18 142
35 24
145 63
68 220
165 81
122 147
124 16
213 11
153 4
47 139
38 226
215 20
155 200
48 187
152 141
212 201
52 122
27 205
221 161
113 47
54 211
92 199
224 64
207 49
40 178
216 201
71 111
175 208
46 106
189 177
196 175
168 159
183 83
81 200
234 152
64 112
221 195
160 199
57 203
24 180
201 243
239 201
191 53
238 98
126 172
47 35
168 106
85 16
211 233
62 108
214 17
1 172
51 240
150 98
91 18
34 205
136 24
193 73
143 217
112 85
131 240
64 157
200 226
159 63
16 219
60 24
35 218
125 8
120 119
208 14
177 210
238 96
126 245
155 230
241 169
6 111
67 96
172 93
97 129
23 178
118 9
167 237
150 121
64 85
41 227
52 150
43 138
170 154
69 227
173 93
97 103
33 120
66 30
52 16
221 24
186 171
107 65
180 3
93 213
178 133
49 34
76 244
1 201
236 178
74 26
92 52
16 246
200 80
210 92
110 217
242 136
121 48
212 100
239 135
54 16
191 57
125 241
133 54
57 196
86 145
99 27
207 82
182 133
130 1
225 67
220 150
161 21
162 213
174 76
110 59
160 187
143 197
21 34
8 139
116 194
11 53
220 75
33 147
158 191
98 36
143 194
233 131
152 116
70 154
219 145
