10 41
79 30
0 30
7 114
63 41
89 52
2 98
80 22
17 115
4 107
77 50
80 46
9 127
92 66
103 57
20 63
46 96
113 70
74 107
84 54
73 27
85 67
30 69
102 58
17 62
62 17
34 106
78 57
75 73
87 70
103 48
78 104
49 48
8 93
55 89
1 72
81 72
34 46
85 19
24 85
40 85
107 51
34 12
12 101
54 5
66 94
100 50
85 59
47 99
36 27
117 72
8 60
92 126
98 108
75 74
94 119
39 64
113 59
14 91
123 44
18 55
108 96
11 12
15 11
44 114
31 47
32 10
35 93
70 102
10 53
74 50
119 80
119 14
119 66
17 52
34 71
52 28
19 98
65 26
54 22
5 101
111 121
76 18
47 123
79 120
18 92
14 120
78 5
20 121
25 50
96 89
29 117
22 48
98 74
62 74
79 105
90 102
59 20
86 30
15 84
98 8
8 7
109 56
91 99
26 83
95 40
2 30
25 44
72 86
17 115
40 66
4 9
102 65
121 106
58 47
102 61
102 16
25 110
7 119
89 36
111 21
109 30
25 23
87 4
88 27
50 32
31 125
72 111
104 86
72 108
92 55
68 77
62 102
16 44
32 12
75 64
99 40
67 1
42 115
1 24
22 119
101 40
13 122
114 40
54 114
80 13
79 82
115 7
101 47
24 82
98 95
68 82
80 116
50 95
105 96
126 106
78 33
98 31
0 20
106 74
95 33
104 26
109 78
117 45
9 124
48 101
98 18
115 105
93 108
71 35
124 6
67 20
52 96
15 73
45 117
33 50
45 108
102 35
3 81
116 118
57 18
66 101
97 47
66 72
82 110
125 50
39 85
118 28
127 54
44 2
57 71
46 37
47 64
95 62
103 50
104 101
93 79
111 37
39 31
80 68
124 43
92 29
96 104
85 110
89 7
57 17
15 32
85 18
123 4
102 99
51 121
62 109
50 63
103 25
55 63
40 28
26 38
3 15
0 34
5 31
22 70
110 31
112 106
37 8
125 91
53 77
1 8
20 91
59 77
32 4
30 23
123 20
98 29
8 18
90 55
46 123
53 96
55 28
44 45
118 115
82 4
92 26
54 8
27 71
22 68
48 87
68 38
78 16
126 124
112 33
111 64
83 8
51 112
18 61
35 123
111 20
4 101
41 29
74 83
125 18
104 67
97 13
93 42
98 68
55 68
88 122
114 9
84 19
118 21
64 91
81 86
98 71
41 109
34 87
56 2
39 7
107 57
43 70
4 84
79 51
85 102
40 122
81 107
65 13
99 32
118 18
49 54
101 15
85 86
35 52
16 116
68 111
94 22
82 74
34 54
18 92
36 48
113 37
126 73
110 95
11 117
25 111
72 47
80 40
97 19
27 108
71 58
121 20
90 4
61 124
78 3
92 43
60 50
46 50
116 52
44 89
75 125
25 46
76 27
63 1
67 5
103 57
107 93
47 80
24 9
92 15
120 86
87 1
19 35
68 56
73 77
88 101
4 90
83 34
88 16
93 82
91 86
3 53
96 118
109 104
8 47
69 68
72 23
71 43
51 93
113 69
90 20
10 2
89 34
94 41
70 30
124 32
61 12
52 96
0 44
30 39
45 34
95 37
123 29
66 110
40 44
81 119
94 42
90 82
20 49
28 5
48 92
79 26
35 68
0 110
90 4
117 44
30 56
57 16
126 35
97 103
43 114
80 67
40 44
25 93
47 52
10 105
120 13
84 15
73 64
33 119
81 85
40 23
4 80
56 101
34 78
96 110
71 120
62 12
108 40
58 5
75 16
98 116
88 69
118 69
24 3
116 53
20 78
35 62
77 76
124 86
46 26
97 104
75 76
58 16
72 77
60 88
18 36
90 33
111 8
16 94
87 94
87 20
83 53
67 29
68 58
120 30
65 3
28 45
109 126
17 67
32 14
115 48
34 76
103 126
0 33
121 75
118 106
41 101
83 91
25 63
45 86
48 82
42 4
115 88
90 119
61 32
57 60
69 106
1 54
19 16
22 14
56 42
106 59
38 4
80 32
87 30
68 110
19 124
124 97
100 46
84 26
87 88
4 5
15 53
107 87
2 24
2 90
64 36
25 60
70 111
34 106
31 38
35 63
20 92
46 83
119 59
118 92
18 54
116 117
112 121
103 47
107 112
44 64
81 52
66 37
102 3
48 121
75 52
25 67
101 89
113 69
82 126
60 94
44 100
70 6
106 48
65 56
16 67
118 101
60 92
31 46
69 23
52 120
1 73
14 37
127 92
20 111
98 49
74 4
99 94
32 111
15 10
7 58
16 80
96 89
27 5
95 75
32 50
60 26
42 47
97 26
78 81
13 97
13 55
103 87
32 96
56 76
97 112
69 57
18 12
112 18
100 77
89 18
74 110
42 75
106 58
64 51
102 28
57 10
59 50
35 21
45 47
107 117
70 104
52 29
114 73
0 109
95 38
36 122
50 47
98 82
41 13
48 9
113 36
35 56
84 99
20 5
49 17
74 54
85 103
47 29
48 112
105 124
59 8
110 42
50 125
98 101
14 110
57 15
111 100
84 109
92 75
95 20
67 103
12 42
22 79
70 76
122 69
70 96
65 104
115 13
17 39
123 47
96 94
72 25
65 113
7 120
51 119
24 50
52 41
27 90
122 114
28 34
100 66
20 23
23 40
69 31
94 25
60 18
95 80
71 23
24 51
77 40
63 47
66 118
28 11
82 87
111 16
11 127
18 95
82 88
121 92
82 121
116 99
70 118
105 124
94 63
21 61
62 106
120 62
89 21
95 77
83 107
71 64
65 96
16 62
96 33
5 85
71 68
70 22
102 74
114 115
90 51
49 87
57 34
102 7
122 114
75 120
78 33
58 29
119 28
36 100
23 67
71 12
100 43
56 107
12 64
45 19
56 88
104 66
47 74
22 34
21 69
19 54
111 119
13 44
10 93
122 69
62 15
52 70
12 32
102 67
125 34
81 96
19 77
28 14
86 76
62 120
45 50
59 52
127 53
7 96
44 109
20 60
103 114
5 65
105 44
71 27
55 17
69 5
101 115
11 93
67 54
86 63
76 27
40 68
114 53
22 9
28 38
125 55
89 104
77 107
0 26
126 74
57 44
31 89
68 45
44 56
37 27
95 3
81 97
47 124
99 13
47 94
18 37
10 22
124 3
24 48
108 127
41 67
100 5
16 114
69 103
26 20
36 58
44 68
40 20
100 47
60 14
88 48
21 67
101 97
96 120
58 46
12 89
28 85
54 98
83 34
105 127
24 17
74 116
114 2
118 108
65 123
20 66
8 68
125 124
78 34
52 2
91 105
5 55
34 37
30 105
114 95
4 43
42 45
83 10
111 125
76 33
15 19
72 112
79 31
54 115
41 0
33 106
101 69
35 14
74 11
75 40
34 15
24 99
21 59
25 108
94 117
19 107
57 74
41 8
51 90
80 52
77 80
37 112
125 86
108 122
110 73
106 20
36 92
69 19
22 89
42 61
27 51
30 107
15 18
110 43
56 112
66 117
69 44
123 92
115 76
2 42
5 21
115 55
126 10
77 71
118 98
110 66
127 19
84 20
3 13
79 72
28 84
31 63
64 28
94 70
61 6
108 125
125 4
106 21
59 36
87 37
37 45
3 44
47 109
82 124
116 124
106 64
57 113
71 43
20 85
29 55
41 50
53 32
26 25
9 40
60 89
76 78
112 13
42 27
97 47
115 60
26 92
57 52
48 72
67 3
96 18
7 23
5 27
103 39
51 17
38 89
10 31
71 50
117 119
14 31
61 72
112 9
121 71
72 55
25 101
74 75
59 124
55 71
81 17
51 63
68 70
32 84
4 60
33 84
113 100
114 49
17 78
56 85
47 10
6 44
76 74
64 114
40 11
14 13
91 28
35 14
64 18
23 125
26 74
107 13
31 95
82 58
118 65
111 28
42 15
112 121
86 89
60 66
40 72
22 26
104 79
109 113
22 29
39 87
40 109
97 102
15 96
119 64
30 1
5 54
48 106
46 93
61 95
27 15
116 75
24 10
77 122
57 84
19 22
118 16
12 122
50 104
113 78
37 11
91 92
20 56
102 70
36 72
87 34
120 64
17 110
27 55
49 109
8 120
34 56
97 127
90 122
78 83
74 107
109 27
62 23
56 105
92 127
85 106
104 28
107 52
110 84
108 79
40 127
88 48
55 48
110 26
35 43
60 50
83 77
21 102
70 58
11 100
95 8
59 22
36 26
51 18
83 58
115 104
100 91
7 113
122 77
117 62
27 45
85 114
64 46
31 69
11 122
2 91
51 68
18 108
80 88
77 52
31 79
78 125
7 121
3 93
123 121
126 114
31 108
64 84
69 36
117 19
107 18
52 6
12 46
35 9
65 11
45 42
121 69
73 54
73 104
64 85
59 40
109 124
92 78
50 55
7 33
18 74
119 13
53 119
28 96
14 10
49 107
46 4
94 72
84 93
103 57
21 22
49 64
26 30
2 46
106 82
42 91
124 2
65 68
42 68
31 53
113 29
117 62
14 6
60 82
107 124
112 4
41 85
19 7
29 78
86 34
8 35
58 1
48 72
90 88
84 124
28 3
92 103
79 67
118 110
56 121
78 76
4 116
15 124
78 82
40 61
54 100
65 5
124 7
53 117
100 74
16 126
59 34
30 7
92 113
29 35
62 39
57 108
126 115
40 17
77 38
88 119
101 35
10 49
53 4
4 96
111 97
102 73
50 118
46 9
92 99
39 92
64 113
126 49
28 65
117 50
121 22
49 53
0 89
44 25
60 86
59 101
103 121
1 70
9 77
112 41
46 102
103 97
89 101
120 113
124 87
11 35
70 62
79 37
40 14
66 41
92 46
93 43
28 87
92 115
3 112
42 70
37 17
41 114
44 10
66 56
94 5
21 101
121 81
12 123
68 121
45 34
84 75
43 8
90 77
110 73
73 104
97 123
55 79
73 67
65 79
25 123
80 8
60 95
77 87
112 13
111 74
38 34
73 114
96 82
51 105
41 109
110 125
123 101
107 10
78 36
34 0
56 31
124 95
124 5
104 6
75 4
84 56
15 79
98 100
15 56
53 47
55 9
26 69
24 17
103 98
103 59
75 92
105 44
75 88
111 33
74 63
69 41
47 85
73 62
34 86
49 59
18 74
15 88
50 66
39 0
113 124
11 58
103 94
20 70
99 49
75 100
28 103
55 8
67 11
104 73
124 86
38 55
101 111
7 29
74 47
6 63
48 31
23 1
98 102
72 90
15 59
28 18
101 24
92 47
44 89
62 50
10 13
71 116
30 1
30 126
35 122
59 34
61 91
39 119
36 19
47 121
55 107
87 93
30 74
109 80
21 18
72 38
63 43
56 124
124 22
51 11
95 6
56 109
81 45
62 25
61 24
21 115
87 91
2 44
96 69
122 81
113 59
74 46
108 8
98 114
52 22
16 53
10 11
14 16
106 13
0 114
58 63
81 70
3 76
92 61
33 86
42 57
112 50
103 4
55 43
73 1
98 17
104 124
29 60
50 104
42 121
115 109
48 33
96 88
68 101
8 22
25 2
119 60
2 117
35 26
98 75
10 84
19 100
88 84
40 112
122 23
97 15
49 14
60 39
76 117
52 5
70 97
4 92
40 10
115 2
54 15
15 51
79 3
26 25
120 110
114 98
90 19
35 25
127 126
37 62
100 93
109 44
41 48
111 40
64 8
6 33
97 56
51 54
47 68
112 57
72 3
84 70
35 105
54 101
92 35
63 4
90 58
75 29
87 104
32 67
61 6
114 23
97 112
127 89
54 126
68 22
15 100
58 92
87 111
7 18
21 71
115 108
87 49
122 75
126 29
101 49
57 40
84 28
82 107
116 7
61 19
50 119
117 97
10 88
29 19
48 82
37 72
93 30
6 74
13 116
123 46
47 46
98 100
87 8
71 42
38 97
47 13
31 41
113 39
10 19
27 50
39 84
59 89
74 6
43 80
91 33
94 44
27 21
96 106
39 118
31 59
106 27
98 63
31 2
30 17
61 43
18 69
61 2
98 28
87 112
8 2
6 78
124 36
44 105
112 71
32 14
38 54
46 36
22 38
36 65
124 102
126 103
53 104
11 8
17 75
109 27
109 79
87 7
45 79
105 98
10 96
43 3
89 12
89 11
12 27
30 28
90 60
41 61
53 107
115 19
32 55
84 74
76 101
107 97
32 23
77 9
64 107
127 89
75 103
110 123
51 50
76 48
120 21
52 54
54 47
97 45
48 95
10 107
15 34
48 13
65 29
12 31
34 67
89 18
68 99
82 104
72 108
94 71
66 101
90 78
56 104
41 61
111 76
51 50
43 12
76 39
56 107
7 112
38 104
90 105
84 115
83 93
67 106
5 58
79 90
65 67
94 43
60 122
103 43
12 46
22 62
94 13
19 52
46 122
29 73
33 29
20 77
73 85
48 26
103 89
126 59
64 31
98 94
8 84
74 19
92 76
22 124
106 108
51 29
97 74
60 41
72 23
34 90
125 35
125 28
77 71
85 40
56 6
44 21
119 41
13 0
6 17
123 1
97 112
99 45
84 57
6 85
64 109
126 43
77 110
71 94
100 62
82 108
0 21
47 29
114 112
93 105
22 25
49 68
13 12
98 52
57 23
62 78
50 116
26 33
28 30
37 50
20 56
76 36
126 5
88 114
93 109
112 88
47 26
32 121
19 35
19 66
26 60
36 63
51 24
54 106
32 41
14 108
114 121
72 35
20 108
50 99
81 58
11 98
19 92
80 85
109 77
5 34
43 104
114 1
69 56
121 46
122 33
8 17
11 79
65 26
97 72
124 102
84 102
127 18
91 64
74 106
91 89
84 71
125 32
88 72
71 54
65 95
105 58
12 119
53 96
34 21
119 36
91 3
21 124
9 120
82 119
22 81
18 61
102 44
102 51
52 56
119 60
32 112
54 101
71 49
85 9
57 118
124 86
95 81
115 72
58 125
24 35
86 120
116 74
75 123
102 13
113 30
44 5
27 25
2 65
14 122
58 34
96 123
78 3
1 55
15 116
91 87
123 120
46 93
65 104
8 67
12 99
67 12
106 57
114 107
88 30
80 75
100 105
94 92
51 17
16 101
25 87
11 70
26 84
41 27
75 92
71 127
79 60
106 35
112 80
77 44
95 77
75 123
110 85
66 13
103 65
121 87
77 69
51 2
10 21
87 50
94 20
33 120
105 37
88 107
11 51
38 6
67 37
14 79
108 34
40 31
114 17
74 68
105 112
40 110
53 51
109 93
10 49
35 80
25 116
89 69
12 69
105 88
24 7
2 1
55 107
90 89
66 53
74 49
105 29
100 97
113 11
125 85
43 13
108 36
19 93
125 104
90 5
124 21
51 71
25 22
23 33
98 57
26 33
70 57
38 31
85 7
48 118
126 26
100 16
26 34
98 5
43 81
122 115
49 75
31 56
123 85
24 52
112 13
44 110
13 15
3 33
70 22
96 70
112 74
68 2
68 108
90 106
75 71
33 58
42 21
15 91
44 105
93 39
58 96
12 94
12 108
43 15
127 5
121 14
55 113
80 72
18 121
63 45
17 28
45 51
32 58
100 102
8 42
27 70
0 3
50 120
13 20
106 8
74 92
56 25
46 74
37 3
59 54
73 35
65 125
113 21
43 19
68 6
21 78
102 90
83 31
105 42
35 105
11 95
9 30
55 116
72 90
115 34
31 82
60 117
41 9
85 65
73 55
42 73
126 64
86 66
124 36
122 34
65 56
16 88
77 125
89 0
102 73
30 59
78 55
30 87
80 57
117 102
124 31
26 102
98 26
105 42
7 22
80 107
33 75
20 52
8 9
103 27
63 109
37 53
95 78
30 7
15 102
26 5
66 102
13 115
58 15
7 58
69 71
35 21
125 18
19 60
19 27
84 19
77 116
109 99
110 83
20 85
6 123
45 91
120 54
19 114
106 38
72 76
23 29
34 53
60 98
80 62
73 77
119 92
117 56
78 36
102 28
38 43
2 7
93 49
39 119
28 115
25 59
68 18
83 49
41 96
44 119
39 13
116 33
114 18
72 52
63 11
94 23
87 88
37 123
27 68
110 16
27 117
45 35
69 96
51 42
26 123
100 79
15 70
92 87
10 26
86 11
18 68
59 18
13 51
102 110
120 75
36 16
7 20
59 52
62 36
25 108
60 78
111 94
65 103
88 1
88 25
13 51
69 122
116 121
35 118
95 66
47 71
56 31
105 88
75 8
43 71
12 89
64 55
27 116
8 125
52 95
50 7
53 99
44 39
81 52
107 3
100 14
48 112
104 38
108 56
99 59
110 87
61 24
31 76
7 103
77 110
69 4
20 89
27 122
109 64
8 84
95 90
127 2
58 19
0 70
37 40
73 10
52 18
43 35
58 39
57 126
46 3
39 69
37 56
66 85
27 70
86 39
82 113
105 121
99 90
116 59
2 55
31 85
22 98
55 25
85 66
45 118
68 23
38 35
21 18
30 49
10 110
22 37
85 20
46 97
105 125
40 31
116 121
89 105
111 9
13 117
125 102
20 69
5 86
50 20
89 65
4 115
53 114
120 15
4 104
125 2
121 114
104 96
14 23
71 116
68 15
27 18
89 82
85 4
75 29
107 20
68 114
120 54
26 119
11 63
1 88
55 119
47 58
57 112
118 85
49 66
90 67
12 58
49 1
106 23
48 31
51 8
44 19
15 18
53 52
88 81
63 61
72 60
2 75
81 42
88 68
108 68
26 8
61 84
95 67
35 11
118 86
40 47
119 67
74 52
78 6
3 98
87 39
57 73
67 20
116 34
103 121
122 16
92 80
44 78
65 1
40 73
92 23
101 65
62 107
66 64
73 43
79 85
85 77
61 53
64 12
124 81
90 92
23 116
53 2
1 23
77 30
10 85
8 7
113 53
123 36
102 64
10 1
35 40
78 22
1 109
126 122
37 8
123 122
100 13
37 43
33 105
79 114
126 25
43 59
63 69
104 37
80 90
1 111
18 8
83 18
3 75
90 43
102 119
113 108
115 122
6 59
80 59
14 80
34 64
96 111
37 69
28 67
71 86
15 110
89 50
78 116
46 92
73 85
96 18
66 107
48 94
18 7
54 47
9 36
55 98
87 42
118 126
99 54
36 71
40 36
104 45
27 99
6 14
100 55
46 34
87 14
69 49
10 97
53 102
17 4
95 9
45 49
9 52
71 11
107 111
10 95
66 45
64 41
33 63
24 87
123 65
124 56
56 3
18 79
112 0
25 120
101 71
123 115
65 115
60 50
94 74
109 87
1 64
8 99
66 10
101 109
32 43
33 47
55 126
82 44
103 30
4 25
84 92
38 114
118 46
123 105
16 64
31 92
102 94
101 57
27 53
10 108
4 13
23 36
64 76
114 66
63 34
79 46
37 48
108 32
104 108
33 86
81 97
59 111
71 37
49 100
76 60
112 66
60 61
23 90
5 50
49 45
37 62
78 99
31 84
96 57
4 79
103 15
73 19
117 60
80 69
64 20
21 2
99 123
36 109
62 110
126 97
39 71
38 28
93 8
96 10
43 59
124 74
36 54
107 109
67 65
40 106
6 78
37 113
44 22
62 111
34 25
115 78
120 96
19 66
47 98
122 126
83 56
81 95
15 111
55 36
115 82
35 123
117 78
6 13
107 31
122 10
46 110
104 74
9 82
126 9
88 56
3 114
10 33
117 115
123 27
126 6
15 30
67 122
101 8
8 122
112 60
39 48
52 47
10 3
9 15
82 5
106 123
56 43
77 50
8 56
54 67
34 51
88 43
60 28
97 30
24 51
87 65
81 55
29 78
77 47
9 123
107 118
66 96
107 53
82 34
43 57
45 115
22 68
9 125
12 41
11 38
33 94
89 105
48 119
2 70
35 103
16 52
72 43
55 125
41 33
118 64
91 20
70 76
91 21
127 54
77 123
58 48
33 75
115 109
72 108
86 81
74 30
55 107
119 70
20 2
31 43
81 18
59 124
34 89
84 82
66 39
84 2
37 105
99 28
17 98
7 29
53 14
119 14
5 23
39 17
65 32
50 19
18 83
44 47
127 53
98 42
64 118
7 58
104 66
14 4
21 19
53 91
104 13
76 5
76 44
89 14
31 56
117 115
116 4
111 31
47 12
76 108
14 46
53 124
84 88
119 27
111 35
26 54
94 13
33 95
91 39
37 98
73 75
27 116
3 18
107 84
111 5
71 123
126 14
97 111
25 89
117 100
47 119
30 57
99 123
97 121
87 2
89 83
89 45
125 7
10 40
52 77
113 44
22 77
13 32
98 114
15 64
61 31
19 84
42 15
113 109
46 24
35 104
87 10
70 51
50 42
44 53
4 15
122 51
14 83
24 111
55 100
48 86
55 87
3 59
53 120
4 37
27 122
55 69
5 44
58 25
42 121
55 0
19 10
78 53
8 102
101 4
95 10
62 40
35 100
18 38
50 117
57 23
98 22
61 5
32 113
32 71
17 73
118 41
108 29
73 53
86 105
80 17
105 17
36 29
22 105
117 123
90 55
42 126
83 55
36 55
123 100
99 126
98 120
5 17
20 78
14 114
14 45
84 60
43 16
81 11
98 70
23 35
13 22
101 89
77 105
40 117
83 16
65 90
13 120
109 77
44 8
51 112
118 79
75 43
105 117
50 105
78 82
37 76
100 124
16 54
102 99
123 79
89 15
81 111
33 18
17 20
74 103
40 101
4 74
73 84
51 87
119 82
15 127
79 105
90 60
92 44
8 29
66 14
71 10
3 68
49 63
103 116
44 22
41 33
16 106
110 13
58 90
118 23
13 26
28 22
9 49
12 52
37 123
65 46
59 109
14 50
27 15
77 58
47 92
72 69
48 76
67 21
15 6
57 112
41 98
0 78
78 120
113 37
8 31
4 90
33 42
118 80
52 103
99 102
64 2
24 43
15 35
65 58
106 116
101 34
112 92
95 45
30 35
30 56
46 101
45 33
33 39
30 9
58 19
82 33
30 69
63 109
120 21
21 37
113 76
80 72
101 56
67 13
80 56
126 123
79 46
9 107
13 22
99 117
5 90
6 104
122 114
93 69
74 106
58 70
104 123
125 71
117 40
28 37
50 40
94 4
122 118
74 47
116 103
93 80
65 76
17 88
4 43
50 49
48 93
57 23
125 111
0 91
27 108
101 4
109 13
75 105
29 99
90 110
90 53
37 34
2 81
69 36
66 51
30 69
58 20
85 27
121 9
38 20
68 44
11 47
60 58
100 64
103 34
65 40
34 108
27 6
82 16
30 102
74 32
20 34
19 67
80 53
37 54
93 83
13 23
88 21
125 98
12 59
61 57
98 70
103 66
90 27
21 13
26 66
45 70
28 7
21 69
83 62
126 64
114 122
119 86
101 125
7 107
38 83
123 13
86 47
29 42
58 36
75 37
100 16
58 117
42 28
30 113
59 29
96 58
11 10
113 12
75 2
67 18
103 15
40 79
116 77
105 40
61 102
63 107
70 20
29 108
49 14
59 41
33 25
6 105
21 98
88 122
74 86
58 88
37 71
85 7
79 120
22 97
32 76
38 41
83 75
11 108
20 54
60 66
16 53
7 32
36 113
126 56
104 113
51 81
86 96
103 81
116 57
36 98
122 64
6 60
40 85
120 124
20 17
104 27
34 105
62 56
19 120
50 61
69 27
98 38
4 82
107 53
107 127
71 23
118 76
97 30
121 103
123 71
118 5
108 22
86 125
79 119
114 19
109 122
5 120
76 33
1 88
22 72
55 91
7 103
66 36
112 76
63 37
70 20
33 70
111 46
89 97
86 95
126 18
91 119
21 75
126 17
51 99
97 104
37 55
68 109
19 49
14 98
46 109
86 110
93 60
114 122
33 70
6 118
126 23
100 59
15 120
110 127
20 81
112 118
95 42
85 5
68 83
96 55
75 55
112 125
18 49
28 73
115 99
35 55
43 89
45 55
10 51
119 57
84 40
15 44
86 12
73 5
127 22
61 17
53 126
0 79
60 46
72 99
48 125
23 6
23 105
83 86
6 124
54 91
117 57
7 99
40 24
42 23
74 86
37 73
127 75
90 76
35 60
54 55
90 105
24 42
103 100
21 109
32 96
115 87
83 43
47 1
113 45
19 119
9 101
80 63
126 30
28 68
116 88
56 121
3 69
48 87
23 127
42 15
17 120
57 93
74 32
15 11
13 72
106 103
46 61
83 18
15 91
118 92
123 76
74 112
28 16
38 123
125 62
64 16
44 108
11 24
39 1
87 49
9 75
35 51
107 110
94 51
3 28
45 92
120 93
37 25
50 30
64 86
2 16
11 65
79 73
34 99
45 51
60 59
91 13
2 109
88 107
36 37
47 83
87 29
80 43
47 23
19 25
121 67
66 17
51 45
80 98
57 55
40 19
51 105
57 59
65 6
22 70
52 71
65 31
110 18
66 34
69 91
57 58
35 84
106 26
86 28
90 122
53 16
114 43
86 52
33 113
57 120
4 96
13 108
89 38
95 63
79 103
5 125
116 41
41 66
79 63
23 110
24 15
94 116
84 40
106 13
7 93
81 73
87 36
85 106
95 116
79 111
30 93
18 43
93 114
2 58
104 54
5 80
95 27
79 110
79 105
1 116
37 6
6 95
93 97
30 79
59 121
67 43
78 69
26 43
40 67
30 21
23 73
86 80
11 23
80 45
24 81
113 122
32 4
78 13
14 72
69 51
83 118
76 20
53 10
123 81
18 81
46 60
42 93
105 76
8 80
77 54
53 123
65 77
123 107
14 110
49 92
31 4
4 10
91 57
115 114
102 18
109 7
84 27
9 114
51 123
117 77
29 21
81 45
4 20
108 13
96 52
86 35
46 73
79 121
13 76
106 117
105 52
70 111
105 20
78 23
11 37
27 123
118 44
109 126
82 122
71 116
123 45
99 119
35 67
68 121
106 101
71 118
90 36
56 26
104 83
17 39
98 106
92 57
57 53
9 79
87 113
24 113
47 119
10 45
11 83
108 80
116 95
62 35
86 25
17 122
10 104
35 8
20 97
1 118
59 80
100 62
30 8
27 39
57 114
61 93
98 11
31 67
124 98
24 107
4 60
60 93
115 101
108 111
70 124
99 10
116 118
90 23
44 106
95 71
97 43
23 33
73 118
36 125
73 75
34 16
14 7
58 121
106 25
76 125
53 5
34 62
98 12
38 119
74 27
13 31
33 2
71 64
106 117
37 27
125 19
49 125
114 37
1 120
13 19
112 35
83 89
14 121
21 32
127 34
54 72
76 71
96 46
81 84
46 78
71 92
88 42
54 71
81 74
13 103
80 100
8 69
64 111
3 48
20 114
112 79
96 83
112 123
124 12
11 32
47 81
120 10
90 123
13 87
95 116
126 105
14 41
38 123
115 87
121 60
97 109
92 10
2 111
13 36
47 78
127 54
76 20
70 121
90 84
5 53
93 100
18 65
82 86
17 102
18 111
44 99
5 59
28 105
103 32
104 30
