71 179
32 63
189 119
67 87
147 237
55 44
135 153
47 51
200 71
98 50
205 101
4 230
16 57
51 52
112 1
210 113
235 204
77 63
48 2
218 27
52 168
217 57
37 163
32 1
117 165
69 164
148 207
133 131
6 94
144 219
137 118
157 126
4 231
202 199
23 191
179 80
123 8
185 235
134 100
229 18
219 125
85 161
22 11
96 14
37 61
176 29
197 1
229 114
213 189
147 128
45 54
68 242
128 85
178 93
75 164
170 96
212 193
24 220
141 45
245 61
248 216
236 141
92 37
18 220
32 182
10 24
177 6
32 81
26 15
32 136
82 171
203 205
222 117
157 12
88 47
193 234
98 88
59 120
125 59
205 192
74 56
23 88
103 186
197 121
36 183
125 24
244 11
174 10
66 146
41 232
131 213
116 30
219 129
35 38
58 48
2 188
239 131
224 141
225 92
6 88
205 68
245 193
45 62
160 42
165 208
0 29
115 89
175 48
13 100
211 85
243 209
201 104
91 68
248 199
94 111
63 126
104 54
116 185
231 41
233 218
229 101
151 31
154 239
43 135
113 1
232 236
241 89
114 138
97 118
90 241
31 237
238 208
150 165
5 152
168 203
222 148
138 215
237 117
230 40
46 87
31 174
29 223
197 157
64 234
81 54
129 78
98 237
77 151
133 90
217 53
74 195
145 162
205 121
37 61
69 239
37 158
193 7
46 30
14 29
177 181
244 49
31 178
246 72
192 58
22 120
80 87
114 84
83 94
136 128
107 90
129 213
158 85
167 90
85 184
77 247
51 34
84 102
172 207
45 217
73 119
103 167
75 2
17 93
135 9
245 7
76 115
38 39
75 66
20 242
244 109
239 30
64 28
161 192
38 63
4 7
219 34
204 149
213 128
13 118
30 234
121 200
219 12
100 16
190 13
170 48
71 248
148 44
42 168
163 151
157 243
204 46
103 102
209 132
31 148
129 150
123 15
92 9
148 54
228 98
62 196
82 190
153 91
79 239
70 105
118 178
35 64
247 194
168 123
171 74
179 63
15 154
120 111
243 45
70 149
228 120
117 32
2 100
208 142
114 51
216 194
73 139
200 142
38 62
25 125
186 230
203 172
238 169
4 76
235 176
19 65
38 31
144 174
195 61
219 54
185 84
36 27
91 80
167 135
246 164
198 191
248 182
238 226
195 33
201 32
45 115
3 6
180 200
146 46
61 33
181 224
131 180
230 189
157 208
78 32
58 116
15 241
91 124
99 102
192 35
201 45
198 167
169 209
133 126
5 138
222 209
105 9
176 86
140 94
9 166
220 177
57 189
30 85
73 16
28 121
150 55
86 49
95 243
202 24
75 50
225 138
5 126
101 199
130 164
35 106
209 169
196 127
188 93
161 169
55 64
245 173
143 239
224 128
86 124
163 161
236 220
222 200
239 69
93 205
230 232
147 18
115 117
59 14
235 120
229 160
80 156
235 135
5 148
202 141
80 179
156 141
102 234
228 241
241 168
102 166
38 161
156 157
170 138
147 223
86 78
245 94
97 34
226 172
37 195
114 234
240 89
56 129
77 90
39 204
195 230
212 52
146 154
98 70
156 125
244 45
33 245
192 8
45 139
163 142
167 233
34 111
122 24
201 80
106 4
97 76
88 239
244 208
61 150
114 120
161 124
207 144
124 112
122 164
135 34
163 84
83 171
20 248
225 227
192 128
57 203
229 192
148 20
36 153
130 125
45 87
146 138
93 141
158 110
62 174
117 233
11 120
237 124
243 212
9 170
161 92
66 163
194 15
76 122
229 179
91 129
15 11
240 188
141 16
81 3
31 227
110 185
126 25
225 222
97 57
103 245
99 193
131 242
98 178
109 218
140 146
193 167
38 161
25 160
6 16
248 125
206 39
235 34
111 178
227 168
233 143
128 77
240 228
83 76
211 44
193 4
245 219
33 153
171 125
194 96
108 170
132 103
93 212
87 207
115 55
235 207
22 149
80 77
48 71
159 20
46 101
195 135
246 117
245 68
64 67
131 86
167 102
50 199
19 95
65 72
71 23
68 18
208 234
195 163
98 243
177 194
48 167
30 177
69 65
38 195
216 104
227 99
212 116
203 102
218 131
144 90
122 55
67 196
59 42
171 20
57 220
121 231
43 4
1 225
220 93
79 228
88 244
155 152
106 93
145 180
215 167
160 120
130 236
27 111
165 131
156 208
97 187
172 168
213 27
225 73
134 179
78 33
33 130
31 157
48 89
202 42
69 235
125 22
83 12
178 217
181 23
237 231
209 79
55 200
111 121
85 9
147 228
68 143
225 17
45 177
147 204
67 155
67 237
63 33
102 117
8 193
36 134
124 134
147 139
2 105
172 241
22 27
237 203
116 189
203 194
13 226
234 211
21 110
83 221
110 116
242 62
210 200
32 211
187 108
39 117
17 189
214 187
35 216
47 181
109 75
138 41
91 100
189 223
9 107
205 117
15 38
48 60
218 136
54 99
72 23
82 39
247 126
223 8
198 206
200 74
83 113
89 152
177 238
75 77
14 51
208 37
88 48
62 115
174 144
126 27
87 185
94 130
6 111
150 48
233 90
206 6
213 6
99 198
126 42
170 146
115 114
197 51
233 126
204 72
235 206
38 50
208 27
164 14
211 218
174 215
39 18
249 110
40 172
230 109
236 218
230 87
175 225
136 206
2 246
230 220
89 227
200 24
198 89
76 135
147 228
49 246
117 63
58 149
18 41
142 6
44 19
129 112
219 222
60 136
158 77
201 241
236 62
203 117
129 200
118 189
27 47
121 145
191 183
86 234
189 197
204 130
7 149
46 165
48 49
43 186
209 104
134 183
151 181
215 115
160 246
45 179
176 192
193 53
105 185
157 176
234 175
157 64
240 87
227 226
126 111
34 197
123 136
168 218
191 137
212 103
173 218
68 135
163 115
25 136
128 124
237 188
95 3
36 33
221 100
51 73
76 74
20 101
3 64
123 217
247 27
178 8
203 27
69 236
12 110
86 64
88 43
148 103
169 181
247 69
122 35
50 211
56 142
50 23
19 139
216 145
233 5
175 157
81 14
81 31
248 139
1 174
14 45
80 15
125 1
114 245
47 130
175 217
153 86
20 87
134 239
105 232
76 48
159 55
21 226
231 202
219 84
82 222
57 37
158 195
110 0
121 239
156 106
68 18
208 79
242 236
41 171
111 89
122 75
168 74
85 151
79 163
109 169
32 10
51 222
99 245
245 202
211 229
47 139
87 117
33 84
30 209
7 200
79 40
170 192
84 231
162 194
13 183
134 148
148 77
113 152
21 169
231 202
98 144
158 239
29 150
217 124
207 245
42 165
147 107
220 194
201 8
109 160
58 54
90 17
153 1
170 165
29 55
73 128
128 140
106 178
76 200
78 152
116 183
14 111
215 28
245 98
39 85
132 48
214 165
10 98
86 195
70 184
118 97
97 63
244 167
127 145
31 245
143 6
190 42
17 174
62 134
136 80
10 96
66 101
57 71
62 143
13 157
160 66
62 187
96 140
39 50
117 166
20 128
247 84
91 97
114 225
194 107
6 148
162 96
245 188
62 47
86 163
146 122
150 225
17 95
170 218
100 97
146 155
133 141
231 234
232 27
125 211
236 171
122 180
63 208
68 219
111 40
6 79
137 141
25 76
163 126
180 166
171 28
80 2
241 217
244 96
146 85
245 108
114 43
5 83
193 223
243 27
208 14
218 87
138 50
116 168
10 123
164 27
70 74
125 61
68 99
238 129
210 95
141 14
123 223
94 174
84 233
108 122
29 121
169 248
212 233
94 0
24 242
167 108
184 82
45 216
21 176
224 196
160 65
138 79
64 77
61 54
246 170
219 170
190 226
7 173
124 192
108 127
180 128
15 129
231 29
30 23
210 139
241 149
67 122
208 179
132 92
163 177
203 218
68 67
9 75
104 102
132 76
115 213
95 210
83 200
170 33
139 239
70 227
173 155
172 58
182 86
59 32
156 172
178 94
75 168
24 182
38 227
143 70
86 30
146 234
205 242
66 248
98 56
61 104
208 247
156 205
31 158
226 198
121 115
190 145
98 83
113 13
116 245
7 202
129 190
148 119
56 104
219 137
68 218
225 79
29 30
240 30
136 166
94 74
101 103
55 108
38 11
81 202
220 171
189 125
234 201
148 128
20 147
86 244
57 150
189 1
88 221
123 218
154 249
131 227
100 241
105 50
57 205
171 36
75 247
220 62
21 187
26 168
41 143
141 207
91 237
75 139
30 191
243 235
204 164
72 14
216 248
165 37
120 203
34 35
91 69
44 120
207 110
200 57
228 214
221 45
180 226
99 210
95 124
243 20
108 23
179 245
37 122
181 148
231 11
61 102
36 33
194 76
33 72
94 114
144 98
86 184
104 208
75 25
113 79
5 2
225 121
194 146
234 38
149 132
129 108
137 24
115 169
215 71
78 193
121 134
129 31
121 51
121 230
165 75
2 73
53 236
200 3
238 184
96 87
248 123
67 101
114 188
89 61
56 34
247 80
189 26
91 178
45 221
120 142
35 17
223 62
62 176
136 67
205 189
20 59
137 91
140 203
184 191
190 226
127 141
68 50
170 105
231 226
72 114
199 248
66 54
156 96
232 209
155 245
50 240
197 45
56 29
196 193
65 167
90 148
132 171
55 35
15 40
123 219
241 231
191 213
29 97
246 89
247 106
207 58
228 140
227 20
125 226
58 209
112 124
60 61
2 97
99 37
44 39
104 117
8 53
74 56
174 205
227 94
97 47
160 9
179 111
60 194
193 151
215 201
200 71
237 94
70 82
22 180
149 27
72 69
233 37
73 192
178 133
53 185
34 107
173 85
143 99
16 55
141 225
227 14
223 217
195 128
174 97
73 88
52 78
75 59
202 199
89 50
133 5
179 44
124 155
37 198
0 10
103 48
68 179
53 35
210 209
197 140
215 114
10 249
210 177
14 138
167 79
108 166
72 49
148 162
139 57
189 216
246 119
23 10
222 39
17 27
74 87
137 2
227 119
117 160
135 91
112 18
37 211
141 170
146 224
22 23
54 48
238 148
215 234
19 30
94 159
187 192
41 65
21 232
100 75
195 116
76 64
233 35
114 217
39 61
64 82
147 72
169 106
153 77
119 237
178 49
207 164
101 219
111 101
232 236
215 125
96 208
67 163
117 103
248 97
32 142
243 193
38 74
114 110
106 47
25 136
60 9
189 124
164 177
107 78
57 188
57 45
134 219
81 235
153 80
79 232
21 150
201 187
215 130
226 191
145 203
184 72
89 49
222 154
90 97
127 72
211 15
50 220
155 224
185 28
204 185
72 77
127 116
231 125
47 0
177 23
116 122
219 69
111 216
178 135
56 164
220 33
38 162
176 41
185 27
207 104
95 84
42 39
43 81
45 72
77 180
74 95
191 148
207 13
120 38
62 184
200 179
149 119
41 216
122 99
120 6
215 143
60 82
20 195
109 203
172 179
2 104
219 135
35 240
16 124
1 189
143 112
200 237
18 235
173 188
66 146
89 30
230 158
167 110
149 89
46 83
177 243
86 227
90 157
77 1
199 58
71 173
18 120
2 69
188 123
194 30
183 115
96 186
28 125
140 57
247 21
66 182
26 133
35 121
87 244
156 243
50 138
206 36
145 185
26 95
172 69
219 162
99 173
104 201
213 90
241 128
78 188
244 144
215 155
157 162
45 53
103 172
81 42
117 145
146 236
80 145
3 83
214 91
211 56
230 236
123 163
193 38
216 33
191 167
248 23
108 231
223 56
62 102
132 21
122 187
59 222
195 124
3 58
136 68
117 96
63 51
38 160
139 167
188 39
117 219
20 121
249 53
15 190
218 239
41 30
125 106
171 197
222 44
0 102
245 77
147 248
157 16
74 244
146 135
54 80
184 26
48 234
113 224
79 82
42 174
134 126
248 22
224 121
153 166
234 14
232 87
50 60
181 17
248 212
66 105
58 39
22 9
206 161
91 36
137 183
14 173
38 246
179 127
54 68
225 17
123 165
12 33
55 52
37 60
62 174
40 150
1 179
28 53
214 121
105 112
58 190
105 220
212 35
19 218
126 180
42 140
194 22
47 43
227 97
96 201
76 62
142 91
19 167
50 27
8 45
201 128
189 204
205 189
139 206
46 72
232 234
26 70
142 188
146 248
101 209
194 107
23 3
239 146
94 128
40 107
198 115
89 106
53 123
38 203
79 151
87 154
179 74
75 168
234 145
213 2
131 238
111 105
120 145
132 160
14 115
246 51
136 78
206 233
36 115
226 79
134 198
147 111
113 237
166 54
137 171
51 112
3 216
225 156
219 128
176 194
38 87
230 175
154 93
159 93
183 179
126 78
110 74
39 189
15 58
171 24
184 37
35 129
24 215
148 106
99 179
183 51
219 28
174 180
239 26
93 112
181 26
106 220
149 8
104 128
64 153
41 177
236 174
75 107
39 238
198 136
25 126
146 9
87 7
173 144
169 71
65 227
194 69
33 159
3 46
58 87
184 16
227 184
92 177
197 173
27 110
80 140
100 146
144 143
86 124
151 143
5 76
135 184
145 146
86 89
7 98
217 16
117 210
138 226
109 98
233 156
151 39
8 95
209 181
4 216
187 155
72 236
200 121
118 43
46 198
190 36
157 190
96 100
41 6
222 134
135 121
163 101
238 104
98 32
16 223
148 29
150 35
41 183
101 72
130 17
190 89
195 78
9 241
126 39
11 134
143 11
167 198
141 126
165 183
100 154
128 178
74 109
195 82
82 91
77 90
212 208
183 162
134 223
45 144
136 19
202 16
164 12
40 95
55 12
9 207
71 120
169 86
222 212
157 236
32 8
57 243
215 237
182 27
163 59
160 173
7 236
114 209
178 182
71 68
172 191
159 240
18 7
122 61
29 161
48 11
119 115
184 193
163 61
234 74
184 192
141 186
52 189
88 41
47 179
202 160
111 220
177 50
19 118
20 70
191 145
70 225
66 108
39 233
240 79
2 247
226 23
221 247
105 183
175 165
237 174
19 9
32 181
190 131
121 227
205 99
97 180
96 77
202 169
24 95
230 196
102 130
230 161
145 46
154 164
211 193
1 103
243 206
193 231
226 176
60 92
204 139
164 242
113 147
156 221
210 156
126 131
82 193
48 0
234 139
11 3
106 240
60 142
80 180
115 41
43 46
153 71
226 98
115 77
234 26
203 242
99 71
50 31
96 55
220 222
135 87
48 118
31 119
211 239
16 5
33 97
84 59
64 234
124 155
214 71
239 165
186 228
228 232
134 149
25 215
148 234
32 113
31 112
195 236
209 154
188 78
65 73
24 230
203 27
110 243
168 167
37 145
118 101
67 76
111 27
144 198
11 134
238 92
19 150
36 19
104 28
153 207
82 112
153 8
93 228
76 148
58 20
117 45
150 3
196 183
137 55
39 147
173 209
50 47
49 9
166 217
69 67
118 59
154 88
84 124
153 201
149 104
222 234
210 70
71 81
35 191
100 23
118 73
214 12
185 203
109 2
119 40
202 210
94 33
206 36
81 241
110 89
225 222
248 71
180 29
66 195
235 11
199 171
81 12
197 182
41 46
176 202
105 159
35 174
129 205
78 169
224 56
200 3
88 137
58 73
70 8
136 139
99 103
231 157
144 198
89 243
147 249
150 100
71 33
204 29
106 87
164 124
150 97
230 97
154 66
122 8
11 132
178 23
235 77
74 214
109 12
116 144
60 193
22 36
48 131
25 74
158 88
99 195
46 119
219 177
212 84
62 237
183 128
67 151
29 24
201 181
38 195
39 134
2 195
219 31
162 81
107 171
31 2
61 121
40 191
218 160
231 69
142 81
200 211
8 241
68 149
242 194
103 147
41 146
92 48
180 68
167 41
152 37
170 138
217 182
241 47
6 167
233 137
23 231
186 49
51 103
140 118
161 134
66 141
58 108
114 14
50 106
236 81
194 67
44 93
110 133
179 93
3 238
96 78
2 143
219 92
45 8
92 176
246 182
33 39
104 179
41 169
97 96
124 110
25 187
73 17
147 46
102 190
167 148
203 5
202 93
231 20
30 97
192 152
85 123
158 237
239 23
140 185
178 2
140 66
183 146
128 229
131 228
155 246
39 225
8 216
145 144
36 186
202 219
78 219
24 225
199 230
183 197
157 150
122 110
168 224
107 189
232 218
13 184
160 132
201 211
137 170
235 198
31 96
17 82
222 159
203 30
65 91
59 198
236 60
92 126
174 191
210 91
163 151
154 158
5 1
212 113
111 88
95 184
20 63
72 222
41 73
236 176
190 66
28 233
23 52
93 6
170 76
133 89
244 113
132 70
152 236
23 181
68 74
134 185
47 196
59 133
240 181
39 216
159 79
238 116
44 81
40 132
201 121
80 138
128 72
109 79
182 48
144 67
164 238
243 166
79 151
104 93
3 61
214 16
130 246
80 67
161 3
189 29
34 24
16 180
185 136
100 161
32 199
25 41
121 97
87 90
93 199
169 40
17 212
94 105
184 55
76 220
31 174
10 27
207 192
84 136
51 134
113 30
68 152
162 4
132 30
110 113
54 186
37 239
205 69
12 197
209 12
134 76
14 39
147 210
142 73
247 77
158 43
50 79
239 33
107 133
196 208
195 227
22 78
102 166
207 66
145 4
9 4
235 166
159 53
36 129
237 93
202 157
219 44
57 112
7 14
155 183
64 244
172 61
240 30
34 229
171 200
12 115
194 155
126 34
74 167
111 209
76 137
48 69
18 20
39 216
73 49
229 9
154 165
70 35
153 200
204 7
101 157
183 233
56 221
96 189
5 127
212 194
202 52
201 41
40 35
136 94
201 108
230 179
58 129
142 17
177 79
125 20
234 204
233 215
180 76
209 107
147 201
244 239
111 230
70 165
46 184
104 246
191 125
221 73
52 101
96 108
217 6
27 208
33 112
12 223
4 30
248 121
25 156
247 43
96 18
123 149
176 135
13 14
115 1
98 9
125 196
112 156
206 21
141 161
129 5
204 191
150 41
110 225
33 238
84 205
244 74
54 24
32 148
131 200
66 63
73 106
15 245
211 177
226 59
153 160
114 63
140 229
148 230
202 186
41 217
228 217
70 143
140 226
185 133
83 40
80 39
17 228
151 24
134 177
180 5
85 40
86 166
102 72
223 228
203 42
38 141
225 9
162 139
16 1
159 185
24 5
162 212
63 88
92 61
157 117
67 179
21 106
106 174
53 112
16 213
138 103
24 168
96 183
49 232
182 45
130 167
5 231
64 222
96 61
84 78
59 120
11 94
172 120
206 242
208 22
171 96
242 224
237 203
57 140
166 120
211 73
142 235
27 115
42 199
155 124
31 247
218 67
226 28
161 32
43 134
208 185
183 94
161 149
59 146
59 37
35 211
58 154
242 9
12 203
30 241
26 73
182 66
178 63
69 95
56 192
97 47
241 140
235 66
244 208
95 177
101 81
210 128
47 146
42 191
62 224
20 184
175 197
114 9
182 175
74 123
40 53
196 236
167 95
162 198
106 165
242 73
243 91
239 111
3 56
71 57
179 105
35 194
159 51
22 223
72 50
27 184
114 3
134 118
198 238
197 23
58 79
58 137
133 93
80 0
214 128
33 157
142 38
135 23
10 61
59 229
145 112
237 87
132 32
94 124
69 163
210 115
146 87
13 9
89 157
22 4
88 155
102 80
33 126
121 46
174 70
48 41
93 177
29 7
35 155
225 159
77 231
133 248
154 192
23 53
168 80
93 12
26 137
191 183
56 230
244 157
246 65
160 242
174 180
66 28
46 133
243 217
86 78
201 114
127 232
226 44
126 183
160 140
139 116
79 206
230 51
145 182
208 50
211 143
217 242
55 235
121 218
184 73
4 210
11 151
108 248
61 245
189 236
162 113
10 245
15 161
75 79
213 55
136 82
69 230
180 152
219 86
248 35
54 109
116 166
187 151
210 83
238 116
219 94
31 172
14 123
228 174
87 131
102 244
80 208
202 197
156 14
121 2
234 132
178 70
162 161
80 60
26 104
149 159
161 180
118 215
238 156
60 222
204 189
189 41
56 26
82 126
67 78
97 92
236 138
47 52
79 160
62 173
84 235
144 221
118 64
117 170
196 244
41 175
62 128
12 235
113 246
79 181
130 15
150 189
151 98
122 229
57 100
201 115
159 207
215 18
141 111
176 153
220 111
153 234
220 79
145 117
153 150
138 238
167 187
118 210
46 91
164 110
235 244
42 94
108 161
177 9
204 134
234 228
228 226
8 214
36 240
109 215
173 218
128 249
52 227
125 183
198 43
65 80
246 31
104 61
168 51
79 133
93 12
169 11
10 166
12 190
101 186
66 53
75 180
159 129
7 211
71 59
23 209
55 76
211 142
103 72
230 119
197 99
101 97
190 113
202 190
103 13
193 24
7 210
209 227
115 187
37 1
144 104
177 48
36 235
221 141
220 122
75 186
166 229
106 136
90 15
238 210
45 219
228 248
24 245
233 169
159 26
77 117
176 161
5 42
112 12
117 110
54 44
123 234
174 242
221 98
109 23
201 173
153 53
38 223
49 225
94 84
246 106
42 34
95 19
1 53
62 65
194 27
45 219
43 201
137 132
220 47
174 182
60 3
122 248
211 64
79 16
245 219
151 66
60 209
48 24
185 60
100 109
141 159
117 44
70 113
216 48
93 94
241 187
118 132
193 112
235 54
74 45
243 119
18 62
157 244
185 80
113 9
220 56
12 171
57 94
72 141
170 139
184 56
239 119
91 83
13 229
136 184
238 153
215 104
194 171
118 22
95 238
0 202
147 247
234 210
141 16
194 179
27 148
173 152
232 163
206 181
96 69
155 108
72 91
95 120
25 122
110 135
67 164
132 84
216 164
18 240
180 233
25 116
135 195
101 12
143 168
171 7
104 170
127 22
211 47
209 44
218 211
164 106
117 177
150 93
41 183
14 127
0 111
150 152
171 192
11 78
207 71
182 152
75 245
169 220
131 127
77 65
1 28
42 187
42 169
96 6
152 55
173 163
144 42
63 247
93 196
56 68
61 38
235 102
59 112
227 47
155 189
214 53
150 71
70 128
249 115
191 99
229 208
28 29
213 164
67 189
153 76
73 192
213 114
193 160
50 247
106 237
69 15
117 219
192 18
69 179
2 201
39 80
171 145
180 108
123 199
58 81
226 141
56 128
36 153
184 22
194 3
224 128
129 49
187 184
228 155
129 158
120 44
85 143
154 116
226 156
100 47
3 168
238 53
148 78
209 230
163 49
17 203
41 116
218 14
145 76
112 134
44 46
216 222
27 229
197 33
181 109
33 57
27 166
219 123
242 113
40 101
99 192
60 200
149 188
223 131
41 227
242 123
20 160
52 235
188 228
7 42
175 21
42 163
10 57
204 14
24 208
208 18
62 31
107 100
77 192
117 83
211 205
124 50
73 86
84 13
224 155
189 32
141 146
83 168
175 241
161 213
172 80
204 115
100 102
94 183
177 89
242 70
100 15
13 134
232 218
135 86
167 179
128 220
118 74
78 120
11 126
128 56
75 25
39 109
243 37
130 230
211 64
248 149
249 109
200 244
78 231
182 66
149 66
146 201
228 153
106 98
178 134
4 236
169 14
45 25
3 46
214 139
143 222
54 5
237 8
155 83
8 162
169 12
10 19
160 225
45 154
110 48
222 104
33 172
13 249
111 132
248 246
55 98
156 228
33 58
207 195
3 221
44 248
108 130
28 193
181 154
9 52
95 204
197 247
229 209
195 178
20 171
199 92
11 235
19 206
223 77
218 91
190 218
166 18
111 184
4 82
73 232
224 205
9 235
213 172
72 175
4 5
203 166
48 20
230 210
70 56
201 171
157 45
243 150
245 160
145 240
70 49
41 226
216 198
77 153
94 3
196 154
97 61
47 38
162 59
232 195
189 108
30 108
244 154
144 24
19 79
212 80
91 219
175 194
114 189
43 235
70 175
91 215
174 105
38 231
18 17
1 240
236 11
135 244
103 131
233 98
30 85
177 205
214 185
15 188
242 207
180 91
24 127
224 210
242 5
230 150
71 60
24 59
164 120
242 203
101 143
65 46
164 79
205 160
33 140
236 135
200 77
141 156
217 31
201 49
62 197
195 104
44 73
21 14
65 144
204 53
104 174
243 108
104 47
50 38
237 76
160 83
101 56
133 230
54 91
152 108
104 101
177 42
169 27
239 228
211 66
71 91
4 193
68 188
101 149
5 82
166 237
207 28
180 87
199 95
186 183
26 225
91 158
66 51
200 87
130 2
220 211
35 138
167 163
150 6
22 196
126 117
40 120
139 220
26 97
32 26
133 237
73 178
99 21
69 39
94 173
89 234
84 204
189 110
60 89
72 201
148 142
111 211
97 55
200 155
245 82
190 94
212 116
166 28
101 56
158 193
35 14
30 211
209 55
50 165
163 195
195 8
230 53
83 73
11 10
51 144
65 177
199 131
105 97
249 217
16 248
191 111
2 163
194 3
229 138
185 202
53 218
141 56
234 76
175 82
170 50
153 187
226 6
166 169
186 90
86 203
128 127
179 54
216 16
89 151
214 78
166 234
124 90
237 76
103 47
136 195
220 181
141 75
236 163
244 141
236 157
90 219
132 191
228 21
240 72
0 199
0 28
119 166
90 214
235 166
0 71
214 211
8 105
161 22
239 3
170 84
146 163
187 147
125 93
51 80
48 131
83 148
103 100
184 3
202 168
245 166
107 183
106 240
34 187
217 30
141 17
50 159
209 132
25 172
93 118
117 58
212 34
50 243
17 51
55 169
27 207
136 215
67 134
73 90
125 52
49 226
108 38
47 116
118 197
75 204
234 203
162 163
190 187
113 83
28 88
246 31
130 116
214 88
86 32
11 189
220 152
105 189
2 146
180 239
177 48
222 248
105 15
193 23
171 85
114 223
44 211
186 101
65 152
26 140
47 166
61 187
208 126
140 197
75 108
184 17
154 100
240 46
10 192
94 132
12 188
53 108
92 162
134 142
9 220
58 204
149 124
184 211
87 169
18 148
26 9
142 219
164 126
101 143
173 26
131 210
222 10
144 143
239 237
116 48
129 202
192 132
83 166
123 210
165 191
91 212
26 121
115 138
174 207
29 171
185 8
112 219
135 207
240 3
39 10
104 233
133 2
73 212
80 127
20 34
87 228
112 59
68 136
228 18
6 229
85 211
146 32
50 108
23 166
76 6
117 246
214 135
5 144
79 186
206 24
120 55
80 117
100 94
188 88
8 160
35 6
158 161
76 77
87 95
6 90
57 92
225 98
131 85
163 11
92 187
59 216
219 247
197 168
195 25
159 137
163 117
69 137
176 64
61 70
159 6
100 49
216 5
70 94
241 142
182 217
33 207
98 119
104 125
139 30
215 38
137 197
64 177
234 132
243 154
114 172
95 182
139 16
111 163
141 51
81 8
221 109
106 133
7 8
239 109
60 191
34 115
9 118
105 188
212 157
181 60
163 157
151 45
