19 80
154 58
0 58
14 223
123 81
174 102
3 193
157 44
34 225
7 210
151 98
157 90
18 249
180 129
203 111
39 124
90 188
222 137
146 210
165 106
143 54
166 132
59 136
201 114
34 122
121 34
66 207
152 112
147 143
171 138
202 93
153 205
96 94
15 182
108 174
3 141
159 142
66 90
166 37
46 167
79 166
210 100
66 24
23 197
105 10
130 184
197 98
168 116
91 195
71 53
229 141
16 118
181 247
192 213
148 145
185 234
77 125
221 115
28 178
240 87
35 109
212 188
21 23
29 22
85 223
60 92
63 19
69 183
137 200
19 104
144 97
234 158
233 26
233 129
34 103
68 139
102 54
37 192
127 51
106 44
10 199
218 237
149 36
93 240
154 236
35 181
28 235
153 9
38 237
50 99
188 175
57 229
43 95
193 146
122 144
156 205
176 199
116 40
168 59
30 165
193 15
15 213
109 179
194 52
164 186
79 4
58 48
86 142
169 33
225 78
129 7
17 200
128 237
208 115
93 200
119 200
31 49
215 15
234 175
70 217
42 214
59 48
45 171
8 173
53 98
63 61
246 140
217 205
168 142
211 181
107 134
151 122
200 32
87 62
23 147
126 194
78 131
1 82
226 3
48 43
234 198
78 26
239 224
79 105
224 158
25 155
160 225
13 198
92 47
160 192
186 134
160 157
228 97
187 207
189 247
208 153
65 192
61 0
38 208
145 186
65 205
50 214
154 230
88 18
243 93
198 193
35 226
206 182
212 140
69 243
12 132
39 103
188 29
143 88
229 65
98 89
212 199
68 5
158 227
232 111
36 129
198 190
92 129
142 160
216 245
98 77
167 231
55 249
105 86
4 112
138 91
73 92
92 126
186 121
203 99
204 197
183 155
217 73
76 62
156 134
244 85
181 57
188 205
166 215
174 14
112 32
29 63
166 36
241 7
199 194
100 236
121 214
98 124
202 49
109 123
79 55
52 75
5 29
1 67
11 9
60 43
138 216
61 219
207 72
16 245
179 103
151 2
15 40
179 115
151 62
9 58
46 240
40 193
57 16
35 177
107 90
241 105
189 108
55 86
87 231
225 161
7 180
51 105
16 53
139 43
134 94
171 133
75 152
32 247
243 219
64 218
218 125
163 16
99 220
34 120
68 241
218 40
7 197
81 56
146 163
245 35
203 131
191 25
183 82
192 134
108 133
173 239
224 17
164 38
232 42
126 178
160 168
192 139
81 213
67 170
110 5
76 14
211 112
84 137
8 165
154 100
167 200
79 240
159 210
128 26
195 62
231 35
97 107
198 30
167 169
69 102
32 228
134 218
185 43
160 145
66 105
36 181
71 93
222 72
247 144
216 186
23 229
49 218
141 93
156 79
191 38
53 211
139 113
237 39
176 7
120 243
152 5
181 85
118 98
90 98
227 101
86 175
146 245
49 89
148 53
123 1
130 10
203 112
210 183
93 158
48 18
180 30
236 169
170 2
37 68
134 110
142 150
173 198
7 176
163 67
173 32
181 160
179 169
6 105
187 232
214 204
16 92
136 134
140 45
139 85
100 182
221 136
176 40
20 5
175 174
67 184
80 138
59 244
63 120
24 103
189 0
85 59
76 88
67 186
73 240
57 129
217 79
86 159
233 184
83 176
160 38
95 55
10 94
181 154
52 69
133 0
215 176
7 230
87 59
109 113
31 247
69 191
201 85
224 157
130 79
86 50
183 92
101 20
205 236
25 166
29 144
125 64
233 160
166 78
46 8
158 109
198 67
153 189
216 139
235 121
24 211
78 113
10 147
31 192
227 173
136 231
135 46
6 227
104 39
153 68
121 151
149 244
169 91
51 191
203 146
149 114
31 141
151 119
172 36
70 176
64 217
15 31
184 171
184 171
38 162
103 131
57 134
114 235
59 127
5 55
89 215
248 32
131 63
28 226
94 66
148 203
248 1
64 238
147 231
208 80
198 162
178 50
124 88
169 94
160 83
9 226
173 176
233 119
63 112
118 136
207 2
106 38
32 44
28 111
82 209
115 75
8 157
63 170
59 133
216 38
243 191
197 91
164 50
171 173
8 9
30 104
211 171
4 46
4 177
126 70
48 117
136 218
67 208
61 75
68 123
40 181
90 163
233 115
230 181
35 106
227 229
219 237
203 92
210 221
86 125
159 102
129 73
200 199
6 95
237 148
103 48
132 198
174 222
135 161
248 118
184 86
196 137
12 207
93 128
111 31
132 232
197 117
179 62
90 135
46 101
235 2
143 27
72 249
180 39
217 193
96 145
7 194
184 62
217 30
19 14
113 31
156 188
175 52
10 187
146 62
99 118
50 82
93 190
51 153
159 25
191 25
108 202
170 62
188 110
150 190
219 135
111 35
24 220
36 197
151 175
36 146
216 83
147 208
113 125
100 201
55 112
20 116
99 69
41 88
93 209
229 137
204 102
56 224
142 1
213 186
74 71
240 97
91 191
162 80
26 94
18 222
70 68
111 165
193 39
10 96
34 144
106 167
202 92
58 94
220 206
244 115
16 215
82 98
246 192
197 28
215 113
29 218
196 165
214 180
146 185
40 131
202 23
82 42
155 137
149 239
136 137
188 128
204 225
26 34
77 241
92 188
185 141
50 127
223 13
236 100
234 48
98 101
81 53
176 239
224 55
68 196
129 39
45 78
136 61
184 48
118 35
186 158
140 45
47 99
150 79
123 91
130 232
55 21
161 170
218 31
22 249
36 187
161 172
238 181
160 237
228 194
137 231
207 244
184 123
41 120
121 208
234 122
175 42
187 152
162 211
139 126
128 188
32 122
188 65
10 168
138 133
138 43
200 145
223 225
176 100
96 171
111 66
201 13
239 224
146 235
153 64
114 57
233 56
71 196
45 46
132 138
23 196
84 109
210 23
126 89
38 110
173 203
129 93
146 42
67 42
135 38
105 218
234 25
85 20
182 238
135 123
30 101
138 24
63 200
132 245
67 158
189 37
152 56
28 169
148 122
235 89
98 116
101 249
105 14
189 86
214 40
119 201
224 10
128 206
86 140
52 107
34 135
9 198
225 21
182 131
105 169
124 150
53 78
134 224
104 43
18 55
74 245
107 175
204 150
210 0
51 248
145 111
87 61
174 134
88 87
110 73
53 186
5 159
190 93
243 194
25 92
185 36
73 20
43 243
6 47
94 212
249 80
131 196
9 30
223 135
203 52
39 71
113 86
134 78
39 196
93 117
28 172
95 41
132 199
190 188
236 115
91 23
175 54
166 105
193 164
67 206
249 48
34 146
228 223
4 231
212 127
241 40
129 16
134 244
244 153
67 102
4 179
207 10
108 66
72 59
206 223
187 8
84 82
88 162
19 217
246 149
66 30
38 142
220 156
61 107
226 80
1 64
207 198
136 69
27 145
22 148
78 66
30 48
194 40
115 48
211 185
230 38
210 111
145 80
15 100
176 156
156 101
151 158
72 219
245 169
212 239
216 142
209 39
70 180
135 37
42 174
82 119
53 99
59 210
29 36
216 84
109 220
130 229
135 87
242 180
225 149
4 82
9 42
225 108
248 19
150 139
232 192
215 128
248 37
165 40
5 25
155 142
55 164
61 123
125 56
185 138
119 12
212 245
246 8
208 41
115 72
171 73
73 88
6 86
92 214
162 161
243 227
244 208
126 111
222 139
85 39
167 56
107 80
98 103
63 52
48 17
79 118
174 148
152 220
26 82
53 191
92 225
117 51
181 111
102 94
142 132
6 189
35 14
45 10
53 201
76 101
34 74
174 20
61 140
98 230
233 28
61 119
142 220
18 236
140 142
109 50
199 144
147 115
244 108
139 159
33 101
124 132
138 62
165 7
117 65
165 221
196 224
96 33
152 109
167 91
19 11
86 149
146 125
224 79
21 27
25 178
55 69
27 125
35 46
246 51
145 210
26 60
186 160
114 230
128 217
54 83
30 220
238 169
175 117
129 79
142 43
51 204
155 213
222 43
57 76
170 78
214 190
200 30
188 233
126 59
1 11
106 93
207 90
181 119
187 54
30 228
148 47
19 152
239 111
165 37
43 230
31 23
240 99
205 221
153 73
21 179
180 38
110 201
137 71
142 170
66 236
126 32
215 53
108 95
214 15
235 66
110 190
248 176
239 153
163 146
210 214
52 121
46 109
207 181
248 167
209 204
56 210
103 215
165 211
155 78
248 172
94 108
95 216
50 68
84 119
97 162
151 41
200 138
114 21
196 187
16 117
42 70
50 101
35 164
114 225
204 196
179 14
222 240
151 230
122 52
89 168
224 126
126 89
60 136
22 238
4 178
100 133
36 212
158 173
150 102
62 155
152 245
14 236
6 182
242 237
247 223
61 213
125 165
136 71
230 36
209 35
101 12
23 91
68 17
127 22
87 82
237 136
142 105
143 204
126 167
116 77
214 243
181 152
99 108
14 64
36 145
233 25
104 233
55 188
28 19
96 210
91 8
184 141
166 182
203 113
41 44
96 126
51 59
4 90
209 161
82 179
243 5
127 133
82 134
60 104
222 57
229 122
26 11
117 160
210 243
219 7
80 167
38 13
56 152
168 169
66 17
69 114
3 95
142 177
173 165
242 56
5 180
202 155
130 231
216 110
237 153
149 8
227 30
243 152
160 79
120 106
197 128
11 243
13 103
229 196
146 31
247 116
66 58
13 181
221 56
69 121
76 112
212 247
226 78
33 152
75 172
233 199
68 19
97 103
7 9
188 218
191 201
144 97
231 90
17 180
195 77
181 125
221 247
96 55
127 229
98 236
44 97
104 1
175 85
49 118
169 116
197 201
238 3
137 17
151 220
81 91
201 202
191 174
198 236
222 243
171 21
70 138
121 155
73 79
27 129
80 180
91 183
85 54
170 181
226 6
219 83
136 72
34 80
224 86
19 129
110 184
10 40
199 237
159 24
242 133
237 88
67 165
147 84
16 176
151 215
143 142
203 190
241 107
156 142
132 128
156 50
240 157
16 118
186 150
171 220
26 218
145 74
67 144
224 189
161 99
206 81
213 216
245 240
197 211
19 153
71 67
1 109
62 243
185 243
9 203
11 148
7 165
109 30
155 192
195 30
110 104
93 107
18 51
134 48
34 203
192 201
115 148
180 206
87 148
173 218
65 145
123 136
81 92
166 143
122 67
169 96
115 35
145 29
173 98
130 77
1 222
242 22
114 203
185 40
137 194
97 148
196 54
203 108
16 131
22 204
143 243
168 75
108 198
217 15
57 146
93 12
11 124
93 61
45 1
192 201
142 176
29 115
55 35
198 48
180 91
87 175
121 99
19 26
139 227
59 3
58 247
69 240
115 66
119 178
77 233
71 38
93 236
107 209
170 182
59 145
213 158
41 35
140 74
124 84
111 244
242 43
99 22
185 13
110 215
158 88
122 48
120 47
41 225
171 178
4 87
188 135
239 160
221 116
145 90
211 15
193 223
101 43
32 104
20 22
27 32
208 25
1 223
113 124
159 138
5 150
181 119
65 168
83 111
219 97
201 8
109 84
144 2
192 32
204 244
57 117
98 205
81 237
226 214
94 64
188 172
134 198
17 43
50 4
233 118
4 229
69 51
193 147
20 165
37 195
173 165
77 219
238 44
189 30
96 28
118 77
149 230
102 11
137 190
7 180
78 20
226 5
105 30
29 100
154 5
50 48
235 215
224 192
177 38
68 49
249 247
73 122
196 183
214 87
80 94
217 78
126 16
11 65
190 110
99 107
92 134
220 111
142 5
166 138
68 206
106 197
180 69
123 8
177 114
147 57
170 204
62 131
119 11
223 45
190 219
248 174
107 248
134 43
29 197
114 179
170 218
14 36
41 139
225 212
171 96
240 147
246 56
198 97
112 79
166 55
161 211
228 15
120 36
98 234
229 190
19 173
57 37
94 162
72 141
182 58
12 145
26 227
241 90
91 193
197 170
16 138
82 75
189 93
25 60
80 222
76 20
37 53
99 77
165 115
175 145
12 83
157 178
64 185
86 54
41 187
208 76
231 61
116 208
54 192
124 60
4 60
34 119
84 35
136 120
3 192
55 170
219 15
5 12
153 244
71 86
206 219
140 63
28 74
106 90
70 44
74 71
128 244
199 247
202 104
203 22
15 34
148 213
52 214
155 171
15 89
155 206
192 20
188 84
5 174
24 175
21 23
52 60
55 177
118 81
119 105
211 225
38 63
107 164
145 148
197 210
190 63
44 152
18 125
211 248
174 146
203 216
241 100
98 150
93 235
41 103
106 92
191 88
94 186
20 210
30 66
94 26
127 58
23 61
66 132
175 34
134 193
162 204
141 212
185 139
129 199
176 154
109 204
80 120
218 149
99 98
84 23
149 77
109 210
14 220
74 205
177 205
165 225
162 183
131 208
9 114
155 176
127 131
184 85
118 240
203 84
23 90
44 121
185 25
37 102
90 238
58 144
64 56
40 151
143 167
94 50
202 175
247 115
125 62
192 184
16 165
145 36
180 149
43 244
207 212
101 57
190 144
118 81
140 46
67 176
246 68
246 55
150 139
166 79
109 12
86 42
234 81
25 0
12 34
241 2
191 220
195 88
166 112
12 166
125 213
246 84
151 215
138 184
196 122
161 211
1 41
91 56
223 220
182 205
42 50
96 133
26 23
192 102
111 44
122 152
99 227
50 64
54 58
73 99
40 110
149 70
247 10
172 223
182 214
219 174
93 50
62 238
37 68
37 129
50 117
70 123
100 47
105 208
63 81
28 212
223 237
141 68
40 211
98 194
158 113
21 191
38 180
156 166
213 151
10 66
85 204
223 1
135 110
238 91
240 65
16 34
22 155
128 52
190 141
242 199
164 200
248 35
179 125
145 208
179 174
164 138
246 64
173 140
138 139
106 128
185 206
114 23
233 104
189 66
42 232
70 178
6 41
243 18
236 162
233 44
158 35
120 199
87 200
101 102
110 233
117 63
219 105
198 139
95 167
17 112
231 244
169 186
159 226
140 113
245 47
69 170
235 226
146 241
200 26
222 59
87 9
53 49
4 127
27 238
113 67
189 241
153 5
2 107
29 228
178 171
241 235
90 182
128 205
15 131
23 193
132 24
208 112
223 210
172 59
157 156
148 197
205 184
181 101
33 32
198 49
170 22
138 50
164 80
52 147
180 138
248 156
117 208
69 220
220 157
151 85
185 151
146 241
216 167
130 25
202 127
236 170
151 134
101 4
19 41
171 98
184 40
64 235
206 72
172 210
21 101
75 12
132 72
27 155
211 68
78 61
223 32
145 134
207 219
78 216
103 100
214 183
20 96
68 156
50 227
175 134
23 136
205 173
46 14
3 108
211 177
175 129
103 144
96 206
57 195
190 221
21 246
166 84
26 211
70 37
183 245
205 176
9 242
41 99
139 48
44 46
64 193
113 50
65 138
111 74
61 166
13 95
231 246
51 197
31 51
67 192
10 85
158 238
226 95
148 60
109 242
166 47
101 221
25 85
215 26
29 7
65 136
43 187
137 220
145 133
3 133
213 176
207 147
139 65
115 83
42 29
179 86
205 182
77 114
188 24
185 24
212 84
29 249
10 237
28 108
221 158
141 35
238 124
89 34
33 55
88 100
62 114
196 200
17 83
52 138
1 6
98 236
25 39
208 16
146 181
110 48
90 145
72 7
115 105
143 69
128 246
221 41
84 38
133 11
41 152
200 176
164 61
205 81
68 207
21 186
18 59
108 228
141 177
226 66
61 161
118 230
80 18
166 128
143 108
83 143
246 126
168 129
244 71
239 66
128 110
32 173
150 246
175 0
201 142
59 115
154 107
58 171
158 112
230 201
243 60
50 201
192 51
206 83
15 43
156 210
64 147
40 102
15 18
202 53
123 214
73 105
185 153
58 13
30 199
52 10
130 201
26 226
113 30
14 113
135 139
69 41
245 35
37 117
37 52
165 38
151 227
214 194
216 163
39 167
13 242
88 179
236 105
38 224
207 75
141 150
46 57
66 105
117 193
158 121
143 152
234 180
230 110
153 71
201 56
74 85
3 14
183 96
76 233
54 225
49 116
133 35
163 96
81 188
86 233
76 26
228 65
223 36
140 101
124 21
184 44
170 172
72 240
53 133
216 31
52 229
87 69
135 188
100 82
52 241
196 155
30 138
179 171
19 50
168 21
35 133
115 35
26 100
201 216
236 148
71 32
13 39
115 102
122 70
49 212
118 153
217 184
128 203
172 2
172 49
25 101
136 240
228 238
68 231
186 129
93 138
110 60
206 172
146 15
84 139
23 175
126 108
53 228
15 245
102 187
99 15
104 195
87 77
160 102
210 5
196 27
94 219
204 74
211 110
195 115
216 171
121 46
60 149
14 202
150 216
135 8
39 175
52 240
214 126
15 165
186 176
249 4
114 113
37 1
137 73
78 142
19 102
34 85
69 113
76 112
247 89
5 76
136 72
110 130
166 52
137 168
76 161
222 206
238 194
177 228
115 4
107 61
167 43
193 108
49 168
129 89
231 132
45 75
68 42
36 59
95 20
216 43
72 166
39 90
191 205
244 78
61 227
237 175
206 217
17 26
229 245
200 39
136 10
169 98
40 174
128 9
226 104
223 235
29 7
204 244
4 237
223 203
188 27
44 139
227 134
29 53
35 174
161 167
9 146
58 209
38 134
223 236
106 51
233 22
124 1
172 108
232 92
113 111
219 231
167 95
95 129
177 132
24 114
97 3
207 45
94 61
101 15
86 37
30 36
105 102
173 159
124 119
142 117
3 148
158 83
173 133
212 133
52 16
119 165
186 131
68 22
230 168
78 91
233 131
145 102
154 12
6 192
170 77
112 143
131 40
227 68
201 238
240 32
181 156
85 152
128 2
79 143
180 45
197 127
122 210
129 126
143 84
154 166
167 151
120 105
126 24
243 158
177 180
45 227
104 5
1 45
151 58
20 167
17 14
221 103
241 71
199 126
20 2
69 79
152 153
43 2
214 246
240 72
16 241
239 197
26 72
84 64
206 155
224 248
49 85
116 124
135 205
73 156
176 1
217 35
15 163
35 5
147 176
84 200
234 221
212 225
239 12
117 156
116 28
158 66
125 188
218 72
136 55
131 140
168 28
215 175
99 153
228 90
181 142
166 188
35 129
210 93
184 35
14 105
92 17
71 109
192 171
83 232
246 194
106 70
139 78
71 204
89 52
195 11
28 196
109 91
67 171
28 135
96 20
191 105
201 34
8 187
18 89
97 18
102 139
22 209
217 20
187 129
89 126
81 65
123 48
171 241
127 243
109 111
6 35
154 220
1 49
235 198
140 241
225 127
225 117
98 185
145 214
171 2
125 16
194 129
20 198
214 62
84 66
93 109
247 161
85 202
60 7
49 165
180 75
223 230
90 240
206 31
126 60
181 201
185 198
111 53
104 19
211 7
25 45
70 125
149 223
129 124
67 155
90 72
95 212
63 204
212 64
169 160
191 115
217 139
73 97
196 149
118 220
130 117
120 44
176 9
99 97
89 72
121 152
194 60
165 189
112 7
155 202
28 144
38 229
118 156
136 125
39 41
4 194
241 71
71 214
122 215
247 189
76 140
74 54
182 15
188 20
85 116
243 145
70 107
210 215
132 128
79 207
12 152
72 221
86 44
121 218
66 49
225 154
234 188
37 129
93 193
239 247
163 109
159 186
29 217
109 71
226 161
68 241
230 153
12 25
210 61
238 19
91 215
204 145
17 160
247 18
173 110
6 223
19 65
229 226
240 53
248 12
29 59
131 239
198 15
15 240
219 117
75 94
102 93
19 6
19 30
162 9
207 242
109 85
150 99
17 109
105 131
67 100
172 84
117 55
190 59
46 99
171 127
159 108
57 153
150 92
18 241
210 232
129 188
211 103
160 66
83 113
89 226
43 133
17 245
23 80
21 74
64 185
174 207
95 233
5 138
68 202
32 103
141 84
108 245
81 64
232 125
178 40
138 150
178 41
249 107
151 241
113 93
64 147
226 213
140 212
168 159
145 60
109 210
233 137
39 3
60 84
158 35
116 243
66 174
164 161
129 77
165 5
73 207
194 55
34 192
14 56
104 28
233 27
9 46
76 33
127 62
98 37
35 162
86 93
249 103
192 83
125 231
13 113
205 129
28 7
41 36
103 179
205 25
148 10
150 86
175 28
60 110
229 226
227 7
218 61
92 23
148 211
26 89
104 242
164 172
234 53
218 69
51 107
185 26
65 187
178 77
73 191
143 146
52 227
6 36
210 164
217 9
140 242
248 27
191 218
49 174
229 196
92 233
59 112
195 240
190 238
170 4
175 163
175 88
246 14
19 78
102 150
222 86
44 151
25 63
192 223
29 126
119 62
38 164
82 30
221 214
90 48
69 204
171 19
137 101
99 81
87 104
7 30
238 100
27 163
46 218
108 196
93 168
108 170
7 116
105 236
9 72
53 240
108 136
11 86
114 50
83 237
109 0
37 19
152 104
15 201
199 8
186 19
122 79
69 196
36 74
99 229
113 45
193 43
120 10
64 221
63 138
33 143
232 81
211 57
143 103
168 205
157 33
205 34
71 57
42 206
229 241
177 107
82 246
163 108
70 109
241 196
193 248
191 236
10 33
39 154
28 223
28 88
165 117
84 32
158 21
192 137
45 69
26 43
198 175
151 206
78 229
163 31
127 177
25 236
213 151
86 15
100 219
232 155
147 84
206 229
99 205
154 160
73 149
197 243
32 105
200 193
241 155
174 29
158 217
65 36
33 39
144 202
78 198
9 145
144 165
99 171
234 160
30 249
155 207
177 118
180 86
16 57
130 27
140 21
6 133
95 96
124 202
227 86
43 80
64 30
208 215
26 113
177 231
45 26
52 55
44 19
96 24
101 72
242 128
90 116
214 27
97 53
29 151
113 92
180 142
136 95
149 132
42 30
11 111
219 81
192 0
152 154
236 221
72 15
61 8
177 65
83 232
157 101
202 195
200 125
5 47
84 29
68 127
113 207
227 198
67 219
180 186
88 60
68 58
109 91
197 89
65 64
77 59
18 114
37 160
65 59
136 124
214 234
41 40
73 222
149 157
141 198
109 131
26 156
110 247
241 156
91 18
209 25
44 194
230 10
176 13
204 239
224 183
136 144
208 114
137 204
242 245
139 229
78 54
73 98
78 184
8 238
232 146
92 228
202 183
157 128
148 33
173 7
84 99
95 94
181 112
44 245
218 0
179 54
212 198
8 213
26 146
205 56
194 177
215 176
105 73
68 5
158 135
70 129
101 58
136 114
40 167
52 237
18 75
39 133
87 21
93 117
114 197
125 202
67 127
78 66
211 53
11 160
31 58
199 146
63 39
66 38
132 156
104 72
107 182
162 26
44 173
40 246
193 23
116 119
112 193
138 202
129 176
53 41
25 52
129 88
137 55
15 40
135 163
121 248
125 223
239 233
169 197
245 13
210 74
163 242
26 168
93 56
83 113
70 146
73 195
31 114
229 83
54 58
222 115
58 188
113 21
19 222
23 147
4 131
35 201
29 79
154 227
151 205
78 120
201 124
211 137
39 57
212 95
27 115
79 64
49 12
205 41
191 173
239 145
169 113
172 73
139 167
14 154
235 42
189 63
148 75
80 164
147 22
212 40
106 118
130 32
105 14
64 70
221 246
111 204
222 100
158 169
187 202
159 228
112 70
191 240
125 12
117 79
167 235
243 40
34 203
53 67
205 122
110 36
235 98
119 135
53 192
75 9
160 209
103 210
249 139
45 231
149 190
59 237
201 241
139 231
9 212
43 169
245 154
156 234
224 37
215 240
10 236
149 64
2 172
43 142
108 179
13 203
130 71
220 148
123 73
137 40
65 137
218 91
175 190
168 187
247 36
178 234
40 147
248 34
100 194
190 203
72 109
134 214
37 97
27 191
90 214
169 215
182 118
224 239
64 136
11 230
246 44
195 115
30 236
215 248
39 159
219 232
185 83
166 10
134 163
187 108
148 107
219 244
35 96
55 143
225 194
69 109
85 175
88 107
20 99
233 112
165 79
29 87
169 24
143 9
248 44
119 34
104 248
0 154
117 91
141 193
94 245
45 11
45 206
162 168
12 243
106 178
229 111
14 193
79 47
82 44
145 170
73 143
248 147
176 148
69 117
106 108
177 205
47 82
203 197
41 213
63 188
226 170
162 84
93 2
222 88
38 233
18 198
157 123
246 59
54 133
228 172
109 238
6 136
95 171
45 249
82 29
33 235
113 182
145 63
30 22
25 141
207 201
91 120
163 35
29 179
232 181
241 148
145 220
55 31
74 241
244 122
126 31
87 212
22 47
76 2
171 97
17 147
68 100
209 216
185 99
5 55
87 181
234 183
73 49
99 58
125 169
3 31
21 127
155 143
66 195
88 100
118 116
179 25
4 213
173 209
70 72
92 162
170 57
157 84
93 44
36 49
238 132
129 34
101 89
157 192
112 108
78 38
100 205
112 115
128 12
43 137
102 139
127 60
215 36
129 67
136 178
111 113
68 165
208 51
168 55
176 240
103 31
223 85
168 101
64 221
111 235
7 189
25 212
174 75
187 124
155 203
9 246
227 81
80 130
155 123
44 216
47 29
184 228
164 78
208 25
14 182
160 142
170 71
166 207
186 228
155 217
58 182
36 84
183 224
5 115
205 105
10 157
186 54
155 216
155 206
2 227
72 12
12 187
182 189
59 156
115 238
131 85
153 136
50 85
78 131
59 41
45 144
168 156
21 46
156 87
46 158
222 240
62 8
153 26
27 141
136 99
163 232
149 40
105 19
241 159
35 158
91 117
82 183
205 149
16 157
150 106
104 242
127 150
242 209
27 215
96 181
60 8
9 20
178 112
226 224
201 36
213 13
165 54
18 223
101 242
229 150
58 41
158 89
7 39
211 26
189 103
169 68
89 143
155 237
25 150
208 230
206 102
137 217
205 39
154 44
22 72
53 240
231 85
213 247
161 239
139 228
241 87
195 233
68 130
134 237
208 197
139 231
177 70
111 51
204 162
33 77
192 208
180 111
112 105
18 155
170 221
47 222
93 234
20 88
21 163
211 158
228 187
122 69
169 49
34 240
19 204
69 15
40 189
2 231
116 157
195 122
59 16
53 77
112 224
120 183
193 22
61 132
244 193
48 210
8 119
118 182
225 198
212 217
137 244
193 20
228 231
177 45
86 207
187 140
190 85
45 64
143 231
70 245
143 147
67 31
28 14
113 238
208 49
150 246
103 10
67 122
193 24
74 234
145 53
26 62
64 3
140 125
208 229
72 54
246 38
96 245
223 73
2 235
25 38
220 68
163 175
28 27
238 41
63 248
67 105
141 149
140 188
90 159
164 90
153 139
179 173
82 106
139 158
146 25
202 156
195 16
136 126
218 6
95 40
223 220
155 189
162 219
241 242
23 21
63 93
159 236
20 176
242 26
170 187
227 248
207 28
81 74
240 226
170 237
117 191
214 181
20 4
218 26
70 92
153 249
106 149
39 137
238 176
164 9
103 182
196 35
128 160
