22 178
45 140
169 210
185 42
229 145
31 180
196 38
123 22
205 182
116 35
113 25
74 11
158 201
95 109
26 46
113 197
182 192
217 183
27 120
75 240
60 164
80 228
35 3
141 80
89 182
18 187
216 109
82 152
105 139
192 10
198 72
230 54
241 20
16 5
79 244
128 198
204 104
14 144
84 7
233 35
222 233
65 205
193 189
132 246
238 140
76 88
92 153
157 193
202 219
66 209
185 140
196 215
6 33
215 114
122 37
5 146
208 23
137 221
104 168
90 27
84 119
99 158
184 119
241 178
140 151
112 70
142 160
234 221
136 51
191 108
156 215
150 207
115 125
87 157
51 204
237 48
96 155
232 64
204 93
247 132
82 98
87 237
79 82
123 3
237 70
77 47
173 84
83 224
3 243
227 203
139 133
74 109
89 57
226 43
1 190
42 115
217 92
109 31
0 127
58 204
233 115
38 108
198 143
184 158
87 181
5 119
139 224
147 108
149 217
84 217
136 178
202 75
20 17
4 74
29 72
61 175
150 124
179 221
247 16
89 95
68 43
142 186
50 71
67 191
168 6
216 142
183 227
158 189
189 233
70 101
248 78
103 214
22 48
237 81
165 78
45 79
85 205
239 166
46 68
218 146
176 56
211 50
132 18
141 4
67 189
60 72
224 50
122 109
70 59
164 26
28 197
99 90
215 156
195 221
204 144
207 49
222 144
6 37
179 28
4 147
95 202
150 31
98 247
90 203
10 143
129 132
182 241
127 106
33 113
194 219
191 190
214 223
126 0
20 143
48 14
188 199
94 248
155 73
245 225
193 199
48 175
82 160
178 23
66 173
26 65
14 3
87 101
120 41
206 56
179 174
72 46
213 95
143 181
205 165
10 1
233 153
236 234
234 148
197 162
212 216
176 83
23 21
113 116
93 197
58 100
128 179
27 233
158 10
169 227
51 102
96 151
176 125
147 140
226 53
63 1
152 162
106 143
134 203
101 94
117 51
40 104
15 46
68 67
233 176
4 54
83 103
26 55
30 148
141 167
92 19
121 130
20 211
104 236
144 224
218 18
90 46
93 219
79 8
237 240
0 118
102 63
135 44
142 157
67 30
22 73
4 37
142 29
62 203
171 237
158 76
167 131
212 188
110 46
120 238
24 59
88 42
167 227
49 167
199 229
77 36
20 91
29 62
56 57
139 245
240 34
229 119
149 217
193 36
83 143
47 141
223 17
24 158
100 41
157 140
71 228
58 85
207 163
187 132
151 214
232 107
146 195
206 203
177 152
166 81
248 146
53 46
65 50
207 233
67 208
216 10
233 212
42 64
178 180
114 92
183 132
116 167
236 195
32 11
150 142
172 220
122 174
44 18
179 108
132 234
79 145
2 132
147 211
208 115
101 108
181 76
66 233
145 240
125 226
65 60
33 180
200 37
15 146
244 14
137 21
247 182
195 182
205 193
57 7
38 70
188 247
239 174
35 171
86 155
71 240
116 65
137 53
35 26
228 240
60 169
52 85
169 183
51 187
69 44
197 234
224 126
221 201
114 65
234 47
130 98
60 43
81 104
29 68
186 205
68 155
16 99
123 163
92 200
196 66
215 45
208 61
11 151
143 44
87 119
125 148
219 156
114 236
24 108
221 102
194 245
206 229
119 29
182 196
100 209
102 215
20 10
85 61
176 171
5 73
3 109
37 32
125 123
118 11
48 89
39 89
45 209
82 22
201 220
3 188
222 91
122 128
175 3
78 195
199 148
247 15
118 23
200 161
159 119
118 239
76 6
232 189
4 11
219 145
81 76
48 148
46 236
19 177
99 27
10 221
189 194
105 57
185 68
38 186
156 129
223 112
211 193
214 239
91 41
86 189
198 110
207 91
101 89
213 227
30 215
62 225
15 126
182 179
91 157
212 244
201 119
184 88
227 23
235 147
9 195
221 8
183 211
214 35
5 42
37 1
153 172
220 165
126 225
223 220
94 97
193 123
60 240
98 233
165 144
143 16
91 168
17 213
229 219
65 184
124 106
131 51
67 131
92 188
124 95
47 58
137 66
207 73
175 51
51 211
140 148
108 146
161 45
144 192
106 76
73 196
106 137
180 94
195 82
214 62
35 17
64 2
197 48
133 40
163 111
153 26
220 248
172 222
28 110
153 202
163 94
171 181
239 180
6 30
183 135
68 23
39 223
193 212
198 70
97 98
24 110
154 139
152 165
45 137
85 38
94 86
0 95
144 79
196 61
196 225
73 108
94 219
27 76
48 188
249 229
171 109
225 95
197 113
152 211
208 166
148 108
1 10
61 141
222 41
207 110
98 6
158 218
151 153
9 155
133 180
42 203
208 29
1 233
35 46
24 185
217 135
12 42
193 245
209 150
208 108
245 191
219 61
73 82
63 216
123 78
97 242
22 39
213 8
153 81
81 221
241 50
163 48
61 78
131 32
214 182
200 84
0 33
101 39
142 145
248 235
217 206
218 54
183 146
149 61
174 42
33 143
248 170
184 179
177 76
27 37
138 115
71 10
215 29
147 163
228 29
85 102
151 213
247 235
203 146
214 146
133 11
89 197
146 122
107 49
98 96
164 224
131 148
47 186
92 174
100 162
242 244
239 133
227 168
186 217
19 214
198 34
87 214
15 146
23 187
207 135
25 235
149 61
195 78
112 48
243 62
120 107
198 19
151 217
120 94
104 62
197 145
58 161
4 74
98 239
154 220
80 96
14 105
67 157
87 233
144 108
72 106
247 12
66 148
16 111
53 210
236 139
112 109
43 214
149 235
122 57
231 37
8 180
128 143
125 185
49 74
44 123
164 216
30 62
141 6
166 190
185 195
11 167
22 139
64 102
176 245
169 84
90 239
216 205
234 110
145 247
139 180
143 206
178 245
62 117
165 246
52 146
229 130
14 117
131 73
53 185
25 144
226 160
32 163
138 143
159 66
237 216
152 175
2 118
83 54
233 164
21 75
199 145
85 175
100 164
76 23
19 218
147 29
83 28
188 56
232 89
26 53
91 94
191 144
32 157
73 48
198 165
6 188
220 6
76 145
196 242
169 192
101 75
209 213
133 67
118 183
92 137
94 54
122 206
199 183
2 158
111 247
128 67
171 146
168 213
85 118
116 66
23 240
200 222
146 131
119 179
231 54
42 77
217 58
93 23
146 223
175 16
194 104
22 43
205 65
125 214
10 172
110 229
95 212
238 160
180 65
94 96
152 68
216 194
64 247
234 91
155 6
94 202
185 68
185 60
16 58
27 28
245 104
103 118
131 189
206 120
99 144
93 147
157 23
14 109
37 11
164 228
60 236
11 141
125 160
221 148
100 120
117 86
164 108
224 171
163 238
36 169
144 118
249 10
46 167
47 125
222 229
37 191
32 62
185 31
163 32
242 64
195 42
134 73
142 132
171 238
111 45
196 99
99 206
221 119
152 52
78 242
212 240
28 194
65 207
36 215
214 2
200 159
169 145
99 70
33 50
187 65
230 130
12 173
120 243
100 20
193 15
165 183
30 221
33 163
87 142
159 212
222 8
113 161
169 77
45 196
100 48
35 32
81 85
165 146
75 125
104 17
83 56
234 237
83 162
84 64
156 73
137 121
35 100
141 180
105 114
33 198
55 208
33 42
106 105
153 160
55 127
68 233
210 191
94 233
109 51
105 5
161 51
162 236
137 134
115 85
138 217
18 215
240 226
145 141
24 118
140 113
211 197
24 190
232 126
150 97
51 64
144 72
153 41
99 95
162 59
193 67
140 64
73 169
182 149
233 227
182 73
225 148
100 159
27 195
80 111
47 5
67 19
49 105
244 85
115 24
207 148
114 120
203 104
232 59
189 127
22 226
72 107
118 1
174 82
49 199
117 35
241 24
233 181
21 173
99 121
249 85
194 6
176 91
136 172
235 201
221 42
202 113
44 24
112 93
58 143
218 193
72 205
90 197
196 179
199 98
152 24
227 44
167 40
149 155
33 224
192 26
141 108
135 232
9 232
73 74
158 104
37 93
18 133
224 212
140 100
89 167
180 213
187 25
249 144
59 96
6 179
245 98
21 94
114 154
17 93
230 5
219 82
194 223
201 235
28 36
97 157
137 33
44 145
196 8
35 180
148 54
129 48
61 167
228 57
176 214
181 164
116 208
161 174
172 142
49 249
158 60
20 129
4 13
148 179
198 244
71 29
21 177
58 57
37 204
244 179
170 127
29 131
198 152
206 97
63 187
65 134
93 127
161 203
52 127
23 76
158 49
196 183
13 115
39 29
43 76
23 55
193 64
215 234
69 75
28 125
176 212
193 241
62 79
82 61
212 228
148 26
87 80
61 134
126 47
102 19
95 27
101 219
106 178
134 72
232 188
104 184
135 240
27 44
116 155
234 179
135 87
134 206
72 202
245 177
174 93
48 54
37 134
129 128
88 140
241 10
184 25
195 72
233 31
213 128
157 100
175 230
131 47
40 45
49 32
211 120
248 75
17 71
181 228
187 19
128 165
167 94
169 45
211 21
230 70
30 193
85 83
68 135
82 154
157 66
21 114
183 99
11 19
21 63
152 171
116 249
177 61
180 37
167 134
223 191
60 89
52 235
125 102
129 177
20 222
75 184
100 162
64 191
153 141
160 192
35 95
202 192
111 234
102 223
150 136
120 68
101 135
53 55
186 59
203 205
160 216
105 54
213 101
92 192
126 81
118 113
125 133
34 152
183 220
112 127
15 237
131 13
56 104
149 166
54 50
247 79
62 111
108 206
22 232
157 126
132 221
99 232
90 85
63 87
191 217
39 23
8 139
74 156
140 23
60 228
71 133
82 131
225 63
53 29
215 146
248 246
76 35
43 153
227 223
174 191
169 92
53 236
123 85
18 219
147 52
200 109
195 51
113 149
68 77
241 170
190 191
122 121
14 162
248 88
177 229
110 209
142 119
153 158
89 92
217 10
164 8
225 183
7 165
163 22
97 20
116 172
202 54
75 113
151 107
126 21
144 77
154 83
8 103
234 9
14 42
124 231
186 71
158 118
29 244
78 172
45 61
102 66
210 175
139 78
192 49
59 65
127 15
82 88
194 184
220 24
27 244
8 129
2 166
4 103
59 157
217 117
182 90
57 228
75 81
166 176
192 5
212 57
187 30
74 205
37 217
192 14
80 203
95 3
27 172
187 67
45 150
116 220
165 14
14 196
160 1
237 47
241 176
44 33
245 122
88 104
111 97
76 132
235 179
10 190
65 181
245 193
122 245
14 4
29 191
110 66
168 75
140 226
147 141
41 199
84 184
143 201
161 200
37 73
98 151
102 105
227 140
118 220
30 64
225 232
101 162
128 132
116 48
191 148
6 88
81 21
183 229
6 168
29 19
119 110
190 0
90 53
231 53
107 229
203 50
83 104
53 18
111 72
139 219
122 32
214 49
3 131
220 83
5 138
200 217
106 54
70 132
59 88
84 22
159 174
20 122
4 188
34 129
28 209
201 185
30 116
247 209
215 247
169 19
104 214
25 12
240 143
225 160
219 166
172 60
40 42
122 229
134 86
23 43
177 244
67 127
4 130
128 187
96 207
6 104
158 121
122 123
99 201
146 170
159 189
169 116
217 191
242 21
28 148
7 232
98 132
81 177
133 103
158 69
179 104
89 31
174 145
103 118
26 27
45 88
213 48
118 226
48 178
15 238
57 139
236 74
54 246
158 96
166 87
79 119
65 95
218 150
55 95
175 141
227 11
211 0
120 44
138 104
244 118
240 192
31 13
118 28
98 193
85 119
4 49
48 171
49 81
162 79
176 166
190 160
180 236
230 74
152 247
131 136
241 87
75 16
97 87
55 209
245 135
172 67
18 232
91 27
39 111
191 113
212 125
134 12
20 230
161 112
133 50
4 75
206 175
143 94
169 199
153 216
106 193
228 169
120 182
108 216
28 218
129 126
79 43
227 121
38 11
156 52
145 59
119 51
174 44
1 53
164 107
210 205
169 233
84 174
192 19
228 64
67 132
118 152
92 154
27 243
46 146
185 69
238 246
247 6
58 153
15 40
67 238
77 146
21 37
227 223
236 207
40 2
35 17
163 230
106 36
97 72
138 176
156 247
213 248
118 74
32 57
202 12
241 8
47 1
105 137
234 210
235 74
176 140
109 56
43 51
142 101
115 172
95 83
232 21
134 233
112 23
160 224
212 58
188 32
222 223
191 115
233 37
125 218
187 138
80 128
119 193
236 55
201 218
119 193
131 173
138 201
48 88
28 135
96 209
6 229
168 243
141 47
191 109
91 161
28 54
76 64
55 163
186 153
205 92
4 145
132 122
20 222
249 24
229 172
36 64
68 240
152 221
112 73
43 89
131 174
49 231
16 167
135 169
133 139
97 222
83 210
43 196
178 135
67 53
167 242
230 222
219 226
144 185
55 48
78 141
220 120
207 15
216 91
76 121
169 187
23 78
79 209
55 227
158 47
246 207
151 111
138 81
64 35
83 222
6 135
14 50
163 218
202 225
227 200
24 209
1 246
148 63
1 191
73 205
220 247
66 137
95 142
69 219
204 119
11 215
6 20
171 177
118 11
160 26
115 40
176 104
101 248
223 88
9 152
243 120
13 124
132 232
126 176
79 181
160 65
25 63
85 197
69 177
140 162
205 57
136 61
238 205
230 205
169 125
246 220
117 25
239 20
156 46
42 16
23 144
59 205
248 33
110 65
41 110
3 28
92 215
190 130
105 230
235 128
176 18
49 71
172 75
1 235
221 79
185 196
33 41
57 196
47 226
1 2
119 117
221 89
132 177
237 82
0 18
10 93
10 242
183 181
74 206
11 101
162 11
150 57
197 32
73 184
196 104
237 207
79 95
102 84
55 64
30 41
10 177
219 83
36 103
67 30
35 58
146 204
244 148
169 127
237 21
77 27
28 204
32 58
152 112
17 135
239 214
16 179
243 57
178 76
195 2
169 204
77 214
114 158
137 210
204 74
230 195
36 21
79 222
67 194
18 176
76 84
23 76
189 67
170 147
99 45
219 156
52 26
143 22
17 227
225 189
160 157
70 176
126 71
75 214
165 106
45 60
200 106
38 67
146 12
239 220
56 173
191 226
157 120
51 220
107 63
87 224
168 55
31 164
107 56
173 222
82 110
30 150
163 127
102 187
154 12
153 132
176 16
118 71
211 224
70 14
197 31
57 91
214 72
229 63
17 60
244 242
122 248
149 15
39 138
73 91
134 99
243 156
178 5
206 48
85 199
25 77
30 137
137 7
174 223
97 236
195 24
163 168
56 141
164 188
150 233
205 50
215 136
180 159
74 238
174 187
32 160
140 172
24 94
108 100
196 125
245 53
22 196
140 47
23 92
98 186
45 50
87 248
2 98
131 88
25 92
222 11
97 170
88 165
145 153
22 8
176 47
92 127
185 174
20 90
129 52
212 53
248 45
126 91
108 243
225 223
24 65
96 219
34 135
13 209
229 232
132 49
40 160
92 22
121 228
123 24
63 65
214 77
192 219
2 158
133 7
49 204
87 26
158 41
199 93
51 52
72 31
147 40
27 71
129 5
12 219
139 141
218 80
161 144
186 199
221 238
84 200
204 85
98 71
68 230
138 27
54 131
242 185
38 83
33 166
18 183
17 96
134 113
154 242
183 124
6 177
132 37
199 19
27 162
62 148
235 222
167 98
180 82
50 176
150 161
243 157
72 95
19 46
8 202
42 74
232 74
146 167
93 6
43 203
141 181
206 114
228 189
96 103
223 247
91 58
54 199
70 24
163 54
173 87
12 153
88 219
30 99
121 127
40 140
68 137
2 21
231 195
120 203
147 202
111 19
21 15
34 162
2 32
3 248
199 170
230 12
184 119
108 16
107 184
228 80
134 47
229 14
71 136
85 206
241 171
28 27
60 231
171 165
227 49
87 70
221 96
168 211
229 57
5 237
224 157
65 164
28 12
223 24
43 182
117 116
243 152
115 174
74 53
73 99
226 155
234 7
223 23
228 83
58 246
115 17
182 109
2 41
8 196
227 104
184 225
111 41
15 216
52 63
219 105
81 132
118 164
241 213
198 243
40 209
187 5
120 216
170 149
32 56
51 160
176 135
152 10
30 116
149 38
238 28
219 49
89 204
221 139
185 61
145 155
242 217
114 68
55 205
28 247
224 80
39 163
80 235
199 89
30 123
169 241
231 136
86 29
164 166
144 33
204 187
147 98
6 41
106 55
233 132
121 1
105 183
94 50
125 166
212 245
112 19
129 177
139 101
163 50
194 165
67 47
99 147
3 52
108 210
173 218
121 62
165 169
72 204
236 145
106 50
72 73
111 191
3 198
18 13
212 6
177 32
34 75
225 5
27 235
207 182
143 163
196 157
187 70
131 7
218 144
166 29
28 87
18 231
172 133
236 64
83 243
15 248
181 89
183 32
25 94
29 149
222 47
106 217
198 120
131 69
50 174
137 158
22 178
180 216
70 99
35 53
53 205
159 41
53 117
22 119
138 243
240 177
238 194
52 170
202 135
172 2
22 6
33 122
32 214
30 147
175 155
79 167
6 82
19 33
216 36
176 152
119 138
28 171
43 119
31 5
83 168
71 237
80 225
2 157
179 17
170 51
221 214
208 179
77 237
225 149
186 59
189 184
198 60
180 100
134 208
185 220
201 150
77 196
61 125
213 91
210 63
215 59
154 4
57 206
64 199
145 105
12 150
74 73
13 123
201 0
194 138
236 42
104 9
36 207
188 176
123 137
18 150
14 132
171 139
187 14
164 149
230 45
27 3
27 209
166 107
40 104
46 40
218 130
235 239
64 19
3 53
209 95
207 86
116 190
41 72
169 25
95 128
88 59
20 247
134 109
21 167
171 21
148 95
133 2
225 98
23 77
210 182
248 188
29 207
99 203
75 19
182 52
79 28
65 19
114 39
191 234
162 246
201 34
242 114
47 175
202 37
44 81
186 232
243 101
63 164
52 175
77 239
26 229
18 166
213 46
107 103
16 177
208 118
79 101
213 107
67 112
188 226
230 43
87 217
219 4
77 214
110 179
88 222
223 164
206 86
162 102
111 41
221 19
58 114
138 166
104 217
171 101
240 243
167 102
90 124
138 59
126 184
193 184
22 76
191 11
70 118
31 145
96 106
155 221
201 66
185 159
163 26
203 238
39 125
176 144
210 241
20 231
146 166
152 166
233 222
230 86
124 175
189 118
140 75
155 244
234 9
60 216
96 37
166 61
217 104
72 134
152 102
148 197
213 211
189 210
14 169
78 61
84 129
196 246
44 118
162 208
115 131
201 228
211 185
116 210
61 171
149 128
118 24
195 108
225 138
172 113
16 8
215 75
242 94
213 158
198 76
188 191
75 170
188 125
201 188
127 31
133 111
74 117
61 206
213 16
131 136
68 150
89 149
153 108
222 182
206 5
119 149
127 164
234 89
99 185
148 108
38 133
130 76
114 73
74 78
195 206
211 132
111 221
37 143
115 124
176 243
209 187
59 132
79 162
154 248
138 113
141 26
131 221
228 21
188 81
104 155
110 13
229 74
159 90
155 98
12 42
96 163
201 7
148 41
137 65
136 203
229 81
145 71
75 180
69 170
225 144
44 55
14 1
234 227
36 118
161 98
246 37
102 88
186 48
121 172
164 126
85 143
26 223
43 143
238 169
129 239
52 147
150 13
101 108
235 203
146 33
206 231
218 154
81 85
189 208
18 27
9 20
63 125
70 194
145 77
170 27
189 146
73 47
55 164
63 118
211 180
245 228
147 226
34 12
9 152
68 202
29 170
74 195
111 194
162 150
64 159
150 91
100 93
110 85
124 63
173 78
59 169
93 70
216 131
172 25
148 58
224 104
195 7
41 100
233 51
72 68
121 167
22 141
53 195
53 164
107 237
238 145
7 183
179 22
159 4
200 43
32 137
135 73
231 54
67 25
206 32
135 118
9 77
89 185
96 123
241 178
140 88
241 198
86 156
46 8
116 68
207 225
97 178
241 109
117 210
78 235
23 128
223 55
204 68
145 111
162 97
15 86
247 204
183 48
155 128
232 83
166 180
216 133
7 94
30 51
146 207
100 26
48 8
181 122
41 74
100 220
40 150
82 245
17 194
162 184
48 10
84 73
166 205
30 95
116 36
182 25
245 43
230 245
230 36
32 36
11 78
150 1
166 177
209 142
65 22
40 208
200 212
61 104
160 138
199 221
222 8
35 46
234 76
174 210
96 186
194 59
180 76
11 129
171 120
103 129
160 112
128 30
188 74
76 97
120 69
8 19
159 230
225 23
219 52
94 217
12 231
110 33
110 136
28 209
198 190
235 36
25 80
99 113
168 90
67 206
12 97
51 33
227 79
48 46
76 87
41 206
160 44
229 108
77 222
150 146
22 7
78 215
175 11
185 45
129 18
82 245
126 223
110 220
75 178
119 25
7 28
225 57
142 197
183 190
11 12
131 168
180 214
168 127
62 43
83 48
171 11
118 244
140 33
73 76
135 106
50 207
202 28
28 201
54 72
39 218
111 196
134 195
36 209
167 237
30 209
53 216
112 115
162 54
152 194
70 190
132 67
1 204
18 233
40 174
183 195
90 191
117 75
126 17
246 58
12 33
231 60
151 102
40 93
213 239
116 218
135 106
43 76
197 224
131 218
178 133
7 76
108 1
21 26
201 39
123 189
163 204
197 140
21 83
209 166
71 59
106 136
151 228
157 229
226 12
77 233
84 123
189 176
112 160
169 127
47 237
94 241
155 11
62 21
160 155
216 226
113 181
119 13
60 214
61 178
62 248
83 217
145 161
241 227
167 174
121 63
91 215
28 115
236 195
143 113
82 72
7 203
153 85
240 166
80 6
227 125
132 160
223 83
3 160
108 8
138 209
206 192
132 183
21 13
81 69
31 197
204 138
13 61
186 115
114 25
81 23
116 18
144 84
18 43
149 129
9 176
145 75
208 64
120 40
199 141
247 123
39 228
13 212
38 232
179 234
133 155
59 173
88 60
158 8
235 60
95 236
48 86
161 168
207 234
110 137
44 186
119 117
44 19
12 22
7 157
103 227
106 2
123 171
221 35
28 223
116 157
28 49
158 102
69 175
32 240
75 147
136 53
18 214
149 29
7 234
23 65
226 248
47 87
17 88
215 45
121 171
53 50
142 36
114 137
154 48
190 174
246 136
243 229
204 90
109 195
89 65
154 84
227 152
203 229
52 216
165 167
199 213
177 38
62 67
118 226
155 62
9 51
40 134
176 218
72 155
115 55
153 41
63 179
95 111
223 222
66 117
36 168
225 154
58 248
8 148
2 120
83 136
37 138
0 103
162 70
91 185
233 237
234 192
29 129
194 6
236 120
101 135
150 48
193 5
68 75
157 44
105 68
162 61
190 13
93 26
5 209
39 88
89 17
168 155
37 196
23 144
26 168
13 0
68 207
72 37
20 238
52 17
156 215
45 40
200 192
65 87
170 35
8 50
121 100
214 159
98 117
229 192
110 74
219 70
23 196
85 126
165 36
232 173
55 116
206 92
231 190
167 182
54 141
81 78
222 148
236 22
205 93
86 134
76 58
52 90
78 175
79 118
217 161
224 113
61 129
67 86
230 85
50 78
147 208
43 235
148 198
242 183
23 221
108 236
170 178
217 9
83 241
46 150
196 77
36 55
173 170
177 156
168 151
164 228
144 61
22 223
175 40
204 218
63 242
26 246
180 20
32 6
102 192
126 8
12 75
95 26
206 243
192 140
18 126
41 175
223 138
116 23
186 127
208 119
112 32
29 155
210 84
116 148
149 3
91 237
29 100
149 196
46 165
45 170
127 167
58 229
227 168
173 208
114 153
203 94
12 179
181 77
118 7
120 245
49 81
200 136
99 160
223 9
146 215
185 21
142 92
46 228
121 17
30 75
76 228
109 193
110 76
131 12
65 23
191 131
247 2
77 248
149 11
208 156
153 147
109 33
125 61
187 153
222 14
49 53
1 27
0 207
134 35
103 146
239 72
177 17
175 191
45 83
12 17
191 68
42 153
167 140
73 70
161 157
47 12
128 115
126 4
81 57
207 37
215 211
201 60
19 63
71 206
91 5
142 17
100 44
19 219
25 225
104 96
79 107
28 230
86 164
210 33
182 246
248 240
111 172
197 40
53 216
135 109
48 122
131 106
166 206
76 125
217 139
98 75
243 107
30 123
203 13
128 118
119 61
241 167
38 238
80 21
58 128
155 162
32 138
5 12
21 88
107 158
171 207
159 15
117 131
19 215
182 143
97 85
87 123
189 177
185 140
164 52
104 212
94 225
14 33
66 124
93 84
224 245
112 123
147 205
137 200
25 10
236 38
36 209
134 234
22 83
91 50
26 130
124 53
208 68
121 22
169 111
195 76
206 61
92 245
27 191
73 206
134 153
20 124
193 174
129 185
55 101
202 144
128 215
179 140
129 193
27 216
4 223
177 180
118 178
125 27
149 211
37 151
98 213
240 187
91 157
85 158
7 95
244 65
168 190
197 70
243 99
135 225
102 201
3 115
171 141
210 40
71 134
66 166
186 8
101 222
228 13
32 8
25 242
219 43
154 124
121 32
82 65
243 55
35 52
246 174
88 123
122 230
97 163
247 178
60 8
7 184
211 89
231 223
135 208
157 115
104 247
116 206
232 100
99 239
200 69
172 229
9 136
23 98
168 153
82 39
52 27
159 221
206 28
211 92
27 39
75 194
6 199
82 230
123 132
186 244
225 4
98 160
146 197
229 48
246 77
120 178
231 78
34 10
117 234
157 230
117 101
110 123
1 43
233 13
188 59
55 105
88 227
42 124
165 76
50 55
85 211
125 221
66 229
110 61
50 82
70 104
46 139
134 88
194 199
116 150
54 248
88 118
62 82
75 21
110 13
233 229
218 76
230 48
66 215
121 163
242 15
229 131
240 142
190 182
170 29
97 14
75 46
156 10
18 86
90 12
173 179
176 111
168 169
169 182
173 189
138 46
141 122
245 182
21 63
248 24
213 170
248 177
243 50
12 28
235 109
80 152
14 157
81 228
204 22
211 112
141 111
61 186
76 208
40 20
72 8
206 4
222 19
230 130
122 34
188 44
86 174
70 19
30 209
237 181
163 75
132 93
211 33
179 249
102 164
170 234
33 166
60 112
77 164
89 117
228 105
4 95
59 183
146 44
52 136
146 243
112 228
140 97
22 162
113 23
247 92
96 224
177 0
129 39
157 216
30 127
10 185
23 128
205 167
247 241
123 183
235 64
195 35
152 211
52 107
203 178
227 50
98 71
164 190
69 155
135 188
75 73
18 22
242 34
154 131
123 130
184 221
68 19
28 217
104 193
229 218
231 104
174 225
214 42
63 8
221 191
117 191
221 87
33 169
206 18
170 20
193 33
53 42
205 228
38 204
187 55
152 11
39 228
46 42
220 149
216 83
100 176
118 45
160 123
186 4
237 164
228 149
52 11
113 204
225 22
45 87
131 171
135 151
103 244
238 107
218 220
206 121
10 147
161 160
133 236
103 224
