0 43
11 67
82 101
111 114
52 106
109 2
125 33
107 87
20 69
6 72
107 12
70 57
14 101
20 22
5 38
57 14
8 73
55 83
54 16
41 86
44 85
45 8
72 2
94 1
69 24
34 33
73 42
70 21
122 15
90 86
81 31
22 9
109 70
121 38
24 25
52 67
67 113
53 47
31 66
53 103
17 45
113 89
125 114
56 35
31 0
64 126
22 60
25 24
105 3
118 37
36 106
3 24
67 88
94 16
90 31
12 81
79 125
91 50
36 74
68 56
53 115
48 94
13 121
52 49
8 29
30 60
30 46
125 45
5 97
104 76
47 83
81 96
52 95
55 116
85 31
27 51
106 14
36 48
73 111
63 30
7 120
123 75
35 85
118 16
87 127
20 32
59 91
41 20
36 42
92 119
32 74
124 45
33 99
61 64
122 106
18 3
97 58
34 4
110 121
79 15
29 75
117 108
6 18
74 103
50 15
110 30
117 76
4 109
44 84
17 88
27 112
114 85
100 99
42 12
106 125
32 31
84 72
33 6
26 97
15 17
61 69
78 50
111 7
106 117
2 63
21 63
53 124
8 78
87 80
54 78
6 86
67 116
57 64
26 50
121 62
2 119
113 50
77 13
14 78
104 98
118 62
104 69
30 75
65 108
115 58
83 36
57 68
104 58
31 62
28 116
22 99
84 126
101 53
51 25
97 65
48 54
33 87
72 104
33 117
18 2
121 29
118 84
116 81
99 95
3 118
19 35
95 101
68 78
34 95
29 18
72 40
19 82
15 57
58 125
86 83
61 113
112 10
31 32
39 1
10 93
48 94
66 31
8 28
29 117
79 95
126 49
124 68
53 99
16 63
51 8
118 83
109 41
120 119
12 83
123 68
107 25
52 105
115 14
82 35
70 19
86 87
24 6
55 67
22 103
65 70
92 95
79 116
98 42
95 58
42 60
120 70
16 50
119 35
23 80
41 1
17 76
76 91
39 81
50 46
3 105
40 15
91 112
52 84
121 82
107 94
50 106
49 104
82 54
76 31
63 13
108 36
81 53
61 105
59 114
25 21
37 39
27 116
67 66
11 79
55 3
28 59
15 115
57 26
118 57
72 31
70 106
116 17
51 36
114 94
120 24
16 58
90 116
62 47
68 82
18 37
19 97
49 20
6 40
95 67
57 52
23 6
5 6
46 41
79 123
96 47
51 93
10 71
75 97
82 68
72 64
107 18
9 100
103 40
3 17
71 106
20 17
72 71
109 89
41 59
48 90
89 22
84 56
68 126
39 64
105 22
105 68
33 37
37 104
20 110
84 86
79 66
3 2
29 116
92 80
47 56
5 92
67 43
53 120
37 13
44 94
107 49
45 40
42 51
115 25
92 68
72 4
13 77
125 114
59 51
78 37
117 2
108 61
17 80
89 8
44 23
66 60
120 21
85 23
73 113
7 67
104 67
16 71
96 97
9 8
5 17
10 120
33 127
113 35
59 49
82 44
67 34
48 110
7 113
48 1
48 33
61 90
9 113
13 44
84 71
19 38
62 63
99 116
75 15
43 112
94 117
57 84
20 33
91 74
67 76
81 86
15 46
16 118
47 105
37 64
59 14
121 24
11 59
90 53
81 4
90 9
95 34
126 10
77 37
120 9
75 31
40 69
109 2
83 50
20 25
42 3
51 108
110 118
102 115
122 72
59 86
107 100
76 13
31 64
11 1
124 103
76 57
88 97
88 23
41 10
41 103
95 36
61 123
105 56
121 70
21 117
89 41
19 39
2 39
24 111
9 34
34 108
21 82
58 117
32 8
124 18
118 81
127 76
62 90
50 116
87 119
6 84
21 1
94 113
8 64
8 13
5 22
103 123
53 112
113 24
104 23
92 2
22 9
67 14
44 109
86 11
112 83
88 50
57 108
95 1
110 124
33 15
17 59
58 14
82 74
71 120
33 95
85 12
75 100
82 38
103 51
108 70
14 103
105 51
118 26
68 6
58 23
63 79
109 54
25 12
107 47
118 39
72 105
54 40
126 31
121 72
51 63
41 46
38 45
30 78
120 6
110 53
84 69
77 6
85 3
75 50
97 5
117 92
59 6
24 33
46 109
51 127
24 29
40 53
20 41
88 81
30 9
3 24
97 111
11 62
71 61
52 117
70 35
107 118
41 77
14 38
30 107
78 18
65 61
44 115
31 48
71 123
93 123
107 73
6 14
22 86
104 97
125 44
31 62
80 55
117 102
54 82
30 73
75 125
6 7
12 65
37 114
41 56
114 126
18 47
121 16
107 46
94 36
69 52
80 105
44 113
38 33
62 28
38 59
96 93
53 89
44 81
59 22
25 39
51 85
70 58
80 105
25 102
18 35
16 38
41 7
111 35
118 55
70 32
17 28
55 86
5 81
80 64
63 94
56 109
36 106
60 53
33 21
53 52
32 31
117 76
37 78
51 124
13 123
37 1
19 115
40 81
106 125
92 96
10 9
121 7
102 18
68 46
59 34
88 126
76 61
3 4
76 70
120 61
120 11
49 22
63 53
26 90
9 95
71 119
98 6
84 15
78 51
57 71
27 64
22 75
99 88
48 93
31 88
103 96
51 103
16 36
49 7
50 117
99 55
19 25
46 8
78 69
68 27
10 36
109 24
125 118
35 36
101 124
121 120
24 56
23 79
24 119
125 94
105 76
101 90
83 70
17 43
70 15
89 96
89 60
94 53
124 110
22 51
117 10
30 81
33 110
57 2
10 87
25 111
91 107
8 49
78 59
87 125
27 112
60 113
68 5
74 88
32 25
61 81
83 80
55 53
83 32
20 91
116 96
21 54
23 100
51 104
71 38
115 118
41 60
24 45
29 16
101 116
6 96
59 122
43 13
37 24
113 59
82 70
38 108
16 21
21 104
0 122
40 0
83 90
120 67
17 116
121 99
98 83
72 73
114 68
62 47
30 41
55 47
50 92
99 77
52 37
113 67
85 86
64 30
38 1
121 41
44 80
3 57
37 5
125 13
24 36
74 115
39 82
116 81
22 49
60 32
34 60
40 8
111 8
85 104
68 124
120 116
18 93
50 38
79 17
86 58
27 88
49 66
21 16
11 103
25 51
78 49
76 85
34 41
66 112
6 64
79 37
8 92
121 100
13 2
110 27
81 42
111 47
74 7
86 65
40 59
65 36
14 91
10 1
109 84
85 56
123 122
68 17
121 76
67 30
119 4
101 3
27 125
17 41
112 82
5 77
110 15
65 106
63 105
77 20
123 44
3 12
40 6
13 10
10 18
55 16
88 26
91 15
52 95
41 59
31 39
65 54
69 11
88 19
104 124
115 89
11 53
52 13
58 124
40 82
60 93
13 32
42 48
56 17
43 122
68 64
72 11
81 17
120 121
110 113
12 105
0 15
104 122
69 125
72 105
97 75
31 98
84 2
62 105
58 5
12 8
33 14
64 61
119 60
122 38
79 61
111 12
55 85
91 34
39 4
7 51
51 53
105 64
50 96
40 14
108 84
95 53
81 34
73 78
8 45
126 102
10 61
123 31
65 14
108 33
42 109
75 56
93 77
127 110
123 41
127 56
51 124
33 56
109 77
115 2
95 106
41 118
94 83
93 46
3 85
85 33
9 85
122 89
67 27
37 99
114 47
8 114
28 116
52 3
16 65
99 54
94 12
109 53
48 98
37 112
83 102
95 121
40 108
95 57
126 103
25 78
62 1
82 48
92 97
73 7
32 122
11 21
87 83
98 97
23 111
27 59
76 12
11 125
114 7
38 117
121 119
119 114
52 75
108 109
28 101
114 10
80 96
63 113
116 57
115 104
5 51
5 43
50 34
5 73
1 103
23 8
14 15
94 123
52 73
124 90
34 54
118 82
20 79
51 5
73 39
60 78
82 67
124 33
65 122
92 4
46 53
51 94
85 98
84 116
115 101
47 13
53 34
114 110
6 90
22 31
116 105
34 53
23 61
9 78
114 75
72 95
103 24
19 81
123 20
64 6
8 56
85 39
40 112
26 73
35 86
94 89
10 26
51 53
85 109
42 28
58 46
10 114
121 105
19 102
55 48
25 69
98 61
54 17
21 100
80 108
38 80
82 49
47 114
114 89
89 53
35 20
49 59
47 97
111 97
120 28
110 83
19 65
105 18
111 83
19 35
75 116
61 16
27 22
53 107
2 84
113 50
94 126
83 50
102 52
1 7
92 41
102 106
103 88
123 8
24 75
25 126
26 8
23 24
33 125
30 87
8 81
42 22
126 49
22 39
116 127
50 20
60 61
91 70
73 34
37 73
30 68
108 35
1 12
53 52
83 6
93 112
33 83
38 85
108 13
124 48
98 32
94 26
95 39
47 74
80 121
110 14
58 40
5 42
56 40
17 36
37 49
102 8
36 109
122 44
80 61
119 58
112 105
42 81
12 9
115 31
124 99
75 25
107 78
106 124
124 45
108 30
112 42
99 36
9 83
18 74
84 8
88 121
86 69
37 75
30 26
119 79
41 42
29 122
93 40
60 24
83 107
24 36
47 46
49 47
119 39
127 58
13 56
100 14
82 79
64 113
87 79
82 53
47 52
92 109
71 116
44 42
76 91
15 3
93 86
13 48
76 101
103 113
117 9
23 72
116 44
60 41
86 84
21 108
46 95
50 97
38 113
59 111
106 27
59 108
12 29
121 108
11 24
57 26
104 94
112 108
64 37
87 114
68 82
85 122
5 101
104 19
94 16
91 116
115 124
99 43
19 45
108 120
67 3
49 5
56 44
127 11
6 14
60 18
13 9
86 111
86 38
63 120
120 78
124 15
26 116
120 50
99 126
38 81
6 71
75 88
29 93
121 86
57 73
12 95
50 30
96 53
22 105
35 105
14 41
123 88
85 114
60 38
50 26
122 19
47 43
73 24
15 0
88 113
85 51
95 55
109 117
92 27
113 70
66 72
25 35
32 51
74 52
110 39
50 100
18 60
67 5
79 124
15 91
102 81
77 19
39 95
74 77
60 4
83 78
84 87
60 45
105 114
91 29
26 81
48 10
44 24
79 49
34 4
10 84
62 52
74 16
74 75
25 99
0 22
107 87
33 106
44 47
21 121
30 8
43 7
22 64
9 83
34 12
78 50
15 113
107 92
34 83
90 69
4 71
106 67
112 41
89 96
66 15
114 116
86 21
11 3
42 85
17 8
104 45
56 106
16 63
61 22
111 78
44 91
83 62
55 2
91 93
102 96
68 3
65 56
93 17
108 98
34 21
27 75
104 77
81 44
2 0
21 124
85 55
66 22
86 63
103 73
53 62
101 60
26 125
16 56
42 108
10 54
4 21
84 63
32 40
7 70
19 93
117 2
25 50
5 52
116 75
56 15
40 5
17 60
104 13
43 5
30 123
26 54
61 97
24 28
102 28
10 105
3 25
100 26
21 9
34 6
84 97
109 80
11 120
75 58
26 18
92 85
63 10
78 75
10 55
49 101
49 54
28 48
28 101
12 71
67 24
25 89
11 84
57 3
10 125
102 5
81 110
23 42
127 102
73 63
16 34
120 62
84 14
50 100
97 2
117 46
33 95
20 13
63 111
6 76
1 3
8 33
5 79
94 25
123 122
127 117
62 71
33 5
59 102
63 8
71 37
101 70
113 104
94 1
72 49
121 96
79 30
50 54
65 72
56 124
123 114
100 19
46 14
16 20
24 31
45 97
117 37
30 76
68 74
43 50
117 98
7 22
54 115
102 34
15 123
5 51
16 126
41 89
107 24
45 61
50 8
36 71
24 48
17 58
48 82
34 52
32 95
22 127
85 54
83 114
73 82
52 48
86 58
15 74
13 124
36 44
123 110
25 60
62 38
88 7
16 63
119 8
41 56
70 68
71 46
34 40
92 10
78 29
69 2
118 43
122 116
37 90
107 56
101 90
105 58
65 92
66 47
51 16
41 46
18 92
34 84
96 23
30 21
117 50
7 23
40 57
8 12
102 113
83 7
66 110
45 112
45 115
14 82
103 87
40 127
76 73
3 63
51 54
14 29
56 26
112 122
98 54
60 33
120 63
15 84
124 59
16 70
13 47
99 94
75 64
17 98
60 89
27 99
14 69
63 96
23 120
75 12
96 110
62 69
10 28
120 56
58 100
71 75
105 74
104 123
65 97
56 59
54 23
93 10
65 69
7 97
122 99
24 119
74 88
75 95
86 54
21 18
68 113
123 20
1 119
111 106
9 68
51 28
9 52
68 24
47 48
50 71
23 50
70 112
122 2
122 34
100 59
113 33
30 112
26 106
59 105
59 102
93 120
33 80
120 5
87 57
84 35
90 116
9 77
106 31
35 30
96 97
109 79
27 37
114 90
56 119
61 46
81 63
55 71
126 64
45 110
41 77
58 52
80 100
100 93
38 97
69 119
32 113
53 46
53 36
73 55
52 0
109 118
81 1
38 63
63 40
116 77
93 118
111 3
22 81
50 64
125 87
68 39
12 106
36 71
113 10
91 84
61 34
30 116
106 11
24 64
82 112
107 46
40 49
7 83
73 41
82 67
114 4
53 117
112 88
124 101
56 26
23 42
107 97
50 9
86 23
123 125
110 10
89 31
107 15
84 12
83 126
52 117
111 27
14 127
55 77
42 27
49 109
21 49
111 68
102 41
115 76
15 83
84 102
14 59
102 1
31 95
44 12
121 78
104 80
3 38
61 94
28 14
105 33
78 36
105 43
38 20
41 40
83 115
85 96
12 89
56 46
87 42
81 87
92 40
91 1
77 64
63 52
97 101
25 9
94 67
49 24
1 87
39 112
57 23
34 91
14 98
88 30
126 77
79 87
34 10
58 90
29 55
118 61
122 100
126 38
110 35
12 49
46 113
116 38
64 31
51 87
3 109
7 88
86 15
92 7
58 11
80 72
88 23
36 6
12 36
7 5
85 125
6 102
78 11
27 86
111 2
85 110
83 71
2 102
74 20
44 23
29 45
87 83
75 57
34 127
76 69
93 26
81 74
51 42
100 124
107 40
63 20
7 4
114 28
121 124
34 79
120 91
38 3
124 10
83 79
49 45
113 19
75 27
81 109
19 7
60 4
126 31
4 74
44 123
113 80
53 12
113 51
100 39
28 2
34 7
105 55
95 61
7 99
105 80
14 46
31 9
28 117
54 57
81 20
127 48
113 18
17 107
8 103
114 117
12 86
10 6
18 127
38 93
5 53
114 43
72 119
105 32
46 79
124 110
112 67
87 111
24 121
23 116
30 92
64 52
7 118
53 62
92 74
73 87
120 53
48 80
53 42
81 95
118 40
35 118
13 12
5 111
5 81
48 111
117 108
114 27
87 113
110 80
115 61
1 19
102 19
6 3
98 46
110 53
65 6
82 14
54 101
45 123
121 46
30 34
2 1
75 7
66 51
47 115
20 18
119 56
95 106
59 109
29 114
111 6
114 105
118 94
52 122
12 6
81 86
93 105
21 117
123 17
14 68
17 79
42 82
20 55
99 116
102 55
12 71
80 106
108 34
87 22
107 5
103 112
106 76
27 20
64 30
126 22
47 67
94 56
116 82
65 56
72 101
23 94
69 24
101 93
44 92
68 15
1 69
85 56
89 31
108 21
61 91
108 102
105 25
10 26
79 49
92 33
123 121
34 81
93 4
4 103
76 95
119 50
122 37
18 101
110 53
14 56
44 46
40 119
3 19
9 37
94 92
46 19
0 84
78 82
102 107
96 6
42 105
17 97
41 117
40 121
80 93
126 76
14 106
111 2
90 60
59 60
65 7
54 96
7 15
28 26
87 98
16 80
79 28
90 50
102 80
57 37
10 9
16 76
121 16
35 30
81 125
43 95
87 13
59 106
124 102
85 98
9 118
44 22
40 93
87 48
69 111
56 48
40 52
99 61
101 58
63 95
62 109
12 57
30 14
36 118
14 15
0 33
38 62
25 104
81 61
81 22
111 67
111 10
50 100
52 31
98 117
81 73
83 38
82 118
53 5
5 90
54 24
8 83
55 107
65 24
109 125
45 124
125 92
55 46
120 92
115 68
69 58
89 44
116 7
67 92
86 123
102 127
34 72
101 63
127 108
122 50
80 114
6 17
110 25
27 68
37 18
114 95
85 104
73 125
86 35
106 76
66 78
64 57
43 51
77 9
4 1
2 65
46 25
47 33
30 73
100 110
114 87
60 95
0 82
34 119
86 79
111 127
67 100
39 94
109 32
15 20
32 92
108 102
18 94
36 26
108 42
9 47
17 80
125 102
6 2
70 20
40 126
114 93
50 122
105 36
49 62
89 61
99 20
112 84
14 17
126 31
87 39
100 79
50 6
74 27
94 37
90 80
42 123
70 30
82 119
65 3
93 3
86 91
111 54
121 68
94 5
69 119
48 116
85 39
11 44
43 117
31 30
105 83
62 99
33 50
14 47
79 57
75 24
3 50
67 76
67 51
84 66
109 2
4 123
104 120
55 87
54 42
44 55
14 77
118 29
40 49
87 15
47 104
109 46
69 86
59 124
14 8
49 78
88 118
22 69
24 116
45 91
102 118
68 91
9 110
16 88
95 55
88 61
17 12
20 5
50 40
6 47
13 32
115 84
107 88
85 68
120 42
55 120
6 58
56 85
51 32
99 98
4 40
28 9
58 101
109 95
71 105
5 117
32 67
115 111
7 24
39 45
73 111
24 106
115 32
23 74
27 18
103 6
122 108
102 96
3 48
118 112
24 37
10 24
46 20
79 70
37 126
28 106
67 2
44 98
41 25
122 97
2 87
2 118
56 89
119 48
44 50
69 62
103 50
24 71
96 21
63 15
75 52
116 5
121 31
57 8
40 39
43 71
23 120
118 19
44 40
113 73
55 43
119 9
89 35
44 119
126 122
8 87
115 93
100 35
44 47
89 83
7 29
93 9
67 23
52 27
121 91
121 22
4 30
2 101
59 110
76 104
105 32
44 121
101 56
79 15
126 49
29 19
46 13
11 98
98 68
84 114
20 14
37 91
57 84
55 108
92 21
125 41
84 53
2 113
101 42
105 0
57 10
91 57
87 122
6 29
94 74
127 26
28 12
18 82
38 73
116 97
55 89
99 10
83 100
106 105
42 58
40 67
23 47
25 18
54 22
69 31
97 83
55 59
95 31
1 46
40 112
94 84
50 36
72 71
11 40
28 112
66 68
79 7
38 36
0 22
47 4
27 113
10 119
96 62
2 115
45 79
68 126
108 83
122 39
60 31
111 61
101 46
6 96
21 51
24 86
119 7
93 117
54 68
106 73
78 40
70 16
120 66
19 84
44 45
91 86
55 2
89 94
34 127
119 26
34 16
64 51
10 58
9 24
14 95
14 83
98 74
73 71
121 62
79 58
28 43
84 124
112 94
9 36
119 56
81 91
48 12
76 30
44 111
74 55
46 69
112 41
25 3
34 109
7 44
83 56
1 52
56 84
97 66
97 35
19 60
88 73
108 47
6 51
44 91
64 93
5 111
107 65
63 11
47 69
28 15
68 66
123 32
122 75
57 97
62 87
111 16
83 51
8 11
108 72
20 55
32 118
47 6
93 120
42 107
30 100
60 76
41 104
45 91
86 80
23 70
89 112
100 117
77 96
95 9
62 12
50 55
70 30
47 84
115 27
16 2
39 123
49 41
96 71
26 25
54 31
51 33
97 40
66 58
77 112
39 68
119 20
10 120
11 68
82 122
42 29
122 104
61 36
46 77
63 36
123 121
69 32
127 49
66 42
56 79
40 106
26 91
65 23
26 65
89 79
34 83
121 23
46 10
22 69
39 68
57 73
38 27
20 93
8 64
79 119
67 34
15 111
110 14
69 57
51 125
80 99
63 74
5 86
10 111
104 26
15 107
6 44
2 24
99 73
40 127
10 122
30 127
4 76
52 82
105 15
113 74
102 104
36 70
11 74
79 109
38 105
50 26
122 33
117 34
38 124
99 103
126 27
23 37
18 101
115 40
69 25
58 117
126 26
93 97
61 17
122 71
52 2
121 36
33 118
2 40
11 65
102 90
28 12
112 14
119 39
24 16
55 111
66 12
85 63
57 59
19 43
39 69
76 85
112 69
112 0
101 15
66 1
62 47
48 63
70 91
75 60
107 112
46 13
4 89
67 107
72 38
16 67
102 58
124 53
106 42
78 84
72 78
20 11
33 61
71 30
102 31
55 38
80 94
33 61
69 33
83 84
85 14
25 54
73 50
3 113
57 14
68 124
111 22
110 29
7 15
36 52
111 116
52 27
123 88
100 31
55 46
102 64
98 113
62 32
36 64
106 35
96 85
117 56
95 73
25 3
50 20
109 33
43 84
52 10
28 80
37 88
2 89
33 71
35 115
76 95
123 64
0 21
11 53
60 122
66 39
69 42
40 49
116 118
26 37
22 112
126 31
80 72
115 21
23 117
105 102
78 96
99 29
66 112
4 3
125 85
124 75
80 44
91 55
64 68
100 49
15 102
33 6
124 34
24 117
1 75
94 62
125 33
89 104
118 67
124 60
6 11
127 56
51 5
103 61
2 49
120 75
118 7
49 16
29 13
71 73
122 111
77 50
115 83
16 97
84 124
51 42
42 72
88 15
101 22
114 79
44 96
73 20
51 75
29 38
1 95
23 59
35 48
2 19
105 88
106 114
21 38
23 78
6 61
118 16
57 52
55 15
122 37
126 62
92 52
87 93
56 77
55 68
33 70
120 71
91 70
51 85
48 39
33 95
114 4
15 55
112 38
33 109
83 38
11 119
29 41
13 127
44 87
12 63
67 125
7 79
90 72
47 104
7 64
76 115
44 61
78 17
75 86
95 75
55 45
69 11
64 16
95 124
72 102
4 33
24 124
21 112
88 11
40 31
42 13
109 20
43 106
50 11
113 93
44 50
61 31
40 75
49 57
104 30
77 62
12 96
55 13
43 72
4 114
54 37
79 71
9 86
91 25
42 125
13 111
56 30
60 83
119 12
97 120
112 117
2 15
118 63
92 66
57 14
45 37
86 37
56 37
39 125
114 90
50 40
18 125
45 88
108 27
99 127
54 93
25 32
8 93
26 22
63 39
68 15
76 124
26 98
59 74
55 78
64 3
107 13
84 6
12 70
22 70
12 45
72 29
116 13
118 27
125 92
40 123
124 120
58 77
79 58
58 41
28 44
31 108
93 65
14 125
96 76
19 14
82 81
13 75
45 7
3 45
104 55
101 119
52 17
117 61
123 54
11 108
125 94
9 99
86 116
79 1
60 1
121 48
33 98
17 34
111 18
40 30
102 112
89 97
112 65
102 64
122 86
110 105
75 84
0 11
104 8
89 66
102 43
77 90
44 53
14 51
61 118
79 77
62 101
116 91
102 96
1 3
54 126
5 123
4 69
65 50
38 40
34 30
33 69
96 2
5 91
64 104
114 120
12 32
59 16
55 17
41 13
105 116
14 92
105 54
89 38
125 16
43 18
71 40
82 43
117 96
30 22
34 98
104 35
121 83
65 109
105 3
69 82
41 91
54 91
53 80
55 21
48 90
82 40
26 112
69 99
125 72
17 78
100 95
97 77
62 41
123 15
38 27
73 67
78 119
91 69
74 125
48 34
50 51
109 72
6 36
34 102
106 98
37 29
17 115
110 85
83 22
6 47
22 25
90 51
74 68
54 73
90 29
24 82
80 112
54 98
91 75
53 110
59 56
58 24
34 0
26 24
37 112
30 48
121 108
38 120
96 104
29 73
43 104
15 68
27 39
113 65
126 49
65 26
10 123
29 106
41 81
32 98
22 49
78 58
119 121
29 32
40 41
50 45
16 110
44 11
117 48
109 47
60 59
82 64
48 57
106 84
126 81
23 85
71 114
59 51
33 92
96 64
94 74
79 119
12 35
114 44
108 110
24 3
97 42
120 73
97 107
43 18
59 45
59 79
117 47
66 6
71 42
114 12
123 124
61 109
51 29
116 35
74 27
74 93
9 124
46 8
85 109
117 84
37 1
34 35
57 54
65 79
42 1
67 122
95 105
71 65
77 124
88 108
70 13
106 29
117 109
119 30
34 64
79 49
79 108
7 87
119 110
98 19
50 90
120 11
117 126
95 72
73 66
2 51
24 44
36 100
6 106
92 116
80 76
6 107
108 24
91 51
98 16
1 100
32 54
57 102
11 49
97 21
69 117
124 51
64 28
42 121
50 8
91 32
63 13
0 112
66 67
124 42
47 98
59 101
8 123
87 92
95 108
56 28
6 120
1 28
110 75
72 54
117 116
88 83
77 26
108 17
24 117
75 125
96 114
115 45
91 105
43 3
100 31
108 77
40 122
117 3
110 109
36 72
43 103
3 94
24 17
14 24
80 41
42 79
118 96
64 18
30 84
99 44
8 18
94 20
29 68
6 68
27 50
76 77
97 79
51 11
109 124
17 59
52 122
86 4
18 99
90 123
83 11
92 108
66 45
54 83
2 98
1 122
24 34
57 56
87 75
70 43
116 120
18 50
1 64
55 79
28 69
48 117
57 72
91 69
51 112
11 123
63 81
85 19
95 32
28 37
12 93
51 45
20 52
36 1
1 38
12 116
111 29
79 46
74 3
28 60
6 78
108 113
31 41
74 30
74 29
19 78
57 42
118 12
108 40
90 19
121 83
113 112
101 123
116 23
96 71
116 65
33 75
76 98
42 107
97 81
85 123
115 104
112 109
48 15
17 96
43 18
95 75
1 113
54 57
72 49
44 40
1 35
114 104
112 68
100 56
82 51
47 112
54 36
87 10
109 85
3 110
95 54
37 112
60 97
42 126
49 95
22 126
106 18
13 60
67 55
104 20
26 47
87 4
39 68
26 19
99 101
97 61
7 100
72 22
89 33
101 70
42 49
100 37
27 90
34 111
105 81
49 77
79 116
11 44
2 116
107 124
109 68
101 91
34 51
26 110
92 109
59 101
30 53
68 62
99 104
6 51
120 100
68 120
102 6
49 20
25 2
75 126
32 18
127 123
99 112
59 120
100 85
73 116
55 116
125 86
122 108
12 116
19 17
84 57
114 117
118 46
28 65
54 88
38 90
33 15
27 26
81 82
32 24
98 66
42 13
23 109
22 68
60 82
72 85
89 93
88 83
113 90
26 89
86 88
55 1
113 0
11 63
123 101
71 48
6 73
111 68
49 52
88 12
62 60
39 19
41 9
86 59
4 126
32 82
13 100
18 56
39 13
69 80
71 39
118 21
55 40
23 99
28 123
26 14
39 28
69 105
27 24
94 77
70 126
62 60
20 49
46 115
111 62
17 75
29 4
33 104
60 97
38 33
0 58
49 53
117 53
89 34
126 34
84 37
64 58
44 54
93 61
15 50
67 2
77 109
17 126
116 90
7 90
96 114
72 18
4 42
6 28
55 126
16 26
13 85
36 76
105 25
3 72
41 55
36 100
25 104
55 126
65 122
4 81
65 116
55 11
22 114
107 39
36 97
4 76
47 2
107 18
77 40
41 16
32 44
33 24
84 107
43 116
97 95
110 88
94 1
6 0
31 10
52 45
