1 43
27 41
78 125
88 31
66 74
81 69
59 82
76 90
114 45
79 52
13 29
111 17
99 126
49 118
76 33
79 97
20 55
73 11
81 8
103 40
25 47
86 111
21 118
4 108
4 109
61 22
19 118
41 49
52 116
101 98
26 75
13 54
86 81
47 48
95 124
126 3
40 41
27 69
117 15
101 5
4 43
48 30
96 121
32 12
24 77
0 32
125 55
86 62
61 73
6 105
28 25
11 72
61 42
29 107
103 98
14 30
76 71
123 100
62 27
58 44
14 4
34 57
44 97
48 68
123 83
9 75
86 75
51 58
112 13
116 71
64 55
80 13
114 66
46 74
35 22
13 4
127 73
98 27
120 24
31 11
17 109
54 123
86 22
106 104
26 63
113 79
20 100
103 49
27 105
39 42
79 58
57 113
19 120
89 32
51 11
109 7
115 18
22 73
20 49
6 38
71 61
40 79
15 44
121 5
60 38
21 76
103 62
73 81
110 19
42 29
68 91
31 85
60 121
105 95
74 122
80 77
83 53
20 79
66 117
102 106
90 109
4 124
88 81
12 103
69 93
116 93
69 119
84 67
91 74
8 4
14 88
104 99
79 98
66 125
49 28
68 43
29 125
1 33
99 68
70 119
104 91
5 110
74 60
35 17
34 19
82 90
80 17
107 70
18 76
29 7
101 55
122 18
60 125
70 65
0 115
36 121
72 84
27 118
7 19
38 45
70 113
8 41
20 36
12 120
46 71
42 47
24 110
125 106
42 4
86 48
73 10
45 117
101 110
77 37
78 82
121 88
79 26
29 89
25 15
81 97
67 89
42 120
44 39
14 21
7 72
102 8
112 124
122 121
107 7
57 104
95 127
83 105
80 18
38 109
43 31
16 54
42 76
62 2
9 33
99 79
23 48
112 87
91 122
78 73
105 56
68 36
48 39
110 7
100 118
42 109
81 41
86 110
111 40
62 43
25 122
8 102
66 106
62 126
101 35
77 61
114 72
72 36
101 100
25 66
20 50
14 15
107 125
11 59
7 78
73 64
15 93
96 80
91 76
5 26
8 20
32 63
52 29
34 69
37 103
101 91
8 74
7 20
102 33
78 2
41 79
54 14
47 76
99 43
0 27
31 109
110 123
40 19
33 36
92 54
43 78
45 92
112 116
60 113
15 37
47 104
80 3
58 15
12 78
51 40
8 53
113 54
126 43
24 115
61 51
14 43
53 32
12 46
22 124
66 100
70 106
113 10
113 107
116 51
82 32
102 20
119 34
96 118
20 77
107 124
33 32
7 55
9 43
83 29
93 68
50 20
82 87
8 37
71 4
72 100
102 10
55 77
75 39
105 45
6 110
92 96
47 45
76 123
50 36
105 63
34 126
40 106
53 10
95 1
59 94
84 64
5 93
39 68
78 89
107 9
33 19
46 56
103 22
108 117
85 59
55 91
18 103
70 104
41 114
49 116
86 83
77 42
25 108
82 127
92 23
83 60
15 110
103 23
119 120
85 17
29 119
66 120
19 25
35 22
92 96
46 83
52 111
96 28
94 58
58 36
125 37
109 26
43 38
79 19
114 82
38 121
105 126
74 87
37 52
41 118
71 29
97 20
99 113
59 27
22 35
6 13
10 97
87 48
21 124
87 66
29 45
22 62
76 36
108 18
6 18
124 115
125 42
7 64
15 22
42 64
98 114
53 19
87 13
60 127
32 15
95 90
3 57
68 63
78 30
52 29
121 40
25 102
2 111
26 25
53 9
76 111
49 52
37 95
39 110
33 5
97 61
87 23
20 22
78 117
78 81
38 79
84 118
109 41
13 63
0 29
34 124
35 90
44 80
82 52
2 107
29 85
96 20
34 76
117 66
116 68
25 92
59 69
121 102
6 118
22 41
97 48
82 89
26 27
17 29
124 16
15 111
3 85
55 82
37 43
20 19
99 15
57 51
47 18
111 21
29 123
61 79
33 67
64 16
112 99
4 10
64 42
65 43
14 17
120 95
70 82
71 61
95 15
117 104
99 54
7 70
37 126
14 50
116 0
30 103
52 30
49 11
68 111
14 21
70 18
46 2
14 85
8 125
126 116
77 103
102 20
77 125
84 116
82 127
62 123
72 36
6 115
102 94
74 13
85 8
124 117
51 24
91 90
51 90
66 101
110 88
14 42
38 65
99 30
76 13
3 5
107 99
88 46
33 78
57 113
118 105
116 15
119 78
99 119
26 70
52 122
110 77
29 73
74 37
2 9
79 76
57 62
122 16
80 29
37 28
31 40
76 30
62 107
55 111
102 76
53 45
27 45
67 9
8 111
29 95
20 28
71 31
85 49
41 68
95 45
75 21
54 126
99 65
85 111
18 10
9 63
2 46
24 40
30 101
81 87
25 104
10 112
79 42
70 10
87 76
75 72
95 31
108 77
18 27
74 86
6 83
115 70
2 81
14 101
0 28
68 63
119 31
117 28
66 112
98 101
75 12
58 102
49 25
24 113
18 2
46 42
115 20
21 30
124 64
88 70
75 62
111 46
26 111
92 123
119 30
70 2
36 23
110 51
43 118
79 19
101 4
1 80
50 3
95 55
124 120
94 56
42 15
92 66
114 65
3 103
25 123
17 61
102 57
9 47
62 116
20 68
44 107
68 24
91 18
124 58
41 87
26 125
57 49
45 61
13 58
6 123
44 57
107 72
64 127
35 18
49 106
44 47
37 32
50 96
87 109
69 120
20 118
64 102
89 10
13 19
21 17
6 88
27 126
22 100
13 21
58 3
19 27
59 66
90 24
30 43
76 121
94 79
62 25
75 81
81 9
9 4
17 79
51 38
100 50
53 8
58 124
127 6
51 32
98 42
103 23
123 112
74 104
125 36
79 114
22 51
108 32
91 123
93 85
15 48
94 15
39 52
116 5
64 115
37 65
17 98
46 40
107 99
112 56
119 17
53 119
93 43
29 117
74 40
11 118
63 38
57 65
68 28
29 104
85 23
96 34
74 95
65 48
40 47
9 71
78 29
75 122
96 124
90 122
97 33
78 35
11 56
59 87
17 84
88 36
20 24
84 21
68 107
56 45
99 44
106 63
94 7
43 26
82 69
31 59
101 51
104 28
68 64
0 4
59 125
85 23
38 39
25 14
96 71
29 83
40 49
60 96
69 84
5 76
104 24
53 122
81 24
100 99
83 100
28 99
100 24
3 82
83 21
12 55
52 42
106 48
126 40
76 107
74 127
6 68
123 42
40 89
14 12
3 84
102 35
10 94
7 66
114 116
46 6
30 36
15 96
89 26
109 11
103 93
1 36
100 66
110 38
84 14
34 99
72 46
91 29
47 69
119 98
95 90
5 65
32 18
56 100
16 22
43 33
80 42
119 14
105 107
115 43
33 54
91 76
43 47
113 85
93 29
72 1
101 71
52 110
121 117
72 52
62 14
55 20
6 91
8 82
75 29
19 82
36 33
25 44
23 116
95 71
90 23
93 10
84 100
86 33
9 82
1 63
68 8
33 61
49 36
36 17
20 47
68 75
84 119
67 21
113 60
1 88
89 55
15 99
99 78
83 42
18 60
12 106
1 63
21 54
102 63
13 64
57 18
12 83
65 33
5 48
74 38
104 107
81 41
114 7
85 82
87 86
114 32
41 4
92 57
95 53
19 30
70 100
3 71
104 34
58 7
45 92
17 68
119 56
30 89
80 65
48 112
36 15
48 79
125 3
62 4
92 66
78 120
104 116
56 18
16 114
28 52
26 17
54 52
58 87
3 20
125 95
27 122
96 82
95 40
113 107
42 30
3 61
17 82
6 61
95 24
9 73
49 29
93 36
16 98
6 12
63 13
107 62
85 76
57 2
4 121
20 35
38 45
117 2
119 120
34 21
9 106
77 49
8 63
76 120
33 22
69 14
77 105
57 84
100 115
102 73
50 5
63 44
86 119
83 100
35 125
118 95
5 84
32 85
79 98
118 14
35 73
23 5
59 26
21 67
30 62
54 112
4 123
48 11
117 50
97 79
20 77
21 98
38 26
0 119
24 25
44 95
89 64
63 5
85 20
42 69
17 115
89 30
112 71
49 2
73 58
125 46
118 25
9 42
52 60
9 80
94 10
15 122
118 95
93 31
33 70
88 49
58 22
118 115
86 115
47 7
83 18
111 98
8 45
88 80
111 24
124 100
90 103
67 56
70 77
5 83
28 125
46 61
80 126
65 66
65 19
104 38
65 75
3 31
117 84
124 127
61 66
84 122
59 83
122 74
27 20
76 41
55 61
59 56
97 99
63 126
51 86
89 37
48 120
21 28
57 74
44 15
24 3
92 68
2 82
77 106
90 83
18 95
21 79
96 119
120 54
81 109
64 48
97 118
121 73
113 86
34 18
99 11
43 12
101 106
90 94
59 1
82 26
83 115
46 10
26 107
80 27
73 41
13 94
21 98
77 56
119 61
125 14
6 73
118 121
48 79
74 89
41 57
90 86
81 110
58 83
83 31
112 24
89 46
91 60
13 64
44 8
40 106
10 115
105 100
24 59
16 14
59 89
118 115
59 118
108 33
127 19
96 14
59 34
77 70
96 28
27 7
77 69
54 3
104 19
113 37
111 106
126 101
38 7
106 89
32 58
0 61
3 91
103 24
58 52
99 111
22 102
88 83
117 15
50 46
62 117
96 28
84 86
10 67
21 15
94 72
49 80
28 123
15 64
70 108
25 16
96 29
27 30
42 15
22 50
12 62
70 47
45 102
99 36
34 55
57 106
47 49
81 45
103 7
122 11
77 46
126 91
79 34
86 44
33 22
87 24
89 32
95 46
46 5
119 101
66 99
46 125
120 125
33 11
77 114
123 28
73 43
111 23
79 120
29 111
61 11
50 6
55 9
24 9
34 103
53 92
85 93
22 31
61 66
50 112
117 43
56 61
39 0
94 93
21 0
110 75
19 102
104 67
92 112
39 53
63 86
80 127
57 2
21 34
62 59
109 24
104 13
7 55
38 101
2 11
2 46
97 46
59 1
22 74
18 4
83 90
23 113
73 30
100 73
65 11
121 25
47 123
7 59
85 74
24 19
27 4
59 41
57 60
126 121
1 117
76 28
82 10
46 54
52 111
11 84
107 81
55 34
86 80
86 30
67 125
101 28
77 40
23 81
34 47
75 113
75 103
88 40
32 113
37 32
37 88
53 27
72 105
21 105
20 68
48 76
74 102
94 88
119 88
67 46
101 17
28 10
5 37
43 64
49 106
7 100
13 106
44 79
118 22
52 4
62 7
67 11
47 6
1 53
121 22
73 37
118 88
94 4
56 70
92 63
88 1
121 41
13 42
80 24
7 10
53 82
30 81
100 18
110 112
104 38
6 126
124 76
2 36
62 13
37 12
43 23
70 32
107 75
10 53
66 70
90 51
123 6
63 69
89 71
7 126
60 65
52 86
22 79
18 116
82 73
91 46
61 18
64 108
102 22
95 25
69 125
89 10
59 62
121 70
6 56
6 126
29 113
103 123
62 32
92 20
15 70
25 59
1 13
13 21
58 104
127 0
56 31
39 84
110 27
20 36
61 60
51 4
37 115
19 47
49 96
32 86
79 62
2 70
85 82
77 70
107 63
116 50
126 39
29 50
19 11
84 2
30 21
115 29
126 48
29 7
107 66
116 58
111 49
69 11
125 8
36 54
76 55
54 94
60 47
115 53
34 104
112 59
77 112
52 101
29 12
63 43
59 108
126 103
118 82
119 70
98 2
21 37
54 75
127 41
124 102
32 13
60 112
89 124
84 26
50 124
55 106
17 121
79 22
22 4
81 47
119 63
21 9
17 31
56 14
68 120
25 17
102 59
97 120
27 47
118 22
126 86
27 31
93 82
103 31
106 82
40 77
49 106
115 51
85 35
41 87
4 8
45 6
41 44
50 36
28 34
76 77
62 98
71 19
36 40
102 117
65 103
40 51
45 104
84 19
112 58
75 115
38 125
80 58
36 78
82 93
2 92
18 80
102 83
48 25
112 34
98 78
4 28
100 126
126 56
70 93
1 71
98 73
77 66
27 50
118 71
23 82
109 29
38 20
56 20
41 49
96 116
57 108
123 32
43 118
22 96
68 120
98 46
94 113
57 46
60 31
49 85
28 108
89 6
46 13
18 122
113 124
73 57
5 117
36 115
78 83
9 58
107 89
37 109
18 82
51 115
120 61
106 59
29 61
48 25
72 54
109 106
30 53
51 65
108 23
74 87
44 64
6 23
66 44
60 54
55 125
52 122
125 111
90 114
6 114
21 60
20 93
19 75
89 2
11 85
7 85
1 42
45 19
73 45
77 91
16 20
24 97
99 23
2 12
77 88
76 49
53 83
8 5
29 32
34 14
43 26
51 76
30 10
113 126
97 50
83 40
65 18
67 72
59 105
94 115
47 43
18 93
6 51
6 27
120 9
4 65
81 42
13 2
94 93
30 35
36 1
106 24
70 118
76 62
95 57
27 105
35 30
11 91
50 91
89 37
20 26
85 12
101 11
92 60
32 15
25 12
114 36
59 18
18 120
40 79
39 95
74 68
39 89
30 55
126 76
1 121
40 77
115 125
85 88
57 53
123 85
88 96
78 14
37 19
31 81
61 66
39 88
68 98
63 74
3 104
67 124
18 53
59 24
106 65
38 96
64 38
80 84
64 35
21 0
66 13
110 46
93 113
68 70
11 7
95 90
108 71
99 72
20 5
91 9
44 30
50 102
100 81
34 86
49 31
31 14
51 92
105 13
89 40
36 3
3 96
31 4
52 127
126 62
85 108
41 122
59 66
91 33
34 91
15 120
21 101
98 118
94 10
124 1
70 91
86 24
81 98
8 11
40 89
51 58
62 32
84 87
92 59
116 28
99 31
96 77
126 27
7 82
17 29
88 102
40 18
82 27
11 52
94 57
90 79
30 89
81 13
86 59
15 65
67 91
5 25
86 4
23 22
80 114
68 65
121 113
46 56
73 48
91 18
59 16
85 63
125 110
43 65
12 57
127 42
60 120
77 36
31 49
18 73
31 6
112 55
85 71
109 101
31 8
119 24
17 69
121 112
92 49
123 5
74 19
111 80
24 72
62 78
9 59
109 55
93 74
5 93
91 63
124 33
8 69
85 17
8 73
111 89
81 122
8 10
99 116
78 86
6 39
72 15
12 115
126 121
28 46
107 76
85 67
94 102
30 25
89 15
108 63
32 106
13 7
95 43
117 45
73 79
115 7
55 85
25 105
92 23
60 50
121 99
76 102
96 2
82 105
5 90
39 120
120 28
46 6
58 72
70 41
74 110
106 100
23 41
95 94
76 87
76 75
56 24
103 15
95 69
28 29
20 9
34 88
3 47
0 111
14 7
118 114
84 70
100 79
15 34
73 125
113 116
111 114
75 85
5 2
62 81
38 1
54 33
51 45
106 77
111 12
83 18
9 94
88 15
32 8
105 107
67 50
30 16
76 88
106 8
116 39
53 106
36 43
105 71
105 14
50 12
119 99
127 9
92 51
73 74
15 22
28 118
77 76
66 25
74 63
3 50
34 13
62 55
53 103
44 76
37 77
35 14
53 62
121 45
108 61
61 43
110 102
107 37
66 45
86 77
32 77
17 53
89 99
15 65
72 125
88 2
8 122
102 19
54 48
23 11
105 10
75 3
126 46
43 62
52 28
45 125
22 5
99 13
47 51
99 108
7 46
22 28
108 40
53 111
1 83
69 78
65 14
114 14
105 72
106 114
38 37
111 10
42 60
0 35
11 23
68 98
87 19
85 35
82 7
49 81
102 70
65 27
54 39
73 7
69 34
126 0
10 17
30 87
23 40
126 49
39 24
11 12
58 43
47 90
95 85
11 57
65 85
118 86
104 110
56 100
104 27
55 46
23 12
57 36
67 121
26 63
82 95
110 28
18 92
16 76
34 89
104 97
36 1
20 31
92 62
6 12
26 12
54 24
105 87
24 62
60 3
77 118
38 75
118 81
31 15
41 5
12 36
72 61
84 81
11 76
99 124
20 58
49 57
121 40
11 114
109 104
97 107
46 19
31 46
35 17
41 24
117 65
126 20
53 61
30 63
79 115
125 72
95 14
106 20
63 67
107 91
45 30
47 23
69 118
58 26
24 73
126 101
5 98
16 43
63 3
85 9
2 5
100 52
125 118
19 74
55 124
85 94
26 85
110 0
14 85
106 89
71 88
126 40
59 33
43 19
16 102
49 15
39 79
2 109
45 89
1 80
42 22
118 44
9 59
0 78
6 49
49 100
60 95
43 126
114 72
89 59
28 96
89 57
113 90
83 99
107 61
13 28
98 60
69 62
15 59
68 44
30 36
72 105
53 48
11 78
107 100
70 42
7 89
38 88
72 49
107 44
76 108
44 57
37 21
34 92
110 44
103 78
76 9
18 92
57 19
61 98
118 7
15 124
123 72
61 104
63 103
63 82
101 83
69 11
116 69
46 11
28 9
105 46
12 36
98 66
104 8
101 124
27 37
117 6
82 52
110 23
21 57
98 19
123 67
94 105
54 109
123 101
113 101
1 105
43 101
85 40
93 46
74 93
90 42
29 113
14 62
99 14
118 96
81 98
84 78
94 21
106 47
106 11
110 15
81 76
23 63
17 122
118 10
35 7
85 80
126 83
111 114
71 13
102 81
39 96
86 17
125 34
48 119
86 60
74 35
17 56
121 5
44 3
77 115
79 2
49 72
57 41
26 122
93 25
123 52
113 6
47 93
61 7
74 103
5 46
117 103
62 50
51 4
92 4
41 12
97 108
57 47
124 108
91 4
61 60
115 113
117 95
101 61
3 101
14 50
77 16
21 99
97 108
114 57
47 40
110 111
37 28
56 11
108 107
86 31
88 46
107 126
115 20
26 34
106 123
87 111
118 96
81 17
73 43
86 42
58 66
5 111
37 112
117 10
10 5
126 83
22 0
70 9
16 110
111 125
77 71
101 124
60 10
111 114
96 27
54 53
107 83
95 115
35 28
100 80
84 75
80 104
53 123
39 20
6 69
29 62
41 71
64 80
89 38
80 27
50 78
9 45
59 63
63 66
5 30
108 77
95 54
99 52
10 95
122 26
17 58
12 7
105 81
37 41
120 53
63 45
9 118
109 14
116 16
73 21
46 13
67 115
100 90
107 82
61 89
116 114
91 100
6 89
102 42
8 81
96 90
1 119
118 11
4 28
89 44
49 92
70 98
112 6
44 61
79 50
98 23
14 87
26 124
51 78
50 52
126 123
23 107
18 43
102 71
107 10
56 5
35 49
103 47
101 112
83 110
114 37
89 74
67 33
107 86
126 45
2 86
105 98
63 89
81 87
123 35
111 99
80 117
57 118
51 113
91 7
80 71
45 20
55 26
45 23
91 107
13 74
99 120
31 64
75 46
23 59
75 115
45 25
102 125
7 22
82 18
47 16
77 3
2 13
20 116
101 115
23 47
23 92
120 17
54 78
127 46
37 95
105 76
88 12
36 31
91 53
110 69
101 106
38 53
16 114
124 80
52 92
89 24
104 17
0 21
92 16
53 49
10 81
105 53
79 41
46 42
76 122
85 62
40 7
48 38
24 72
120 49
95 90
61 101
65 113
112 87
92 29
61 74
47 75
54 20
97 67
40 5
34 53
60 102
112 50
65 126
70 78
65 82
53 101
102 19
66 25
97 43
44 49
89 109
26 107
14 50
105 8
52 71
88 89
115 66
95 90
55 48
110 81
63 122
101 42
75 6
36 11
65 99
36 121
1 35
97 32
8 85
80 111
121 115
89 118
108 33
44 78
118 94
5 113
41 20
95 7
42 41
21 36
25 84
98 109
15 64
123 10
57 30
121 77
88 86
69 65
100 76
15 46
69 123
120 119
37 126
26 115
74 127
9 126
4 79
9 39
92 122
65 6
90 112
27 59
6 82
94 9
126 65
50 20
39 22
32 57
58 3
61 3
120 30
46 125
98 101
46 62
82 38
60 64
106 51
88 106
114 51
66 4
112 90
20 42
69 99
28 99
64 35
70 93
91 99
108 98
59 103
73 25
37 94
22 93
78 20
48 43
98 109
126 86
90 46
26 65
127 101
39 3
28 54
57 94
112 37
124 23
13 91
51 96
9 73
96 105
77 116
94 41
104 65
17 120
5 10
42 4
20 52
67 114
91 82
24 51
11 65
13 11
95 74
109 83
27 110
83 80
83 86
35 127
73 55
124 6
27 80
98 43
56 87
119 84
72 17
101 26
67 24
37 2
67 116
92 124
13 11
52 2
34 53
93 91
15 26
33 75
24 112
85 103
12 48
55 62
7 125
50 20
19 44
19 66
25 6
9 28
94 69
96 19
115 88
34 125
48 117
33 1
53 28
6 86
114 103
34 45
105 101
123 100
41 1
93 55
26 61
77 74
52 98
52 120
39 9
0 5
113 58
74 39
27 73
11 71
59 85
57 61
73 109
101 10
34 108
123 100
1 20
15 120
20 124
38 67
62 44
93 59
18 95
69 41
40 120
88 79
91 126
77 127
75 67
90 69
123 109
125 105
18 123
103 9
96 113
56 50
23 66
126 97
80 104
52 19
55 1
42 43
53 94
38 126
56 95
8 111
49 118
50 64
124 8
31 65
111 58
84 88
56 68
111 9
29 12
32 117
32 121
4 15
24 105
105 15
66 11
101 52
92 62
91 41
2 26
43 77
65 10
44 82
111 46
114 101
49 1
86 56
33 84
110 32
73 37
73 89
33 18
19 18
31 28
108 9
103 97
127 111
28 30
95 105
122 17
70 97
53 55
71 16
96 63
34 46
90 68
107 125
24 111
125 10
113 108
92 97
40 47
56 117
0 10
19 60
120 116
25 29
92 37
77 105
33 18
51 107
11 126
91 29
106 110
62 88
78 36
125 59
15 6
76 3
91 29
51 11
95 108
53 74
95 73
92 71
115 21
88 99
127 41
123 96
24 14
74 85
81 43
31 53
109 25
38 6
39 42
30 40
101 78
99 49
92 87
28 14
91 98
123 32
98 124
100 109
59 113
92 16
66 56
126 8
106 62
80 20
105 2
54 95
34 107
38 127
119 64
55 84
58 74
69 97
72 13
32 84
14 92
49 119
48 92
49 115
73 99
32 42
67 58
41 37
117 119
110 19
2 71
19 82
40 7
47 15
79 43
100 35
122 49
127 47
36 14
13 32
124 112
82 70
112 7
74 126
44 2
43 101
25 118
72 91
17 121
46 85
58 87
99 72
65 24
4 49
119 20
53 41
84 24
109 37
74 1
27 33
52 90
34 64
95 113
23 85
8 61
18 1
90 68
85 31
37 1
107 65
34 46
69 100
1 25
103 6
66 92
62 37
38 2
113 67
6 8
62 12
53 73
109 100
124 94
37 22
75 82
45 50
69 76
101 95
6 31
47 93
80 83
41 10
107 103
32 71
36 103
9 7
95 31
58 39
43 108
115 37
15 108
38 113
12 118
85 54
71 25
111 18
99 19
71 7
108 79
39 37
72 36
6 9
10 53
57 34
14 36
0 89
108 121
121 118
42 69
124 47
115 66
91 39
116 100
32 68
120 41
69 44
100 45
58 57
55 20
125 64
83 53
79 91
85 66
11 118
93 10
106 33
22 85
80 119
15 117
118 63
99 2
121 43
7 54
36 9
61 13
9 25
72 53
37 125
68 85
85 77
82 61
22 1
65 124
30 91
75 120
50 15
31 46
49 5
10 57
44 6
37 106
4 34
29 36
123 122
100 0
26 116
10 75
39 76
17 118
56 58
69 83
44 49
73 15
36 39
62 112
41 85
110 90
102 119
82 53
24 21
15 32
121 14
12 83
124 75
120 22
50 30
21 63
18 102
112 98
107 59
7 106
29 25
96 45
16 84
123 70
115 105
109 119
53 14
108 45
20 50
83 6
37 54
100 16
51 106
32 93
118 89
81 1
10 35
23 58
5 120
41 87
55 115
83 86
19 38
19 28
4 21
24 78
70 100
8 105
4 105
50 110
9 49
37 1
56 93
16 111
34 73
10 39
83 43
13 86
34 8
122 70
79 18
28 108
84 118
112 62
35 110
28 103
125 112
117 55
101 68
1 123
47 26
59 77
11 103
35 8
64 77
77 80
60 99
65 55
103 2
123 81
72 17
65 91
122 116
115 45
102 56
2 33
6 42
113 124
84 37
79 95
32 64
91 39
105 57
106 53
55 84
125 20
53 89
103 110
79 76
70 15
109 3
69 20
61 117
73 102
100 93
81 65
1 80
105 59
102 124
123 50
32 34
113 38
72 45
8 123
13 15
65 36
50 38
71 84
81 26
117 45
68 71
43 59
106 99
59 72
40 42
69 103
50 96
45 12
19 57
46 20
108 107
113 10
43 14
43 4
61 63
2 51
7 64
91 81
57 105
85 66
52 89
9 107
57 98
53 80
91 40
79 39
49 70
17 68
118 65
52 60
86 16
77 92
125 112
45 35
45 44
62 2
97 10
70 71
109 120
102 78
117 100
110 64
90 118
31 76
85 47
46 17
71 29
94 105
0 112
49 67
89 3
66 30
93 98
24 72
6 115
58 7
7 86
78 69
79 29
15 102
121 12
58 72
110 4
80 105
104 30
16 100
99 112
111 80
93 26
62 116
37 59
114 115
36 34
81 123
63 54
43 76
115 11
87 52
35 70
27 17
119 100
42 112
108 45
48 125
1 27
72 17
53 60
111 101
2 87
94 6
88 44
59 76
14 127
118 26
72 89
26 89
18 22
71 20
110 72
93 90
22 52
41 124
123 110
117 124
73 108
32 87
104 11
5 113
1 117
91 74
98 108
2 47
57 125
53 90
17 61
116 118
95 19
61 47
106 58
59 28
66 98
84 87
8 12
59 66
72 36
90 109
68 36
78 56
20 43
61 100
85 63
64 85
102 83
84 126
76 69
107 27
57 69
16 0
110 122
107 110
65 78
122 115
125 68
60 62
80 109
63 117
120 26
21 109
59 86
118 101
74 37
123 88
114 15
93 37
111 106
84 14
30 103
42 51
7 98
72 29
32 97
84 38
3 13
14 80
123 118
37 104
96 56
82 54
106 87
78 116
23 32
41 92
80 92
99 2
31 25
93 73
2 30
0 28
95 117
125 114
121 15
120 86
106 123
66 29
30 93
86 96
110 102
22 87
85 10
124 81
79 32
122 46
77 99
97 44
9 115
33 41
117 11
38 57
56 69
117 2
98 34
6 46
7 67
123 46
65 112
126 91
85 51
59 52
98 86
27 107
124 73
9 83
6 22
51 32
19 1
83 123
5 39
5 96
23 124
86 19
92 96
17 45
8 42
89 102
125 39
5 2
19 42
62 100
99 80
97 113
30 116
107 73
41 15
70 73
61 40
65 32
22 90
126 10
126 8
116 40
75 27
123 63
6 75
62 37
113 74
76 99
37 11
92 55
93 12
98 26
53 72
63 53
69 78
108 65
35 102
104 16
48 82
124 82
13 43
99 114
115 47
85 30
45 66
78 0
14 26
