2 16
85 18
93 71
90 48
3 67
39 91
1 11
44 52
116 27
54 118
50 17
26 48
115 68
66 60
26 43
0 106
105 68
8 17
127 102
90 60
113 34
95 64
123 99
100 54
10 106
77 26
39 10
1 37
49 95
114 64
40 91
84 51
111 37
14 45
84 6
70 101
18 35
55 28
14 69
74 88
93 31
42 106
24 6
13 85
71 1
117 78
89 109
69 21
42 20
15 53
46 111
6 64
63 117
14 60
27 96
95 86
70 72
76 35
8 29
111 19
73 100
19 35
125 57
9 4
39 121
109 24
24 84
3 96
124 41
120 47
97 22
79 47
2 72
17 53
50 20
16 86
44 52
38 45
68 30
86 94
113 77
56 101
95 102
21 23
105 8
121 81
78 68
112 9
76 106
82 37
29 2
59 69
13 34
76 110
111 38
21 38
73 119
51 55
61 86
119 12
38 116
60 47
54 50
6 28
76 57
111 51
42 94
25 50
126 89
72 85
55 5
115 87
16 76
34 45
69 81
72 66
14 70
69 121
86 56
29 37
53 79
8 89
77 29
51 81
88 57
4 55
59 2
16 7
37 42
79 2
124 79
83 2
103 80
11 19
106 36
127 83
94 29
18 5
60 33
8 13
39 7
15 63
78 127
46 99
76 104
29 5
69 46
34 31
27 24
72 45
3 59
83 54
27 58
42 94
82 2
124 106
50 27
123 97
69 67
58 83
125 35
34 3
20 107
12 1
46 81
63 84
108 111
2 106
79 15
6 60
83 56
121 105
126 6
74 125
55 108
123 96
15 41
91 35
13 126
93 33
17 71
81 78
96 95
66 30
57 50
51 28
76 84
107 49
80 118
22 52
100 39
58 97
5 2
69 42
13 119
76 22
94 67
109 62
96 89
51 123
84 47
122 89
79 108
69 125
48 110
4 39
61 23
5 84
92 56
63 94
51 110
32 104
82 33
84 43
35 94
65 114
70 42
23 122
119 87
30 104
90 82
35 53
33 27
88 87
105 68
122 13
12 70
65 13
91 67
48 12
47 82
65 116
44 31
56 18
38 92
112 37
57 30
45 65
77 29
22 50
114 23
30 79
99 94
85 100
77 88
58 53
122 93
81 93
60 9
4 19
73 79
40 117
45 105
126 92
25 6
55 34
4 42
69 48
46 124
47 38
48 111
13 89
81 24
127 50
91 117
76 93
58 33
76 72
80 58
112 68
57 32
115 59
68 65
64 103
85 71
24 23
90 72
118 7
70 126
108 79
78 6
22 44
40 90
33 27
74 15
4 103
68 47
100 122
113 71
97 20
78 9
90 87
56 57
44 41
15 54
38 100
104 127
64 79
73 34
81 29
123 10
46 38
121 32
122 56
4 66
85 15
73 77
114 7
24 19
41 124
113 37
17 33
73 95
85 103
24 7
118 87
26 20
28 14
105 99
56 36
76 121
86 27
53 126
91 82
63 5
121 111
89 126
59 124
15 111
115 91
119 121
76 36
79 52
123 78
28 121
26 12
91 27
101 124
67 22
94 86
47 21
50 38
123 103
62 32
44 73
119 69
45 127
9 3
101 8
41 107
38 79
74 3
42 120
31 120
16 17
121 90
82 59
1 85
94 119
108 31
25 52
92 31
33 96
55 99
47 110
125 112
121 50
47 19
82 49
54 2
14 64
126 81
19 38
14 78
3 99
120 35
116 3
66 99
13 11
106 51
43 26
3 126
77 105
116 75
48 79
24 126
69 4
52 72
62 36
34 44
37 66
103 4
41 28
57 8
106 87
30 119
60 62
91 93
27 78
86 57
120 34
67 104
110 108
91 9
16 44
87 72
105 35
90 99
41 45
55 63
21 103
20 104
9 52
70 60
16 30
32 82
61 65
70 20
0 73
27 84
40 77
78 31
50 23
80 68
94 81
38 47
31 7
39 33
48 31
26 48
12 65
111 48
7 13
88 11
26 24
83 43
104 90
88 22
82 38
78 25
43 28
29 52
68 70
60 66
34 80
29 12
55 100
99 17
82 123
9 20
75 60
110 70
88 104
121 1
19 118
87 15
58 125
75 43
114 69
61 12
42 106
9 84
36 65
1 51
66 113
100 103
122 14
80 35
12 22
15 123
48 4
109 127
86 60
24 109
38 51
37 47
46 16
65 119
80 1
10 91
19 68
75 36
41 74
22 114
25 93
74 18
24 56
51 8
122 86
23 47
25 106
34 20
111 91
72 22
118 30
24 83
88 94
112 67
126 70
50 115
91 47
55 4
92 36
85 15
32 54
77 58
10 88
123 93
30 50
95 15
9 40
45 112
20 12
20 106
9 70
96 20
108 81
126 42
89 97
85 73
18 73
100 61
28 82
101 42
125 19
106 118
87 2
96 5
107 78
89 92
92 79
62 41
116 11
114 100
122 49
92 87
67 119
90 56
100 65
84 95
88 26
11 17
122 102
14 10
55 71
46 35
104 81
71 4
40 8
121 31
41 58
82 102
64 22
37 74
121 32
5 116
127 14
42 16
52 99
118 109
46 112
70 101
13 10
71 108
7 126
91 69
86 98
122 20
46 4
102 96
89 102
96 16
13 114
54 53
64 76
42 127
59 45
47 54
115 50
34 4
62 108
108 64
101 29
47 87
117 31
90 83
89 35
19 89
111 44
19 7
65 99
14 3
81 86
2 56
38 6
75 94
125 127
69 104
38 117
83 11
21 28
18 96
19 54
106 83
47 101
41 109
68 99
27 18
97 26
4 19
35 74
65 106
36 120
68 8
39 12
6 42
69 59
50 100
122 67
52 83
102 100
96 4
115 79
122 75
59 84
98 82
84 14
24 101
94 8
108 35
124 112
47 79
14 62
21 26
61 28
78 85
67 41
16 117
80 62
19 71
84 83
40 80
119 101
93 108
4 82
67 77
114 92
15 31
40 123
74 8
122 15
85 22
68 64
70 105
92 52
32 35
103 119
8 12
126 122
112 99
99 123
22 127
69 15
6 72
11 88
125 58
101 27
39 41
70 94
76 112
91 101
19 7
108 28
103 52
71 121
62 109
86 93
70 4
125 48
38 54
12 78
127 88
93 21
12 3
37 67
29 34
64 88
110 115
102 79
107 105
113 122
127 96
27 43
96 29
57 126
108 60
43 124
80 120
108 2
72 23
49 9
76 99
110 57
99 66
95 91
118 77
8 72
65 8
56 78
26 65
112 59
65 14
27 22
12 75
62 2
29 46
91 94
70 81
78 58
86 24
7 57
12 10
51 67
62 9
122 4
81 18
122 37
51 19
54 96
97 52
5 66
2 16
53 73
23 106
77 108
118 19
29 18
36 18
105 76
44 57
72 81
61 75
45 117
19 40
98 34
59 67
39 6
25 77
102 24
85 9
13 40
80 104
48 83
45 96
35 28
14 66
77 80
19 83
8 29
3 61
81 58
95 100
49 59
87 28
37 94
45 4
49 0
27 122
105 73
7 69
76 100
27 72
122 105
37 10
59 37
116 11
121 112
1 3
44 10
126 94
86 101
64 59
94 122
97 118
78 97
108 5
60 90
54 91
36 97
95 29
62 99
77 23
21 56
124 127
107 13
117 51
52 17
5 3
1 14
56 102
28 62
22 113
28 44
51 32
3 82
62 21
119 33
110 6
18 43
94 84
27 2
106 40
122 123
123 70
4 95
36 30
59 92
97 18
5 81
78 124
92 1
119 2
109 122
85 30
50 80
46 43
23 56
58 3
45 36
22 122
25 18
98 1
103 79
105 118
84 69
28 122
44 116
125 107
124 86
68 124
44 113
113 47
69 118
97 119
52 66
104 61
25 37
54 121
79 126
123 118
14 60
67 49
3 31
21 24
77 81
11 25
127 63
6 118
2 102
5 27
7 80
19 2
71 86
64 111
5 42
86 50
111 89
41 9
124 117
80 37
31 94
64 126
16 112
32 78
117 94
92 124
71 29
65 51
59 41
121 116
99 25
58 1
41 59
70 46
123 65
60 54
71 59
71 64
122 50
96 126
73 9
41 19
77 17
16 117
123 74
115 11
55 88
27 107
60 44
121 35
25 39
112 62
88 78
90 54
46 4
37 3
55 24
41 100
31 0
31 28
21 123
1 16
65 28
64 85
72 82
84 123
96 29
75 39
86 104
102 98
47 99
43 41
100 127
78 59
125 48
16 97
59 109
121 10
126 56
12 97
102 87
26 16
88 85
60 92
87 121
54 86
84 17
93 15
36 84
119 59
49 112
106 66
105 85
52 46
56 67
6 51
125 104
56 74
108 32
98 83
3 116
12 67
105 27
123 125
53 69
94 23
61 107
10 95
7 124
42 49
60 122
102 37
108 84
20 32
47 91
116 49
76 41
82 106
32 56
36 100
55 104
113 28
82 25
38 4
115 48
67 98
14 63
6 117
83 11
66 32
67 120
114 39
95 82
3 36
86 1
57 22
76 104
105 52
52 34
112 91
17 123
114 23
126 79
38 59
41 33
75 79
91 31
3 7
49 77
82 47
93 60
50 100
119 100
67 116
106 24
30 25
69 42
75 39
103 126
64 46
68 13
123 109
47 13
51 70
4 94
25 22
10 119
106 37
78 63
95 42
58 62
111 49
44 15
9 74
55 53
83 94
2 22
124 108
103 39
124 85
118 44
4 120
18 42
24 126
126 123
74 15
61 108
47 38
22 116
75 18
113 83
56 55
67 2
23 73
51 65
78 93
34 20
38 58
32 61
14 78
34 122
61 34
109 5
78 107
86 78
37 69
40 65
29 107
109 11
102 69
122 110
125 23
94 50
50 124
17 53
36 125
10 55
122 68
103 22
69 14
114 60
33 120
57 46
2 92
70 73
127 97
78 87
21 126
21 108
70 31
51 71
64 2
62 73
38 63
87 70
16 66
105 36
1 16
62 6
60 107
31 9
92 46
42 101
106 53
97 112
59 125
16 110
65 15
115 76
40 121
49 121
126 88
79 33
123 41
17 73
60 7
2 33
30 1
54 81
80 22
2 4
99 84
42 33
60 76
19 82
121 30
122 90
108 12
53 118
85 18
70 32
86 26
122 90
99 45
105 95
27 4
66 67
91 37
120 2
86 82
76 47
123 8
57 101
95 15
95 11
123 55
65 122
100 89
36 56
24 5
36 91
91 0
32 6
75 91
22 81
124 127
4 117
6 66
63 71
33 78
89 58
8 72
25 5
15 25
123 122
106 90
57 118
100 95
1 22
110 58
94 52
18 89
77 120
20 83
54 98
104 29
60 45
38 65
11 111
92 66
122 49
4 108
58 127
10 71
54 65
43 59
56 108
76 124
117 123
106 112
84 17
97 101
88 6
110 17
91 92
62 23
105 83
14 116
123 94
5 117
59 40
99 126
31 78
17 79
57 39
68 13
5 103
37 23
48 43
120 7
78 113
40 85
113 119
65 51
80 72
32 41
53 51
121 22
18 101
91 110
50 41
60 26
56 112
72 92
67 120
122 69
126 24
89 105
84 77
49 80
40 66
15 97
115 126
119 23
71 123
94 32
17 3
112 29
44 59
98 109
62 27
4 69
79 116
85 112
1 5
41 45
45 64
23 15
27 93
105 124
28 108
5 110
120 18
126 69
66 30
16 72
84 40
13 98
71 119
105 119
52 65
42 97
43 45
16 79
121 35
65 44
103 65
4 65
106 89
59 115
13 18
5 99
5 88
24 75
86 15
10 89
36 24
17 35
124 74
73 35
58 101
43 118
109 40
118 20
13 118
51 42
49 3
127 55
112 70
124 51
120 77
71 83
46 24
18 49
87 35
88 67
113 9
81 103
71 14
33 125
105 10
28 99
59 6
109 60
63 11
120 59
71 62
38 90
37 44
3 115
41 56
77 26
54 39
33 114
18 35
60 107
20 97
47 9
122 94
26 120
118 86
25 33
70 0
59 48
84 99
45 51
1 114
96 109
98 27
9 74
98 79
84 80
115 41
60 81
73 117
32 70
97 13
86 92
90 28
60 40
106 23
85 46
106 103
2 18
38 81
33 106
7 20
48 86
70 25
35 89
124 79
2 43
80 110
118 58
12 33
7 91
86 65
44 95
1 120
47 76
93 50
121 55
52 122
106 8
101 113
9 58
117 19
66 101
85 69
8 53
4 39
82 58
87 12
97 57
89 97
15 78
59 46
54 21
61 75
30 40
5 18
65 83
79 1
42 117
32 26
108 107
4 51
112 83
71 29
45 69
62 50
13 54
94 35
54 17
53 85
104 85
117 1
123 21
68 25
51 59
25 21
14 21
78 72
47 26
76 91
63 91
109 46
41 110
81 29
33 28
29 107
26 96
21 32
93 24
99 91
5 103
83 57
41 42
27 6
109 38
99 37
75 92
50 74
7 31
40 0
50 125
81 36
41 106
20 78
127 121
52 87
46 114
110 111
81 107
91 41
89 109
35 19
114 54
60 26
84 23
45 35
95 87
27 42
117 9
27 30
46 57
60 100
87 15
96 87
44 111
110 60
76 71
70 72
60 123
65 57
82 4
48 11
13 26
55 10
70 92
77 123
30 120
97 115
8 56
82 11
89 82
95 72
72 38
13 20
33 76
116 43
12 15
12 87
72 88
2 87
61 71
76 73
39 7
5 82
25 23
1 103
42 72
49 33
55 68
55 109
84 119
113 7
109 68
28 126
19 76
58 65
88 79
17 53
90 123
29 82
115 61
60 103
74 64
102 15
56 33
10 56
39 103
42 8
33 107
0 65
35 97
10 35
14 31
114 19
117 91
68 5
16 60
3 16
115 7
71 116
56 64
72 116
121 3
47 57
126 75
113 25
5 58
76 94
71 34
53 75
118 68
124 102
24 119
60 112
65 110
38 39
62 97
29 99
68 106
113 53
73 123
16 65
98 41
59 11
100 51
71 8
67 119
84 74
8 46
17 15
66 109
61 83
12 98
102 98
27 35
60 49
7 26
50 102
116 5
125 34
109 13
63 62
56 75
76 64
26 17
98 87
104 98
122 28
112 56
52 47
111 36
79 55
26 70
121 106
26 102
119 77
65 84
11 102
25 98
23 81
8 0
74 92
49 15
116 28
32 4
35 21
79 118
114 100
123 23
69 117
82 11
12 100
26 25
117 17
59 100
47 24
118 6
70 114
22 104
12 124
126 37
16 30
94 88
23 24
89 94
63 16
89 77
62 23
95 124
80 110
101 36
47 85
121 65
5 79
122 28
126 50
65 62
62 74
39 25
40 98
108 37
16 33
38 19
47 88
113 94
35 104
115 101
95 81
107 60
101 38
119 121
73 103
86 61
83 15
25 10
122 110
46 113
123 55
12 57
114 10
22 77
126 3
65 5
103 118
15 68
26 116
106 109
71 56
9 77
18 107
96 14
90 126
35 93
106 93
9 75
57 104
81 111
114 58
5 37
67 47
3 7
17 57
57 7
63 93
92 43
80 94
18 101
71 114
27 28
109 113
116 27
29 53
52 39
75 89
69 50
34 4
122 78
114 108
54 104
64 27
87 45
60 29
122 90
59 87
5 120
77 34
107 90
41 19
98 50
116 125
94 20
89 117
50 83
5 115
115 31
74 79
126 113
1 80
119 117
124 101
123 87
55 14
51 0
82 111
118 14
80 102
90 30
98 86
23 127
83 76
69 55
14 71
60 116
5 57
28 125
56 108
63 103
110 96
16 66
47 43
2 64
106 51
19 120
77 44
33 40
70 121
1 27
39 36
100 71
95 111
68 69
63 76
113 120
22 86
121 83
10 33
14 8
77 25
24 123
34 89
89 48
55 77
101 111
17 53
72 42
64 60
38 127
87 19
47 100
88 2
35 64
112 127
18 114
90 51
98 6
90 102
90 68
98 118
22 13
18 121
7 59
14 53
97 9
65 105
91 27
25 106
68 54
85 29
4 70
107 86
25 52
105 56
21 0
67 125
43 118
117 0
68 29
49 27
41 124
17 63
29 120
34 36
122 10
107 22
45 103
93 9
64 126
95 45
35 86
109 11
105 112
89 117
90 76
118 38
111 60
55 19
68 100
53 101
125 72
14 48
26 103
20 6
54 32
27 2
26 13
27 127
90 32
56 85
87 12
73 41
3 106
126 43
24 71
82 18
69 17
122 76
5 27
5 60
110 43
2 73
26 63
21 66
81 108
107 22
23 44
70 98
61 41
27 47
81 99
125 112
35 8
60 56
69 57
63 19
81 78
125 109
97 66
97 112
74 10
55 7
35 25
60 0
70 103
52 27
76 99
87 39
67 109
61 22
76 119
91 95
23 90
72 97
92 29
10 87
107 117
6 74
127 122
17 53
116 117
72 82
1 94
66 109
84 73
22 42
59 3
109 18
48 38
60 50
46 16
22 49
74 109
5 60
8 32
68 105
123 84
77 26
116 46
72 6
106 57
124 5
31 80
1 35
78 62
71 115
38 76
93 30
93 9
69 3
75 111
53 113
45 96
13 76
63 49
24 73
70 95
30 2
99 14
82 42
2 61
4 101
16 43
11 40
87 99
79 37
14 68
78 90
122 82
13 44
114 11
78 5
6 91
0 33
14 86
32 82
126 120
68 57
99 92
2 12
36 94
73 89
51 119
96 79
20 59
6 116
119 116
4 49
30 31
26 28
79 82
48 42
98 30
125 96
1 116
116 1
82 103
2 100
62 92
7 108
53 127
107 5
61 83
9 89
19 34
115 37
37 120
39 1
8 87
123 122
13 115
88 120
15 26
46 110
110 21
17 98
8 56
35 97
108 110
59 112
93 51
123 88
115 61
30 118
104 8
54 38
70 45
1 63
72 67
107 56
92 85
27 93
96 117
40 9
82 121
109 53
1 23
6 79
64 27
63 123
89 22
106 12
95 20
61 93
31 22
58 96
102 32
6 105
56 4
109 34
101 38
105 74
41 17
115 16
18 110
32 19
102 6
78 29
39 28
12 117
112 124
44 103
38 84
26 24
90 108
112 55
111 97
75 47
26 116
106 3
38 114
87 45
119 37
81 50
11 121
65 90
101 59
47 25
63 67
122 38
33 103
62 121
26 93
34 6
43 60
80 103
50 103
60 82
80 123
29 15
116 92
41 60
71 91
112 15
86 66
95 126
76 110
124 0
92 31
105 102
11 57
105 116
25 74
26 109
102 70
7 73
108 7
120 47
70 45
25 30
120 105
80 16
43 51
42 41
78 14
44 113
99 18
97 65
54 46
11 44
15 26
42 108
54 35
57 123
14 21
14 76
50 104
6 65
107 126
119 86
19 55
28 88
65 7
102 13
84 114
33 0
98 58
39 89
56 66
18 36
57 9
94 121
26 111
6 99
88 112
41 6
124 126
88 91
11 22
4 121
30 125
114 30
106 16
123 32
37 97
48 108
25 65
32 75
63 117
112 23
3 23
120 29
58 115
33 81
10 66
59 2
126 115
80 81
62 5
93 4
3 50
67 102
26 13
54 91
59 46
115 88
71 108
91 99
5 12
1 51
114 101
3 58
47 62
1 24
104 78
60 23
110 84
100 69
47 43
100 47
111 113
9 99
53 26
102 65
84 7
56 76
18 58
74 30
85 19
10 46
47 50
75 28
93 84
7 115
113 121
65 10
46 116
124 40
100 114
32 27
23 30
5 118
119 47
59 77
84 89
106 21
73 76
11 112
94 26
45 70
16 72
40 90
26 106
116 34
70 35
116 26
63 54
9 112
120 57
13 41
103 1
71 99
117 1
79 25
76 32
46 117
97 84
23 40
8 12
97 36
31 20
58 106
7 111
27 43
41 42
108 49
112 19
11 90
82 20
73 29
69 78
45 96
105 40
114 15
35 67
90 104
80 99
41 114
75 52
52 47
67 38
37 54
86 40
40 39
5 62
127 113
66 72
95 103
36 17
11 17
10 69
63 126
32 2
111 126
105 97
77 63
71 70
120 108
127 123
44 56
102 30
59 101
113 37
104 77
67 12
110 52
116 54
15 29
28 2
92 4
14 38
69 113
123 122
98 46
107 99
50 94
72 13
46 67
53 101
60 111
111 48
33 51
46 84
81 109
102 95
96 65
32 55
34 73
25 117
13 11
52 104
93 17
91 104
56 59
5 75
55 0
39 30
8 64
126 96
35 42
44 123
59 71
104 76
66 54
123 47
54 59
53 65
3 93
92 84
101 92
10 86
37 103
91 100
56 49
98 106
73 109
92 67
103 94
104 78
4 44
68 39
88 111
75 99
52 53
47 48
23 24
82 51
9 108
6 93
46 125
81 108
61 81
14 91
122 50
40 71
70 52
55 49
106 25
23 95
115 53
25 21
86 46
37 26
95 96
15 80
62 110
29 108
98 20
6 12
121 2
82 45
37 65
0 119
74 73
77 20
47 42
76 95
122 46
115 55
29 37
12 122
121 71
73 62
34 40
31 38
104 53
75 9
76 45
49 28
126 38
77 4
123 90
82 50
65 46
9 121
114 3
105 115
125 27
117 126
120 2
50 23
60 30
78 16
20 114
113 64
123 37
59 15
25 36
37 90
114 19
58 15
48 60
122 67
107 21
20 95
97 32
56 63
19 86
123 106
13 100
57 58
33 74
49 28
7 52
96 83
72 39
17 33
19 110
112 97
19 106
100 37
1 105
115 29
7 18
108 33
39 5
51 102
66 21
3 9
54 70
35 59
80 68
23 32
81 9
5 112
47 102
7 111
78 86
62 116
98 112
8 66
92 93
32 27
50 26
23 95
123 107
2 26
80 111
84 42
9 113
95 10
126 110
95 110
109 56
96 120
52 11
46 98
69 78
60 115
20 100
111 61
6 100
52 25
58 83
88 41
37 77
72 24
104 62
100 28
74 111
40 114
116 62
47 116
81 27
98 107
124 51
49 117
115 116
120 103
24 64
94 111
119 83
7 57
51 36
0 12
11 68
66 76
70 73
67 39
32 50
51 30
81 68
104 21
22 100
41 13
22 113
70 111
103 79
38 67
65 29
85 90
119 120
77 54
61 117
96 113
50 112
8 58
120 51
57 10
126 81
32 82
0 53
108 81
105 8
59 42
9 115
6 33
67 61
31 27
104 115
114 63
58 90
118 59
68 87
69 42
69 39
69 77
74 60
82 15
122 83
46 68
39 52
102 117
119 30
29 118
10 50
114 27
12 104
33 109
68 112
51 25
19 29
113 108
99 100
54 120
43 56
55 112
31 2
23 91
3 12
56 66
24 45
108 126
4 81
35 81
30 112
7 12
101 78
112 66
45 51
109 78
125 62
123 75
87 104
12 124
14 96
126 14
80 102
80 125
46 61
70 2
81 91
36 39
92 91
25 98
49 20
10 95
45 12
2 50
66 18
83 32
117 104
126 101
123 115
10 53
26 92
124 125
36 108
45 32
55 38
59 37
11 9
87 95
30 80
99 44
49 72
26 17
36 21
27 0
105 39
103 20
88 80
102 33
30 82
29 41
111 32
45 66
97 27
35 45
121 124
24 93
79 63
9 95
4 98
21 54
35 53
90 39
104 47
28 79
94 52
94 57
110 123
48 21
109 45
40 54
81 3
51 50
23 127
89 19
106 87
120 117
30 44
97 30
95 40
74 55
68 115
97 62
110 6
37 41
71 53
18 70
14 68
6 29
106 69
31 65
6 26
39 103
52 80
22 25
95 71
23 108
58 104
94 37
105 81
10 22
118 4
76 125
18 98
108 123
62 38
22 93
9 8
81 25
61 52
33 85
104 114
126 44
116 42
24 52
123 51
39 91
5 86
20 49
48 107
21 56
87 104
103 57
35 3
119 96
2 79
49 63
5 76
114 5
8 40
31 33
125 104
30 22
119 39
73 53
4 45
82 122
107 83
30 60
99 116
90 62
48 2
71 66
125 121
124 43
122 32
27 2
22 121
84 15
122 80
14 45
66 51
111 92
92 78
93 72
56 100
118 109
103 82
102 81
30 25
5 27
95 122
64 124
119 10
112 1
97 53
116 83
83 102
25 51
118 54
83 105
65 106
45 5
115 81
96 42
61 63
86 39
72 117
41 91
58 81
50 44
67 17
98 28
25 76
4 47
34 93
74 88
52 121
70 37
104 70
78 61
38 29
48 39
22 27
44 100
9 47
107 12
106 18
32 43
71 103
49 65
83 23
69 16
107 86
43 99
32 91
82 107
120 69
14 40
7 86
56 120
9 101
106 98
54 41
0 35
6 70
103 70
105 31
43 108
19 119
7 89
113 52
89 97
40 120
24 49
86 95
60 51
53 107
25 59
92 57
72 12
49 13
15 60
80 22
26 105
91 124
94 123
65 110
86 78
111 48
122 108
26 45
119 101
111 6
58 75
6 99
23 95
12 98
15 46
44 33
67 105
118 98
7 124
66 1
66 21
73 3
116 59
89 124
106 110
0 110
20 89
26 41
29 117
118 70
74 57
109 66
105 55
77 102
78 119
89 26
69 62
100 23
38 8
61 104
21 102
48 12
34 7
57 48
67 94
12 37
50 127
120 77
15 40
52 62
99 30
86 71
105 44
18 95
55 75
50 102
14 69
90 24
51 114
61 29
122 25
99 88
21 114
66 73
107 68
107 102
82 55
24 7
46 70
14 125
123 47
74 14
10 41
103 30
87 76
14 63
31 93
92 65
15 121
71 104
125 44
55 44
110 100
52 39
18 119
113 100
32 119
89 119
52 90
71 86
56 5
104 89
120 66
69 55
70 51
19 47
17 107
96 6
113 82
119 111
58 75
31 23
110 107
102 48
51 88
11 24
64 36
11 2
102 52
74 3
106 75
44 117
17 28
39 94
93 92
95 113
4 53
53 50
100 61
121 111
22 120
55 4
33 22
102 66
90 80
77 21
40 96
124 28
95 0
58 20
68 13
72 106
105 44
36 20
57 41
10 108
6 117
12 37
116 80
126 32
19 31
110 96
6 59
33 114
93 18
75 102
4 33
17 24
127 54
44 120
35 102
38 121
19 52
95 32
126 114
41 116
40 45
112 22
71 40
2 124
114 21
2 26
25 105
45 53
38 126
30 19
22 30
109 8
35 103
17 65
68 124
37 47
6 72
81 7
70 42
43 69
93 118
55 125
112 9
100 61
73 58
81 63
53 26
5 84
1 89
10 52
111 27
40 48
88 41
1 4
4 73
95 45
66 6
126 24
70 37
19 74
116 126
10 102
60 100
123 13
84 29
95 116
111 77
105 10
126 95
74 90
11 16
88 114
28 75
15 83
122 84
8 104
123 80
22 116
107 43
77 41
59 114
58 59
70 47
9 43
58 66
67 3
13 6
76 114
34 22
37 32
58 85
78 56
112 66
43 72
75 99
52 13
99 31
52 88
101 83
74 110
33 1
117 116
8 96
48 51
68 12
82 119
101 9
113 22
64 89
67 76
49 115
93 21
113 52
74 59
47 42
12 44
63 64
94 110
88 21
73 97
6 64
92 86
49 79
59 117
9 77
24 105
99 31
2 83
64 74
102 80
121 37
2 121
121 38
115 24
1 93
124 65
56 114
96 54
1 85
104 60
84 22
123 118
69 79
