4 32
43 36
60 15
53 95
7 78
55 3
21 89
103 105
55 108
109 99
33 53
96 103
10 4
120 52
86 0
85 82
8 15
34 126
78 53
120 100
67 62
2 118
70 73
108 20
86 27
51 78
20 2
75 97
64 100
0 80
55 41
102 95
75 28
90 41
12 13
75 37
70 110
55 27
12 21
49 60
62 84
86 47
13 25
43 15
2 107
29 50
92 10
42 85
40 31
106 91
95 12
0 126
107 29
121 53
65 64
45 13
17 26
69 17
58 96
38 19
72 38
70 124
114 18
8 77
115 91
48 49
41 5
66 121
81 112
94 67
68 45
30 93
3 17
34 106
99 41
32 45
88 103
76 90
9 60
45 62
99 27
113 75
64 78
42 46
82 17
115 35
29 9
96 19
26 84
37 74
58 3
117 11
26 69
25 92
96 75
42 76
19 111
102 109
122 45
111 24
76 104
120 95
108 101
13 56
26 113
94 102
85 61
50 100
125 50
18 43
110 9
102 47
33 26
69 90
10 34
18 4
28 12
10 115
46 113
58 74
106 32
15 51
27 59
103 36
49 115
9 109
118 4
33 14
74 83
31 3
121 32
39 3
79 34
21 38
85 72
127 39
62 57
35 9
119 67
16 25
77 13
29 126
28 126
91 71
24 80
58 10
11 93
69 61
55 48
18 89
6 119
38 108
53 117
84 61
37 4
122 86
100 53
119 66
10 8
116 38
123 69
69 7
39 86
24 2
92 35
126 42
90 95
4 84
31 12
119 38
113 114
83 124
11 22
123 110
89 119
66 30
82 55
69 26
125 58
65 33
16 35
28 66
62 4
60 114
100 102
56 25
42 87
98 33
109 44
103 74
78 116
67 9
3 12
83 25
110 25
45 61
8 90
123 65
50 103
119 41
93 116
51 30
89 12
123 96
93 7
78 123
46 10
42 56
111 126
61 102
92 65
80 36
66 42
86 71
61 2
101 12
83 46
117 110
48 59
81 53
36 71
105 67
54 48
48 82
9 116
26 24
12 4
27 56
6 96
24 93
37 2
105 88
62 111
35 75
57 97
74 114
60 91
4 26
58 44
99 102
46 60
31 72
60 42
73 27
49 115
106 117
59 35
59 119
17 7
39 19
32 79
108 91
83 126
57 49
12 110
67 8
85 11
96 91
121 94
77 96
96 26
50 36
48 127
99 56
107 25
59 115
67 24
17 34
116 98
10 115
64 103
118 9
3 1
78 44
15 48
46 53
17 109
14 13
125 90
31 28
12 43
44 89
79 53
66 54
22 29
7 79
9 94
73 117
98 16
67 40
28 18
53 47
112 114
88 83
30 109
77 73
81 126
0 31
19 68
34 58
118 20
93 75
114 64
117 111
8 5
43 29
19 27
101 15
47 37
82 83
120 100
74 34
66 19
63 43
78 48
14 110
47 52
40 56
28 82
72 113
72 24
116 45
55 105
126 55
36 126
11 114
95 51
124 118
122 30
96 104
56 112
116 25
72 31
104 120
28 56
115 51
24 56
54 76
121 7
44 61
45 95
41 99
77 119
79 124
63 88
19 111
11 91
126 18
6 75
15 82
86 77
30 21
7 85
114 61
113 32
34 114
52 37
119 2
43 61
112 88
63 49
104 56
62 66
65 110
70 95
93 123
98 115
100 94
37 98
109 3
28 2
124 34
37 76
27 30
6 70
114 71
105 5
5 72
26 22
85 102
86 53
7 126
27 82
105 24
96 32
49 125
11 8
104 17
125 72
69 88
74 6
79 9
82 55
113 17
86 46
61 60
110 119
125 54
60 54
29 45
115 113
68 7
80 94
88 54
17 32
87 47
16 82
71 53
71 83
90 111
125 41
80 41
82 18
104 13
120 32
60 64
38 122
2 13
39 0
19 54
41 80
26 29
62 100
47 34
9 60
34 76
93 62
14 77
67 96
61 52
97 25
2 96
96 14
27 49
22 51
48 40
85 81
53 50
43 36
76 29
51 87
57 105
10 13
121 4
69 33
59 24
111 73
72 35
36 119
17 40
23 120
93 12
49 80
115 1
38 108
48 31
115 124
23 87
100 11
121 25
83 86
17 41
72 3
2 101
4 99
74 78
117 27
32 70
24 45
31 118
97 8
90 127
45 120
48 90
76 102
74 94
91 32
3 111
34 3
21 56
37 8
23 71
83 21
44 102
49 60
21 35
49 113
101 16
117 46
46 95
50 85
69 40
95 54
16 44
108 59
48 39
49 60
97 7
124 12
99 102
55 94
110 7
56 71
43 31
63 109
26 117
19 50
118 59
59 100
62 30
18 80
89 97
40 23
41 84
18 13
65 40
90 36
124 83
51 67
42 19
35 20
74 121
57 38
74 84
122 39
85 109
46 5
66 10
86 29
51 57
56 31
123 82
105 21
101 73
117 98
57 48
7 111
53 113
73 4
40 64
49 51
22 34
117 76
27 21
111 14
93 70
81 36
15 8
79 17
114 63
82 116
38 77
2 45
74 22
114 63
10 106
126 28
85 32
104 72
109 92
91 96
12 74
26 20
15 88
15 124
55 11
46 69
117 40
93 9
78 65
51 77
66 31
26 102
109 106
1 26
84 126
119 91
93 109
104 99
68 8
124 90
89 1
76 58
95 48
108 63
53 39
50 69
38 51
95 87
39 14
3 71
28 6
34 44
4 111
76 12
22 61
122 126
10 80
76 108
39 23
41 56
37 66
38 108
85 38
95 75
83 90
10 71
54 35
66 51
9 39
69 21
3 84
73 113
9 16
78 24
12 84
10 118
100 74
116 7
105 40
76 74
65 8
103 30
117 23
118 42
68 37
40 27
47 75
61 17
89 70
121 97
94 32
27 123
41 52
122 57
29 42
6 82
32 107
33 124
39 15
40 39
80 33
112 74
58 89
8 38
8 28
101 58
31 62
80 118
20 15
118 29
43 44
10 1
12 82
57 103
65 71
80 112
16 17
24 124
116 98
70 119
43 127
11 31
12 16
22 48
123 116
75 54
77 82
14 60
25 97
56 74
38 13
90 56
78 105
16 115
124 91
45 58
13 8
123 96
77 107
24 29
126 50
59 42
24 6
74 7
58 67
0 48
93 103
76 31
88 83
99 117
127 64
54 87
65 57
113 125
89 121
87 120
33 114
89 4
17 46
98 17
25 71
93 113
70 5
63 54
108 26
16 17
3 16
112 28
53 4
96 118
3 28
53 44
25 23
125 4
58 91
55 61
14 36
29 116
44 47
14 113
24 21
101 7
124 17
118 9
35 36
118 73
101 38
108 66
66 103
10 6
4 33
106 19
46 86
27 89
108 38
58 36
72 36
83 24
88 114
17 35
121 22
90 107
39 80
70 67
119 7
78 12
50 28
76 48
43 18
25 80
33 82
96 38
90 64
71 55
29 5
28 34
37 39
17 59
6 123
34 116
64 74
98 118
48 55
74 61
91 8
98 1
54 117
83 18
13 12
25 74
54 17
116 82
73 19
117 74
105 22
115 97
2 6
88 19
126 62
44 75
2 117
61 118
67 108
29 66
90 9
119 53
108 55
73 67
62 59
124 72
27 46
42 113
122 127
88 26
107 102
104 34
10 7
3 28
112 76
56 124
43 98
56 88
102 65
6 37
124 42
110 67
94 12
36 85
60 41
53 4
85 81
117 119
119 12
8 62
71 60
118 58
68 36
11 36
29 121
56 2
112 3
92 118
43 59
101 34
93 86
46 112
115 5
89 71
43 117
50 37
68 2
79 31
84 110
42 12
57 117
89 105
122 87
121 46
9 121
87 99
98 94
11 108
68 110
105 6
82 122
51 73
107 116
32 126
120 109
28 120
8 97
7 62
41 48
26 34
23 49
126 125
12 109
4 77
9 54
14 34
39 5
14 45
1 96
10 83
45 101
95 51
81 18
121 107
33 75
62 61
1 125
31 96
63 28
108 62
56 120
15 57
3 102
119 82
116 105
71 49
116 2
82 118
13 92
119 3
120 108
16 119
14 1
117 99
64 126
18 19
82 39
28 34
32 108
118 22
103 21
111 50
54 87
119 88
116 71
50 78
96 125
50 28
53 108
91 9
75 5
109 47
82 74
61 1
63 57
43 118
3 31
4 55
0 43
17 37
41 119
65 58
24 78
44 82
77 68
93 70
86 82
73 126
30 119
123 95
33 68
119 91
115 19
125 111
25 68
77 48
53 31
49 44
120 57
46 116
108 46
42 35
59 30
73 41
112 117
97 85
5 83
43 104
92 113
6 13
102 123
81 113
20 90
64 69
39 5
105 23
7 83
53 118
123 105
11 62
47 122
86 20
62 15
122 84
98 120
117 77
74 90
42 40
64 95
54 105
98 25
82 37
85 64
111 72
73 110
80 100
57 37
50 75
77 8
103 96
7 68
29 127
12 107
40 21
4 63
6 113
100 79
62 38
6 72
44 3
115 45
24 81
82 103
105 67
97 55
34 120
101 47
125 31
76 118
82 66
23 31
54 61
7 14
99 27
37 93
59 121
99 73
111 112
72 7
104 85
48 61
49 12
84 23
79 125
0 93
8 27
118 91
95 93
26 103
12 9
62 49
43 20
112 84
75 29
126 63
83 116
124 95
97 89
29 18
21 109
105 39
61 3
44 121
88 78
77 120
43 109
87 9
113 36
83 48
125 126
120 21
30 121
89 93
76 44
104 23
35 100
39 111
111 7
4 45
19 103
2 30
59 68
40 76
116 64
122 27
30 67
116 123
68 91
11 30
88 45
28 74
12 81
4 57
86 91
22 77
11 116
94 123
45 62
99 100
121 34
105 73
123 19
20 110
117 10
78 44
11 28
102 119
67 114
113 91
4 58
13 19
126 67
28 47
42 124
41 88
12 62
103 15
2 4
123 18
76 126
47 12
32 6
83 72
2 31
124 12
121 87
62 17
56 92
83 75
85 106
67 97
118 122
33 93
3 29
102 25
81 115
99 115
125 49
32 67
119 82
35 19
121 14
3 66
60 2
107 35
34 44
5 7
70 40
85 67
120 25
37 38
115 60
118 53
88 25
106 109
43 37
14 63
46 52
116 52
71 91
84 63
54 8
4 7
56 74
113 4
45 38
24 94
120 16
114 75
63 30
63 23
119 111
3 117
73 51
72 112
47 11
72 55
54 0
64 11
22 56
43 34
121 127
9 107
13 6
125 14
66 29
52 117
15 17
50 10
30 50
119 117
85 54
114 115
108 73
62 3
44 92
117 61
105 35
51 28
114 40
40 109
70 80
57 121
91 76
2 21
95 56
4 117
98 9
89 117
127 20
15 107
3 86
117 112
89 24
120 107
119 84
96 41
34 67
74 50
11 93
35 56
58 123
47 82
39 28
106 119
119 61
10 107
118 79
71 125
63 30
34 31
115 79
10 25
9 78
75 46
96 85
113 112
14 30
100 80
43 99
111 2
102 34
18 64
64 83
105 102
115 44
36 75
55 93
100 83
120 52
112 98
16 57
8 113
116 10
125 49
50 83
41 28
98 32
80 6
30 67
104 126
111 46
16 119
61 65
33 7
96 59
87 118
70 91
125 53
8 11
31 105
42 98
2 11
82 90
91 0
47 29
54 59
83 121
56 89
9 93
113 35
124 11
6 60
32 17
41 80
25 68
16 110
83 111
104 3
84 66
86 90
32 30
115 69
2 88
80 2
8 2
86 52
118 103
26 35
9 71
10 50
49 24
44 29
19 51
73 49
34 70
122 21
20 70
116 75
87 110
90 79
108 40
26 109
102 85
97 7
127 109
97 13
121 103
114 27
14 39
92 49
36 99
48 70
50 7
99 18
35 80
15 27
66 122
83 19
57 71
118 11
91 121
126 22
114 118
15 124
76 53
74 88
5 102
82 111
27 52
108 77
66 102
36 70
120 86
41 68
94 19
117 60
52 114
109 45
50 65
13 0
117 97
40 72
91 102
2 102
66 90
68 53
19 22
68 30
41 33
102 81
119 35
20 106
65 12
66 25
46 56
54 57
120 81
85 46
43 91
85 80
5 37
75 34
66 85
14 40
96 45
13 49
70 50
121 30
4 87
34 94
109 116
24 67
14 55
45 2
88 63
1 113
95 24
60 99
115 110
104 116
85 16
75 100
18 116
107 38
6 76
42 11
15 107
9 79
38 115
48 23
67 115
51 66
30 29
119 91
108 43
122 23
60 80
11 36
3 39
32 2
84 106
65 51
90 87
7 103
98 39
15 59
90 11
124 99
25 107
61 69
109 35
105 44
81 43
106 2
118 42
8 49
103 117
50 41
29 42
29 16
94 52
24 56
126 56
92 91
82 94
34 58
66 55
58 86
52 65
43 63
59 47
70 55
11 79
39 115
82 84
53 12
92 76
72 74
23 57
99 21
14 62
81 0
100 122
36 73
83 85
40 29
126 115
104 46
92 102
92 96
35 88
54 83
51 92
70 39
102 108
120 52
41 46
90 69
64 46
53 84
107 17
54 61
92 114
120 73
48 30
65 47
89 96
93 120
24 15
13 18
121 118
3 113
36 8
96 22
27 52
111 21
13 58
28 118
60 112
68 104
16 111
38 21
51 37
63 17
17 76
25 40
67 26
105 86
24 30
24 47
16 50
4 46
122 15
25 19
78 13
10 37
51 46
1 78
85 17
98 66
110 10
110 90
40 112
100 14
91 8
57 124
39 26
117 3
48 31
34 105
54 119
57 37
103 122
120 80
20 1
76 31
113 66
19 111
78 80
85 15
65 88
1 3
70 66
20 70
28 61
101 37
108 55
8 9
33 120
5 32
102 14
14 104
111 1
16 105
114 6
94 114
125 23
99 50
11 116
25 61
14 68
105 23
108 8
121 76
48 111
121 97
3 92
77 79
124 67
57 72
10 85
98 107
19 120
31 3
68 83
118 23
74 102
14 15
17 8
111 41
21 16
92 33
29 4
90 121
38 24
69 77
69 54
71 119
98 13
51 99
77 105
10 123
68 92
25 126
125 112
24 1
52 33
69 48
81 69
116 56
96 113
103 93
96 73
31 110
53 13
114 85
52 76
111 27
3 41
22 76
51 70
46 34
16 1
20 56
98 31
105 56
64 9
71 42
32 109
100 73
118 47
11 107
37 23
24 73
53 50
106 107
35 119
73 93
48 108
12 13
101 44
45 82
24 121
124 73
32 61
62 48
45 48
52 60
125 31
50 27
124 46
62 121
33 93
74 72
94 44
116 3
10 31
117 56
124 99
3 124
125 21
77 51
79 70
89 74
32 67
75 38
94 49
99 61
70 81
103 75
63 34
87 121
76 77
111 115
19 79
46 121
39 30
51 19
118 93
92 100
120 111
23 113
101 20
43 27
126 5
3 11
79 109
29 10
52 104
85 92
14 112
19 27
36 87
65 28
52 124
69 60
85 60
18 23
114 81
36 95
100 117
10 75
7 94
7 14
34 115
113 14
127 58
57 85
34 62
36 75
15 101
53 56
92 91
99 106
53 58
107 104
78 24
50 12
100 69
9 118
29 100
88 109
81 1
55 47
90 120
58 117
53 118
47 10
112 28
68 88
53 81
38 70
100 105
122 61
40 52
106 100
39 11
103 62
21 32
125 99
3 33
112 106
121 75
119 47
111 28
102 0
37 95
110 28
32 76
54 61
70 45
45 126
40 25
12 110
27 15
120 105
10 113
55 124
113 90
126 79
93 66
31 6
93 86
4 1
85 102
37 113
27 87
66 80
14 115
1 55
78 71
73 15
63 95
9 11
125 26
100 98
113 44
45 116
38 20
66 28
16 27
50 49
118 68
51 97
110 27
74 95
34 107
16 84
0 120
76 126
46 39
93 74
49 4
69 0
96 126
36 102
53 101
70 11
54 77
53 10
68 110
44 27
35 115
14 118
28 105
67 19
4 83
56 54
49 50
86 10
108 42
59 8
13 87
46 49
104 83
111 41
1 7
123 86
109 106
1 9
57 99
53 81
122 34
126 57
113 68
72 117
20 87
43 89
79 60
18 1
126 64
91 69
45 91
91 21
82 96
51 108
52 24
109 75
94 120
109 38
9 73
106 75
124 18
27 96
51 79
40 11
109 65
54 4
52 25
54 127
54 64
113 43
46 25
20 82
6 84
125 87
47 15
38 36
10 34
116 25
10 55
10 119
93 86
3 18
52 126
42 5
34 90
87 44
47 87
13 68
122 82
53 94
35 71
123 98
69 16
120 112
10 113
126 38
36 29
123 91
67 4
67 98
21 20
110 14
70 51
120 1
13 79
104 55
25 71
47 77
6 91
122 44
25 111
55 62
45 53
17 66
57 21
47 87
107 11
21 127
117 33
105 106
18 38
3 60
5 92
41 20
44 84
118 7
90 36
96 75
119 101
92 33
44 99
20 92
9 120
16 64
8 82
119 42
27 52
105 91
18 12
86 115
121 10
61 32
3 69
30 124
15 103
77 24
58 61
59 18
12 6
24 94
106 99
90 65
25 24
126 98
48 19
13 62
60 4
71 28
38 83
4 122
7 75
32 31
86 21
79 47
70 31
73 29
8 29
53 117
37 26
88 101
22 28
9 12
54 1
66 28
44 63
36 124
114 9
114 71
58 4
24 71
61 20
50 102
111 65
32 40
119 12
104 111
105 8
97 59
63 52
56 32
36 96
84 68
60 123
64 2
104 106
2 38
80 5
73 123
57 14
89 105
126 87
10 122
38 18
52 37
68 103
73 74
114 78
2 16
46 119
116 27
102 49
113 29
52 92
92 93
42 33
70 15
112 69
66 90
92 117
97 60
102 119
50 104
122 61
109 82
17 109
75 13
89 1
125 17
8 86
112 57
42 54
59 65
107 81
18 37
115 90
106 2
46 12
32 0
54 126
119 51
43 86
25 63
41 121
59 61
44 116
65 77
64 11
84 112
7 91
68 74
76 83
21 82
34 103
32 36
94 65
38 77
12 29
58 77
55 24
107 97
121 87
79 75
41 52
47 53
88 98
109 94
66 23
95 51
105 85
7 76
101 47
90 112
74 35
100 22
116 3
54 76
117 93
50 127
7 117
77 65
80 125
114 51
58 67
11 85
120 33
79 99
80 119
37 32
120 58
30 106
57 82
120 14
55 98
30 46
6 63
62 126
25 92
121 1
57 61
83 76
21 113
83 105
50 21
53 90
76 13
15 19
89 15
113 93
13 90
50 59
112 83
34 32
86 102
84 81
29 27
88 99
72 36
66 2
108 93
22 88
30 51
83 89
109 70
114 120
28 41
27 24
99 80
12 4
87 125
111 45
37 110
57 49
4 15
78 27
40 100
66 1
69 117
77 51
112 113
4 35
72 115
19 61
116 52
96 11
70 48
97 82
12 122
124 49
54 22
44 9
115 60
123 102
60 85
33 118
64 75
67 95
89 50
3 65
22 127
107 98
45 7
46 113
58 116
102 66
35 19
4 118
5 126
102 32
35 125
11 59
8 5
99 7
76 52
26 107
55 118
93 102
49 16
88 55
70 10
24 2
101 75
6 117
95 124
1 49
82 30
120 45
94 41
72 11
94 85
73 94
95 99
18 70
105 51
77 2
42 14
112 24
35 116
20 60
43 37
21 92
94 100
24 56
60 41
15 103
100 115
2 19
92 106
122 81
74 101
63 53
46 59
10 110
111 94
119 26
41 50
85 42
19 25
21 98
60 51
90 12
31 17
81 53
52 86
106 69
12 70
105 53
125 108
18 97
113 26
83 80
2 15
70 108
3 32
51 25
63 92
106 68
41 47
81 16
23 67
71 62
41 117
85 15
96 54
85 81
84 90
98 96
39 23
53 37
39 19
59 10
29 89
65 83
81 102
29 71
7 53
82 33
72 82
101 24
103 105
94 7
75 74
108 45
80 77
10 124
126 98
5 16
63 79
73 35
22 35
21 12
126 125
63 3
96 124
83 68
26 126
15 13
113 90
127 119
88 112
78 61
117 74
98 73
81 26
6 25
94 105
104 108
30 59
56 5
56 9
28 75
12 99
118 117
69 92
88 71
101 61
17 25
93 8
105 76
119 94
95 96
65 102
92 42
35 91
76 64
65 4
63 110
68 19
50 107
26 22
104 80
58 34
55 81
112 118
10 23
110 0
79 59
16 2
126 66
69 84
88 120
117 14
82 24
4 109
119 94
108 117
107 3
7 60
56 41
76 57
19 44
74 79
55 74
112 97
70 86
19 90
57 6
80 60
82 28
8 88
9 77
49 95
24 72
104 106
94 96
47 48
37 103
19 89
12 60
91 123
36 89
123 36
28 54
116 100
80 16
13 104
109 99
85 49
45 63
103 106
50 41
45 91
74 53
63 66
31 34
124 93
58 88
68 40
12 24
115 4
38 89
74 4
0 110
21 19
26 40
94 83
26 63
118 92
103 110
58 74
23 116
116 16
18 123
68 80
62 77
80 107
22 19
26 91
98 56
126 77
28 7
119 53
36 99
2 92
17 116
101 6
83 102
123 55
108 124
113 4
101 47
121 60
29 33
40 101
99 0
119 75
117 30
50 71
75 52
101 37
115 29
97 119
116 118
7 86
42 41
64 68
64 112
127 38
45 118
85 26
73 113
115 66
21 98
56 15
104 64
39 16
78 35
66 39
94 97
66 38
85 73
73 1
82 103
57 14
36 89
66 79
10 103
76 4
41 6
17 109
13 70
118 34
9 45
46 64
36 19
10 96
93 77
15 95
30 45
124 105
69 98
16 5
57 59
64 53
100 51
46 62
120 87
4 51
33 95
41 85
18 99
62 20
126 94
63 93
92 112
66 113
103 23
92 70
11 28
119 103
39 73
96 121
12 72
103 49
117 40
49 81
75 26
18 48
80 123
73 56
21 95
80 102
106 125
95 105
34 55
69 87
120 103
98 107
102 105
113 79
48 1
60 95
112 38
15 114
103 71
1 25
21 9
6 24
14 18
7 77
64 101
103 59
36 9
80 42
43 74
82 26
44 99
13 95
79 30
77 8
3 59
43 53
111 114
27 109
121 108
65 99
100 98
17 116
114 101
114 20
126 35
64 37
0 106
90 34
82 16
117 84
18 104
11 67
7 122
61 54
81 104
101 126
116 54
108 117
9 46
12 85
10 79
12 28
20 120
36 31
117 38
91 9
78 105
78 107
110 60
58 110
20 99
102 54
24 82
67 91
10 96
102 50
38 58
99 89
71 73
107 113
86 111
110 98
63 4
45 55
5 23
111 6
48 90
90 126
7 34
71 34
60 97
15 23
76 29
98 4
89 102
92 28
122 125
119 23
46 80
25 122
29 64
126 28
34 77
33 123
91 123
14 5
36 55
71 78
58 55
50 69
99 40
20 64
91 23
4 99
5 36
39 64
108 82
125 75
120 103
19 106
52 56
122 73
89 90
64 110
76 118
74 21
19 48
64 61
34 71
88 97
16 53
33 72
42 54
1 83
77 79
41 49
32 77
67 60
37 59
83 95
64 90
6 68
53 70
90 114
120 47
59 31
126 19
64 9
69 43
107 70
106 53
78 80
93 56
31 62
103 61
115 92
119 96
42 91
91 79
108 36
7 102
100 46
127 50
39 84
48 113
106 61
89 67
60 62
79 20
111 10
104 66
124 93
13 75
81 14
107 36
14 28
9 12
57 85
11 61
2 12
51 77
78 104
34 44
50 63
15 46
88 115
81 61
74 82
34 20
43 109
7 24
123 35
69 89
119 125
77 44
59 19
16 36
50 122
105 65
43 82
102 125
87 104
84 49
104 120
102 77
56 9
45 39
99 96
86 41
111 47
80 79
113 71
6 110
65 4
32 97
125 10
25 100
9 15
80 61
66 124
82 60
44 110
77 18
106 7
89 38
118 87
38 61
120 70
106 54
123 96
4 15
6 123
114 122
86 117
64 53
3 44
115 41
29 116
33 29
90 5
103 95
57 28
58 16
112 72
110 92
80 38
77 36
60 49
10 53
62 117
2 122
110 19
96 3
67 107
104 38
39 76
51 102
110 108
38 83
4 84
90 9
102 36
65 84
122 126
45 78
16 107
83 54
116 35
101 87
6 35
69 56
50 25
9 93
67 59
21 49
104 116
14 74
81 13
30 123
76 58
95 79
45 54
88 74
18 95
87 24
84 35
64 86
15 78
98 3
40 47
12 32
87 46
86 70
63 55
37 86
112 10
28 79
14 45
112 113
18 75
86 69
108 82
1 71
11 13
78 12
83 62
86 87
89 37
110 14
51 100
103 52
66 80
112 49
97 45
63 120
102 106
86 50
118 57
114 16
24 99
25 29
121 34
44 51
84 56
121 60
118 3
93 44
28 95
97 118
88 52
90 111
76 96
13 115
22 12
71 45
63 24
70 30
92 88
67 6
84 110
68 15
121 6
2 5
41 18
7 106
117 51
120 86
94 0
93 39
52 83
58 106
109 13
22 113
91 5
83 109
28 77
29 111
51 11
124 73
47 75
16 122
82 42
78 95
24 69
14 114
97 7
62 24
73 99
126 113
26 30
80 104
124 70
61 45
16 82
88 37
63 111
22 99
77 27
12 54
49 101
101 122
58 117
50 71
49 43
102 4
18 88
9 86
78 36
111 49
14 93
13 27
124 119
95 22
28 21
82 79
60 47
26 29
126 63
60 57
3 29
114 15
82 123
87 110
88 94
73 105
78 36
111 99
73 64
111 50
111 105
54 15
44 113
10 81
51 113
4 10
111 13
103 37
94 35
87 64
12 99
38 111
96 117
22 62
45 92
87 77
96 103
49 23
47 2
72 23
4 78
104 22
7 86
84 22
88 107
33 55
77 61
58 62
99 9
106 99
74 122
114 95
44 113
109 8
67 44
76 6
52 34
27 41
80 65
120 55
63 0
116 40
9 27
18 85
82 89
72 39
115 81
21 89
11 107
23 74
105 32
124 64
38 62
93 65
11 119
66 101
59 36
23 77
9 66
33 49
127 108
88 112
70 76
76 114
39 104
63 64
124 100
82 106
80 89
97 44
14 79
4 121
100 42
4 53
51 82
89 105
77 126
61 39
44 61
91 90
16 69
79 34
4 9
120 75
94 13
16 35
15 14
84 87
12 60
110 123
97 18
72 121
20 116
35 126
106 51
10 42
2 50
20 105
95 54
80 95
50 83
2 7
8 19
62 90
5 11
124 48
14 74
38 22
105 126
20 76
120 74
119 26
40 58
62 104
96 26
83 20
125 63
20 52
22 32
50 101
57 24
29 40
116 41
17 81
119 34
44 105
87 27
83 117
101 115
118 14
95 18
86 116
4 8
5 27
12 25
101 68
44 73
64 115
44 29
113 97
4 86
18 24
70 105
26 71
63 105
49 75
40 20
21 93
66 1
108 105
17 65
96 101
8 25
37 110
76 19
100 43
1 51
6 26
98 104
59 41
99 104
20 118
95 84
24 88
127 0
61 92
49 43
19 66
12 0
56 45
98 31
117 108
19 28
48 84
72 62
4 40
0 22
78 34
115 75
5 116
115 76
102 49
2 59
122 3
112 102
65 109
1 43
82 120
