36 91
16 32
96 60
34 44
75 121
28 22
69 78
24 26
102 36
50 26
105 52
2 117
8 29
26 27
57 0
107 58
120 104
39 32
24 1
111 14
27 85
111 29
19 83
16 0
60 84
35 84
75 106
68 67
3 48
74 112
70 60
80 65
2 118
103 101
12 97
91 41
63 4
94 120
68 51
117 9
112 64
43 82
11 6
49 7
19 31
90 15
101 0
117 58
109 96
75 66
23 28
35 123
65 43
91 48
38 84
87 49
108 98
12 112
72 23
125 31
126 110
120 72
47 19
9 112
16 93
5 12
90 3
16 41
14 8
16 69
42 87
104 105
113 60
80 6
45 24
98 120
50 45
30 61
64 30
105 98
38 28
12 45
52 95
100 62
18 94
64 12
125 6
89 5
33 74
21 118
67 109
59 15
112 66
18 19
29 25
1 96
122 67
114 72
115 47
3 45
104 35
125 98
23 32
82 21
84 106
0 15
59 45
89 25
6 51
108 44
124 107
103 53
46 35
126 102
48 57
32 64
53 28
59 94
118 21
119 111
117 52
77 16
79 122
22 69
58 1
119 120
123 45
58 71
50 60
46 123
16 121
121 106
76 84
3 77
86 104
113 76
71 109
121 60
117 20
24 44
16 89
15 114
100 80
33 119
41 28
66 40
50 121
39 77
68 46
111 27
38 99
74 83
105 62
19 31
35 122
19 80
98 4
23 15
7 15
90 92
125 25
16 91
126 37
98 29
11 61
41 44
58 43
42 48
69 66
55 46
66 109
81 43
85 46
43 94
39 126
26 17
43 52
88 106
23 111
37 61
52 85
38 1
8 47
69 5
125 3
39 58
19 20
38 34
10 123
125 56
122 15
32 14
82 98
19 32
2 4
112 17
104 76
109 65
6 60
15 119
62 102
112 6
51 8
97 7
87 25
36 127
75 22
22 86
83 77
80 124
104 23
52 107
68 16
76 66
77 63
7 47
5 76
28 116
50 32
100 42
97 78
46 40
122 36
54 60
91 18
33 126
99 86
63 87
38 92
32 8
79 61
56 124
23 36
76 116
61 60
16 1
51 106
73 58
26 110
99 37
71 102
72 19
32 13
64 95
117 103
88 121
86 2
39 120
90 10
33 19
16 73
89 100
31 112
28 94
43 18
14 47
41 85
69 125
83 101
97 127
93 122
115 99
17 102
17 23
59 1
3 92
102 75
24 31
17 92
114 67
92 117
97 80
106 40
16 29
59 7
123 47
63 50
52 98
18 102
23 101
85 86
107 68
64 2
70 113
106 53
4 90
44 72
48 5
84 112
90 29
96 16
43 37
8 14
62 76
28 44
25 48
124 103
12 38
25 115
70 2
64 52
101 66
84 18
54 106
86 100
65 96
47 82
86 28
33 125
88 73
122 114
65 44
63 83
82 120
112 113
102 122
35 48
105 117
119 75
9 59
59 30
7 120
61 117
82 41
80 120
69 3
76 103
72 41
91 79
72 52
120 116
123 86
52 85
20 82
80 87
70 75
114 44
40 125
48 50
17 115
88 19
99 58
119 122
46 28
66 39
46 20
104 99
117 108
26 74
79 50
36 80
64 124
23 17
125 98
4 23
71 83
72 85
119 17
56 62
12 103
41 54
2 49
39 45
122 124
106 31
76 58
61 82
63 106
73 63
57 62
84 69
17 83
43 87
10 127
115 116
98 65
29 103
117 98
76 10
19 78
66 64
23 45
75 71
48 72
81 56
31 89
59 119
6 61
121 63
124 108
5 87
82 47
33 83
99 8
39 62
117 91
46 66
8 5
122 96
72 8
41 2
16 116
56 95
64 13
115 113
49 29
53 125
51 99
67 123
50 91
56 111
71 75
98 85
19 82
13 82
3 8
126 64
105 20
120 18
57 91
116 86
119 73
65 39
123 116
42 39
108 23
98 2
125 112
17 78
87 64
99 49
55 87
67 52
47 108
44 106
58 28
120 105
11 76
41 39
24 36
81 10
23 52
99 69
125 59
125 35
33 34
67 44
85 52
25 101
9 48
33 37
36 12
35 9
106 119
99 83
50 124
90 99
24 85
15 90
35 33
19 99
110 53
116 50
108 59
104 52
111 67
74 46
62 28
34 100
30 21
87 10
29 112
62 118
22 2
1 115
112 47
40 116
45 125
79 78
54 48
74 92
110 85
81 61
66 120
14 57
84 67
79 106
50 96
88 86
109 14
115 37
68 91
40 17
17 66
16 80
24 45
103 21
35 120
64 11
42 6
91 111
92 12
121 118
107 40
28 102
57 62
43 5
75 116
34 73
115 9
23 90
75 104
34 79
34 121
32 17
52 60
4 98
18 69
63 68
75 71
1 53
88 123
11 14
121 103
59 97
104 99
7 115
119 108
11 56
42 113
56 59
124 32
107 102
16 108
95 55
20 60
8 96
109 95
18 110
24 92
55 38
70 21
46 51
96 114
4 55
105 60
8 20
25 31
111 69
27 51
37 12
42 20
126 64
114 4
101 105
102 38
42 58
46 77
91 122
38 39
7 26
106 19
45 24
31 59
89 73
64 14
44 94
48 66
3 56
76 24
119 46
105 3
109 3
51 101
64 22
87 74
58 101
26 119
64 104
37 120
105 20
26 106
14 84
7 107
111 89
110 20
9 127
56 21
88 117
56 120
111 117
44 89
115 69
105 1
125 117
112 45
116 102
12 101
45 39
69 75
116 25
126 60
32 29
76 9
21 72
3 22
10 66
57 111
113 31
69 80
39 103
123 120
32 103
60 66
102 60
97 14
24 62
74 98
93 44
119 96
101 104
66 4
76 24
84 24
25 22
95 107
53 68
93 77
92 110
59 81
126 23
91 90
98 27
54 95
80 90
119 89
80 32
122 45
116 115
64 57
17 100
63 69
85 111
97 70
108 52
88 111
35 69
83 59
13 69
65 63
121 96
48 2
18 17
112 51
26 37
39 38
10 52
2 33
63 111
126 14
91 4
104 14
35 120
6 56
44 32
45 22
76 53
86 92
126 35
62 18
26 108
28 72
25 12
10 71
110 74
119 3
89 80
41 7
41 16
127 71
0 89
7 23
41 8
64 0
58 125
24 66
89 111
78 44
10 44
68 122
54 118
39 25
81 28
11 116
118 103
112 43
42 113
29 19
81 99
56 0
62 122
79 54
35 9
106 40
124 120
21 87
57 46
62 38
86 38
43 77
40 83
56 86
16 5
26 113
50 125
125 103
107 117
24 71
44 60
17 43
15 107
3 102
40 20
86 98
43 118
83 99
7 94
68 75
75 39
58 78
11 86
118 103
50 73
80 122
15 77
110 63
105 125
21 84
75 54
112 99
103 4
56 82
30 27
46 9
78 1
87 84
15 28
37 65
65 71
54 91
39 102
40 78
59 93
7 56
110 14
125 50
20 43
67 25
109 84
5 50
44 100
36 94
60 49
50 32
124 85
65 74
16 125
73 3
97 22
9 89
32 68
70 41
5 49
33 52
29 36
31 73
6 80
82 34
32 95
49 71
20 25
60 84
10 65
126 43
46 49
58 115
99 55
3 75
83 49
125 96
32 24
44 83
75 62
77 115
9 48
87 111
51 50
74 79
68 72
118 119
119 14
64 107
120 87
62 92
32 106
34 112
57 21
3 40
70 72
13 39
83 64
92 85
87 14
41 1
123 111
125 49
75 44
125 55
58 22
2 42
98 114
124 14
106 7
111 44
70 26
59 86
5 63
84 14
36 38
64 31
35 51
122 66
107 49
72 7
63 114
48 89
43 119
55 62
15 62
86 127
108 119
48 0
12 124
85 55
94 42
23 110
11 90
114 100
82 33
70 40
33 39
31 27
126 87
112 87
97 115
4 88
63 98
55 65
92 65
7 66
118 15
15 12
107 71
123 76
34 62
106 91
68 47
83 90
103 111
35 34
5 38
53 52
68 39
59 109
48 107
42 102
87 17
71 122
35 116
88 79
88 30
93 44
30 16
79 88
91 48
38 86
12 93
19 116
73 36
44 15
74 119
104 124
34 126
50 29
31 53
106 126
79 105
16 80
115 101
62 59
97 74
50 42
57 6
59 125
3 103
66 97
76 61
28 53
112 70
35 111
115 40
15 123
15 69
84 48
38 52
52 28
55 19
5 41
103 112
87 97
64 120
103 76
65 10
75 44
124 29
77 96
0 45
113 63
111 78
127 67
116 51
123 54
25 29
105 87
18 38
126 112
32 11
95 13
86 21
73 72
105 46
121 38
71 16
97 124
120 104
84 37
7 110
127 84
19 61
103 17
18 46
35 22
61 106
56 102
29 116
109 112
23 92
116 50
107 48
63 124
10 55
12 91
125 19
62 93
76 118
6 31
52 18
17 99
39 17
37 48
58 74
50 44
94 53
106 38
13 58
41 2
1 115
62 99
75 119
19 76
67 66
55 70
12 59
86 110
36 40
99 62
68 66
16 62
26 62
117 84
38 1
37 27
120 102
2 122
94 49
44 126
63 34
52 58
96 46
31 28
17 126
41 97
13 47
91 23
113 61
73 18
8 114
32 90
69 34
105 97
10 30
70 47
71 103
94 98
97 115
65 72
35 25
87 53
118 115
37 58
102 126
34 28
79 49
118 107
79 125
26 122
100 23
29 15
100 99
33 85
46 75
67 87
28 18
8 20
63 112
123 118
97 108
15 50
126 45
126 54
106 30
116 72
116 10
64 115
30 107
57 63
31 1
49 50
19 22
20 53
60 4
27 38
28 89
105 116
48 49
24 82
5 91
57 30
99 98
77 110
102 36
121 48
35 42
11 92
76 14
37 35
119 19
37 98
91 68
27 95
17 55
88 43
73 50
8 28
72 115
116 7
114 111
100 65
89 49
37 45
26 40
38 30
103 102
45 26
68 2
91 22
63 79
19 101
0 5
52 24
35 91
27 18
107 100
72 110
58 5
127 107
90 7
70 85
40 55
85 37
25 76
83 71
29 96
110 125
61 12
5 113
20 9
14 38
45 70
1 116
61 59
81 69
46 57
9 19
107 72
87 74
114 11
12 28
25 121
75 110
119 10
15 48
81 96
98 21
33 11
118 51
38 100
59 39
33 119
18 58
111 20
31 33
42 75
37 86
54 78
39 61
121 91
25 106
84 52
112 56
51 118
121 109
64 49
106 34
83 60
53 127
49 16
72 124
98 20
38 58
56 54
24 13
69 31
4 97
63 84
90 55
54 40
29 96
29 23
69 112
41 120
78 41
40 118
11 77
103 95
110 66
115 97
74 104
94 37
45 25
113 79
46 50
65 37
108 8
26 112
79 114
94 14
104 94
36 39
65 59
118 64
24 0
90 12
59 62
112 35
56 110
91 69
28 83
112 17
19 82
90 21
94 14
106 53
48 43
22 20
22 41
23 37
39 92
38 48
97 76
106 7
61 19
31 94
102 91
76 60
21 110
62 51
61 3
109 73
30 42
10 99
56 104
88 91
1 53
112 69
18 122
8 63
1 96
73 57
102 121
9 120
88 96
34 75
45 16
117 80
85 56
76 45
24 42
90 124
44 116
46 80
40 1
101 30
36 88
9 61
1 35
96 63
99 15
94 59
49 95
14 64
71 29
126 10
34 93
13 68
18 62
44 124
79 124
25 71
105 18
74 94
13 48
88 35
112 83
51 88
53 102
109 46
123 65
40 96
125 74
110 79
80 82
23 27
53 88
41 21
60 74
75 120
41 74
2 42
109 47
108 28
117 120
63 83
99 19
110 17
97 85
127 12
55 118
114 28
31 52
67 11
62 95
30 113
99 63
1 30
69 35
60 49
32 26
19 82
71 85
96 20
60 111
10 62
127 27
8 97
111 122
21 15
64 54
87 100
113 22
0 52
125 39
75 126
80 8
38 124
75 69
28 41
94 13
25 120
58 114
40 42
21 89
68 64
126 11
114 62
78 85
120 7
118 44
25 31
92 9
126 108
34 53
29 20
11 5
105 82
46 18
70 93
7 88
19 126
91 65
27 35
115 9
63 84
6 17
28 26
19 31
32 89
21 77
1 91
14 27
109 62
53 57
30 97
53 112
108 18
10 111
64 92
22 71
99 11
24 22
116 50
49 103
39 32
72 46
10 85
25 14
4 23
103 65
96 104
104 96
71 105
23 37
118 119
13 36
73 96
75 126
51 107
99 54
12 2
122 74
48 66
20 55
101 59
45 54
27 63
19 103
40 77
45 79
91 38
38 86
119 74
108 1
67 121
57 54
61 74
67 81
7 59
126 26
69 40
105 119
18 58
115 40
68 101
75 56
58 121
85 27
70 87
26 57
1 110
115 79
112 65
90 99
19 44
117 89
79 48
81 47
93 91
64 40
56 38
20 96
8 29
87 12
94 19
18 66
12 110
76 54
51 91
93 26
112 14
89 92
122 13
48 57
92 13
54 112
76 4
53 65
33 78
21 90
120 89
38 55
20 121
101 69
13 64
75 5
45 4
88 73
86 36
33 116
99 35
17 81
2 23
30 44
94 8
116 94
47 90
101 88
14 56
41 72
51 75
73 44
63 77
73 2
39 69
94 74
75 44
46 4
50 111
8 60
107 71
115 56
50 119
80 77
20 4
48 107
92 2
110 95
79 37
120 102
62 60
22 23
101 97
18 80
97 49
51 21
3 113
69 62
83 52
122 53
50 16
8 114
76 15
76 18
21 94
52 37
66 9
97 45
100 40
5 123
64 20
5 68
73 6
85 101
72 64
84 93
51 79
65 91
38 56
100 42
42 47
39 46
108 106
93 82
68 114
23 73
70 10
103 8
83 6
20 49
28 6
5 106
36 61
86 44
113 108
80 121
16 4
29 124
109 121
93 14
83 30
82 88
4 120
58 106
91 93
36 35
88 97
81 122
9 4
62 31
15 82
24 5
61 59
94 98
83 31
119 38
94 98
72 95
27 96
45 21
24 92
103 81
57 112
90 26
10 60
10 36
98 74
35 115
34 55
20 119
122 40
1 126
116 12
113 126
54 94
89 84
121 89
10 5
16 92
97 67
62 116
104 51
50 92
49 39
103 86
12 49
117 100
52 66
117 82
74 24
78 84
108 99
1 53
124 105
98 118
116 90
30 47
104 71
84 124
58 75
80 113
107 80
64 67
42 98
24 0
119 71
6 1
54 123
30 72
41 92
59 21
22 23
78 36
115 50
59 39
119 13
103 123
50 36
26 16
49 28
112 113
69 44
24 60
16 61
107 122
8 3
17 49
43 30
32 119
63 79
109 36
122 84
95 116
116 118
68 76
13 110
75 119
16 57
16 57
100 120
107 79
96 40
33 37
12 117
103 14
56 124
86 85
19 74
60 51
34 39
57 14
73 101
5 68
121 47
10 76
18 10
53 14
78 106
42 57
78 4
48 116
39 76
30 10
60 23
76 2
100 93
70 28
20 75
88 107
25 24
25 4
85 111
35 34
60 30
78 45
43 63
78 102
76 53
113 120
107 36
36 41
18 98
51 12
60 37
109 6
94 104
56 1
61 20
103 107
48 17
105 18
42 123
56 46
115 113
127 36
92 15
33 100
120 5
102 87
41 6
100 93
21 23
90 103
53 81
18 89
66 105
40 86
114 29
102 1
45 70
30 37
36 4
69 71
51 52
118 80
73 101
46 124
75 127
76 51
36 17
104 15
54 44
83 63
76 50
117 49
78 34
62 4
6 67
91 12
120 39
38 109
56 6
59 73
30 98
11 18
24 67
13 38
80 45
51 99
24 61
112 90
108 43
32 121
93 65
34 77
15 12
103 93
19 99
20 68
1 99
112 16
82 41
55 87
16 1
31 62
20 97
111 81
118 35
72 41
102 108
4 123
35 76
123 99
53 75
21 74
47 25
92 35
85 21
77 19
87 70
111 93
123 24
3 85
119 70
12 118
95 25
26 53
72 60
82 68
33 72
30 55
58 7
25 54
120 41
99 34
23 47
56 68
91 47
2 122
49 40
1 73
112 47
23 4
47 90
125 93
17 20
53 91
21 86
50 49
63 56
13 96
37 9
75 23
52 97
85 75
104 2
103 48
118 10
15 50
98 78
43 63
81 121
122 12
71 94
91 1
71 33
93 74
65 117
67 116
79 125
20 115
4 110
74 73
18 95
103 112
40 112
12 115
102 117
93 100
80 76
62 56
86 114
54 97
118 111
7 94
82 67
102 108
70 87
120 101
16 49
9 42
113 81
103 15
33 46
30 101
120 31
47 64
89 97
107 46
83 77
79 81
3 0
108 57
57 45
49 94
10 32
37 113
21 37
120 90
97 34
14 119
11 26
47 3
86 39
68 45
124 58
67 36
78 120
12 93
35 38
68 94
24 100
30 68
122 92
20 110
81 40
121 59
22 41
21 67
102 62
41 70
66 37
56 40
93 24
73 34
84 121
124 85
40 77
53 47
1 31
109 8
66 125
41 34
82 1
96 15
17 12
8 92
94 70
51 82
16 101
13 21
62 49
44 46
47 101
86 20
9 108
48 54
94 28
39 112
16 89
5 14
106 98
43 69
26 68
58 15
35 78
82 2
67 16
56 57
28 95
19 122
104 35
6 100
107 6
68 39
7 20
75 107
73 37
126 39
81 22
26 40
122 17
55 68
100 106
100 116
11 40
52 85
105 34
74 2
4 2
120 85
81 27
18 66
121 47
103 80
112 22
29 57
4 7
79 93
33 124
88 31
122 15
17 117
87 102
6 59
99 79
64 18
38 85
57 107
39 70
25 35
9 10
20 110
37 25
117 5
78 84
36 18
78 102
104 3
52 80
93 119
29 113
49 96
2 65
108 99
103 26
102 21
20 18
69 48
102 55
118 91
29 66
72 8
91 40
64 10
119 104
119 109
92 39
107 55
75 103
125 122
57 118
36 84
24 94
53 126
97 64
113 37
27 52
49 55
111 3
14 106
17 57
6 114
2 15
127 62
13 79
126 22
49 9
63 76
90 69
6 7
58 1
50 5
64 100
57 80
105 11
72 82
66 3
104 97
77 21
56 115
17 121
43 104
124 38
28 12
16 76
67 102
34 32
37 54
7 125
108 90
115 30
78 82
58 32
71 117
76 117
103 95
21 111
116 110
35 36
73 72
116 95
68 42
20 41
20 9
116 77
12 68
90 92
3 43
21 44
85 52
37 114
116 104
22 19
72 115
4 83
71 8
1 81
94 12
2 83
108 32
45 47
31 80
59 34
91 11
54 89
27 57
8 109
70 52
12 86
49 93
25 118
93 23
66 85
3 118
33 113
49 31
43 40
30 61
6 48
88 61
105 123
106 11
87 49
123 114
121 104
29 71
85 61
107 37
73 120
14 59
21 101
79 63
16 126
111 34
115 14
82 16
22 68
106 95
93 48
82 76
30 75
30 19
18 108
29 79
123 5
6 104
16 123
13 37
93 34
91 32
35 48
29 98
50 24
123 72
120 34
124 106
48 90
52 42
107 65
24 75
22 98
32 114
10 94
89 100
58 5
93 89
38 63
21 27
100 121
85 48
83 101
54 84
124 37
124 46
122 56
2 28
36 29
91 54
18 99
81 26
11 114
37 26
14 94
58 2
68 60
101 121
100 12
30 40
29 70
68 48
41 0
109 65
17 80
73 19
69 12
5 31
30 117
74 57
121 44
68 16
48 63
35 83
107 59
74 45
7 5
45 80
11 2
45 79
52 41
17 64
62 24
89 36
24 21
47 90
15 4
18 79
115 81
39 118
68 127
79 98
12 27
86 41
48 6
13 70
97 93
29 118
124 80
125 33
82 124
89 92
34 14
23 68
124 111
44 40
103 58
65 118
115 23
64 93
81 71
71 59
40 105
117 26
74 93
106 26
108 73
111 124
28 120
62 111
94 37
2 107
6 77
55 127
31 125
96 120
83 57
5 125
7 82
38 40
109 28
69 42
35 117
92 78
112 44
126 18
28 56
59 84
95 77
107 42
122 59
111 48
16 88
7 63
117 89
44 67
52 125
41 106
103 100
80 7
62 1
120 67
91 36
83 82
41 30
14 53
76 81
82 92
60 110
121 79
31 113
104 97
96 21
29 13
42 64
34 40
49 47
120 71
24 27
40 82
32 88
43 120
73 113
60 33
59 87
100 125
21 89
31 65
6 120
58 125
40 92
66 8
77 97
77 50
62 117
29 51
103 59
81 105
110 9
72 56
90 78
112 56
78 119
112 41
74 59
78 76
71 121
85 96
60 107
23 47
84 56
120 124
22 48
55 82
90 5
104 68
120 117
116 115
4 109
18 122
56 110
88 111
65 127
26 116
64 93
101 22
33 41
125 16
53 31
85 26
40 68
48 6
86 5
5 85
6 97
52 95
34 27
38 92
81 66
3 107
36 30
12 107
28 39
107 72
53 37
117 61
100 50
52 50
97 57
103 97
53 7
98 12
3 107
107 116
58 96
19 0
73 53
91 25
19 120
113 72
112 62
38 95
85 117
54 69
46 8
121 107
23 112
116 127
12 125
119 86
81 13
39 60
90 82
2 22
57 6
60 56
27 23
63 119
89 123
113 50
55 12
103 88
78 27
19 114
25 115
48 43
126 54
21 17
49 9
0 27
32 33
99 14
23 111
22 103
70 67
112 24
89 93
31 1
62 127
108 33
40 8
125 112
77 34
31 107
25 12
94 31
51 56
72 81
60 22
36 58
110 24
47 48
123 96
60 67
98 57
120 27
38 23
124 60
9 32
80 125
94 41
58 4
112 28
6 87
29 48
37 72
87 71
94 29
122 61
47 42
7 117
69 94
121 78
109 53
99 87
60 11
49 121
0 103
75 126
119 107
72 8
99 91
14 76
88 78
118 83
105 92
49 35
79 55
37 47
48 61
13 62
56 69
34 83
67 43
110 84
9 122
92 119
13 59
69 100
52 6
73 86
87 4
53 87
65 11
108 24
107 23
111 107
84 54
60 90
77 48
21 93
7 65
0 57
77 78
87 98
6 40
106 36
93 78
38 125
86 112
67 65
39 33
0 14
22 95
22 86
49 3
77 28
88 83
73 21
32 126
47 100
29 34
31 20
120 52
30 57
116 24
79 96
109 27
77 36
36 66
127 59
98 50
117 106
14 15
109 84
34 96
78 39
37 98
109 58
99 82
26 126
54 121
35 8
59 112
98 9
35 91
1 103
20 41
87 74
92 55
63 102
30 41
115 72
29 65
19 78
94 11
99 1
114 65
66 25
95 94
116 79
66 80
61 23
43 73
78 59
115 80
51 24
2 86
121 27
76 40
107 117
83 25
9 104
21 59
111 7
74 39
57 69
22 24
110 113
14 117
101 17
92 56
17 29
14 85
112 63
123 58
21 52
51 98
31 102
76 96
114 67
21 116
124 63
10 82
26 120
96 116
3 22
89 11
22 83
5 29
104 7
12 106
106 9
32 16
55 51
39 98
60 43
108 105
63 26
37 44
43 7
114 79
97 16
72 75
42 86
89 123
82 109
88 41
104 59
51 52
48 93
90 45
124 36
51 7
7 68
118 111
69 44
85 91
65 112
60 38
40 61
5 64
65 29
38 13
20 56
124 19
66 117
108 32
126 76
127 56
102 125
40 118
93 34
76 34
75 103
116 78
54 50
91 69
2 121
86 7
23 13
2 23
109 71
73 113
28 2
121 4
79 42
4 83
86 6
5 10
82 115
23 79
56 25
113 53
17 88
7 127
57 68
126 28
50 80
116 17
29 105
99 2
113 23
126 55
66 14
99 92
78 4
27 48
104 100
126 117
107 100
91 10
87 102
47 6
120 9
105 114
39 111
46 97
111 84
9 56
94 2
42 37
118 114
105 5
120 109
88 37
89 2
3 103
85 24
10 117
107 36
29 103
87 80
23 124
76 125
82 74
123 36
25 21
115 110
101 39
78 48
2 100
79 49
31 24
20 83
30 118
99 96
55 16
55 124
79 74
12 10
40 108
41 47
112 89
99 58
96 22
120 35
89 46
109 89
54 19
118 9
9 0
122 120
5 69
125 52
67 119
50 15
43 90
104 109
94 7
96 124
105 92
46 12
65 114
107 124
2 117
77 36
31 12
30 83
61 123
104 51
73 33
24 83
40 105
82 17
71 120
69 102
39 72
79 111
16 103
25 32
101 100
53 22
37 11
7 33
74 104
27 53
89 124
55 53
24 25
20 121
39 82
42 51
29 68
117 28
46 78
55 53
52 90
22 86
14 122
116 108
34 36
47 2
99 35
96 51
76 3
42 85
121 105
15 92
44 102
49 95
95 93
13 115
47 80
34 26
102 45
66 1
112 108
18 71
85 83
76 3
11 100
64 60
21 61
71 112
13 50
16 13
68 121
37 91
51 11
35 20
48 88
46 119
43 104
97 56
31 46
36 103
75 72
56 108
49 28
102 79
125 42
97 48
108 59
85 14
51 29
80 98
18 7
15 107
107 28
25 84
83 100
99 4
117 27
42 37
6 5
26 73
33 90
101 67
53 50
127 111
8 126
97 56
1 83
99 2
117 70
94 103
27 111
72 29
119 39
89 42
87 25
78 96
116 3
85 86
95 46
44 104
65 91
28 110
8 46
77 109
40 85
119 63
46 121
39 53
24 70
100 112
93 72
38 120
83 124
72 120
80 46
112 68
98 117
11 123
37 0
101 0
14 61
85 46
109 120
85 0
36 109
107 4
54 82
11 122
1 87
43 74
83 96
75 64
47 26
41 24
67 42
76 53
51 94
2 103
86 125
84 55
93 54
123 18
95 111
15 72
9 26
81 106
67 13
88 48
60 30
108 17
26 124
9 26
28 86
14 105
70 109
34 68
37 46
64 27
25 115
55 19
24 59
60 100
38 104
119 103
83 97
95 57
43 14
45 126
16 66
59 109
45 44
16 6
97 112
78 54
97 1
74 92
122 90
24 113
126 53
8 98
12 87
43 58
114 22
108 95
52 33
77 13
71 24
85 31
95 106
64 71
101 38
55 94
9 79
51 123
24 5
98 48
67 6
96 27
55 47
83 68
73 4
112 29
104 76
63 94
108 45
86 9
75 13
5 72
112 84
64 52
73 88
13 67
107 113
5 73
73 122
121 59
24 66
103 98
67 43
85 63
107 84
97 47
108 13
62 59
71 89
106 15
87 94
4 57
112 69
106 122
2 20
5 53
119 68
1 37
108 41
65 10
17 44
116 57
30 35
69 116
9 3
117 44
108 74
16 26
55 12
85 39
3 60
125 109
69 3
73 40
95 105
12 61
28 41
60 51
48 96
45 4
82 18
3 80
82 39
39 44
48 3
46 29
47 115
50 67
43 83
5 47
95 30
110 112
126 101
85 99
13 81
70 83
60 35
70 90
33 31
36 81
3 51
25 110
3 36
48 123
72 93
111 17
106 50
60 53
64 71
15 110
19 70
101 33
90 119
67 124
79 58
88 48
93 71
8 57
83 72
26 41
4 113
56 54
68 4
4 122
56 31
97 17
59 5
60 53
96 108
80 92
30 83
80 77
23 81
127 5
6 46
74 107
18 109
11 12
9 32
26 116
