5 47
95 107
33 38
63 54
109 74
2 110
24 33
92 127
95 14
64 74
34 114
95 34
101 42
20 4
38 90
85 87
40 96
39 112
55 91
6 20
50 81
99 23
42 24
36 18
31 77
119 2
105 26
31 46
49 33
115 70
58 5
54 61
125 6
30 61
21 52
69 53
103 108
22 6
70 74
12 64
82 101
87 40
51 78
57 125
22 121
3 33
109 72
21 4
117 65
52 73
50 30
15 8
118 114
87 16
7 64
68 123
14 99
94 84
80 43
119 3
15 62
80 39
78 82
63 123
118 93
22 109
20 110
114 15
28 103
85 46
39 21
44 77
73 111
102 51
85 30
57 108
22 68
91 46
97 42
124 27
41 9
107 115
72 73
31 79
14 63
60 92
14 66
87 80
22 46
103 41
17 16
119 12
40 108
123 47
37 90
16 58
55 78
45 0
14 89
73 23
57 78
15 121
111 124
109 56
89 63
57 94
114 55
27 16
4 17
127 89
81 47
82 52
89 88
5 103
66 71
85 19
125 72
80 109
61 30
94 123
35 53
80 5
1 60
82 23
56 110
76 109
79 5
59 108
70 13
123 90
4 115
113 37
28 88
115 35
9 74
4 103
24 36
6 110
13 99
72 41
110 65
58 90
89 100
9 58
65 79
52 60
106 97
35 62
44 45
118 11
5 38
70 7
124 39
32 15
99 78
82 65
101 30
50 73
24 104
106 119
113 11
17 4
12 92
76 121
99 2
15 6
21 40
31 57
114 5
70 113
91 33
115 18
67 26
51 79
117 78
111 42
115 37
65 75
72 27
34 93
19 62
99 79
90 64
44 5
84 53
41 52
105 108
75 68
80 57
17 92
22 94
73 43
69 9
103 23
1 108
112 118
90 1
44 124
71 97
34 11
41 82
107 6
38 54
44 46
77 21
69 35
36 39
31 32
107 40
33 109
28 22
117 101
71 75
23 36
44 72
85 31
25 95
93 110
18 67
48 6
57 114
113 82
0 108
10 76
86 43
12 13
18 49
108 29
37 42
70 79
79 123
112 16
63 110
119 63
60 7
48 60
100 54
101 31
16 33
38 51
60 6
61 125
64 84
94 5
93 83
65 30
86 23
100 26
44 50
29 112
40 71
50 121
94 66
9 124
27 112
118 81
89 59
85 120
124 109
41 99
51 96
121 102
54 116
25 37
108 67
11 21
74 71
1 16
11 92
0 83
32 25
123 52
22 11
61 121
34 114
7 84
37 12
61 10
110 76
61 90
2 51
1 8
77 66
103 92
33 111
72 121
0 42
62 1
27 89
63 103
42 74
125 36
85 37
103 58
21 73
32 37
50 61
77 113
119 76
81 86
90 118
104 116
98 87
75 65
49 53
82 81
66 112
27 111
5 96
17 5
116 104
109 44
39 46
114 31
69 80
29 82
101 122
83 99
96 87
21 35
41 37
82 123
124 87
119 95
46 93
78 102
40 124
93 15
123 59
100 15
31 7
86 92
34 9
31 89
81 92
105 107
4 55
92 78
70 68
67 74
27 3
87 71
70 88
87 50
2 11
76 110
92 2
94 38
29 55
48 93
0 106
50 125
78 7
78 47
63 112
59 99
9 107
97 77
11 72
79 82
59 1
116 119
103 6
61 58
37 49
22 118
117 71
69 48
123 126
102 58
42 58
96 46
106 13
117 16
24 80
58 103
28 88
98 6
71 97
31 23
10 23
36 82
93 23
84 30
20 81
78 71
48 32
101 102
125 68
123 47
49 104
42 17
67 94
37 35
119 54
63 117
126 110
122 26
107 111
12 107
55 53
3 83
58 103
9 2
4 83
125 30
69 63
44 14
15 38
109 102
37 21
41 123
6 40
125 2
95 103
32 27
100 49
2 56
111 87
86 8
120 88
20 112
84 1
26 45
46 24
38 123
41 48
97 66
52 102
99 111
59 57
96 48
18 113
70 90
39 89
17 96
57 102
100 83
2 92
12 28
126 113
39 18
94 95
10 20
123 65
45 74
64 48
83 112
18 125
116 60
77 10
27 15
85 125
71 100
40 77
119 118
97 13
125 18
121 113
87 69
83 13
87 49
55 104
60 51
57 51
58 12
22 55
41 82
119 72
101 72
35 127
53 114
62 54
93 16
120 38
56 66
54 112
41 93
89 36
13 9
54 104
71 112
31 1
16 42
125 35
70 63
1 35
115 53
0 37
44 40
53 100
9 58
44 23
85 13
122 7
114 51
103 69
100 34
117 108
24 87
3 71
112 72
55 50
24 66
42 48
42 21
122 2
90 126
86 44
10 119
45 112
21 34
19 110
1 76
75 12
121 59
2 46
67 2
72 61
65 46
100 91
97 46
60 121
10 67
120 20
72 69
79 54
28 63
105 109
13 89
65 110
107 43
7 108
95 25
18 70
74 41
72 22
71 43
107 13
41 27
66 42
102 51
71 87
61 3
43 56
82 81
13 64
2 21
18 98
120 78
66 12
25 67
124 117
56 61
122 97
99 40
40 118
28 27
94 49
114 119
41 117
14 20
15 89
12 59
38 63
20 105
62 7
121 5
34 95
55 100
97 74
81 120
36 24
64 69
22 10
68 99
72 4
29 119
16 69
52 59
103 2
124 59
40 71
8 65
53 69
112 70
50 18
4 80
33 31
12 75
43 121
2 98
27 44
27 13
13 54
43 47
11 124
42 28
55 32
53 109
0 49
30 26
3 66
87 126
94 45
18 35
81 106
94 35
46 7
70 66
107 86
29 43
44 3
57 70
30 37
79 91
40 1
36 55
36 16
127 102
8 55
52 49
103 61
114 16
37 30
32 5
55 89
98 24
24 97
65 83
14 16
85 88
40 33
96 14
31 90
66 72
76 88
121 9
114 42
100 7
94 40
9 50
66 42
112 94
70 27
126 74
111 71
45 100
41 26
5 52
109 118
82 36
106 1
5 68
98 24
116 82
82 36
61 48
122 53
37 84
39 104
49 103
13 78
64 21
82 47
126 79
62 34
87 76
51 103
59 10
93 29
82 69
80 52
29 85
56 33
117 35
120 106
24 27
62 2
39 22
108 9
82 12
29 101
57 115
54 99
54 16
39 15
102 21
14 26
4 49
88 84
8 5
88 127
113 98
102 59
99 47
71 84
78 106
31 114
16 91
117 7
58 80
41 7
51 121
3 48
102 81
73 21
16 70
24 0
117 93
119 30
67 94
96 116
90 24
48 53
51 92
87 22
73 92
102 1
32 127
62 8
86 110
58 98
38 70
52 117
120 122
76 23
82 55
113 9
25 85
18 110
113 42
10 126
65 101
0 30
23 37
89 1
29 63
16 42
29 68
104 6
42 126
62 103
82 71
18 24
42 86
9 24
116 32
124 40
88 38
12 101
57 11
36 100
110 59
7 115
47 97
89 78
16 54
19 22
60 47
11 50
57 114
112 33
112 28
37 40
46 100
32 86
34 15
98 54
110 55
109 82
82 71
92 77
89 33
85 125
116 45
71 126
117 40
60 11
102 125
9 55
37 70
41 40
33 61
8 43
117 69
3 98
110 44
36 73
11 124
4 112
59 95
115 74
63 2
93 7
97 125
22 49
65 44
111 74
9 69
14 55
60 49
57 84
84 35
126 96
24 107
111 109
119 58
116 5
31 41
69 30
50 124
15 54
68 82
87 47
67 126
90 49
65 69
44 2
111 7
116 49
116 87
107 77
0 7
69 86
32 97
116 91
103 20
78 23
101 45
59 117
36 18
96 51
102 61
89 64
94 87
123 90
19 122
10 91
17 45
48 19
60 12
0 93
119 70
52 116
124 12
100 89
31 18
103 96
86 109
115 76
66 39
109 17
82 25
38 30
57 87
46 45
34 69
2 125
97 78
23 22
38 89
42 96
80 84
89 25
49 11
51 9
27 101
16 108
66 88
84 92
114 68
30 81
32 80
68 67
55 59
40 67
70 3
61 85
62 7
64 100
113 48
69 43
23 87
51 83
44 10
66 47
28 112
66 40
71 21
42 4
9 78
32 18
53 78
39 18
21 89
65 90
85 40
56 36
55 21
45 2
47 17
64 43
41 64
25 103
107 100
90 49
88 51
127 10
60 99
109 79
123 105
102 117
14 90
24 45
76 75
82 47
78 54
3 24
120 73
119 118
112 60
47 72
17 75
32 51
4 41
76 16
98 44
75 25
6 94
43 14
126 107
77 25
114 7
0 84
78 99
47 107
53 81
75 47
30 101
34 105
46 87
102 65
37 12
30 72
45 52
79 37
28 58
18 34
19 40
21 39
42 120
52 108
99 2
45 17
27 45
125 42
60 50
4 74
49 123
13 20
111 73
62 94
32 29
30 19
111 29
79 52
115 13
42 23
48 94
46 125
63 35
104 6
55 61
92 33
17 32
71 53
113 88
100 15
61 33
80 58
47 14
122 0
115 21
62 40
21 69
56 75
93 115
98 73
32 59
101 119
56 61
120 72
100 99
5 47
119 18
115 12
53 15
33 37
24 104
31 27
127 61
94 102
109 37
102 94
78 53
52 77
97 92
125 50
78 13
79 23
21 93
103 29
66 32
22 7
13 53
117 82
116 97
23 104
90 92
61 54
6 120
8 40
104 98
79 87
56 67
94 70
28 22
80 71
113 71
117 47
107 98
77 92
25 23
3 47
8 44
74 48
58 85
72 126
106 43
22 16
40 25
5 53
103 56
67 46
118 100
26 83
94 103
43 3
86 1
78 89
76 119
58 110
1 95
1 39
35 59
112 92
70 76
122 36
67 25
21 108
13 53
108 124
116 81
93 43
44 12
61 113
31 28
49 7
122 114
90 66
50 122
71 81
91 74
126 40
92 41
115 50
70 37
2 73
68 2
18 127
27 85
106 18
86 106
81 72
68 35
78 76
69 47
106 116
62 3
35 101
18 28
37 54
80 51
115 44
92 108
88 76
6 73
23 24
110 40
95 100
78 76
54 94
36 108
28 121
55 96
69 65
115 126
31 102
3 114
78 21
120 8
69 1
85 34
62 41
82 92
24 68
102 78
83 42
33 49
62 20
72 4
124 55
126 83
111 13
67 127
8 125
92 74
41 7
70 7
48 125
43 106
119 79
74 50
124 49
72 122
67 9
116 30
99 45
8 51
124 27
28 113
79 34
65 21
114 62
74 52
58 97
111 54
94 4
99 19
22 37
28 92
66 77
2 88
35 8
62 66
71 96
117 4
107 38
26 73
121 123
55 58
6 7
3 105
111 101
2 45
106 24
105 63
68 80
47 8
50 75
31 42
78 4
109 85
84 104
15 67
108 32
84 76
81 7
42 126
71 83
85 51
66 19
28 58
17 93
80 120
107 46
72 1
42 43
93 22
1 51
123 100
102 88
39 11
117 30
35 107
29 18
53 10
46 122
114 58
22 52
60 69
82 27
43 120
5 67
124 90
12 117
34 47
15 44
19 43
103 30
90 79
84 82
18 108
55 101
105 19
123 25
126 39
113 117
33 40
4 110
39 13
18 117
76 26
60 105
82 96
95 94
126 53
103 25
68 54
117 119
12 38
66 85
14 36
104 50
108 21
72 30
48 65
30 14
115 109
38 48
88 17
6 38
78 119
114 10
56 104
93 3
69 19
47 3
63 40
42 35
106 12
84 13
43 122
123 86
37 12
93 66
85 68
120 115
107 86
0 56
0 26
16 82
106 125
31 16
44 59
51 37
123 3
127 19
58 101
87 7
18 14
66 121
49 116
33 23
81 105
76 106
32 115
32 43
4 103
38 52
53 21
31 37
100 35
4 1
55 26
107 7
56 21
99 110
50 108
93 123
98 52
40 122
3 80
70 47
80 54
101 69
21 123
75 24
85 3
24 84
91 20
70 48
58 3
113 65
112 54
6 9
13 10
46 5
52 82
94 55
126 90
71 104
63 48
53 63
52 26
70 100
2 21
113 117
113 53
5 56
93 109
104 110
6 75
96 117
82 91
54 68
94 120
73 24
23 90
1 28
73 91
29 88
77 59
122 91
103 119
76 37
22 93
94 71
35 16
80 107
25 91
33 105
13 59
13 1
60 83
46 75
65 57
19 67
36 97
105 79
53 50
116 88
25 81
65 85
44 11
0 122
35 4
73 19
2 47
6 49
12 114
79 65
113 93
45 71
81 78
124 99
93 11
15 71
82 23
85 15
25 119
118 82
1 81
22 111
50 33
58 56
54 40
108 36
75 94
116 74
126 5
96 2
61 107
3 113
8 22
10 68
34 13
97 76
18 51
17 121
84 64
103 104
110 72
96 11
11 110
12 55
63 37
105 114
42 47
12 30
11 19
62 22
60 122
18 122
87 114
126 26
20 41
116 58
57 1
13 19
115 113
10 18
107 116
115 106
103 24
25 46
48 118
109 76
81 125
7 80
28 22
94 102
75 115
76 48
41 102
59 74
8 14
79 15
11 79
13 113
91 113
9 79
124 118
3 17
80 95
13 73
51 107
117 16
109 53
87 21
26 10
115 60
45 38
16 41
108 36
94 2
24 45
121 48
21 122
45 20
39 94
117 26
127 113
69 95
124 41
65 87
23 27
100 83
9 114
115 90
102 94
38 9
47 6
35 50
4 126
51 40
105 117
58 51
92 57
48 124
94 37
126 70
55 56
117 53
1 5
126 44
54 44
79 114
30 73
53 83
56 42
72 50
12 78
43 61
60 21
53 23
73 101
54 113
12 109
122 52
70 33
70 58
51 77
97 123
2 105
14 117
15 99
78 122
46 113
17 26
127 104
29 58
19 48
71 1
115 21
106 115
104 86
12 96
103 83
21 20
120 89
94 102
34 35
102 109
92 9
70 71
109 69
16 119
127 43
90 73
53 84
27 77
47 48
63 30
25 73
99 121
20 71
55 11
13 84
112 0
45 18
118 92
62 73
36 85
104 67
117 95
82 109
94 29
120 124
65 37
117 51
43 31
38 103
46 122
101 127
53 88
72 81
91 88
7 124
5 29
63 62
88 87
73 22
75 111
25 40
88 67
100 118
22 21
16 52
124 1
121 63
96 104
89 77
68 61
74 110
86 107
26 93
18 71
114 127
78 71
74 94
10 49
1 73
0 9
117 103
124 68
52 89
88 23
91 12
112 60
15 113
42 44
41 76
8 118
59 98
60 5
118 127
117 30
23 70
101 119
105 26
120 39
90 111
13 112
45 118
56 16
121 50
60 81
5 103
79 115
47 19
36 67
15 56
32 120
36 3
48 14
116 113
77 26
22 112
99 103
42 88
75 68
55 36
47 44
77 49
73 40
106 15
33 0
36 79
57 11
4 71
57 39
53 40
6 28
123 57
45 115
55 78
31 91
49 78
34 26
8 53
69 118
59 103
45 25
11 9
60 100
23 38
36 34
41 123
44 104
59 37
13 23
82 37
12 64
37 117
84 75
47 22
126 69
25 113
61 120
59 118
72 16
118 80
116 4
12 110
4 120
112 115
102 29
40 124
23 101
97 88
27 121
115 24
49 102
47 64
117 76
45 5
78 3
96 43
11 1
71 34
101 27
46 52
52 68
3 32
78 62
100 24
55 14
79 101
25 91
76 115
94 70
17 101
65 46
87 14
93 70
111 120
61 50
48 78
48 123
55 60
10 91
41 109
98 107
113 61
8 63
121 80
28 76
94 96
21 77
95 54
114 37
103 63
99 2
78 112
50 95
54 127
50 52
19 50
0 72
6 68
83 34
3 38
69 114
100 58
33 74
7 112
124 125
59 62
35 104
35 16
110 97
70 30
57 14
62 88
86 124
78 123
66 25
68 34
67 116
30 57
2 14
53 61
34 66
5 60
78 91
70 67
20 43
70 19
46 106
127 66
12 17
7 1
89 102
124 68
12 77
59 119
71 23
21 114
127 36
116 118
6 112
108 116
92 39
2 74
46 29
111 24
98 63
86 44
10 110
80 72
127 98
72 111
73 63
121 47
51 71
73 82
49 121
108 110
7 28
56 76
94 5
70 95
98 13
31 119
108 59
115 89
124 52
85 16
96 12
80 51
120 49
103 117
7 64
19 52
101 74
86 16
109 53
43 44
124 123
116 79
95 16
56 117
31 13
111 120
116 28
90 5
45 66
113 115
42 103
35 32
15 57
19 67
97 15
13 114
33 50
86 123
116 72
13 45
7 118
58 76
105 100
99 24
38 110
61 14
40 4
92 63
81 117
97 60
117 97
75 94
77 78
84 123
20 75
41 114
64 53
92 94
87 126
37 56
80 105
52 26
54 58
46 44
24 61
34 120
74 19
23 55
94 53
124 52
45 61
87 75
70 100
37 40
57 78
40 87
85 74
126 46
84 65
13 109
97 103
37 42
34 94
5 118
68 58
121 30
58 35
71 66
85 37
72 35
32 98
21 104
40 9
52 54
3 112
125 120
67 61
105 72
95 76
35 22
74 47
5 69
38 31
31 84
63 16
17 109
87 37
33 46
116 73
99 100
73 120
42 93
56 65
14 68
126 66
48 70
99 16
121 88
39 70
6 92
32 118
69 36
73 64
79 47
38 34
90 58
70 126
88 117
36 71
29 101
50 23
49 90
110 86
112 75
50 114
80 79
26 15
78 104
32 23
56 107
116 113
121 106
62 33
86 90
7 105
81 112
9 113
100 40
20 46
124 51
103 47
29 94
1 43
12 56
103 88
37 43
111 71
80 88
82 53
115 105
72 51
29 114
68 120
4 38
2 9
39 126
77 46
119 91
24 33
127 43
5 74
34 38
74 99
79 2
79 14
36 14
36 4
123 56
98 32
77 4
74 57
83 70
111 4
66 122
89 118
15 54
38 112
78 123
30 42
50 33
124 122
83 54
126 65
21 125
25 106
120 0
92 118
100 86
76 86
117 28
40 59
73 6
15 77
19 78
52 13
91 70
117 113
98 110
117 122
28 5
124 82
35 45
42 126
103 38
123 83
13 126
38 74
99 117
101 60
30 74
45 74
93 39
32 66
71 121
102 35
53 80
97 78
55 121
114 51
93 12
9 72
105 31
101 34
50 67
99 19
29 95
68 79
57 25
87 1
57 61
29 121
115 47
25 15
89 20
18 111
44 7
88 117
72 22
112 97
102 2
106 17
6 8
118 97
6 78
64 87
106 38
68 98
58 88
50 58
76 16
64 71
95 7
120 38
58 127
68 21
120 38
84 25
102 7
8 75
91 108
29 17
27 120
67 115
15 33
24 7
47 112
42 83
44 86
67 53
115 29
114 53
2 43
19 44
39 87
19 73
51 23
67 6
101 16
112 46
8 57
15 79
71 16
43 21
119 49
95 114
14 71
118 36
90 66
21 114
83 15
108 0
40 36
49 101
47 97
115 31
59 9
64 28
100 74
62 14
119 8
92 62
108 88
8 127
78 95
126 41
107 70
116 1
57 52
17 2
73 63
60 4
14 24
84 106
75 25
42 9
9 88
19 76
12 4
89 16
45 64
8 56
25 74
20 97
123 36
59 24
68 25
36 6
88 58
117 54
81 101
80 23
77 97
22 70
123 121
11 113
27 43
43 54
83 21
104 31
73 1
61 60
48 42
91 113
8 15
26 24
108 93
33 44
109 21
44 43
76 90
45 47
65 52
126 65
114 68
48 28
104 15
13 5
39 73
41 99
107 59
74 56
56 23
25 67
18 8
99 40
26 68
21 52
55 2
37 127
31 23
17 110
90 66
87 81
97 17
96 45
38 99
50 58
91 101
117 62
86 27
57 110
16 42
58 22
118 12
23 77
69 27
87 57
56 108
40 60
43 126
24 51
18 126
71 91
3 85
31 13
116 88
57 35
97 33
17 111
119 44
126 31
92 81
18 95
94 57
63 14
49 43
109 14
45 30
21 111
91 123
70 107
40 120
38 126
121 85
29 97
126 73
96 58
38 121
63 94
64 126
100 101
105 91
126 23
8 10
127 14
25 79
113 3
83 8
71 78
44 101
23 64
120 35
17 64
22 126
116 108
34 16
9 10
34 32
23 61
111 37
4 100
112 13
106 49
105 0
119 8
70 53
82 97
98 40
106 5
41 125
74 61
25 77
83 66
15 50
42 81
95 93
81 22
10 73
47 120
88 25
125 10
34 84
102 23
78 89
32 82
116 78
78 13
52 50
96 15
12 82
42 124
39 68
68 7
37 9
15 74
70 99
35 39
98 62
36 125
57 117
16 124
27 47
117 87
46 67
92 31
73 36
92 5
51 22
95 91
126 125
57 12
24 84
9 114
34 115
118 102
44 39
40 19
23 54
115 125
67 51
32 98
59 75
37 45
84 16
55 84
58 124
115 99
127 59
8 31
84 103
59 6
109 81
123 47
52 35
108 47
104 1
90 75
88 113
48 44
5 56
100 79
17 29
105 13
103 66
120 31
3 81
1 72
9 42
122 124
73 18
48 19
120 124
52 12
60 71
96 88
14 17
89 0
26 85
7 16
119 7
95 106
52 71
21 118
109 58
115 119
70 116
49 112
94 23
79 73
29 99
41 33
7 102
69 33
65 31
117 71
24 31
19 50
106 121
109 84
73 22
124 5
24 74
116 100
79 110
55 14
6 47
14 20
6 123
37 39
45 81
35 54
45 79
121 38
23 126
31 28
91 80
14 73
76 49
93 7
86 29
104 72
125 83
21 59
117 83
29 11
124 99
77 20
19 107
114 118
96 122
52 56
54 40
62 71
75 51
105 3
41 97
44 120
89 47
32 92
24 94
50 41
59 14
52 43
68 89
98 83
120 80
100 25
82 84
127 20
77 121
94 50
83 11
93 59
79 20
46 8
97 37
76 49
72 39
86 43
48 83
108 36
75 40
109 75
106 4
22 52
78 101
112 67
110 3
86 44
127 124
97 20
70 34
114 18
16 34
32 2
15 74
35 1
114 83
52 22
96 114
126 62
114 9
115 69
125 76
20 116
36 117
100 4
49 112
79 75
29 94
78 123
14 101
13 52
21 2
28 107
2 109
48 63
14 46
17 85
101 95
123 102
53 12
115 44
91 60
67 3
55 53
30 36
20 55
37 54
120 92
6 124
19 36
126 97
61 91
102 66
55 99
65 15
41 7
124 50
81 109
7 32
10 78
116 46
44 12
35 47
97 6
92 24
8 11
41 16
54 124
43 62
118 54
114 103
53 110
25 5
77 69
116 74
4 35
87 120
100 1
43 93
80 5
75 27
84 120
32 106
46 44
29 40
95 39
106 51
36 38
64 78
96 112
70 103
22 105
79 95
31 68
90 110
31 85
53 121
52 126
98 62
15 118
20 81
53 119
96 14
39 37
118 14
124 8
25 27
109 105
76 55
116 47
3 70
8 105
34 102
61 27
58 73
100 102
34 68
63 94
52 89
51 101
104 17
79 8
126 7
126 6
108 36
16 4
107 36
91 95
97 48
53 55
19 121
83 108
36 83
11 48
96 38
106 126
82 43
75 16
65 51
47 3
125 96
121 110
62 45
6 63
40 46
28 127
121 3
79 50
54 76
39 17
22 29
16 73
47 106
53 39
125 92
118 80
73 76
2 82
25 93
81 26
105 82
58 59
14 39
107 82
46 45
110 82
32 87
16 122
14 22
116 7
93 20
78 60
110 61
6 12
106 0
33 69
103 84
48 11
126 72
125 5
75 39
51 126
82 90
12 27
120 85
46 5
33 31
26 86
125 35
9 73
110 119
126 10
22 49
68 83
107 97
77 46
79 46
122 94
29 109
54 99
53 105
99 38
63 97
108 4
80 85
39 28
82 17
14 89
108 77
46 81
119 30
74 93
75 114
14 78
27 83
35 14
29 46
85 13
2 95
69 99
35 104
16 24
69 105
1 22
31 53
46 69
88 96
100 58
114 15
126 34
83 109
26 124
68 51
32 47
121 76
97 102
40 27
41 123
116 62
104 121
27 103
13 10
3 62
106 61
53 52
56 45
3 30
32 86
13 122
119 48
56 2
122 55
96 99
82 111
7 54
29 119
16 79
17 7
41 102
30 46
78 39
0 50
72 113
126 24
56 100
22 69
29 117
22 54
70 50
40 111
90 111
18 76
97 26
101 82
77 9
115 103
58 112
52 21
94 14
102 31
42 81
36 74
50 17
110 82
43 40
51 96
120 108
79 102
45 7
17 21
26 34
35 123
35 113
90 107
15 50
2 38
40 123
42 9
127 106
22 12
91 10
65 84
91 48
9 106
4 42
4 34
37 106
124 108
39 113
62 64
122 108
24 58
88 21
16 37
49 35
22 58
50 82
122 25
106 52
74 93
1 59
74 36
34 53
63 67
16 55
49 51
121 84
107 121
30 7
37 23
66 23
126 77
106 29
103 102
112 21
43 86
59 1
103 118
47 7
58 69
38 47
12 90
30 122
113 121
108 68
36 118
13 30
91 32
5 9
26 8
113 92
119 76
43 58
67 108
48 39
49 118
92 97
19 112
98 101
75 94
114 70
26 72
15 84
103 60
87 38
110 79
18 106
108 92
71 83
93 51
83 16
84 91
94 74
27 53
28 14
87 3
101 86
73 56
60 124
27 33
22 115
93 22
85 71
51 20
123 84
27 53
121 61
7 16
59 85
111 32
72 77
54 48
116 82
66 9
97 69
122 54
62 73
76 122
49 102
12 104
36 100
101 73
126 92
54 33
69 31
38 46
91 80
65 101
99 81
38 19
67 87
113 93
54 127
115 110
86 12
22 34
34 77
61 21
62 12
75 107
102 64
7 75
62 89
23 82
10 32
95 61
20 72
26 1
87 40
31 124
79 81
16 31
100 117
35 125
101 69
44 11
29 42
117 94
90 80
71 6
19 41
71 95
0 64
31 28
49 16
91 12
0 39
101 94
32 104
43 74
51 37
67 56
49 115
71 56
62 106
96 28
3 102
92 104
4 84
121 96
80 60
86 17
35 102
22 7
43 112
3 66
121 57
31 6
29 118
8 63
118 124
55 108
101 58
99 8
53 19
54 59
41 117
13 72
109 78
94 29
38 44
99 90
115 22
49 51
96 76
29 78
17 46
59 14
115 6
118 31
82 86
57 51
58 103
99 79
87 21
41 102
76 90
77 81
11 62
54 28
34 13
35 109
58 18
50 96
76 95
104 56
23 40
13 40
2 105
94 42
31 122
103 125
45 46
53 118
110 83
121 74
18 28
66 77
57 108
7 84
99 28
37 12
9 119
73 47
84 9
45 5
92 3
123 118
3 89
52 59
45 96
96 99
1 19
111 43
40 95
49 102
116 56
15 34
48 119
13 46
119 36
75 89
73 43
96 77
11 83
104 7
119 123
69 117
70 53
7 100
70 5
123 105
36 66
93 65
43 123
7 94
37 117
83 87
51 29
77 74
61 65
42 10
42 14
35 126
68 39
40 72
24 11
27 105
92 2
66 63
14 23
53 43
16 9
98 55
52 73
15 23
16 122
96 116
41 71
105 26
45 37
26 10
30 7
105 107
45 51
113 76
13 76
86 35
50 67
30 52
21 74
76 103
34 97
86 56
3 60
88 40
33 19
16 4
