79 119
53 114
73 54
13 81
45 36
113 71
38 75
66 86
11 0
17 12
9 83
5 20
86 124
88 56
9 115
86 7
110 95
24 33
14 105
63 82
6 115
48 79
12 94
42 123
81 0
67 46
73 125
127 98
32 102
45 9
10 26
66 73
55 47
116 76
31 12
24 34
59 6
99 37
19 106
21 83
94 33
81 124
103 19
124 109
100 115
41 22
116 124
25 126
45 35
28 53
17 100
108 58
51 94
71 89
74 43
20 96
29 6
84 115
41 70
82 115
40 86
6 73
57 106
13 120
79 89
60 1
68 114
31 23
41 115
122 17
114 104
31 70
85 45
77 43
94 105
95 83
76 67
78 50
117 113
54 119
26 63
6 54
33 103
15 60
76 75
101 41
122 14
36 125
84 119
20 39
68 60
112 81
108 63
29 85
126 122
90 71
18 62
23 28
86 126
94 9
94 37
81 99
96 29
75 76
112 3
33 7
38 87
62 8
111 15
102 106
11 48
55 28
107 70
122 61
2 118
42 13
111 7
102 7
123 49
123 1
32 82
14 101
41 104
53 68
92 105
5 14
120 48
96 25
18 90
70 92
11 31
5 51
77 2
10 95
86 21
57 92
1 107
54 6
57 125
67 70
91 53
47 63
23 105
71 36
96 31
9 31
19 98
55 62
66 88
41 82
93 105
8 92
36 25
30 70
115 119
8 70
99 104
46 90
107 48
119 21
16 97
71 15
13 33
12 97
17 7
81 79
84 68
102 73
121 91
46 118
122 13
85 96
84 46
121 57
18 101
69 108
78 53
2 75
102 105
69 127
87 79
79 116
82 53
88 63
1 114
125 47
85 102
116 68
26 110
76 82
101 62
83 29
53 10
0 40
110 80
34 26
75 22
87 80
30 87
61 26
67 49
58 59
119 91
36 72
121 53
64 76
55 98
64 76
9 93
63 74
32 89
99 82
44 13
119 25
31 41
67 65
61 26
92 39
94 47
79 31
34 97
24 63
27 30
43 51
29 24
34 67
21 39
107 126
115 64
44 1
10 20
113 56
57 28
21 77
41 39
15 38
16 119
30 53
91 74
70 22
93 40
68 107
61 14
109 72
32 105
119 103
56 18
11 57
19 39
18 87
96 13
75 50
69 57
0 103
72 77
54 60
63 118
32 125
38 80
43 5
97 54
18 6
12 27
51 29
99 93
60 10
68 8
45 96
119 48
26 7
4 107
33 74
107 123
103 112
45 109
108 23
41 83
112 39
97 41
70 68
103 3
14 83
79 17
17 16
25 116
45 44
77 67
107 92
81 13
109 5
125 35
34 71
14 119
111 117
30 40
90 95
74 20
30 93
94 118
58 36
121 81
122 44
92 21
80 10
8 10
80 73
33 85
103 39
106 127
35 122
110 60
109 59
69 96
97 59
120 25
106 93
46 67
24 92
125 73
115 50
18 7
49 11
28 93
108 125
33 53
114 55
75 84
116 17
54 112
77 63
4 11
104 81
17 112
63 17
101 64
110 93
78 82
123 86
88 43
75 121
68 123
103 93
87 34
28 7
59 47
33 58
44 124
14 91
57 67
121 81
27 24
22 72
22 13
15 91
6 11
66 124
7 82
26 71
67 56
99 93
103 3
30 17
45 89
9 97
1 6
74 18
31 39
97 81
112 114
113 44
111 108
68 81
117 38
88 89
109 2
111 56
113 66
126 70
24 46
95 82
30 95
45 33
9 26
58 85
98 123
51 70
118 22
51 109
74 45
121 23
68 95
34 98
42 56
121 65
5 81
124 14
81 49
91 31
57 6
31 61
8 80
115 38
16 34
62 52
8 61
116 94
16 75
80 83
95 72
99 69
101 56
64 25
77 42
61 113
87 41
15 71
109 17
98 56
3 65
76 107
83 67
46 23
13 24
61 34
105 20
2 66
123 98
125 42
103 106
77 51
9 64
72 38
68 33
11 35
94 75
115 114
113 76
101 46
43 102
110 25
61 94
15 103
100 111
118 125
59 48
86 46
50 35
31 90
2 91
27 62
16 32
4 104
19 86
28 96
73 114
6 75
10 121
67 35
62 116
32 98
72 30
51 37
6 26
77 85
90 104
5 74
0 98
29 44
72 108
41 112
68 53
12 55
39 111
36 46
30 40
32 9
101 86
108 26
51 115
47 116
6 72
111 95
24 120
99 75
100 77
94 95
77 61
25 111
30 34
82 103
68 122
7 94
15 4
52 8
2 125
73 65
20 115
87 53
25 36
36 56
123 53
105 94
24 15
49 22
25 102
116 41
127 31
34 63
51 66
81 47
44 41
34 2
19 44
71 13
8 84
43 100
30 37
104 90
74 90
25 40
60 47
74 26
42 82
119 66
72 102
97 119
3 5
64 37
58 93
17 113
31 8
41 81
52 48
2 26
123 112
114 8
9 28
47 100
65 17
115 108
116 91
10 29
123 98
10 81
5 101
32 51
39 111
66 78
52 63
54 124
44 7
120 0
18 65
50 68
88 83
26 51
58 113
84 119
23 83
119 66
93 72
80 41
61 94
25 52
101 95
49 114
123 7
83 123
102 107
109 28
18 69
12 123
27 117
36 39
95 111
31 64
38 85
8 123
87 115
52 24
81 17
111 119
117 44
63 99
45 122
56 112
79 106
12 15
80 104
33 52
96 47
10 28
15 61
125 54
115 76
68 95
49 24
106 12
74 16
55 67
27 122
118 91
59 104
83 21
107 29
90 81
35 36
62 57
95 111
113 71
35 82
53 115
68 122
116 13
121 116
58 108
58 121
64 61
32 63
18 96
107 24
24 78
68 98
111 71
118 117
73 1
108 110
66 14
8 50
29 109
80 94
94 123
55 79
112 56
50 15
95 18
37 27
115 66
65 23
17 108
7 6
46 22
14 94
14 29
26 29
19 81
10 89
110 58
74 102
2 11
29 56
106 1
24 25
100 74
18 66
89 28
120 58
80 23
67 103
9 7
89 35
99 126
101 8
85 63
122 74
83 37
100 125
110 115
119 33
126 125
24 107
70 21
15 30
70 6
40 43
24 121
92 22
91 123
50 14
121 24
27 58
29 119
34 117
126 101
91 7
79 35
127 20
4 65
30 55
80 17
118 95
24 62
38 75
26 51
115 101
51 121
9 48
71 66
73 6
28 98
4 0
80 96
113 19
119 103
47 107
69 62
124 122
13 27
51 57
51 44
12 75
35 54
56 83
33 71
99 79
112 36
5 21
21 49
100 72
2 117
11 52
54 51
87 20
9 65
67 100
48 118
51 59
118 93
0 47
106 118
99 62
74 104
30 102
7 9
14 96
58 0
47 83
91 17
8 102
123 11
41 10
42 111
95 52
59 30
6 28
88 68
81 1
127 102
33 123
39 17
19 116
71 25
71 111
54 8
104 51
20 104
113 88
13 25
127 57
114 52
74 105
64 60
57 124
123 81
7 17
39 118
60 10
10 16
31 121
42 63
4 13
23 16
122 67
44 90
75 109
39 10
122 23
52 57
40 83
20 46
105 5
82 47
24 80
103 38
38 15
50 76
106 73
97 100
92 45
34 59
56 124
62 123
40 62
42 83
116 34
44 122
29 56
35 46
119 60
15 48
84 98
70 73
95 70
123 100
114 56
118 96
35 52
5 106
10 95
46 125
30 74
84 61
92 84
37 1
55 77
33 110
102 108
90 68
96 118
108 6
114 75
18 63
108 109
80 52
47 63
88 78
65 39
82 13
89 24
116 84
69 98
89 2
52 65
35 33
34 36
31 127
99 8
78 36
74 83
90 32
14 61
100 56
30 38
125 78
75 103
106 110
24 51
86 2
49 57
58 22
34 125
84 112
81 109
8 79
45 49
118 13
60 125
66 8
40 6
66 125
76 109
74 75
54 74
64 84
102 87
106 12
88 52
22 104
111 36
63 49
84 41
109 104
48 98
116 18
21 43
69 2
36 34
42 112
3 71
33 77
106 80
46 24
88 121
106 17
72 106
62 83
3 49
119 2
90 92
97 30
33 94
36 61
69 43
103 118
121 87
35 19
0 17
50 58
26 78
11 13
51 71
90 43
66 34
18 100
116 123
28 111
17 73
122 25
106 103
39 30
16 39
7 28
40 22
102 25
102 75
29 16
99 59
63 47
56 109
3 77
92 25
43 32
101 67
93 39
47 51
58 28
36 59
25 92
62 70
91 88
56 17
76 10
32 22
66 67
30 119
62 39
36 63
113 1
14 79
125 112
12 35
85 113
68 122
115 119
97 85
99 12
5 50
16 46
116 54
95 118
113 44
47 26
32 74
56 22
25 11
40 2
96 59
45 64
57 84
39 68
96 49
30 11
31 12
58 98
58 28
35 19
13 47
84 122
103 63
23 92
109 35
117 124
64 120
25 66
6 83
82 88
42 73
23 57
120 106
29 67
78 96
46 127
61 66
122 36
100 71
87 67
102 44
27 18
39 11
46 87
98 26
3 88
24 62
117 65
91 88
69 42
119 51
38 36
49 14
19 87
18 102
126 44
71 7
55 58
100 24
16 74
1 34
19 104
14 4
86 101
2 16
71 112
79 8
113 31
48 118
33 74
105 72
94 77
16 75
92 70
56 64
105 26
24 42
3 39
0 53
17 75
86 7
56 75
29 8
126 100
83 11
118 68
105 89
115 7
26 10
88 119
94 78
81 113
65 91
7 91
53 38
98 96
45 110
105 21
89 41
112 36
24 32
81 96
68 113
4 101
39 60
41 112
60 69
95 117
123 9
21 1
114 50
45 123
63 24
21 8
104 62
49 104
55 104
93 58
72 52
18 20
16 5
22 105
46 58
112 108
64 32
50 94
46 3
98 113
67 93
101 105
96 51
79 92
56 33
43 9
66 104
112 114
110 33
91 101
68 84
82 114
3 118
124 21
83 42
114 77
34 40
36 115
70 99
47 92
68 77
85 50
32 38
51 103
53 92
47 15
84 54
36 7
116 45
98 101
10 23
91 79
27 60
45 107
58 56
11 40
121 95
102 31
117 120
8 63
51 40
9 0
59 27
115 114
33 123
116 83
81 108
61 47
13 74
6 117
120 121
80 60
115 55
112 83
30 14
87 21
24 108
123 21
20 40
49 27
76 49
126 64
98 39
82 14
83 121
66 111
28 117
110 51
97 87
25 10
52 19
92 100
107 40
124 62
58 56
70 112
30 51
92 125
14 100
119 125
36 101
11 115
91 86
72 46
117 100
122 39
118 56
121 28
90 89
105 58
85 67
34 51
119 22
109 77
120 46
101 100
62 63
54 73
102 125
92 43
81 29
65 111
119 106
126 33
65 71
107 8
62 50
60 124
83 14
112 36
126 112
53 57
15 74
5 30
16 31
35 96
115 56
78 24
74 90
16 29
3 126
87 118
72 58
63 122
54 45
86 23
11 19
93 58
114 103
73 104
70 1
51 90
113 39
36 98
124 118
87 43
61 58
85 109
106 2
55 49
101 68
44 125
73 79
90 97
90 126
35 49
91 30
54 15
66 10
68 99
57 86
115 106
28 77
19 42
11 90
36 70
101 34
59 1
36 69
103 111
13 103
35 101
50 33
1 82
20 73
15 28
120 102
20 45
73 5
103 57
123 55
3 123
23 62
84 35
89 95
36 40
74 40
62 64
64 33
111 91
60 55
12 17
61 85
75 124
50 75
51 61
57 45
94 79
125 54
75 44
7 25
13 106
113 101
103 31
83 105
123 96
86 48
103 55
8 15
64 97
115 43
101 99
117 3
81 104
56 104
88 72
37 124
70 69
101 91
86 36
69 84
121 95
7 82
93 16
22 19
12 14
71 38
109 28
107 30
25 94
100 37
10 14
17 93
14 67
87 15
14 91
53 86
110 8
88 26
95 41
69 89
47 17
82 68
68 123
65 12
46 92
16 22
126 102
30 24
47 90
56 113
23 48
10 102
102 20
23 113
97 61
54 58
31 39
82 70
104 8
36 44
15 12
106 44
36 81
40 3
40 29
119 65
5 50
40 101
54 96
74 82
95 44
17 92
85 4
86 7
101 75
66 114
75 35
101 28
90 66
29 15
103 79
72 25
18 111
62 95
44 57
126 61
87 26
36 38
77 61
65 98
35 107
100 94
53 116
40 123
101 122
52 50
37 26
103 126
30 79
67 102
31 95
53 19
65 90
75 102
85 20
109 7
57 63
76 107
3 68
12 53
41 61
34 121
21 87
53 127
106 44
79 114
101 34
47 18
84 104
51 8
27 55
120 64
39 82
7 11
116 62
51 90
121 57
81 32
52 54
116 13
5 68
98 94
74 5
41 14
21 81
61 48
5 41
31 55
34 3
127 11
42 60
8 118
93 14
118 46
75 80
100 92
103 49
91 72
75 38
65 62
28 125
99 61
52 10
79 50
79 116
26 93
110 4
5 105
92 10
124 25
72 2
48 107
4 10
104 83
3 48
114 20
110 56
35 84
115 2
2 101
106 113
13 125
76 86
127 28
51 43
107 89
45 34
122 79
30 64
23 51
125 22
71 16
84 65
38 88
32 57
75 87
67 86
108 54
7 99
28 41
91 59
48 93
4 23
33 5
52 3
13 96
39 46
27 77
14 79
25 124
22 71
64 74
23 27
82 119
120 104
46 120
8 1
14 84
120 79
92 84
111 121
2 108
102 34
43 87
99 108
76 44
91 85
35 15
30 116
72 16
96 122
58 53
79 67
64 70
38 14
80 82
51 20
110 63
79 91
23 55
65 44
20 92
84 45
17 2
10 80
108 79
80 49
80 26
48 101
71 95
90 23
69 53
72 82
35 49
33 111
122 89
30 126
115 53
94 124
80 62
110 123
14 34
99 11
13 88
20 110
93 33
15 40
97 86
108 59
116 39
74 118
81 11
123 103
86 29
70 11
56 7
119 58
0 61
1 117
37 126
101 111
38 24
27 8
106 22
96 95
86 37
9 33
57 58
27 29
113 8
47 91
76 100
9 77
14 109
41 15
124 18
127 67
114 9
109 113
55 34
102 126
75 66
42 83
122 90
12 117
24 38
42 14
17 115
18 88
70 1
90 57
49 60
74 51
35 48
34 89
28 94
92 65
114 30
121 32
9 107
30 119
93 126
58 100
90 122
49 63
9 62
78 109
123 2
45 120
30 82
1 17
19 110
50 113
8 40
35 72
60 35
93 10
121 14
21 104
80 49
100 76
110 48
30 50
42 118
22 76
62 52
71 102
76 113
72 59
45 119
108 63
3 54
106 55
122 7
82 15
25 76
63 18
33 20
86 24
8 48
26 78
18 26
70 60
95 13
53 30
125 38
40 102
93 76
52 37
3 50
114 113
64 86
7 41
30 125
3 8
17 22
78 109
101 87
122 125
3 37
110 92
50 8
108 83
54 69
27 46
2 48
112 103
96 18
89 61
59 83
64 42
124 15
114 29
24 124
37 88
63 102
114 70
125 89
35 36
23 118
53 30
4 2
67 63
32 69
79 44
67 71
98 21
29 119
51 78
52 91
58 40
124 83
108 44
2 61
118 80
94 36
77 66
95 79
74 112
15 63
101 104
100 51
121 15
103 9
67 76
107 88
72 97
107 1
90 113
53 93
36 41
41 126
106 8
2 5
111 98
115 102
47 93
93 76
18 70
8 63
106 3
16 92
105 75
86 80
103 40
48 61
61 44
73 81
86 2
49 45
16 50
15 21
59 43
85 83
45 76
107 82
3 75
76 60
88 82
20 68
118 86
8 83
79 33
56 117
21 4
125 25
117 44
84 1
34 3
115 42
48 62
31 59
25 40
82 32
66 83
35 29
21 2
32 39
68 95
89 26
78 21
45 89
101 113
84 71
16 6
41 86
20 4
43 109
34 67
90 115
75 22
100 85
11 82
5 63
79 61
31 45
82 58
61 116
20 72
96 15
38 34
124 67
22 20
90 30
60 82
75 34
86 112
64 41
83 79
7 22
96 113
84 44
48 33
30 28
22 122
38 36
88 99
27 64
59 72
82 12
48 21
25 40
94 105
54 36
28 91
0 79
81 53
82 38
23 6
58 2
21 80
33 12
18 64
117 90
94 15
21 57
74 59
93 112
103 20
94 17
113 82
16 124
19 63
42 90
84 34
124 61
68 56
79 67
36 9
36 80
70 44
70 76
45 82
49 111
120 77
48 10
110 25
99 48
45 68
55 121
20 54
73 126
102 104
94 46
47 57
48 0
37 96
3 15
11 80
11 28
98 30
61 96
108 52
89 24
73 43
67 62
75 21
7 61
119 18
31 71
5 96
90 113
113 5
77 20
71 118
73 24
19 103
48 69
90 79
30 120
49 120
38 121
106 55
36 70
98 2
81 116
55 58
47 112
124 104
62 97
97 81
50 123
52 55
28 106
85 64
62 121
65 23
117 109
110 33
81 90
74 119
126 113
26 88
96 63
16 83
41 13
62 48
4 82
88 48
48 32
63 94
99 109
104 82
1 32
26 93
19 67
96 104
102 2
118 16
98 68
92 40
107 52
27 84
120 111
91 125
57 0
21 67
39 113
53 112
12 27
24 61
112 91
20 44
61 63
60 126
24 2
43 44
84 65
47 9
95 66
107 111
68 113
60 122
60 95
34 55
17 124
10 86
98 94
49 80
65 18
7 60
88 125
45 75
74 28
40 9
45 104
95 76
78 53
104 42
92 74
124 95
67 10
25 80
100 66
76 39
9 5
76 4
115 76
32 76
83 43
48 57
82 115
33 87
72 85
42 99
68 8
72 13
87 96
3 32
55 31
101 82
53 54
28 64
51 80
55 99
93 71
45 89
40 37
89 24
46 40
47 72
16 88
8 83
87 62
44 37
102 22
67 40
14 15
123 26
110 93
82 6
100 49
6 97
27 116
28 111
61 98
106 21
14 122
93 86
46 77
68 91
11 61
115 31
76 67
65 103
21 42
119 66
48 15
12 78
115 45
93 62
42 35
82 120
76 73
25 63
18 125
26 79
126 4
1 60
61 26
10 109
10 111
35 52
1 88
32 65
125 112
57 41
59 60
42 123
92 103
37 99
43 7
78 80
30 85
125 40
105 57
76 60
123 23
64 20
115 102
75 116
118 91
34 31
92 68
108 124
19 53
36 61
89 6
83 27
88 9
24 123
114 121
104 81
92 88
21 111
114 99
14 29
78 3
97 31
63 77
71 84
99 113
119 95
109 94
89 93
61 73
83 13
69 94
107 23
3 111
71 24
123 43
125 123
97 51
117 115
82 67
34 28
96 11
55 1
112 31
94 107
51 120
65 108
102 16
69 31
7 102
2 101
92 45
95 94
60 15
111 79
84 62
32 26
42 60
57 94
81 62
77 95
24 50
3 76
48 1
32 44
50 44
91 104
58 16
30 59
54 24
5 68
3 24
20 45
28 83
112 77
46 9
46 61
47 50
14 75
34 4
35 75
56 4
1 18
30 35
3 114
74 107
95 77
39 82
48 26
123 12
83 23
37 101
86 125
33 23
120 15
30 56
83 20
115 47
72 85
7 11
122 119
33 59
15 63
27 30
105 71
23 103
46 31
53 71
97 57
3 36
51 121
117 55
71 23
108 44
24 47
59 57
68 108
85 21
7 3
75 3
65 54
90 68
29 86
118 20
84 41
18 126
115 117
12 52
63 61
9 33
66 109
83 78
19 52
56 108
32 44
121 56
18 38
4 11
83 110
100 74
42 1
32 14
94 116
25 47
110 43
68 81
29 89
127 107
34 122
85 37
64 87
33 69
33 118
59 15
39 4
46 3
97 93
85 90
107 111
102 108
29 7
88 77
75 29
94 28
7 33
27 116
42 57
23 66
2 48
87 50
37 89
12 106
114 105
96 94
78 52
2 16
5 115
46 86
80 15
94 16
59 29
34 28
45 10
113 86
49 109
9 51
90 103
59 55
108 74
41 1
42 99
75 119
4 86
59 87
69 77
62 14
42 110
25 93
114 81
107 71
21 103
45 124
41 42
2 68
50 118
74 88
82 73
81 84
48 45
69 53
106 6
65 72
100 66
21 105
124 48
31 55
68 125
49 2
6 123
14 104
55 124
23 24
87 49
31 90
39 116
49 23
67 124
91 123
3 74
53 84
116 126
31 87
114 49
20 2
32 14
115 86
114 84
21 8
96 19
89 120
12 109
90 5
121 14
101 82
101 27
102 85
49 33
110 117
86 33
4 23
3 16
16 15
78 63
112 78
110 42
70 14
103 101
60 30
32 51
51 68
66 24
33 27
17 16
39 25
20 83
122 93
60 79
22 124
31 24
42 86
121 73
79 70
11 41
71 77
94 2
18 56
9 125
11 16
38 45
106 45
99 76
72 51
105 31
31 56
124 41
10 44
92 79
61 79
8 42
86 110
37 79
112 126
72 13
52 80
76 111
119 30
52 125
25 10
117 4
30 55
83 12
62 122
103 112
90 113
68 74
73 67
85 31
53 81
83 7
75 46
23 51
108 89
116 88
24 26
108 102
67 76
33 90
50 111
103 82
58 22
50 14
81 45
55 99
121 103
30 100
80 3
35 90
115 53
93 73
46 112
70 71
38 92
22 5
85 55
24 64
100 113
2 43
116 84
119 109
89 38
105 12
75 76
31 70
91 37
61 92
103 56
91 59
56 103
108 105
42 109
123 71
26 96
11 54
45 95
113 112
29 41
27 73
94 102
14 80
48 90
100 72
85 57
72 58
92 65
35 67
12 39
112 101
75 41
45 73
85 33
25 51
79 95
95 97
120 40
87 2
78 8
64 94
127 37
34 64
101 89
102 50
73 97
93 94
2 10
34 109
35 36
69 10
62 24
29 72
101 104
25 97
59 85
23 120
110 67
21 43
10 90
103 117
72 50
118 31
29 83
53 47
32 21
108 99
127 12
85 32
105 96
91 100
75 86
53 14
119 5
89 53
90 115
82 45
114 57
107 64
52 42
116 115
7 109
96 3
120 97
102 61
31 99
97 57
96 60
49 25
94 91
124 118
95 105
78 87
80 34
93 61
74 42
120 88
49 93
38 33
12 2
22 19
79 111
101 18
120 73
17 108
49 97
53 87
69 39
86 97
91 81
41 32
60 7
68 10
81 45
111 60
110 99
22 68
42 70
29 109
82 53
83 21
84 41
50 86
113 123
39 97
67 59
92 52
74 28
75 54
35 44
11 26
59 26
70 106
68 45
18 75
103 106
7 78
99 83
77 125
30 105
99 68
51 93
123 100
24 82
27 84
120 98
113 41
125 109
51 83
49 79
20 11
39 111
63 125
20 25
47 125
32 101
31 61
69 11
75 97
7 5
24 105
127 89
99 71
81 27
67 69
6 76
84 63
25 4
31 126
24 42
40 38
46 39
13 38
73 20
74 63
9 91
80 31
99 113
70 24
109 38
121 26
106 26
105 66
0 68
111 73
32 106
122 20
111 14
74 71
23 73
96 45
1 101
108 13
50 4
41 49
31 4
58 25
35 23
48 88
12 17
123 71
108 54
11 63
62 53
108 29
38 111
125 20
86 75
75 84
0 127
121 26
50 37
101 17
75 115
40 19
0 104
79 45
88 2
64 51
116 40
39 29
11 15
34 116
6 2
113 101
58 125
73 91
90 110
24 63
59 99
126 98
57 47
74 31
27 6
60 95
3 75
84 121
32 96
14 92
32 79
12 65
97 67
3 49
12 33
102 97
33 87
67 1
20 19
99 29
71 30
54 62
75 71
105 101
16 68
39 97
99 69
5 60
127 87
92 60
85 33
53 30
62 51
37 46
30 89
83 69
119 13
82 114
19 76
3 97
116 88
7 22
98 61
16 29
2 28
76 58
44 100
52 30
2 119
98 53
94 75
102 79
90 46
115 56
83 88
27 81
45 10
79 17
40 50
54 22
53 65
104 114
32 121
79 84
125 49
12 54
87 125
23 56
122 117
59 99
39 59
119 12
63 126
121 69
107 61
87 108
5 76
125 112
114 52
121 54
110 49
118 80
60 24
11 120
76 77
118 104
75 32
79 58
17 41
94 51
45 75
89 93
110 85
64 21
30 112
56 127
26 99
13 28
85 41
31 43
87 106
65 80
39 58
49 77
29 3
49 62
50 81
82 123
115 53
20 73
11 99
121 19
36 77
115 101
34 11
65 96
76 2
60 94
75 39
11 103
36 75
64 18
83 80
69 5
66 31
123 122
20 114
3 65
55 23
75 127
57 63
41 113
50 18
123 63
115 38
72 59
0 117
12 72
72 115
52 66
118 103
113 77
123 44
57 58
85 6
92 1
113 85
120 68
24 125
13 35
109 96
127 115
81 110
64 69
39 113
113 28
60 75
82 15
25 62
51 124
38 120
63 95
100 55
97 105
70 122
38 84
119 34
66 83
58 35
61 84
98 59
82 104
69 96
0 120
76 31
69 35
59 115
80 103
40 99
3 122
37 81
27 39
38 6
65 19
111 95
49 11
108 47
61 113
119 25
7 68
122 4
58 68
108 36
106 21
39 105
51 120
85 116
110 53
109 94
79 76
62 114
20 74
35 115
99 38
38 20
105 104
65 22
101 124
9 91
73 72
74 100
16 85
61 33
28 93
33 106
71 74
71 95
7 81
118 39
102 23
26 85
12 11
41 1
82 59
9 56
114 32
47 100
79 94
14 19
45 60
105 17
76 70
14 16
109 91
42 43
103 71
9 111
1 57
3 22
16 45
29 105
118 51
16 54
107 70
15 68
88 41
22 61
67 45
8 31
24 45
122 73
92 78
53 50
115 52
16 83
36 87
49 82
28 42
127 90
45 119
103 94
2 91
108 96
9 73
15 98
114 12
70 63
44 57
110 80
25 28
54 6
88 85
61 4
32 36
123 41
9 73
18 12
74 32
35 112
84 41
62 75
63 8
109 6
78 2
24 71
19 115
110 10
79 102
25 96
77 72
108 102
27 62
14 105
113 82
57 24
28 108
47 101
114 32
106 25
20 91
110 102
36 56
89 106
23 54
96 90
100 89
86 81
93 42
41 102
119 77
33 57
113 99
82 101
29 104
12 92
102 124
122 103
97 27
122 50
64 88
24 18
86 54
43 8
107 119
32 55
109 9
0 88
26 122
76 50
46 9
17 105
70 12
98 37
73 111
57 43
67 122
33 80
102 115
81 32
8 112
31 12
18 111
64 4
61 106
7 90
107 122
49 64
125 79
117 123
86 3
57 34
49 88
47 49
66 12
91 60
4 85
121 77
62 33
43 21
116 27
77 22
70 86
79 35
116 88
48 50
52 17
61 34
15 26
8 113
12 95
87 54
33 92
1 48
109 91
68 25
17 39
124 0
102 121
91 38
13 47
27 8
125 102
41 107
47 56
111 123
69 62
25 108
51 122
69 27
8 97
29 64
123 68
28 29
100 44
74 50
14 106
42 93
68 67
1 115
34 112
77 82
11 83
109 89
39 56
30 82
95 73
100 11
17 4
71 59
99 5
27 112
39 17
75 81
97 50
19 73
99 119
67 77
59 35
78 112
74 90
91 61
93 22
38 26
76 101
