7 91
27 95
104 85
104 47
76 84
27 59
77 86
108 96
15 11
34 87
114 51
33 96
115 91
127 61
2 111
80 98
85 115
22 33
4 7
29 56
78 6
61 14
87 105
46 26
39 11
126 96
107 70
52 38
8 6
58 89
69 32
52 112
33 32
90 104
121 17
86 90
96 6
107 73
56 55
100 14
69 14
29 34
65 51
50 25
36 3
2 105
67 33
15 124
73 66
24 60
35 90
90 125
104 126
23 30
50 49
63 79
26 85
75 39
52 18
124 72
97 79
114 22
92 94
8 71
118 21
31 21
49 66
20 4
110 49
78 91
118 80
96 79
51 37
86 54
35 65
47 77
103 55
107 1
102 121
15 46
68 32
38 8
54 32
39 95
123 12
62 9
80 52
3 55
80 102
34 64
17 62
35 99
32 66
7 126
91 95
70 102
110 124
98 57
105 10
14 108
47 5
5 30
79 19
24 18
13 63
27 2
62 101
29 6
15 54
119 69
2 45
48 68
44 81
71 81
74 68
40 26
95 101
31 47
122 17
66 74
14 115
20 101
58 101
3 59
103 33
106 105
41 90
116 112
57 6
114 19
79 88
94 84
26 53
30 106
92 50
43 24
27 87
85 113
119 43
16 15
80 25
27 9
39 34
27 78
119 11
51 95
97 119
47 109
31 101
97 108
63 46
12 96
77 118
64 28
107 42
113 10
107 105
42 98
113 92
63 107
112 17
31 95
78 30
49 83
32 110
23 54
77 112
104 114
5 66
125 4
87 98
35 106
95 6
72 120
65 76
115 72
25 108
2 54
77 121
38 12
2 110
22 74
44 90
97 116
125 33
69 99
121 61
127 120
29 44
123 47
73 25
116 31
43 63
41 69
118 27
109 105
10 74
67 68
111 106
11 46
125 71
104 21
27 99
73 17
47 38
96 52
21 99
12 82
45 110
66 34
80 41
31 33
42 26
101 37
42 27
61 60
68 86
10 85
23 46
88 63
15 4
73 106
75 28
109 90
126 18
35 94
1 48
98 19
82 51
106 88
20 58
82 98
65 62
6 54
18 36
73 124
78 107
79 61
29 30
36 76
97 3
19 60
78 48
18 90
99 46
32 100
87 68
52 53
42 40
74 106
32 117
42 98
90 76
117 96
83 65
124 116
13 3
25 28
61 92
98 83
97 27
2 23
51 62
28 23
88 79
45 16
124 76
48 98
98 121
99 1
103 97
99 65
5 28
73 65
58 80
2 68
89 72
38 29
47 3
98 52
34 57
26 69
124 97
114 1
51 66
64 121
97 75
79 25
10 57
15 66
35 53
78 45
117 105
99 54
92 65
121 97
104 109
116 75
67 84
7 31
105 8
35 17
74 48
74 11
111 107
97 103
72 90
81 38
13 60
2 83
125 52
2 62
71 40
33 73
118 77
77 29
59 50
41 101
115 8
60 84
43 87
46 69
80 114
104 74
11 59
6 61
95 123
15 1
13 108
3 80
6 93
101 67
45 18
98 23
101 95
62 55
103 15
87 120
21 79
115 112
90 116
46 90
58 5
114 119
19 118
88 18
14 91
86 17
101 65
63 69
4 62
40 22
83 50
77 22
0 114
105 110
30 23
63 110
82 104
44 116
69 114
96 122
105 70
60 97
55 32
19 3
32 61
10 18
24 3
85 73
60 2
78 29
105 79
123 95
126 66
107 68
71 76
53 2
27 29
59 20
73 77
7 112
123 93
56 10
49 0
64 37
54 14
69 58
87 54
37 110
23 52
107 116
47 122
126 93
114 111
123 4
50 95
107 119
59 89
36 88
16 87
120 78
98 52
23 83
94 51
41 15
31 17
23 27
92 8
81 95
6 51
125 16
97 108
18 106
31 90
95 62
58 105
101 98
13 35
87 19
3 123
122 20
86 2
61 30
73 42
96 2
64 10
119 117
107 8
69 84
85 64
38 50
36 71
112 109
13 60
17 42
115 15
74 54
28 45
119 17
102 79
125 22
38 125
4 70
1 78
13 11
100 52
122 28
113 39
110 87
53 106
58 62
88 31
13 125
82 23
67 116
13 17
100 17
45 88
52 36
114 16
1 100
1 18
1 108
59 40
46 116
107 113
21 110
23 42
13 61
31 98
79 124
121 104
96 36
77 78
74 81
111 31
29 117
29 42
97 119
86 25
110 2
75 38
50 120
59 45
110 59
33 4
12 127
125 20
114 67
89 46
113 74
1 38
95 45
36 109
125 19
106 31
4 58
77 37
43 49
51 67
42 61
56 31
108 75
92 87
24 105
64 31
53 6
90 38
53 11
22 102
102 88
106 92
21 76
125 102
28 116
64 17
52 12
9 65
51 37
111 58
63 22
122 93
22 32
88 38
54 93
32 12
24 51
60 55
92 31
71 8
71 38
0 119
26 61
38 49
82 34
108 99
30 116
71 78
47 112
77 61
118 48
43 72
21 67
24 124
75 31
65 97
70 94
74 6
118 109
65 122
98 108
55 3
117 11
91 78
57 69
116 62
32 75
70 83
39 5
73 112
118 41
65 109
52 73
38 10
32 24
14 115
61 92
63 56
2 69
50 28
14 95
4 51
124 4
89 64
1 27
34 9
54 26
124 31
22 105
6 59
85 118
5 122
76 122
59 33
119 70
18 17
39 76
61 108
67 2
56 100
15 111
46 63
20 59
83 97
63 11
48 58
101 34
9 27
84 31
44 36
103 49
55 58
116 11
7 85
97 64
97 58
123 104
12 81
77 108
89 121
113 125
105 84
56 126
41 29
122 126
17 14
64 9
55 72
5 1
43 22
95 126
64 22
88 99
89 45
4 99
68 49
33 77
102 76
33 58
38 107
26 5
39 76
92 37
94 22
123 104
79 61
109 24
15 100
45 89
8 24
28 37
29 8
0 30
13 122
59 69
86 74
92 99
23 14
3 98
120 32
122 93
71 7
62 39
88 42
95 34
89 93
64 26
87 41
65 11
22 12
94 19
94 58
8 42
80 73
76 124
77 85
120 47
22 71
115 98
83 68
76 3
44 70
114 48
18 79
96 88
45 25
119 49
62 87
78 15
42 93
18 69
88 118
78 15
6 61
25 41
37 17
27 51
114 0
60 42
7 38
72 105
17 3
30 72
80 110
103 63
86 54
65 74
83 66
93 74
21 54
67 49
15 125
44 58
117 72
127 27
45 24
45 53
33 3
111 60
98 67
81 29
46 111
98 67
74 82
52 59
117 99
3 110
65 21
38 81
116 50
102 18
14 120
66 56
23 28
85 16
12 92
35 34
1 36
72 1
82 56
44 5
46 125
40 10
23 35
2 103
28 46
79 22
24 105
70 76
106 45
29 112
30 13
91 74
84 93
65 52
97 6
117 11
105 36
77 70
85 106
70 25
46 66
9 7
50 8
26 65
95 59
108 56
39 16
29 63
78 55
114 123
49 70
90 119
17 53
53 34
9 96
25 75
83 58
30 39
73 6
113 98
66 61
46 97
57 17
28 83
18 118
20 29
52 97
73 113
122 117
86 36
88 114
125 61
34 51
44 112
3 99
77 37
42 49
9 90
121 65
31 44
127 55
56 86
51 53
91 61
56 63
84 42
19 21
5 125
46 72
41 87
113 56
124 24
101 67
67 30
45 72
74 30
97 83
77 41
28 43
122 33
47 29
98 99
19 79
112 118
120 64
102 16
6 69
82 101
8 9
117 94
28 103
107 116
119 125
60 61
122 35
32 90
2 107
97 89
58 4
60 68
26 77
54 67
102 7
106 48
33 36
79 52
21 41
90 75
48 123
48 79
102 25
91 92
81 41
121 47
12 96
34 127
3 4
21 14
87 82
107 14
33 24
76 117
54 52
122 15
31 91
4 29
51 7
0 118
27 7
94 93
103 61
108 52
0 97
100 41
102 49
29 51
21 97
81 78
86 74
103 113
53 75
39 58
60 40
86 69
6 99
102 70
95 115
33 57
104 68
15 111
115 65
26 10
22 37
85 62
43 4
36 116
28 115
19 83
21 18
10 35
50 101
49 52
81 80
98 55
14 36
95 50
124 118
27 117
10 25
7 61
19 55
38 68
47 24
91 58
107 123
85 53
31 18
37 117
30 5
122 23
80 107
84 102
81 94
55 7
114 30
60 83
100 122
113 19
42 99
71 27
61 71
120 115
56 30
10 27
42 101
117 37
117 73
17 66
113 40
118 97
9 14
26 89
123 49
24 106
48 82
99 109
102 77
12 98
81 77
69 67
103 5
75 124
94 121
42 18
30 57
76 43
1 115
63 4
8 123
1 18
34 45
97 72
11 16
9 119
106 10
94 41
5 80
44 104
125 80
42 34
63 115
85 14
46 109
78 97
114 12
119 89
50 31
66 48
86 8
114 70
38 46
6 120
49 69
43 99
124 69
73 83
61 94
76 37
47 22
54 7
121 8
78 37
61 22
10 6
117 71
31 45
105 5
99 20
27 81
14 100
75 85
17 62
44 31
29 55
28 61
83 2
1 3
28 45
105 120
118 104
35 84
51 4
82 54
114 125
117 87
69 57
98 89
19 9
15 100
23 90
108 81
86 117
48 60
101 14
82 61
86 19
69 10
87 78
116 80
81 10
8 3
119 95
83 94
12 27
41 79
24 44
4 40
47 35
120 109
7 10
84 82
65 20
5 61
117 104
24 41
110 81
30 42
34 111
11 9
68 101
37 110
108 49
118 120
87 45
106 32
23 68
91 75
36 31
91 103
24 26
61 85
75 126
117 61
1 120
33 38
100 33
78 85
102 71
101 82
100 124
67 68
123 43
4 48
94 75
28 31
111 65
17 67
38 118
125 16
92 66
89 126
53 67
27 9
86 112
61 73
20 71
103 58
19 119
44 32
28 89
25 54
112 119
72 91
1 122
20 3
14 25
38 54
51 40
45 123
115 65
14 50
71 90
17 9
73 49
6 69
65 124
37 53
91 45
86 11
17 39
11 90
125 63
93 101
117 51
32 92
25 107
7 118
22 97
34 28
70 30
73 126
39 67
114 7
10 109
23 0
122 106
125 21
83 88
27 46
8 45
14 37
10 53
107 109
95 80
120 74
36 91
17 88
101 54
69 23
111 124
8 61
112 29
8 16
116 107
7 127
46 28
116 56
91 84
108 57
33 82
54 7
52 101
76 44
26 85
76 40
50 81
27 21
56 89
24 118
50 67
103 111
122 90
2 92
27 49
83 15
110 79
110 74
47 62
7 74
4 127
32 63
58 43
108 68
6 60
10 39
61 54
25 59
61 73
114 17
126 118
91 93
47 35
62 43
62 84
23 124
124 107
40 18
111 79
24 55
32 123
121 113
58 20
20 7
73 96
56 54
5 25
127 71
38 41
82 99
118 7
21 47
122 73
96 115
84 101
83 16
56 76
16 61
44 29
106 4
39 12
117 39
49 31
72 48
108 34
77 99
53 120
7 51
11 29
8 85
118 123
84 96
89 86
51 62
83 107
15 28
38 32
75 68
3 79
113 7
85 65
96 69
125 104
124 118
27 112
80 77
30 117
22 64
101 46
110 48
99 59
1 79
125 86
36 66
17 66
92 91
14 13
24 16
14 111
117 123
100 64
95 117
10 125
111 93
78 77
88 46
22 45
19 27
91 119
86 78
10 34
10 44
102 59
37 31
34 65
103 55
65 101
42 126
110 41
24 104
115 72
27 74
116 31
111 43
5 4
64 65
122 76
121 116
3 32
123 48
44 99
47 23
112 121
25 61
24 84
45 60
124 92
62 100
112 106
2 125
89 76
58 64
117 42
17 121
42 3
99 95
109 81
103 15
32 89
55 56
5 34
72 16
33 82
92 126
61 25
118 38
69 56
61 55
114 78
47 126
12 118
122 120
107 7
59 19
97 117
97 67
48 104
62 89
49 51
119 40
115 73
73 65
25 58
48 89
113 110
22 74
93 20
27 118
26 49
97 18
76 68
56 124
17 7
46 71
53 18
107 20
71 103
99 21
113 26
121 63
124 71
103 65
127 105
1 63
54 125
113 12
4 41
86 65
103 15
32 47
2 46
52 83
67 29
28 32
5 64
9 25
36 73
24 100
25 109
86 83
68 42
69 78
69 92
5 11
93 73
60 115
53 58
47 73
10 28
23 49
106 71
2 17
93 17
7 50
18 63
61 102
125 28
125 36
29 119
55 64
79 13
49 93
109 29
22 21
15 52
91 85
114 127
59 92
111 74
124 119
76 93
32 80
99 35
36 121
116 65
115 117
63 7
29 95
22 117
51 86
20 50
21 107
3 60
96 45
66 13
112 90
30 20
47 86
110 102
95 37
27 83
116 51
34 76
71 50
51 69
37 71
47 75
110 27
60 112
14 34
55 62
87 113
88 39
53 60
1 87
105 29
40 82
27 113
50 115
57 126
21 93
13 35
31 81
20 91
107 104
14 94
91 14
32 102
69 59
84 39
0 63
108 105
5 56
92 55
61 8
15 83
28 72
119 19
107 91
40 112
5 100
108 102
41 23
126 61
9 5
57 112
79 46
114 99
122 112
9 42
89 54
39 85
65 117
109 30
99 81
89 14
85 72
126 29
51 115
5 20
67 126
97 72
0 99
73 104
118 33
104 70
57 17
33 45
9 93
108 119
38 57
84 10
118 35
102 107
18 104
25 34
56 122
51 109
126 46
59 76
104 73
32 101
116 59
106 123
55 65
97 86
17 40
24 127
76 58
78 71
21 70
52 114
76 81
90 108
14 72
33 108
11 123
92 107
98 19
11 99
30 94
4 107
29 112
118 0
4 80
81 116
81 107
5 12
7 95
86 18
107 6
125 110
56 110
42 12
61 0
49 113
103 59
14 47
126 64
16 90
89 5
36 43
105 70
39 50
121 78
22 107
57 121
24 60
87 14
83 48
38 55
37 57
11 54
83 25
114 110
34 77
80 79
40 64
74 120
67 47
117 15
6 123
78 125
15 106
12 34
90 123
126 58
23 15
38 77
7 50
82 68
51 118
20 114
3 60
101 44
86 94
39 123
23 64
82 94
86 43
1 121
10 120
18 16
124 38
73 62
44 112
47 45
93 108
45 93
28 123
34 29
58 105
53 11
50 67
112 105
62 119
54 53
25 59
58 50
47 59
56 112
60 50
104 89
127 11
82 71
23 117
117 11
94 71
105 94
7 40
116 57
87 8
26 85
123 100
9 3
119 44
91 99
58 76
63 56
22 38
70 109
101 114
92 119
110 89
87 24
94 10
72 65
27 105
76 96
7 3
113 75
111 116
35 119
73 62
49 33
23 11
17 77
59 3
92 4
70 101
100 5
1 43
79 114
18 60
44 77
49 33
112 104
109 22
75 7
41 57
113 51
29 109
97 20
83 27
18 88
40 14
118 47
16 57
58 64
65 81
59 22
89 38
67 63
99 5
32 121
41 102
25 53
60 23
23 88
113 54
39 77
75 8
63 37
125 14
58 119
117 51
29 73
93 10
45 22
89 99
21 47
75 49
88 1
3 115
60 113
8 5
107 81
71 57
10 19
29 112
62 69
81 22
50 105
93 30
71 94
85 88
38 9
121 75
11 6
97 123
127 30
12 53
61 30
34 21
39 66
68 6
113 60
5 0
44 33
122 93
98 28
90 7
62 122
101 115
7 67
45 39
36 6
66 86
84 75
99 113
55 3
46 14
52 68
102 98
63 27
112 66
113 7
21 6
105 121
120 90
18 77
65 63
97 40
120 27
91 56
1 91
79 113
91 84
43 57
44 125
24 39
65 1
80 53
17 93
41 102
0 26
48 20
81 52
36 105
58 96
80 121
111 40
63 102
26 23
17 70
71 90
57 96
71 22
92 56
120 48
6 111
18 127
73 25
120 105
94 20
89 53
110 18
88 44
68 94
119 123
52 90
38 46
90 24
99 41
12 97
124 12
102 99
98 9
35 73
66 74
55 98
99 89
125 30
61 80
36 13
118 70
110 6
93 100
19 107
120 125
66 11
126 91
9 37
103 36
122 52
66 26
61 68
114 43
47 62
117 68
122 18
119 17
124 88
54 98
117 70
21 114
122 111
94 77
107 118
12 5
34 42
50 20
57 58
16 67
124 60
87 31
53 60
35 114
66 88
22 76
70 60
124 24
95 47
103 100
91 17
57 49
54 3
81 97
9 119
68 73
38 93
24 53
5 98
124 35
84 24
101 114
82 52
116 20
43 69
16 1
58 101
8 119
89 39
35 39
23 78
106 86
74 47
80 105
28 58
50 5
28 89
50 17
43 121
60 35
5 83
35 64
34 5
120 24
114 68
97 35
114 2
67 9
32 27
67 29
80 66
39 73
16 41
16 105
51 47
69 9
73 88
87 98
17 102
124 30
0 5
56 106
102 42
1 39
123 97
0 47
25 69
6 91
35 96
29 108
81 26
80 42
115 87
26 89
67 80
44 14
60 47
57 111
13 33
70 39
108 18
77 124
44 121
105 99
15 108
37 17
99 2
73 36
45 58
25 65
14 55
105 75
7 116
15 24
57 13
115 107
28 83
111 21
119 81
102 70
31 6
51 35
126 68
56 46
3 15
33 14
17 86
88 77
78 34
122 10
45 112
83 86
38 76
27 106
51 57
47 77
46 10
103 12
101 97
99 88
50 62
71 55
3 118
80 78
60 79
50 127
0 16
122 79
116 81
80 74
79 14
75 1
18 2
8 123
75 86
113 15
117 106
77 5
114 55
10 12
36 77
101 96
85 83
48 124
1 50
11 113
101 45
114 45
18 48
40 56
106 2
23 8
78 15
27 116
79 87
49 119
10 46
87 107
15 111
38 91
87 14
120 108
68 81
82 11
104 11
29 9
1 43
112 49
104 15
25 1
41 114
1 85
91 71
10 57
15 9
83 36
0 51
125 11
102 104
100 77
78 86
85 100
51 104
7 57
90 5
75 77
39 66
68 1
91 86
66 27
9 94
15 1
115 41
81 24
6 124
124 25
51 25
113 64
70 95
34 42
17 114
40 84
46 27
110 53
18 85
74 54
5 98
12 86
92 102
113 26
122 33
30 119
123 47
82 53
82 94
96 107
85 106
32 24
46 19
2 48
99 52
73 102
34 94
78 73
19 91
14 64
12 44
114 116
20 12
47 36
31 48
24 122
23 16
28 37
84 66
36 24
90 111
67 112
30 60
109 46
10 67
79 116
65 16
9 46
75 91
65 78
26 11
3 106
6 115
118 6
35 47
92 71
74 49
21 86
30 43
112 65
42 59
16 124
1 125
79 122
2 12
53 32
85 59
122 25
5 39
76 86
34 40
33 21
7 115
58 43
0 48
23 44
7 110
115 106
113 65
116 122
126 13
114 69
105 87
17 98
104 110
33 36
115 39
112 53
43 63
61 68
105 67
80 18
120 91
29 45
51 15
108 42
8 76
1 42
65 10
115 67
32 72
64 27
114 64
100 12
107 39
116 5
25 75
24 51
125 75
2 124
126 100
102 45
118 33
73 25
83 9
108 63
14 64
123 45
95 111
94 91
98 36
125 53
89 42
13 99
1 23
82 24
67 30
126 73
84 107
26 48
25 61
62 48
22 91
71 39
83 49
24 121
71 115
87 86
69 113
89 52
25 33
29 15
84 32
65 59
34 52
122 21
13 44
74 65
39 42
13 122
54 63
94 116
37 67
119 97
108 124
120 52
4 9
71 21
123 91
116 73
112 7
48 55
42 49
101 122
44 34
91 22
78 119
124 60
84 46
10 20
87 39
67 48
90 39
32 40
26 32
119 116
91 87
49 10
55 3
113 125
79 114
93 76
6 122
78 2
23 34
101 113
124 103
65 105
16 76
58 85
54 37
104 10
9 74
6 82
29 36
1 106
29 120
55 107
28 123
30 119
15 3
6 126
92 70
92 110
64 21
17 28
117 37
44 47
23 26
11 35
90 71
37 41
112 107
121 0
103 56
47 9
103 56
85 79
94 82
81 32
22 8
119 115
90 30
15 96
49 63
122 72
79 47
98 43
105 29
54 12
40 107
59 98
55 2
111 56
2 110
28 24
103 54
65 47
104 78
10 122
94 3
16 68
53 1
21 118
13 97
13 72
32 85
78 108
113 43
79 47
38 112
2 52
87 99
97 35
103 112
93 46
93 114
102 52
105 80
78 119
35 87
117 21
31 92
50 72
9 115
35 40
98 58
37 103
74 23
102 121
20 51
107 21
18 111
25 65
6 92
103 120
44 97
71 56
116 45
5 40
84 94
107 74
59 17
120 67
31 37
62 123
24 124
22 81
58 44
17 98
17 72
41 5
49 69
119 9
75 29
15 51
93 106
23 76
10 85
40 63
13 56
28 95
75 30
73 59
66 27
16 7
47 34
118 28
114 78
2 10
81 34
9 98
16 32
79 67
116 99
37 58
87 82
36 80
3 67
103 124
79 46
4 71
123 102
113 81
79 42
55 49
52 120
90 26
25 3
63 7
126 111
108 24
55 110
118 120
38 58
23 99
83 88
22 33
22 89
54 49
37 28
114 62
49 120
15 70
53 11
70 54
24 62
14 28
120 82
60 121
113 84
98 37
66 122
40 109
23 42
65 80
88 96
13 10
94 76
52 30
14 82
113 11
54 49
108 89
15 66
93 15
25 102
51 113
69 120
98 53
43 103
93 123
30 51
29 47
76 74
36 10
8 71
112 78
118 70
95 12
67 93
25 125
96 36
68 66
82 53
59 52
96 116
107 55
54 98
7 26
111 110
88 49
7 98
34 58
122 54
95 127
10 113
60 125
103 72
48 19
44 94
90 49
44 3
75 127
69 120
72 57
70 64
53 28
31 9
39 18
36 58
51 102
103 99
91 117
50 34
109 125
43 30
39 73
94 33
18 94
94 39
31 19
6 4
32 51
45 14
53 4
80 32
27 108
85 52
95 38
75 109
90 105
45 18
64 28
79 96
77 69
24 68
85 86
101 71
10 23
1 38
70 120
67 107
117 61
21 30
105 108
62 79
115 25
73 64
64 68
62 6
81 55
55 22
20 89
85 31
122 14
56 25
118 8
11 6
67 80
2 51
53 122
126 124
11 73
49 29
8 15
23 36
3 17
89 112
81 34
20 46
49 71
39 47
27 82
126 90
78 27
61 67
118 27
20 45
81 121
92 31
120 111
62 96
1 50
11 16
45 113
76 75
74 104
123 100
83 74
42 19
61 72
25 45
30 93
50 70
61 108
60 31
17 36
25 65
44 96
46 66
86 34
20 46
39 98
99 102
123 48
110 98
88 30
7 116
124 39
109 0
26 107
1 111
65 72
60 46
12 11
20 25
92 22
56 107
98 87
53 120
109 121
62 55
9 15
101 98
84 108
93 124
83 38
66 5
111 2
17 103
14 51
18 86
30 4
19 90
14 88
55 126
84 0
34 39
79 58
67 126
47 29
68 55
82 51
100 116
104 71
123 24
92 67
24 95
81 78
28 103
104 118
81 20
64 123
7 49
33 93
8 44
45 54
68 10
111 52
77 9
70 111
41 26
42 114
47 98
19 30
117 9
39 69
106 59
4 70
56 107
101 81
49 15
123 101
67 5
99 5
53 80
14 22
64 93
110 27
56 50
92 30
56 121
125 86
11 78
5 64
66 75
41 122
69 33
76 54
15 64
69 12
120 123
109 65
124 0
89 40
111 15
122 83
56 96
69 18
65 112
126 122
12 38
118 83
3 18
108 110
3 97
71 77
29 127
5 100
36 8
107 62
123 26
40 89
121 45
30 15
15 126
95 53
80 76
13 73
124 4
122 50
106 1
58 15
48 37
19 47
69 2
24 117
93 42
67 47
14 107
4 116
73 102
22 99
64 84
54 61
37 14
50 84
96 76
24 22
27 25
37 46
30 55
118 9
65 115
73 100
73 62
125 118
124 107
89 4
36 126
15 109
82 52
38 73
84 56
54 32
36 63
28 57
3 88
13 21
79 8
121 117
41 54
75 61
49 119
24 66
37 113
17 72
121 49
34 79
38 99
112 52
72 58
50 91
46 127
15 41
96 78
127 0
52 40
31 6
23 32
126 15
4 57
112 55
57 4
125 36
61 78
38 5
108 69
101 113
57 49
58 109
6 42
50 18
93 108
82 36
79 18
112 16
113 69
67 14
30 21
64 77
15 97
113 32
1 118
30 13
122 49
67 11
84 105
18 88
78 58
122 81
2 4
75 101
58 85
70 10
11 80
81 20
92 106
52 7
51 90
28 68
31 83
56 54
95 18
121 104
124 8
92 32
19 53
110 124
41 84
85 53
72 30
92 58
110 85
58 33
6 92
23 119
114 73
63 34
44 104
114 19
80 20
110 59
118 104
42 58
86 11
7 85
10 91
23 24
30 119
82 18
8 1
115 16
113 66
25 74
98 100
20 53
29 32
57 55
17 81
3 86
96 77
30 54
23 123
37 111
13 76
27 123
124 44
4 15
4 119
5 86
63 115
54 44
107 88
61 80
38 23
14 28
17 99
19 102
124 77
95 76
29 57
119 22
33 123
80 45
107 51
72 102
68 64
127 53
27 3
84 35
27 87
53 84
100 116
16 52
20 77
98 26
28 8
5 19
54 48
16 24
14 113
105 120
95 74
20 62
12 29
62 119
86 124
27 121
88 11
106 103
95 74
95 28
85 35
67 4
89 106
104 64
62 11
81 39
2 29
94 4
59 71
111 87
62 56
15 7
15 95
92 16
11 30
16 11
33 39
106 3
52 51
94 48
88 118
13 37
93 14
36 49
82 54
54 11
73 125
28 105
70 93
5 48
54 93
79 78
82 43
93 40
29 9
31 75
104 105
3 49
103 38
77 119
68 54
72 89
56 18
91 76
34 82
120 51
62 56
54 115
87 55
72 9
107 35
100 23
115 49
95 123
51 113
78 70
119 47
31 70
98 52
15 92
24 103
124 79
29 30
42 55
81 47
120 82
114 24
121 23
2 46
38 113
67 90
121 18
24 122
17 69
55 54
111 108
28 103
80 81
120 6
53 100
117 58
33 74
37 7
30 50
98 29
11 120
106 41
108 15
59 54
82 91
70 108
5 56
64 85
79 39
53 109
41 105
90 60
26 123
119 125
20 66
50 21
87 125
23 16
29 3
40 125
20 76
67 115
31 4
83 108
7 77
121 60
100 29
113 106
47 107
71 15
106 91
79 109
83 49
92 65
11 94
5 39
81 113
17 51
41 35
88 23
84 23
50 110
122 92
18 51
63 106
43 90
42 113
78 25
18 126
55 75
83 76
67 43
122 93
97 32
23 98
102 94
9 123
14 106
127 107
36 6
93 5
22 73
12 98
115 10
5 61
17 28
79 47
96 50
51 111
95 66
48 46
85 32
87 75
98 76
32 95
22 97
32 40
82 50
49 64
74 12
80 92
60 40
51 58
21 35
42 113
52 112
110 82
34 100
38 40
65 30
104 7
44 116
94 66
74 52
127 78
93 13
47 39
60 13
88 120
20 109
97 86
97 100
54 68
12 31
29 24
3 39
19 70
26 64
70 105
31 6
