2.986335e-05 1
1.568327e-04 266
1.704494e-04 1
1.091414e-04 38
9.076355e-05 154
6.507487e-05 1
3.706397e-04 2
1.715425e-04 2
2.552602e-04 1
1.234659e-04 3
7.884317e-06 1
2.697883e-05 3
2.625534e-04 6
8.483248e-06 1451
6.148043e-05 1
1.955965e-04 1
9.478413e-05 1655
1.898238e-04 1
1.730261e-04 1
1.533920e-04 3
1.418826e-04 416819
9.550676e-05 2
2.517112e-04 37
1.768406e-05 1
3.575080e-04 1
1.454684e-04 1763
8.893687e-05 987
3.757843e-05 1
4.804618e-04 3
2.982211e-04 3
4.548821e-05 1
2.134195e-05 11086
3.908540e-04 1
2.987899e-04 7
7.372079e-04 1
1.390819e-04 1
3.033965e-04 7
5.363912e-04 1
1.088049e-04 1
3.929134e-05 3
4.914452e-04 7
4.457694e-04 811
6.642073e-05 3
4.171799e-04 7
1.536014e-04 61
3.632389e-05 1
4.660006e-04 3
4.047551e-06 1
4.358462e-04 7
1.894129e-04 1
1.715662e-04 101
2.706757e-04 1
2.450794e-04 921
3.812458e-04 1
6.245548e-05 3
5.038812e-05 1
7.008850e-05 1
5.389507e-04 1
1.236496e-04 110
2.450391e-04 1
1.257847e-04 2
2.316138e-05 2
6.239983e-05 1
1.123046e-04 1
4.305434e-05 1
1.021257e-04 254
4.203300e-04 1570
4.798656e-04 1
2.568272e-04 449
3.235063e-05 6
3.932030e-05 31027
1.071895e-04 93
1.048223e-03 1
4.133960e-05 1
1.158765e-03 1
1.594361e-04 554
9.513692e-04 6
6.929927e-04 3
2.665118e-04 2
1.199686e-04 1
2.800104e-04 1
3.157042e-06 1
3.961210e-04 32
4.948734e-04 6
4.447317e-04 1
8.557139e-05 73
8.033717e-06 1
4.499654e-05 5157
6.563150e-05 1
2.783048e-04 1
1.875083e-04 2
3.336881e-04 1
7.765640e-04 66
1.180520e-04 1
1.609677e-04 1
1.367931e-04 3
3.364026e-04 1
4.370605e-04 3
4.364647e-05 1
2.391743e-04 1
1.608063e-04 1
4.005678e-04 1
2.218766e-04 1
1.277130e-03 266
2.750752e-04 28058
4.740660e-05 229
1.492730e-04 1
1.175096e-04 2
6.440114e-05 1311
2.712790e-04 1
5.709784e-04 62
3.526402e-04 1
2.436343e-04 876
3.255945e-04 1
2.246292e-04 3
1.162825e-04 1
1.922665e-04 1
2.456960e-04 1
3.142142e-04 1
1.515465e-04 6
7.429220e-05 1
5.064690e-04 2
5.418150e-05 1
1.412092e-04 60731
2.030378e-04 3
6.653077e-04 1907
1.802013e-04 1
4.734777e-05 1
3.327988e-04 132
1.989147e-04 1
2.548881e-04 1
3.059787e-04 3
3.424121e-04 4
2.338654e-04 1
4.602548e-05 35040
4.400606e-05 3
9.139434e-06 4
1.699112e-04 1
3.277499e-04 1
3.125038e-05 1
3.967924e-04 2
1.681998e-04 3
1.870749e-04 16286
2.350370e-04 1453
2.676197e-04 4
5.805627e-05 1
2.319430e-04 3
6.806900e-04 145
7.422809e-05 1
3.821827e-05 708
3.838259e-04 720
2.725571e-04 3
1.620176e-04 1
1.114509e-04 68
1.260517e-04 1
6.123105e-05 1
1.112388e-04 1
1.253599e-05 6
2.178701e-05 200
4.077136e-04 2
1.522415e-04 1
8.113578e-07 1430
4.470806e-04 1
2.920152e-04 3
1.804663e-05 3
1.248424e-04 1
1.169904e-05 3
2.417391e-04 2
8.838474e-04 6
2.650116e-04 5
2.094394e-04 42084
3.261865e-04 7
6.927301e-05 1
2.671635e-04 1
3.249720e-04 6
2.595503e-04 6
5.257059e-04 1
4.194234e-05 169
5.340770e-04 1
4.432235e-04 2
1.119321e-04 2
7.306314e-04 1
4.503445e-04 1
2.794431e-04 1
8.029745e-04 2
6.677608e-05 1
6.307608e-05 1
5.086801e-05 1
1.161794e-05 1
1.118762e-05 1
1.402243e-04 1
1.863298e-04 2
2.844892e-04 1
4.187277e-04 1
4.830436e-05 1
6.431993e-04 3
5.745788e-04 146
1.797722e-05 7
5.105296e-04 1
4.613203e-04 1
1.137679e-04 1
3.147003e-06 1
4.470389e-04 6
4.219486e-05 3
6.792729e-06 175
1.452200e-05 80
2.494737e-04 1
2.729754e-04 2
1.545152e-04 1
1.327889e-04 6
1.451491e-04 3
6.792259e-05 6
5.249836e-04 3
2.463680e-04 1
4.859838e-04 1
1.810299e-04 32585
3.633426e-04 1
5.357412e-04 156
8.161835e-05 1
2.203512e-05 312096
1.606860e-04 1
5.301567e-05 1
1.984654e-04 4
3.884481e-04 2
5.119904e-04 1
1.573764e-04 1
3.198638e-04 1
4.720147e-04 1
3.170243e-04 1
3.611801e-04 164
1.770079e-05 2088
1.200834e-04 1
2.031832e-05 1
5.164450e-04 46
1.111666e-04 1
7.206444e-04 1
1.005293e-03 1
2.125160e-05 1
6.416169e-05 7
6.797721e-04 494
1.340882e-04 19410
2.072292e-05 1
4.947360e-05 1
4.207768e-04 7
2.600285e-05 13
6.197792e-05 1
1.279622e-04 1
5.921553e-05 2
1.538450e-04 1
3.788596e-05 1
6.189586e-05 3
4.644157e-04 181
3.650529e-04 183
3.275538e-04 3
1.377491e-04 6
1.790399e-05 1
2.682032e-04 51831
1.191916e-04 1
2.196518e-04 5
1.406359e-05 3
7.859461e-04 3
1.761733e-04 1
3.988757e-04 183
8.500431e-05 4
7.448320e-05 1
2.561992e-04 35015
2.164718e-04 2
8.657273e-05 4
4.120148e-04 1
3.381068e-04 2
2.281581e-04 1
1.059395e-04 1
4.059971e-05 3
2.313534e-04 2
6.236788e-05 1
2.031037e-04 3
3.942958e-04 1
3.690776e-05 1
7.169254e-05 1
4.468710e-04 146
1.135027e-04 121
5.436123e-04 2
8.920095e-05 1
8.719033e-05 3
1.862821e-04 6
7.944362e-05 1
8.845844e-04 1
1.566779e-04 1
3.077349e-05 47310
1.111065e-04 1
1.321359e-05 1
3.863166e-04 1
3.297380e-04 1
4.972161e-05 4
6.830446e-04 1
4.698908e-05 1180
1.185737e-04 1
7.051541e-05 1
7.606439e-05 1
1.776511e-04 1
1.655257e-04 1
1.390631e-04 7
4.679449e-04 3
1.527307e-04 1
2.899324e-04 229471
4.471147e-05 1
6.113413e-05 2
2.054231e-05 2
8.659066e-05 1
2.582185e-04 1
6.961522e-05 1
1.441786e-04 1
2.229846e-04 1
1.968203e-04 1
6.997792e-05 257
1.070268e-03 5
7.776700e-06 2
8.710721e-04 4
1.398191e-04 59
2.929530e-04 646206
2.606127e-06 1
2.022095e-04 289302
2.418936e-04 1
1.525934e-04 1
1.968088e-04 1
6.585118e-05 2
4.183059e-05 1
4.110477e-04 1
1.997782e-04 146950
1.482885e-03 1
9.216900e-04 1
2.288042e-04 1
2.350897e-04 1
1.418555e-04 1
6.643959e-05 7
9.206020e-05 5
1.002345e-05 1
2.281402e-05 3
6.100452e-04 3
4.436909e-04 1
2.825066e-04 1998
2.983352e-04 1
5.608977e-04 4
2.225072e-04 3
1.134247e-05 1
7.588812e-04 4
1.338478e-05 3
2.269550e-04 59145
1.186232e-04 2
5.238872e-05 1
4.017436e-04 1
9.092145e-05 1
6.242982e-05 1
6.640527e-04 1
8.892148e-05 92
1.185400e-04 1
1.001172e-04 1
5.950983e-04 5
8.383748e-05 1
4.004359e-05 3
1.233412e-04 1
8.641633e-04 1
1.762769e-04 1
7.052732e-05 1
1.421097e-05 1
1.701845e-04 1
4.811411e-05 25
2.356662e-04 32641
5.740929e-06 1
1.641089e-04 3
6.591691e-04 33068
1.211371e-05 3
3.696105e-04 1
8.932092e-05 5
3.125259e-04 697
1.981389e-04 1
3.790614e-04 2
2.282409e-05 1
3.092432e-04 1
2.485074e-04 2
1.294954e-04 1
2.048584e-04 1
1.648157e-04 1
9.467389e-05 1
1.847964e-04 7
3.590898e-04 3
1.864866e-04 546653
5.259502e-04 1
1.382844e-04 109
1.151555e-04 1
8.372490e-04 3
1.586989e-04 1
8.623821e-05 254
1.342900e-04 1
2.690482e-04 1
1.402406e-03 27098
6.028330e-04 3
2.635323e-04 9110
2.780484e-04 2
1.268001e-04 1
4.220148e-05 1
2.304118e-05 87
1.577093e-03 6
1.877095e-04 1
3.949258e-04 3
1.435759e-04 1
1.395564e-04 1
5.774274e-05 1
5.487240e-05 1
4.115558e-04 1
1.912061e-04 71
1.164141e-04 66526
3.157314e-04 1
1.226391e-03 1139
2.404187e-04 1647
1.719906e-04 1
1.177358e-04 5
2.206911e-04 1
6.168966e-04 2
2.947992e-04 1
1.700599e-04 3
4.443321e-05 1
4.073316e-04 3
1.280129e-04 1
3.447338e-05 458
2.209210e-04 1
3.987808e-05 1
1.017400e-04 1
6.528992e-05 145
5.302574e-06 4148
4.063319e-04 909
8.560534e-05 2
6.682700e-06 1
1.253076e-04 1203
2.059809e-05 145
4.175431e-05 6
3.206735e-05 3
4.994154e-04 1
8.876652e-05 1
6.109592e-04 6
3.125410e-04 2
2.007725e-04 105
8.382194e-05 207
7.210712e-05 2
2.532082e-04 2
2.398457e-04 291
2.269258e-04 1
2.377097e-04 5
4.229273e-04 1
1.895732e-04 2
8.745640e-05 1
5.949626e-05 1
4.643257e-04 221
7.442975e-07 7
2.334837e-05 1
3.969016e-05 1
2.588664e-04 6
8.025445e-05 1
3.460241e-05 230
1.073268e-04 57060
8.166241e-05 1
2.420019e-04 33
4.144810e-04 1
1.537576e-04 3
1.665126e-05 1
4.224927e-04 1084
1.014726e-04 2
2.759634e-04 1
5.279933e-05 1
1.269122e-04 1
4.653766e-05 62226
1.874099e-04 1
1.032061e-03 86
1.411568e-04 1
4.276709e-04 1
9.792670e-04 5
1.129196e-03 44782
2.012812e-04 45285
1.544292e-04 1
5.105152e-04 7
7.590642e-05 5
7.744394e-05 4
4.850552e-06 1
4.073841e-04 1
1.389030e-04 3
2.101551e-04 1
3.043533e-04 100
3.918532e-04 1
1.399558e-04 1
1.105120e-06 1
1.315086e-04 1
5.628984e-04 1
4.402738e-04 2
1.131167e-04 2
3.813589e-04 1
6.504822e-05 2
2.935410e-05 1
4.787974e-05 1
5.005179e-04 1
1.494628e-04 2
5.702793e-05 1
2.772734e-05 1
6.289631e-04 3
3.294537e-05 1
1.361226e-03 213
8.920215e-05 7
3.199880e-04 2
3.435173e-04 1
5.709643e-04 1
1.959463e-04 1
1.161782e-04 1
1.194015e-04 1
4.328440e-05 47133
4.000657e-04 7
2.804118e-04 1
6.710103e-04 1
9.061339e-04 6
8.560657e-04 62737
3.523233e-04 56501
6.359410e-04 221
8.086480e-05 626
3.377352e-04 3
3.992753e-04 74
2.749401e-04 1
1.342712e-04 158
1.762632e-04 1960
3.482880e-04 1
1.552296e-05 1
5.449189e-04 27994
9.855430e-05 270265
1.650933e-04 1
4.823618e-04 248
3.507188e-04 1
3.993968e-05 5
3.348458e-04 1
7.564293e-05 46
2.186575e-04 3
6.674879e-04 1
3.355996e-04 2
1.153659e-04 4
5.955835e-05 1
4.503046e-04 3
5.658960e-04 2
6.098123e-04 2
6.178839e-04 1
1.035163e-04 1
4.212270e-04 6
4.475685e-04 1
8.393814e-04 1
7.103535e-04 2
9.492561e-05 1
1.906172e-04 1
1.102182e-04 4
2.723876e-06 1
2.184910e-05 2
3.294346e-05 56572
4.041340e-05 1
1.799049e-04 2
2.331787e-04 1
2.015020e-04 3
1.203451e-04 2
2.034445e-04 1
2.010150e-04 1
1.247709e-04 1
4.565913e-04 167
3.199397e-04 263
5.024325e-04 1
2.342355e-04 1
1.652623e-04 1
1.561126e-05 136
1.174803e-04 1
4.181636e-04 1
3.675219e-04 7
1.552621e-04 1
3.804833e-05 1
5.495672e-04 2
2.119624e-04 1
1.727241e-04 1
1.415910e-05 1
8.175807e-05 1
8.026732e-04 2
3.233773e-05 1
8.696621e-05 1
1.928333e-04 1
2.114189e-04 176
6.156771e-04 2
2.667326e-04 1
6.946741e-04 125
4.478125e-04 1
3.286418e-04 1
3.969297e-05 1
9.749250e-04 5182
1.520611e-04 1
5.572670e-05 3
6.661086e-04 1
1.553579e-04 7
4.251039e-05 464
3.525754e-05 1
7.039610e-05 4
3.772653e-04 7
2.444837e-04 568146
7.331991e-04 1
4.000185e-04 3
9.274031e-05 1
2.008272e-04 1
3.311773e-04 2
8.214217e-04 1
1.116167e-04 1
3.162811e-04 2
1.194024e-04 182
6.316100e-04 28
6.830337e-04 1
1.800924e-04 1
3.034433e-04 6
2.150645e-05 3
9.638029e-05 194
2.191399e-04 1
5.579334e-05 1
3.707730e-05 1
2.746833e-04 106
4.676008e-05 108
3.984842e-04 1
5.673381e-04 1
1.427719e-04 1335
3.211932e-05 2
2.467108e-05 2
1.456908e-04 3
3.027834e-04 1
3.132873e-04 1
5.021418e-04 1
6.193928e-04 6
1.107775e-04 1
5.140090e-04 1
4.298102e-06 7
3.648830e-04 3
1.113953e-06 1
6.402409e-04 2
2.712094e-04 7
4.854497e-04 2
4.185995e-04 2
3.288549e-04 5
2.845073e-04 1
1.276419e-05 2
3.612418e-04 1
6.275518e-04 1
1.418024e-04 1
3.892948e-05 5
5.469335e-04 1
3.246982e-04 1227
8.474692e-05 1
4.085900e-05 299
6.690788e-05 1
2.027809e-04 1
1.363846e-04 1
1.021051e-04 6
2.856984e-04 1
4.413862e-04 3
2.077145e-04 1
3.196493e-04 224
1.542883e-04 2
4.337700e-04 193
1.816224e-05 1
5.116252e-04 4
7.340049e-05 1
1.073982e-04 1
3.163359e-04 1
6.353925e-05 3
5.245979e-05 1
2.970910e-04 4
2.490119e-05 1
1.344002e-04 1
2.532721e-04 1
8.218644e-04 1307
6.057928e-05 2
3.202498e-04 15
2.913250e-04 1
3.077983e-05 1
9.243607e-05 4
3.397701e-04 2
2.316926e-04 1
2.146851e-04 1
1.486186e-04 1
1.936305e-04 1
4.907093e-04 1
2.519150e-04 1
6.064296e-04 3
1.512305e-04 1
1.103041e-04 1343
1.531836e-04 1
3.542316e-04 1
1.458468e-04 6
2.141658e-04 3
1.540966e-04 7
4.693818e-04 2
4.815290e-04 3
2.834812e-05 4
1.524467e-05 1
7.928915e-04 2
1.609176e-04 1
8.310142e-05 36
5.177411e-04 1
5.083684e-04 3
1.556498e-04 1
1.592211e-04 2
5.414861e-04 2
1.212236e-05 5
2.438016e-04 1
1.113632e-04 6
4.352369e-04 1
9.488135e-04 1
2.369338e-04 1
5.466415e-04 1
6.631854e-05 1
2.476829e-05 3
5.600085e-04 1
1.641272e-06 6
5.698040e-04 1
2.187434e-04 3
4.599336e-05 2
5.453407e-04 1
6.941436e-04 1
4.132174e-05 1
1.013606e-04 2
3.094134e-05 1
1.843829e-04 1
2.314458e-04 1
7.197370e-05 7
7.811435e-05 4
1.770404e-05 111
4.647315e-04 3
4.427602e-05 203
4.096283e-05 2
5.167289e-04 46397
4.814816e-05 1
3.532616e-04 1
3.583307e-05 2
3.139677e-05 1
2.300005e-04 6
1.354700e-04 7
4.045455e-04 4
7.909748e-04 3
1.348983e-04 1
4.609154e-05 1
1.415981e-03 7
9.139046e-05 541
6.654061e-05 1
3.710124e-04 6
1.103548e-04 7
7.977044e-05 1
5.960458e-04 1
2.028544e-04 2
4.800671e-05 1
1.470615e-04 28983
1.181355e-04 3
3.306241e-06 1
1.825226e-04 1
9.885265e-05 1717
1.299745e-04 6
2.742171e-04 157
3.802237e-06 1
1.023292e-04 1
3.148611e-04 1
2.095268e-04 3
2.413165e-05 1
5.931823e-06 1
9.762734e-04 1
1.071986e-04 1
2.374809e-04 54
1.492877e-04 2
1.725564e-04 3
8.018429e-04 1
4.922729e-04 1
2.842841e-05 1
4.360629e-04 3
2.747539e-05 2
2.145450e-04 4
6.191130e-04 3
2.260621e-04 13013
2.819444e-04 3
9.915850e-06 97
1.310525e-04 1
3.571623e-05 2
5.479605e-05 1
6.661041e-04 1
1.069648e-04 1
3.769118e-05 1
1.055577e-04 1
2.764807e-04 5
8.669879e-06 1
2.674057e-05 1
2.895572e-04 1
6.192053e-05 1
1.839987e-04 25
8.553573e-05 6
4.821749e-04 1
2.494788e-04 1
9.642838e-06 2
6.054402e-05 3
2.470914e-04 1
1.797814e-04 1
1.785731e-04 1
4.487113e-04 1
2.451017e-04 66152
7.369591e-05 1
2.266727e-05 595324
1.459221e-04 55
3.321199e-04 1
2.777387e-04 4
1.124653e-03 1
4.107953e-04 2
4.957787e-04 1
1.535539e-04 3
2.681709e-04 1
2.537195e-04 3
4.314919e-04 207
2.297656e-05 1
2.578242e-04 59
7.546655e-05 107
5.225061e-05 1
2.795362e-04 1
1.467015e-04 7
5.335270e-05 1
3.953468e-04 1
5.305119e-04 1
7.336644e-05 225
1.418980e-04 162
9.813658e-05 1803
1.566327e-04 1
5.112848e-04 1
3.320023e-04 1
4.648824e-04 1
6.866373e-05 181
1.295786e-04 1
3.147593e-05 1
1.386484e-04 23230
1.010902e-04 1
2.838946e-04 1
2.732111e-04 2
2.082895e-04 5
2.563831e-05 3
2.182849e-04 4
3.414705e-05 265
1.013515e-03 1
6.078061e-06 1876
3.247987e-04 1
2.122444e-04 2
1.019989e-04 1
3.578137e-04 2
1.358680e-03 1
2.739426e-05 1
1.399593e-04 2
1.440104e-04 3
9.614697e-05 1
1.004130e-03 1
8.463399e-04 3
9.759747e-05 2
2.966719e-04 1
6.991400e-04 1
2.986336e-04 1
2.432065e-04 3
9.652692e-04 129
2.146405e-04 2
6.793454e-04 1
1.851916e-05 2
5.201547e-04 7
2.260180e-04 1
4.057154e-05 7
5.662560e-04 1
4.969358e-05 1
1.669254e-04 3
8.825087e-05 4
3.450190e-05 1
9.331021e-05 4
7.053192e-04 1
5.466589e-04 1
3.026307e-04 1
1.380225e-04 1
1.437725e-04 2
5.299628e-04 243
2.252525e-04 1
3.014995e-04 1
1.738222e-04 1
2.207334e-05 301776
1.040421e-04 1
2.716546e-05 3
4.730666e-04 3
6.703002e-05 1
3.521757e-04 1
7.362442e-05 2
1.088249e-04 6
2.363960e-04 1
4.175043e-05 3
4.669925e-04 1910
3.444659e-04 1
2.141110e-04 2
6.381397e-05 3
3.265069e-05 1
4.981972e-05 1
3.816022e-04 1
3.003669e-04 1
1.563564e-04 3
5.079534e-04 1
4.147506e-04 106
6.811779e-05 265
4.546205e-05 1
1.352195e-04 1
2.494739e-04 6
3.836488e-04 2
5.669382e-04 3
1.211744e-04 1
4.922292e-04 1
1.966416e-04 30
3.156035e-04 6
1.668285e-04 1
4.608326e-04 2
1.495838e-05 1
3.597397e-04 3
1.096291e-04 1
1.749441e-04 208
3.890292e-04 1
3.491420e-04 1
4.673725e-04 3
8.945261e-05 2
8.194616e-05 2
4.262946e-05 864
8.442287e-06 1
7.648137e-05 245
9.716293e-04 2
2.514546e-04 1
1.360690e-03 1
3.219365e-04 1
2.807932e-04 1
8.724215e-05 1
5.942216e-06 1
4.918995e-04 1
1.196804e-04 1
2.147955e-04 1
1.284523e-04 63802
3.522390e-07 1
9.131535e-05 140
4.310237e-04 1
2.416098e-05 1
6.650052e-05 2
6.638425e-06 1
2.109292e-04 3
1.230181e-05 4
1.138051e-04 1
1.409323e-05 2
1.433382e-04 112
4.140081e-04 9
1.132842e-04 3
2.386219e-04 3
4.426269e-04 1
1.011130e-04 1
2.499839e-04 3366
2.718547e-04 1
2.834463e-07 2
8.041289e-06 4
6.737194e-04 1
6.225992e-04 1
2.457584e-04 5
9.762963e-04 2
6.688956e-04 105
7.667054e-04 1
8.124694e-05 220
7.089956e-05 3
8.378054e-06 6
3.874037e-05 3
5.534136e-04 7
1.538531e-04 1
8.965933e-04 1
7.911987e-05 63288
5.564778e-04 1
6.462914e-05 1
2.761466e-04 1
7.043406e-04 1
1.583029e-04 20
1.955314e-05 1
5.158001e-05 638
1.627058e-04 2
1.009903e-03 1
7.786186e-05 2
3.268195e-04 1
1.382869e-04 12631
1.194782e-04 726
1.011541e-03 1
1.258590e-04 1
1.397662e-04 1
1.370828e-04 1
1.391847e-04 1
1.234064e-05 3
1.926904e-04 5
1.445818e-04 3
6.331066e-05 1
6.967951e-05 1
1.062885e-03 1
4.754443e-05 6
6.456510e-04 3
1.048594e-04 1
3.953625e-05 1
1.136316e-04 1
2.556544e-04 2
1.385042e-04 6
2.823960e-04 1
2.047130e-05 60271
9.743166e-05 195
2.614233e-04 63
3.927271e-05 3
2.347780e-04 1
3.905971e-05 1
1.559224e-04 1
1.310261e-04 1
2.131107e-04 6
1.961406e-04 1
6.846590e-05 1
1.539850e-04 1
6.865395e-05 3
1.695787e-05 1796
2.342486e-04 1507
6.180092e-05 1
7.366372e-05 2
1.769223e-04 6
6.227748e-05 354
4.273025e-04 1
3.126998e-05 5
2.052240e-04 1
6.790415e-05 13154
4.982927e-04 2
8.606572e-04 2
4.154430e-04 1
5.037823e-05 1
7.630477e-05 4
7.483365e-05 3
2.698108e-05 1
1.024333e-04 2
3.295948e-04 2
5.495998e-05 4
2.599909e-04 266
3.493754e-05 1
2.472821e-04 2
2.255161e-04 1
1.083909e-04 1
4.296447e-04 1
1.507964e-04 2
3.470074e-05 210
1.767830e-04 10
4.897154e-05 1
1.084766e-05 1
1.715940e-04 121
4.518943e-05 1
1.692423e-04 1
6.934337e-05 1
3.957116e-04 1
1.920116e-04 1
6.359903e-04 1
3.401334e-04 1
2.012912e-04 1
4.324478e-04 3
8.584395e-05 6
5.894919e-05 1
6.344148e-05 1
2.090329e-04 541
6.997250e-05 61882
1.729469e-04 1
7.749905e-04 1
3.629168e-05 103
3.045727e-04 1
5.545549e-04 570
1.661515e-05 2
3.854146e-04 197
2.602782e-05 1
8.578020e-04 1
3.180459e-05 2
2.748233e-06 1
2.985531e-04 1
2.195946e-04 7
1.752977e-06 1
2.967529e-04 3
1.463895e-04 5
1.122531e-04 1
9.776167e-05 1
8.704272e-05 1
8.283528e-05 66554
8.417493e-05 2
2.130649e-05 1
6.844940e-05 1
5.083209e-04 1
5.224841e-04 1
1.058299e-04 45
1.114164e-04 1
9.190186e-05 10088
6.504977e-05 3
1.703864e-04 1
3.612337e-05 338
1.912669e-04 1
3.845522e-04 7
3.075155e-04 1
3.123231e-04 4
1.517499e-04 1
1.973234e-04 3
2.533316e-04 4
2.453652e-04 1
5.708081e-04 1
2.097134e-04 1
9.811794e-05 6
1.182582e-04 407497
1.132632e-04 1
1.101943e-04 1
6.618244e-05 1
3.187559e-05 1
2.189350e-04 2
8.588731e-05 1
1.526254e-04 3
4.548524e-04 249
4.701564e-04 20429
3.321043e-04 1
2.974893e-04 1
1.090488e-04 1
4.358484e-04 2
1.877153e-04 152382
5.419962e-04 1
3.815777e-04 3
4.977809e-04 1
2.106506e-04 111
3.852935e-04 3
6.615102e-04 3
1.362874e-05 1
1.882743e-04 88
6.914286e-04 167
6.161146e-06 1
5.443585e-04 76
2.773433e-04 1
1.612172e-04 1
1.923688e-04 1
9.397676e-05 7
3.298859e-04 846
6.295002e-05 1
4.644134e-04 1
2.049436e-05 781
1.223311e-04 1
4.044144e-04 1
2.367584e-04 1
2.014599e-04 1266
2.692142e-04 1
7.049039e-04 1
2.775746e-04 193
4.030215e-05 6
1.614103e-04 1
3.860892e-04 1
1.498072e-04 6
1.216366e-05 266
5.927777e-04 1
3.123730e-04 1
4.068519e-04 3
2.582596e-05 1
2.385867e-04 2
6.440212e-05 1
1.398401e-04 226
2.447591e-04 1
9.957953e-04 1
2.140670e-04 4
5.769718e-04 2
8.145382e-05 1
5.296978e-05 1
1.046180e-04 2
7.843950e-04 1
5.968678e-05 1
2.505876e-04 160
3.717385e-04 2010
2.897435e-04 2
1.348174e-04 3
1.541683e-04 3
2.786013e-04 2
5.916049e-05 1
4.566099e-04 29924
3.133162e-04 4
6.576213e-05 3
1.345113e-04 1
2.400766e-04 3
1.481694e-04 1
5.797773e-05 1
1.027204e-04 3
1.099985e-04 3
3.548870e-04 2
1.673521e-04 207
7.901735e-04 1
4.791220e-05 2
1.395794e-04 1
1.002428e-03 1
4.511612e-05 7
1.722700e-04 1
2.921860e-04 1
1.855989e-04 1
3.639703e-04 5
3.653582e-04 1
3.820696e-05 3
2.563499e-04 1
9.299793e-04 1
3.939820e-04 2
3.253973e-04 5
1.840687e-04 1
5.276149e-05 6
2.039472e-04 1
1.878684e-05 2
4.135128e-04 4
7.026973e-05 107
6.926303e-05 1
1.288063e-05 5
2.236964e-04 3
2.052381e-07 26142
9.778627e-05 1
1.123480e-04 1
7.105165e-06 230
1.916250e-05 6
6.899142e-05 1
3.218248e-04 1
1.550235e-04 2
7.599409e-04 1
1.861117e-04 4
6.033062e-05 1
5.297264e-04 1
5.670194e-05 1
2.616099e-04 151
1.464803e-04 1
3.589003e-04 1
7.419914e-04 26
1.492413e-05 5
4.599017e-05 1
6.015762e-05 1
2.196041e-04 1
3.926703e-05 5
4.225685e-05 1
9.743016e-05 65887
3.122169e-04 2
4.823552e-04 2
7.521554e-04 2
1.312538e-04 14100
7.948889e-04 3
3.195060e-04 7
4.631829e-05 1
4.767803e-04 1
1.576516e-04 1
1.391071e-03 1
4.084701e-05 7
2.087462e-04 22
2.770173e-04 3
2.619290e-04 1
5.919922e-05 2
1.433007e-04 2
7.550538e-04 1
1.418481e-05 1
1.288461e-04 19170
7.054148e-04 1
1.042222e-04 1
2.616410e-04 4
1.828443e-04 1
1.930361e-04 1
8.575634e-05 1
6.791116e-05 1
2.136208e-05 1
1.540364e-04 1
5.175633e-05 6
4.189045e-05 1
5.049262e-04 1
5.875959e-04 3
2.210672e-04 165
1.597842e-04 1
4.484098e-04 1
5.119202e-04 1
9.987788e-06 2
6.598026e-05 1
4.634610e-04 1
8.208971e-06 3
1.122258e-04 1
1.629167e-04 3
2.160372e-05 3
5.367782e-04 1
6.438284e-06 1
1.198176e-04 1
3.502927e-04 1
2.091847e-04 1
1.111235e-04 1
3.923165e-04 7
1.736546e-04 1
5.226314e-04 1
4.993833e-04 161
2.512972e-05 3
2.399807e-04 1
2.399192e-04 606478
1.368113e-03 1
1.736762e-04 1
1.097494e-04 1
3.335099e-04 2
7.169302e-04 686
4.958500e-04 3
2.063869e-04 3
8.310178e-05 1
7.780424e-04 1
1.803802e-04 1
2.465625e-04 1
1.800564e-04 1
1.196897e-04 1
1.733860e-04 1
2.450762e-04 1
1.765982e-04 158
2.422546e-04 2
4.485848e-04 1
1.791223e-05 3
7.886737e-06 1
1.733306e-04 139
3.390878e-04 6
1.597373e-04 128
4.760896e-05 1
1.844022e-04 1
1.075068e-04 3
2.802736e-04 54
7.039334e-04 1
5.875439e-05 2
3.278812e-04 1
6.852250e-04 1
7.269058e-05 5
1.206152e-04 46035
7.384745e-06 1
1.077728e-04 2
1.173618e-04 1
4.734703e-04 214
2.362903e-04 1
1.552161e-04 1
2.092500e-05 1
3.927940e-04 1
7.229497e-06 3
1.539247e-04 304377
8.731541e-05 5
6.686624e-04 3
2.335088e-04 2
2.837318e-04 1093
1.079170e-04 3
4.795998e-05 1
1.369697e-04 6
1.454419e-04 3
2.754013e-04 5
5.083663e-04 1
7.842442e-05 1224
7.922247e-05 2
6.303637e-05 6
6.757578e-05 6
5.842065e-05 3
3.636366e-05 211
3.402114e-04 167
3.160968e-05 1
4.185081e-05 3
9.002420e-05 131
2.990567e-05 3
3.121380e-05 1
7.610236e-05 1
2.061127e-04 16568
7.005985e-05 1
2.097003e-04 2
4.928927e-04 3
9.967868e-05 1
7.102796e-05 1
8.468965e-05 3
3.684534e-05 1
9.758746e-05 1
2.148000e-04 1
4.795826e-05 2
4.016580e-04 1
1.439740e-04 1
4.038041e-05 1
3.111697e-05 2
4.285563e-04 2
1.616556e-05 1
2.232984e-04 3
1.881293e-05 1
2.737206e-06 1
1.356045e-04 1
8.395851e-04 2
5.237161e-04 7
7.389858e-04 1
3.477324e-04 3
8.063522e-05 265
9.463366e-05 1
3.573938e-04 1
7.357754e-04 1
3.612478e-06 2
3.413909e-04 1
5.898699e-05 4
3.050128e-04 1
2.118588e-04 1
2.114836e-04 1
1.293362e-04 2
2.626867e-04 4
4.588058e-04 4
2.026898e-04 1
5.990845e-05 1
7.860246e-04 1
1.462650e-04 3
3.651007e-04 7
4.102004e-05 6
2.710519e-05 3
2.473613e-04 1
3.828560e-04 2
1.787080e-05 24456
1.794485e-04 1
6.179418e-05 1
4.291634e-04 1158
8.117508e-05 7
5.050828e-04 1
1.290235e-04 1
4.146930e-04 492128
1.034959e-04 4
1.353295e-04 1
2.615952e-04 72
5.048276e-05 7
2.705762e-05 60
3.428895e-04 3
2.144494e-04 1
3.837136e-04 1
4.068375e-05 1
1.201894e-04 1
3.432045e-04 1
1.553765e-05 3
6.714002e-05 1907
4.189193e-04 1
1.505221e-04 230
1.479979e-04 1
4.579091e-05 1
6.621234e-05 1
3.775922e-04 1
8.203323e-05 1
6.055924e-05 3
2.038910e-04 3
3.631035e-04 1
4.692791e-05 1
1.621398e-04 1
3.027773e-05 1
1.822911e-04 3
1.061912e-03 2
1.000515e-04 1
4.017171e-04 1
2.757359e-05 2
1.863287e-05 3
3.119107e-04 1
1.665297e-04 658453
1.610874e-05 1
1.096492e-04 2
6.677371e-04 1
3.687435e-04 2
1.816096e-04 1
6.963622e-04 1
2.049026e-04 5
4.497589e-04 111
9.637017e-06 2
2.056240e-04 1
7.362013e-05 1
3.206161e-04 2
2.190352e-04 1
1.149360e-04 7
5.069834e-04 1
9.210042e-04 4
2.270732e-04 3
9.376208e-04 1
3.926489e-05 1
3.325584e-04 103
5.858690e-05 1
2.072092e-04 1
3.772219e-04 159
3.394006e-05 1
4.473577e-04 1
5.619604e-06 1
3.704011e-04 1
5.372166e-05 3
1.150372e-04 2
4.255943e-04 2
2.235202e-04 2
1.980240e-04 1
8.030148e-06 1
1.749381e-04 12950
4.790685e-05 1
1.586917e-04 1
5.497554e-04 1
4.246775e-04 74
6.458392e-05 1
1.242906e-04 1
5.780037e-04 1
3.980058e-04 155
1.375749e-04 1
1.139626e-05 1
3.258573e-04 1
5.442841e-04 5
3.793669e-04 1
6.713476e-05 7
7.526186e-04 20
3.313685e-04 2
1.277357e-03 1
2.371420e-04 4
1.504012e-04 1
8.246976e-05 1951
6.313945e-05 930
6.574290e-05 1
2.372933e-04 1
3.355748e-05 2
1.112377e-04 1
2.093437e-04 128
1.192879e-05 1
8.961039e-05 184
2.751605e-06 1
7.180752e-04 1
1.772317e-04 1
2.582266e-04 1
8.980473e-05 1
1.469104e-04 1
9.687923e-04 7
4.476861e-04 1
3.374398e-04 1
8.527789e-05 22236
8.440140e-04 244
4.966866e-04 1
1.947295e-04 5
8.255605e-05 2
1.435274e-04 1
3.850456e-04 1930
1.280814e-05 3
2.791404e-04 39
7.332333e-05 216
1.058149e-04 1
1.185651e-04 1
2.357017e-04 2
1.742731e-04 6
6.649878e-05 1
2.873004e-04 464079
2.675085e-04 1
2.118589e-04 1
3.963121e-04 1
1.577289e-04 994
1.078730e-04 2
2.687901e-04 1
4.620185e-04 1
3.654130e-04 724
9.858055e-05 195
3.035250e-04 3
3.287379e-04 2014
7.067958e-04 2
9.841835e-04 233
2.185466e-04 2
1.606961e-04 220
4.929891e-04 5
3.618013e-05 223
2.303757e-04 5
3.105549e-04 5
1.380810e-04 1
8.652243e-04 1
7.535026e-05 2
2.397739e-04 3
2.642888e-04 1
4.205668e-04 3
1.366277e-05 1
3.285916e-04 1
8.534993e-06 5
1.351311e-04 3
5.526236e-05 1
1.154753e-04 75
8.574302e-06 1
1.445552e-04 1
1.640341e-04 1
4.930603e-04 2
1.487459e-04 3
1.194378e-04 2
4.338256e-04 1
1.997785e-04 1
1.963294e-04 4
7.284895e-04 2
4.096639e-05 2
9.005199e-05 3
1.499308e-04 1
3.644463e-04 6
1.025131e-04 1
2.918122e-04 1
4.154867e-05 1
4.711958e-05 1
7.686087e-05 2
7.547645e-05 1
1.256576e-04 1
3.654688e-04 1
1.947986e-04 1378
1.056487e-04 1
8.698124e-05 2
5.312993e-05 1
3.363936e-04 1
1.158416e-03 5
3.936518e-04 1
3.798191e-04 5
9.920633e-06 1
1.747406e-04 1
8.842730e-05 1
1.504239e-04 1
7.088139e-04 4
2.320721e-05 1
2.494223e-04 1
2.299021e-05 2
2.387050e-04 7
2.079270e-04 7
1.954467e-05 1
1.285054e-04 3
8.390668e-04 1
9.207646e-05 1
3.016732e-04 21
2.891892e-04 1
2.814087e-04 1920
1.746087e-04 1
1.184710e-04 1
4.225429e-04 943
3.850949e-04 3
4.023980e-04 165
1.300836e-03 3
4.027753e-04 40361
9.902801e-05 1
3.732981e-05 1
2.173922e-04 1
1.307801e-04 2012
2.185532e-04 1
1.883770e-04 1
4.345197e-04 1
3.693546e-05 1
7.316444e-05 1
3.135302e-04 1345
1.295375e-04 3
3.992619e-04 103
3.446708e-04 3
3.156525e-04 110
4.070613e-04 1
6.076979e-05 44552
4.313749e-04 4
1.471510e-04 1
6.570900e-06 30
4.468416e-04 1
4.647616e-04 3
2.925584e-04 1
1.633507e-04 242
9.413916e-04 3
7.773692e-06 1
3.821386e-04 5
1.683601e-04 1
2.060914e-04 194
6.937746e-04 3
5.894467e-05 1
1.300081e-04 1
6.122213e-04 65528
6.102616e-05 99
4.600975e-04 5
1.290180e-04 2060
1.839214e-04 15679
3.605651e-05 1
1.838643e-04 36
1.472507e-04 1
7.358579e-05 6
1.914165e-04 678
1.274744e-04 110
6.700294e-04 7
2.377660e-04 3
1.561619e-04 585
3.818807e-05 1
7.593175e-05 1
1.848375e-04 197
1.828054e-04 1675
8.308710e-06 1
6.883038e-05 1
1.081566e-03 1
7.103028e-05 2072
7.375018e-05 1
1.306345e-04 1
3.582501e-04 192
3.007968e-04 5
1.448281e-04 1
2.854947e-05 82
6.478676e-06 1
3.103361e-04 1
2.986185e-04 1
2.179440e-04 1
2.558907e-05 4
8.254727e-07 1
7.575791e-04 1182
3.599442e-04 1
1.729398e-04 1
1.231878e-04 1
2.638364e-06 1
6.189627e-05 21
7.087090e-05 22
6.281075e-04 1
8.224162e-05 1
9.643258e-05 1871
2.050819e-04 1
8.776934e-05 1
3.139928e-04 1
5.386090e-04 1
3.846778e-04 3
5.326384e-04 5
1.161691e-04 1
1.279502e-04 1
2.152216e-04 2
1.795811e-04 3
6.337392e-04 3
5.854074e-05 5
4.093103e-04 2
1.455892e-04 1
1.767572e-04 1
4.335186e-04 1
5.330675e-05 5
1.910381e-04 1
3.027665e-04 67
1.941137e-04 3
4.744567e-05 1
3.863715e-04 86
2.788559e-04 3
3.330422e-05 1
6.860643e-04 3
1.197343e-04 4
2.064818e-05 1
2.777008e-04 1
2.284406e-04 3
1.432835e-04 1
3.775406e-04 4
1.591714e-04 1
5.969204e-05 1
5.752012e-04 1
3.002614e-04 1
2.423321e-05 1
3.952687e-04 133
9.642179e-05 52928
4.323793e-06 3
3.063368e-05 176
3.624186e-05 45948
3.372687e-04 1
1.062567e-04 367727
8.402276e-05 1
3.089662e-04 2
4.295161e-04 4
8.182308e-05 1
3.774254e-04 1
1.563380e-05 1
3.513154e-05 3
5.581115e-04 17489
1.681844e-04 6
2.488541e-04 1
5.466136e-05 1
4.045293e-05 1
4.864000e-05 1
1.996911e-04 102
1.631452e-04 1
3.918415e-04 151
1.741839e-04 1
4.712705e-04 1
7.054092e-04 1
2.399676e-05 463778
6.606403e-05 59
9.394671e-05 1
5.801943e-06 1
1.280548e-04 2
3.414323e-04 1
2.951931e-04 2
6.633506e-04 1
3.048424e-04 2
1.108025e-04 645307
4.349277e-05 3
7.683549e-05 6
1.182031e-04 2740
3.267968e-04 1
1.800657e-04 3
3.155375e-04 1
2.560629e-04 6
1.316916e-04 1
4.581672e-04 1
9.577671e-05 5
2.016415e-04 1
5.488808e-05 1
1.051984e-04 1
1.972444e-04 7
1.614093e-04 68
5.594797e-04 1
2.306592e-04 1
1.649401e-04 1
6.643820e-04 2
3.382797e-05 1
4.283254e-05 1
2.936783e-04 2
1.763528e-04 2
2.262805e-04 1
3.508192e-05 5
4.159559e-04 1
4.789961e-05 1
2.374074e-04 6
3.114494e-04 6
7.560954e-04 116
7.034503e-05 165
2.310698e-04 1
6.884696e-04 1
3.622950e-04 6
2.736254e-04 2
1.595305e-05 1
1.048159e-04 1
3.937798e-04 1
4.068916e-04 1
3.922838e-04 362318
2.982508e-04 39363
3.163984e-04 2
1.152967e-04 1
6.122733e-05 1
8.346366e-04 90
4.445441e-05 2
5.987655e-04 6846
3.033920e-04 6
3.652534e-04 21197
5.867956e-05 1
9.682723e-06 1
2.639115e-05 1
3.319034e-04 2
2.030793e-04 6
3.999389e-04 4
1.013404e-04 3
4.514720e-04 1906
8.629400e-05 1
1.380971e-04 5
7.475462e-06 1
1.532088e-04 1
1.518822e-04 6
1.771679e-04 86
6.761999e-04 1
1.095068e-04 1435
1.006986e-04 3
2.590884e-04 1
2.616783e-04 3
9.243052e-04 1
1.667421e-04 1832
4.606749e-05 7
1.589331e-04 1020
2.321368e-04 1
1.146361e-04 849
5.897124e-04 1
1.204461e-05 2
5.026450e-05 1
1.424294e-04 1
4.671849e-04 1
4.104207e-06 1
4.208794e-04 1
9.348372e-05 42
1.010742e-04 2
2.052505e-05 1
6.791109e-04 1
2.238538e-04 2
2.743246e-05 4
9.377952e-05 1
2.727652e-06 2
6.314353e-05 1
1.454584e-03 7
1.904620e-04 1732
2.017952e-04 7
1.536164e-04 3
2.342581e-04 1
5.966790e-05 3
3.660297e-04 2
4.360700e-04 1
6.476589e-05 702
1.676234e-04 2
1.118814e-04 1
1.215217e-04 1
6.286558e-05 100
4.662901e-04 1
1.542221e-04 214
2.784421e-04 1
4.670234e-04 7
7.592258e-04 6
8.968166e-04 1
3.142627e-04 1
9.876424e-05 6
8.165771e-05 1
6.616371e-05 1
4.491885e-04 1
2.453658e-04 1
1.234805e-04 1
1.711445e-04 1
1.651956e-04 1
4.555923e-05 2
4.678038e-04 1
1.960105e-04 7
4.001066e-05 1
4.259080e-04 44308
7.255990e-07 1
3.920790e-05 1
2.925720e-05 261
4.500705e-04 1
5.380150e-04 1
2.955003e-04 1
4.665497e-04 1
7.121865e-05 255
7.593556e-05 2
4.549607e-06 1
1.064740e-04 1
1.395542e-04 6
4.511027e-05 1
3.947318e-05 1
6.854816e-05 2
7.521826e-06 1
7.392378e-05 26246
4.699982e-04 3
6.464741e-05 181
6.774908e-04 5
5.421386e-04 207
9.668610e-05 6
7.072137e-05 1
1.177189e-04 1
2.163260e-05 1
3.174434e-05 1
4.069786e-05 1
2.496494e-04 2
1.401938e-04 2
1.984912e-04 1
1.652975e-04 1
2.732907e-05 482241
1.462159e-04 1
3.486848e-05 1372
4.889587e-04 1506
3.640795e-05 1
3.832143e-04 2
5.314399e-04 3
8.525551e-05 1
3.871236e-04 879
1.187594e-04 1
6.490315e-04 1
1.069182e-03 1
4.500161e-04 258
1.257699e-05 104
1.416768e-04 1
4.495695e-06 1601
3.992729e-04 4
4.559936e-04 2
3.174041e-04 1
5.397041e-04 1
5.535447e-04 33287
1.613689e-05 1
7.314521e-05 1
1.163891e-04 54420
8.845980e-05 47
2.117891e-05 3
9.986459e-05 1
7.162992e-05 1
6.000877e-05 1
3.051261e-04 36013
7.861180e-06 1
3.443037e-05 35
3.610069e-04 214
4.321084e-05 3
1.696488e-04 1
1.667762e-04 1
3.478331e-05 1
3.120289e-05 3
3.376461e-04 1
8.386609e-05 1
3.020963e-04 79
1.424936e-04 1
1.757349e-04 1
2.928422e-05 1
2.008988e-04 1
3.346864e-04 1
2.893827e-04 1
3.209930e-05 3
2.522411e-04 1
4.494653e-05 520054
1.494575e-04 2
5.432221e-04 1
5.963854e-05 1
7.868416e-04 110
1.857880e-04 1284
2.466463e-04 1
1.928411e-04 1
2.649143e-04 1
2.323761e-04 1
5.429503e-04 2
1.358268e-04 1
1.351427e-04 181
2.664482e-05 1
7.124677e-05 3
6.128399e-06 1
3.848134e-04 1
3.837251e-04 3
1.254799e-04 1
2.228163e-04 1
1.966262e-05 1060
2.669813e-05 1
1.306134e-04 1
1.902691e-04 224
2.430285e-05 38448
2.054342e-04 12740
2.261134e-05 1
1.845888e-04 5
3.426612e-04 1
9.839522e-05 7
1.804506e-04 3
2.009043e-04 2006
9.687789e-05 1
7.092018e-04 2
3.605934e-04 3
5.650127e-05 65184
1.009358e-04 136
1.202854e-04 195
2.050230e-04 1
1.974034e-04 2
1.714471e-04 6
1.619231e-04 35
2.184293e-04 2
6.977699e-05 1
4.199781e-04 1
2.086142e-05 3
5.861958e-04 317
4.748593e-04 1
8.748494e-05 2
5.815453e-05 3
6.590280e-04 3
1.416908e-04 1
4.124719e-04 4
1.676987e-04 116
4.555406e-04 3
7.526778e-05 2
3.407406e-04 1
2.103851e-04 43
1.100682e-04 6
7.030490e-05 1
8.347040e-05 1
1.852571e-04 264
2.129488e-04 1
8.476114e-04 1025
3.611720e-05 243
1.101415e-04 6
2.786334e-04 1
3.328868e-04 3
3.769930e-04 52
1.877299e-06 159
6.130970e-05 2
5.345479e-05 11198
1.075553e-04 1
4.947487e-04 1
1.103907e-04 67
4.039504e-04 1
7.736568e-05 1
1.680243e-05 1
7.774289e-05 1
4.452752e-04 1
2.367680e-04 1
1.478176e-03 25625
5.077287e-04 1
2.925884e-04 2
4.740168e-04 2
2.218119e-05 126
3.385795e-04 7
2.912366e-04 139
6.778064e-05 239
1.829649e-04 228
3.948401e-04 1
8.753998e-05 262
2.677151e-04 1
1.517337e-04 3
4.352620e-05 1285
2.715326e-04 1
1.660591e-05 3305
6.564322e-05 1
1.973706e-05 1
1.059002e-04 3
4.317082e-05 1
4.460536e-04 79
1.055795e-05 1
1.646746e-04 1
5.533037e-05 1
9.597707e-05 1
6.395018e-05 1
2.033032e-05 178
1.381219e-04 219
1.641302e-06 1
3.964525e-04 3
1.813281e-04 1
1.585733e-04 3
2.873440e-04 3
3.421945e-04 1
7.976357e-05 2
2.021266e-05 12
8.430696e-04 1
3.180585e-04 2
7.306073e-06 962
1.955539e-04 1
2.602038e-04 36356
2.191978e-04 1
2.792305e-05 6
1.231133e-04 4
1.513045e-05 1
4.869865e-04 1
4.761249e-04 147882
5.458732e-05 1
3.549304e-04 1
1.651073e-04 1
4.697986e-04 1
4.471470e-04 1
1.011636e-04 1
4.915183e-04 1
3.691032e-04 1
4.931840e-05 1
8.025433e-06 2
6.528198e-04 1
2.089755e-04 1
1.515062e-05 162020
5.537598e-05 1
5.904984e-05 6
7.906230e-05 1
2.274298e-04 2
3.132765e-04 1
2.646437e-05 1
1.527986e-04 1
1.911241e-04 1
1.451764e-04 1
1.726989e-04 1
6.101402e-05 148
2.551232e-04 2
2.802513e-04 1
7.988067e-04 1
4.821883e-04 160
1.109616e-04 1
2.841060e-04 1
2.018301e-04 1
5.921394e-04 2
3.017719e-04 1
1.859544e-06 5
5.261217e-04 150
1.832197e-04 1
4.945358e-04 1
4.420308e-04 2
1.682430e-04 1
3.872743e-04 3
5.220725e-05 1
9.298335e-05 1
7.040581e-05 174
1.137023e-04 1
5.449489e-04 1
3.212156e-04 1
3.267196e-04 5
4.125009e-05 1
2.755669e-04 112
9.520497e-04 1
7.373863e-05 27329
5.049567e-04 3
2.220910e-05 1
1.330135e-04 69
4.984805e-05 1
3.323436e-04 1
2.181931e-04 1250
4.218833e-04 1
2.372528e-05 217
3.027430e-05 1406
2.361666e-04 3
2.990520e-04 1
1.025850e-04 4
2.309846e-04 1
1.736526e-04 128
7.673237e-04 1
9.062256e-05 6
3.398099e-05 1
1.830261e-04 1
4.856725e-05 246
6.368019e-05 1
1.111146e-03 1
5.026706e-04 23068
3.798831e-05 2
4.714389e-04 1
4.972510e-04 1
3.277586e-05 1285
1.335449e-04 1
5.469009e-04 3
1.074086e-04 38305
1.255719e-04 1732
1.153273e-04 7
1.495504e-04 2
4.711169e-05 203
2.988758e-04 12
1.671917e-04 2
5.912352e-05 1
7.456726e-04 1
1.370010e-04 946
4.274570e-05 1
1.595172e-04 248
8.206324e-04 1
6.205140e-06 1
1.914958e-04 1
1.836593e-04 2
1.959480e-04 3
1.214507e-04 1
6.321703e-05 6
1.902634e-04 185
3.116030e-04 1
1.749515e-04 3
2.615982e-04 1
1.112785e-04 813
3.102829e-05 2
3.035857e-04 1287
6.117982e-04 1
1.359432e-04 6
1.811405e-04 5
1.384801e-05 49
1.570976e-05 5
1.024213e-04 2
3.012513e-04 1686
7.595984e-05 1
1.010902e-04 2
1.941884e-04 1
2.105785e-05 1
1.230712e-03 1
5.582479e-04 1
1.604449e-04 39910
3.655318e-05 1
7.460645e-04 1
1.998940e-04 1
2.659207e-04 1
9.361265e-04 1
2.688404e-04 71
3.565076e-04 2
1.096820e-04 1
5.627623e-04 1
3.709174e-04 1
2.869268e-04 1
4.127882e-04 6
5.888095e-04 1
2.351223e-04 3
5.625909e-04 1
6.480995e-04 1
2.016777e-04 1
2.751433e-04 1
1.312042e-04 1
1.164574e-04 1
1.179443e-04 2
1.136125e-04 6
1.338401e-04 6
1.016754e-03 36648
8.550599e-05 4
3.350859e-04 331
2.290957e-04 1
2.526206e-04 1
3.353271e-05 2
7.992781e-05 28098
1.719233e-04 530
7.814168e-05 92
1.252890e-04 1
4.042736e-04 1
5.612645e-05 1
3.119535e-04 1
6.490476e-05 3
6.380821e-04 1
1.338180e-04 1
1.912421e-04 1
5.391513e-04 2
1.492521e-05 1
2.057153e-04 2
2.145310e-05 36
2.756928e-05 2
5.167951e-05 3
1.797482e-04 149
2.175439e-04 1
2.499629e-04 1
8.508687e-05 2
8.280433e-05 3
4.040512e-04 1682
4.326444e-04 1
9.153205e-04 14358
2.326396e-04 1
4.662292e-04 396
1.451814e-04 1
3.147054e-04 311
4.083445e-05 1
1.006999e-04 1
4.616143e-05 1
5.970328e-04 230
2.961945e-05 1
6.610089e-04 1
9.344185e-05 2
3.238147e-04 1
1.552741e-04 1
1.047780e-03 34
5.151767e-05 1
4.450470e-04 3
4.968859e-05 6
2.111065e-04 1
2.772437e-05 1
3.786472e-05 4
2.311890e-04 1
1.057773e-04 1
6.177160e-05 7
1.196256e-04 1
1.993445e-04 3
1.955313e-04 1
1.672188e-04 4
4.328101e-04 1
1.067017e-04 1
8.825083e-04 436
5.777908e-06 1
2.152589e-04 6
3.694537e-04 1
9.107752e-05 3
3.761085e-04 1
8.481342e-05 1
6.492920e-05 3
1.283586e-04 2
2.523816e-04 1983
2.677615e-04 1
1.828713e-04 1
7.827149e-04 1
2.183905e-04 1
7.027404e-05 255
1.822235e-05 213
7.487917e-04 61
1.191591e-04 204
3.563620e-04 4
2.057850e-05 1185
7.228730e-05 3
6.473263e-05 1
1.393828e-04 1
7.779416e-04 1
9.832963e-05 1
1.296518e-04 4
1.073138e-04 1
1.056021e-07 1
2.574839e-04 1
7.182127e-05 3
1.742289e-04 1
1.177389e-04 156
1.664439e-04 203
5.007693e-04 3
6.226493e-04 1
1.124761e-04 109
4.287094e-05 3
2.831027e-04 44756
2.317014e-04 1
1.638153e-04 1
1.132055e-04 2
3.495380e-05 1
4.814007e-06 1
1.911782e-04 1
2.002937e-05 3
1.230043e-03 1
1.489291e-04 1
5.731148e-04 1
4.218389e-04 1941
3.576980e-05 1
5.819973e-04 2
9.175478e-06 1
2.609392e-04 1
2.441125e-05 1
3.967640e-04 237
1.839378e-05 1
1.797506e-04 3
5.394604e-05 1
4.473567e-05 1
1.834828e-04 1
2.831428e-04 72
1.022159e-04 1
9.604266e-05 1
5.494783e-07 3
3.533015e-04 2
2.245747e-05 4
2.389320e-04 254
3.370723e-04 1
2.203563e-04 1
1.459170e-04 4
1.972836e-04 2
1.399196e-04 1
1.993269e-04 1
1.950767e-04 3
7.981871e-05 2
3.011055e-04 1
5.998362e-04 48931
5.449352e-04 1
4.461057e-05 1
5.574065e-04 1
1.204319e-04 3
2.973687e-04 1
4.931410e-04 220
5.126719e-04 2
6.638210e-05 16236
2.552227e-04 5
8.775493e-05 1
3.608643e-04 5
2.268853e-05 1
3.580998e-05 2
2.729730e-05 1
9.667368e-04 30755
2.558199e-04 137
2.293803e-04 3
1.694050e-04 1
6.744981e-05 2
2.612998e-05 1
3.445100e-04 6
5.631330e-04 1
5.838010e-05 5
4.651055e-05 1
1.150288e-04 2
5.699998e-05 4
1.552578e-04 227
4.180521e-05 1
4.600198e-05 3
1.699322e-04 2
5.397385e-05 20101
2.502851e-04 1
8.435956e-06 1
5.288012e-05 1
1.474829e-05 1337
8.583288e-05 1
2.525542e-06 1
2.653696e-05 897
3.938235e-04 1
8.443798e-05 1
1.488998e-04 1
1.873008e-04 739
1.165690e-04 1
6.102154e-04 127
1.087457e-05 1
5.271958e-04 1
2.951001e-04 1
4.169635e-04 1
1.377798e-04 39359
2.533759e-04 69
2.231311e-05 3
8.158903e-05 188
4.133773e-04 1
1.518069e-04 5
5.538818e-04 33021
7.488834e-07 3
4.265160e-05 1
6.011862e-05 69
6.857059e-04 4
6.833527e-05 185
6.919410e-05 147
8.906204e-05 1
3.004779e-04 1
1.081700e-05 214
2.515175e-04 3
5.937691e-05 1
7.894851e-04 247
1.055382e-04 1
3.702271e-05 3
4.774410e-04 7
1.704360e-04 5
6.787399e-06 2
1.111912e-04 1
4.765363e-04 31723
9.428403e-04 2
2.173616e-05 1
1.326143e-04 3
2.247787e-04 3
3.333999e-05 1
4.874983e-06 1
3.762303e-04 1
4.992469e-04 53
3.538305e-04 2
1.053787e-04 1
1.499748e-04 56
5.499202e-05 1
4.801297e-04 2
9.370040e-04 1
1.933432e-04 1
1.063399e-04 1
6.416683e-05 4
2.811210e-04 1
1.647463e-04 233
5.653022e-05 5
2.163535e-04 2
1.597244e-04 1
3.221432e-05 817
2.852420e-04 2
6.836496e-05 2
2.301825e-04 2
5.029846e-04 1
4.192141e-06 4
5.013865e-06 1
6.149096e-04 2
3.453848e-05 1
8.408123e-05 1
5.728714e-05 1
1.983586e-04 814
3.688610e-05 1
2.247761e-04 1
8.319625e-05 1
5.635608e-05 3
9.989274e-05 3
1.253576e-04 501750
2.642122e-04 6
7.121977e-05 3
3.808824e-04 1
7.805506e-05 1
6.444432e-05 2
1.974828e-04 3
6.959510e-05 3
5.118567e-05 1
2.690117e-05 1
1.309777e-05 5
1.062679e-04 1
9.611255e-05 24015
2.354345e-04 2
1.650572e-04 1
4.282687e-04 1
1.032701e-04 234
2.525274e-04 1
5.529861e-04 1
3.784413e-05 3
2.678146e-04 6
2.472654e-04 1475
7.271390e-05 1
3.562760e-04 257
5.151094e-04 503
3.997999e-04 3
2.556567e-04 5
6.809196e-04 1
1.500361e-04 1
5.354013e-04 1
3.854992e-04 1
1.010550e-04 1
1.149633e-05 2
5.215370e-04 5324
3.358715e-05 21513
6.022318e-05 1
1.701034e-04 1
3.406626e-05 1
1.711708e-04 1
5.141690e-06 1
6.548972e-04 1
3.990748e-04 35
7.966362e-05 7
4.407522e-04 1233
1.930868e-04 5
1.013595e-04 3
9.239510e-04 1
2.559360e-04 1
2.170803e-04 2
1.250784e-04 1
2.870955e-04 2
6.829963e-04 1296
1.459184e-04 1
1.873788e-04 1
1.260578e-04 1
8.966501e-04 7
4.068466e-04 1
6.359062e-05 4
1.857969e-04 1
8.236065e-04 1157
4.034447e-04 1
1.700529e-05 1
3.589029e-05 1
6.101365e-06 1
1.634772e-04 458
2.919703e-04 1
1.768878e-04 2
2.314487e-04 113
1.324337e-04 4
1.409286e-03 4
4.031021e-04 1
2.221316e-04 1
2.677166e-04 3
9.627107e-05 3
1.054479e-04 68
3.629561e-04 2
1.063057e-04 2
8.880227e-05 1
2.546968e-04 5
6.151317e-05 3
1.164281e-04 1
3.521148e-04 6
2.393272e-04 1
4.878449e-04 1
1.828283e-04 279
1.777974e-05 4
4.410311e-04 7
1.196663e-04 1
7.067135e-06 2
1.752228e-04 2
3.964739e-04 1
2.978243e-05 1
6.418591e-05 1
3.751506e-04 1
8.710192e-04 1
1.044998e-04 4
3.548187e-04 1
2.999017e-04 1
9.938065e-05 5
2.819097e-04 1
2.244852e-04 1
2.962652e-05 1
4.653263e-05 1
3.080056e-04 1
1.375471e-03 1
4.409495e-05 1
3.604775e-05 1
1.688714e-04 256
1.907124e-05 1
4.527113e-05 27801
5.531096e-04 1
6.626546e-05 2
2.525788e-04 2
1.053792e-05 1
4.090083e-06 1
1.090462e-04 1
2.024074e-05 1
7.113505e-05 118
2.074752e-04 1
1.385009e-05 60692
7.158878e-05 1
1.695154e-04 1
5.378824e-04 6
5.423806e-04 1
7.151609e-05 3
3.730108e-04 180
4.663527e-04 3
2.756724e-05 5
3.158473e-04 101776
3.668798e-04 2
4.066015e-04 2
3.263806e-04 1
1.184043e-04 1
3.200390e-04 213
8.117628e-04 10
2.497566e-04 36
4.165455e-04 623060
3.462008e-05 8229
3.697775e-05 1
5.642022e-05 1
3.724336e-05 1
7.538444e-05 2
2.564139e-04 2
9.192325e-05 3
3.894967e-04 127
2.535577e-04 54524
1.047986e-03 1
3.102901e-04 40
1.954229e-04 2
2.886587e-04 1
4.120247e-04 1
3.774578e-04 1
6.407071e-04 1
3.159957e-04 1
5.547535e-06 1
6.055283e-05 6
6.803256e-04 1
1.049117e-05 3
7.063962e-04 1
6.335332e-04 1
8.895412e-05 33
9.350688e-05 3
1.193120e-04 1
3.493903e-04 1
1.106771e-04 1
2.242071e-04 267
5.694881e-04 3
3.214026e-04 3
2.797250e-04 2
1.224071e-05 1
1.018866e-04 3
1.706120e-04 1
1.056676e-04 1
6.449117e-05 3
3.113637e-04 1
7.770255e-04 1
2.618103e-04 1
7.688830e-06 144
1.614502e-04 1
1.132693e-04 1
5.194863e-04 5
2.051289e-04 3
2.100189e-04 104
7.034935e-05 1
1.613154e-04 2
7.953514e-04 37
6.912024e-05 6
1.386409e-04 1
1.879895e-05 11464
3.504583e-04 1
6.319048e-05 3
5.060276e-05 2
4.094578e-04 3
3.491770e-04 1
1.790407e-04 144
2.029668e-04 1
5.306007e-05 1
2.084664e-05 1
5.007637e-04 3
3.566767e-05 1
7.607030e-05 1
1.662343e-04 1
5.206734e-05 121
5.247923e-06 116
3.239664e-04 1
6.626277e-04 1
9.462961e-05 62553
1.671532e-04 2
6.869421e-06 1
4.190984e-05 1
3.430699e-05 7
4.632437e-05 1
7.220062e-06 1
2.283178e-04 5
2.905370e-04 1
1.340825e-05 2
3.641172e-05 1
2.928054e-05 221
4.001194e-04 1
2.537618e-04 2
3.505112e-04 1333
4.586007e-04 1
8.769338e-05 1
3.231062e-04 1
7.790843e-05 1
1.954223e-04 6
2.164739e-04 90
2.471562e-04 1
1.155899e-04 1
4.963257e-04 1
3.137323e-04 1
1.256877e-04 46243
1.162164e-06 1
6.934470e-05 1
4.139909e-04 1
2.105230e-04 1
5.588610e-06 1
2.485207e-05 2
1.643344e-04 3
2.379090e-04 1
1.131210e-04 1
2.408895e-04 1
9.536901e-06 1
4.543175e-05 1
4.346426e-04 1
1.678910e-04 2
1.744052e-04 3
9.086643e-05 1
4.493963e-04 6
6.642620e-04 1
3.659381e-04 2
5.744973e-04 1
4.628688e-04 484
1.368568e-04 3
8.031216e-05 3
1.242408e-04 1
2.738887e-04 4
2.114470e-04 1
6.029422e-04 1
4.464811e-05 1533
5.696555e-05 691
9.114888e-05 1
2.993426e-04 3
3.139056e-04 1
6.088116e-04 1
3.961410e-04 1
6.454166e-05 261
4.587600e-04 1
2.342197e-04 1
2.612832e-05 1
6.871411e-05 2
1.586054e-04 2
3.854532e-04 1
7.414530e-04 3
3.913937e-04 1
1.369931e-05 1
3.195923e-04 4
4.731561e-04 156
1.346261e-04 6
5.618675e-04 4
7.491938e-04 7
1.537149e-04 3
1.034873e-03 4
8.542884e-04 3
2.122703e-04 6
8.898249e-05 5
5.291342e-04 5
2.753188e-05 1
4.841212e-04 1
2.749446e-05 2
6.791310e-05 49786
7.896156e-04 3
1.429122e-04 1
1.729570e-04 51168
2.313234e-04 2
7.425242e-05 3
1.843192e-04 1
1.292673e-04 1
4.485941e-05 1
3.076687e-05 57
7.544120e-05 1
2.193875e-04 1
1.124265e-04 1
1.053107e-04 2
2.072282e-04 37248
6.098258e-04 1
2.827044e-05 1730
6.760733e-06 1
5.647527e-04 1
4.049034e-04 1
1.575297e-04 2
4.188957e-05 71
2.070343e-04 1
5.543336e-05 1
8.990543e-05 172
6.083511e-04 3
3.635201e-05 1
6.736849e-05 253
3.254337e-05 1
5.868430e-04 1840
2.338188e-04 1675
4.567101e-05 2
2.163640e-05 2
1.190943e-04 1
1.411043e-04 1
3.851659e-04 3
1.039064e-04 1
4.092526e-04 1
2.687212e-05 1
7.949612e-05 1
1.340730e-04 6
1.914042e-04 1
2.824584e-06 3
1.725573e-04 892
6.614375e-04 1
4.535369e-04 1
1.231841e-04 431836
6.678617e-04 10392
6.837777e-04 1
3.263159e-04 1
7.994462e-05 1
2.637512e-05 3
2.450680e-05 4
2.471639e-04 1
2.978788e-04 1
5.763856e-04 1
1.204755e-04 1
1.332331e-04 1
6.564234e-05 2
8.337342e-05 7
5.612989e-05 1
1.651184e-05 1
1.360211e-03 1
4.076320e-05 3
3.800299e-05 27772
1.002731e-04 7
9.670429e-05 3
2.189598e-04 268671
3.418767e-04 2
1.582596e-05 1
1.487261e-05 66
1.713214e-04 1978
1.993917e-04 1
1.006389e-04 3
7.306423e-04 2
1.508507e-04 1
6.730776e-05 1
1.689176e-04 187
2.072208e-04 6712
6.007730e-05 1
2.657975e-04 1
1.182716e-03 146
1.317015e-04 1
6.121043e-04 37
9.288971e-05 1
2.770704e-05 2100
1.060841e-04 3
8.584737e-05 3
1.616658e-05 1
3.607736e-04 1
1.354983e-04 1
1.164597e-04 1
1.101869e-04 207
3.145299e-04 1
2.359360e-05 1
4.030566e-04 1
8.260496e-05 1
1.148958e-05 3
1.840931e-04 93
2.104712e-04 1129
3.274326e-05 1
4.733586e-04 96
1.167468e-04 1
8.057818e-06 31610
1.900574e-04 1
9.328268e-04 2
1.602378e-04 3
7.886788e-04 6
8.803736e-06 4
5.403632e-04 1
2.861166e-04 3
1.243578e-04 1
6.788214e-05 1
5.618256e-04 2
2.728665e-04 6
5.375531e-05 1
9.793912e-05 2
1.945839e-04 2
9.040097e-05 79
2.302920e-04 2
5.122116e-04 1
1.788904e-04 3
1.382664e-04 1
3.776451e-04 50
9.902252e-05 1
7.944079e-05 1
4.935648e-04 170
1.077701e-04 5
1.192579e-03 1
5.344726e-05 1
1.807107e-04 1
5.972964e-04 1
6.444140e-04 4
3.655020e-05 1
1.730589e-04 4
2.162791e-05 1
1.042457e-04 3
1.331223e-04 1
2.105213e-04 1
4.238786e-04 1
2.059930e-04 2028
1.762422e-04 1
3.157905e-04 40
6.560131e-05 123
7.818829e-05 19752
3.177082e-04 1
2.565188e-04 1
3.249263e-05 234
5.943480e-04 6
9.434563e-04 6
1.692216e-06 2
1.322049e-03 4
3.833697e-04 1
6.433780e-04 53587
2.030091e-04 1
1.483961e-04 29329
7.792315e-06 123
2.435395e-04 3
1.138812e-05 128
8.055059e-05 36756
2.011750e-04 1
2.311790e-04 1
6.624201e-05 2
2.190320e-04 1747
2.160780e-04 3
7.287430e-05 1
1.248048e-04 38198
9.184139e-04 3
5.216470e-05 130272
4.085203e-04 1
1.968887e-04 3
2.219400e-04 2
9.832979e-05 1
4.328318e-05 3
1.698903e-04 1
6.763885e-05 1
8.927613e-05 2
4.122006e-04 3
1.708732e-04 1
1.053983e-04 1
7.488485e-05 1
2.093822e-04 1
1.014750e-04 4
2.490704e-04 2
2.470078e-04 1
1.993668e-04 1
3.107481e-05 2
8.244404e-04 2
7.935595e-04 1
1.496779e-04 1
2.762927e-04 1
9.277089e-04 3
7.291649e-04 26706
1.536322e-04 3
2.323466e-04 1
2.716618e-04 3
1.254776e-03 1
6.111708e-06 1
9.820504e-05 1
1.272978e-04 1
1.120930e-04 3
8.881858e-05 2
1.821212e-04 243
1.292850e-04 1
5.462362e-04 3
2.608563e-04 2
5.791037e-05 1949
4.292379e-05 49535
5.107952e-04 3
2.676236e-04 1
2.856353e-04 5
1.146612e-04 1
3.137819e-04 1
5.762729e-05 1
5.302802e-04 3
2.703371e-04 2
1.280953e-05 1
6.031904e-06 3
9.455625e-05 7
1.346048e-04 10942
1.119786e-04 1
2.119307e-04 1
1.898962e-04 1
1.520946e-05 219
