2.839380e-05 1
6.650013e-06 3
3.252516e-05 4
4.755068e-06 1
2.279729e-05 2
1.192905e-05 1
2.647209e-06 384596
2.617047e-06 851
5.620478e-06 1
9.610494e-06 1
1.511198e-05 48272
4.860698e-06 1
7.006613e-06 1
1.988245e-05 1
5.939664e-06 3
1.209316e-05 50
5.717932e-07 1
5.041679e-06 540125
2.708498e-08 7
7.214133e-06 3
8.442525e-06 1
1.304143e-06 1
9.177116e-07 3
7.624975e-06 1
1.675248e-05 229
3.958752e-06 1
1.492864e-09 1
1.204036e-05 167
2.200522e-05 1
2.742113e-05 253
6.570884e-06 1
3.226301e-06 65461
1.402368e-06 1
1.065032e-08 4
8.402861e-06 1
1.069649e-07 1
4.536295e-06 3
2.065387e-06 348
2.169471e-06 1
9.394490e-07 2
1.077966e-05 1014
7.199716e-06 2
3.644263e-05 1
9.773753e-06 1
5.665458e-06 88
2.267538e-05 257
5.800596e-09 1847
4.719723e-06 1
4.571460e-06 1
2.692380e-06 1
8.831317e-07 1
8.896543e-07 5
9.512165e-06 3
7.663301e-06 2
1.002751e-05 1
1.267890e-06 2
5.738300e-07 1
2.017673e-06 6
4.342537e-06 7
1.284301e-05 3
8.685875e-06 1
6.566825e-06 1
5.372055e-06 1
9.146238e-06 1
5.452416e-06 75
5.271121e-06 4
2.574270e-05 1538
1.076954e-05 86
1.663010e-05 1
3.200789e-06 3
1.483170e-05 3
1.996256e-05 2
1.356325e-05 1
4.581831e-06 1
7.276771e-06 1
2.087350e-05 2
2.066838e-05 5
2.433731e-05 1
1.926415e-06 2
1.395218e-05 7
3.497347e-06 1
8.197548e-07 1
1.495730e-06 1
4.349354e-06 3
2.367246e-05 1
1.154544e-06 119
7.494025e-06 1
2.048267e-05 1
2.194905e-05 1
7.985286e-06 226
3.455120e-05 1
6.768577e-07 158
6.356540e-06 1
6.794802e-06 1
8.399511e-06 1266
3.480075e-06 2
1.372745e-05 3
4.572091e-06 492
6.884179e-06 207
4.579303e-05 1
3.685882e-05 238
1.635912e-06 2
1.356696e-05 1
6.784480e-06 158
5.296262e-06 1
1.315160e-08 194
4.042134e-08 1
8.145936e-07 220
7.123068e-06 1
5.930263e-06 1
3.488095e-06 1
1.164415e-05 1
9.110040e-07 1
6.067064e-06 2
9.467366e-06 7
2.968486e-05 1
4.526070e-06 3
4.410827e-06 1
5.618854e-06 6
6.878714e-06 26
1.226655e-05 6
1.511515e-05 5
1.057222e-05 1
1.323009e-05 21145
2.442009e-05 1
3.856458e-06 438
3.779523e-06 2
3.574961e-06 4
1.406366e-05 257
1.239339e-05 1
4.739494e-06 1
4.045894e-06 1
2.997532e-06 2
1.218592e-07 1
7.744496e-06 1
3.013076e-06 2
8.702632e-06 1
4.553223e-06 1
5.632500e-06 1
2.134535e-05 768
2.175683e-07 2
2.768173e-06 158749
1.585404e-05 6
8.377154e-06 1
2.368056e-06 2
9.322733e-07 1
4.410793e-07 1094
6.185263e-06 1
3.246103e-06 6
1.850642e-05 2
1.285138e-05 2
5.501319e-06 1
6.349187e-06 1
2.701538e-07 3
2.384640e-05 4
1.940826e-07 48
9.566340e-06 1
4.944733e-06 187
5.244690e-06 3
1.476848e-05 1
7.642300e-06 1781
5.103310e-06 2067
1.172876e-07 1
1.802400e-05 1
1.424045e-06 1
1.805646e-05 1
6.920941e-06 1
2.963994e-06 5
1.496722e-05 250
2.139011e-05 1
2.063687e-06 3
5.011941e-06 2
5.311297e-07 246
2.514257e-05 1
2.401493e-05 1
3.198916e-06 1
9.644838e-06 1
4.028366e-06 1
8.383870e-07 2
8.553238e-06 561
5.158343e-06 1
1.142502e-05 2
5.727194e-06 6
3.384374e-06 1
1.639915e-05 924
3.120201e-06 1
5.305135e-06 1
2.560340e-07 1
4.241892e-06 1
1.319741e-05 3
1.322523e-05 1
4.708091e-06 3
6.398910e-06 1128
6.688964e-06 1375
1.219354e-06 1356
1.377846e-05 1
1.239144e-06 3
1.309363e-05 1
2.607099e-06 3
5.175345e-06 3
1.514146e-06 1
3.396024e-06 1
2.583131e-06 1
3.281087e-06 4
3.104681e-05 3
1.874817e-05 1
3.928834e-06 6
3.102893e-06 1
2.283346e-05 787
7.246525e-06 1
6.235988e-06 2
1.153501e-05 1
3.417554e-06 1
1.613575e-05 3
1.349716e-06 1
1.374212e-05 1
1.209518e-06 1
3.819083e-07 2
5.999499e-06 1
2.042263e-06 1
4.664702e-06 1
2.348268e-05 1
4.857111e-06 3
8.406148e-06 1
4.801027e-06 2
1.052808e-05 1
4.058191e-06 1
8.207995e-07 2
1.588836e-06 1
3.735812e-06 1
1.176717e-05 3
3.911790e-06 1
7.290506e-06 1894
2.131054e-05 2
1.559795e-05 1
2.915576e-06 1
1.108967e-05 1
1.265558e-05 3
3.593546e-07 148
9.184675e-06 1
8.711768e-06 1
3.185507e-05 1
2.128344e-05 1
8.247113e-06 1
1.090441e-05 1
2.947927e-06 4656
6.503188e-06 6
4.134364e-06 1446
1.566751e-05 3
7.240484e-07 7
5.165380e-06 1
2.426021e-05 1
6.516535e-07 243
2.218757e-05 2
2.853135e-05 1
2.525279e-05 192
7.603370e-07 1
2.660528e-05 1
8.251736e-06 1
1.933888e-05 2
8.413368e-06 1
3.044986e-06 1
1.869819e-06 1235
2.789003e-05 339734
1.256168e-05 187
1.553920e-05 2
6.335940e-07 106
3.145539e-07 1
9.023546e-06 1
7.884959e-06 1
3.786105e-06 1
5.991684e-06 217024
2.375971e-07 1
7.727450e-07 1
3.442524e-05 1
1.222167e-06 1
2.305342e-06 1
1.932318e-06 1
1.196679e-05 1
8.654046e-06 2
7.449341e-06 18
5.886560e-07 1
2.421412e-05 1
2.188892e-05 1410
1.428183e-06 2
1.370353e-05 2
3.258963e-05 4
1.702875e-05 1
3.380205e-05 3
1.084111e-05 271591
5.902098e-07 1
1.030811e-05 1
2.266845e-06 1
1.226204e-05 5
2.292984e-06 6
5.744958e-07 5
8.090284e-06 2
5.748549e-06 1
2.623552e-05 1
2.641434e-05 1
2.022975e-05 1
3.404167e-05 1
2.189661e-06 241
4.434092e-08 159
1.653238e-05 4
1.208666e-05 2
1.067829e-06 3
1.585714e-05 3
2.179110e-06 31698
4.620381e-07 1
1.484935e-06 3
1.426207e-05 1
2.522206e-05 3
3.980642e-06 3
4.724963e-06 1
1.539721e-05 3
2.207035e-05 513
1.099623e-06 1
3.261890e-06 1
1.362067e-05 7
2.745882e-06 925
4.145201e-07 102
1.223775e-05 4
1.076574e-06 209
1.951017e-05 2
4.212114e-06 3
2.485651e-06 214
2.568907e-05 2
5.608631e-06 56888
6.431780e-07 229
2.518135e-06 1
5.373524e-06 1
1.253076e-06 1
2.312053e-05 1
1.994480e-06 3
5.523258e-06 1637
5.409990e-06 57895
1.016443e-05 2
8.362904e-06 1
7.367983e-06 73
2.654433e-05 1
1.752798e-05 1
9.449856e-06 7
3.158652e-06 160
3.025748e-05 23
7.894863e-07 2
9.771258e-06 1
9.800284e-06 1
7.208134e-06 1
2.095761e-05 1
2.259462e-06 5
5.590830e-06 1
2.131958e-06 228
1.701481e-05 4
1.473712e-06 6
4.775649e-06 3
2.352639e-06 1
6.236384e-06 4
2.711727e-05 1
2.653941e-05 1
4.404042e-06 1
7.688795e-06 91
8.062342e-06 2
1.253797e-05 2
3.206530e-06 308
8.328060e-06 189
2.018737e-05 1
4.031808e-06 1
5.256690e-06 204
2.303108e-06 3
2.282765e-05 1
1.737057e-05 3
8.386094e-06 1
1.311128e-05 1
7.157592e-06 23439
2.197544e-06 1
6.042325e-06 1
7.141640e-09 124
9.309408e-06 1
9.097701e-06 3
1.366324e-05 2058
8.901740e-06 7
1.638303e-05 6
1.195039e-05 1
9.915415e-06 33259
1.652577e-05 5
3.005311e-06 1
1.812970e-05 1
4.433422e-06 1
1.136975e-05 137
3.821995e-06 1632
9.726904e-06 1
2.038092e-05 1
3.252562e-06 1
1.645207e-05 60208
3.901728e-06 2
9.364592e-06 1
2.879532e-06 1
1.325229e-05 171
7.146592e-06 1
2.537441e-06 1544
1.039986e-05 2
6.549654e-06 7
1.847114e-06 1
2.507101e-06 79
3.778778e-06 2
5.016601e-06 1
5.221355e-06 23984
7.514560e-06 1
7.173683e-06 28
1.525761e-05 3
1.292051e-06 1
1.271973e-05 1
2.072743e-05 1
3.483669e-05 1
1.931600e-05 1
1.196542e-07 1
1.135229e-05 1551
2.275638e-05 1
2.594170e-06 1
8.423143e-06 97
2.896290e-05 1
4.121176e-06 43488
8.306217e-06 1541
8.245473e-06 1
4.317178e-06 1
4.204003e-06 7
5.202041e-06 2
4.210692e-06 2
2.394612e-06 1
1.369475e-05 4
2.476833e-06 1
4.226078e-06 93597
3.342240e-05 1
3.446755e-06 130
1.521469e-06 1
2.824027e-06 1
7.318715e-06 1
9.421316e-07 2
5.196255e-07 1
6.510634e-06 1
5.059210e-06 4
1.877069e-05 1
1.308725e-06 1
1.212565e-05 1
1.180917e-05 1
3.384751e-06 2
1.251854e-05 1
1.479586e-05 7
1.165669e-05 1167
1.972966e-05 1
1.884801e-06 1
6.640653e-06 2
1.160225e-06 62
8.101971e-06 1
7.275173e-07 2
3.704950e-06 22
1.259565e-05 1
2.944893e-05 2
8.924026e-06 1
4.917620e-05 3
3.095242e-05 1
1.244646e-05 2
1.126484e-05 1
1.821547e-05 205
6.455786e-06 150
4.933647e-06 3
1.242559e-06 1
1.840957e-05 1
9.514198e-06 1
3.236742e-06 2
1.826753e-05 3
2.864181e-05 1
6.775350e-07 1
2.069326e-05 1
1.792170e-05 1
1.933495e-06 6
1.571557e-05 4
1.247813e-07 210
6.051721e-06 38160
5.692176e-06 5
9.015055e-06 1
1.575583e-06 7451
5.557081e-06 1
2.266932e-06 3
3.734925e-05 1
3.076413e-06 9054
1.594375e-05 6
1.927581e-06 112
2.192440e-05 1
7.158997e-06 1
1.017037e-06 232187
5.578548e-06 76
1.036508e-05 3
2.915624e-06 1
1.827641e-05 1377
1.437269e-05 7
9.132386e-07 1
1.264668e-06 1
4.268045e-06 1
8.929807e-06 1
3.008244e-05 1
3.278900e-06 3
4.749167e-06 1
1.085663e-05 1
1.264701e-05 3
4.179264e-06 1
7.363084e-06 1
1.882041e-06 3
4.282188e-06 7
2.532323e-06 1
9.487901e-06 1
3.564504e-06 16
1.095281e-06 3
6.868485e-06 1
4.915046e-06 1
2.517152e-06 38745
1.501088e-06 1
2.190920e-05 1
3.186776e-05 12
9.554813e-06 4
2.729922e-06 1
4.423632e-06 1
7.798890e-06 1
3.247247e-05 1
7.612110e-06 3
1.233903e-05 1
8.472963e-07 3
2.264013e-06 1
4.539186e-06 1153
3.302111e-06 593
8.200887e-06 13630
3.111185e-06 1
3.963147e-06 80
1.786845e-06 1
3.122392e-05 1
1.976978e-06 1
5.597258e-06 143
2.182146e-05 79
4.387632e-06 1
1.481166e-05 85
1.942622e-05 1
5.638351e-06 59
1.278933e-05 2
1.049808e-05 1
2.308675e-06 55862
4.251179e-06 325753
1.852904e-05 1
7.423305e-06 3
1.351309e-06 1
3.486214e-05 18089
3.064669e-06 268
2.311273e-05 1902
6.641581e-06 3
1.608637e-05 5
2.773712e-06 1805
1.974623e-07 3
3.794528e-05 7
1.206974e-05 1
1.472411e-05 3
5.260033e-05 4
3.703031e-05 1
4.351353e-06 6
9.085698e-06 1124
8.276416e-06 1
8.802515e-07 1
6.197177e-07 1
8.186704e-06 1
1.092305e-05 1
2.034141e-05 1
2.474886e-05 1247
4.883806e-06 1
1.166864e-05 1
1.949079e-06 1283
2.959654e-05 7
1.963757e-05 1
5.917303e-06 1
7.259029e-06 6
4.007744e-06 1
6.762336e-07 2
2.447752e-05 2
5.143748e-06 3
3.440616e-06 6
8.772933e-06 1
2.303463e-05 3
3.170037e-07 187
2.636412e-05 1
3.861906e-06 1
2.231598e-05 1
4.345136e-05 1
1.157956e-06 208
1.389164e-05 1166
8.280596e-06 1
8.924131e-06 565003
9.284653e-06 2
9.391856e-06 125
6.482095e-06 198
4.700819e-07 2
1.006487e-05 1
3.182806e-06 3
9.979472e-07 3
1.211179e-05 1
2.111121e-06 1
1.995671e-06 3
6.271854e-06 3
5.494601e-06 2
4.790858e-05 2
4.319702e-07 3
5.836519e-06 5
9.928038e-06 1
4.819944e-07 1
1.702951e-05 2
1.849452e-05 1
1.549784e-05 1
1.485978e-05 1
2.435313e-05 1
1.580025e-05 40481
5.352650e-06 4
1.696418e-06 4
6.008354e-06 1
4.855595e-06 1
2.508938e-06 929
1.579731e-05 413
3.547029e-06 1
4.001014e-06 3
5.745232e-06 1
3.609090e-06 37841
5.339036e-07 31359
2.506341e-06 52648
2.201680e-06 1
8.988966e-07 1
2.371278e-06 1
3.526581e-06 496815
1.080863e-06 1
1.113677e-05 2
1.447448e-05 2
1.250604e-05 6
1.418370e-06 1
1.215581e-06 1
2.573317e-05 1
2.786267e-08 4
2.382441e-07 1
9.767764e-06 1
3.450035e-06 1
3.006220e-06 1
9.140378e-06 3
2.736111e-06 42843
1.689240e-05 1
6.524238e-06 40854
1.340526e-05 1
1.657972e-06 1
4.525441e-06 64498
1.683413e-05 1
1.642280e-05 39
1.455899e-05 1
5.639575e-07 1
1.515300e-06 3
2.983557e-07 1827
3.419330e-06 85
9.495556e-06 3
6.386364e-06 1
2.229415e-05 3
1.198126e-05 22180
1.211776e-05 1
1.046049e-05 2
1.144499e-05 2
4.903169e-06 3
1.080762e-05 1
6.729152e-06 2
1.330859e-05 1
1.457233e-05 164
4.419872e-06 5
1.032763e-05 3
1.930064e-07 1
9.648766e-06 3
2.338008e-06 3
2.625383e-05 1
1.039683e-05 1
3.423426e-05 1
4.393340e-06 103
3.142220e-05 3
2.844393e-06 95
2.854896e-06 1
2.336081e-05 2
1.401101e-05 1
1.558037e-07 1
1.015427e-05 3
1.693486e-06 2
6.562916e-06 159
8.561238e-06 1
7.684989e-05 3
1.996113e-05 6
1.852106e-06 1
3.452481e-06 146
3.017339e-06 2
1.240953e-05 134
5.498563e-06 1
5.691650e-06 1
4.794256e-06 2
1.716643e-05 1
1.157452e-05 4
9.206256e-06 1
1.901760e-06 2
8.885549e-06 1
7.426612e-06 1
8.142231e-06 1
7.483822e-06 1
1.329203e-06 1
9.148470e-06 1
1.832063e-06 1201
1.587950e-05 216
2.029245e-05 1587
1.994236e-06 1
1.330744e-05 1
1.023024e-05 66
6.716417e-06 2
7.617506e-07 1
7.183625e-06 1
8.982125e-06 1
1.689044e-05 1
1.950866e-05 1
4.393022e-06 2
2.252632e-05 3
2.664639e-06 1
6.788562e-06 1
4.971116e-06 216
2.706219e-06 1
6.679310e-06 894
2.037782e-05 1
3.625180e-07 3
1.632075e-05 765
7.994858e-06 3
7.854567e-06 1
4.942030e-07 3
6.792230e-06 2
2.886228e-06 2
3.004994e-07 3
3.449891e-05 246
2.566034e-05 4
7.596803e-06 39
1.734100e-05 3
4.364640e-06 3
5.423568e-05 1
2.110845e-05 1
7.555094e-06 2
1.388456e-06 3
7.831411e-06 1
1.580118e-05 51710
2.569916e-05 3
1.444982e-05 3
7.463592e-07 3
1.730148e-05 3
8.850451e-06 1517
1.475118e-06 1
1.039794e-05 37
2.649707e-05 1
9.627848e-06 1
3.871536e-06 1
2.184800e-05 7
8.975089e-06 1
2.761428e-05 1
2.170596e-05 1
1.534393e-05 1
5.671583e-06 1
4.196647e-05 1
1.389202e-05 1
4.558608e-06 88
1.858158e-05 1
3.113091e-06 3
2.632686e-05 1
2.983241e-07 1
6.344797e-06 1
5.198798e-06 130
9.365209e-07 1
9.738452e-06 1
7.998465e-07 3
5.655639e-06 1
6.162925e-06 711
2.653740e-05 1
3.719190e-05 1
2.711775e-06 1
1.023652e-05 486
7.172670e-06 1
1.413937e-05 1
6.313295e-07 1
1.462902e-05 5
2.494326e-08 1
1.463180e-05 1
3.525274e-06 7
2.291785e-05 9618
3.677772e-06 1
3.152352e-07 4
8.968997e-07 1
3.722987e-06 125
8.389965e-06 2
7.069089e-06 217
1.401907e-05 1
3.430599e-05 3
1.530127e-05 4
3.591366e-05 1
3.420259e-05 1
5.204729e-07 1
4.923109e-06 1
3.027173e-06 1
4.148532e-05 1
1.409368e-05 199
2.031971e-05 2
2.178262e-06 1
2.324310e-06 2
6.924763e-06 2
3.240371e-06 1
2.982925e-05 1
1.023205e-05 1
3.527507e-06 5
1.261879e-05 7
3.341406e-06 3
9.115829e-06 2
9.531980e-06 1
1.094890e-06 1
2.179731e-06 2
5.097820e-06 1
4.615975e-06 3
8.223480e-06 2
6.918146e-06 1863
6.429139e-06 6
1.463794e-06 1
7.317551e-06 6
1.302620e-06 1
2.868171e-06 1
5.852561e-06 1
3.192651e-05 1
4.529924e-06 4
3.189564e-06 167
2.134950e-05 1
1.095225e-05 1
1.784217e-05 2
1.563959e-05 1
2.273181e-06 1
1.287773e-05 54
3.689021e-06 1
4.130205e-06 1
3.260453e-06 57825
1.623498e-05 4419
7.839568e-07 1
5.700931e-06 1
4.182792e-06 1994
2.406214e-06 1
2.659547e-05 2
1.123745e-05 103
4.107464e-06 5
9.343891e-06 1716
1.603136e-05 38457
6.039899e-06 1
1.149871e-06 5
5.989422e-06 2
1.130153e-06 203
6.035257e-06 1
2.162058e-05 5
1.451348e-05 225
2.859257e-06 3
4.626837e-06 1
1.621076e-05 390
4.656972e-06 3
6.949397e-06 3
1.032078e-05 1
1.204856e-05 6
4.579614e-06 1
1.193022e-06 6
3.361480e-05 1
5.982784e-06 3
6.243267e-06 3
1.000002e-05 2
6.968370e-06 1
2.998127e-05 192
1.620546e-05 1
2.124715e-05 2
4.259857e-07 2
4.196585e-06 1
6.596937e-06 2
3.438859e-06 1
7.397921e-06 2
2.634867e-05 2
1.486508e-05 3
8.801262e-07 429225
2.350012e-06 1
3.087478e-05 266
6.723587e-06 1
2.473392e-05 1
8.503041e-06 26
6.689774e-06 1
1.207894e-05 1
1.360400e-05 7
4.587763e-06 1
1.606098e-06 1
1.643170e-05 16166
1.772790e-05 59
7.137049e-07 1
8.311549e-06 2
1.130550e-06 1
4.095733e-07 3
1.169022e-06 1
3.300108e-06 1
9.712315e-07 57
4.881447e-07 1286
7.222104e-06 1
4.303329e-06 1
1.132977e-06 1
2.500974e-06 2
2.675460e-06 1
5.882544e-06 3
5.607037e-06 789
4.160875e-06 160
2.559100e-06 2
1.383515e-07 2
2.194400e-05 1
8.249469e-06 3
1.614301e-07 2
1.668132e-05 3
6.223105e-06 1
1.156606e-05 1
1.098514e-05 1
3.082820e-05 267
5.171695e-06 1
3.073962e-07 82
3.618881e-07 2
8.031980e-06 1
5.205697e-06 1
5.927027e-06 235
1.584690e-06 292065
1.392228e-05 2
3.648464e-06 2
1.446056e-05 1
2.273844e-05 1
4.534600e-06 1
1.006751e-05 1
4.459125e-06 28
1.666394e-05 5
2.604047e-06 2
5.620400e-07 1
2.903124e-06 2
4.014276e-06 1
3.669798e-07 1
3.795537e-06 3
1.116017e-05 1
1.243414e-05 5
2.063089e-05 3
1.409081e-05 1
1.965329e-05 36963
1.340242e-05 1
2.633713e-05 1
4.342721e-07 111
3.798567e-06 1
1.521811e-05 243
1.256219e-05 1
2.682807e-05 1
8.637849e-06 2
3.067825e-05 1
8.308050e-07 1
2.738985e-05 1
1.072444e-06 2
3.710540e-07 33
7.879666e-06 1
5.668757e-06 1
1.838101e-05 498707
2.317548e-06 1
5.968264e-06 3
1.266908e-06 2
9.909287e-06 5
2.854934e-05 5
2.893264e-05 3
1.599073e-05 260
2.214210e-06 1
9.554961e-06 3
5.949305e-06 1
3.381241e-06 1
1.634746e-05 5
6.653315e-06 1
1.465238e-05 265
2.211448e-05 21158
9.455341e-08 1
2.068691e-05 1
6.365676e-06 1
6.526527e-06 3
9.713787e-07 1
1.032145e-06 3
1.741273e-05 175
1.696543e-07 1
2.989976e-06 5
8.145091e-06 2
8.628696e-06 5
4.492629e-06 1
1.266894e-05 1
7.710935e-06 534
3.619682e-05 1
8.938032e-08 1
1.602378e-05 3
1.262301e-06 1
5.312848e-06 429
5.555700e-06 1
2.189246e-05 3
3.052463e-06 1
2.357154e-06 1
6.450875e-06 3
1.111584e-05 3
1.564611e-05 1
2.968328e-06 1
1.576695e-05 1
4.449631e-06 1
2.536524e-05 41314
8.849160e-06 1
5.706806e-07 2
1.067536e-05 210
2.231919e-07 1
3.338577e-05 1
7.305682e-06 1
8.285769e-06 1
2.144585e-06 7
8.072501e-06 1
6.327817e-06 3
5.722710e-06 3
1.960488e-06 3
1.134730e-05 1
1.201793e-06 2
1.895725e-07 1
2.359906e-06 1
1.130699e-05 1
3.857582e-06 1205
5.193700e-06 2
1.762447e-05 1
2.456639e-05 1
2.952858e-07 58488
3.587289e-06 1
8.335230e-07 3
1.066333e-05 6
1.897198e-05 1
1.354431e-05 2
8.524721e-06 1
9.328858e-06 1499
1.011656e-05 1
2.102266e-06 1
7.280301e-06 1
2.943708e-05 1
1.695366e-06 228
2.953897e-06 1
1.874519e-05 3
1.174877e-05 245
6.612828e-07 3
1.139811e-06 1862
7.980210e-07 1
3.233421e-06 1
8.421086e-06 1
5.602212e-06 197
2.253706e-05 3
2.747803e-06 1
1.605499e-07 1
1.108650e-06 2
5.777439e-07 3
1.980751e-06 1
3.723697e-06 125
6.776687e-06 142
4.968909e-06 1
7.102560e-07 1
3.291873e-06 1
4.815387e-06 1
1.962602e-06 1
1.307616e-05 3
4.165408e-06 2
7.965143e-06 1
1.849280e-05 1
6.273316e-06 1
5.340597e-07 1
2.303882e-05 1
1.454644e-06 4
4.715298e-06 1
3.487975e-05 1
2.068753e-05 7
1.221212e-05 1
4.591092e-05 3
2.416489e-05 1
4.569615e-06 2
1.218670e-06 4
2.795024e-05 1
6.380565e-06 1
4.048990e-05 1
2.955379e-06 1
3.741941e-06 1
8.798146e-06 1
2.012988e-06 1
3.422943e-06 1
5.961230e-07 1
9.820321e-06 1
8.762929e-06 228
3.477911e-06 54975
5.291977e-06 1
2.481083e-05 53290
3.693331e-06 1
1.958582e-06 1
2.156078e-06 14917
1.075519e-06 2
2.050071e-06 1
4.583236e-07 2
2.652436e-06 2
1.600703e-06 13
1.992820e-05 1
1.453277e-05 1
7.815776e-06 2
4.508471e-06 1
8.833239e-06 2
5.593079e-06 199
1.930185e-05 3
3.274118e-05 1339
1.539090e-07 2
3.450170e-06 2
1.566334e-06 3
2.329020e-05 1
2.406509e-05 1
4.038070e-06 255
5.151639e-06 1
1.036505e-05 2
3.732380e-06 1
1.365705e-06 1
9.996766e-07 3
5.752704e-06 1
6.365690e-06 1
2.166189e-05 1
1.180224e-05 1
5.777302e-06 2
3.391316e-06 3
6.893055e-06 40342
6.116495e-06 1
9.022035e-06 1813
7.028023e-06 1
3.241007e-06 1
2.190730e-06 2
3.331494e-05 44
5.500515e-07 1
2.472772e-05 1
1.087905e-05 1
1.264996e-05 193
3.567580e-06 233
2.717958e-06 1
4.652454e-06 3
5.060291e-06 1
4.293327e-07 3
1.754103e-05 1
2.477676e-06 2
6.552427e-06 1
1.196876e-05 1
1.491653e-05 1
1.220599e-05 6
2.136543e-05 4
4.572125e-06 1
9.420369e-06 5
6.921647e-06 1
7.572707e-06 3
3.014261e-06 1
2.136004e-06 42544
7.178051e-07 3
7.572523e-06 1
1.739905e-06 2
5.351577e-06 2
1.109362e-05 1
1.558147e-05 26
1.786867e-05 3
2.982023e-06 1
9.197561e-07 1
1.603780e-06 1
4.154183e-07 1
3.627495e-06 267
5.879806e-06 29
4.744653e-06 6
1.344331e-06 2
3.144260e-07 7
1.877233e-05 1
1.913521e-05 12380
1.632528e-06 2
8.376205e-06 1
3.419804e-06 3
8.104560e-06 602
1.911401e-05 2
5.711098e-06 61770
1.513550e-05 1
5.568334e-06 1458
3.453159e-05 1
7.591359e-06 1
1.785273e-05 2
4.858984e-06 1
1.879333e-06 205
2.708760e-05 1
5.297419e-07 1
4.245560e-06 2
3.796338e-06 2
3.276404e-06 1
1.378615e-05 2
6.332330e-06 4
3.608348e-06 4131
9.427985e-06 2
1.964994e-05 1
6.511802e-06 1
1.594268e-06 1
3.785250e-06 13
1.385650e-05 1
2.391352e-05 17782
1.938149e-06 1
1.412721e-06 915
1.549029e-05 1
8.780226e-06 41302
1.876085e-06 5
4.061369e-05 1
8.270450e-06 1
2.398613e-06 3
1.373713e-05 1
5.399391e-06 1
2.320554e-05 2
2.242581e-05 2
2.399234e-05 92
2.737471e-05 1
2.056259e-05 3
3.332552e-06 1
4.382864e-06 7
7.420791e-06 1
8.059075e-06 6
2.623053e-07 3
1.672183e-05 2
1.652504e-05 2
2.340161e-05 3
2.991629e-06 2
3.208799e-05 4
5.434910e-06 153
4.304276e-07 1
2.587211e-05 3
1.062918e-05 7
6.345527e-06 1
1.448232e-06 6
3.919946e-06 1
1.333362e-05 1846
4.295687e-06 1
4.422283e-06 3
1.898820e-05 1
2.382739e-05 1
3.232969e-06 1
6.142037e-07 1
3.958268e-07 892
4.025357e-06 2
2.562845e-05 1
1.513979e-06 1
1.172965e-05 2046
1.276880e-05 250
1.932368e-06 1
9.170169e-07 1
6.072999e-06 1
2.389088e-05 2
3.698501e-07 1072
1.711191e-05 3
3.024057e-07 1
1.123675e-05 1800
1.035997e-06 6
1.048609e-05 51648
7.475386e-06 1
2.806264e-05 1
1.804688e-06 1
1.553535e-05 7
1.800648e-06 1
2.753970e-05 159
3.956484e-06 1
2.076220e-06 35077
9.552533e-07 1
2.275308e-05 199
5.808199e-07 62503
4.675558e-06 1
2.437432e-06 1
1.505477e-05 1
1.511543e-05 235
1.152731e-06 2
2.340514e-05 2
3.638226e-05 115
2.512959e-06 1
1.729660e-05 1
1.076199e-06 1755
2.686360e-06 1
2.821332e-06 1
6.004941e-06 276
4.481720e-06 1
2.568561e-06 3775
4.612077e-06 1
1.087804e-06 1
6.653440e-06 6
8.677726e-06 3
1.080975e-06 1
4.898164e-06 3
5.776777e-06 1
7.790017e-06 1
2.170718e-06 1
1.086125e-06 6
8.116581e-06 187936
3.084828e-06 1
4.888899e-06 1
2.837128e-05 1
1.262254e-05 3
1.719652e-06 235
5.788742e-06 37187
7.467223e-06 1
8.424994e-07 1
1.434282e-05 3
3.072243e-08 239
7.744942e-06 7
7.632237e-06 1
1.482543e-05 1
1.310432e-06 1
6.846356e-06 1
1.906826e-05 1
1.006709e-05 4
7.840461e-06 1
5.582065e-06 1
5.080402e-07 2
9.473355e-06 60265
1.416020e-05 2021
4.255106e-06 3
9.770616e-06 55
8.199861e-06 4
2.971382e-06 1
3.736941e-06 3
3.187135e-06 1
1.230208e-05 28357
9.060711e-06 3
5.668571e-06 1
5.523775e-06 1
1.712319e-06 3
2.423526e-05 1
7.484911e-07 556
2.551928e-06 1
4.214622e-06 1
9.912993e-06 230
1.297821e-05 1
1.827868e-05 237
1.882542e-05 6
2.404605e-05 1
2.088634e-05 1
1.901353e-05 1
8.647102e-06 3
2.720695e-07 1
5.385198e-07 1
9.330768e-06 42903
2.260238e-05 1
2.419586e-05 48
2.158107e-05 2
2.729042e-06 1
2.952458e-05 2
9.900715e-06 1
1.044922e-05 1
1.162315e-06 1
3.457096e-05 2
1.916446e-06 5
1.637064e-06 3
3.936104e-06 1
1.616857e-05 1
3.691254e-07 3
6.756737e-06 4
1.396941e-06 1
3.080251e-06 1
8.301622e-06 1
4.827413e-06 1436
4.632327e-06 1
4.664392e-06 1
7.518179e-06 1
1.218648e-06 1
4.057468e-06 5
1.421153e-06 7
2.772212e-07 1
2.613431e-06 1
4.316889e-06 7
8.487041e-07 1
2.789135e-05 1
7.718489e-06 1
6.882341e-06 1
7.686865e-06 1
3.198996e-06 200
6.057827e-06 37143
1.536429e-06 1
5.651349e-06 2
2.178789e-05 117
1.258043e-06 1
2.043181e-05 1
1.491376e-05 19
8.478751e-06 1
7.114362e-05 1
9.897798e-06 1
5.538416e-06 1
1.119683e-05 2
2.098510e-05 1552
2.128426e-05 1
1.258976e-05 1
3.075746e-05 274
2.401976e-06 2
1.426096e-05 1605
2.131581e-05 1
7.612900e-08 5
7.300497e-06 1
2.793416e-06 3
4.134242e-07 6
4.412831e-06 97
1.087312e-06 4
2.080725e-06 1
1.175824e-05 4
1.248452e-05 24316
1.979368e-06 1
1.644316e-05 128
1.183598e-05 1
8.597895e-06 1
6.927836e-06 5
5.274500e-06 1
2.098007e-05 1
7.688662e-06 3
1.758089e-05 1
2.864118e-06 1
1.013203e-05 2
6.295503e-06 2
9.735928e-06 134
1.704180e-06 1
1.525338e-05 1
1.060498e-05 1
2.223803e-05 2
2.748058e-06 59
7.179602e-06 1
1.722929e-05 1
4.641535e-06 1
2.742135e-05 36546
3.857984e-05 1
3.237878e-06 3
2.575292e-05 5
6.465812e-06 370
2.918576e-05 1
1.700554e-05 2
4.223510e-06 1
9.201220e-06 2
1.917291e-06 2
7.451316e-06 1
4.401796e-05 1
7.323384e-06 1
7.523730e-07 2
1.582688e-06 1
1.201461e-06 1
1.226674e-05 1
9.110030e-06 1
7.104493e-06 1
8.439021e-06 1
1.435806e-06 3
6.412377e-06 3
7.455009e-05 1
4.596414e-06 1414
1.866622e-06 1
4.266565e-06 3
1.495433e-06 114
3.119504e-05 3
2.008519e-06 2
5.276610e-06 6
3.112865e-08 5
2.278496e-06 1
1.197696e-05 1
7.432955e-06 2
1.294141e-05 1
5.083080e-06 2
1.013974e-05 1750
1.715391e-05 50
6.305217e-06 1
4.275519e-05 1
1.569820e-05 2
1.274884e-05 1
4.900825e-06 2
6.733501e-06 53412
1.777835e-05 1
5.769851e-06 1
1.037279e-05 3
6.694032e-06 5
9.148642e-06 4
3.982354e-06 3
1.030958e-05 1
1.290652e-05 1
4.211653e-05 1
6.575116e-06 1
1.173530e-05 1
2.728098e-06 2
1.847388e-06 1
1.040885e-05 163
1.624136e-05 1
1.272140e-05 129
1.641511e-06 1
2.845802e-05 3
1.548524e-06 200
1.320890e-05 2
5.749995e-06 47
2.038554e-07 1
1.177953e-06 218
3.655977e-06 1
1.793505e-06 1
9.388350e-06 4
2.114766e-05 204
1.275978e-05 1
5.584129e-06 1
4.334801e-06 5
3.285457e-06 1
7.260302e-06 1
2.523794e-06 1
3.879362e-06 1
7.125845e-07 2
4.839565e-06 110
1.121014e-06 1
1.284594e-05 17396
1.188834e-05 6
4.743512e-06 1
6.323998e-06 2
2.188691e-05 3
1.692022e-06 1
1.070852e-06 1
8.540316e-06 7
4.259300e-06 7
7.597886e-06 2
4.165965e-06 1
1.437570e-06 2
1.424568e-05 2
3.548280e-06 1
1.628315e-06 1
9.441581e-06 3
1.744896e-05 1487
4.967856e-07 1227
4.492360e-06 1
4.332195e-06 3
2.238244e-06 1
8.627874e-06 146
4.032212e-06 1
2.477325e-05 1
8.929240e-06 3
1.455637e-06 1
8.131113e-06 2
1.904590e-06 2
3.564259e-05 2
9.136294e-06 5
8.966227e-06 151
8.972502e-06 1
5.059604e-06 1
1.907812e-06 6
2.365927e-06 1
1.612741e-05 175
3.263653e-06 1
2.470528e-06 1
2.337565e-05 7
3.305487e-07 1
1.519182e-05 5
3.306230e-05 1
1.925006e-05 1
2.511784e-05 1063
3.030729e-05 17412
1.049615e-06 2
1.208871e-05 1579
3.827165e-06 5
3.317541e-06 5
3.887495e-06 1
9.233513e-06 4
1.492437e-05 91
1.597332e-05 1
3.441186e-07 3
3.497910e-06 1155
4.110539e-06 213
4.382832e-06 3
1.143379e-05 3
3.350081e-06 5
1.523072e-05 114
1.613473e-07 476
1.197367e-06 1
4.859195e-06 5
5.745711e-06 66
1.636197e-05 971
5.515748e-06 1
1.800205e-06 1
1.591942e-07 3
4.652391e-06 1
1.685765e-05 1
3.339910e-06 1
2.533178e-05 1
1.954631e-06 1
3.538733e-05 3
1.181339e-06 4
3.073873e-06 1
7.825634e-06 1
3.070127e-06 1
2.463162e-06 7
6.867492e-06 1
1.009443e-06 1
7.269927e-06 1190
4.197961e-06 39
1.838680e-05 1
1.078089e-05 1
1.685638e-05 1
6.849341e-06 1
8.461849e-06 1
3.967353e-06 1
4.108371e-07 232
2.013084e-05 1
3.133872e-06 52427
2.482904e-05 4
1.436076e-06 1
8.513238e-06 5
3.068275e-05 1
9.628098e-06 1
1.841926e-05 435856
2.826399e-07 1
1.364364e-05 2
1.179386e-05 1915
9.405069e-07 235
1.290515e-05 1
6.097722e-06 7994
5.638182e-06 1
1.176263e-06 1
7.166088e-06 266
5.300229e-06 119
1.012753e-07 1
8.694870e-06 1956
1.604063e-06 230
2.270053e-07 86
5.268301e-06 1
5.289595e-06 45535
3.115799e-06 1
1.340663e-05 225
6.384837e-07 1
2.020653e-05 61372
4.234596e-06 3
1.170026e-05 3
1.171583e-05 788
2.528349e-06 234
8.805949e-06 3
1.230561e-06 1
7.363789e-06 202
6.940537e-06 66
3.109712e-06 5
1.813086e-06 3
4.467830e-05 3
3.227938e-06 427970
9.177772e-06 1
1.129998e-05 1
4.188705e-06 1
1.756598e-05 1
2.004930e-06 1
1.575185e-05 6
3.237704e-05 113
2.903367e-05 1
9.338963e-07 274672
4.479992e-06 62084
5.725184e-06 3
2.682781e-06 1
1.607911e-05 2
1.911398e-06 3
2.354590e-07 4
1.498052e-07 1
2.530849e-06 1
6.316918e-06 1
9.310443e-06 4
2.799357e-06 257
3.463606e-06 179
5.338735e-05 1
4.653763e-06 1
8.579668e-06 1
9.906498e-06 1
7.590763e-06 241
8.954175e-06 1228
2.683810e-06 1
1.003121e-06 1
2.486254e-05 1
7.796594e-06 1
6.192517e-06 3733
9.742852e-06 3
3.357103e-06 3
2.003749e-07 1
1.680407e-05 1
3.430296e-05 1
9.744212e-06 1
6.578363e-06 2
3.703067e-05 3
1.114936e-05 3
4.190532e-06 3
9.545146e-07 2
1.772765e-05 1
3.135717e-06 5
1.250741e-05 4
1.595511e-06 1593
9.078742e-07 1
4.539809e-05 1
2.470390e-05 2
7.313931e-06 2
1.593184e-07 2
4.375679e-06 55
8.490391e-06 1258
3.014418e-05 701
6.440189e-07 1
1.867243e-05 31729
1.592739e-06 1
3.921507e-05 2
6.677425e-06 16921
8.557018e-06 87
2.165471e-05 3
2.404262e-05 2
8.163016e-06 1
1.659811e-06 1
5.712784e-06 20
5.700619e-06 1707
4.438005e-05 1
3.774396e-06 1
9.570956e-06 1
1.303941e-05 820
8.189845e-06 6
2.124762e-05 1
2.291764e-06 1
6.736546e-06 1980
3.926155e-05 7
1.909769e-05 2
1.620795e-05 1
6.135630e-07 1
6.175850e-06 2
6.715374e-06 1
4.896371e-06 1
3.111060e-06 14
1.602684e-05 1
1.861993e-05 1
9.192688e-06 834
1.444010e-05 1
1.464143e-06 658320
3.019067e-06 4
1.052611e-05 1
3.415221e-06 6
2.905937e-05 2
3.203773e-05 1
2.062574e-06 1
1.291929e-05 1
7.704680e-06 3
1.535932e-05 2
8.939267e-06 1
1.615062e-05 7
1.012530e-05 1
1.785498e-06 2
9.618657e-06 7
4.566504e-06 1
1.966353e-05 1
2.308464e-05 1
1.361840e-06 117
5.471042e-06 178571
3.146789e-06 267968
5.237310e-06 1
3.508072e-05 1
1.922181e-05 1
4.556736e-07 1
1.784041e-05 1
2.513025e-05 1
4.526412e-06 2
3.746805e-06 4
5.320721e-06 17381
1.486370e-05 947
1.507352e-05 1
5.121326e-06 1
1.724019e-07 398
1.907751e-05 3
1.256657e-06 1
9.496345e-06 2
5.057968e-06 1
1.246383e-05 109
1.166272e-05 3
3.022941e-05 1
5.038179e-06 141
1.146459e-05 2
5.574279e-06 1
2.871307e-06 5
6.437673e-06 1
1.227140e-05 1
1.311662e-05 1
1.053076e-05 1
1.768492e-06 1
5.011198e-06 240
5.142644e-06 1
9.508648e-06 1
2.917231e-07 1
8.443143e-07 1
4.268233e-06 5
6.225568e-07 290004
2.428956e-05 2
5.216300e-06 1
9.818386e-06 2
5.884428e-06 28
3.151152e-05 1
2.650575e-05 1
3.429954e-06 1
2.219604e-05 686
3.691204e-06 63
1.166564e-05 6
6.509313e-06 4
3.027265e-06 1
3.899653e-05 1
8.465206e-06 161
1.127842e-05 24
8.377945e-06 1
1.647025e-05 2
9.458823e-06 1
1.386336e-05 7
4.737710e-06 2
1.275036e-06 1
2.659592e-06 1
1.703271e-05 1
7.246420e-06 1
4.081310e-06 114
2.427462e-06 1
3.647618e-06 6
1.567510e-05 2
7.538260e-06 3
4.103722e-06 3
1.566961e-05 1
2.321720e-06 97
4.803858e-06 3
1.860721e-06 158
9.888151e-06 2
2.754972e-05 1
2.095850e-05 1
1.419125e-05 4
1.772466e-05 6
6.001373e-07 1
3.886399e-06 1
6.426377e-06 1
1.616680e-06 1
2.478494e-05 8716
8.042392e-07 1
4.656321e-06 3
1.875144e-05 5
1.512121e-05 573
4.240969e-06 3
7.005291e-06 1
1.903102e-05 1
1.242060e-05 4
1.576354e-06 1
2.889584e-07 73
3.279622e-06 7
4.262463e-06 5
1.694405e-05 1
6.601372e-06 2
1.447674e-06 3
4.630952e-06 5
1.750043e-05 1
7.795464e-07 1
2.520158e-06 3
8.576902e-06 1
2.058666e-06 50818
2.476095e-05 2
2.860571e-07 369
3.801083e-05 5
3.694886e-05 1
8.775057e-06 1
1.449054e-05 46
2.950484e-06 164
3.055282e-06 1
1.412897e-05 1
4.290654e-06 3
9.933851e-06 6
7.554224e-06 1
9.570068e-06 201
1.588218e-05 3
1.376940e-06 1
1.295917e-05 1
2.819819e-06 1
7.189099e-06 1
1.725574e-05 6
9.584680e-06 1
1.121127e-06 7
1.088445e-05 3
6.314286e-06 1
2.156377e-05 3
3.639168e-06 1
1.516578e-05 6
1.157436e-05 2
2.680589e-05 216
1.070909e-05 5
2.188643e-06 1
9.805299e-06 1
1.984598e-05 242
4.037491e-06 1
2.136597e-05 1
6.228750e-07 286758
2.963247e-06 1
3.011865e-06 3
4.659070e-06 129
7.281822e-07 1
4.034852e-05 1
4.837970e-06 1
3.668484e-06 1
1.180364e-06 1
7.458726e-06 1
5.278780e-06 1
4.217780e-06 1
4.977114e-06 1
7.315177e-06 1
1.681051e-06 1
1.125272e-06 1
3.767322e-06 1
1.791235e-05 2
1.040476e-05 3
3.329581e-06 153
1.213278e-06 1
1.091223e-05 1
4.865353e-06 2
2.239732e-06 2
2.087690e-06 1
1.918381e-05 3
8.919124e-06 233
8.689292e-07 530
1.434152e-05 2
6.956419e-06 5
1.281061e-05 1
1.687725e-05 1
3.277304e-06 1
2.351429e-06 1
5.496150e-06 1
2.003082e-06 1
6.279546e-06 3
8.995315e-06 3
5.096806e-06 1
6.888899e-08 3
9.403221e-06 1
3.489810e-06 6
1.490412e-08 1
5.840582e-06 258
1.934233e-06 3
1.400542e-06 1
1.250354e-05 1
6.640919e-06 1
2.183998e-05 1
2.880547e-05 1
3.138006e-05 3
5.087787e-06 6
8.483327e-06 506
1.020737e-05 1
1.773442e-05 1
2.715239e-06 1
2.769942e-05 1
6.607499e-06 1
9.247953e-06 5
5.129009e-06 1702
1.381813e-06 1
3.557017e-06 1
3.792374e-06 47
4.479142e-06 1
5.329199e-06 3
5.861884e-06 3
5.261070e-06 1
8.121557e-06 2
1.414953e-06 2
1.828538e-05 1883
7.556765e-06 1
1.097246e-06 2
2.689528e-05 2
2.519938e-06 1
9.325950e-06 2
8.836580e-06 1
1.717365e-05 1
1.268887e-05 1
6.005235e-06 1304
3.772835e-06 253
2.156975e-06 5
3.107568e-05 3
1.508257e-06 1
1.708435e-06 5
6.921972e-06 1
1.130496e-05 7
2.603479e-05 2
8.568755e-07 2
9.547068e-06 1
2.525483e-06 25438
2.356006e-06 1
4.836922e-06 1138
7.147817e-06 1
2.491285e-06 2
7.578391e-07 1780
1.723152e-05 1
1.815670e-05 728
1.871013e-05 1
2.162615e-06 1
5.398711e-06 3
1.090582e-05 1
3.903652e-05 1
1.444734e-06 7
1.332528e-05 1
8.489777e-06 1
5.645453e-06 1
6.244355e-06 1
3.577131e-06 1
3.028488e-06 1
8.377017e-06 3
1.621531e-06 1
4.420021e-06 3
1.139674e-05 1
1.392870e-05 1
2.375263e-06 386
1.503238e-08 5
2.475577e-06 5
5.539765e-06 1
1.155060e-05 201
1.509430e-05 3
4.024245e-07 5
1.497839e-05 1
2.557187e-05 6
5.522231e-06 1
7.326784e-06 1
2.608500e-05 1
3.136608e-05 2
4.666896e-06 589
6.770972e-07 2
9.948302e-06 6
2.622165e-06 3
7.727582e-06 2025
5.861514e-06 16
4.740855e-08 1
2.582493e-06 6
9.348814e-06 1
7.824950e-06 1
2.676772e-06 6
4.861299e-05 245
1.451697e-06 1
4.455690e-06 7
9.531003e-06 1
1.624872e-05 182
1.386210e-05 3
8.440452e-06 2
1.065428e-05 3
7.209291e-07 1
3.573325e-07 2
7.983610e-07 1
5.142387e-06 1
1.480331e-05 56686
4.131188e-06 4
7.029793e-06 1
1.765663e-05 1
1.549116e-05 71
2.040233e-06 193
1.036987e-05 1
3.999240e-06 5
2.315759e-06 245
1.018485e-05 1
1.999911e-05 2
3.647387e-06 1
6.211578e-06 2
2.145675e-05 41374
1.920300e-06 29783
3.554737e-06 26981
1.251571e-05 1
9.581052e-06 1
2.203509e-06 4
5.524838e-06 3
1.759248e-06 2
6.641863e-06 1
1.461977e-05 3
2.537980e-05 5
4.980798e-06 3
6.626178e-06 2
2.344482e-05 63392
1.061459e-05 1
1.095685e-05 1
1.476929e-06 1
2.338386e-06 1
9.784273e-06 36437
7.887955e-06 3
1.250820e-05 194
1.014686e-05 1
5.991604e-06 1
1.139332e-05 1
1.890683e-06 1112
7.950552e-06 1
6.827550e-06 1
1.412317e-06 1
3.236664e-06 51859
4.970346e-06 1
1.280070e-05 1252
4.495889e-06 1
1.295528e-06 2
1.867823e-05 4
5.161710e-06 1
1.209879e-05 1
6.325658e-06 3
8.943339e-06 1001
6.926413e-06 1
5.874207e-06 3
2.061853e-05 106
2.509902e-06 3
2.706790e-06 3
6.415742e-06 2
2.114112e-06 1
1.134794e-05 122
1.031008e-05 198
1.888407e-05 1
3.100076e-06 1
1.183003e-08 1
2.854643e-07 1
1.304818e-05 1
6.793886e-06 10283
2.444311e-05 61612
6.884822e-06 1
9.803386e-06 1
3.192030e-06 1
5.338817e-07 1
2.120524e-05 2
1.537084e-06 168
1.511355e-05 1
7.213852e-06 5
8.323823e-06 2
6.151506e-06 1
1.789645e-05 1
8.254778e-06 1
3.883859e-06 1
2.417780e-05 2
4.357618e-06 3
1.613597e-05 1
3.064418e-06 1
1.063517e-05 1
1.745529e-06 1
7.569584e-07 1
6.086319e-06 3
2.058693e-05 1
3.297374e-05 11362
1.456290e-05 1
1.762060e-06 1
1.601941e-05 1
9.588143e-06 2105
2.249165e-05 7
1.176433e-05 2
9.115777e-07 1
3.460660e-05 135
5.551849e-06 3
8.456028e-06 1100
1.090668e-05 1
7.539627e-06 1
3.997066e-06 1
2.502938e-06 80
1.007728e-06 1
1.572229e-06 42201
2.891063e-07 5
2.945332e-06 1
6.762999e-06 1
6.598900e-06 1
2.020092e-06 1
2.952803e-06 2
1.190080e-05 1
4.819596e-06 1
4.864848e-06 2
1.472855e-05 3
9.385611e-06 1
1.094680e-06 3
1.178155e-06 7
8.930167e-06 2
3.077463e-07 1
1.281438e-06 2
6.727544e-06 5
6.057846e-06 3
6.509142e-07 1
1.753106e-05 1
3.240926e-05 1
1.698150e-05 2
1.388007e-05 6
5.405945e-06 1
1.327879e-05 1
1.441286e-05 1
5.300935e-06 1
1.398916e-06 1
2.898451e-06 2
1.285987e-06 4
1.103949e-05 1717
7.623428e-06 1
7.560351e-06 2
8.691535e-06 3
7.869229e-06 2
5.138300e-06 4
2.669925e-06 1
3.041019e-06 2
7.570912e-06 1
1.342083e-05 23
1.893447e-06 1
5.821126e-06 1
1.397772e-05 1
1.588449e-06 1
4.194908e-06 1
2.007506e-06 7
2.099897e-05 3
7.820811e-06 1
6.655998e-06 3
2.561785e-06 1
1.173127e-06 1
1.378649e-05 36107
3.440073e-05 1
1.238290e-05 5
2.490322e-06 22680
3.443754e-06 4
1.076638e-06 1
2.303731e-06 2
1.478890e-05 3
1.779852e-06 1
7.020857e-06 1
6.175085e-08 1
3.075771e-06 2
3.821992e-05 1
3.422314e-06 1
2.527389e-06 1
1.878467e-06 1
2.951704e-05 1
1.916508e-06 2
3.343488e-05 1
6.132078e-06 1
1.925906e-05 1713
8.930166e-09 1
3.204517e-07 1
1.935411e-06 1
6.752161e-07 1
1.174089e-06 3
1.339917e-05 447
9.485939e-08 1
9.302248e-06 3
3.887666e-06 1
4.435334e-06 6
1.498640e-05 2
1.698651e-05 136
6.772137e-06 1
1.355102e-05 1
1.153902e-05 1
1.265256e-05 1
1.971996e-06 1
6.815544e-07 3
4.437534e-07 1076
4.068731e-06 2009
8.608973e-07 1
6.197515e-06 1
5.565986e-07 6
1.896057e-05 3
7.721009e-06 1
2.794088e-06 114
4.755922e-07 1
5.138907e-06 1
7.440893e-06 1
7.663532e-07 2
4.253095e-06 3
3.387287e-06 2
1.733017e-05 1
1.322935e-06 960
1.070090e-05 1
2.825889e-06 10452
1.439499e-05 1
1.858066e-06 1
4.627472e-07 1
3.828535e-06 107
5.717854e-05 1
9.065559e-06 3
6.901988e-07 5
1.760579e-05 569036
1.361666e-05 72
6.708604e-07 818
1.875400e-05 3
4.609697e-06 217
2.692534e-06 53170
6.986047e-06 3
8.414588e-06 1
1.511767e-06 819
1.230916e-05 1
8.405359e-06 10
5.646250e-06 1
1.538762e-05 1
1.495254e-05 3
1.581494e-05 1
1.783145e-06 1
3.186401e-05 3
4.523967e-06 6
6.825854e-07 1
1.733865e-05 2
2.183631e-06 3
3.082244e-06 1
2.606911e-05 6
7.028408e-06 4
1.685328e-05 3
2.328982e-05 1
1.431913e-05 1
1.055282e-06 1
1.830777e-05 1
1.203291e-05 1
1.049837e-06 1
2.877070e-05 2
2.539921e-07 1
1.495681e-05 124
7.458449e-07 1
2.108569e-05 1
1.125067e-05 2
1.304724e-05 215
8.122096e-05 1
3.189977e-05 211
5.524646e-05 177
2.432586e-05 1210
8.415833e-06 1
3.491876e-06 1
2.364249e-06 1
8.412718e-07 2
1.347588e-05 3
1.011073e-05 3
1.101614e-05 2
7.127130e-06 1
1.920478e-05 3
1.933419e-06 26410
7.208654e-06 1
3.987042e-06 3
9.635959e-06 1
7.522658e-06 7
1.445448e-05 1
3.248240e-06 5
4.627824e-06 3
6.419412e-06 6
4.638558e-06 8693
1.002634e-06 1
3.969305e-06 2
2.658371e-05 7
8.089319e-06 1
3.919728e-05 1
1.524281e-05 1
1.864092e-07 1
2.393224e-05 3
1.131318e-06 1
3.189667e-06 1
6.765549e-06 1
7.809751e-06 1
3.819844e-06 1
4.601500e-06 1
3.540351e-06 1
6.883791e-07 64537
3.471948e-06 1
4.351784e-06 1
1.845575e-06 3
5.716740e-06 4355
5.880061e-06 44292
2.232452e-05 1
5.948441e-06 1
7.071301e-06 1
4.508363e-06 3
3.373606e-06 1
3.336126e-05 41713
8.191768e-07 6
5.376096e-06 1
5.792070e-06 1
1.673870e-05 10990
5.429731e-06 100
6.000564e-06 3
7.053306e-08 1
2.174760e-06 1
2.506128e-06 1
8.425000e-06 7
4.897164e-07 1
1.553469e-05 1
1.985226e-06 1586
2.525533e-06 17
4.821269e-05 1760
1.208686e-05 160
2.328473e-06 149
1.049856e-05 3
3.017970e-05 79
2.434642e-05 115
1.563849e-05 3
1.798031e-06 3
1.617346e-06 1
1.632466e-05 1
3.776259e-06 2
1.499623e-05 1
8.648485e-06 1
5.892459e-06 1
2.418526e-06 1
6.422660e-06 2
1.951076e-06 1
2.986500e-06 6
7.658834e-06 6
4.385538e-06 2
9.022463e-06 1
2.094180e-06 3
2.829607e-06 1
1.630877e-05 1
4.037943e-06 1
5.397119e-06 1373
1.866475e-05 3
3.228584e-06 1
5.271900e-06 1
8.174947e-06 6
1.076265e-06 65637
2.036450e-07 1
1.876026e-05 1
3.465298e-06 6
7.611359e-06 1
1.734522e-05 1604
1.825545e-05 2
2.211111e-06 1
3.870186e-05 6
5.056526e-06 1
6.828428e-07 1
4.690665e-06 1
2.950779e-05 21
2.202179e-05 7
3.109156e-06 1
9.666639e-06 2
3.068219e-06 2
2.900930e-06 2
7.818080e-07 1
1.185548e-06 1
9.543635e-06 7
4.605543e-06 1
1.043021e-05 280
3.539709e-05 1
1.017589e-06 2
6.160792e-06 1
2.010859e-05 452
6.658827e-06 3
5.547313e-06 1
5.933781e-06 1
6.037495e-07 4
1.360045e-05 3
5.655097e-06 1
1.583951e-05 1
5.438501e-07 22
3.362382e-06 1
1.666102e-06 1
6.746730e-07 7
4.495233e-06 17
3.525154e-05 2
1.121425e-06 1
6.148577e-06 1
2.218555e-05 61
1.386306e-06 307
6.607631e-06 1
7.037566e-06 1
1.163894e-06 206
1.878424e-05 2
9.397050e-06 5
1.432392e-05 1
2.742121e-05 3
4.454278e-06 193
2.383309e-05 99
4.424994e-06 2
2.618274e-05 2
2.035411e-05 1
7.766374e-06 1
1.404115e-05 6
3.435029e-06 2
7.564289e-06 1
8.716447e-06 608
1.155495e-05 1
1.499760e-05 1
7.563658e-06 3
9.887206e-06 2
6.080725e-07 1
3.472793e-06 2
1.482240e-05 3
4.685921e-06 157
1.077063e-05 45343
3.692715e-07 1
5.421591e-08 469
1.473852e-06 1
1.736826e-05 1
6.794175e-06 6
3.436199e-07 6
2.293091e-06 647757
2.660865e-07 1
3.454386e-06 3
1.665492e-05 1
1.198122e-07 45106
2.685920e-06 1
8.602914e-06 1
6.146978e-06 1
5.094018e-07 1
2.098991e-07 258
8.235426e-06 1
1.117024e-06 100
4.218410e-06 3
3.672538e-06 296
6.662756e-06 1
3.660331e-07 6
4.099180e-06 1
3.922464e-08 1606
5.707449e-06 1
1.246877e-05 1
8.930876e-06 5
4.200849e-05 1
4.406592e-05 1
1.341229e-05 1
9.761453e-07 18
4.434702e-06 6
3.695768e-06 1
5.463732e-06 5
1.932437e-05 1
4.164508e-06 1
8.208964e-06 2
6.599982e-06 6399
1.585733e-05 1
2.244727e-05 4
7.399584e-07 256
9.317011e-06 2045
1.592401e-05 2
1.872694e-05 1
7.139331e-07 177
2.485106e-07 1
3.064701e-06 1
3.360139e-07 3
3.785229e-05 477809
6.208952e-06 232
5.268432e-06 1
9.715131e-07 2
7.109150e-06 8009
4.950977e-06 650
1.365361e-05 1
2.006754e-06 1
1.112358e-05 1
6.433533e-06 7
5.137900e-06 2
1.334939e-05 1
5.529711e-06 1
3.445993e-06 1
6.302595e-08 4
5.368254e-07 1
1.956978e-05 1
6.838762e-06 1880
8.415039e-06 1
2.456122e-05 1
2.363235e-05 2
1.736447e-05 3
5.285310e-06 1
1.353139e-05 1
3.686387e-06 2
6.103656e-06 1
2.013567e-06 5
1.781545e-06 1
2.741152e-07 7
1.726127e-05 5
1.079906e-05 1
1.102561e-06 1
1.368125e-05 1
1.103861e-06 1
1.703969e-05 4
7.292983e-06 1
2.096135e-06 3
2.580197e-06 1
1.015061e-05 3
2.703499e-06 57
7.781919e-06 4
1.364614e-06 6
1.164564e-05 1
2.635972e-06 1
2.198539e-07 3
1.869884e-05 441
6.943146e-06 1
1.283176e-06 1
3.345630e-05 40868
1.436143e-05 1
3.232899e-07 1
1.193589e-06 1
2.086836e-06 32379
1.270526e-06 2
1.654359e-06 3
7.683723e-06 1
1.884915e-06 5
2.778853e-05 7918
1.590799e-05 6
8.521409e-06 1
2.139960e-06 3
4.848879e-05 4
6.475556e-06 1
8.705855e-06 1
1.482746e-05 3
2.532742e-06 1
4.642800e-06 1
3.741168e-06 6
9.617761e-06 1
8.956251e-07 3
6.414221e-07 3
2.649899e-05 1
8.186691e-06 1
3.352739e-05 2
2.023387e-06 7
2.689258e-05 2
2.507801e-06 1708
1.235216e-05 1
9.533940e-07 5
1.843277e-05 3
3.143867e-06 1
1.026553e-05 3
3.283480e-07 1
2.207261e-05 1
2.722943e-05 1
5.791533e-06 1
3.248603e-06 19
2.744539e-05 2
2.401175e-06 1
1.427486e-05 142
3.566653e-06 4
3.265406e-06 249
3.762269e-06 3
1.749259e-06 114
3.333813e-05 2
4.065659e-06 2023
4.091750e-06 201
6.909412e-06 1
3.937107e-06 1
2.241776e-06 1
1.034874e-05 6
9.699230e-06 1
1.509728e-05 3
8.512326e-06 937
1.275055e-05 2
1.300261e-05 1
1.711403e-05 2
1.409779e-06 1
7.868256e-06 1
6.194006e-06 1
7.655165e-06 1
1.296955e-05 1
9.156601e-07 2
9.641836e-06 1967
1.379204e-05 1
5.210288e-06 1
1.056833e-06 2
2.234831e-05 5
2.821957e-06 1
4.938074e-06 1477
1.491473e-06 7
4.310005e-06 16711
1.998093e-05 7
1.465763e-06 36
5.634858e-06 1451
7.979258e-06 7
1.839253e-05 2
1.316234e-06 1
1.630992e-05 2
2.253200e-06 816
8.605401e-06 3
3.603665e-06 2
6.430211e-06 3
3.206923e-05 1
6.961274e-06 6
6.067849e-06 1
1.983883e-05 1968
1.193053e-05 4
1.315412e-06 3
1.716502e-06 6
4.571953e-06 1
7.565113e-06 1
6.997762e-06 1
7.928833e-06 1
5.038795e-06 177
7.903012e-06 1
2.602189e-05 2
2.008512e-07 1
4.326113e-06 1
5.155415e-06 2
4.753211e-07 237
3.716613e-06 3
4.059474e-06 1
9.472322e-06 1
6.296516e-07 1
9.749552e-06 1
7.687218e-06 3
3.310998e-06 3
4.331615e-06 1
2.106483e-06 38
5.133680e-06 911
8.426509e-06 1
1.382847e-05 1
3.241333e-06 149
1.878866e-05 3
8.130836e-06 3
1.256282e-05 1
2.766931e-05 3
1.172301e-06 1
4.730135e-06 3
8.608724e-06 1
4.787448e-06 2
8.337671e-06 1
2.877312e-05 2
2.843381e-06 1
1.359338e-05 4
6.127664e-06 7
1.159414e-05 2
9.261988e-06 1
8.640080e-06 1
4.239180e-05 1579
1.319626e-05 2
1.112538e-05 78701
5.060046e-06 1
2.573163e-06 1
1.588586e-06 6
9.317942e-06 33112
2.581624e-07 1
8.487231e-06 1
1.762522e-05 1
8.099879e-06 5
5.302695e-07 1
3.787245e-07 1
2.249061e-06 2
4.209663e-06 2
2.355607e-05 1
1.528398e-05 600
1.078605e-05 43810
4.900805e-06 1
4.138081e-05 1
2.307035e-05 3
1.461809e-05 1
1.241615e-05 1
2.926220e-06 465473
9.108015e-06 3
1.177690e-05 3
6.796790e-06 3
1.163952e-05 2
1.458057e-05 218
2.506742e-05 1
1.589737e-05 1
2.570135e-06 4
2.349023e-06 3
1.649809e-05 1
3.076883e-06 1
3.584387e-06 1
1.168356e-05 2
3.278852e-06 1
4.788044e-06 1
6.685383e-06 1
8.914804e-06 1
5.069848e-08 2
6.893408e-06 1691
1.724199e-06 1
3.797764e-06 1
3.269902e-06 1
2.332429e-05 119
8.129687e-06 11743
1.547807e-05 3
6.158384e-06 1
1.303326e-05 3
3.150874e-06 1
8.092834e-06 3
1.264205e-05 1
5.692132e-07 2
1.805290e-06 1
2.000450e-05 34935
8.178373e-07 15434
1.215056e-05 1
6.144834e-06 56668
2.545880e-06 5
1.557368e-06 123
5.770971e-06 1
5.077068e-05 1
5.740915e-06 1
3.097832e-06 1
5.250337e-07 85
7.224858e-06 5
3.119825e-05 114
6.015965e-06 65
3.934682e-06 1
2.900357e-06 3
1.340459e-06 3
1.344453e-05 4
8.022315e-06 1
3.668919e-07 2
1.209898e-05 7
1.910658e-06 1
2.914697e-05 1
1.360445e-07 1
9.884509e-06 59219
9.647689e-06 1
7.788143e-07 1
5.768457e-06 1957
4.374171e-06 3
8.310395e-06 2044
1.851581e-06 615583
1.203164e-05 2
1.275255e-06 66521
1.827136e-06 1
9.480295e-06 1
5.207027e-06 146
6.505210e-06 119
2.201605e-05 2
2.339942e-05 1
8.874765e-06 1
1.359769e-06 1
1.793912e-05 1
6.068896e-06 1
1.138173e-05 1
2.251715e-05 3
2.948861e-06 219
2.760983e-06 1
1.450474e-05 3
2.664203e-06 1109
7.077917e-07 3
5.783606e-06 2
5.009319e-05 1
1.870918e-05 1
5.996132e-08 1
1.627345e-05 1
4.417123e-06 1
8.991052e-06 612
7.266448e-06 1
3.533628e-06 1
4.965972e-08 1
6.325452e-06 1
2.257198e-06 5
5.847656e-06 5
4.147872e-06 1
1.191257e-05 1
4.012893e-06 1
7.648332e-06 3
1.229289e-05 3
7.888963e-06 1
9.487964e-06 3
3.860285e-06 24
1.993032e-06 121
1.629898e-05 1
3.045898e-06 3
2.494750e-05 1
3.400416e-07 1
2.931101e-06 1
1.636206e-05 2
1.477583e-05 6
9.115930e-06 1
1.238526e-07 2
4.780254e-06 146
2.138019e-05 1
1.194084e-05 1
3.307533e-05 1
1.528399e-06 3
8.009357e-06 7
3.206519e-05 3
2.774056e-06 56466
4.308220e-06 1
7.932017e-06 3
2.049512e-05 3
9.409380e-06 267
8.662084e-07 1
4.759522e-06 1
1.587320e-05 1
2.255355e-05 5
5.734184e-06 2
1.936539e-05 1
5.085279e-07 1
2.474544e-06 1
1.392219e-05 1
1.519403e-06 3
3.547453e-08 2
8.600986e-06 1
4.923271e-07 2
2.949153e-05 3
9.791167e-07 36770
4.255111e-06 3
1.188527e-05 1
1.187130e-06 3
4.793350e-06 1
2.251510e-05 1
3.186701e-06 1
1.613538e-06 3
2.985702e-05 249
1.158494e-05 105
7.506099e-07 69
7.621645e-06 1
1.070442e-05 18124
2.325581e-06 1
3.816032e-06 3
3.877271e-08 126
9.057673e-07 2
1.366079e-05 5
6.369105e-06 1
7.247452e-07 99
5.023405e-06 5
5.521239e-06 1
2.303150e-05 3
1.987662e-06 2
2.408628e-05 24887
4.738710e-06 1
2.698019e-06 2
1.242982e-05 1
2.572968e-06 180
5.209150e-06 5
1.562831e-05 1
8.616221e-06 1
1.353432e-05 20736
4.700973e-08 521
6.869962e-07 1
4.669110e-06 3
4.522598e-06 3
2.672861e-06 2
9.195786e-06 71
1.533008e-05 3
1.631441e-06 2
1.275635e-06 2
5.240594e-06 6
5.118645e-06 45
1.949267e-06 1
1.202189e-05 1
4.134115e-06 5
2.411366e-06 1
1.239729e-05 3
1.167309e-05 1133
1.476216e-06 6
3.450801e-05 54682
6.990859e-06 638446
3.587218e-05 1
1.321580e-05 1
1.154938e-05 1
6.903622e-06 1
4.431263e-06 1
1.086052e-06 1
4.623422e-06 4
1.139481e-07 3
1.439130e-05 292107
7.220792e-05 5
3.899798e-06 7
9.597291e-06 1
1.793740e-05 3
1.173541e-05 1
5.176230e-06 137
7.000714e-06 1
6.673607e-06 222
5.007442e-06 2
1.092895e-07 108
3.138635e-06 6
1.134499e-05 537
1.964429e-06 1
2.955931e-06 3
5.486235e-06 1
2.587006e-07 6
2.585734e-07 1
3.136354e-05 1
2.276342e-06 133
1.121065e-05 1
6.899045e-07 1
1.334016e-06 3
8.993390e-06 1
2.138353e-06 1
6.507142e-06 1
4.144022e-06 2
3.696314e-05 1
9.508957e-06 6
1.555071e-05 488
1.046215e-05 1
9.200654e-06 1842
1.484790e-05 1
2.327386e-05 7
2.270477e-06 1
1.015727e-06 1
4.047785e-06 563
5.119649e-06 2
4.675390e-07 1684
1.574681e-05 5
1.021810e-05 45788
3.181616e-06 950
7.531719e-06 1
8.211395e-06 1
7.733547e-06 227
6.758423e-06 1
1.016685e-05 1
1.658367e-06 1
3.885093e-06 1
1.159200e-05 1
2.876977e-06 1
1.043571e-05 56851
8.613916e-06 1
1.661547e-05 113
5.973932e-06 1166
3.407444e-06 1
7.662581e-06 3
2.277294e-08 1
3.540865e-05 3
1.759505e-05 88
1.474214e-06 1
1.671055e-05 3
1.354541e-05 1
4.730473e-06 6
1.886394e-05 1
2.638926e-06 1
4.039611e-05 441680
8.948929e-07 147
1.859281e-06 3
2.827501e-05 4
3.351194e-06 1
1.175859e-05 5
4.027598e-08 2
2.734936e-06 1
4.929282e-06 3
1.188299e-06 3
6.444490e-06 7
9.561927e-06 7
1.623435e-07 1
1.753831e-07 1
6.376599e-06 2
1.607079e-05 1
7.895213e-06 27
6.993043e-06 1
6.852916e-06 51
3.034537e-06 1
1.327519e-06 1
5.774296e-06 258
1.952019e-05 3
4.467075e-06 19479
1.637294e-06 1
5.091034e-06 2
3.022123e-07 1
5.242771e-05 1
1.792650e-05 1
