6.758329e-05 1
2.534205e-05 1
5.753342e-05 3
2.408227e-05 2049
1.480367e-04 2
8.583980e-06 1
9.010220e-06 1
2.481329e-05 2
1.695796e-05 3
1.450830e-05 3
2.777889e-05 7
9.327272e-05 1
9.046553e-05 1
5.039843e-05 1
1.464716e-04 1
3.512708e-05 1
2.763458e-05 1
1.602543e-04 1
1.177984e-05 51
9.667274e-05 3
5.601944e-05 17
2.095322e-05 1
8.439583e-05 5
1.226572e-05 1
9.273107e-05 1
1.069808e-04 7
1.123925e-05 1
1.060994e-04 4
2.021136e-04 1
1.246695e-05 1
2.213356e-06 1
8.054153e-05 15
3.425378e-05 2
1.644379e-05 6
1.773206e-05 42757
6.297930e-05 27
3.538080e-05 2
2.125865e-06 574
4.971414e-05 1
1.807309e-05 2
2.987115e-05 35036
4.029529e-04 1
2.732873e-05 3
5.757358e-05 7
2.057795e-05 3
1.092870e-04 38383
4.275832e-05 1
2.511204e-05 5
1.396388e-04 108
1.600181e-04 1
1.872426e-05 1
2.636599e-05 1
2.098457e-04 261
7.279622e-05 1
3.949711e-05 3
8.153133e-05 1
5.199161e-06 1
5.160150e-05 1
9.956016e-05 1
4.716898e-05 7
9.497348e-05 6
1.293431e-04 2079
4.490881e-05 1
2.397519e-05 1
1.564249e-04 2
4.050877e-06 1
1.042488e-04 3
3.498725e-04 40679
5.468725e-05 7
4.590539e-05 1
2.133582e-05 6
7.851447e-05 1
5.453613e-05 3
1.636788e-05 1
5.551693e-05 2
4.748854e-05 1457
2.887885e-05 1
9.959739e-06 51015
4.433274e-05 1
1.429864e-04 1
1.053191e-06 2
2.607690e-05 233965
5.653577e-05 20
2.211474e-05 1
1.161166e-04 1
3.572642e-05 1
8.042994e-06 7
7.546365e-05 1
1.624145e-04 31094
2.072150e-05 1
1.115692e-04 1
3.386622e-05 1
1.641192e-05 1
4.430335e-05 1
6.776424e-05 1
3.303729e-05 3
2.819640e-05 1
1.028928e-04 107
3.043673e-05 159
6.128806e-05 1
2.118356e-04 2
2.624307e-05 6
1.345341e-04 1
4.245737e-06 3
2.526409e-05 1
1.125198e-04 3
8.614667e-05 1
4.191627e-05 2
4.261887e-05 1
1.809575e-04 1
5.107187e-05 1
6.607221e-05 1
1.993587e-05 5
1.331782e-05 114
2.450323e-05 817
5.769080e-05 1
1.818932e-05 1963
3.777127e-05 1990
5.792865e-05 2025
8.029829e-05 1
4.395454e-05 3
5.733540e-06 1
5.150281e-05 238
5.156541e-06 1
5.212225e-05 1
3.549734e-06 1
1.294616e-04 1
1.536395e-05 1
2.254230e-04 3
8.947920e-06 2
8.538802e-05 1
7.309833e-06 1
9.233959e-05 52653
4.377547e-06 1
7.299213e-05 1
2.977604e-05 2
1.955168e-05 1
1.089493e-04 3
7.546210e-05 1726
9.810501e-06 1
2.589827e-05 1
2.699409e-05 1
1.178121e-05 2
1.944888e-05 6
4.237982e-05 214
2.948193e-06 219
1.658723e-04 3
3.470911e-05 1
1.107508e-05 1
8.222714e-05 1
2.502821e-05 1
6.308841e-05 1
1.081876e-04 2
6.015772e-05 1
3.669432e-05 1
2.018694e-05 1
4.052680e-05 3
5.102595e-05 3
1.914202e-05 1
1.208460e-04 2
3.541493e-05 1774
5.180185e-05 3
1.663300e-05 1
1.712797e-05 1
4.448747e-05 1
1.086005e-04 7
7.342325e-05 1
1.415949e-05 4
2.045774e-04 43
4.050436e-05 1
1.831162e-05 3
4.769134e-05 1
1.281106e-04 1
1.962750e-04 1
2.521697e-05 1
3.957048e-05 1
2.666710e-04 1
1.781418e-05 1
1.515235e-04 1
8.673994e-06 60437
5.804880e-06 123
8.749513e-05 2
6.602727e-05 225
5.699099e-05 1
3.425200e-05 1
1.052004e-04 1
4.043972e-04 2
1.359631e-04 1
7.634380e-06 2
8.044594e-07 3
1.075986e-04 1
1.505945e-04 351
1.263648e-05 1
8.663870e-06 1
3.309933e-05 1
3.763354e-05 1641
6.368361e-05 1
8.294412e-05 18504
1.312815e-05 1
3.376474e-06 3
2.909451e-05 1803
2.194772e-05 1
2.681467e-04 1
6.843702e-05 6
5.674506e-05 1
3.249282e-05 2
9.573316e-05 5
5.470029e-05 43391
4.844309e-05 1
3.642414e-05 1
3.242022e-05 267
3.105164e-05 1
9.548719e-05 37
1.220651e-04 1
1.233687e-05 1
4.102251e-05 1
1.806809e-05 1015
1.185160e-06 1
1.157009e-04 1
1.300405e-05 142
1.058769e-05 1402
3.560711e-05 2
1.074212e-04 1
3.753605e-05 1
7.223597e-07 6
2.990478e-06 1
3.220744e-05 1
1.435712e-04 1
1.506317e-05 7
2.874598e-05 1
1.598094e-04 1
4.637811e-05 93
1.184824e-06 21
1.881252e-05 1
2.495108e-05 1
7.455942e-05 1
2.927331e-05 2
6.126933e-05 1
3.838282e-06 6
1.273299e-05 1
4.554244e-05 6
3.561509e-05 1
9.546904e-05 1
2.121338e-05 1
2.264339e-05 2
2.451749e-05 1
1.450895e-04 2
2.351285e-05 84
9.809494e-05 2
9.785239e-05 1
1.173866e-04 1
2.600594e-05 3
6.903303e-05 1
6.383247e-05 7
8.146679e-05 4
7.037990e-06 647
1.565705e-05 1
4.872527e-05 1
4.320674e-05 1
6.916970e-06 56
2.649637e-05 35261
2.908235e-04 4
2.732134e-05 1
7.742145e-05 1
9.035392e-05 6580
1.145685e-04 2
6.996424e-06 196
2.186768e-05 1
9.538328e-05 1
9.080248e-06 1
3.389868e-05 1
2.078397e-05 3
5.825281e-05 2
5.933653e-05 31
1.760158e-04 1
1.117446e-04 58889
3.514745e-05 152
1.549591e-04 193
2.611998e-06 1
3.799789e-05 3
1.417004e-04 1
8.625773e-06 1
6.753294e-06 2
3.941482e-05 1
5.852737e-06 1
9.137344e-05 1
3.947280e-05 1
6.832346e-05 1
3.155996e-05 5
6.237452e-05 7
1.742777e-04 1
2.319121e-06 1
4.310554e-05 238
1.622181e-05 1
8.149638e-06 1
3.186850e-04 4
1.894267e-05 228
3.644910e-05 1
4.725192e-05 1
1.995522e-04 1
1.483870e-04 3
3.107441e-04 14094
7.564396e-05 209
2.133599e-05 1
3.367537e-04 1
8.387723e-05 4
4.992570e-05 75
1.789223e-04 4
1.551197e-04 5
7.202269e-05 2
1.446981e-04 3
1.641260e-05 1
1.009198e-05 1
1.499652e-04 1
3.255765e-05 3
9.617504e-05 1
9.544282e-05 1
4.451879e-05 2
1.388854e-04 1
7.775726e-05 1
6.184564e-06 3
5.072290e-05 3
5.396457e-06 1
3.965776e-06 5
2.719601e-04 3
2.638855e-04 1
7.983282e-05 1
2.702340e-05 3
9.694661e-06 1
4.976582e-06 1
4.188374e-05 1
1.347694e-05 4
7.585768e-06 11355
4.062859e-04 148
9.552085e-05 51
5.561153e-05 6
2.836988e-05 1
1.004998e-04 3
2.485935e-05 238804
2.734882e-04 2
8.816457e-06 3
2.712945e-05 4
1.019688e-07 1
2.703952e-05 1
1.308707e-05 1
3.317772e-05 1
2.226194e-05 4
3.690039e-05 171
9.803180e-05 1
4.032562e-05 3
1.173816e-04 1
3.645582e-05 1
4.733524e-05 6
2.616021e-05 1
4.721883e-05 49182
4.556014e-05 1555
1.911083e-04 3
2.593044e-04 5
2.219501e-05 7
3.121357e-04 2
6.662945e-05 1
1.794170e-04 6
3.468640e-05 2
6.926992e-05 17419
2.631735e-05 55
4.844805e-05 1
4.126952e-05 1
1.184273e-04 1
5.577563e-06 1627
1.476361e-04 3
1.212178e-04 1
4.476361e-07 1
1.032632e-04 1
2.273074e-04 212
5.095507e-05 2064
8.287476e-05 3
6.419351e-05 1
5.242025e-05 1
1.024978e-04 299
1.228128e-05 1
8.594714e-05 1
8.902581e-05 3
1.090142e-04 2
1.873666e-06 3
5.512340e-05 1
1.994081e-05 1
9.960485e-06 1
2.027518e-04 3
4.169389e-05 1
7.505845e-05 1
2.369336e-05 3
9.920871e-06 2
4.263879e-05 3
4.708674e-05 1
5.079185e-06 1
6.481567e-05 1
2.699918e-05 1
9.061410e-06 1
1.073947e-05 1
8.397874e-07 4
1.173893e-04 3
7.479803e-05 2088
2.589073e-06 3
1.928156e-05 1
9.145113e-05 1
2.052617e-04 142
3.988814e-05 155
1.316232e-04 221
1.730231e-04 1
5.469401e-06 1
1.007016e-05 2
1.474758e-04 3
1.701675e-04 1
3.958323e-05 1
3.954497e-05 2
1.373227e-04 3
3.943521e-05 1
4.214677e-05 1
7.414824e-06 1
1.147713e-04 1
2.210905e-05 1
3.250056e-05 1
7.785896e-05 1
6.228403e-05 1
4.848820e-05 1
2.253939e-05 1
3.846197e-05 1
5.557187e-05 2
6.392863e-05 1
1.153764e-04 1
6.185227e-05 3
5.905899e-05 3
6.074280e-07 2
4.928716e-05 43480
9.617438e-05 1
2.271878e-05 1
1.325931e-04 2
2.117094e-04 185
9.825734e-05 1
2.208453e-04 1
9.609215e-06 5
1.170001e-04 1
1.366949e-05 1
3.089842e-05 1
4.630738e-05 2
1.358931e-04 1
7.447933e-05 741
4.229563e-06 2
2.338990e-05 2
7.551611e-06 1
1.898565e-04 1
7.491271e-05 2
1.634544e-04 3
8.478345e-05 1
4.122592e-05 3
7.623621e-05 1
2.774083e-05 1
1.519089e-05 1856
1.727454e-05 1
3.419173e-05 6
7.598545e-06 2
3.670920e-05 2
7.224276e-05 1
2.121280e-05 1
9.697167e-05 1
6.874054e-06 1
9.884776e-06 627
1.422261e-07 1
1.373479e-04 1
3.785692e-05 39961
1.120114e-05 1
1.622423e-04 1
1.537618e-05 157
1.114663e-05 442
2.160716e-05 1
4.098612e-05 1
1.658577e-04 1
2.946175e-06 234
1.248872e-05 7
1.166733e-05 1
4.363037e-05 6
2.997781e-04 1
3.841514e-05 1
1.113107e-04 3
1.348900e-04 3
2.596012e-05 211
5.747410e-06 1
6.259850e-05 1
1.034443e-05 1
5.595653e-05 1
1.739672e-04 4
4.771200e-05 5680
6.574919e-06 2
8.679509e-05 1
1.003671e-04 3
2.425149e-05 57
6.342904e-06 1
3.328262e-05 274
5.316038e-05 184
2.970658e-05 1
6.089744e-05 1
5.024032e-05 7
1.235474e-04 110
2.583651e-05 1
3.120288e-05 1
2.214392e-06 1324
3.075535e-05 3
5.094061e-05 1
4.882771e-05 1
1.306245e-05 1
5.309375e-06 2
2.715759e-05 56622
5.530695e-05 1
7.593013e-05 7245
2.488040e-05 1
2.828542e-05 1
6.955711e-05 1
1.063360e-06 1
7.569182e-05 1
1.046374e-04 1
3.061363e-05 1
4.153309e-05 5
4.212943e-06 2
1.159946e-04 1
1.294148e-04 1
5.722147e-05 1
1.613515e-04 1
1.068863e-04 27005
5.342333e-05 2
1.553542e-04 1
5.572822e-06 43602
8.129351e-05 1
1.693502e-04 1
7.390387e-07 2
1.606101e-04 1
1.181005e-04 1
2.010093e-05 1
3.060454e-05 225
1.927381e-04 1
2.880213e-05 1
2.039558e-05 1
1.290992e-04 225
8.566784e-06 2
4.208575e-05 1
1.289563e-05 155771
1.133876e-04 1
5.922178e-05 2
1.434922e-05 1540
5.212556e-05 50
1.071488e-04 1
1.427208e-06 1
5.241109e-05 3
3.059247e-05 2
3.934236e-05 1
4.354812e-06 1
3.093957e-05 1342
6.712451e-05 175
6.293226e-05 2
9.541746e-05 2
8.748405e-06 3
9.222247e-05 222
2.548375e-05 228
1.966459e-04 62217
1.150582e-04 1
1.173055e-04 1
2.710887e-06 1
1.855997e-05 1
6.626067e-05 1
8.305911e-05 1
7.424764e-05 6
2.513455e-06 1
3.731498e-05 1
4.124649e-04 1
4.916628e-05 1
2.613428e-05 1
1.397228e-04 151
1.823697e-04 1247
1.050580e-05 3
2.110501e-04 944
3.862873e-05 1
6.138427e-05 33021
8.829810e-05 1387
1.181933e-04 1
3.614358e-06 1
8.145651e-05 1
5.933243e-05 246
9.289004e-05 3
4.748979e-05 1
1.074998e-04 1
8.255437e-06 7
1.912640e-05 49
6.703449e-05 610
2.558758e-05 1
1.358979e-04 1
3.328015e-05 96
3.220412e-05 3
1.100512e-04 3
2.892579e-05 1
1.771657e-07 3
1.034166e-04 764
6.261653e-05 1
4.228312e-05 7
2.765628e-04 1
1.875311e-06 1
1.979270e-06 1
2.240755e-04 3
3.437104e-05 1
3.245695e-05 3
1.854411e-05 258
9.567398e-05 2
1.208408e-04 1
6.097019e-05 1
5.807634e-05 4
6.547864e-05 149
1.442575e-05 1
3.160692e-05 2
1.059582e-05 189
7.253115e-05 1
4.997752e-05 3
1.048495e-04 201
9.076755e-05 3
7.844713e-06 1
4.389148e-05 1
8.204325e-05 1
2.589724e-06 1
1.169240e-05 7
9.222628e-05 265
6.023601e-06 1
1.549069e-05 1
3.556706e-05 183
1.301087e-04 140174
3.122602e-06 3
1.206647e-04 1
1.692836e-04 242
2.350241e-05 3
1.263828e-04 131
7.338752e-05 5
3.712159e-05 207
3.592926e-05 1
6.248978e-05 3
1.764329e-05 5
3.903992e-05 3
8.916475e-05 4
1.438167e-04 1
4.208859e-05 2
9.185662e-05 1
6.351139e-05 1
9.597467e-05 1
2.587214e-05 5
4.533862e-05 1
2.497886e-05 24052
3.369408e-04 4
3.625655e-05 1
1.594337e-04 1
9.121868e-05 1
5.644199e-05 180
2.696707e-06 7
1.820301e-05 3
3.336476e-06 1
3.640629e-05 1
3.704735e-05 5
7.746118e-05 1
8.325658e-05 46
1.243817e-05 1
8.820728e-06 140
1.856829e-04 2
1.665965e-05 3
1.056070e-04 1
1.097683e-05 4
5.775906e-05 2
1.704695e-04 1
2.694598e-04 1764
9.319208e-05 3
1.092892e-04 1
3.828401e-04 122
5.609167e-06 1
8.125919e-05 2
3.184789e-05 199
3.950794e-06 1
2.696885e-05 16107
8.408461e-05 1
4.408515e-05 7
1.573788e-05 1
1.064218e-04 1
1.046659e-05 1
4.955391e-05 1
7.340206e-06 1
1.757142e-05 2
2.137394e-05 1
1.994275e-04 3
3.526208e-05 134
1.276706e-04 1
5.528333e-06 7
2.702867e-05 1
7.260941e-05 1
3.912122e-05 3
5.714078e-05 179
7.804067e-05 2
3.475179e-05 1
1.703076e-05 2
2.179823e-04 171
6.849169e-05 178
1.852112e-04 1
7.639327e-07 1
1.379567e-05 2
1.245041e-04 1
1.371713e-04 1
1.715789e-04 1
1.516321e-04 239
9.101899e-05 18883
1.057205e-04 148
3.040831e-06 1
2.289819e-06 51
2.440376e-05 2
4.032242e-05 4
1.247876e-04 1969
1.400098e-05 1
7.281959e-06 1
3.869685e-05 17
1.632224e-05 1
1.662687e-05 1
3.128569e-05 1
9.874866e-06 633
2.292516e-05 3
2.256861e-05 6
7.603084e-05 31
1.941741e-04 526
2.806414e-04 1
7.493281e-05 6
3.040967e-05 1
1.159165e-04 1
3.522111e-05 1
6.966293e-05 6
8.836560e-05 1
5.183043e-05 3
4.020799e-05 1
2.213944e-05 92
2.869729e-05 2
6.574306e-06 1
6.692722e-05 2
7.092270e-06 34566
3.666316e-05 1
1.337286e-04 7855
2.237462e-06 6
7.200592e-05 3
2.862098e-04 1
7.138703e-06 1
8.337098e-05 1984
5.543817e-05 1
2.445336e-05 2
1.614924e-06 100
5.027537e-05 267
1.341458e-05 1
2.567450e-05 1
4.607941e-05 3
3.046772e-06 1
1.820898e-04 1
1.209705e-06 1
7.615516e-05 72
1.580652e-04 1
2.423191e-05 6
3.294758e-05 1
6.252021e-05 2
3.341470e-05 1
8.311430e-05 1
8.608589e-05 608
5.306311e-05 1
1.660634e-05 1
2.511804e-05 1
5.817476e-05 1
1.784178e-04 1
2.614205e-06 1
1.666892e-05 2
5.120357e-05 1
6.650504e-05 1
1.067682e-04 1
1.649903e-05 2
1.852384e-05 173
4.454299e-05 3
1.382280e-05 5
1.748292e-06 2
1.941592e-05 3
9.616741e-06 7
6.143933e-05 1
8.439266e-06 4688
1.356248e-04 1
3.949524e-05 1
4.072699e-05 1
2.154395e-05 5
1.691498e-04 3
3.511545e-05 1
5.472882e-05 1
1.962845e-05 1
9.213278e-05 2
1.014927e-04 3
9.822999e-06 289311
4.302538e-05 211
7.067768e-05 1
3.550732e-05 256
3.298944e-05 609
5.069925e-05 1
2.718925e-05 96
9.270566e-07 1
1.320328e-05 18
2.423645e-04 1
2.117738e-05 1
4.205295e-06 2
1.344304e-04 1
3.492856e-05 1
2.633776e-05 1
6.565634e-06 187
1.263235e-04 1
7.883243e-06 7
2.496507e-05 1
4.941032e-05 1
1.041159e-05 1
1.108074e-04 1
1.128817e-04 1
4.142114e-05 1
3.386788e-06 1
4.563528e-05 1
3.591959e-05 1
3.199714e-04 1
2.995700e-06 3
5.955837e-05 1
1.265669e-04 3
8.832108e-05 4
2.826936e-05 59631
1.663772e-04 1
4.687511e-06 234
5.054319e-06 1
1.569894e-04 4
1.664870e-04 1
2.562021e-05 1
6.299961e-06 6
1.767341e-05 34
4.263500e-05 2
5.753289e-05 2
2.476812e-04 1
2.280398e-05 310652
2.906894e-04 1
8.506968e-05 7
6.890575e-05 4
1.738859e-04 1
1.513244e-04 2
1.457195e-06 1
8.281296e-05 1
1.250261e-04 39429
1.923272e-04 1
2.284468e-05 2
8.790562e-05 3
9.180757e-05 309
3.255858e-05 1
2.856830e-05 1
1.252934e-04 1
7.252792e-05 6
2.829437e-04 161
4.280864e-04 1
6.308074e-05 3
1.803896e-04 1
1.518044e-04 1
7.508694e-05 1
8.918255e-05 7
9.514600e-06 1
9.459719e-05 1
2.393858e-05 2
5.788386e-05 1
1.584962e-05 2
5.291689e-05 1
2.779862e-05 1
5.847149e-05 1
1.540817e-04 1
4.399685e-05 1
2.072884e-05 1
7.130515e-06 1
5.030091e-06 2
1.676999e-04 1
1.696338e-05 1
1.068115e-04 1
2.711753e-04 2
8.876639e-05 482
3.420546e-05 1
3.158529e-05 1
8.281631e-05 153
2.187759e-04 5
9.076851e-06 2
1.173583e-04 178
1.141427e-04 1
6.264391e-05 148
3.829468e-05 1
9.599853e-05 2
5.360235e-05 1
2.481245e-04 80
1.606085e-05 7
1.089553e-04 71
3.008294e-06 2
1.624491e-05 1
8.504633e-05 1
5.252209e-06 3
2.322756e-04 1
7.680957e-05 1
9.841427e-05 2
9.251132e-05 488493
6.004287e-06 4
1.455241e-04 1
9.198099e-05 4
4.050084e-05 289580
7.030087e-05 1
9.797256e-06 4
1.813272e-04 1
4.237945e-05 2
6.937331e-05 1
4.891263e-05 7
8.662351e-05 6
3.424206e-05 1
1.065847e-04 28967
1.316436e-05 3
3.353300e-06 2
1.668444e-04 1
6.166827e-05 2
4.870564e-06 46774
8.972105e-06 2
1.384992e-05 2
1.348288e-05 1
8.059375e-05 1
3.831982e-05 3
4.401539e-05 1
1.299584e-05 1
1.233624e-04 1
1.364347e-05 336
3.255488e-05 7
3.914472e-06 3
1.161961e-05 2
2.302541e-05 7
9.232677e-06 1
7.325940e-05 3
1.238690e-04 1
5.824103e-05 1
2.088150e-05 1
3.439198e-04 74
1.194992e-05 105512
2.859432e-05 1
1.491237e-04 873
6.025319e-07 2
2.032341e-04 2
1.920489e-05 1
5.345077e-05 1
7.655714e-05 1
7.205991e-05 13
3.110106e-05 1
8.099202e-06 3
2.831795e-06 1
5.482525e-05 102
6.930848e-06 1
1.786584e-05 1
2.019713e-05 1
3.188988e-05 1
2.299061e-04 53449
1.023832e-04 1
1.185650e-04 2
7.324456e-05 1
3.158228e-05 1
2.531825e-05 2
2.646288e-04 2
2.232446e-05 3
5.141948e-05 1
5.134840e-05 1
1.352532e-04 3
9.376954e-05 2
5.156650e-05 3
4.768967e-05 1
1.533391e-06 1
3.441569e-05 17
8.281966e-05 1
9.368199e-05 1
7.335302e-05 1
9.859640e-05 1
2.717058e-05 25
2.338676e-05 3
1.001759e-05 1
5.106033e-05 1
2.235852e-05 2
1.350140e-04 5
7.905744e-05 1
1.818440e-04 7
1.210839e-04 15013
4.535718e-05 1
9.891275e-05 6
2.061687e-05 163
5.356106e-05 1
1.537524e-04 1
2.275125e-05 126
1.249080e-05 3
1.840787e-05 3
1.133507e-05 1
3.688064e-05 1
1.432770e-04 1
1.857805e-04 1
3.388923e-05 6
1.159077e-04 3
5.342293e-05 1
3.107916e-05 238
3.447764e-05 159
9.335744e-05 1
2.748276e-04 1
7.524308e-05 1
3.492803e-05 1
7.658442e-05 6
6.157929e-05 1
5.682117e-05 1
2.159254e-04 1610
3.071595e-05 1
1.206019e-05 1
3.631833e-06 2
6.202958e-07 1
2.575867e-05 1
1.105126e-05 6
1.123864e-04 3
3.590525e-06 1
1.331595e-04 1
3.035500e-07 1
3.224137e-05 1
1.403870e-05 6
4.289442e-05 3
4.814002e-05 5
1.621325e-04 1
9.292942e-05 2
7.905071e-05 3
7.785579e-05 3
6.468523e-05 1
6.722429e-05 1
3.268831e-05 1
1.673779e-05 348
2.407724e-05 1
5.639386e-05 1
1.259446e-04 3
1.090227e-04 2
1.173712e-05 2
1.876887e-04 42815
5.803161e-06 3
4.762354e-05 24923
2.357101e-05 1
5.393915e-05 1
1.204396e-04 1
1.193249e-04 74
1.324565e-04 22365
4.982467e-05 554210
2.712826e-05 2
3.870360e-05 1
2.716130e-05 1
5.827006e-07 1
4.803447e-06 1
3.677448e-07 6
2.774853e-06 7
2.834935e-05 1
3.674683e-05 3
1.759473e-05 1
4.118445e-06 1
9.223141e-05 2
4.519854e-05 2
2.004137e-05 1
5.611364e-06 1
8.774645e-05 1
2.178047e-04 1
8.893794e-06 1059
1.128651e-05 1
8.631892e-05 3
1.023953e-04 1
6.508319e-05 171
8.886998e-05 1
4.705047e-05 5
4.473475e-05 1
2.192068e-04 1
2.489843e-05 5
5.377828e-06 158
9.293536e-05 2
5.827184e-05 5
2.592373e-05 1
6.537724e-05 1
4.150297e-05 300907
1.186887e-04 1
4.722370e-05 1
1.224293e-06 2
4.465271e-05 1
2.187410e-04 2
7.500010e-05 1
9.519947e-05 1
2.912084e-05 1
1.562850e-04 3
5.929654e-06 1
8.765564e-05 3
6.506885e-05 57
7.748069e-06 991
1.132004e-04 1
5.660516e-05 1
7.675158e-05 6
2.621544e-05 1
9.368663e-05 2
6.152183e-05 5
3.375008e-06 3
4.305943e-05 2
1.033305e-05 7
5.475451e-05 1
7.345478e-05 1
9.004748e-05 1
5.874848e-05 1569
2.364715e-04 1
4.066678e-05 1
4.510596e-06 1
8.588980e-05 1
5.727762e-05 1007
2.436274e-05 96
2.153615e-05 1757
1.104567e-04 1
4.494683e-06 1
2.057831e-04 1
2.204907e-05 1
2.903758e-05 134
1.754539e-05 1
6.851027e-05 2
1.324609e-05 1
1.003900e-04 3
1.149223e-04 186
6.462475e-05 80
3.180859e-05 1
1.783075e-04 1
6.362616e-06 1
9.893426e-06 3
2.378332e-05 1390
1.592917e-04 5
1.823984e-04 2
8.091438e-06 1
2.594209e-06 1
1.464794e-04 3
4.992241e-05 3
1.166608e-04 1
1.757232e-05 196
2.402081e-05 3
2.641310e-05 1
3.002875e-05 1361
2.075510e-05 1
2.434274e-06 2
3.112590e-05 1
5.743717e-06 1311
9.518432e-06 3
3.094436e-05 1
3.284194e-05 1
1.206103e-04 1
1.759171e-05 1
1.555526e-04 2
1.048090e-05 4
4.710056e-05 1
4.126962e-05 2
1.363163e-04 1
6.056692e-05 5
1.332134e-04 1
1.383968e-04 6
8.901842e-05 2
6.788760e-05 261
3.361797e-05 3
1.537014e-04 4
6.323971e-06 1
2.037628e-04 138438
4.705740e-06 1
3.285942e-06 1
1.802664e-05 35473
2.896585e-05 3
1.471579e-04 1843
6.653646e-06 1
2.970538e-05 2
7.707906e-06 1
2.293588e-05 3
1.040740e-04 36803
7.131147e-07 1
3.019554e-05 1
3.932387e-06 1
9.969181e-07 1
6.497560e-05 23628
1.007707e-05 11
1.902649e-04 3
2.509858e-05 1
9.641971e-06 1
5.879272e-05 5
6.264586e-05 1
1.551894e-06 1
2.090097e-05 1
7.682854e-06 3
3.160536e-05 1
7.462870e-05 2
9.759205e-05 1
4.702162e-06 1
3.374138e-05 6
4.799419e-05 1
6.603796e-05 1
5.878798e-05 6
3.378650e-06 3
4.242224e-05 1
1.784831e-05 1
2.497135e-06 1
1.804750e-04 7
2.004010e-04 1
1.035587e-04 114
7.728479e-05 7
6.818140e-05 2
1.717888e-05 1
8.577961e-06 1
3.229257e-04 38
3.181464e-06 1046
8.835059e-05 2
8.510433e-05 3
1.934367e-05 1
1.206193e-04 7
1.161176e-05 1
1.660089e-05 1
4.634822e-05 3
4.560084e-05 1
1.165778e-04 1
2.555732e-04 1
1.649733e-04 6148
2.999902e-05 1
6.567961e-06 2
1.060177e-04 1
2.259103e-05 1
2.093267e-04 132
5.051219e-05 1
3.740933e-05 3
3.931601e-05 1
1.347899e-04 1
1.178657e-05 79
8.653677e-05 3
3.468713e-05 181
5.473671e-05 2
1.576279e-04 853
2.942998e-05 135
7.016704e-06 3
2.178707e-04 40287
1.478423e-05 4
2.565560e-05 1
1.108077e-04 1906
5.508990e-06 1
6.721357e-05 202
1.606134e-04 2
9.214567e-05 2
7.755170e-05 1
3.889535e-05 5
7.792074e-05 1
3.294291e-05 2
6.410511e-05 1
1.810826e-05 1
1.785055e-05 39827
1.127495e-05 1
8.001312e-05 1
8.696337e-05 2
1.860576e-04 152
1.368085e-04 57151
3.871940e-05 1
1.191631e-04 1
7.665035e-05 2
1.297130e-05 4
8.366293e-05 2
2.781419e-06 1
7.602050e-05 3
2.466242e-04 694
2.806173e-05 876
7.290525e-05 3
8.092193e-05 3
9.294126e-06 7
7.920068e-06 5
3.275636e-05 1
2.237835e-05 1
1.741115e-04 3
2.669222e-04 1
2.531582e-04 7
5.918181e-05 5
1.202211e-04 81
2.825935e-04 1
5.491174e-05 6
2.099427e-05 1
1.126079e-05 1
6.311484e-05 1
8.697218e-05 1
1.604288e-04 3
1.392956e-05 1
5.274557e-05 179
6.528972e-05 38
8.662572e-06 1
5.538717e-06 2
3.102864e-05 4
3.525962e-05 1
1.025362e-04 4
6.016662e-05 1
8.670329e-06 2016
1.644589e-05 2
5.600686e-05 2
1.893387e-04 4
6.944886e-05 3
2.360676e-05 1685
1.708139e-04 193
4.123873e-05 160
9.861234e-06 1
1.013918e-04 1
4.757451e-06 1
1.239289e-04 50
4.505371e-05 3
5.014694e-05 41
2.898708e-04 1
4.163203e-05 1
1.395593e-05 1
1.858511e-04 1
9.663300e-06 1
1.138620e-04 1488
2.831871e-05 2
3.789120e-05 1
1.268566e-04 1
1.625887e-04 1
2.399879e-05 1
4.822739e-05 1
7.101835e-06 1
4.535468e-05 1
1.408003e-04 3
7.708098e-05 1
2.329824e-05 221
9.783946e-05 94
4.405254e-05 2779
8.568272e-05 1
3.561308e-05 1
5.798814e-06 1
1.380297e-04 105
2.382823e-05 3
5.326154e-05 6
8.801444e-06 1
2.167382e-04 1
9.645675e-05 1
1.083315e-05 3
1.580553e-04 1
2.752421e-05 30922
6.532488e-05 138
3.957519e-05 4
8.036104e-06 4
1.441103e-05 1
9.235176e-05 1
3.862563e-05 48
5.483771e-05 1
7.933302e-05 2
3.133926e-05 1
2.279378e-04 1
2.264521e-04 2
1.750065e-05 1
2.929328e-05 1
1.356451e-04 1441
2.599474e-04 38
1.465646e-05 1
5.082787e-06 229
3.286059e-05 54853
2.702643e-04 1
1.271249e-04 1
2.734482e-05 6
8.540566e-05 1
5.670975e-05 59
1.578303e-05 6
1.201412e-05 2
3.905409e-05 1
2.514423e-04 4
1.932361e-05 1
5.007291e-05 1149
8.372055e-06 1
1.182570e-04 3
1.565126e-04 4004
5.221552e-06 1
1.175457e-05 55167
6.618047e-05 1
2.823160e-05 24769
1.225001e-04 3
1.830214e-04 1
1.729022e-04 1
1.468980e-04 3
3.837493e-06 2
1.187547e-05 1
9.934658e-05 1
1.348599e-04 1314
5.170857e-06 1
1.342119e-04 4
8.205489e-05 2
5.803242e-05 73
2.866821e-05 1804
3.198415e-05 1
2.501032e-05 50110
2.931215e-05 1
1.404108e-04 3
1.824010e-05 1
5.449738e-05 1
5.311498e-06 1
8.810371e-06 2
2.609850e-05 1
2.259107e-04 1
2.672285e-05 1
7.396700e-05 1
7.719791e-05 2
2.304590e-05 756
2.387826e-05 7
2.796596e-05 1939
2.550832e-06 19668
2.379921e-05 2
9.876432e-06 17671
6.228851e-06 42011
7.927417e-05 1
9.074228e-05 2
2.468908e-05 1
4.001338e-05 1
3.750793e-06 1
2.328966e-04 1
1.067795e-04 3
4.696798e-05 2
5.652740e-05 2
5.260719e-06 1
4.851958e-06 1
7.505998e-05 1
9.225338e-05 35
5.417506e-06 3
4.855510e-05 54849
3.481761e-05 1
2.563367e-05 1
1.161500e-05 2
5.114799e-05 1
9.178525e-06 1
9.852310e-05 1966
3.421313e-05 1
1.178279e-04 1
5.383750e-05 2
1.781953e-04 1
4.629667e-06 1258
6.659079e-05 57640
3.727394e-05 4
1.555268e-04 1
3.436212e-05 1
2.839312e-05 227
1.005427e-05 12716
4.151529e-05 4
2.205951e-05 4
6.906410e-06 6
3.816840e-05 1
1.518281e-05 1
1.504833e-04 1
5.319915e-05 3
2.353071e-05 2
1.851442e-04 1
3.610488e-05 7
2.903634e-05 1
9.310964e-06 1
4.413008e-06 1
3.167073e-04 1
1.020457e-05 2
1.378500e-05 5
8.257861e-05 1
3.482913e-05 18
1.791302e-06 3
4.644388e-06 1
4.873338e-05 1
3.859181e-05 49
1.341442e-05 38
3.905263e-05 1
5.268322e-06 3
4.515726e-05 29052
2.123500e-05 1
6.515841e-05 3
1.620910e-05 1
9.165084e-05 43
5.192869e-06 46025
1.479791e-04 1
7.413830e-05 1637
1.608833e-04 3
1.199668e-05 1
8.729977e-05 1
3.369194e-05 1
2.206822e-05 27812
1.505436e-04 1
2.250008e-05 53489
1.245222e-05 1
6.260225e-05 3
4.121510e-05 1
2.183790e-05 2
4.053326e-05 1
5.355044e-05 189
4.194408e-05 1
9.059905e-05 1
6.863428e-05 6
5.265934e-05 1
1.677680e-04 1
6.489514e-05 1
4.397741e-05 1
8.891335e-05 2
3.996472e-05 1
1.182226e-04 199
1.804001e-06 7
5.222404e-06 1
1.373382e-05 1
8.529965e-05 2
1.874759e-05 2
1.411902e-04 1
1.828921e-05 6
2.250050e-04 3
6.735430e-05 1
4.928915e-06 2
1.662347e-04 7
9.738288e-05 1
5.955071e-06 1
3.536796e-05 2
2.357994e-05 1
2.056968e-05 3
6.114860e-06 1
2.945151e-04 1289
4.936868e-05 261
5.155159e-05 1
1.491777e-05 1
4.469966e-05 3
8.795977e-05 1
5.150876e-06 1
5.040616e-05 1
6.331798e-06 1
3.531132e-05 1
2.820080e-05 1
5.993414e-05 6
1.084572e-04 6
4.705584e-05 4
6.492329e-06 4
1.371865e-04 1
2.908376e-06 1
5.410102e-05 3
1.332716e-05 1
9.946625e-05 2
1.423934e-05 4
2.226770e-05 49949
3.144487e-05 1
1.710146e-05 1
2.410163e-05 1
5.805688e-05 1
5.232622e-05 1
5.387143e-05 2
1.184852e-06 1
5.713347e-05 1
4.187837e-05 1
4.929591e-07 1
2.053458e-05 5
3.112079e-05 1
2.217512e-05 191
1.719404e-04 88
1.036547e-04 2
5.011119e-05 1
7.494617e-05 629
1.828487e-04 3
3.968115e-06 1
6.837912e-05 1
3.584857e-05 1
2.566785e-06 2
1.388041e-04 1
4.197227e-06 1
7.983255e-05 3
5.679527e-05 1
1.258888e-04 1
1.434678e-05 728
2.540371e-05 7
5.937608e-05 1
9.331137e-05 1
4.731151e-06 1
1.338699e-04 3
5.526572e-06 1
6.068358e-05 1
2.184286e-06 1
1.301977e-04 1
1.201347e-05 1
2.387384e-05 3
3.367171e-05 1
8.648096e-06 1
4.709245e-05 2
1.532668e-05 1
7.976034e-06 1
5.548296e-06 1
4.004278e-05 2
6.838788e-06 1
1.658356e-04 142
7.486055e-05 593530
1.088911e-04 1
7.704353e-06 1
1.169221e-04 1
2.142321e-05 3
9.348067e-05 7821
1.963653e-05 1
7.181293e-05 1
2.481334e-05 2
2.073877e-05 2
2.085144e-05 11767
1.634460e-04 3
1.124657e-06 46725
3.505534e-05 1
2.531678e-05 1
1.499394e-04 7
4.553131e-05 1
6.905764e-05 1
1.975454e-04 3
6.366773e-05 1
5.137459e-05 2
1.972991e-04 1
2.212502e-05 1
1.493402e-05 3
2.820361e-04 2
1.435543e-04 6
6.140651e-05 1
3.458334e-05 2
1.164541e-04 4
1.095187e-04 1
3.218848e-06 1
3.409686e-05 1
3.278496e-05 1
3.861519e-05 1
1.200169e-04 3
5.651695e-05 1
9.496329e-06 1
2.971385e-05 1
2.875593e-04 1
4.692513e-05 1
5.978706e-05 1
9.026257e-06 1
3.922009e-05 1
3.610306e-05 1
1.091049e-07 4
1.685273e-05 1
1.304125e-04 3
5.391633e-05 1
1.298491e-04 1
9.994775e-05 3
1.464419e-04 275
1.957869e-04 1
3.670576e-05 1
7.506128e-05 1
1.581515e-04 1
4.387598e-05 1
2.084576e-05 212
7.259315e-07 1
1.662442e-04 1
8.419638e-05 2
1.962604e-04 1460
8.469551e-05 20203
1.057327e-05 2
1.518188e-05 1455
1.720997e-05 2
2.544738e-05 215
3.456191e-05 3
5.030450e-05 1
1.786445e-04 1228
1.544826e-04 1
3.470537e-05 1
3.018210e-05 1
7.607017e-05 1
1.104046e-05 1
2.717548e-05 2
4.153933e-05 1
2.951116e-04 1
4.263618e-05 3
2.758380e-05 1
1.642777e-05 2
8.278720e-05 1
9.998593e-05 3
1.320782e-04 1
1.611991e-05 1
1.296883e-05 1
3.361622e-05 2
7.894960e-05 170
4.935023e-05 1
7.069093e-05 1
1.478511e-04 3
1.277690e-04 1
1.927970e-04 1
2.559816e-06 6
2.087624e-05 2269
2.090359e-05 1
2.595713e-05 3
7.339274e-05 2
9.563549e-05 1
1.820030e-04 1
2.835639e-05 1
8.062472e-05 2
5.441499e-05 198
9.750904e-06 1
2.559069e-05 181
6.672422e-06 82
1.748050e-04 3
3.307659e-06 201
8.975825e-05 1
8.231927e-05 1
6.529750e-05 5
1.780538e-05 1
7.415563e-05 3
1.712313e-05 3
2.517621e-05 1
6.060998e-07 1
2.338373e-04 1
3.220488e-05 3
1.487120e-04 1
4.684965e-05 1079
1.392287e-04 6
2.934419e-05 1
3.697148e-05 1
5.899873e-05 1
2.811540e-05 266
1.033504e-04 2
3.396939e-05 1
3.497761e-06 1
4.689864e-05 2
2.136691e-05 1
1.477696e-04 2
2.681239e-05 1894
1.222217e-04 2
4.231067e-06 1
3.125935e-05 3
5.112070e-05 1
1.753927e-05 1
2.974758e-05 1493
1.768978e-04 1
6.638150e-05 1
1.552929e-05 3
7.807283e-06 343
1.951925e-06 3
1.285888e-04 1
5.326095e-05 7
6.569973e-05 1
1.689508e-05 3
6.520228e-05 2
1.979028e-04 2
7.736207e-07 1
6.236092e-05 7
6.906689e-05 96
5.652931e-05 3
1.000704e-04 96
3.580544e-04 3
1.752006e-05 1
4.249055e-05 10
4.838568e-05 5
1.312129e-04 2
6.409292e-05 1
2.454468e-05 6
7.531480e-05 6
2.044374e-04 4
3.342809e-05 3
4.717695e-05 1
6.190097e-06 7
1.023740e-04 2
7.512002e-05 3
9.165791e-06 64346
1.270758e-04 47243
6.910472e-05 3
4.704468e-05 6
5.700154e-05 1
3.785069e-05 1
4.277484e-05 261
6.735252e-05 1
2.284841e-06 1
8.741596e-05 3
2.795842e-06 1
9.180348e-08 1440
8.970740e-05 1
1.721989e-04 1
5.174084e-05 6
1.465933e-04 2
3.598421e-06 6
1.133309e-05 1
8.551861e-07 2
1.909449e-04 2
1.856131e-04 1
5.624036e-05 3
7.002016e-05 7
1.195124e-04 1
2.215927e-05 1
4.022096e-06 2
4.074601e-05 7
1.190323e-04 1635
2.804854e-04 148
2.197609e-04 2
4.039638e-06 1
1.109110e-04 1
5.041435e-06 3
5.367160e-05 2
5.953163e-05 57232
2.574342e-05 2
1.176006e-06 1
2.991416e-05 2
4.449205e-04 23124
2.482928e-05 1
7.825042e-06 4
2.740188e-05 1
4.179646e-05 1
6.957385e-05 3
1.696463e-05 5
1.552089e-05 2
7.558503e-06 1
5.502109e-05 1
7.775028e-05 218
4.784104e-05 1
1.987519e-05 1
6.570217e-05 6
1.343044e-04 1
2.604839e-04 23
1.223984e-06 2
1.317129e-04 1
1.081306e-04 1
1.971877e-06 2
2.763716e-05 7
2.227035e-05 3
1.607642e-04 4
8.221257e-05 1
3.614770e-06 1
2.602076e-05 1
2.265779e-05 58
1.778066e-04 1
1.585995e-04 1
7.309239e-05 1
1.243633e-05 1
3.101111e-05 3
8.911440e-06 1
3.345451e-05 6
5.465416e-06 55719
6.665194e-06 55940
1.754110e-06 1
4.478445e-06 1
4.922463e-05 2
2.425049e-05 7
3.925657e-05 1
8.910268e-05 7
6.644977e-05 5
7.554121e-05 1
2.161035e-04 60338
1.458640e-05 1
8.092406e-05 167
7.680957e-05 1
2.335070e-04 3
6.146088e-05 1
1.368578e-04 3
6.745464e-05 5
1.693179e-05 1
2.294688e-04 3
1.310613e-04 3
1.665962e-05 7155
9.665851e-06 1
4.214312e-05 1
1.825151e-06 1
1.125385e-04 65
1.988110e-05 6
1.435992e-04 1
1.184023e-04 1
4.809219e-05 178
5.180411e-05 1
2.843969e-05 1
1.914415e-04 121
1.940590e-04 1
1.692156e-05 2
2.111728e-05 3
4.048168e-05 1
5.700663e-05 240
6.667339e-05 505
1.198007e-04 1
1.795755e-05 1
1.187254e-04 108
4.383944e-05 984
1.655496e-04 1
2.415049e-06 1
2.579787e-05 88
1.766358e-04 1
3.698163e-05 1306
3.745434e-05 1
1.671451e-05 1
3.022995e-05 7
2.977842e-05 4
2.937887e-05 1
4.610242e-06 1
3.912522e-05 1
4.396160e-05 114
6.819103e-06 1
2.518134e-05 7
4.244762e-05 2
2.466679e-05 1
1.698819e-04 2
5.370478e-05 2
1.020248e-05 149
3.267932e-05 1
1.332060e-04 1
1.327834e-04 1
1.201435e-05 1
5.585542e-05 1
5.238628e-05 1
8.658338e-05 1
1.535096e-05 1
6.999675e-05 1
9.520301e-05 1
5.646816e-05 5
2.242618e-05 1
6.008738e-05 1
3.571420e-05 2
4.625153e-05 2
4.716253e-05 1
2.425334e-05 1
9.349756e-06 1
1.088234e-06 6
4.344629e-05 1
9.017225e-05 8098
2.912193e-05 2
7.685758e-06 1
1.326693e-05 2
1.090885e-04 523
2.762625e-05 182
4.976903e-05 1
1.476729e-05 1
5.314886e-05 3
1.698265e-04 1
1.148339e-04 6
3.069841e-05 251
1.115043e-04 1
8.956267e-05 1
9.707969e-05 204
2.094088e-05 1
9.395766e-06 1
6.133402e-05 1201
5.461280e-06 1
3.679917e-05 1
2.245307e-06 1
1.002523e-05 2
1.945117e-05 1
2.469760e-05 2
3.901828e-05 2
6.193303e-06 60885
7.523863e-06 1
3.495013e-05 1
5.825486e-05 1
7.447236e-05 2
5.074163e-05 1730
6.744857e-05 1
1.522799e-04 53203
1.137274e-04 5
3.880201e-05 545
2.853239e-05 1
2.162116e-05 1
2.833381e-04 2
7.918940e-05 63454
1.136962e-04 3
6.081964e-06 1
2.089200e-04 1
5.389309e-05 2
9.442720e-05 5
1.497725e-05 4
7.127468e-05 1
4.277240e-05 5
3.851850e-05 36801
7.493650e-05 1
6.421471e-05 4
4.962558e-05 4
6.727300e-05 3
5.677260e-05 1
2.295622e-04 3
4.610045e-05 2
1.391474e-05 1
1.288186e-05 7017
2.449184e-05 1
6.618404e-05 1
8.178488e-05 1
2.009400e-04 1
7.360847e-05 6
5.627526e-05 2
3.592590e-04 3
3.424667e-06 152
2.965565e-06 1
2.473866e-05 25
6.018232e-06 48220
8.198033e-05 1
1.421798e-04 1
8.474421e-05 3
1.587915e-05 2
3.288096e-05 1
5.619844e-05 6
5.973998e-05 3
1.076976e-04 1
1.086867e-05 1
1.103530e-05 2
5.280850e-05 1
1.956552e-04 1
6.454390e-05 1
1.131349e-05 1
2.552809e-05 1
1.408384e-04 1
3.672593e-05 1
3.360179e-05 3
5.231280e-06 1
1.091488e-04 1
2.260991e-05 476917
2.905159e-05 3
8.253609e-05 1
4.634824e-05 1
1.447443e-05 1
6.464870e-05 1
1.767620e-04 2
4.123909e-05 3
5.336597e-05 4
2.646935e-04 1
5.997365e-05 2
1.236753e-04 5
1.381991e-05 35
5.447437e-05 1
6.551462e-05 3
1.742855e-04 1
5.966177e-06 31928
2.256202e-04 1349
9.977578e-05 2
1.045261e-05 19502
1.703158e-04 5
5.712046e-05 1
1.025397e-04 1
2.307726e-04 1
3.343729e-05 1425
1.857324e-06 5
2.955774e-05 1
4.013581e-05 148
2.661409e-05 5
9.082401e-05 1104
5.064611e-05 2
1.317945e-05 1
1.260223e-04 7
1.835640e-04 1
1.966880e-06 1
7.385179e-06 163
1.742032e-06 1662
2.370595e-05 1
6.371887e-05 1
7.124107e-05 1
8.577159e-05 6
8.882441e-05 1
5.621496e-05 1
2.867934e-04 3
4.971691e-06 1
1.346226e-05 2
3.182401e-05 2
7.324998e-05 2
4.087136e-05 1
1.508398e-04 4
7.927491e-05 1
2.263018e-05 1
1.546301e-05 1
1.864274e-05 4
2.717816e-05 1
5.884564e-05 7
1.035053e-04 2
1.673408e-05 1
2.145486e-04 178
5.326742e-06 1
1.840156e-05 1
1.210751e-05 3
1.552568e-04 2
1.004956e-04 1
3.260267e-04 1
1.560882e-05 1
2.927216e-05 1
2.092966e-05 1
3.795762e-05 3
9.754188e-05 2
4.537043e-05 1
2.127285e-04 1
6.315693e-07 1
8.748321e-05 31067
7.654776e-05 3
3.526375e-04 3
4.532412e-06 1
2.873149e-05 58798
2.484342e-05 1
9.628144e-05 1
6.933588e-05 1
1.010435e-05 4
1.237095e-05 1
4.064178e-05 3
1.003034e-05 3
2.298158e-05 1
4.489316e-05 3
1.467172e-04 1
1.793926e-05 1494
2.545582e-05 1
6.905710e-05 1
3.143549e-05 1
6.024427e-05 1
8.271599e-05 1
9.378640e-05 1
1.827518e-05 56094
5.432302e-05 1
1.137525e-04 3
7.305098e-06 1
4.488773e-07 1
5.388939e-05 5
4.937021e-05 2
1.229971e-04 1
9.144617e-05 1190
1.777931e-05 2
3.593777e-04 3
5.335534e-05 1
8.671013e-06 3
1.308377e-04 7
4.253496e-05 1
8.227699e-05 60
2.367287e-04 53
4.377663e-05 515322
3.770148e-05 7
3.668910e-04 2
2.632571e-05 7
2.252898e-05 4
2.626522e-04 1
1.394536e-04 2
1.967666e-04 2
1.438640e-04 6
9.380788e-05 2
2.592053e-04 1
6.771942e-06 1
2.818364e-05 1
3.970821e-05 1
2.645164e-06 2
3.632734e-05 3
5.385147e-05 239
1.254938e-04 1
1.370234e-04 2
3.689047e-05 1
5.644001e-05 2
4.848384e-06 183
2.340100e-05 102
3.154384e-05 1
1.934644e-05 1
2.042201e-04 1
6.460457e-05 668
7.129141e-05 1
1.287325e-04 3
3.678394e-05 103
4.055770e-05 6
9.078091e-05 1
2.325411e-05 1
9.660256e-06 1
1.090224e-04 1
7.112201e-05 7
1.848113e-05 1
1.297508e-05 1
1.170031e-04 3
5.950401e-05 171
1.475664e-04 1
5.449603e-05 1
9.011143e-05 8600
1.154902e-04 180
1.363903e-04 1
5.403273e-06 1
1.536916e-04 7
1.374319e-05 1
4.440511e-06 3
8.047184e-06 2
1.236755e-04 1
4.700676e-05 1
1.518852e-05 150
2.716481e-05 4
1.319659e-04 1
1.493669e-04 1
2.542675e-06 1
5.084600e-05 1085
6.878445e-05 2
1.394018e-05 1
4.034469e-06 6
1.604090e-04 1
8.629283e-05 2
8.029579e-07 1
1.998084e-05 1
1.062955e-04 4
1.057151e-04 77
1.271934e-05 3
1.569919e-04 3
3.756607e-05 1
9.538353e-06 4
1.591314e-04 1
8.038616e-06 42892
1.627622e-05 1
8.075605e-06 1
1.695717e-04 6
3.461980e-05 3
2.795524e-06 198
1.871757e-05 1
1.066020e-04 2
6.420388e-05 3
3.708023e-05 1
2.557500e-05 1
4.628205e-05 4
4.060889e-05 1
8.779244e-07 1
1.104951e-04 1
1.893357e-04 2
4.596128e-05 1406
5.568368e-05 1
3.569359e-05 1
2.163987e-04 2
1.757808e-05 1
3.048393e-05 1
1.001812e-05 1
3.561507e-05 1484
6.589708e-05 1
8.906099e-06 1
1.092785e-04 20612
6.194215e-05 1
6.006228e-05 968
1.808898e-05 47
1.009092e-04 29
1.674129e-05 1
8.302681e-05 3
1.866870e-05 1
6.024031e-05 1
2.428310e-05 2
4.153795e-05 1
3.220009e-05 6
1.357235e-04 1
1.024814e-05 2
4.583007e-07 41274
1.062708e-04 1
4.112662e-05 1
7.802095e-05 1
1.082800e-04 2
4.847285e-05 4
9.222801e-05 1
1.744333e-04 1
1.024403e-05 2
4.029108e-05 1
6.104584e-05 1
1.231761e-04 5
1.675438e-04 3
1.178355e-04 5790
5.325261e-05 1
5.717071e-06 2
7.831250e-06 200
2.281309e-05 4
6.323572e-06 1
4.028900e-05 101
2.722758e-05 1
6.327447e-05 1
1.149131e-04 28
2.486862e-04 2
1.767826e-05 1
7.477396e-05 671
2.468153e-05 5
2.107823e-06 1
1.824113e-04 121
7.166472e-06 1
8.419286e-05 1
1.135707e-04 1
1.425023e-05 1
3.107834e-05 2
3.060609e-05 1
5.429320e-05 6
1.592602e-05 5
1.405325e-05 1
4.891628e-05 5
1.728268e-04 6
5.599788e-05 2
7.441058e-06 2
5.908019e-05 1
1.061178e-05 1
8.939291e-06 250
3.735226e-05 2
8.900902e-05 193
3.915956e-05 5
2.107596e-05 1
1.651260e-04 1
7.861624e-05 1
2.529058e-06 7
3.772597e-05 1
8.700050e-05 1
2.384629e-05 1
1.144742e-05 267
1.873484e-04 1
2.216964e-05 1
1.588094e-05 6
1.007112e-04 146
6.541700e-06 1
3.113120e-05 1
1.830615e-05 3
2.326888e-04 1
1.191726e-04 183188
1.193320e-04 5
8.433877e-05 1
3.667257e-05 120
9.807710e-05 1
7.732832e-05 1
2.881952e-04 1
3.739409e-05 66310
1.202907e-04 1
1.480393e-04 3
7.483729e-05 1
1.159666e-05 1179
1.573741e-06 1
7.019097e-05 1
3.936035e-05 1
1.163233e-04 1
1.589384e-04 1
2.003221e-04 3
1.200755e-05 3
1.525690e-04 1624
2.009336e-05 69
5.075298e-05 29992
8.970433e-05 1
9.872720e-07 785
2.805192e-05 1
4.778425e-05 6
8.733521e-05 1
6.748644e-05 2
2.779576e-05 1
1.169644e-05 1
4.047239e-05 1
3.267341e-05 2
5.891959e-05 1
2.880098e-05 1
1.663227e-05 1
2.944874e-05 1
1.842945e-04 40649
1.144922e-04 3
1.259315e-06 1
8.285068e-05 1
4.714047e-05 1
1.469725e-05 1
4.386354e-05 6
6.906654e-05 1
9.154333e-05 1
5.000246e-05 1
3.595713e-05 1
1.967704e-04 1
2.704645e-05 2
1.235408e-05 2
1.723301e-04 1156
8.934248e-05 1
3.372539e-05 3
4.412495e-05 1
2.052317e-04 1
1.576758e-04 1
2.680203e-06 586
2.707201e-05 1
4.268240e-06 1
6.407256e-05 1
5.414792e-05 1
2.137684e-05 1
3.574915e-05 2
9.005594e-05 1
3.558671e-05 124
4.113970e-05 3
7.686308e-05 1
1.388915e-04 1135
1.709944e-06 1
8.601115e-05 1
3.994290e-05 5
6.962781e-07 1
6.525187e-05 1
7.562738e-05 1
4.008325e-06 1
2.305127e-05 1
1.095822e-04 4
6.705480e-05 3
1.462439e-05 1
1.386688e-04 4
6.997587e-05 2
1.527078e-04 5
4.147017e-05 1
6.969373e-05 1
1.379528e-04 1
2.267624e-05 1
5.159742e-05 1
8.990599e-05 1
1.022960e-06 1775
8.298572e-05 3
5.475247e-05 1
1.857821e-05 1
6.164463e-05 1
8.843409e-06 153
1.844000e-04 1
7.244231e-05 2
3.327262e-05 24
1.456239e-04 3
2.727771e-04 1
5.820318e-07 1
1.104548e-04 3
3.302072e-05 798
3.562671e-06 1
7.347758e-05 1
1.203803e-04 1
8.560454e-06 36909
2.216301e-05 2
7.053909e-05 69
3.522841e-05 1
6.535512e-05 1
4.530776e-05 5
3.978427e-05 1
1.136196e-04 1
1.698063e-04 1
3.379862e-06 1
1.664331e-05 1
3.378007e-05 1
5.896302e-05 1
5.496968e-05 3
1.330461e-04 5
4.696605e-05 3
1.166585e-04 1
1.162946e-04 1
6.776273e-05 8125
7.934901e-05 1
4.143367e-05 1
4.112025e-05 249
1.366463e-04 3
5.959028e-05 3
1.696838e-05 2
6.689574e-05 3
1.448801e-05 7
8.448884e-05 2
1.097836e-04 3
2.708935e-05 3
3.957732e-05 2
1.038955e-04 6
5.187876e-05 1
1.620533e-05 1
4.555871e-06 1
1.567717e-04 1
3.716241e-04 1
2.365360e-05 1
7.699991e-05 3
1.604218e-04 2
3.461392e-05 140
3.193524e-04 3
2.396071e-04 1
4.748481e-05 1
2.853818e-05 1
1.592284e-04 2
1.950845e-05 34
8.964687e-05 1
1.460323e-04 1
8.132742e-05 1
1.593238e-05 1
9.576028e-05 1
4.429287e-05 1
1.307227e-04 1
1.723605e-04 3
8.013406e-06 1
1.391193e-04 1
6.689561e-05 1
5.600332e-05 4
4.781030e-06 72
2.450386e-05 1
2.323974e-06 1
2.257254e-05 1
1.161908e-05 72
2.276021e-04 1
2.416759e-05 1
3.259051e-05 3
1.000960e-05 3
6.949343e-07 1
1.473077e-04 2
2.260741e-05 783
1.890175e-05 1
1.684748e-04 73
6.363872e-05 2
5.613534e-05 1
7.600149e-05 7
1.879362e-04 1
2.029103e-05 2
1.589192e-04 1
4.623223e-05 2
6.793894e-06 191
5.061806e-06 6
8.455147e-05 1
4.141181e-04 1
6.453275e-05 1096
4.906906e-06 1
4.802279e-05 1
1.961694e-05 1
2.763775e-04 1
7.729228e-05 1
1.449190e-05 3
2.044321e-05 113
1.502795e-05 1
4.628859e-05 1
1.332891e-04 1
8.376682e-05 1
1.012513e-04 1
4.386831e-05 1
6.004686e-06 1
8.968699e-05 1
6.470001e-05 107
8.735817e-06 1
6.326923e-06 715
2.584177e-04 1
2.795674e-06 1
3.448732e-05 29
2.888357e-04 1
1.649917e-05 2
2.203221e-05 1
1.764442e-04 114
3.527570e-05 3
2.290635e-05 5
1.608177e-05 3
1.213455e-04 2
5.460877e-05 1
8.719763e-06 1
3.204377e-04 1
6.479577e-07 1
2.442813e-06 7
5.513869e-05 3
1.863093e-04 1
1.729604e-04 1
3.220501e-05 58
1.836368e-04 1
1.891870e-05 1
2.860221e-06 22
1.774248e-04 3
3.137915e-04 4
7.358787e-05 4
2.940940e-05 5
7.906381e-05 1
5.271593e-05 1873
4.988791e-05 1
1.103879e-04 2
1.420478e-05 4
3.946502e-05 2
4.316283e-06 3
7.673006e-05 2
4.817499e-05 2
1.376811e-04 1
6.031152e-06 1
2.115388e-04 6
1.523629e-05 3
1.604607e-04 1
2.101363e-05 7936
2.674678e-06 2
1.419777e-05 1630
4.482308e-05 1
2.611570e-05 33
9.570456e-05 2
4.964123e-05 1
1.066007e-04 1
1.445633e-05 1
1.040211e-05 1
2.154787e-04 220
1.021893e-06 2
3.559128e-07 2
5.572460e-05 2
2.729186e-05 1
8.778444e-05 138
4.571378e-05 1
1.009458e-05 2
1.288321e-04 913
1.651887e-05 3
2.695644e-06 1
6.674424e-05 6
5.447337e-05 1
4.735187e-05 1
6.368173e-05 21749
8.063088e-05 1
8.249642e-05 3
1.012836e-05 1
1.357441e-04 1
1.925735e-04 1
1.366849e-05 1
2.227826e-05 49695
8.892792e-05 3
8.008512e-05 1
5.405762e-05 1022
8.833935e-05 362
3.721889e-05 1
7.073545e-05 3
5.162063e-05 1
2.841134e-04 2
7.620631e-06 1
6.605633e-06 13
3.730359e-05 1
1.071684e-04 1
1.878081e-05 4
3.193376e-05 1
2.256364e-05 2
9.024701e-05 1
1.887598e-04 4
1.691061e-05 9759
1.106173e-04 3
1.041723e-05 1
3.118480e-05 1
5.070658e-05 2
5.051563e-06 1
5.600341e-05 1
6.437162e-05 13207
5.345266e-05 1
2.811689e-05 1
4.660839e-05 3
2.875696e-04 7
5.852350e-05 1
3.409795e-05 142
1.254309e-05 1
1.497670e-05 1
2.975330e-05 6
1.577897e-05 1
9.486495e-05 14740
2.087295e-05 1
1.172215e-04 9202
1.298241e-05 1
2.352938e-04 3
1.372066e-05 1
4.721918e-06 1
6.073598e-06 1
1.487579e-04 1
2.545440e-05 4
7.497372e-05 1
3.167314e-04 3
1.638638e-05 550
9.063385e-05 1
7.446844e-05 28
9.083966e-05 6
1.192694e-06 1
1.235567e-04 1
1.883977e-05 1
1.655612e-05 2
5.975999e-06 129
5.159568e-05 1
1.958699e-05 1
2.267186e-05 92365
9.350912e-05 1
2.886201e-05 1
6.621045e-05 1
1.648126e-05 1
2.903971e-05 1
2.911139e-04 1
2.710779e-05 1
1.339455e-05 7
9.757945e-05 1
1.328473e-04 11
2.529140e-04 2
5.119931e-05 1167
5.343510e-05 1
6.356350e-05 1
4.182091e-06 1
6.619641e-06 1
9.274477e-07 1845
1.534209e-04 3
3.263835e-04 1
1.026297e-07 1
1.394273e-04 1
2.706115e-05 259
3.114566e-05 62447
4.341547e-05 1
2.723258e-05 1
1.056860e-04 206
9.657969e-05 5
1.052241e-05 3
8.514848e-05 1
1.633860e-05 1
4.969431e-05 7
1.376220e-05 1281
3.934933e-05 128
7.550522e-05 1
3.626574e-06 1
7.843639e-06 1
7.305222e-05 1
3.613549e-05 4
2.511492e-04 16869
2.742667e-05 982
1.168383e-04 1
2.662188e-05 6
2.016464e-05 2090
2.271361e-05 1
3.770006e-04 5
2.574672e-04 1
1.964943e-04 1
2.109692e-05 5
4.515101e-05 4
6.512550e-05 1
1.704173e-04 3
2.807096e-05 1
2.765640e-07 2
1.690483e-05 1
2.321353e-04 1
3.815033e-05 1
1.520507e-05 1
6.756639e-05 1
4.016552e-05 2
1.528785e-04 1
2.743057e-05 2
9.078666e-06 1
8.745512e-05 1
8.658045e-06 1
1.129065e-04 1
1.113498e-04 148
3.816822e-05 1
2.490199e-05 1
1.107802e-05 2273
3.086854e-04 41481
1.787291e-05 1
2.977289e-04 1668
8.252783e-05 3
7.820307e-06 1
1.567822e-05 3
1.760050e-05 3
5.001744e-05 1
2.875906e-05 1
1.038095e-04 1
2.100966e-05 1
1.497387e-04 2
3.047151e-05 1
3.094270e-05 42
5.703031e-05 1
7.713655e-05 1
5.122766e-05 3
7.883539e-05 3
1.253520e-05 1
1.588183e-05 208
1.099981e-04 51777
1.614270e-05 1
6.508179e-05 2
1.925793e-05 130
5.377067e-06 2
8.546332e-05 1
1.368802e-05 256
4.251811e-05 239
6.355077e-05 966
1.178800e-05 1
4.503567e-05 3
1.205146e-06 1
6.210221e-05 1
1.583228e-05 1
2.249786e-05 3
2.581024e-05 3
4.208314e-05 2
4.382111e-06 77
3.460421e-05 1
1.923656e-05 3
4.013164e-05 1
8.059505e-06 1
1.921718e-04 4
9.187564e-06 7
7.930259e-06 66
1.421055e-04 1
2.832363e-05 2
2.705066e-04 1
1.169198e-04 7
8.903128e-07 1
2.221411e-05 1
8.025381e-05 1
1.072733e-04 3
1.530549e-04 3
5.171768e-05 2
3.001559e-05 72
4.540911e-05 3
3.976941e-06 1
1.035506e-04 1
7.801209e-05 1
9.269995e-05 3
5.575243e-05 3
6.200126e-05 262
7.677558e-05 7
8.128904e-06 1
6.328428e-06 2
1.948052e-05 1
2.294156e-05 1
2.388199e-04 250316
2.360243e-04 6
1.044404e-05 1493
5.356875e-05 3
1.756343e-05 2
2.707410e-05 1
7.738295e-05 1
4.000375e-05 123
1.842518e-06 5
4.713068e-05 1
2.330426e-05 1
9.015728e-05 1
2.965863e-04 7
1.257752e-05 1
6.678747e-06 1
1.346080e-04 1
1.142311e-05 3
1.045421e-04 3
5.349595e-05 1
9.622854e-06 1
1.024797e-05 1
1.855734e-04 1
2.881503e-05 1
7.853658e-05 1
7.142880e-05 885
1.511657e-05 1
1.785337e-05 3
6.885804e-05 1
1.112623e-05 1
9.245087e-05 1
4.265172e-05 3
5.496326e-05 3978
1.713948e-05 3
5.459211e-05 251
3.918927e-05 6
6.870908e-05 7
1.215595e-04 1
2.404892e-05 7
6.532371e-06 1
2.334887e-05 1
1.957652e-06 10
3.572383e-07 1
4.073526e-05 1
3.328706e-05 1
8.124562e-06 5
3.275622e-05 1
3.707833e-06 1
2.544295e-05 1
1.470252e-04 1
6.000558e-05 1
7.198438e-05 5
1.996297e-04 519
8.816049e-06 1
2.569393e-05 1
2.827374e-05 1
5.182689e-05 1
4.208043e-05 1
1.813609e-06 1
1.089849e-05 3
7.746385e-06 158133
1.159454e-05 1
8.688194e-07 1
2.650293e-04 1
6.507253e-05 1
1.451703e-05 2
1.033969e-04 1
9.117901e-05 92
1.336353e-05 1318
2.825219e-05 1
4.813817e-06 1
9.801564e-05 1
2.540933e-06 1
3.279946e-05 1
1.006650e-05 5
1.681562e-04 1
7.310083e-05 1
1.488503e-04 1
5.214391e-05 1455
9.772543e-05 1
4.698508e-05 1
3.913513e-05 5
1.745737e-04 1
1.860160e-05 4
1.148807e-04 336
9.030791e-05 1
4.315487e-05 1
1.154079e-04 38
1.539198e-04 1
1.158929e-04 34528
1.635725e-05 3
5.622337e-05 2
4.471163e-05 6
1.406758e-04 1
4.485327e-05 2
7.647453e-05 673
4.668637e-05 2
2.442495e-04 2
2.186727e-04 1
8.650450e-05 1
9.364949e-05 89
3.697085e-05 1
1.273218e-05 1
5.951510e-05 1
4.982027e-06 2
9.781160e-06 1
6.928409e-05 2
2.353347e-05 241
2.184173e-05 374
2.392311e-05 1521
1.908625e-04 1
1.918500e-05 3
1.270514e-05 169
1.723698e-04 1
2.038070e-05 129
6.519779e-05 1
9.883407e-05 1
5.582777e-05 1
9.300571e-05 1714
6.055109e-05 1
1.866557e-04 438
1.245688e-05 5
2.065393e-05 1
1.838775e-05 1
1.505266e-04 2
6.088245e-07 1
1.803986e-05 2048
4.513565e-05 1
4.515450e-05 1
9.327416e-05 1
9.403089e-05 3
7.803047e-07 157
6.565690e-07 4
1.025398e-04 1
2.098009e-05 1
1.296792e-05 14
3.829612e-05 3
2.133543e-05 3
1.063383e-05 3
7.840546e-06 1
4.745657e-05 45402
8.337244e-05 2
1.242118e-05 1
1.743852e-06 645
1.069722e-04 1
1.371541e-04 2
3.739842e-04 1
1.529758e-05 1
8.567426e-06 1
2.019232e-04 3
1.522014e-05 8158
6.068041e-06 7
2.628907e-06 1
3.936114e-05 379913
7.772237e-05 7
1.276933e-05 195
2.515682e-05 29017
1.577257e-05 3
4.562204e-05 1
1.089109e-05 47
2.780125e-05 1
9.510830e-05 1
2.115048e-04 1
1.496048e-05 1
7.865925e-05 473801
1.669709e-05 1
6.810192e-05 7
1.635087e-04 3
4.186462e-05 1
2.000566e-06 1
4.210143e-05 1
9.400550e-05 1
3.264307e-05 1
1.010542e-04 13
9.282765e-05 1
6.653723e-05 2
1.810132e-05 1
2.201853e-05 5
1.353443e-05 5
2.569093e-05 264
1.404488e-04 1
9.389379e-06 2
8.730029e-06 3
3.591333e-05 3
4.408835e-05 889
1.292189e-04 1
5.149906e-05 4
3.627162e-05 2
7.911390e-05 1
6.752581e-05 38
3.946115e-05 1
1.620220e-04 1
3.921005e-05 149252
1.236805e-05 906
3.332929e-05 1
4.355364e-05 1
6.792465e-05 6
1.292292e-04 1
4.367915e-05 2
5.648470e-06 3
4.055193e-05 1
4.310035e-06 1
7.389487e-05 2
1.515176e-04 5
9.724875e-05 2
6.041903e-05 252
1.751042e-05 256
1.747034e-05 1
8.954102e-05 1
2.475563e-04 6
6.016083e-05 3
9.293354e-06 2
9.308897e-05 6
1.418038e-05 3
1.787424e-05 1
4.037897e-05 1
3.026224e-06 29
6.702028e-05 77
3.333213e-05 1
7.430563e-05 1597
6.303234e-05 1
2.416645e-05 1
2.336306e-04 1
6.966682e-05 214
2.433624e-05 25
3.422738e-05 1
1.241400e-04 2
5.504377e-05 7
4.210222e-05 1
2.200209e-04 1
6.774135e-05 26206
8.231519e-05 1
5.333065e-05 50
3.850219e-05 2
1.147937e-04 3
1.975179e-05 1
1.647710e-05 1
2.819523e-04 2
5.240696e-05 1
1.612940e-05 1
9.451034e-06 1
4.011383e-04 1
7.623818e-05 1
7.951081e-05 3
4.132918e-05 1
4.019740e-05 2
