2.068239e-05 5
3.063746e-05 1
5.108240e-05 2
6.411824e-06 3
5.080236e-05 1
2.835434e-05 1
1.075248e-04 6
4.522368e-05 2
2.116832e-05 38
6.944646e-05 1
7.303231e-05 1
1.683941e-05 3
7.018256e-05 1
7.157818e-05 271307
4.580038e-05 1948
2.238149e-05 3
4.671482e-05 2
8.875077e-05 2
7.487510e-05 1
2.260288e-05 63667
2.692151e-05 3
1.118620e-05 1
3.707526e-05 6159
3.098348e-05 1
6.637823e-05 1
1.506928e-05 7
4.722255e-05 1025
2.943689e-05 7
4.830820e-06 1
2.495350e-05 1
3.901658e-05 2
1.413575e-06 1
1.554784e-05 4
1.046734e-05 1
9.089565e-06 34907
8.090580e-06 1
3.947133e-05 1
2.857106e-05 1
2.734190e-05 1833
1.729845e-05 1
4.253203e-05 3
2.055973e-05 7
3.531202e-05 4
1.998346e-06 3
5.796983e-05 63039
7.839298e-05 2095
2.967973e-05 1
8.532997e-05 1
7.645382e-05 1
3.256099e-05 2
1.828383e-05 1
1.000597e-05 1
3.281590e-05 1
1.299200e-04 1
1.968593e-05 5
1.306936e-05 1
1.206854e-04 1
1.929147e-05 3
3.137601e-05 1
5.184270e-05 3
4.414830e-05 1323
3.728439e-05 1
7.453580e-07 1857
7.192660e-07 6
8.089413e-05 6
4.955307e-05 5
1.978411e-05 18
5.409596e-05 3
5.850985e-05 1
4.896453e-06 2
2.332840e-05 1
3.086039e-05 293
1.062244e-05 1
3.433594e-07 7
1.863101e-05 20098
1.084349e-04 1
3.909284e-06 1
5.875164e-06 4
5.155924e-05 1
9.544324e-06 2
2.168957e-05 1
9.949236e-06 1
1.546780e-06 3
1.259312e-05 2
8.704889e-05 37260
1.060355e-04 1
8.977613e-07 37960
4.223608e-05 1
9.349287e-05 1
1.714639e-04 1
4.695625e-05 1
2.759395e-05 1
4.336203e-05 2
4.532744e-05 1
5.597774e-05 1
4.012305e-05 7
7.985211e-05 117
5.388494e-06 1
1.806656e-06 1
1.538120e-05 1
1.828420e-05 1
3.737734e-05 2
3.853513e-05 1962
1.089256e-05 1
6.488527e-06 358
4.563498e-05 3
4.407626e-05 1
2.502370e-05 32644
3.144685e-06 1
5.694532e-05 7
2.405812e-05 255
2.987848e-05 2
1.294668e-04 2
5.547960e-05 3
2.372203e-05 1
8.232519e-05 2
1.910241e-06 3
6.654421e-05 1
8.430570e-05 1
8.286064e-06 292
4.734536e-05 2
3.095440e-05 1
4.483455e-06 1
4.727143e-05 261
1.183972e-05 44
3.749805e-05 5
7.542356e-05 256
5.403557e-05 253
9.452684e-06 1
2.839282e-05 1
4.113486e-07 1
4.683273e-05 3
1.258521e-05 1
1.269057e-04 6
1.129604e-05 2
7.614824e-06 1
2.905507e-05 1
8.231631e-05 4
3.820935e-05 6
2.743277e-07 1
3.080521e-05 1
2.197662e-05 1
2.966478e-05 227
1.212319e-04 3
1.144036e-05 1
2.370472e-05 1
1.197621e-05 1
7.486742e-05 3
6.591037e-05 50680
7.971785e-05 1885
2.001782e-05 1
3.315310e-06 1
4.359936e-05 2
6.249781e-06 1
9.713726e-05 1
7.963200e-05 6
1.692446e-04 1
4.652387e-06 2
2.513291e-05 2
3.197036e-05 1
3.005854e-05 1
7.014599e-05 1
3.560719e-06 1
9.163427e-05 1
5.580854e-05 5
1.289747e-06 2
5.580238e-06 1
1.509346e-05 1
8.881547e-05 1
7.254085e-05 2
5.170120e-05 2
4.052124e-05 1
1.175986e-07 1
1.062203e-05 61
2.313599e-05 1
1.209720e-06 3
5.419761e-05 1
2.661715e-05 58
2.670410e-05 171
6.568364e-06 2
2.543017e-05 1
5.775394e-06 2
1.264128e-04 1
2.969129e-05 3
6.164716e-05 1
3.923360e-05 1
8.838778e-05 1
8.387685e-06 1
4.680294e-05 10
6.928605e-06 3
2.853057e-05 1
8.452391e-05 1
5.168500e-05 70
1.686703e-05 139
3.657131e-05 187
5.172630e-05 1
7.315723e-05 1
2.788881e-05 1
5.344336e-05 1
7.339299e-05 136
2.928292e-05 1
3.573462e-05 1
1.198192e-05 6
1.772546e-05 1
7.828072e-05 3
8.469574e-05 3
1.360089e-04 2
2.858843e-05 2
1.086628e-04 1
1.655680e-04 1
1.086491e-05 1
1.170816e-04 1
5.527343e-06 1
4.585837e-05 4
1.042031e-04 1
9.997166e-05 1
1.639681e-05 1
2.280931e-05 5
2.484657e-04 3
3.855017e-05 3
1.087841e-06 1
5.609236e-05 211
2.210081e-05 1
3.106646e-05 1
1.779414e-05 1
4.651092e-05 1
8.572809e-05 1
2.507083e-05 240
7.026470e-05 1
2.114326e-05 15579
2.271175e-05 1
3.845117e-06 1
3.434406e-05 590
2.087814e-06 11
1.758268e-05 804
2.232976e-05 5
2.742060e-05 3
1.403825e-06 1
1.067812e-04 1
1.020200e-05 3
2.774339e-05 1
2.327009e-05 1
4.168967e-05 60
7.457457e-05 1
4.188708e-06 2
1.040018e-05 1
3.760587e-06 3
7.700090e-07 1
3.362466e-05 140
4.862425e-05 3
7.738695e-06 1
9.913153e-07 3
9.373261e-06 3
4.598267e-06 1
1.895909e-05 1
2.727044e-05 1
5.406449e-05 1
4.025792e-05 1
3.907170e-05 1
1.237259e-04 1
1.101185e-04 1
3.037103e-05 1
3.806353e-05 5
5.988044e-05 110
5.780012e-06 60
1.143912e-04 1999
4.859316e-05 171
7.642416e-06 1
1.071204e-05 3
1.542151e-05 1
6.001536e-05 1
8.314109e-06 2
1.650055e-04 1
4.529758e-06 11565
7.788293e-06 1
1.520893e-06 1
7.915680e-05 1
5.147371e-05 1
6.332010e-05 79
7.009479e-05 3
1.644618e-05 1
7.570156e-06 1
1.016906e-04 3
6.825506e-05 3
9.182531e-06 1
2.104540e-05 1
1.744368e-05 50
3.851060e-05 8
1.056685e-05 1
9.916050e-06 1
7.284123e-05 55
4.498242e-05 1
3.181124e-05 1
1.212927e-04 1
6.162464e-05 1
4.366622e-05 1
2.934639e-05 1
1.514254e-05 28
1.934221e-06 532
1.880831e-05 1
3.595901e-05 64981
3.363694e-05 1
1.589874e-05 1
1.544090e-06 4
1.144497e-04 1
6.658859e-05 1
7.340175e-05 1
1.740760e-04 1
7.732336e-05 1
4.392879e-06 1
1.373321e-05 1
1.040484e-04 3
5.834291e-06 6
3.862455e-05 3
1.377602e-05 1
4.856720e-05 24882
6.156732e-05 1
9.783980e-05 2
5.697595e-05 1
5.388944e-05 41162
7.930872e-05 31418
1.517216e-05 1
3.391176e-05 1
8.937472e-05 3
3.783489e-05 1
3.822747e-05 1
2.583041e-06 653
5.530005e-05 1
4.946384e-06 11010
2.873200e-05 59
1.071136e-05 1
4.015990e-05 1
1.174911e-05 40247
1.800125e-06 1
1.642571e-05 1
3.377126e-05 1
9.777704e-05 2
1.238321e-04 3
9.575165e-05 1
4.295659e-05 1
1.280967e-04 6
1.870178e-05 1
2.730521e-05 146
1.223889e-05 1
2.534398e-05 1
9.647444e-05 6
3.131372e-05 3
1.050923e-04 1
8.122837e-05 1
1.582706e-04 3
4.311495e-07 1
3.723697e-05 1
9.071606e-05 1
6.245024e-05 2
1.054616e-04 144
3.851641e-05 1
3.985370e-05 1
4.621538e-05 3
1.864296e-05 1
3.541170e-05 1
3.478953e-05 1
1.293984e-05 1
3.277811e-06 96
2.032223e-05 2
4.513221e-06 1
3.163254e-05 182
4.985102e-05 1
1.106651e-04 1
2.477106e-05 1
1.194888e-05 154216
8.872844e-06 1
1.258907e-04 1
2.307856e-05 1
1.836510e-05 1
7.966255e-06 174
4.179686e-06 3
1.059996e-04 3
1.074686e-04 1
2.126321e-05 7
2.793727e-05 237
2.898257e-05 2
2.241812e-06 2
1.630670e-05 2
1.711923e-05 1
3.555118e-05 1
4.580035e-05 3
2.835186e-05 2
7.752493e-05 3
6.578865e-06 3
2.528554e-05 1
1.540110e-05 1
6.609293e-06 1481
1.436360e-05 43
7.372307e-05 1
4.210452e-05 2
5.310103e-07 1
1.022150e-04 2
1.727772e-05 1
4.529851e-06 1910
3.390581e-05 159
1.327478e-05 2
2.653270e-05 90
2.694671e-05 1
8.148016e-06 4
1.350236e-05 679
6.646033e-07 2
4.502030e-05 2
4.296459e-05 3
4.782383e-05 3
4.836010e-06 1
6.038724e-05 1
8.485957e-05 4
2.318959e-05 1
7.044877e-05 2
1.727754e-05 205
7.651400e-05 1
8.221634e-06 1
4.624107e-05 1
1.861088e-05 38882
4.763753e-05 1
7.787253e-05 1
1.190574e-05 216
5.080826e-06 1
4.847820e-05 2
1.225579e-05 2
3.323419e-05 95
4.627110e-05 1
3.477249e-05 1
4.885658e-05 1
2.197157e-05 2
3.615979e-05 1
2.348565e-05 106
1.196862e-04 2
9.657389e-05 1
1.283275e-05 2
5.238764e-06 1
5.667722e-05 1
8.359076e-06 89
7.250194e-05 1876
2.589867e-05 1
2.879554e-05 174
7.837675e-06 1
4.575970e-06 117
2.156621e-05 195
5.192347e-05 1
1.818254e-05 1
4.712808e-05 1
6.974641e-05 342
8.675165e-06 3
2.685699e-05 1
4.588173e-05 6
1.643176e-05 7
2.159961e-05 1694
8.477463e-05 1
5.437756e-05 1
1.599114e-04 1
6.938062e-05 1
6.090886e-05 1
1.268573e-05 4
2.595744e-05 3
8.274166e-06 2
3.685655e-05 1
3.365587e-05 3
4.048890e-05 1
3.074914e-05 1
3.620741e-05 1
2.240921e-05 126
3.119823e-06 1
7.859056e-05 1
2.925670e-05 5
1.095975e-05 1
1.770716e-05 1
4.360460e-05 1
3.363865e-06 1
1.151264e-05 7
1.417661e-05 2
3.727780e-05 251
1.555014e-05 1
3.370497e-05 137
7.825363e-05 77
3.291198e-05 5
5.854164e-05 1
1.058168e-05 2
5.773734e-06 2
9.969431e-06 1
7.528801e-05 1
2.100405e-05 17
7.877171e-05 1
5.995042e-06 1
1.500004e-05 2
7.651892e-05 2
4.315853e-06 2
1.610509e-05 1
2.281799e-05 2
1.521400e-06 85
1.288758e-06 1
4.887078e-05 1
1.622488e-05 1
3.490530e-05 1
4.694940e-05 2
6.773978e-05 51539
1.058969e-04 229
5.698713e-06 212
2.496565e-05 128
1.134200e-05 1
1.694049e-05 3
6.072933e-06 354
2.462309e-05 1
4.100265e-05 196
6.596082e-05 2
5.930841e-06 1
6.036961e-05 1
4.092474e-05 492815
1.118312e-05 7285
1.197157e-04 3
3.016385e-06 1
4.657676e-05 45
6.400826e-05 1
1.782603e-05 1
1.057703e-05 1930
4.711691e-05 1
3.246941e-06 1
1.303515e-06 1
3.737974e-06 3
1.672352e-05 6
2.973905e-05 1
4.989465e-05 1
8.826440e-05 6
1.989875e-05 7
2.531208e-05 25
1.161789e-05 87
6.592358e-07 1
1.777587e-04 1
3.055709e-05 1695
7.652784e-06 1
5.192442e-05 1
2.604410e-05 1
3.646666e-06 6
3.019634e-05 119
1.949247e-05 1
2.337695e-04 3
4.625515e-06 2
1.880239e-05 1
1.173388e-04 1
2.659721e-05 1
2.162015e-05 2
4.262932e-05 1
1.240424e-05 1179
3.815922e-05 1
3.447908e-05 1351
2.594284e-05 1
9.866084e-05 215978
1.989031e-05 4
9.237855e-05 6
9.412512e-06 1
3.985823e-05 1
9.823222e-06 1
2.646703e-05 1
8.784417e-05 1
1.754936e-06 1
7.765795e-05 1
7.324117e-05 1
5.358368e-06 1
9.617498e-05 1
1.020235e-05 27040
3.536030e-05 1
1.902739e-05 27
3.680482e-05 1
3.103017e-05 205
3.017041e-06 2
1.128295e-05 1
9.699421e-06 1
2.352988e-05 2
2.979951e-06 1
3.317833e-07 29844
6.215563e-06 2
8.488607e-06 1
1.838427e-05 1
5.189983e-05 1
6.114256e-06 3
6.164095e-05 1
8.227807e-05 1
4.482027e-05 3
2.430234e-05 1
1.418320e-04 2
3.292103e-05 2723
1.487279e-06 3
1.151535e-05 1
5.955403e-06 1
5.968927e-05 1
1.782706e-05 1
9.688405e-06 7
2.776836e-06 1
2.226052e-04 14
7.450769e-06 2
3.454380e-05 1
4.422781e-05 3
1.361373e-05 1
5.863812e-05 1
1.737615e-06 169801
5.490615e-06 1
1.292889e-04 216
4.993106e-05 51
3.340929e-06 179
9.751422e-05 3
3.123512e-05 1
5.194654e-06 1
9.194488e-06 5
5.099738e-05 1
1.069579e-04 3
1.213679e-05 2
1.493231e-04 1
1.074422e-04 3
1.534754e-06 1
7.140285e-06 1
4.986904e-06 1
2.947562e-06 1
2.444262e-05 2
6.595829e-05 95
6.441545e-05 2
9.177881e-05 1
8.812873e-06 649332
9.770711e-06 25876
1.526843e-05 1742
3.604620e-07 1
5.244214e-07 18
6.728813e-05 1
3.136206e-05 3
1.800771e-05 3
6.942051e-06 1
1.282530e-05 412
1.897179e-05 1
4.681774e-06 1
3.660188e-06 2
4.689527e-06 2
2.274489e-05 1
6.506060e-06 1
1.003062e-05 1
1.768688e-05 1
1.095154e-04 1
1.166841e-05 1
7.601400e-06 1
7.858199e-06 48929
5.819201e-05 1
9.711625e-06 3
9.430320e-06 4
1.632517e-05 22
2.043763e-05 2070
1.523461e-04 1
1.590758e-04 1
8.162271e-05 1595
3.926303e-05 1
1.101913e-05 1
2.865331e-05 1
1.386909e-04 1
4.293188e-05 1
4.752497e-05 447811
1.978952e-05 2
8.600518e-06 1
2.918281e-06 1
7.615220e-07 116
3.635459e-06 5
3.973710e-06 6
7.707840e-07 1
6.998209e-05 1949
1.001164e-04 1
3.400253e-05 2
3.110827e-05 1
1.158916e-05 3
3.263168e-05 1
1.727925e-04 1
8.050118e-06 1
3.879142e-05 2
1.024247e-05 1
3.923041e-05 1
8.093881e-05 3
1.933625e-05 1
1.586921e-04 7
3.109436e-05 574253
2.889359e-06 1
1.135914e-05 1
4.535502e-06 1
2.726041e-05 1
2.125535e-05 3
3.788071e-06 1
1.524098e-05 169
4.263216e-05 6
1.433839e-05 15
1.572013e-06 4
6.113271e-06 1
1.824466e-04 1524
4.437966e-05 1
7.732860e-06 2
1.346750e-04 1
5.191214e-06 2
1.658868e-05 1
8.284911e-05 1
6.007141e-05 252
2.504603e-05 1
1.621561e-05 3
2.997673e-05 69
1.498931e-05 1
9.724961e-06 1
4.402395e-05 6
6.460878e-06 4
4.942884e-06 4
1.507535e-06 1
1.807645e-05 1
2.503966e-05 1
8.750457e-05 2023
7.982925e-06 1
7.714056e-05 1
2.919479e-05 1
1.885213e-05 1
2.017666e-05 7
1.421544e-05 1
2.188762e-05 1
2.325031e-05 1
7.063050e-05 27
1.509290e-06 1
3.570261e-05 1
4.974852e-05 2
2.239481e-05 127
4.098004e-05 3
1.653961e-05 1
2.773774e-05 1
1.621759e-05 1
1.374430e-04 1
3.254325e-06 2
1.537587e-05 190
3.482317e-06 1
6.475808e-05 2
6.142974e-05 1
1.036480e-05 1
9.001635e-06 3
3.899067e-05 1
1.523973e-06 1812
3.788550e-05 3
5.837493e-05 3
2.620289e-05 221
5.061070e-06 1
4.233183e-05 1
9.760789e-05 2
4.635603e-05 1
4.223266e-06 1
5.599558e-05 1
7.548161e-05 1
5.634496e-05 1
1.363375e-05 84
2.800924e-05 117
4.951469e-05 1
2.209756e-05 1
4.430119e-06 1
1.445293e-06 266
2.540020e-05 3
4.644075e-06 1
3.844512e-06 142
1.553487e-04 1
6.284358e-05 1
1.679635e-05 61397
2.095699e-05 1
6.601593e-06 1
2.303381e-05 1
4.811760e-05 1
3.526408e-06 1
1.142739e-04 1
3.427884e-05 3
3.638933e-05 1
4.317714e-05 1284
2.457215e-05 8615
2.694186e-07 3
4.084714e-05 1
1.936799e-04 1
1.379848e-05 2
2.378035e-04 1
1.451557e-06 178
4.915864e-06 2
5.991254e-06 6
8.081787e-05 136
2.562543e-05 1
8.201864e-06 2
3.896074e-05 1
4.049856e-05 1
2.333641e-05 1
9.483465e-07 1
1.532797e-06 3
9.478211e-05 3
1.854100e-06 3
7.976488e-05 3
2.304574e-06 2
3.629183e-06 1
6.368980e-05 1
1.934874e-05 1
1.216591e-04 1
4.728840e-08 1
9.750717e-06 116
6.400333e-05 1
1.911939e-04 1
3.032801e-05 2
3.078549e-05 1
2.751619e-05 2
7.027970e-05 3
1.073366e-04 19431
1.378686e-05 1
6.800854e-05 93
7.141485e-06 2
5.383069e-05 1
4.213110e-05 1
5.862810e-08 1
3.143965e-05 1
1.302714e-05 5
3.882288e-05 26497
6.631684e-05 645
2.880320e-06 3
3.817366e-05 1
1.077009e-04 1
3.691048e-05 7
1.530096e-05 3
3.522645e-05 1
4.588162e-06 1850
7.928296e-06 628
2.690102e-05 1
4.197706e-05 2
1.002051e-04 1457
1.417685e-05 1
1.161162e-04 1
3.785750e-06 146
3.723925e-06 3
3.312160e-05 3
1.302384e-05 2
7.780036e-05 1
9.302939e-05 1
1.541021e-04 1
2.469661e-05 140
9.286836e-05 1
3.923303e-05 54980
2.445115e-06 72
5.134637e-05 393903
6.752851e-05 1
7.282805e-06 54832
3.971746e-05 1
2.764048e-06 1
2.685074e-05 2
7.002846e-05 1
3.285263e-05 3
4.932974e-06 3
1.165132e-04 3
1.664559e-05 2
1.786561e-05 3
2.286364e-05 2
2.495570e-05 1
6.673444e-05 1
1.969031e-05 1
1.278436e-04 1
5.574423e-05 1
4.100270e-05 1
1.280045e-05 1
9.628314e-05 1427
1.064603e-06 150
8.363625e-05 136
2.438981e-05 212
4.633211e-05 2
2.516497e-05 4
6.126515e-05 1
2.457712e-06 16790
1.123047e-05 59884
9.862035e-05 245
2.288141e-05 2
1.094419e-05 1
1.140809e-06 1
3.450213e-05 2
2.412932e-05 2
1.934058e-05 1
3.895472e-05 228
3.273655e-05 1
2.521843e-05 1
5.160775e-06 37747
2.483384e-05 19639
1.000170e-05 1
1.815683e-05 2
1.886425e-05 1
2.984849e-07 1
3.856033e-05 3
8.510146e-05 1
1.203385e-04 1
4.029611e-06 1
1.624325e-04 44412
3.532026e-05 7
7.438063e-05 7
7.462554e-06 1
8.909208e-05 1
1.813317e-05 1
3.589524e-05 2
7.505370e-05 1
9.441639e-05 1
3.550331e-05 193
1.586747e-05 56274
5.614163e-05 1
4.027568e-05 1
2.704950e-06 3
1.135164e-05 1
8.020966e-05 61535
1.038990e-05 1
4.665164e-05 6
1.044861e-04 208
2.958883e-06 1
2.234059e-05 1
3.216438e-05 3
2.927768e-05 1
1.976566e-06 1
1.212997e-05 1
8.329309e-06 2
1.610313e-06 107
1.212679e-04 1
5.410626e-05 7
8.772320e-05 6
1.405483e-05 2
7.897949e-06 1
6.612781e-06 1
2.335480e-06 1
6.667859e-06 4
3.930759e-06 1
4.181330e-05 25969
2.296672e-05 129
2.501005e-05 1
4.866953e-05 1
1.411116e-05 1
7.801060e-06 169601
1.749628e-05 4
3.539291e-05 1
3.856046e-05 1124
4.157399e-05 1
9.001001e-05 1
5.905966e-06 2
4.820296e-05 3
2.830700e-06 2
2.033338e-05 2
1.352569e-05 32
4.975195e-05 7445
5.236170e-06 70
2.842990e-05 1
1.679082e-07 3
3.917073e-05 2
3.823436e-05 2
2.868541e-06 3
1.007243e-04 2
6.137107e-05 54
6.644923e-05 1
3.217655e-05 192
1.116163e-05 7
1.098395e-06 632
8.457661e-05 1
4.116806e-05 221
3.688410e-05 2
6.447097e-06 1
1.124370e-05 41251
1.951000e-05 1
1.568005e-05 1
1.054135e-05 7
6.238134e-05 4
7.168678e-05 246
7.811954e-06 153006
7.635462e-05 70
9.359209e-05 3
2.800798e-05 1
6.299627e-05 85
4.864645e-05 1
1.425783e-04 1
2.482566e-05 1
1.183950e-04 22
1.223790e-05 493
2.515724e-06 1
9.032400e-05 1
1.069814e-05 1
1.502850e-04 1
1.253716e-04 229
7.664950e-06 1
5.144804e-06 1
1.280165e-05 162
3.776734e-06 1
3.188148e-05 7
4.009084e-05 1
1.675670e-05 1
4.867325e-05 1
4.808349e-06 1
1.212563e-04 1
4.700592e-05 1
1.039526e-06 285
3.197695e-05 1
5.437424e-05 1
5.581747e-05 1
9.595076e-06 1
7.029903e-05 2
7.662212e-05 1
2.070822e-05 4
3.138661e-05 3
5.182532e-05 2
1.071066e-04 2
6.052129e-06 3
3.755326e-05 2
6.131495e-05 55
2.850533e-05 214
1.526364e-04 2049
7.879999e-06 1
1.000201e-05 1
5.045191e-05 1
6.501451e-05 934
1.920450e-05 6
6.130967e-05 1
5.958937e-05 1
9.126593e-05 3
6.718804e-05 7
2.122006e-05 65
1.986295e-05 131
4.874743e-05 1
2.899092e-06 1
6.514015e-08 1
4.038509e-05 1
1.205420e-04 3
1.082382e-04 1
1.727664e-06 759
2.022249e-05 2
4.601842e-05 1869
2.890727e-05 1
1.566610e-05 63123
1.450555e-05 6
4.377916e-05 1
1.166187e-04 5
1.591408e-04 1
4.500925e-05 144
2.756428e-05 3
5.814013e-05 1
8.336524e-06 1485
7.420189e-05 1
2.176226e-06 238
5.241578e-05 1
5.557403e-05 4
5.903665e-05 1
1.175958e-04 171
1.497971e-05 729
7.589114e-05 4
4.510212e-05 6
3.363211e-05 1
1.295333e-05 36
3.147119e-06 2
6.109770e-05 3
1.373350e-05 1
2.819451e-05 59285
3.316854e-05 1
4.690823e-05 1963
4.483098e-05 2
6.336576e-06 1
2.489875e-06 1
6.057186e-05 1
8.114393e-05 1
2.918578e-05 2
4.170416e-05 1
4.900943e-05 1
1.221737e-04 1
3.171499e-05 1
2.730766e-06 254
1.223433e-04 1
4.251111e-05 31871
7.484671e-05 1
3.044491e-05 22
4.711049e-05 1
1.571907e-06 1
6.852162e-07 92
3.414702e-05 1
2.108896e-05 3
1.532550e-04 1
1.505658e-05 1
2.204199e-05 1
8.412263e-05 1
1.423619e-07 1
9.300796e-06 1
5.138367e-05 1
4.784961e-05 1
2.033081e-05 2
7.797377e-05 1
1.747744e-05 1
1.577725e-05 1
2.474323e-05 1
7.403838e-05 1
9.341941e-06 1
4.577852e-05 3
2.971502e-05 79
1.027865e-04 1
1.160865e-04 1
3.085790e-05 5
8.510106e-05 5
3.430844e-05 2
4.132535e-07 2
8.046591e-05 1
5.290480e-05 1
7.359620e-05 3
1.456243e-05 2
2.465220e-05 6
1.179577e-05 1
1.187205e-05 53771
4.127714e-05 5
6.810689e-05 2
8.125834e-05 3
9.492372e-06 3
1.301092e-04 1
4.537167e-05 1
5.242113e-05 4
5.053616e-05 2
6.024240e-06 1
3.644050e-05 4
1.368981e-05 1
4.275512e-05 1
2.305769e-05 1
5.235501e-07 2
3.528023e-05 1
3.063563e-05 1
5.966403e-06 1
4.165622e-05 1
6.769320e-06 4
9.693963e-05 493453
1.157760e-04 1
4.854020e-05 84
2.247442e-05 1114
6.055829e-05 3
4.882492e-05 77
1.588790e-05 133
5.515358e-05 560
5.971434e-05 1
4.119989e-05 1
1.321673e-05 2
1.140987e-05 6
5.536013e-05 1
5.603641e-05 1
3.154583e-05 1
1.703817e-05 1
1.926521e-05 73
3.459641e-05 4
2.108674e-05 7
7.581506e-05 3
8.084454e-05 1
7.484195e-06 1
2.093168e-05 1
3.120429e-05 169
1.192322e-05 1
3.661086e-05 1
6.196714e-05 1
2.934968e-05 3
8.212028e-07 1
1.132126e-04 6
1.768240e-04 6
2.382868e-05 4
2.794740e-05 120
2.883116e-04 1
9.478846e-05 7
4.869606e-05 1
8.995460e-05 1
6.632630e-05 1
1.088845e-04 140478
1.708499e-05 4
5.134848e-05 1
2.287112e-05 1
5.650416e-05 1
8.585618e-05 1
2.390892e-06 1
4.076028e-05 1
9.367219e-06 23773
4.258154e-05 1
6.149743e-05 6
1.535783e-04 4
1.009115e-04 7
1.120639e-05 3
7.578951e-05 5
1.626841e-05 4
3.967544e-06 4
1.635008e-04 201
7.938639e-05 1
1.435541e-04 61
1.539191e-05 1
2.607648e-05 2
3.149012e-05 2
3.288053e-05 2
3.955498e-05 48937
3.698162e-05 1
9.839893e-05 3
6.477103e-06 2
7.091352e-05 1
6.655855e-05 1
7.024926e-05 6
1.744922e-06 1
4.993691e-05 1
2.077095e-06 1
1.697075e-05 4
2.202454e-05 56
2.678655e-06 3
2.289541e-05 1
5.664344e-05 4
2.335216e-05 1
3.803200e-05 1
1.701283e-05 1
4.216105e-05 2
3.473034e-05 1
1.643983e-05 1
9.914540e-06 1
1.849004e-04 3
8.462420e-05 1
1.511245e-05 30
2.724882e-05 3
5.034460e-06 4
1.231030e-05 1
3.795079e-05 230
1.433144e-05 1
4.896130e-05 1
2.393376e-05 1
4.946290e-05 7
5.812728e-05 1
8.894524e-05 3
8.277267e-05 1
7.371248e-06 1
6.986389e-05 1
1.221412e-05 1
2.162784e-05 1
5.498601e-05 2
8.442752e-06 1
8.459485e-07 2
7.975723e-05 2
2.815374e-06 1
1.543148e-05 100
4.163615e-05 65386
3.620834e-05 1
6.247334e-05 3
5.230481e-05 1
3.375347e-05 2
1.260162e-05 3
3.003816e-05 1
3.152593e-05 1
1.761831e-05 1
4.817469e-05 1
1.606438e-05 2
1.417485e-06 3
1.556044e-05 1
4.021272e-05 1
4.375047e-05 6
7.091518e-05 2
5.140851e-06 1
6.298326e-05 1817
4.383225e-05 4
1.196658e-05 1
3.991167e-05 508751
8.196367e-05 2
9.200940e-06 30436
1.999508e-04 487428
4.158191e-06 89
6.374374e-05 2
4.802004e-05 1
1.919735e-06 1
4.078917e-05 1
2.841496e-05 1
4.099905e-05 40519
2.148038e-05 1
4.672981e-06 1
4.588723e-05 1
5.605987e-06 102
4.993547e-05 2
1.927042e-06 24
1.136378e-04 1
1.882299e-05 154
8.504622e-05 1
6.687691e-05 1
1.686022e-05 1
2.077928e-05 1009
1.502388e-05 48931
6.351702e-05 251
1.070220e-04 1
1.134438e-04 1
3.866185e-05 3
3.255425e-05 1
2.024077e-05 6438
5.273987e-06 1
2.517721e-06 1
1.992828e-06 1
1.940878e-05 1
1.356401e-05 1
1.136327e-05 1
1.846448e-05 1
4.858044e-05 1
2.251373e-05 1088
3.268416e-05 1
2.272886e-05 3
1.043323e-04 30098
1.174880e-05 1
2.525001e-05 1
1.152601e-06 1
4.787280e-06 1
3.913190e-05 223
4.942148e-05 34
4.328978e-05 1
7.545329e-05 1
2.502645e-05 1
4.213104e-05 6
1.321894e-05 1
1.074133e-04 3
6.481821e-05 25106
1.383973e-04 3
1.149141e-05 3
5.706664e-05 1
2.865314e-05 1
1.970867e-06 1
6.697967e-06 1
4.429547e-06 4
1.796006e-05 227
1.996821e-06 3
1.771368e-05 1
3.281493e-05 1
9.845938e-05 1
6.831464e-05 7
4.378188e-07 200
5.101904e-05 7511
6.858232e-05 43847
5.698656e-05 7
1.205801e-06 1
7.024008e-06 1
8.735534e-05 4
5.144660e-05 6
1.239783e-05 1
7.455479e-06 6
8.290836e-07 2
7.583301e-06 1
1.446753e-04 1
4.803044e-05 1
5.619870e-05 7
1.784392e-05 1
1.406160e-05 1
1.811874e-05 1
3.113201e-05 1
1.008196e-04 43618
1.840869e-05 1
7.019834e-05 1906
1.411241e-04 3
1.634202e-04 1
7.432800e-05 716
7.300877e-05 1
3.443999e-05 1783
8.636133e-05 1
1.110347e-05 206
3.116968e-05 957
6.162042e-06 1
6.366970e-05 1
1.292081e-05 3
6.559332e-05 2
1.306100e-04 1
8.103781e-06 1
1.025154e-04 3
7.071257e-06 3
3.408867e-05 1
3.970100e-05 1
5.638866e-06 1
5.357652e-06 90
2.883102e-05 1
1.600907e-05 156
1.676867e-05 1
1.163205e-04 1
6.718253e-05 3
1.469391e-05 1
4.016460e-05 1
3.543757e-05 1
2.156767e-05 1
3.274476e-06 1
8.093330e-06 1
4.749032e-06 1
2.192463e-05 1
6.610411e-06 4
1.179344e-05 1
2.528844e-05 6
7.668138e-05 8
1.353291e-05 207
3.991719e-05 7
1.769905e-05 49939
7.948897e-05 63
4.115837e-06 5
3.538620e-06 1
9.079206e-05 2
7.342163e-05 6
7.527142e-05 1
1.383317e-04 1
1.428004e-04 1
1.014011e-05 1
7.069441e-06 1
1.034166e-04 3
6.844648e-05 1
1.581938e-05 1
8.210690e-05 1
7.587092e-05 193
3.777819e-06 1
4.948676e-05 1
2.725671e-06 1
1.646329e-05 3
2.238142e-05 1
2.288433e-05 1
1.029380e-04 1
5.975749e-05 4
3.590637e-06 1
6.212634e-06 1
7.033754e-05 1
1.391691e-04 1
6.917955e-07 1917
6.355316e-05 1
1.149329e-04 2
4.682015e-05 1
3.621563e-08 6
1.814908e-05 1
1.727978e-04 1
3.378969e-05 2
2.055706e-05 1
1.025765e-04 2
4.709961e-05 10933
8.610540e-05 1
8.256521e-07 2
2.649977e-05 1
7.968748e-06 1
3.357588e-05 1
1.474115e-05 1
7.482488e-06 3
1.260226e-05 1
5.592996e-05 1
5.355916e-05 2
4.157057e-06 1
1.554512e-07 1
5.017485e-05 1
1.737753e-05 2
9.061687e-06 814
2.041205e-05 1
1.149012e-05 3
2.020893e-05 3
1.654798e-05 1
1.607904e-05 2
1.688075e-05 1
4.070841e-05 1
1.846320e-05 25427
2.439278e-05 1
5.292340e-06 1
6.427060e-05 1
3.323179e-05 6
4.644985e-05 2
1.423414e-05 7
2.689941e-05 1
7.275524e-05 1
1.010533e-04 1
5.519512e-05 6245
1.818188e-05 4
8.709358e-05 1
9.869171e-07 214
1.362394e-06 173668
6.553436e-05 1
1.080094e-05 1
2.337793e-05 1
2.867127e-05 3
4.600529e-05 1
5.768912e-05 1
9.663477e-05 1805
4.973069e-05 1
2.560176e-05 6
7.715167e-06 302106
1.547334e-05 1
2.140144e-05 1
2.782617e-05 1
1.877131e-05 1
6.731435e-05 1
4.835485e-05 7
8.005683e-05 1
7.737475e-05 3
6.192219e-05 5
3.554858e-05 1
2.305602e-05 1
3.010545e-05 3
4.762995e-05 2
3.878104e-05 3
3.071744e-05 7
5.087767e-05 1
2.594006e-05 1
2.772316e-05 1
9.527390e-06 35524
4.025468e-05 248
5.517361e-06 1
1.272267e-05 3
4.293844e-05 1
6.819005e-05 1
1.266480e-05 1
1.270626e-06 19630
1.539049e-04 1
4.550069e-05 102
6.119581e-06 1
1.606061e-05 1
2.871662e-06 1
5.040467e-05 70
1.507222e-05 3
1.105973e-05 3
8.064166e-05 1
1.309159e-05 2
4.530346e-05 7
2.298061e-06 2
3.949720e-05 6
9.367496e-06 1
5.532318e-06 1
1.893224e-05 1
5.608519e-06 1
9.836729e-05 2
9.506527e-06 1
2.858638e-05 1
8.215153e-06 1
1.019419e-04 1
1.644396e-04 24605
4.364659e-05 1
4.605944e-05 3
5.952971e-06 1
2.719973e-05 1
2.567503e-05 1
1.082088e-05 1
4.843156e-05 3
9.725010e-06 1
1.186250e-05 1
2.105053e-05 132
6.068928e-05 1
6.775866e-06 2
6.679798e-05 5
4.808016e-05 6
1.883044e-04 1
5.046237e-05 1
4.638835e-05 1
1.998613e-05 2
2.127527e-05 1
1.129127e-04 1
1.919014e-04 5
2.163776e-05 55380
1.662892e-05 1
5.489745e-06 1
8.010298e-05 5
2.257074e-05 10185
1.487025e-05 4
1.980373e-05 1
1.529285e-05 3
1.227437e-05 7
7.445633e-06 1
3.233722e-05 1
1.711390e-06 1
2.721231e-05 1
1.686680e-05 512
2.566302e-05 215
8.285281e-05 1
1.240482e-06 1
1.135037e-05 1
1.312615e-05 1
3.182579e-05 9146
4.205490e-05 3
3.255145e-06 1
2.389583e-05 1
2.802790e-05 1
1.350351e-05 1
2.612826e-05 253
4.974230e-05 1
2.275253e-05 3
3.919998e-06 194
3.147863e-05 4
2.892833e-05 1
5.694185e-05 1
2.834121e-05 1
3.055129e-05 1
7.564477e-05 485
1.852811e-06 1
1.446661e-04 234
1.634190e-05 2
6.936149e-05 833
6.007389e-05 1
6.632301e-05 3
8.715659e-06 1
2.319276e-06 1
1.171334e-05 3
4.290978e-05 3
1.514562e-05 1
2.554914e-06 683
5.514071e-05 1
1.061421e-06 1
1.486144e-05 1
7.403984e-06 1
4.350583e-05 1
5.357902e-05 1
2.348742e-05 371526
2.207258e-05 1
6.140783e-05 2
2.835440e-05 1
4.568664e-06 1
1.378469e-04 1
2.461172e-05 5
4.719208e-05 27640
3.151503e-05 4
8.935313e-06 2
2.031680e-06 1
4.606056e-06 1
3.653416e-05 1
8.840790e-05 1
1.904694e-05 3
2.106874e-05 1
2.429977e-04 1
9.879150e-06 1
7.140480e-05 1
9.668089e-05 2
6.100587e-05 3
8.548151e-07 3
1.329557e-05 1
1.780724e-05 1
6.650030e-05 1
2.933179e-05 1
2.590309e-04 2
1.491824e-05 2
7.514249e-07 1
5.598425e-05 736
1.445420e-04 1
9.729749e-07 1
4.086398e-06 211
1.316507e-04 1
9.391559e-05 3
5.814761e-05 1
5.840798e-05 39758
9.098082e-05 1
3.058807e-05 1
4.069378e-05 1
7.636167e-06 4
9.205831e-06 1
7.005107e-05 1
2.581794e-05 2
2.108100e-05 3
2.403211e-05 1
2.413850e-05 1
1.325425e-05 1
3.339501e-05 1
8.512146e-05 1
1.197732e-05 6
5.096054e-05 1
3.738771e-06 1
5.411581e-05 1
5.319483e-05 6
4.945512e-05 1
1.227719e-05 3
2.761243e-05 850
1.820700e-05 1
5.532437e-06 2
3.985102e-05 550474
9.338698e-05 3
6.196204e-05 4
1.484196e-05 1
3.142591e-06 7
1.443576e-05 1
1.559984e-05 6
2.330788e-05 1
1.623267e-04 2
2.811003e-07 1
6.397383e-06 1
3.144014e-05 1
1.697082e-05 1
8.074299e-05 1
7.956424e-05 3
5.253681e-05 1
1.111749e-05 264
6.754040e-07 1
6.875932e-06 1
5.240643e-05 1
2.586999e-05 2
1.037671e-05 1
6.204786e-06 1
1.263736e-05 143
1.422222e-05 1
1.415962e-07 6
3.720347e-05 1
2.344343e-05 3
5.701141e-05 1
3.803517e-06 1
4.695754e-05 1
8.096592e-05 1
8.544806e-06 1
2.006990e-05 1
3.077947e-05 7
9.265503e-08 492940
9.983941e-06 1
4.400318e-05 1
8.619110e-05 170
6.934052e-05 1
9.087691e-07 1
5.252041e-06 1
3.000141e-05 1
5.979472e-05 1
2.887044e-04 3
2.674741e-05 1
5.434934e-05 245068
9.250168e-06 5
9.256146e-05 44267
2.740578e-05 1
4.195791e-06 1
3.273477e-06 1
3.808994e-05 1
4.021233e-05 1
4.641723e-05 2
7.520734e-05 259
1.016969e-04 1
5.443584e-05 1
5.638374e-05 3
4.080169e-05 3
9.311977e-06 2
2.278259e-05 2
6.471227e-06 1
5.832125e-06 3
5.828065e-07 2
2.332144e-05 25121
2.253533e-05 1
7.017709e-05 1
7.782156e-05 3
8.303179e-05 1
1.067957e-04 1
8.764407e-06 1
3.514722e-05 1
3.286584e-05 1
2.098057e-06 127
5.081122e-05 1
1.254523e-05 6
1.326044e-04 9914
1.014957e-04 1
7.513833e-05 1
1.831992e-05 1
1.169622e-05 258
9.052268e-07 1
2.558167e-05 35836
1.688452e-05 58481
1.298190e-05 1
7.234350e-05 1
6.649178e-06 234
4.463051e-05 6
2.548696e-05 1
1.640963e-05 1
3.217068e-06 1
3.729671e-06 2
1.213007e-05 3
7.131961e-06 1
1.856472e-05 6
2.014279e-05 7
3.632719e-05 57479
1.596220e-05 1
1.276765e-05 3
1.938646e-05 6
2.436450e-05 125
3.444772e-05 3
2.253505e-05 3
3.845670e-05 756
2.587600e-05 1
8.591904e-06 1
1.241759e-05 1
2.173540e-05 1
1.008202e-04 4
8.644146e-05 5
1.401078e-05 180
2.461807e-06 1
2.802005e-05 1
9.590839e-05 1
6.242679e-05 2
4.852081e-06 2
4.469941e-05 2
1.374099e-04 105
6.355893e-06 39890
2.744771e-05 3
1.040840e-04 1
4.038450e-05 1
3.090201e-05 1
7.050630e-05 2
5.143324e-05 192
8.705146e-06 1
3.372504e-05 1
2.030819e-05 109
9.315230e-05 256
5.253221e-05 1
4.822321e-04 2
1.833884e-05 1
5.828251e-05 2
3.955542e-05 1521
5.818788e-05 3
5.833988e-05 1
5.259987e-05 1
1.147980e-04 1
1.025874e-04 7
8.270473e-05 2
7.611574e-05 4
5.193199e-05 1
2.665011e-05 202
8.054349e-06 1
2.149179e-05 1
1.098718e-05 1
2.245736e-06 7
9.451559e-05 1
3.879613e-05 6
4.030894e-05 1
1.164223e-05 3
4.692648e-06 1
4.934851e-05 1950
8.214257e-06 2
1.475813e-05 1
4.448008e-05 158
5.740846e-05 1581
5.576957e-05 1
1.495468e-05 2
1.899518e-05 1
9.541121e-06 1
4.313485e-05 1
3.719578e-05 1
9.014710e-06 1
4.029213e-05 2
7.513958e-06 175
1.655019e-06 2
5.588425e-05 1
5.560170e-05 1
1.697659e-05 1
6.620168e-05 1
1.281104e-05 2
6.435497e-05 3
6.254947e-05 267
1.662658e-04 1
1.966889e-04 1
1.176133e-05 486
6.490618e-05 7
1.889900e-04 6
3.386882e-05 1
2.512559e-05 4
1.425752e-05 19
1.809700e-04 3
2.299975e-05 1
2.482840e-05 6
2.003931e-04 1
1.556737e-05 1
5.024750e-05 1
5.201443e-05 1
9.025042e-05 2
1.477665e-05 7
1.995186e-06 1
6.378521e-05 1
1.141267e-05 1
5.171197e-05 2
1.347988e-06 69
8.185995e-06 3
2.625052e-05 4
1.652145e-05 1
1.754226e-06 5
3.230322e-05 1
1.219493e-05 1
1.530760e-05 2
1.099852e-04 1
1.294720e-04 1
7.267992e-06 1
1.555272e-05 1
3.400174e-06 6
5.275165e-05 1
2.474265e-04 1
1.598630e-06 4
1.642516e-05 4
5.991719e-05 1
1.104680e-04 1441
2.680410e-05 4
4.574167e-05 7
1.304507e-05 1
1.621260e-06 1
4.069482e-05 1
2.858306e-05 1
3.911714e-06 1
1.675314e-05 1
1.247223e-04 6
1.161665e-05 1
1.364763e-05 4
1.391466e-05 2
5.874367e-06 550
1.806557e-05 2
2.292574e-05 131
5.711057e-05 1
8.510074e-05 34
1.443186e-05 6
9.205642e-05 177
1.730406e-05 5
5.825078e-05 3
1.044650e-05 1
1.089252e-04 6
2.035222e-05 1
2.290643e-05 191
3.417465e-05 3
1.493801e-05 2
8.789902e-05 1
2.484978e-05 1
3.746737e-05 1
5.135506e-05 7
2.956226e-05 1
2.434927e-05 5
8.919809e-05 260
4.048944e-05 1
9.759819e-06 1
6.627896e-05 3
1.914215e-05 1
5.947797e-06 1
2.616348e-05 77
1.113650e-05 1
2.508425e-04 1
2.508733e-05 64
9.737127e-05 1
2.767082e-05 18004
4.053517e-06 748
1.158881e-06 1
1.273983e-04 1
2.403577e-05 3
5.597625e-05 1
6.427822e-05 2
3.015198e-05 1
6.618876e-05 3
2.802821e-05 233
7.617285e-05 1
3.502926e-05 62
7.783542e-06 1
6.895721e-05 3
1.257235e-05 59
2.419462e-05 2
8.924457e-06 1
2.074397e-05 1
1.664950e-05 1
4.930019e-06 1
5.608563e-05 1
3.589151e-05 1
2.121223e-06 1
2.258133e-05 1
4.375853e-05 1
4.405115e-07 2
8.300102e-05 3
3.931800e-05 1
2.234309e-05 5
1.321009e-05 5
1.651313e-05 1
1.435862e-04 1
6.134364e-05 1
3.577184e-05 1148
3.128899e-05 1
7.069055e-06 1
4.591651e-05 2
1.094053e-04 1
1.269557e-04 165
4.898006e-05 5
1.270622e-05 139
2.457208e-05 1
1.242632e-04 1
4.189744e-05 1
1.435724e-05 1
2.062617e-05 7
1.616497e-04 1
1.320122e-05 1
9.767694e-06 1
6.638008e-05 652873
5.758590e-05 1
8.489109e-05 1
2.905190e-05 1
3.777173e-05 1
1.214316e-06 255
2.603637e-05 1
3.027699e-05 1
1.050470e-05 1
2.048064e-05 1
8.542717e-06 2
1.319061e-04 1
3.562417e-05 3
7.185358e-05 33600
8.501237e-05 2
7.201350e-06 1
5.009528e-07 3249
4.260337e-05 1
5.871094e-06 6
2.904592e-06 66
1.038031e-05 2
8.595505e-06 1
2.721513e-05 1
1.219546e-04 2
1.463414e-05 8094
5.992069e-06 1
4.208502e-07 3
2.042225e-05 2
5.937064e-05 236
1.235928e-05 2
4.670603e-05 2
5.949483e-05 1
1.300759e-04 1
2.361629e-05 1
4.064378e-05 119
4.606973e-05 1
5.626924e-05 3
7.067897e-05 61660
3.031063e-05 2
1.107476e-05 5
2.141355e-05 3
4.011791e-05 456
1.708453e-05 1
1.276231e-06 4
3.049145e-05 4
1.359986e-04 1
1.820803e-05 1
4.889404e-05 1
7.466104e-05 3
1.054933e-04 1
5.558513e-06 18
1.932055e-06 1
9.562669e-05 3
3.602551e-05 58
3.401501e-05 3
1.365763e-05 1
5.235922e-05 2
4.974741e-07 137
1.195849e-04 4
1.001415e-05 16284
4.269142e-05 177
1.157340e-05 3
1.415464e-04 1
6.315298e-06 1
1.697738e-05 2
1.316809e-05 2
5.755847e-05 1
4.733418e-05 85
1.028810e-05 5
1.252338e-05 1
3.567631e-05 3
3.334668e-05 1
2.802780e-05 7
6.942950e-08 3
1.706875e-05 1
3.450662e-05 1
1.049630e-06 48606
2.969348e-06 1
5.884286e-05 3
1.958287e-05 86
2.695138e-05 1
1.051272e-05 33085
2.393538e-06 1
2.102979e-05 1
4.272944e-05 30
2.899727e-05 1
5.360571e-07 1
3.135843e-05 251
2.391515e-05 1
4.166255e-05 1
8.381318e-06 27379
2.510744e-05 3
2.004322e-05 3
4.109691e-05 1
5.521066e-07 1
2.969865e-05 80
5.269415e-05 48
7.535419e-06 3
1.305801e-05 2
1.082618e-05 3
6.424444e-05 1
8.932106e-05 1
1.734987e-05 1
1.024751e-05 3
2.779301e-05 1986
2.699266e-05 1
1.059517e-05 150
7.897803e-05 3
7.404358e-05 2
7.134076e-05 1
4.932409e-06 121
9.904738e-06 1
2.576691e-07 6
4.930543e-05 1
4.049374e-05 4
2.692670e-05 3
2.322522e-05 30
1.499015e-05 1
1.773917e-05 2
1.656018e-05 3
2.896515e-06 1
5.295652e-05 159
2.319650e-04 99
9.918799e-05 1
5.951433e-06 1714
2.155447e-05 2
4.682693e-05 1
2.512075e-05 1
3.968767e-05 64596
9.001707e-05 2
2.137767e-04 1
5.229385e-05 1
7.263932e-05 1
2.993128e-05 4
6.202804e-06 1
5.959745e-05 1
9.832898e-05 2
3.622406e-05 2
1.458311e-05 2
2.327153e-05 1
1.488796e-04 2
1.410320e-04 1
7.293197e-05 1
4.795955e-05 1
3.910262e-05 1
1.117712e-05 1
6.136857e-05 1
5.598090e-05 6
1.395134e-05 1
3.605135e-05 4
3.341599e-05 1
1.413538e-04 1
4.188684e-05 968
9.677825e-06 3
1.633791e-05 22276
5.344006e-05 1
6.213944e-06 30
4.819892e-05 2
6.322540e-05 5
2.721321e-05 62
5.071062e-05 1
9.896632e-05 167809
6.711794e-05 1
7.185809e-06 5
1.440498e-05 210626
1.411927e-05 1
1.677026e-06 2
9.189587e-05 1
3.961351e-05 1
6.330251e-05 1
1.565197e-05 1
3.258836e-05 1
1.201184e-04 1
2.935298e-05 1
2.803628e-05 1
1.072314e-05 3
6.127749e-05 1
6.143348e-05 1
3.207939e-05 39657
2.304300e-05 3
1.326792e-05 872
8.275795e-05 1
1.339120e-05 1
2.804498e-05 7
1.173938e-05 3
5.111179e-06 1
5.409779e-07 1
2.377021e-05 1
7.745292e-05 3
2.040136e-05 1
1.409997e-05 2
2.505885e-05 65
4.209404e-06 1000
2.142190e-05 1
1.752729e-05 1
2.570300e-05 1
6.933775e-05 1
1.185929e-04 4067
2.083914e-05 1
8.030140e-05 7
2.392277e-05 3
2.407341e-05 1
1.873860e-05 1
6.045750e-05 1
9.598669e-05 59
5.766862e-05 1
6.536397e-05 2
1.236938e-04 1
2.348833e-05 1
7.642239e-05 244
2.605677e-05 1
1.887803e-05 1
6.496104e-05 1
8.414730e-06 85
8.394437e-06 7
2.562428e-05 1
4.366610e-05 151
4.235228e-05 70
1.031741e-04 1
2.882272e-05 1
4.582732e-05 1112
1.454285e-05 1
1.803779e-05 468
4.322328e-05 1266
8.643615e-05 922
6.877282e-05 2
4.734789e-05 1
6.107759e-05 1
4.828894e-06 1
5.087291e-06 41002
3.179678e-05 1
3.097472e-05 1
5.081232e-05 3
4.990973e-05 3
1.397511e-05 1947
4.631476e-05 1
2.103415e-06 3
1.371879e-05 1
1.101342e-04 1
1.793481e-05 1
4.361718e-05 1
1.034640e-05 1
1.114306e-05 1
2.830140e-05 1
1.883940e-04 64334
5.903749e-05 1
4.210125e-05 165
5.983785e-05 52
3.811169e-05 22045
2.643383e-05 1
5.031341e-05 1
4.288979e-05 3
1.369749e-04 2
2.898494e-05 6
4.004997e-05 1
7.611836e-07 1
2.792337e-05 1
1.444385e-04 2
3.819258e-05 1
4.910356e-05 2
1.207050e-04 158
5.075623e-05 7
1.370966e-05 3
1.470513e-05 1
1.155391e-05 2
9.153279e-06 1
5.136979e-06 877
7.468985e-05 1
3.455479e-05 3
2.103263e-05 7
6.065805e-05 1557
2.545433e-06 30767
1.203774e-05 6
1.215830e-05 1
4.160572e-05 1
3.718161e-05 5
6.445721e-06 2
5.608075e-07 1
2.230797e-05 3
3.162843e-05 4
2.381650e-06 1
1.465579e-04 7
1.904424e-05 2
6.587757e-05 1
5.871846e-05 3
8.399132e-06 3
4.743640e-05 1
1.618395e-05 1
2.078226e-05 2
2.908492e-06 1
5.362931e-05 115
1.020768e-04 1
2.322262e-05 1
3.531586e-05 1
5.246461e-05 1
9.065987e-06 1
3.647906e-05 1
7.932976e-06 88
4.772049e-05 1
7.267178e-06 1
1.466062e-04 1
1.633062e-05 1
4.250761e-06 1
1.379927e-05 163
6.581357e-05 1
7.012223e-06 1
1.802694e-05 4
5.553664e-06 6
2.184897e-05 1
4.001881e-05 50
1.998002e-05 242
3.530482e-05 1
1.049138e-06 1
9.524393e-06 7
1.242656e-05 1
4.066965e-07 1
3.635358e-06 1
1.698102e-04 5
4.198012e-05 1
1.688405e-05 1
4.254979e-05 1
2.235213e-05 1
7.037263e-06 3
3.665639e-05 2
4.097068e-05 3
4.202962e-05 2
3.307342e-06 2
4.458627e-05 1
3.881821e-06 1
9.962058e-05 3
5.255439e-05 2
3.862989e-06 1
1.217113e-05 229
1.708856e-05 1
7.355308e-05 1
5.157241e-05 219
5.585555e-06 1
5.908623e-05 1
1.200566e-05 48760
2.929416e-05 2
9.799438e-06 1
6.541608e-05 1
4.118113e-05 1
1.057898e-05 1
4.480524e-05 62
9.434233e-06 2
6.477051e-05 1
6.825005e-05 1
2.981709e-05 1
2.618382e-05 3
3.357659e-05 1
2.163058e-06 210
6.558234e-06 1
4.753328e-05 2
1.169777e-05 1
5.600511e-05 1
1.408261e-05 1
1.381133e-05 1
4.335169e-05 72
2.477445e-05 1
5.470639e-06 24
2.799000e-06 15
4.143526e-05 1
8.078226e-06 1727
9.269755e-05 1
4.995159e-05 1
1.924393e-05 3
8.370842e-06 1039
6.361047e-05 1
7.360264e-05 1
6.560324e-06 1
6.580095e-05 1
2.050208e-05 2
1.308884e-04 1
3.050434e-05 1
3.184041e-05 1
9.568820e-05 1903
2.274795e-05 1
5.981697e-06 1
1.829968e-05 1
5.495496e-05 1
1.128820e-04 1
3.218410e-05 1
2.446821e-05 47722
3.643815e-05 2
4.729414e-06 1
5.840375e-06 3
7.684267e-06 1
1.373203e-05 1
4.311263e-05 1309
3.069438e-05 3
8.275844e-06 2
4.061309e-05 1
6.065976e-05 5
1.333275e-04 3
2.258927e-05 1
7.447602e-05 1
3.717195e-05 2
2.618940e-05 1
1.147813e-05 1
3.131807e-06 2
3.088022e-05 6
4.362051e-06 1
6.593599e-05 2
2.944810e-05 6
1.414487e-05 1
1.079198e-04 2
3.188056e-05 62294
5.286879e-05 1
7.351738e-06 1
7.000873e-06 1
2.504256e-05 6
9.368942e-06 2
9.237121e-05 2
2.911348e-05 1
3.032675e-05 4
2.395465e-05 1
2.374560e-05 1
1.457882e-06 1
1.983403e-05 1
2.778642e-06 2096
5.545317e-06 1
3.583903e-06 1
9.584054e-06 2
1.255125e-04 1
2.183377e-05 6
5.472666e-05 1
2.677308e-06 5
1.663645e-06 1
6.685065e-05 1
7.792787e-05 1
5.653409e-05 2
3.898449e-05 1
1.926360e-05 1
3.745595e-05 1
6.246329e-05 6
1.306603e-05 3
1.318253e-05 1
2.353538e-05 3
1.277792e-05 1
2.150563e-06 3
1.089077e-06 64798
5.438008e-05 1
2.345718e-05 3
2.470396e-05 41300
1.748122e-05 1
3.109237e-05 1
3.160092e-05 1
5.718922e-05 1
1.239060e-05 52580
7.720537e-05 1875
3.329151e-05 1
1.999565e-05 6
5.365110e-05 2
1.640470e-06 2096
6.605435e-05 1
2.042171e-05 1
4.230726e-05 1
5.445497e-06 2
8.281212e-05 594
6.876764e-07 1
1.676826e-05 1
1.913737e-05 1
1.875040e-06 1
6.316862e-05 1
3.860746e-06 2
3.796938e-05 1
1.590405e-05 2
4.126046e-06 1
4.863184e-08 1
5.894184e-05 214
4.933676e-05 2
3.431294e-05 7
6.299017e-05 3
3.578049e-05 1144
3.093891e-05 1
1.826725e-05 1
9.825176e-05 219
1.436063e-05 1
9.274437e-05 1
4.591302e-06 2
1.053967e-05 1
8.328103e-05 3
1.184149e-05 5
2.580101e-05 1
7.062721e-05 1
1.452322e-06 1
2.747568e-05 1
1.837541e-05 3
4.280789e-05 174
3.740257e-05 1
1.824277e-05 1
3.719522e-05 1
1.939630e-05 1
3.365249e-05 1
5.868326e-05 219
3.939826e-05 10
2.892364e-06 1
6.262428e-05 3
5.770176e-06 2
1.712536e-06 215184
7.513588e-05 3
1.017881e-04 7
1.341157e-05 3
1.343823e-04 1
8.706140e-08 24001
5.910657e-05 1
2.264851e-05 1
3.916439e-06 3
6.622819e-05 3
6.886310e-06 13
5.334473e-06 1
5.442374e-05 1
6.454737e-06 53774
1.525826e-05 5
4.593013e-06 44990
1.195635e-05 2
2.884985e-05 1
3.878790e-05 1
4.859968e-05 2
3.800375e-05 5
5.019193e-05 7
6.138549e-06 3
3.360135e-05 1
1.799592e-05 3
4.322427e-05 1
1.267365e-05 2
3.153563e-05 1
3.468354e-05 1
2.057639e-05 1
7.973741e-05 6
3.324386e-05 5
2.015114e-05 1
1.323940e-05 49
2.227436e-05 18709
5.894011e-05 1
4.106807e-05 2
4.269367e-05 3
6.173581e-07 7
4.117792e-05 1
1.871648e-05 1
5.895102e-06 487686
8.170077e-06 1
2.868530e-05 47131
9.878912e-05 157
2.611502e-05 1
4.723727e-06 2842
5.973747e-06 1
1.761350e-05 1
4.881025e-06 1
9.904258e-06 106
1.113906e-05 3
6.042571e-05 1
1.026065e-05 3
3.233093e-05 1
3.032859e-05 1
8.720603e-06 2
2.131118e-05 1
9.323654e-05 7
1.367607e-06 155
2.812996e-05 2
3.827150e-05 37077
1.702430e-06 1
1.038349e-04 1
2.029362e-05 1
8.061547e-06 1
8.723561e-06 65
4.086248e-05 2
2.750899e-05 1
3.510850e-05 3
1.796754e-06 1510
5.970959e-05 3
8.381574e-05 1
4.987769e-05 23767
4.050146e-05 1
3.090224e-05 1
3.629532e-05 1317
9.620383e-06 1
8.405795e-07 1
4.175787e-06 1
5.462384e-05 36
1.442988e-05 1
2.213145e-05 110
2.835999e-05 1
6.773840e-05 1
2.451785e-05 7
2.663762e-05 1
3.106653e-05 1
4.553963e-05 3
5.495966e-05 1
6.827398e-06 17
1.109647e-05 1
9.656810e-07 52738
5.350891e-05 1
2.206432e-06 1
4.269601e-07 1
4.888980e-06 1
5.870191e-06 1
8.871950e-05 1
1.291048e-05 33465
1.955585e-05 117
3.624917e-05 1
4.722934e-06 1
6.729854e-06 1
2.753063e-05 1
4.283942e-05 5
1.007905e-05 4
6.101676e-06 3
3.174915e-05 61
7.129672e-05 1
8.312981e-05 5
3.975496e-05 1
8.066181e-06 1
2.112203e-05 157
1.129993e-05 3
4.906626e-06 1938
1.821567e-05 3
5.472679e-05 3
2.971211e-05 22208
1.183975e-05 6
6.231622e-07 1
3.387534e-05 2
2.776082e-05 5
1.270974e-05 2
1.163366e-05 2
1.184941e-05 190
1.415528e-05 1
1.296805e-05 1
1.971236e-05 226
8.620237e-07 137
9.118996e-05 1
3.364942e-05 198
9.433375e-05 3
1.490723e-05 1
1.081302e-05 1
2.456363e-05 1
3.239761e-05 67
7.463041e-05 62
5.288069e-05 408
7.068245e-06 1
5.414583e-05 1
9.051454e-06 1
1.965542e-06 1
4.131356e-05 1
6.717769e-05 1
2.826184e-05 224
2.087923e-05 940
7.621778e-05 3
1.642714e-05 3
6.984671e-06 1
2.878532e-05 1838
6.731974e-05 1
2.148095e-05 533
2.886328e-05 1794
1.810544e-05 1
3.014656e-06 1
2.934104e-05 1
7.999583e-06 1801
2.111684e-05 7
4.893598e-05 55672
1.556824e-05 1
1.718876e-05 1
1.652706e-05 1
5.741240e-05 6
1.364462e-05 976
2.415186e-06 1
3.610745e-05 1
1.269543e-05 1
2.089756e-07 1
1.338834e-04 260
1.853169e-06 1448
1.695765e-05 1
1.647825e-05 17582
4.841616e-05 3
2.151217e-05 4
1.506131e-05 5
7.341844e-07 2
6.884677e-05 1
5.905899e-06 1
4.021474e-05 2
8.217200e-07 2
9.144767e-05 2
6.692889e-05 2
7.748244e-05 3
6.128439e-05 2
3.763749e-06 1051
6.075323e-05 1
1.188377e-05 1
5.394599e-05 1
2.036856e-05 1
1.698874e-05 3
3.233155e-05 1
8.099640e-05 1
1.645210e-05 1
2.086477e-05 4
7.616909e-06 6
1.334171e-04 5
1.896027e-05 1
3.287566e-05 3
1.605617e-05 1
4.837413e-05 3
1.004078e-04 27151
1.341133e-04 2
3.552764e-05 1
7.032549e-05 6
1.288262e-04 42
6.044370e-05 129
1.606649e-05 1
4.653302e-06 258
6.357284e-05 6
4.360780e-05 1
1.132966e-06 1
2.024583e-05 4
3.423609e-06 1
4.137051e-05 1177
8.006199e-06 1
4.349183e-05 1
2.708437e-06 1
2.516239e-05 1
6.314717e-06 1
1.234384e-05 281833
1.055936e-05 6
6.390645e-05 1
8.617350e-06 3
2.095068e-05 5
8.651145e-05 1
7.795808e-05 2
5.761612e-05 1
4.107970e-05 1296
6.912987e-05 1
4.902389e-05 3
2.825299e-05 2
2.012032e-05 1
5.434753e-05 2
8.589633e-06 2
4.271201e-06 1
2.791698e-06 1
1.440402e-05 1
5.007089e-05 20977
2.532615e-05 42657
3.720575e-06 1
2.732983e-05 601234
1.329836e-04 117
4.771516e-06 1
5.033202e-05 1
6.068422e-06 2
6.919418e-05 1
1.052733e-04 8530
3.700580e-05 231
3.457488e-05 1
2.897803e-06 5
1.539630e-05 2
2.835568e-05 220
1.919253e-05 1
1.166195e-04 1
3.032082e-05 2
1.841895e-06 89
3.769753e-05 3
6.582357e-05 2
1.946493e-05 1
1.963891e-06 1
1.621025e-05 1
8.894090e-05 3
4.381126e-05 1
1.369329e-05 41406
6.344916e-06 1
1.082708e-05 1
2.894292e-06 1
2.205259e-05 1
4.664188e-05 1
9.802147e-06 1
2.319071e-05 32
6.192453e-05 1
4.994606e-06 58
6.877594e-05 5
1.373150e-05 2
1.412663e-05 3
3.649009e-06 1
2.579171e-05 1
2.519838e-06 2
4.672492e-05 6
1.203685e-05 6
2.977039e-05 57085
1.017913e-04 3
3.205220e-05 22142
3.521394e-07 1
1.097920e-05 2
1.563978e-04 1
6.188396e-05 1
1.134058e-05 37555
1.406028e-05 1
4.455413e-05 1
4.302148e-05 1
8.375771e-05 1
6.999232e-05 3
4.337322e-05 1
3.953314e-05 1
5.649588e-05 1
8.279991e-09 176
1.355196e-05 2
4.109304e-05 4
5.982249e-05 5421
3.885118e-05 2
9.588617e-06 5
4.674101e-05 1
3.225518e-05 3
5.840045e-06 2
1.297452e-05 6
1.167721e-04 1
1.212061e-05 1
2.236653e-05 1
7.745945e-06 1
1.374610e-05 2
3.179547e-06 1
2.371673e-05 1
1.474416e-05 3
2.915811e-05 1
6.690019e-05 1
5.729300e-05 1
4.588298e-05 1
1.152418e-04 1
3.363662e-05 5174
2.024132e-07 1
1.187046e-05 4
1.213858e-04 2
7.333638e-05 895
4.943610e-05 1
2.895683e-05 2
3.617957e-05 2
1.888803e-05 180
2.054140e-05 1
7.180457e-05 34006
4.046629e-06 1
1.711110e-05 1
5.303144e-06 3
1.965042e-05 2
7.269809e-05 1
2.984961e-05 1
1.998130e-05 1
2.356107e-05 4
6.548012e-05 2
3.917392e-05 2
4.975506e-07 1
7.927941e-05 241
2.780233e-05 1
4.713952e-05 206
1.773426e-05 1
1.521406e-05 24216
3.076579e-05 1
8.949236e-06 1
2.693302e-05 3
1.496322e-05 3
6.528489e-05 1
3.177079e-05 1
7.547976e-07 7
3.466623e-05 433
5.120792e-06 3
1.646280e-05 1
4.780095e-05 3
1.031143e-06 1
1.298933e-04 334
5.010269e-05 1
6.822001e-05 28994
1.906822e-05 2
4.472190e-05 280
3.211564e-05 1
3.059827e-05 2
1.820148e-05 3
2.287126e-05 1
3.413295e-06 3
2.073426e-05 1
2.194671e-05 6
5.436493e-05 1
5.945157e-06 3
5.810988e-05 2
5.251915e-05 932
2.926943e-06 64
4.323284e-05 1
6.909047e-06 3
1.536247e-05 7
3.475336e-06 1
1.341212e-06 1
3.155129e-05 1
4.819773e-05 2
7.710629e-05 28914
4.534272e-05 1
5.640261e-05 2
1.109422e-05 265
1.729899e-05 1
6.414134e-05 36
5.109535e-05 1
1.512857e-05 1
1.647401e-05 1
1.326033e-05 1
5.125489e-05 2
5.565826e-05 1
6.261558e-05 1
1.633416e-04 1
2.286953e-05 1
4.454099e-05 1
3.214842e-05 1
3.049217e-05 2
7.282382e-05 1
2.082640e-06 1
2.435493e-05 4
9.767293e-06 1
4.298678e-05 1
3.920507e-05 1
4.092538e-05 111
8.700700e-06 5
8.310634e-06 1
2.935751e-05 30738
5.442458e-05 16081
2.672620e-05 6
9.334674e-05 1
1.022794e-04 134
7.347638e-05 4
5.567775e-05 1
7.232827e-05 1
6.547195e-06 7
1.715305e-05 3
3.401805e-05 1
1.175827e-04 1
7.044613e-06 1
7.270251e-05 3
1.725061e-05 2
9.864865e-06 1
1.793253e-06 3
1.711761e-04 1
2.321211e-06 169
4.631066e-05 59549
9.980499e-05 5
1.055342e-05 1
2.649172e-05 5
6.808676e-05 1
9.499237e-06 5
5.465245e-05 1
7.062932e-05 1
8.710873e-06 1
7.123969e-05 1
2.735487e-05 1
1.071079e-04 135
2.949321e-05 4
5.686248e-06 2
3.939323e-05 1
2.827999e-05 1
1.053248e-05 32319
1.235078e-05 2
7.551407e-05 3
2.236970e-05 1183
1.549147e-04 1
8.888562e-06 1
1.261807e-05 3
4.047854e-05 1
2.402898e-04 1
4.128317e-06 1
1.090992e-05 397
2.139689e-05 584702
1.469580e-04 1
2.068413e-05 1
3.075822e-05 244
2.525185e-06 2
2.299832e-05 6
1.633749e-05 1
1.138379e-04 35216
9.979970e-06 3
2.844636e-05 1
1.261673e-05 2
7.219011e-05 2
4.077722e-05 2
2.914450e-06 2
4.524202e-05 2
9.020536e-05 1
8.600701e-06 36555
5.027165e-06 2
9.921458e-06 3
1.993615e-05 1
5.123841e-06 3117
4.874162e-05 226
2.519061e-05 1
2.519685e-05 1
2.535315e-05 1
1.246445e-05 1
4.923456e-05 1
1.193236e-05 1
7.737772e-07 6
1.679287e-05 1
7.928580e-05 1
2.908410e-05 1671
3.862627e-06 111
1.711330e-05 3
2.330111e-05 1
2.520732e-05 2
2.411859e-05 1
4.641964e-05 1
8.744959e-06 1
6.141291e-05 1
1.037925e-05 1
6.463138e-05 1
2.345731e-05 3
2.892504e-05 2
1.870326e-05 1
1.932598e-05 4
3.862788e-05 1
5.763682e-05 1
1.628343e-04 1
1.552670e-05 1
3.246411e-06 52241
4.143821e-05 1
2.088412e-05 5
1.410515e-04 183
1.137416e-05 6
5.986242e-06 2093
1.105416e-05 34
1.533236e-05 1
3.695301e-05 1
2.209898e-05 82
3.245343e-06 1
3.941200e-06 7
8.564762e-06 1
8.457926e-06 3
3.133029e-06 2
4.009451e-05 1
2.010899e-05 4
6.896426e-05 3
1.196790e-04 19445
7.328530e-06 1
2.943413e-05 1
4.504617e-06 1
7.971257e-05 1472
4.083103e-05 555991
2.852994e-05 2
3.120928e-06 1
1.870588e-06 2
4.951739e-05 1
4.483005e-06 1
7.736609e-05 6
2.780891e-05 1
1.582761e-05 5
1.928299e-05 1
6.623937e-06 118
6.572650e-06 1
9.333583e-05 2
2.906363e-06 183
1.326872e-06 188
6.291098e-05 1
7.826465e-05 1
