6.204717e-05 5
9.191238e-05 1
1.532472e-04 2
1.923547e-05 3
1.524071e-04 1
8.506301e-05 1
3.225745e-04 6
1.356711e-04 2
6.350497e-05 38
2.083394e-04 1
2.190969e-04 1
5.051822e-05 3
2.105477e-04 1
2.147345e-04 271307
1.374011e-04 1948
6.714447e-05 3
1.401445e-04 2
2.662523e-04 2
2.246253e-04 1
6.780865e-05 63667
8.076454e-05 3
3.355861e-05 1
1.112258e-04 6159
9.295043e-05 1
1.991347e-04 1
4.520784e-05 7
1.416676e-04 1025
8.831068e-05 7
1.449246e-05 1
7.486051e-05 1
1.170497e-04 2
4.240726e-06 1
4.664352e-05 4
3.140202e-05 1
2.726870e-05 34907
2.427174e-05 1
1.184140e-04 1
8.571317e-05 1
8.202570e-05 1833
5.189536e-05 1
1.275961e-04 3
6.167919e-05 7
1.059361e-04 4
5.995037e-06 3
1.739095e-04 63039
2.351789e-04 2095
8.903920e-05 1
2.559899e-04 1
2.293614e-04 1
9.768298e-05 2
5.485149e-05 1
3.001791e-05 1
9.844771e-05 1
3.897601e-04 1
5.905779e-05 5
3.920809e-05 1
3.620563e-04 1
5.787442e-05 3
9.412804e-05 1
1.555281e-04 3
1.324449e-04 1323
1.118532e-04 1
2.236074e-06 1857
2.157798e-06 6
2.426824e-04 6
1.486592e-04 5
5.935234e-05 18
1.622879e-04 3
1.755295e-04 1
1.468936e-05 2
6.998520e-05 1
9.258117e-05 293
3.186731e-05 1
1.030078e-06 7
5.589303e-05 20098
3.253047e-04 1
1.172785e-05 1
1.762549e-05 4
1.546777e-04 1
2.863297e-05 2
6.506872e-05 1
2.984771e-05 1
4.640340e-06 3
3.777935e-05 2
2.611467e-04 37260
3.181065e-04 1
2.693284e-06 37960
1.267082e-04 1
2.804786e-04 1
5.143916e-04 1
1.408687e-04 1
8.278186e-05 1
1.300861e-04 2
1.359823e-04 1
1.679332e-04 1
1.203692e-04 7
2.395563e-04 117
1.616548e-05 1
5.419969e-06 1
4.614361e-05 1
5.485260e-05 1
1.121320e-04 2
1.156054e-04 1962
3.267767e-05 1
1.946558e-05 358
1.369049e-04 3
1.322288e-04 1
7.507111e-05 32644
9.434054e-06 1
1.708359e-04 7
7.217436e-05 255
8.963545e-05 2
3.884003e-04 2
1.664388e-04 3
7.116608e-05 1
2.469756e-04 2
5.730724e-06 3
1.996326e-04 1
2.529171e-04 1
2.485819e-05 292
1.420361e-04 2
9.286319e-05 1
1.345037e-05 1
1.418143e-04 261
3.551917e-05 44
1.124941e-04 5
2.262707e-04 256
1.621067e-04 253
2.835805e-05 1
8.517846e-05 1
1.234046e-06 1
1.404982e-04 3
3.775563e-05 1
3.807171e-04 6
3.388812e-05 2
2.284447e-05 1
8.716521e-05 1
2.469489e-04 4
1.146281e-04 6
8.229831e-07 1
9.241563e-05 1
6.592985e-05 1
8.899433e-05 227
3.636956e-04 3
3.432108e-05 1
7.111415e-05 1
3.592863e-05 1
2.246023e-04 3
1.977311e-04 50680
2.391536e-04 1885
6.005346e-05 1
9.945929e-06 1
1.307981e-04 2
1.874934e-05 1
2.914118e-04 1
2.388960e-04 6
5.077339e-04 1
1.395716e-05 2
7.539872e-05 2
9.591107e-05 1
9.017562e-05 1
2.104380e-04 1
1.068216e-05 1
2.749028e-04 1
1.674256e-04 5
3.869241e-06 2
1.674071e-05 1
4.528038e-05 1
2.664464e-04 1
2.176225e-04 2
1.551036e-04 2
1.215637e-04 1
3.527959e-07 1
3.186610e-05 61
6.940797e-05 1
3.629159e-06 3
1.625928e-04 1
7.985146e-05 58
8.011230e-05 171
1.970509e-05 2
7.629050e-05 1
1.732618e-05 2
3.792385e-04 1
8.907386e-05 3
1.849415e-04 1
1.177008e-04 1
2.651634e-04 1
2.516306e-05 1
1.404088e-04 10
2.078582e-05 3
8.559172e-05 1
2.535717e-04 1
1.550550e-04 70
5.060109e-05 139
1.097139e-04 187
1.551789e-04 1
2.194717e-04 1
8.366644e-05 1
1.603301e-04 1
2.201790e-04 136
8.784877e-05 1
1.072039e-04 1
3.594575e-05 6
5.317639e-05 1
2.348422e-04 3
2.540872e-04 3
4.080268e-04 2
8.576529e-05 2
3.259885e-04 1
4.967040e-04 1
3.259473e-05 1
3.512447e-04 1
1.658203e-05 1
1.375751e-04 4
3.126093e-04 1
2.999150e-04 1
4.919042e-05 1
6.842793e-05 5
7.453970e-04 3
1.156505e-04 3
3.263523e-06 1
1.682771e-04 211
6.630244e-05 1
9.319938e-05 1
5.338241e-05 1
1.395328e-04 1
2.571843e-04 1
7.521248e-05 240
2.107941e-04 1
6.342977e-05 15579
6.813525e-05 1
1.153535e-05 1
1.030322e-04 590
6.263442e-06 11
5.274803e-05 804
6.698928e-05 5
8.226180e-05 3
4.211476e-06 1
3.203436e-04 1
3.060600e-05 3
8.323018e-05 1
6.981028e-05 1
1.250690e-04 60
2.237237e-04 1
1.256612e-05 2
3.120055e-05 1
1.128176e-05 3
2.310027e-06 1
1.008740e-04 140
1.458728e-04 3
2.321608e-05 1
2.973946e-06 3
2.811978e-05 3
1.379480e-05 1
5.687726e-05 1
8.181133e-05 1
1.621935e-04 1
1.207738e-04 1
1.172151e-04 1
3.711777e-04 1
3.303555e-04 1
9.111310e-05 1
1.141906e-04 5
1.796413e-04 110
1.734004e-05 60
3.431736e-04 1999
1.457795e-04 171
2.292725e-05 1
3.213611e-05 3
4.626453e-05 1
1.800461e-04 1
2.494233e-05 2
4.950166e-04 1
1.358927e-05 11565
2.336488e-05 1
4.562678e-06 1
2.374704e-04 1
1.544211e-04 1
1.899603e-04 79
2.102844e-04 3
4.933854e-05 1
2.271047e-05 1
3.050719e-04 3
2.047652e-04 3
2.754759e-05 1
6.313619e-05 1
5.233104e-05 50
1.155318e-04 8
3.170054e-05 1
2.974815e-05 1
2.185237e-04 55
1.349473e-04 1
9.543372e-05 1
3.638782e-04 1
1.848739e-04 1
1.309987e-04 1
8.803917e-05 1
4.542763e-05 28
5.802662e-06 532
5.642493e-05 1
1.078770e-04 64981
1.009108e-04 1
4.769622e-05 1
4.632269e-06 4
3.433492e-04 1
1.997658e-04 1
2.202052e-04 1
5.222280e-04 1
2.319701e-04 1
1.317864e-05 1
4.119964e-05 1
3.121453e-04 3
1.750287e-05 6
1.158736e-04 3
4.132805e-05 1
1.457016e-04 24882
1.847020e-04 1
2.935194e-04 2
1.709279e-04 1
1.616683e-04 41162
2.379262e-04 31418
4.551649e-05 1
1.017353e-04 1
2.681241e-04 3
1.135047e-04 1
1.146824e-04 1
7.749122e-06 653
1.659002e-04 1
1.483915e-05 11010
8.619599e-05 59
3.213408e-05 1
1.204797e-04 1
3.524734e-05 40247
5.400376e-06 1
4.927712e-05 1
1.013138e-04 1
2.933311e-04 2
3.714964e-04 3
2.872550e-04 1
1.288698e-04 1
3.842902e-04 6
5.610534e-05 1
8.191563e-05 146
3.671667e-05 1
7.603193e-05 1
2.894233e-04 6
9.394115e-05 3
3.152769e-04 1
2.436851e-04 1
4.748118e-04 3
1.293448e-06 1
1.117109e-04 1
2.721482e-04 1
1.873507e-04 2
3.163847e-04 144
1.155492e-04 1
1.195611e-04 1
1.386461e-04 3
5.592889e-05 1
1.062351e-04 1
1.043686e-04 1
3.881953e-05 1
9.833432e-06 96
6.096670e-05 2
1.353966e-05 1
9.489762e-05 182
1.495531e-04 1
3.319952e-04 1
7.431317e-05 1
3.584663e-05 154216
2.661853e-05 1
3.776722e-04 1
6.923567e-05 1
5.509531e-05 1
2.389877e-05 174
1.253906e-05 3
3.179987e-04 3
3.224059e-04 1
6.378964e-05 7
8.381181e-05 237
8.694772e-05 2
6.725437e-06 2
4.892009e-05 2
5.135768e-05 1
1.066535e-04 1
1.374010e-04 3
8.505559e-05 2
2.325748e-04 3
1.973659e-05 3
7.585662e-05 1
4.620329e-05 1
1.982788e-05 1481
4.309081e-05 43
2.211692e-04 1
1.263136e-04 2
1.593031e-06 1
3.066449e-04 2
5.183315e-05 1
1.358955e-05 1910
1.017174e-04 159
3.982434e-05 2
7.959810e-05 90
8.084013e-05 1
2.444405e-05 4
4.050709e-05 679
1.993810e-06 2
1.350609e-04 2
1.288938e-04 3
1.434715e-04 3
1.450803e-05 1
1.811617e-04 1
2.545787e-04 4
6.956878e-05 1
2.113463e-04 2
5.183261e-05 205
2.295420e-04 1
2.466490e-05 1
1.387232e-04 1
5.583263e-05 38882
1.429126e-04 1
2.336176e-04 1
3.571721e-05 216
1.524248e-05 1
1.454346e-04 2
3.676738e-05 2
9.970257e-05 95
1.388133e-04 1
1.043175e-04 1
1.465697e-04 1
6.591470e-05 2
1.084794e-04 1
7.045696e-05 106
3.590587e-04 2
2.897217e-04 1
3.849825e-05 2
1.571629e-05 1
1.700316e-04 1
2.507723e-05 89
2.175058e-04 1876
7.769600e-05 1
8.638661e-05 174
2.351302e-05 1
1.372791e-05 117
6.469863e-05 195
1.557704e-04 1
5.454763e-05 1
1.413843e-04 1
2.092392e-04 342
2.602549e-05 3
8.057098e-05 1
1.376452e-04 6
4.929528e-05 7
6.479883e-05 1694
2.543239e-04 1
1.631327e-04 1
4.797341e-04 1
2.081419e-04 1
1.827266e-04 1
3.805720e-05 4
7.787231e-05 3
2.482250e-05 2
1.105697e-04 1
1.009676e-04 3
1.214667e-04 1
9.224743e-05 1
1.086222e-04 1
6.722762e-05 126
9.359469e-06 1
2.357717e-04 1
8.777011e-05 5
3.287924e-05 1
5.312147e-05 1
1.308138e-04 1
1.009160e-05 1
3.453792e-05 7
4.252982e-05 2
1.118334e-04 251
4.665042e-05 1
1.011149e-04 137
2.347609e-04 77
9.873595e-05 5
1.756249e-04 1
3.174505e-05 2
1.732120e-05 2
2.990829e-05 1
2.258640e-04 1
6.301215e-05 17
2.363151e-04 1
1.798513e-05 1
4.500013e-05 2
2.295567e-04 2
1.294756e-05 2
4.831528e-05 1
6.845396e-05 2
4.564199e-06 85
3.866275e-06 1
1.466123e-04 1
4.867463e-05 1
1.047159e-04 1
1.408482e-04 2
2.032193e-04 51539
3.176907e-04 229
1.709614e-05 212
7.489695e-05 128
3.402601e-05 1
5.082147e-05 3
1.821880e-05 354
7.386927e-05 1
1.230080e-04 196
1.978825e-04 2
1.779252e-05 1
1.811088e-04 1
1.227742e-04 492815
3.354936e-05 7285
3.591472e-04 3
9.049155e-06 1
1.397303e-04 45
1.920248e-04 1
5.347810e-05 1
3.173110e-05 1930
1.413507e-04 1
9.740822e-06 1
3.910546e-06 1
1.121392e-05 3
5.017056e-05 6
8.921714e-05 1
1.496839e-04 1
2.647932e-04 6
5.969625e-05 7
7.593623e-05 25
3.485368e-05 87
1.977707e-06 1
5.332760e-04 1
9.167126e-05 1695
2.295835e-05 1
1.557733e-04 1
7.813231e-05 1
1.094000e-05 6
9.058902e-05 119
5.847741e-05 1
7.013084e-04 3
1.387655e-05 2
5.640718e-05 1
3.520165e-04 1
7.979163e-05 1
6.486045e-05 2
1.278880e-04 1
3.721273e-05 1179
1.144777e-04 1
1.034372e-04 1351
7.782852e-05 1
2.959825e-04 215978
5.967092e-05 4
2.771357e-04 6
2.823754e-05 1
1.195747e-04 1
2.946966e-05 1
7.940108e-05 1
2.635325e-04 1
5.264809e-06 1
2.329739e-04 1
2.197235e-04 1
1.607510e-05 1
2.885249e-04 1
3.060705e-05 27040
1.060809e-04 1
5.708217e-05 27
1.104145e-04 1
9.309050e-05 205
9.051124e-06 2
3.384886e-05 1
2.909826e-05 1
7.058963e-05 2
8.939853e-06 1
9.953500e-07 29844
1.864669e-05 2
2.546582e-05 1
5.515282e-05 1
1.556995e-04 1
1.834277e-05 3
1.849229e-04 1
2.468342e-04 1
1.344608e-04 3
7.290703e-05 1
4.254960e-04 2
9.876310e-05 2723
4.461836e-06 3
3.454605e-05 1
1.786621e-05 1
1.790678e-04 1
5.348119e-05 1
2.906521e-05 7
8.330507e-06 1
6.678156e-04 14
2.235231e-05 2
1.036314e-04 1
1.326834e-04 3
4.084119e-05 1
1.759144e-04 1
5.212846e-06 169801
1.647185e-05 1
3.878668e-04 216
1.497932e-04 51
1.002279e-05 179
2.925426e-04 3
9.370536e-05 1
1.558396e-05 1
2.758346e-05 5
1.529921e-04 1
3.208737e-04 3
3.641038e-05 2
4.479693e-04 1
3.223266e-04 3
4.604261e-06 1
2.142085e-05 1
1.496071e-05 1
8.842685e-06 1
7.332786e-05 2
1.978749e-04 95
1.932464e-04 2
2.753364e-04 1
2.643862e-05 649332
2.931213e-05 25876
4.580528e-05 1742
1.081386e-06 1
1.573264e-06 18
2.018644e-04 1
9.408617e-05 3
5.402312e-05 3
2.082615e-05 1
3.847591e-05 412
5.691538e-05 1
1.404532e-05 1
1.098056e-05 2
1.406858e-05 2
6.823466e-05 1
1.951818e-05 1
3.009186e-05 1
5.306065e-05 1
3.285462e-04 1
3.500522e-05 1
2.280420e-05 1
2.357460e-05 48929
1.745760e-04 1
2.913488e-05 3
2.829096e-05 4
4.897552e-05 22
6.131288e-05 2070
4.570382e-04 1
4.772275e-04 1
2.448681e-04 1595
1.177891e-04 1
3.305740e-05 1
8.595992e-05 1
4.160728e-04 1
1.287956e-04 1
1.425749e-04 447811
5.936857e-05 2
2.580155e-05 1
8.754842e-06 1
2.284566e-06 116
1.090638e-05 5
1.192113e-05 6
2.312352e-06 1
2.099463e-04 1949
3.003491e-04 1
1.020076e-04 2
9.332480e-05 1
3.476749e-05 3
9.789505e-05 1
5.183775e-04 1
2.415035e-05 1
1.163743e-04 2
3.072740e-05 1
1.176912e-04 1
2.428164e-04 3
5.800874e-05 1
4.760764e-04 7
9.328309e-05 574253
8.668076e-06 1
3.407741e-05 1
1.360651e-05 1
8.178122e-05 1
6.376605e-05 3
1.136421e-05 1
4.572293e-05 169
1.278965e-04 6
4.301518e-05 15
4.716039e-06 4
1.833981e-05 1
5.473397e-04 1524
1.331390e-04 1
2.319858e-05 2
4.040249e-04 1
1.557364e-05 2
4.976604e-05 1
2.485473e-04 1
1.802142e-04 252
7.513808e-05 1
4.864682e-05 3
8.993020e-05 69
4.496793e-05 1
2.917488e-05 1
1.320719e-04 6
1.938263e-05 4
1.482865e-05 4
4.522605e-06 1
5.422936e-05 1
7.511897e-05 1
2.625137e-04 2023
2.394878e-05 1
2.314217e-04 1
8.758438e-05 1
5.655640e-05 1
6.052998e-05 7
4.264633e-05 1
6.566286e-05 1
6.975092e-05 1
2.118915e-04 27
4.527869e-06 1
1.071078e-04 1
1.492456e-04 2
6.718443e-05 127
1.229401e-04 3
4.961882e-05 1
8.321323e-05 1
4.865277e-05 1
4.123289e-04 1
9.762974e-06 2
4.612760e-05 190
1.044695e-05 1
1.942742e-04 2
1.842892e-04 1
3.109440e-05 1
2.700491e-05 3
1.169720e-04 1
4.571920e-06 1812
1.136565e-04 3
1.751248e-04 3
7.860866e-05 221
1.518321e-05 1
1.269955e-04 1
2.928237e-04 2
1.390681e-04 1
1.266980e-05 1
1.679867e-04 1
2.264448e-04 1
1.690349e-04 1
4.090126e-05 84
8.402772e-05 117
1.485441e-04 1
6.629268e-05 1
1.329036e-05 1
4.335878e-06 266
7.620060e-05 3
1.393223e-05 1
1.153354e-05 142
4.660461e-04 1
1.885307e-04 1
5.038906e-05 61397
6.287097e-05 1
1.980478e-05 1
6.910144e-05 1
1.443528e-04 1
1.057922e-05 1
3.428216e-04 1
1.028365e-04 3
1.091680e-04 1
1.295314e-04 1284
7.371644e-05 8615
8.082559e-07 3
1.225414e-04 1
5.810396e-04 1
4.139545e-05 2
7.134104e-04 1
4.354671e-06 178
1.474759e-05 2
1.797376e-05 6
2.424536e-04 136
7.687630e-05 1
2.460559e-05 2
1.168822e-04 1
1.214957e-04 1
7.000922e-05 1
2.845040e-06 1
4.598390e-06 3
2.843463e-04 3
5.562301e-06 3
2.392946e-04 3
6.913721e-06 2
1.088755e-05 1
1.910694e-04 1
5.804623e-05 1
3.649772e-04 1
1.418652e-07 1
2.925215e-05 116
1.920100e-04 1
5.735817e-04 1
9.098402e-05 2
9.235647e-05 1
8.254856e-05 2
2.108391e-04 3
3.220097e-04 19431
4.136059e-05 1
2.040256e-04 93
2.142445e-05 2
1.614921e-04 1
1.263933e-04 1
1.758843e-07 1
9.431896e-05 1
3.908143e-05 5
1.164686e-04 26497
1.989505e-04 645
8.640960e-06 3
1.145210e-04 1
3.231027e-04 1
1.107314e-04 7
4.590289e-05 3
1.056793e-04 1
1.376449e-05 1850
2.378489e-05 628
8.070306e-05 1
1.259312e-04 2
3.006153e-04 1457
4.253056e-05 1
3.483485e-04 1
1.135725e-05 146
1.117177e-05 3
9.936479e-05 3
3.907151e-05 2
2.334011e-04 1
2.790882e-04 1
4.623064e-04 1
7.408982e-05 140
2.786051e-04 1
1.176991e-04 54980
7.335345e-06 72
1.540391e-04 393903
2.025855e-04 1
2.184842e-05 54832
1.191524e-04 1
8.292143e-06 1
8.055223e-05 2
2.100854e-04 1
9.855790e-05 3
1.479892e-05 3
3.495396e-04 3
4.993677e-05 2
5.359683e-05 3
6.859091e-05 2
7.486711e-05 1
2.002033e-04 1
5.907093e-05 1
3.835309e-04 1
1.672327e-04 1
1.230081e-04 1
3.840135e-05 1
2.888494e-04 1427
3.193808e-06 150
2.509087e-04 136
7.316943e-05 212
1.389963e-04 2
7.549491e-05 4
1.837955e-04 1
7.373135e-06 16790
3.369141e-05 59884
2.958610e-04 245
6.864424e-05 2
3.283258e-05 1
3.422427e-06 1
1.035064e-04 2
7.238797e-05 2
5.802173e-05 1
1.168642e-04 228
9.820964e-05 1
7.565530e-05 1
1.548232e-05 37747
7.450153e-05 19639
3.000509e-05 1
5.447049e-05 2
5.659276e-05 1
8.954546e-07 1
1.156810e-04 3
2.553044e-04 1
3.610154e-04 1
1.208883e-05 1
4.872975e-04 44412
1.059608e-04 7
2.231419e-04 7
2.238766e-05 1
2.672762e-04 1
5.439951e-05 1
1.076857e-04 2
2.251611e-04 1
2.832492e-04 1
1.065099e-04 193
4.760240e-05 56274
1.684249e-04 1
1.208270e-04 1
8.114849e-06 3
3.405492e-05 1
2.406290e-04 61535
3.116970e-05 1
1.399549e-04 6
3.134584e-04 208
8.876649e-06 1
6.702176e-05 1
9.649315e-05 3
8.783305e-05 1
5.929699e-06 1
3.638991e-05 1
2.498793e-05 2
4.830939e-06 107
3.638036e-04 1
1.623188e-04 7
2.631696e-04 6
4.216449e-05 2
2.369385e-05 1
1.983834e-05 1
7.006439e-06 1
2.000358e-05 4
1.179228e-05 1
1.254399e-04 25969
6.890017e-05 129
7.503016e-05 1
1.460086e-04 1
4.233348e-05 1
2.340318e-05 169601
5.248883e-05 4
1.061787e-04 1
1.156814e-04 1124
1.247220e-04 1
2.700300e-04 1
1.771790e-05 2
1.446089e-04 3
8.492099e-06 2
6.100015e-05 2
4.057708e-05 32
1.492558e-04 7445
1.570851e-05 70
8.528970e-05 1
5.037245e-07 3
1.175122e-04 2
1.147031e-04 2
8.605624e-06 3
3.021730e-04 2
1.841132e-04 54
1.993477e-04 1
9.652964e-05 192
3.348488e-05 7
3.295186e-06 632
2.537298e-04 1
1.235042e-04 221
1.106523e-04 2
1.934129e-05 1
3.373111e-05 41251
5.853001e-05 1
4.704015e-05 1
3.162406e-05 7
1.871440e-04 4
2.150603e-04 246
2.343586e-05 153006
2.290638e-04 70
2.807763e-04 3
8.402393e-05 1
1.889888e-04 85
1.459393e-04 1
4.277350e-04 1
7.447698e-05 1
3.551850e-04 22
3.671370e-05 493
7.547173e-06 1
2.709720e-04 1
3.209442e-05 1
4.508549e-04 1
3.761149e-04 229
2.299485e-05 1
1.543441e-05 1
3.840495e-05 162
1.133020e-05 1
9.564443e-05 7
1.202725e-04 1
5.027010e-05 1
1.460198e-04 1
1.442505e-05 1
3.637689e-04 1
1.410178e-04 1
3.118577e-06 285
9.593085e-05 1
1.631227e-04 1
1.674524e-04 1
2.878523e-05 1
2.108971e-04 2
2.298664e-04 1
6.212465e-05 4
9.415982e-05 3
1.554760e-04 2
3.213199e-04 2
1.815639e-05 3
1.126598e-04 2
1.839448e-04 55
8.551598e-05 214
4.579092e-04 2049
2.364000e-05 1
3.000603e-05 1
1.513557e-04 1
1.950435e-04 934
5.761349e-05 6
1.839290e-04 1
1.787681e-04 1
2.737978e-04 3
2.015641e-04 7
6.366019e-05 65
5.958886e-05 131
1.462423e-04 1
8.697276e-06 1
1.954204e-07 1
1.211553e-04 1
3.616260e-04 3
3.247147e-04 1
5.182992e-06 759
6.066746e-05 2
1.380553e-04 1869
8.672182e-05 1
4.699830e-05 63123
4.351665e-05 6
1.313375e-04 1
3.498560e-04 5
4.774224e-04 1
1.350277e-04 144
8.269285e-05 3
1.744204e-04 1
2.500957e-05 1485
2.226057e-04 1
6.528677e-06 238
1.572473e-04 1
1.667221e-04 4
1.771100e-04 1
3.527874e-04 171
4.493912e-05 729
2.276734e-04 4
1.353064e-04 6
1.008963e-04 1
3.885998e-05 36
9.441358e-06 2
1.832931e-04 3
4.120051e-05 1
8.458352e-05 59285
9.950563e-05 1
1.407247e-04 1963
1.344929e-04 2
1.900973e-05 1
7.469626e-06 1
1.817156e-04 1
2.434318e-04 1
8.755734e-05 2
1.251125e-04 1
1.470283e-04 1
3.665211e-04 1
9.514497e-05 1
8.192297e-06 254
3.670298e-04 1
1.275333e-04 31871
2.245401e-04 1
9.133474e-05 22
1.413315e-04 1
4.715722e-06 1
2.055649e-06 92
1.024410e-04 1
6.326689e-05 3
4.597651e-04 1
4.516974e-05 1
6.612598e-05 1
2.523679e-04 1
4.270857e-07 1
2.790239e-05 1
1.541510e-04 1
1.435488e-04 1
6.099242e-05 2
2.339213e-04 1
5.243233e-05 1
4.733176e-05 1
7.422969e-05 1
2.221151e-04 1
2.802582e-05 1
1.373355e-04 3
8.914507e-05 79
3.083595e-04 1
3.482595e-04 1
9.257370e-05 5
2.553032e-04 5
1.029253e-04 2
1.239760e-06 2
2.413977e-04 1
1.587144e-04 1
2.207886e-04 3
4.368728e-05 2
7.395660e-05 6
3.538730e-05 1
3.561615e-05 53771
1.238314e-04 5
2.043207e-04 2
2.437750e-04 3
2.847712e-05 3
3.903276e-04 1
1.361150e-04 1
1.572634e-04 4
1.516085e-04 2
1.807272e-05 1
1.093215e-04 4
4.106944e-05 1
1.282654e-04 1
6.917306e-05 1
1.570650e-06 2
1.058407e-04 1
9.190688e-05 1
1.789921e-05 1
1.249686e-04 1
2.030796e-05 4
2.908189e-04 493453
3.473281e-04 1
1.456206e-04 84
6.742325e-05 1114
1.816749e-04 3
1.464748e-04 77
4.766370e-05 133
1.654607e-04 560
1.791430e-04 1
1.235997e-04 1
3.965019e-05 2
3.422961e-05 6
1.660804e-04 1
1.681092e-04 1
9.463748e-05 1
5.111452e-05 1
5.779564e-05 73
1.037892e-04 4
6.326021e-05 7
2.274452e-04 3
2.425336e-04 1
2.245259e-05 1
6.279505e-05 1
9.361288e-05 169
3.576965e-05 1
1.098326e-04 1
1.859014e-04 1
8.804904e-05 3
2.463608e-06 1
3.396378e-04 6
5.304719e-04 6
7.148605e-05 4
8.384220e-05 120
8.649348e-04 1
2.843654e-04 7
1.460882e-04 1
2.698638e-04 1
1.989789e-04 1
3.266534e-04 140478
5.125497e-05 4
1.540454e-04 1
6.861335e-05 1
1.695125e-04 1
2.575685e-04 1
7.172677e-06 1
1.222808e-04 1
2.810166e-05 23773
1.277446e-04 1
1.844923e-04 6
4.607348e-04 4
3.027346e-04 7
3.361916e-05 3
2.273685e-04 5
4.880524e-05 4
1.190263e-05 4
4.905024e-04 201
2.381592e-04 1
4.306622e-04 61
4.617573e-05 1
7.822945e-05 2
9.447037e-05 2
9.864158e-05 2
1.186649e-04 48937
1.109449e-04 1
2.951968e-04 3
1.943131e-05 2
2.127405e-04 1
1.996757e-04 1
2.107478e-04 6
5.234765e-06 1
1.498107e-04 1
6.231284e-06 1
5.091226e-05 4
6.607361e-05 56
8.035966e-06 3
6.868622e-05 1
1.699303e-04 4
7.005648e-05 1
1.140960e-04 1
5.103849e-05 1
1.264831e-04 2
1.041910e-04 1
4.931949e-05 1
2.974362e-05 1
5.547013e-04 3
2.538726e-04 1
4.533734e-05 30
8.174647e-05 3
1.510338e-05 4
3.693090e-05 1
1.138524e-04 230
4.299433e-05 1
1.468839e-04 1
7.180128e-05 1
1.483887e-04 7
1.743818e-04 1
2.668357e-04 3
2.483180e-04 1
2.211374e-05 1
2.095917e-04 1
3.664236e-05 1
6.488353e-05 1
1.649580e-04 2
2.532826e-05 1
2.537846e-06 2
2.392717e-04 2
8.446121e-06 1
4.629443e-05 100
1.249084e-04 65386
1.086250e-04 1
1.874200e-04 3
1.569144e-04 1
1.012604e-04 2
3.780485e-05 3
9.011448e-05 1
9.457778e-05 1
5.285493e-05 1
1.445241e-04 1
4.819314e-05 2
4.252454e-06 3
4.668131e-05 1
1.206382e-04 1
1.312514e-04 6
2.127455e-04 2
1.542255e-05 1
1.889498e-04 1817
1.314968e-04 4
3.589974e-05 1
1.197350e-04 508751
2.458910e-04 2
2.760282e-05 30436
5.998523e-04 487428
1.247457e-05 89
1.912312e-04 2
1.440601e-04 1
5.759205e-06 1
1.223675e-04 1
8.524488e-05 1
1.229971e-04 40519
6.444113e-05 1
1.401894e-05 1
1.376617e-04 1
1.681796e-05 102
1.498064e-04 2
5.781126e-06 24
3.409135e-04 1
5.646896e-05 154
2.551387e-04 1
2.006307e-04 1
5.058066e-05 1
6.233784e-05 1009
4.507163e-05 48931
1.905511e-04 251
3.210661e-04 1
3.403313e-04 1
1.159856e-04 3
9.766276e-05 1
6.072230e-05 6438
1.582196e-05 1
7.553162e-06 1
5.978485e-06 1
5.822635e-05 1
4.069204e-05 1
3.408982e-05 1
5.539343e-05 1
1.457413e-04 1
6.754118e-05 1088
9.805247e-05 1
6.818657e-05 3
3.129968e-04 30098
3.524641e-05 1
7.575004e-05 1
3.457802e-06 1
1.436184e-05 1
1.173957e-04 223
1.482644e-04 34
1.298693e-04 1
2.263599e-04 1
7.507934e-05 1
1.263931e-04 6
3.965683e-05 1
3.222400e-04 3
1.944546e-04 25106
4.151919e-04 3
3.447423e-05 3
1.711999e-04 1
8.595941e-05 1
5.912602e-06 1
2.009390e-05 1
1.328864e-05 4
5.388018e-05 227
5.990463e-06 3
5.314103e-05 1
9.844480e-05 1
2.953782e-04 1
2.049439e-04 7
1.313456e-06 200
1.530571e-04 7511
2.057470e-04 43847
1.709597e-04 7
3.617403e-06 1
2.107202e-05 1
2.620660e-04 4
1.543398e-04 6
3.719350e-05 1
2.236644e-05 6
2.487251e-06 2
2.274990e-05 1
4.340260e-04 1
1.440913e-04 1
1.685961e-04 7
5.353177e-05 1
4.218481e-05 1
5.435622e-05 1
9.339603e-05 1
3.024589e-04 43618
5.522606e-05 1
2.105950e-04 1906
4.233722e-04 3
4.902607e-04 1
2.229840e-04 716
2.190263e-04 1
1.033200e-04 1783
2.590840e-04 1
3.331042e-05 206
9.350905e-05 957
1.848613e-05 1
1.910091e-04 1
3.876244e-05 3
1.967800e-04 2
3.918301e-04 1
2.431134e-05 1
3.075463e-04 3
2.121377e-05 3
1.022660e-04 1
1.191030e-04 1
1.691660e-05 1
1.607296e-05 90
8.649307e-05 1
4.802722e-05 156
5.030600e-05 1
3.489614e-04 1
2.015476e-04 3
4.408172e-05 1
1.204938e-04 1
1.063127e-04 1
6.470301e-05 1
9.823429e-06 1
2.427999e-05 1
1.424709e-05 1
6.577389e-05 1
1.983123e-05 4
3.538031e-05 1
7.586533e-05 6
2.300442e-04 8
4.059874e-05 207
1.197516e-04 7
5.309715e-05 49939
2.384669e-04 63
1.234751e-05 5
1.061586e-05 1
2.723762e-04 2
2.202649e-04 6
2.258143e-04 1
4.149951e-04 1
4.284011e-04 1
3.042033e-05 1
2.120832e-05 1
3.102497e-04 3
2.053394e-04 1
4.745815e-05 1
2.463207e-04 1
2.276128e-04 193
1.133346e-05 1
1.484603e-04 1
8.177014e-06 1
4.938986e-05 3
6.714426e-05 1
6.865298e-05 1
3.088139e-04 1
1.792725e-04 4
1.077191e-05 1
1.863790e-05 1
2.110126e-04 1
4.175074e-04 1
2.075387e-06 1917
1.906595e-04 1
3.447988e-04 2
1.404604e-04 1
1.086469e-07 6
5.444723e-05 1
5.183933e-04 1
1.013691e-04 2
6.167117e-05 1
3.077296e-04 2
1.412988e-04 10933
2.583162e-04 1
2.476956e-06 2
7.949930e-05 1
2.390624e-05 1
1.007276e-04 1
4.422346e-05 1
2.244746e-05 3
3.780677e-05 1
1.677899e-04 1
1.606775e-04 2
1.247117e-05 1
4.663535e-07 1
1.505245e-04 1
5.213260e-05 2
2.718506e-05 814
6.123616e-05 1
3.447037e-05 3
6.062678e-05 3
4.964394e-05 1
4.823712e-05 2
5.064226e-05 1
1.221252e-04 1
5.538961e-05 25427
7.317834e-05 1
1.587702e-05 1
1.928118e-04 1
9.969537e-05 6
1.393496e-04 2
4.270242e-05 7
8.069822e-05 1
2.182657e-04 1
3.031598e-04 1
1.655854e-04 6245
5.454564e-05 4
2.612807e-04 1
2.960751e-06 214
4.087183e-06 173668
1.966031e-04 1
3.240281e-05 1
7.013380e-05 1
8.601381e-05 3
1.380159e-04 1
1.730674e-04 1
2.899043e-04 1805
1.491921e-04 1
7.680527e-05 6
2.314550e-05 302106
4.642001e-05 1
6.420432e-05 1
8.347851e-05 1
5.631393e-05 1
2.019430e-04 1
1.450646e-04 7
2.401705e-04 1
2.321242e-04 3
1.857666e-04 5
1.066457e-04 1
6.916806e-05 1
9.031634e-05 3
1.428899e-04 2
1.163431e-04 3
9.215233e-05 7
1.526330e-04 1
7.782019e-05 1
8.316947e-05 1
2.858217e-05 35524
1.207641e-04 248
1.655208e-05 1
3.816802e-05 3
1.288153e-04 1
2.045702e-04 1
3.799440e-05 1
3.811879e-06 19630
4.617148e-04 1
1.365021e-04 102
1.835874e-05 1
4.818183e-05 1
8.614986e-06 1
1.512140e-04 70
4.521665e-05 3
3.317918e-05 3
2.419250e-04 1
3.927476e-05 2
1.359104e-04 7
6.894183e-06 2
1.184916e-04 6
2.810249e-05 1
1.659696e-05 1
5.679671e-05 1
1.682556e-05 1
2.951019e-04 2
2.851958e-05 1
8.575914e-05 1
2.464546e-05 1
3.058258e-04 1
4.933189e-04 24605
1.309398e-04 1
1.381783e-04 3
1.785891e-05 1
8.159920e-05 1
7.702510e-05 1
3.246265e-05 1
1.452947e-04 3
2.917503e-05 1
3.558751e-05 1
6.315158e-05 132
1.820679e-04 1
2.032760e-05 2
2.003939e-04 5
1.442405e-04 6
5.649133e-04 1
1.513871e-04 1
1.391651e-04 1
5.995840e-05 2
6.382581e-05 1
3.387381e-04 1
5.757041e-04 5
6.491329e-05 55380
4.988675e-05 1
1.646923e-05 1
2.403089e-04 5
6.771223e-05 10185
4.461074e-05 4
5.941118e-05 1
4.587855e-05 3
3.682310e-05 7
2.233690e-05 1
9.701165e-05 1
5.134170e-06 1
8.163693e-05 1
5.060040e-05 512
7.698907e-05 215
2.485584e-04 1
3.721447e-06 1
3.405110e-05 1
3.937845e-05 1
9.547738e-05 9146
1.261647e-04 3
9.765435e-06 1
7.168749e-05 1
8.408369e-05 1
4.051052e-05 1
7.838477e-05 253
1.492269e-04 1
6.825758e-05 3
1.175999e-05 194
9.443589e-05 4
8.678498e-05 1
1.708255e-04 1
8.502363e-05 1
9.165388e-05 1
2.269343e-04 485
5.558433e-06 1
4.339984e-04 234
4.902569e-05 2
2.080845e-04 833
1.802217e-04 1
1.989690e-04 3
2.614698e-05 1
6.957827e-06 1
3.514001e-05 3
1.287293e-04 3
4.543685e-05 1
7.664743e-06 683
1.654221e-04 1
3.184262e-06 1
4.458432e-05 1
2.221195e-05 1
1.305175e-04 1
1.607371e-04 1
7.046227e-05 371526
6.621774e-05 1
1.842235e-04 2
8.506321e-05 1
1.370599e-05 1
4.135408e-04 1
7.383517e-05 5
1.415762e-04 27640
9.454508e-05 4
2.680594e-05 2
6.095041e-06 1
1.381817e-05 1
1.096025e-04 1
2.652237e-04 1
5.714083e-05 3
6.320622e-05 1
7.289932e-04 1
2.963745e-05 1
2.142144e-04 1
2.900427e-04 2
1.830176e-04 3
2.564445e-06 3
3.988672e-05 1
5.342172e-05 1
1.995009e-04 1
8.799538e-05 1
7.770927e-04 2
4.475471e-05 2
2.254275e-06 1
1.679528e-04 736
4.336260e-04 1
2.918925e-06 1
1.225919e-05 211
3.949520e-04 1
2.817468e-04 3
1.744428e-04 1
1.752239e-04 39758
2.729425e-04 1
9.176421e-05 1
1.220813e-04 1
2.290850e-05 4
2.761749e-05 1
2.101532e-04 1
7.745383e-05 2
6.324300e-05 3
7.209633e-05 1
7.241551e-05 1
3.976276e-05 1
1.001850e-04 1
2.553644e-04 1
3.593196e-05 6
1.528816e-04 1
1.121631e-05 1
1.623474e-04 1
1.595845e-04 6
1.483653e-04 1
3.683158e-05 3
8.283730e-05 850
5.462101e-05 1
1.659731e-05 2
1.195531e-04 550474
2.801609e-04 3
1.858861e-04 4
4.452588e-05 1
9.427774e-06 7
4.330729e-05 1
4.679953e-05 6
6.992364e-05 1
4.869800e-04 2
8.433009e-07 1
1.919215e-05 1
9.432041e-05 1
5.091247e-05 1
2.422290e-04 1
2.386927e-04 3
1.576104e-04 1
3.335247e-05 264
2.026212e-06 1
2.062779e-05 1
1.572193e-04 1
7.760996e-05 2
3.113013e-05 1
1.861436e-05 1
3.791208e-05 143
4.266666e-05 1
4.247887e-07 6
1.116104e-04 1
7.033028e-05 3
1.710342e-04 1
1.141055e-05 1
1.408726e-04 1
2.428978e-04 1
2.563442e-05 1
6.020970e-05 1
9.233841e-05 7
2.779651e-07 492940
2.995182e-05 1
1.320095e-04 1
2.585733e-04 170
2.080215e-04 1
2.726307e-06 1
1.575612e-05 1
9.000423e-05 1
1.793841e-04 1
8.661131e-04 3
8.024224e-05 1
1.630480e-04 245068
2.775051e-05 5
2.776844e-04 44267
8.221733e-05 1
1.258737e-05 1
9.820430e-06 1
1.142698e-04 1
1.206370e-04 1
1.392517e-04 2
2.256220e-04 259
3.050907e-04 1
1.633075e-04 1
1.691512e-04 3
1.224051e-04 3
2.793593e-05 2
6.834777e-05 2
1.941368e-05 1
1.749637e-05 3
1.748419e-06 2
6.996432e-05 25121
6.760600e-05 1
2.105313e-04 1
2.334647e-04 3
2.490954e-04 1
3.203872e-04 1
2.629322e-05 1
1.054417e-04 1
9.859751e-05 1
6.294172e-06 127
1.524337e-04 1
3.763570e-05 6
3.978133e-04 9914
3.044870e-04 1
2.254150e-04 1
5.495977e-05 1
3.508865e-05 258
2.715680e-06 1
7.674501e-05 35836
5.065356e-05 58481
3.894569e-05 1
2.170305e-04 1
1.994753e-05 234
1.338915e-04 6
7.646087e-05 1
4.922890e-05 1
9.651203e-06 1
1.118901e-05 2
3.639021e-05 3
2.139588e-05 1
5.569415e-05 6
6.042838e-05 7
1.089816e-04 57479
4.788660e-05 1
3.830296e-05 3
5.815937e-05 6
7.309350e-05 125
1.033432e-04 3
6.760514e-05 3
1.153701e-04 756
7.762800e-05 1
2.577571e-05 1
3.725277e-05 1
6.520619e-05 1
3.024607e-04 4
2.593244e-04 5
4.203235e-05 180
7.385420e-06 1
8.406014e-05 1
2.877252e-04 1
1.872804e-04 2
1.455624e-05 2
1.340982e-04 2
4.122297e-04 105
1.906768e-05 39890
8.234314e-05 3
3.122520e-04 1
1.211535e-04 1
9.270602e-05 1
2.115189e-04 2
1.542997e-04 192
2.611544e-05 1
1.011751e-04 1
6.092456e-05 109
2.794569e-04 256
1.575966e-04 1
1.446696e-03 2
5.501652e-05 1
1.748475e-04 2
1.186663e-04 1521
1.745636e-04 3
1.750196e-04 1
1.577996e-04 1
3.443941e-04 1
3.077622e-04 7
2.481142e-04 2
2.283472e-04 4
1.557960e-04 1
7.995034e-05 202
2.416305e-05 1
6.447537e-05 1
3.296154e-05 1
6.737209e-06 7
2.835468e-04 1
1.163884e-04 6
1.209268e-04 1
3.492669e-05 3
1.407794e-05 1
1.480455e-04 1950
2.464277e-05 2
4.427440e-05 1
1.334402e-04 158
1.722254e-04 1581
1.673087e-04 1
4.486405e-05 2
5.698554e-05 1
2.862336e-05 1
1.294046e-04 1
1.115873e-04 1
2.704413e-05 1
1.208764e-04 2
2.254188e-05 175
4.965056e-06 2
1.676528e-04 1
1.668051e-04 1
5.092978e-05 1
1.986050e-04 1
3.843312e-05 2
1.930649e-04 3
1.876484e-04 267
4.987974e-04 1
5.900666e-04 1
3.528398e-05 486
1.947185e-04 7
5.669700e-04 6
1.016065e-04 1
7.537677e-05 4
4.277255e-05 19
5.429099e-04 3
6.899925e-05 1
7.448519e-05 6
6.011793e-04 1
4.670212e-05 1
1.507425e-04 1
1.560433e-04 1
2.707513e-04 2
4.432995e-05 7
5.985557e-06 1
1.913556e-04 1
3.423802e-05 1
1.551359e-04 2
4.043963e-06 69
2.455799e-05 3
7.875155e-05 4
4.956435e-05 1
5.262677e-06 5
9.690965e-05 1
3.658480e-05 1
4.592279e-05 2
3.299555e-04 1
3.884160e-04 1
2.180398e-05 1
4.665815e-05 1
1.020052e-05 6
1.582549e-04 1
7.422796e-04 1
4.795891e-06 4
4.927547e-05 4
1.797516e-04 1
3.314040e-04 1441
8.041231e-05 4
1.372250e-04 7
3.913522e-05 1
4.863781e-06 1
1.220845e-04 1
8.574918e-05 1
1.173514e-05 1
5.025943e-05 1
3.741670e-04 6
3.484995e-05 1
4.094289e-05 4
4.174397e-05 2
1.762310e-05 550
5.419670e-05 2
6.877721e-05 131
1.713317e-04 1
2.553022e-04 34
4.329559e-05 6
2.761693e-04 177
5.191218e-05 5
1.747523e-04 3
3.133950e-05 1
3.267755e-04 6
6.105667e-05 1
6.871929e-05 191
1.025240e-04 3
4.481403e-05 2
2.636971e-04 1
7.454934e-05 1
1.124021e-04 1
1.540652e-04 7
8.868679e-05 1
7.304782e-05 5
2.675943e-04 260
1.214683e-04 1
2.927946e-05 1
1.988369e-04 3
5.742646e-05 1
1.784339e-05 1
7.849045e-05 77
3.340950e-05 1
7.525276e-04 1
7.526198e-05 64
2.921138e-04 1
8.301246e-05 18004
1.216055e-05 748
3.476642e-06 1
3.821949e-04 1
7.210732e-05 3
1.679288e-04 1
1.928347e-04 2
9.045593e-05 1
1.985663e-04 3
8.408463e-05 233
2.285185e-04 1
1.050878e-04 62
2.335063e-05 1
2.068716e-04 3
3.771706e-05 59
7.258385e-05 2
2.677337e-05 1
6.223190e-05 1
4.994850e-05 1
1.479006e-05 1
1.682569e-04 1
1.076745e-04 1
6.363669e-06 1
6.774399e-05 1
1.312756e-04 1
1.321534e-06 2
2.490031e-04 3
1.179540e-04 1
6.702927e-05 5
3.963027e-05 5
4.953939e-05 1
4.307586e-04 1
1.840309e-04 1
1.073155e-04 1148
9.386698e-05 1
2.120717e-05 1
1.377495e-04 2
3.282158e-04 1
3.808670e-04 165
1.469402e-04 5
3.811867e-05 139
7.371624e-05 1
3.727897e-04 1
1.256923e-04 1
4.307171e-05 1
6.187851e-05 7
4.849490e-04 1
3.960366e-05 1
2.930308e-05 1
1.991402e-04 652873
1.727577e-04 1
2.546733e-04 1
8.715571e-05 1
1.133152e-04 1
3.642947e-06 255
7.810911e-05 1
9.083096e-05 1
3.151410e-05 1
6.144192e-05 1
2.562815e-05 2
3.957183e-04 1
1.068725e-04 3
2.155607e-04 33600
2.550371e-04 2
2.160405e-05 1
1.502858e-06 3249
1.278101e-04 1
1.761328e-05 6
8.713777e-06 66
3.114094e-05 2
2.578652e-05 1
8.164540e-05 1
3.658638e-04 2
4.390243e-05 8094
1.797621e-05 1
1.262551e-06 3
6.126674e-05 2
1.781119e-04 236
3.707784e-05 2
1.401181e-04 2
1.784845e-04 1
3.902278e-04 1
7.084887e-05 1
1.219313e-04 119
1.382092e-04 1
1.688077e-04 3
2.120369e-04 61660
9.093190e-05 2
3.322428e-05 5
6.424064e-05 3
1.203537e-04 456
5.125360e-05 1
3.828694e-06 4
9.147436e-05 4
4.079958e-04 1
5.462410e-05 1
1.466821e-04 1
2.239831e-04 3
3.164799e-04 1
1.667554e-05 18
5.796164e-06 1
2.868801e-04 3
1.080765e-04 58
1.020450e-04 3
4.097290e-05 1
1.570776e-04 2
1.492422e-06 137
3.587548e-04 4
3.004245e-05 16284
1.280743e-04 177
3.472019e-05 3
4.246393e-04 1
1.894589e-05 1
5.093215e-05 2
3.950426e-05 2
1.726754e-04 1
1.420025e-04 85
3.086429e-05 5
3.757015e-05 1
1.070289e-04 3
1.000401e-04 1
8.408339e-05 7
2.082885e-07 3
5.120625e-05 1
1.035199e-04 1
3.148889e-06 48606
8.908044e-06 1
1.765286e-04 3
5.874860e-05 86
8.085414e-05 1
3.153817e-05 33085
7.180613e-06 1
6.308938e-05 1
1.281883e-04 30
8.699180e-05 1
1.608171e-06 1
9.407529e-05 251
7.174545e-05 1
1.249877e-04 1
2.514395e-05 27379
7.532232e-05 3
6.012966e-05 3
1.232907e-04 1
1.656320e-06 1
8.909594e-05 80
1.580824e-04 48
2.260626e-05 3
3.917404e-05 2
3.247854e-05 3
1.927333e-04 1
2.679632e-04 1
5.204961e-05 1
3.074254e-05 3
8.337904e-05 1986
8.097798e-05 1
3.178552e-05 150
2.369341e-04 3
2.221307e-04 2
2.140223e-04 1
1.479723e-05 121
2.971421e-05 1
7.730074e-07 6
1.479163e-04 1
1.214812e-04 4
8.078011e-05 3
6.967567e-05 30
4.497044e-05 1
5.321751e-05 2
4.968055e-05 3
8.689544e-06 1
1.588696e-04 159
6.958949e-04 99
2.975640e-04 1
1.785430e-05 1714
6.466342e-05 2
1.404808e-04 1
7.536224e-05 1
1.190630e-04 64596
2.700512e-04 2
6.413302e-04 1
1.568815e-04 1
2.179180e-04 1
8.979383e-05 4
1.860841e-05 1
1.787923e-04 1
2.949869e-04 2
1.086722e-04 2
4.374932e-05 2
6.981459e-05 1
4.466388e-04 2
4.230961e-04 1
2.187959e-04 1
1.438787e-04 1
1.173079e-04 1
3.353137e-05 1
1.841057e-04 1
1.679427e-04 6
4.185403e-05 1
1.081541e-04 4
1.002480e-04 1
4.240615e-04 1
1.256605e-04 968
2.903347e-05 3
4.901373e-05 22276
1.603202e-04 1
1.864183e-05 30
1.445968e-04 2
1.896762e-04 5
8.163962e-05 62
1.521319e-04 1
2.968989e-04 167809
2.013538e-04 1
2.155743e-05 5
4.321494e-05 210626
4.235782e-05 1
5.031078e-06 2
2.756876e-04 1
1.188405e-04 1
1.899075e-04 1
4.695592e-05 1
9.776508e-05 1
3.603551e-04 1
8.805893e-05 1
8.410884e-05 1
3.216941e-05 3
1.838325e-04 1
1.843005e-04 1
9.623816e-05 39657
6.912901e-05 3
3.980377e-05 872
2.482739e-04 1
4.017361e-05 1
8.413495e-05 7
3.521813e-05 3
1.533354e-05 1
1.622934e-06 1
7.131064e-05 1
2.323587e-04 3
6.120408e-05 1
4.229992e-05 2
7.517654e-05 65
1.262821e-05 1000
6.426569e-05 1
5.258187e-05 1
7.710900e-05 1
2.080132e-04 1
3.557786e-04 4067
6.251741e-05 1
2.409042e-04 7
7.176831e-05 3
7.222024e-05 1
5.621580e-05 1
1.813725e-04 1
2.879601e-04 59
1.730059e-04 1
1.960919e-04 2
3.710813e-04 1
7.046499e-05 1
2.292672e-04 244
7.817031e-05 1
5.663409e-05 1
1.948831e-04 1
2.524419e-05 85
2.518331e-05 7
7.687285e-05 1
1.309983e-04 151
1.270568e-04 70
3.095223e-04 1
8.646816e-05 1
1.374820e-04 1112
4.362854e-05 1
5.411338e-05 468
1.296698e-04 1266
2.593084e-04 922
2.063185e-04 2
1.420437e-04 1
1.832328e-04 1
1.448668e-05 1
1.526187e-05 41002
9.539033e-05 1
9.292417e-05 1
1.524369e-04 3
1.497292e-04 3
4.192532e-05 1947
1.389443e-04 1
6.310246e-06 3
4.115636e-05 1
3.304027e-04 1
5.380443e-05 1
1.308516e-04 1
3.103921e-05 1
3.342918e-05 1
8.490419e-05 1
5.651821e-04 64334
1.771125e-04 1
1.263038e-04 165
1.795136e-04 52
1.143351e-04 22045
7.930150e-05 1
1.509402e-04 1
1.286694e-04 3
4.109246e-04 2
8.695482e-05 6
1.201499e-04 1
2.283551e-06 1
8.377010e-05 1
4.333155e-04 2
1.145777e-04 1
1.473107e-04 2
3.621150e-04 158
1.522687e-04 7
4.112899e-05 3
4.411539e-05 1
3.466173e-05 2
2.745984e-05 1
1.541094e-05 877
2.240696e-04 1
1.036644e-04 3
6.309788e-05 7
1.819741e-04 1557
7.636299e-06 30767
3.611321e-05 6
3.647489e-05 1
1.248171e-04 1
1.115448e-04 5
1.933716e-05 2
1.682423e-06 1
6.692392e-05 3
9.488530e-05 4
7.144950e-06 1
4.396736e-04 7
5.713271e-05 2
1.976327e-04 1
1.761554e-04 3
2.519740e-05 3
1.423092e-04 1
4.855184e-05 1
6.234679e-05 2
8.725476e-06 1
1.608879e-04 115
3.062304e-04 1
6.966787e-05 1
1.059476e-04 1
1.573938e-04 1
2.719796e-05 1
1.094372e-04 1
2.379893e-05 88
1.431615e-04 1
2.180153e-05 1
4.398186e-04 1
4.899187e-05 1
1.275228e-05 1
4.139782e-05 163
1.974407e-04 1
2.103667e-05 1
5.408082e-05 4
1.666099e-05 6
6.554690e-05 1
1.200564e-04 50
5.994006e-05 242
1.059145e-04 1
3.147414e-06 1
2.857318e-05 7
3.727967e-05 1
1.220090e-06 1
1.090607e-05 1
5.094305e-04 5
1.259403e-04 1
5.065215e-05 1
1.276494e-04 1
6.705640e-05 1
2.111179e-05 3
1.099692e-04 2
1.229120e-04 3
1.260888e-04 2
9.922026e-06 2
1.337588e-04 1
1.164546e-05 1
2.988618e-04 3
1.576632e-04 2
1.158897e-05 1
3.651338e-05 229
5.126568e-05 1
2.206592e-04 1
1.547172e-04 219
1.675666e-05 1
1.772587e-04 1
3.601697e-05 48760
8.788249e-05 2
2.939831e-05 1
1.962483e-04 1
1.235434e-04 1
3.173694e-05 1
1.344157e-04 62
2.830270e-05 2
1.943115e-04 1
2.047502e-04 1
8.945128e-05 1
7.855147e-05 3
1.007298e-04 1
6.489174e-06 210
1.967470e-05 1
1.425998e-04 2
3.509332e-05 1
1.680153e-04 1
4.224784e-05 1
4.143398e-05 1
1.300551e-04 72
7.432334e-05 1
1.641192e-05 24
8.397001e-06 15
1.243058e-04 1
2.423468e-05 1727
2.780926e-04 1
1.498548e-04 1
5.773180e-05 3
2.511253e-05 1039
1.908314e-04 1
2.208079e-04 1
1.968097e-05 1
1.974028e-04 1
6.150623e-05 2
3.926651e-04 1
9.151303e-05 1
9.552123e-05 1
2.870646e-04 1903
6.824384e-05 1
1.794509e-05 1
5.489905e-05 1
1.648649e-04 1
3.386461e-04 1
9.655231e-05 1
7.340464e-05 47722
1.093144e-04 2
1.418824e-05 1
1.752112e-05 3
2.305280e-05 1
4.119610e-05 1
1.293379e-04 1309
9.208314e-05 3
2.482753e-05 2
1.218393e-04 1
1.819793e-04 5
3.999825e-04 3
6.776780e-05 1
2.234281e-04 1
1.115158e-04 2
7.856821e-05 1
3.443440e-05 1
9.395421e-06 2
9.264066e-05 6
1.308615e-05 1
1.978080e-04 2
8.834429e-05 6
4.243461e-05 1
3.237593e-04 2
9.564169e-05 62294
1.586064e-04 1
2.205521e-05 1
2.100262e-05 1
7.512768e-05 6
2.810682e-05 2
2.771136e-04 2
8.734043e-05 1
9.098026e-05 4
7.186396e-05 1
7.123680e-05 1
4.373646e-06 1
5.950210e-05 1
8.335926e-06 2096
1.663595e-05 1
1.075171e-05 1
2.875216e-05 2
3.765374e-04 1
6.550130e-05 6
1.641800e-04 1
8.031923e-06 5
4.990935e-06 1
2.005519e-04 1
2.337836e-04 1
1.696023e-04 2
1.169535e-04 1
5.779080e-05 1
1.123679e-04 1
1.873899e-04 6
3.919810e-05 3
3.954760e-05 1
7.060614e-05 3
3.833375e-05 1
6.451688e-06 3
3.267232e-06 64798
1.631403e-04 1
7.037155e-05 3
7.411189e-05 41300
5.244367e-05 1
9.327711e-05 1
9.480275e-05 1
1.715676e-04 1
3.717179e-05 52580
2.316161e-04 1875
9.987452e-05 1
5.998694e-05 6
1.609533e-04 2
4.921411e-06 2096
1.981631e-04 1
6.126514e-05 1
1.269218e-04 1
1.633649e-05 2
2.484364e-04 594
2.063029e-06 1
5.030477e-05 1
5.741210e-05 1
5.625121e-06 1
1.895059e-04 1
1.158224e-05 2
1.139081e-04 1
4.771216e-05 2
1.237814e-05 1
1.458955e-07 1
1.768255e-04 214
1.480103e-04 2
1.029388e-04 7
1.889705e-04 3
1.073415e-04 1144
9.281672e-05 1
5.480176e-05 1
2.947553e-04 219
4.308188e-05 1
2.782331e-04 1
1.377391e-05 2
3.161901e-05 1
2.498431e-04 3
3.552446e-05 5
7.740304e-05 1
2.118816e-04 1
4.356967e-06 1
8.242703e-05 1
5.512622e-05 3
1.284237e-04 174
1.122077e-04 1
5.472832e-05 1
1.115857e-04 1
5.818890e-05 1
1.009575e-04 1
1.760498e-04 219
1.181948e-04 10
8.677093e-06 1
1.878728e-04 3
1.731053e-05 2
5.137607e-06 215184
2.254077e-04 3
3.053643e-04 7
4.023472e-05 3
4.031469e-04 1
2.611842e-07 24001
1.773197e-04 1
6.794553e-05 1
1.174932e-05 3
1.986846e-04 3
2.065893e-05 13
1.600342e-05 1
1.632712e-04 1
1.936421e-05 53774
4.577478e-05 5
1.377904e-05 44990
3.586904e-05 2
8.654955e-05 1
1.163637e-04 1
1.457990e-04 2
1.140112e-04 5
1.505758e-04 7
1.841565e-05 3
1.008041e-04 1
5.398776e-05 3
1.296728e-04 1
3.802096e-05 2
9.460689e-05 1
1.040506e-04 1
6.172916e-05 1
2.392122e-04 6
9.973158e-05 5
6.045343e-05 1
3.971821e-05 49
6.682308e-05 18709
1.768203e-04 1
1.232042e-04 2
1.280810e-04 3
1.852074e-06 7
1.235338e-04 1
5.614944e-05 1
1.768530e-05 487686
2.451023e-05 1
8.605590e-05 47131
2.963674e-04 157
7.834506e-05 1
1.417118e-05 2842
1.792124e-05 1
5.284051e-05 1
1.464307e-05 1
2.971277e-05 106
3.341717e-05 3
1.812771e-04 1
3.078195e-05 3
9.699280e-05 1
9.098576e-05 1
2.616181e-05 2
6.393353e-05 1
2.797096e-04 7
4.102820e-06 155
8.438987e-05 2
1.148145e-04 37077
5.107291e-06 1
3.115046e-04 1
6.088087e-05 1
2.418464e-05 1
2.617068e-05 65
1.225874e-04 2
8.252698e-05 1
1.053255e-04 3
5.390261e-06 1510
1.791288e-04 3
2.514472e-04 1
1.496331e-04 23767
1.215044e-04 1
9.270673e-05 1
1.088860e-04 1317
2.886115e-05 1
2.521738e-06 1
1.252736e-05 1
1.638715e-04 36
4.328963e-05 1
6.639434e-05 110
8.507998e-05 1
2.032152e-04 1
7.355355e-05 7
7.991287e-05 1
9.319959e-05 1
1.366189e-04 3
1.648790e-04 1
2.048219e-05 17
3.328942e-05 1
2.897043e-06 52738
1.605267e-04 1
6.619296e-06 1
1.280880e-06 1
1.466694e-05 1
1.761057e-05 1
2.661585e-04 1
3.873144e-05 33465
5.866754e-05 117
1.087475e-04 1
1.416880e-05 1
2.018956e-05 1
8.259188e-05 1
1.285182e-04 5
3.023715e-05 4
1.830503e-05 3
9.524746e-05 61
2.138902e-04 1
2.493894e-04 5
1.192649e-04 1
2.419854e-05 1
6.336608e-05 157
3.389979e-05 3
1.471988e-05 1938
5.464702e-05 3
1.641804e-04 3
8.913633e-05 22208
3.551924e-05 6
1.869487e-06 1
1.016260e-04 2
8.328245e-05 5
3.812921e-05 2
3.490097e-05 2
3.554823e-05 190
4.246585e-05 1
3.890415e-05 1
5.913707e-05 226
2.586071e-06 137
2.735699e-04 1
1.009482e-04 198
2.830012e-04 3
4.472168e-05 1
3.243907e-05 1
7.369089e-05 1
9.719284e-05 67
2.238912e-04 62
1.586421e-04 408
2.120474e-05 1
1.624375e-04 1
2.715436e-05 1
5.896626e-06 1
1.239407e-04 1
2.015331e-04 1
8.478551e-05 224
6.263770e-05 940
2.286533e-04 3
4.928141e-05 3
2.095401e-05 1
8.635597e-05 1838
2.019592e-04 1
6.444285e-05 533
8.658984e-05 1794
5.431632e-05 1
9.043969e-06 1
8.802311e-05 1
2.399875e-05 1801
6.335051e-05 7
1.468079e-04 55672
4.670473e-05 1
5.156627e-05 1
4.958118e-05 1
1.722372e-04 6
4.093387e-05 976
7.245559e-06 1
1.083224e-04 1
3.808630e-05 1
6.269267e-07 1
4.016503e-04 260
5.559506e-06 1448
5.087295e-05 1
4.943474e-05 17582
1.452485e-04 3
6.453651e-05 4
4.518392e-05 5
2.202553e-06 2
2.065403e-04 1
1.771770e-05 1
1.206442e-04 2
2.465160e-06 2
2.743430e-04 2
2.007867e-04 2
2.324473e-04 3
1.838532e-04 2
1.129125e-05 1051
1.822597e-04 1
3.565130e-05 1
1.618380e-04 1
6.110568e-05 1
5.096622e-05 3
9.699465e-05 1
2.429892e-04 1
4.935630e-05 1
6.259432e-05 4
2.285073e-05 6
4.002514e-04 5
5.688082e-05 1
9.862699e-05 3
4.816851e-05 1
1.451224e-04 3
3.012234e-04 27151
4.023398e-04 2
1.065829e-04 1
2.109765e-04 6
3.864785e-04 42
1.813311e-04 129
4.819947e-05 1
1.395991e-05 258
1.907185e-04 6
1.308234e-04 1
3.398897e-06 1
6.073750e-05 4
1.027083e-05 1
1.241115e-04 1177
2.401860e-05 1
1.304755e-04 1
8.125310e-06 1
7.548718e-05 1
1.894415e-05 1
3.703152e-05 281833
3.167807e-05 6
1.917193e-04 1
2.585205e-05 3
6.285203e-05 5
2.595343e-04 1
2.338742e-04 2
1.728484e-04 1
1.232391e-04 1296
2.073896e-04 1
1.470717e-04 3
8.475896e-05 2
6.036095e-05 1
1.630426e-04 2
2.576890e-05 2
1.281360e-05 1
8.375095e-06 1
4.321205e-05 1
1.502127e-04 20977
7.597846e-05 42657
1.116173e-05 1
8.198949e-05 601234
3.989509e-04 117
1.431455e-05 1
1.509961e-04 1
1.820526e-05 2
2.075825e-04 1
3.158199e-04 8530
1.110174e-04 231
1.037246e-04 1
8.693408e-06 5
4.618890e-05 2
8.506705e-05 220
5.757760e-05 1
3.498586e-04 1
9.096246e-05 2
5.525684e-06 89
1.130926e-04 3
1.974707e-04 2
5.839480e-05 1
5.891672e-06 1
4.863076e-05 1
2.668227e-04 3
1.314338e-04 1
4.107988e-05 41406
1.903475e-05 1
3.248125e-05 1
8.682877e-06 1
6.615778e-05 1
1.399256e-04 1
2.940644e-05 1
6.957214e-05 32
1.857736e-04 1
1.498382e-05 58
2.063278e-04 5
4.119449e-05 2
4.237989e-05 3
1.094703e-05 1
7.737513e-05 1
7.559513e-06 2
1.401748e-04 6
3.611055e-05 6
8.931118e-05 57085
3.053740e-04 3
9.615660e-05 22142
1.056418e-06 1
3.293759e-05 2
4.691934e-04 1
1.856519e-04 1
3.402174e-05 37555
4.218084e-05 1
1.336624e-04 1
1.290645e-04 1
2.512731e-04 1
2.099770e-04 3
1.301197e-04 1
1.185994e-04 1
1.694876e-04 1
2.483997e-08 176
4.065589e-05 2
1.232791e-04 4
1.794675e-04 5421
1.165535e-04 2
2.876585e-05 5
1.402230e-04 1
9.676553e-05 3
1.752013e-05 2
3.892355e-05 6
3.503163e-04 1
3.636183e-05 1
6.709959e-05 1
2.323783e-05 1
4.123831e-05 2
9.538642e-06 1
7.115018e-05 1
4.423249e-05 3
8.747432e-05 1
2.007006e-04 1
1.718790e-04 1
1.376489e-04 1
3.457254e-04 1
1.009099e-04 5174
6.072396e-07 1
3.561138e-05 4
3.641573e-04 2
2.200091e-04 895
1.483083e-04 1
8.687049e-05 2
1.085387e-04 2
5.666410e-05 180
6.162419e-05 1
2.154137e-04 34006
1.213989e-05 1
5.133331e-05 1
1.590943e-05 3
5.895127e-05 2
2.180943e-04 1
8.954884e-05 1
5.994391e-05 1
7.068321e-05 4
1.964404e-04 2
1.175218e-04 2
1.492652e-06 1
2.378382e-04 241
8.340699e-05 1
1.414185e-04 206
5.320278e-05 1
4.564218e-05 24216
9.229736e-05 1
2.684771e-05 1
8.079906e-05 3
4.488967e-05 3
1.958547e-04 1
9.531236e-05 1
2.264393e-06 7
1.039987e-04 433
1.536238e-05 3
4.938841e-05 1
1.434029e-04 3
3.093430e-06 1
3.896798e-04 334
1.503081e-04 1
2.046600e-04 28994
5.720466e-05 2
1.341657e-04 280
9.634691e-05 1
9.179480e-05 2
5.460443e-05 3
6.861379e-05 1
1.023988e-05 3
6.220277e-05 1
6.584012e-05 6
1.630948e-04 1
1.783547e-05 3
1.743296e-04 2
1.575574e-04 932
8.780828e-06 64
1.296985e-04 1
2.072714e-05 3
4.608741e-05 7
1.042601e-05 1
4.023635e-06 1
9.465388e-05 1
1.445932e-04 2
2.313189e-04 28914
1.360282e-04 1
1.692078e-04 2
3.328265e-05 265
5.189696e-05 1
1.924240e-04 36
1.532860e-04 1
4.538570e-05 1
4.942202e-05 1
3.978099e-05 1
1.537647e-04 2
1.669748e-04 1
1.878467e-04 1
4.900249e-04 1
6.860858e-05 1
1.336230e-04 1
9.644526e-05 1
9.147652e-05 2
2.184715e-04 1
6.247921e-06 1
7.306479e-05 4
2.930188e-05 1
1.289603e-04 1
1.176152e-04 1
1.227762e-04 111
2.610210e-05 5
2.493190e-05 1
8.807252e-05 30738
1.632737e-04 16081
8.017860e-05 6
2.800402e-04 1
3.068381e-04 134
2.204291e-04 4
1.670332e-04 1
2.169848e-04 1
1.964159e-05 7
5.145914e-05 3
1.020541e-04 1
3.527480e-04 1
2.113384e-05 1
2.181075e-04 3
5.175183e-05 2
2.959459e-05 1
5.379760e-06 3
5.135282e-04 1
6.963632e-06 169
1.389320e-04 59549
2.994150e-04 5
3.166025e-05 1
7.947515e-05 5
2.042603e-04 1
2.849771e-05 5
1.639574e-04 1
2.118879e-04 1
2.613262e-05 1
2.137191e-04 1
8.206461e-05 1
3.213237e-04 135
8.847962e-05 4
1.705874e-05 2
1.181797e-04 1
8.483997e-05 1
3.159745e-05 32319
3.705235e-05 2
2.265422e-04 3
6.710910e-05 1183
4.647440e-04 1
2.666569e-05 1
3.785422e-05 3
1.214356e-04 1
7.208695e-04 1
1.238495e-05 1
3.272977e-05 397
6.419067e-05 584702
4.408739e-04 1
6.205239e-05 1
9.227465e-05 244
7.575554e-06 2
6.899495e-05 6
4.901248e-05 1
3.415137e-04 35216
2.993991e-05 3
8.533909e-05 1
3.785018e-05 2
2.165703e-04 2
1.223317e-04 2
8.743351e-06 2
1.357260e-04 2
2.706161e-04 1
2.580210e-05 36555
1.508150e-05 2
2.976437e-05 3
5.980846e-05 1
1.537152e-05 3117
1.462248e-04 226
7.557182e-05 1
7.559056e-05 1
7.605945e-05 1
3.739335e-05 1
1.477037e-04 1
3.579707e-05 1
2.321331e-06 6
5.037860e-05 1
2.378574e-04 1
8.725229e-05 1671
1.158788e-05 111
5.133990e-05 3
6.990333e-05 1
7.562195e-05 2
7.235578e-05 1
1.392589e-04 1
2.623488e-05 1
1.842387e-04 1
3.113775e-05 1
1.938942e-04 1
7.037193e-05 3
8.677513e-05 2
5.610978e-05 1
5.797793e-05 4
1.158836e-04 1
1.729105e-04 1
4.885030e-04 1
4.658009e-05 1
9.739232e-06 52241
1.243146e-04 1
6.265236e-05 5
4.231544e-04 183
3.412247e-05 6
1.795873e-05 2093
3.316247e-05 34
4.599708e-05 1
1.108590e-04 1
6.629694e-05 82
9.736028e-06 1
1.182360e-05 7
2.569428e-05 1
2.537378e-05 3
9.399086e-06 2
1.202835e-04 1
6.032696e-05 4
2.068928e-04 3
3.590369e-04 19445
2.198559e-05 1
8.830238e-05 1
1.351385e-05 1
2.391377e-04 1472
1.224931e-04 555991
8.558982e-05 2
9.362785e-06 1
5.611763e-06 2
1.485522e-04 1
1.344901e-05 1
2.320983e-04 6
8.342674e-05 1
4.748283e-05 5
5.784897e-05 1
1.987181e-05 118
1.971795e-05 1
2.800075e-04 2
8.719088e-06 183
3.980616e-06 188
1.887329e-04 1
2.347940e-04 1
