1.600896e-04 1
3.883017e-06 2
4.548934e-05 3
2.812564e-05 2
1.081084e-05 1726
3.073487e-05 1
4.808924e-05 102
7.565227e-05 1
1.304848e-05 1
1.439070e-06 1
9.134799e-07 1
9.771248e-05 1
3.805847e-06 160
8.839095e-05 1
1.143568e-04 1
1.515501e-04 1
4.357502e-05 3
1.100860e-04 3
2.097236e-06 172
9.473864e-05 3
5.916140e-05 4
8.831260e-06 2
1.573197e-04 2
2.065934e-05 93
5.489442e-05 2
7.216957e-05 3
8.743108e-05 1
2.228946e-05 1
3.596662e-05 233
1.283764e-04 73
4.295253e-05 1
2.731626e-05 1
1.647960e-05 1
3.073876e-06 1
1.164107e-05 1
5.107341e-05 1
2.446700e-05 2
7.330253e-05 119994
8.163263e-05 1
1.168173e-04 109
1.116730e-05 260
3.619500e-05 2
6.671995e-06 1
1.906636e-05 49081
1.416743e-04 1
1.552250e-05 174
2.715470e-05 1
2.855592e-06 1
7.242694e-06 4
3.488909e-06 1
1.214561e-05 1
7.728648e-06 1
1.563301e-04 35
4.319755e-05 1
9.311439e-06 1
5.755830e-05 1
1.850019e-05 1
1.347552e-05 2
1.295044e-04 1
9.065306e-05 2
8.083615e-06 1
2.338316e-06 1
1.372226e-04 178
4.179340e-05 3
5.087372e-05 3
1.852858e-05 1
6.974115e-06 1
1.688113e-05 1
6.904065e-06 1
4.145356e-06 3
1.725680e-05 1
5.563343e-05 1
7.149187e-06 1
2.747936e-05 2
1.635261e-07 1
2.575318e-05 5
2.234861e-05 192
8.125148e-06 1
7.446721e-06 1
4.566870e-05 1
1.070584e-05 7
2.899692e-05 1683
8.403427e-05 50931
1.026090e-04 1
1.707823e-04 1
4.748669e-05 5
2.801757e-05 1
4.069316e-05 1
1.241636e-06 3
6.673230e-05 1
1.908812e-04 1
1.111864e-04 3
6.974570e-05 1
3.412374e-05 7
3.648665e-05 1
7.991711e-05 1
3.954907e-05 3
2.514892e-05 1
5.254333e-05 3
7.335602e-05 1
3.411239e-05 3
4.776403e-05 1
8.394433e-05 1
2.325224e-05 1
1.084610e-04 1
6.329743e-05 57245
1.736816e-05 3
2.434557e-05 1
3.124313e-05 267
1.207999e-05 102
9.239891e-05 1
2.777987e-05 1
1.861455e-05 4
4.161154e-05 1
9.626569e-05 1
2.709687e-05 1
6.606424e-05 1
1.204519e-05 1
1.347811e-05 860
1.740698e-04 2
3.008326e-05 3
4.793666e-05 1
1.764317e-04 1
4.846856e-07 2
4.047632e-05 1
3.001939e-05 1991
4.571974e-05 8
7.743223e-06 1
6.374178e-05 1
9.248891e-05 1
3.051286e-05 40
8.619721e-06 1
1.012092e-04 6
3.220665e-05 6
2.840117e-04 3
2.936159e-05 1
1.707636e-05 1
1.133892e-06 719
1.793915e-04 1
1.063815e-05 6
1.499206e-04 1
7.273552e-05 1
7.125517e-06 1
8.227208e-05 4
2.252453e-05 1
3.843445e-05 1
4.982989e-06 1
7.409185e-06 1
1.508601e-05 2
1.891422e-05 3
4.254239e-05 2
3.448968e-06 3
3.743136e-05 1
6.159305e-05 4
6.499483e-05 1
3.681142e-05 3
1.106666e-05 1
3.261127e-05 1
3.119276e-05 1
1.534292e-05 1803
1.394558e-06 4
3.129191e-05 35960
1.319862e-05 2
1.666408e-05 1
1.798782e-05 6
1.485603e-05 1
5.074968e-05 1
2.561514e-05 1
5.345687e-06 3
7.479463e-05 4
9.009193e-05 1
1.590746e-05 1
1.600966e-04 48
3.167182e-05 2
2.516968e-05 1
6.865686e-05 1
8.369714e-06 2
1.098852e-05 1
4.663516e-05 1
3.024896e-05 1
1.317994e-05 2
1.598740e-05 1
1.374594e-05 554
3.106891e-05 1
1.060535e-04 136
1.557115e-05 1
2.431063e-05 1
5.904751e-05 1
3.711136e-05 1
7.353499e-05 1
8.230681e-05 2
8.414145e-05 1
5.011713e-05 3
8.598039e-07 1
4.536245e-05 1
3.192169e-05 5
5.404075e-05 2
5.735156e-05 4
3.874295e-05 912
8.386573e-05 4
3.216184e-06 5
5.564590e-05 1
5.334991e-06 1
5.917901e-05 3
6.472365e-06 251
1.223848e-05 1
3.847754e-06 4
2.507711e-05 2
3.177320e-05 1
9.268758e-05 228
6.219247e-05 1
5.275103e-05 7
6.931422e-06 1
1.257695e-05 3
1.679896e-06 1
2.393715e-07 16887
5.274003e-05 7
1.962696e-06 2
9.761520e-06 25118
3.614044e-05 7
7.032801e-07 1
3.765098e-05 3
9.906855e-06 5
3.048891e-05 1
9.182823e-05 3
6.137125e-05 5
2.018369e-05 2
4.648763e-05 1
1.125995e-04 1
2.213242e-05 1
1.218798e-04 1
4.310779e-05 2
6.257911e-05 1
4.732219e-05 1
3.187451e-05 1
1.487506e-05 1
2.342781e-05 1
2.310018e-04 27
1.383099e-05 4
3.733713e-05 7
1.779833e-04 592
5.275455e-05 1
2.324043e-05 3
1.340062e-04 2
5.380360e-05 1
5.025555e-05 20
1.427010e-05 1
5.797761e-06 1310
1.219972e-05 3
1.109198e-05 2
9.476595e-05 6
3.387822e-05 18
9.584873e-06 1
2.653146e-05 4
4.246011e-06 143
2.683363e-05 1
2.687781e-05 2
3.709127e-05 1
5.141856e-06 1
6.570310e-06 1
1.382705e-04 1
1.407980e-04 1
5.787944e-05 316
2.018817e-04 1
6.278696e-05 3
1.338016e-05 1
4.578642e-05 1
4.653284e-05 2
4.731618e-05 1
1.195668e-05 2
4.210457e-06 1
1.194894e-04 1
3.570561e-05 363071
1.341219e-05 3
1.791571e-05 34414
6.427335e-05 329
5.217320e-05 2
2.168820e-05 1
6.581272e-05 204
3.872261e-05 1
3.095919e-05 1
8.517299e-05 1
4.882734e-05 1
3.119913e-05 1
2.975445e-04 1
1.041734e-04 52762
3.078558e-05 1
6.484511e-05 64238
9.047178e-05 1
1.912219e-04 1
4.050609e-05 1
1.945110e-06 1
2.369214e-05 983
1.013707e-05 1
5.410851e-05 1
3.255283e-05 1
3.696811e-05 1
1.604577e-05 21664
2.779977e-05 170
2.228246e-05 5
1.349075e-05 1
1.932591e-05 1
9.492351e-05 1
5.241326e-05 184
9.544694e-05 3
4.945221e-05 4
9.562351e-06 104
2.174764e-05 99
4.740319e-05 1
1.184359e-04 14237
1.873345e-05 2
5.826067e-05 1
8.844303e-05 1020
4.433104e-05 1
3.920336e-06 2
6.230965e-05 112
1.526268e-05 195
3.305881e-06 1
1.605039e-05 1
3.040841e-05 1
8.936114e-07 57
9.855874e-06 3
2.632645e-06 1555
8.647842e-05 1
2.314118e-04 1
5.619501e-06 1
1.253478e-05 3
3.256384e-05 1
2.528653e-05 1
5.708387e-06 1
6.697156e-05 1
1.373404e-05 2
1.250618e-04 64667
1.608680e-06 3
1.183178e-04 1
9.026177e-05 1
1.044088e-05 1
3.503182e-06 1
1.369403e-04 1
4.541408e-05 1
1.441271e-06 1
1.355401e-04 214
3.999331e-06 3
1.945595e-06 7
1.774010e-05 7
9.715755e-06 1
2.766697e-05 15417
4.136695e-05 1
6.871028e-05 1
1.703675e-05 1871
2.420450e-05 5
1.702659e-05 1
6.042676e-05 193
7.921797e-06 1
3.413578e-05 1
1.113687e-04 1
4.599530e-05 184
2.498395e-05 1
8.847304e-06 1
1.032806e-04 25959
2.292031e-05 940
1.874817e-04 1
1.021169e-05 2
5.475911e-07 1
3.553321e-05 2
1.128258e-04 1
1.175752e-05 1
1.022984e-04 49888
1.278734e-04 1
1.164892e-04 1866
2.154408e-04 7
1.349846e-05 2
2.292728e-05 2
9.439911e-06 222
7.601883e-05 1
3.034499e-05 3
1.822466e-05 1
2.894959e-05 2
3.484884e-05 2
1.370908e-05 4
4.286477e-06 3
2.689099e-05 3
1.149964e-05 1
8.961948e-05 1
6.077856e-06 73
7.596621e-06 1
3.249002e-05 1
1.768224e-05 1
1.274095e-04 1
9.753172e-05 1
6.516095e-05 1
1.706151e-05 5
1.815255e-05 1
2.242023e-05 4
4.241056e-05 29626
8.558037e-05 1
4.240543e-06 1
4.439347e-05 1918
1.503995e-06 1
2.300449e-06 7
9.444011e-05 3
2.605176e-05 195
2.423250e-05 3
5.441040e-05 1
6.419535e-05 86
1.366403e-05 26
8.701997e-06 1
6.924256e-05 1
1.002039e-05 1
1.442523e-05 1684
7.826354e-06 2
2.086566e-05 1
5.414696e-05 1
5.342302e-06 1
8.843360e-06 1505
1.430734e-05 5
5.626647e-06 1
5.860298e-05 3
8.782202e-06 226
2.861852e-05 6
4.691294e-05 63437
7.235542e-05 31526
3.582749e-05 3
3.620486e-05 1
3.394849e-05 1
4.205968e-05 1
4.921643e-05 2
7.203691e-05 1
1.066700e-05 3
5.392294e-05 1
8.873183e-05 1
5.676120e-05 28655
8.015436e-05 1
5.642743e-05 2
1.906504e-05 1
2.200656e-06 1
8.596482e-05 4
5.913527e-05 125
3.032581e-05 5
1.681780e-05 6
8.470789e-05 1534
9.199496e-06 1
3.386164e-06 95
7.561589e-05 2
7.218204e-05 1
4.428601e-05 3
5.721237e-06 1
6.888584e-06 131
1.161232e-04 6
7.316642e-05 6
9.748064e-05 1
5.440441e-06 1
5.035624e-05 97
2.615663e-05 1
4.399409e-05 1
3.093106e-05 1
1.521485e-05 1
2.204931e-05 1
1.261600e-05 219
1.254691e-05 1
1.317995e-04 2
9.559374e-06 1
3.431003e-05 1
8.174757e-06 2
2.759824e-06 1
1.462750e-06 3
1.951029e-04 1
1.674027e-05 55466
1.008061e-04 5
1.716076e-05 2
9.135809e-06 1
4.913736e-06 265
6.839235e-06 2
1.899177e-05 1
2.855508e-05 7
9.616631e-05 2040
9.027984e-06 1
3.333714e-05 1
1.421408e-06 1
7.178305e-05 689
5.640131e-06 3
2.432094e-05 2
3.079754e-05 3
4.590792e-05 5
1.153395e-04 2012
3.486121e-05 1
9.735435e-05 1
3.528795e-06 4864
1.351626e-04 3
8.092502e-05 1
1.809165e-05 1
1.022964e-04 6
7.719292e-05 45
3.683693e-05 3
7.616078e-05 120
4.486840e-05 1260
6.873118e-05 2
2.953755e-05 1242
9.252089e-05 204
1.165310e-05 1
3.185750e-05 1
1.818508e-05 3
9.867857e-05 1
8.058595e-06 1
1.748687e-05 1
1.195994e-04 3
2.653809e-05 1
1.020042e-04 1
1.429169e-05 56682
9.345665e-05 307
1.960913e-05 7
4.046090e-05 1
2.957873e-06 5
1.847790e-05 1
2.085407e-05 1
1.388738e-04 1
1.137503e-05 1
5.136594e-05 2
1.385355e-05 1
2.309771e-05 395
2.274001e-05 1
4.686485e-05 1
3.375561e-05 2
1.974034e-06 2
5.721032e-05 1
4.060669e-05 7
5.623998e-05 2
4.960756e-06 6
1.806646e-05 467632
3.778862e-05 2
6.426305e-05 218
5.264799e-05 3
2.567389e-05 1
8.857160e-05 1370
1.049491e-04 41
4.342062e-05 1
6.918955e-05 1
4.353947e-06 1
2.690195e-05 2
1.073239e-05 82
2.436723e-05 2
4.989839e-05 1
7.777776e-05 33
1.325449e-05 1
6.915538e-05 3
2.449079e-04 179
1.036672e-04 1
4.029051e-05 1
4.161184e-06 1
1.185658e-05 1
7.293455e-06 3
1.770917e-05 1
8.705324e-05 6
1.156264e-05 5
2.210568e-07 102
1.666618e-05 1
2.060901e-05 4
4.405182e-05 1
1.601141e-04 1
8.560627e-06 24685
6.526153e-06 1
3.481863e-05 1
4.143957e-05 1
2.459074e-06 1
1.717831e-05 3
3.288667e-06 3
2.965531e-05 1
4.965916e-05 1
7.763730e-05 116
3.076976e-05 1
1.203957e-04 133
4.016710e-05 1
2.069343e-05 1
9.017947e-05 1
1.558629e-04 1
5.015750e-05 1
6.478700e-06 1
7.051409e-05 1
1.235098e-04 135
1.801516e-05 2
7.441283e-05 1
2.029092e-06 1
2.054019e-05 3
2.717117e-05 1
2.263761e-06 1
1.823721e-05 104
5.997323e-06 5
5.486743e-06 6
2.019894e-04 7
2.012704e-05 1
2.072834e-04 1
1.414423e-04 1
2.832301e-05 4
5.265139e-05 1
1.123586e-04 1
3.237721e-05 1
1.291183e-05 59193
1.849117e-05 1
3.680470e-05 1
9.680862e-05 1
1.804151e-05 1
9.164560e-06 2
9.580975e-05 592
1.044518e-05 161
1.216873e-04 1
3.788032e-06 1
6.117976e-05 1
2.734498e-05 9
1.864553e-05 1
2.240442e-05 108
5.183537e-05 6
1.926283e-05 1
4.671169e-06 1
1.038959e-04 3
3.091402e-05 1
8.304794e-05 1
1.273545e-05 1
2.391607e-05 2
2.326365e-05 1
5.298556e-05 5
1.710058e-04 2
4.986952e-05 1
3.619473e-05 1
1.107370e-04 247
6.545632e-05 2
1.140544e-04 1
7.799800e-05 2
6.236171e-05 1
1.569940e-05 1
5.437409e-05 462559
7.766765e-05 3
2.046840e-05 1
1.377001e-04 6
7.547926e-05 1
2.191498e-05 5
2.342479e-05 5
4.511050e-05 60
5.053464e-06 3
1.218213e-05 201
5.381246e-05 1
3.135975e-06 1
3.167975e-05 1
4.063621e-06 7
5.191576e-05 1
1.075091e-04 1
1.838886e-05 66
4.026939e-05 4
7.308609e-05 160
1.612781e-05 3
4.626913e-05 46060
1.587219e-06 171
9.470839e-06 2
3.140053e-05 48878
8.801490e-05 1
2.895100e-06 10
1.517777e-05 2
2.984073e-05 7
1.006584e-06 16086
6.184697e-06 170
2.424028e-05 861
1.677883e-06 1
3.760338e-05 2
2.065023e-05 3
2.293632e-05 207
2.077464e-05 6
2.801663e-05 77
4.429538e-05 1
1.289569e-05 1
8.108154e-05 1
8.060712e-06 3
4.429863e-05 227
4.179387e-05 1
2.653968e-06 222
1.119082e-04 21
1.613080e-04 17
3.938742e-05 1
5.739386e-05 206
3.620054e-05 141
2.861340e-05 1
3.230070e-05 263
1.471101e-05 1
1.834973e-05 3
1.291279e-05 9223
3.402609e-06 4
4.942588e-06 1
2.631247e-05 3
2.969977e-05 2
3.274996e-05 1
8.958519e-06 184
1.207012e-04 1
1.181714e-05 15646
2.744724e-05 320186
6.826523e-06 1
2.427769e-05 1
1.388419e-05 5
2.849169e-05 1
3.839744e-05 1
9.078527e-06 62524
1.529722e-05 1
8.062927e-05 1
3.747627e-05 1
4.380879e-06 1
4.123612e-05 1
3.439483e-05 1
3.811084e-06 1
2.564830e-05 1
7.060271e-05 1
1.436428e-05 1
1.468206e-05 1
4.748592e-05 7
1.874660e-05 30097
1.015763e-05 7
5.047395e-06 2
1.755659e-04 2
9.565535e-05 7
1.576581e-06 65
6.138911e-05 2
1.676254e-04 184
1.342103e-04 1
2.602669e-05 3
5.096277e-05 18198
1.134241e-04 6
3.095404e-05 1
3.144623e-05 63965
1.402931e-05 7
4.817564e-05 3
5.336949e-05 231
9.824537e-05 48333
3.079694e-05 1
1.388666e-04 1
8.162660e-05 5
7.579654e-05 1
7.164299e-05 1
1.267683e-05 1
6.204022e-05 1590
5.463023e-06 2
2.658105e-05 56
2.746430e-05 2
8.291986e-05 1
5.610653e-05 2
9.903602e-05 2
1.397226e-06 2
3.880217e-05 4
2.207986e-05 1
5.469223e-06 1
1.719343e-04 1
1.815460e-05 6895
1.723522e-05 2
1.478456e-05 2
1.259130e-04 1
1.006916e-04 1
7.747276e-05 1
1.719297e-04 1
8.255096e-06 1
9.714043e-05 7
5.290237e-06 1
6.493157e-05 3
3.007239e-06 1
8.052467e-06 1
2.261628e-05 1
8.956014e-06 1
3.563855e-06 1
7.329566e-05 1
9.832803e-06 3
8.317315e-05 1
5.304634e-05 82
4.856865e-05 1
1.565588e-05 56907
1.317927e-04 1
2.964632e-05 1
1.863088e-05 3
1.175615e-05 1
4.087264e-05 2
5.749167e-05 2
2.818954e-05 6
4.374215e-05 44071
3.614748e-05 1
1.663679e-05 1
1.309460e-04 3
2.277157e-05 1
4.331460e-05 22083
5.786436e-05 1
3.076094e-05 1
1.546708e-06 1
1.877285e-05 1
3.187703e-05 1
1.411733e-06 1
1.475962e-05 1
7.063791e-05 1
1.144113e-04 185
5.020053e-06 7
5.858241e-05 1
1.220074e-05 1
5.599112e-05 5
3.107680e-05 10070
1.037494e-04 5907
3.228808e-05 5
6.859553e-06 214
2.662950e-05 20993
1.350978e-05 146
7.532890e-05 1844
5.635423e-06 142
4.882699e-05 1
5.487528e-06 4
5.488262e-06 22
3.578809e-05 7
4.448313e-04 1
6.349142e-06 1
9.517055e-05 1
2.877784e-05 1
2.840199e-06 1
5.951178e-05 140
5.153140e-05 1
1.601260e-05 2
1.656812e-04 1
8.256613e-06 5
1.981608e-05 1
1.005627e-06 1
2.096676e-05 1
4.070299e-05 89
3.668410e-06 1
1.079403e-04 1
6.678633e-05 1
2.201509e-05 5
1.848607e-04 42659
4.553449e-05 3
8.889446e-05 1
4.676946e-06 3
2.809373e-05 1
9.720798e-05 1
3.002358e-05 3
2.847120e-05 1
5.564274e-06 229
5.014186e-05 1
4.545335e-05 1679
1.107054e-04 1
1.950373e-05 2
1.310479e-06 1215
2.351137e-05 1
9.340423e-05 1
2.577976e-05 3
2.746328e-05 1
8.952193e-06 1
4.888896e-05 125
1.925339e-05 3
1.861695e-05 1
2.010575e-05 1
1.368900e-04 1
5.085651e-05 53859
8.296116e-07 2
2.447420e-05 5
1.744118e-05 2
3.768365e-05 1
3.418755e-05 6280
7.437564e-05 2
1.159209e-04 1
6.721428e-06 1
2.855517e-05 32736
8.050054e-05 1
8.025866e-06 1
1.306359e-05 1
5.388641e-05 2
5.512913e-05 28376
1.665967e-05 61
1.471272e-04 2
1.875490e-05 1
2.039081e-05 1
9.582712e-05 2
2.448089e-05 2
8.715706e-05 1
2.478859e-04 1
5.920082e-05 6
3.269632e-05 1
1.351474e-04 29
5.821257e-05 6
2.000818e-04 3
1.095992e-04 1
4.142563e-05 1
1.371692e-06 87
1.053381e-05 7
1.313910e-05 3
7.329576e-07 2
1.304759e-04 1
5.168168e-05 1
1.889025e-05 7
1.644189e-05 1
1.850199e-05 246
1.491470e-04 422
2.595312e-05 3
4.428784e-05 1
1.603788e-04 1
1.929280e-05 294
9.587044e-05 1
1.131512e-04 1
1.778919e-05 2
2.032476e-05 1159
8.769083e-05 1
1.689894e-04 5
7.057531e-06 1
1.044238e-06 1
7.949108e-07 2
2.645313e-06 2
3.238154e-06 190
1.308139e-05 1
1.068045e-05 3
1.599289e-06 1
8.975484e-05 246
9.199469e-07 1
6.333136e-05 1
1.258038e-04 6
5.923719e-05 1
2.533066e-05 26
2.175042e-05 1
2.343258e-05 2
8.872639e-06 4
4.286703e-05 6
1.844266e-05 1
2.253435e-05 46
1.024993e-05 2030
3.673500e-05 1
6.854820e-07 1
1.643372e-05 1
9.741765e-05 2
1.089760e-04 1
1.340528e-05 564
4.373822e-05 1
1.517122e-04 1
7.544405e-05 1
1.089715e-04 1
1.771899e-05 3
1.032556e-05 1
2.853058e-05 1
2.293655e-05 1
3.494709e-06 2
7.137903e-05 1
1.615623e-05 2
1.170781e-05 1
1.011288e-04 1
3.118232e-05 110
5.187321e-05 1
4.411407e-06 2
1.299416e-05 1
1.241905e-05 1
3.116511e-05 4
2.450043e-05 1
6.486101e-05 175
4.508277e-05 2
2.383842e-05 1
1.527811e-05 1
2.441028e-05 332045
1.416008e-05 4
9.137827e-06 221
9.364832e-06 6
6.405920e-05 1
5.050248e-05 1
1.139265e-04 3
5.232202e-05 1
3.772693e-05 1
1.804410e-05 1
1.735441e-04 2
8.487549e-05 1
5.641554e-05 6
1.448402e-05 2
1.785860e-05 1
3.562194e-05 1
2.640034e-07 204
2.793918e-06 2
7.858905e-05 1
2.398187e-05 1
4.689667e-05 1
3.645497e-05 1
1.463474e-05 1
1.056974e-04 3
2.872436e-05 3
1.316105e-04 7
3.791409e-06 1799
5.882121e-05 1
1.594037e-06 2
8.515114e-05 6
6.273086e-06 7
8.415041e-05 2
1.050938e-04 1
4.979739e-05 118
8.865141e-05 4
5.595334e-06 5
5.607470e-05 1
9.054905e-07 7
3.176485e-05 1
3.714040e-05 1
7.530834e-05 3
1.399893e-05 1
2.375378e-05 153
6.508591e-05 1
2.428284e-05 3
8.318932e-05 4
7.881326e-05 1581
8.290398e-06 6
1.581488e-05 3
2.401214e-05 6
1.045851e-05 4152
5.926531e-06 2
4.966498e-05 1
5.993667e-05 17597
1.137937e-04 1
1.010956e-05 2
5.137465e-05 3
3.407584e-05 196
2.995667e-04 1
3.113128e-05 5
3.164916e-05 1
1.045109e-04 234
5.957197e-05 1
1.111456e-05 3
1.410454e-05 1
1.272872e-04 239173
2.833610e-05 4
7.942508e-05 1
3.411751e-05 113
1.230144e-04 1
1.216811e-04 7
1.032455e-05 171
1.029212e-04 1574
1.429521e-05 1451
3.332113e-05 2
5.574088e-05 49155
2.013856e-05 1
5.380274e-05 1
1.214015e-04 1
7.533249e-06 1
4.295787e-05 2
2.713109e-05 3
5.713911e-05 1
1.419803e-06 3
4.297633e-05 1
1.850233e-04 1
1.410416e-06 1
7.148609e-05 1
1.923280e-05 3
4.561763e-05 1
2.404405e-05 2
7.217035e-05 17512
1.391519e-05 1
3.391343e-08 15
1.778884e-05 1
1.562799e-04 3
3.364484e-05 1
1.384714e-04 2
4.473850e-05 1
4.290254e-05 1
4.668764e-05 597
2.808225e-05 260
1.658895e-05 2
1.974740e-05 1
5.690278e-05 1
1.753244e-04 1064
2.294841e-06 3
8.901100e-06 1
4.422551e-05 4
5.599687e-05 5
1.814807e-05 1
3.404328e-05 1
5.732232e-05 1
3.668326e-05 1
4.821427e-05 1
3.566969e-05 7
2.716963e-05 261
1.954272e-05 225
2.521141e-05 1
3.309567e-05 1876
1.814834e-06 1
9.277289e-05 3
4.011062e-06 1
1.480017e-04 2
2.845938e-06 1
2.094271e-05 100
7.517374e-05 2
1.111343e-04 304
5.752939e-05 6
1.087268e-05 1
1.178327e-04 5
2.822273e-05 91
3.549531e-05 6
5.835207e-05 1
6.808617e-05 1
3.776877e-05 3
9.683244e-05 1
4.924297e-05 7
7.419422e-05 28
9.276822e-06 1
2.596611e-05 2
2.219963e-05 122
2.486790e-05 1
6.207763e-05 1
8.948634e-05 1
3.088216e-05 5
2.250316e-05 1
5.540955e-05 1
3.203788e-05 1
1.080939e-05 1
2.380744e-05 2
2.929739e-05 1
2.769773e-05 1
7.503987e-07 1
2.133768e-04 1
2.875076e-06 12
2.951251e-05 64864
2.221825e-05 1
2.802837e-06 73
1.656455e-05 2
1.798942e-05 1
5.958803e-05 1
2.926096e-05 4
9.755517e-06 1
1.016614e-05 1
1.353711e-05 10
3.310700e-05 368258
4.551749e-05 1
2.604022e-05 3
3.205880e-05 59806
1.440390e-05 1
1.728583e-06 1
1.652446e-04 2
5.789101e-05 3
1.015034e-05 1
8.760681e-06 4
6.137939e-05 1
4.360361e-06 1
4.957076e-05 2
4.966084e-05 1
5.677746e-05 1
9.805127e-06 1
2.069215e-04 1
8.623257e-05 1
1.255541e-04 1
4.316232e-05 1
3.794075e-05 6572
9.422922e-06 169
2.306534e-05 1
7.778277e-05 4
1.078403e-04 1
1.509184e-05 101
3.079811e-05 3
3.651365e-05 1
4.940141e-05 1
7.164978e-05 1
6.262800e-05 1
3.329513e-05 22
4.219583e-05 1
4.580768e-06 1
2.415221e-05 1
5.231321e-06 1
1.887559e-05 3
3.445294e-05 4
8.101230e-05 3
4.409946e-06 1
2.526554e-05 1
4.708386e-05 1
4.309267e-05 61258
3.261833e-05 192
4.859102e-05 1
3.494709e-06 1
5.698638e-06 4
3.121180e-05 3
1.384159e-05 2
4.017766e-05 1
5.959910e-05 1
1.429602e-04 1975
1.026448e-05 1
5.622627e-06 1
1.506175e-04 1
4.680521e-06 1
1.487180e-05 806
3.089373e-05 1
3.403069e-05 5
5.724819e-06 3
2.087814e-05 182721
7.971283e-06 85
4.718308e-06 3
5.641653e-06 7
2.119566e-04 1
3.855452e-05 3
1.466745e-04 22
9.084917e-05 1
8.068337e-05 1
1.139813e-05 3
2.521080e-05 1
1.004089e-04 1
1.169407e-05 1
5.468181e-05 1
7.167563e-06 1
6.820811e-06 2
9.530415e-06 3
3.057334e-05 1
6.550189e-05 6
3.124470e-05 1
4.301993e-05 1
2.577144e-05 1
5.113888e-05 14244
1.087088e-05 1274
6.093568e-05 65816
2.025265e-05 1
5.611053e-05 1
6.471374e-06 1
4.514871e-06 3
8.659485e-05 3
1.319886e-04 1
1.817947e-05 3
8.078982e-05 214
1.946429e-05 2
6.989219e-05 1
5.830013e-05 2
5.915888e-05 4
6.387643e-05 1
3.477329e-04 2
1.633458e-05 1
9.566718e-05 1
6.166808e-05 1
2.968280e-05 1
1.628805e-05 1
4.376885e-07 1
2.018024e-05 126
5.841845e-05 2
1.328379e-04 1
6.547369e-05 25
1.883608e-05 1
1.401745e-05 3
4.662220e-06 1
2.477350e-05 1
1.334695e-04 1
4.848024e-05 1
4.540686e-05 1
9.922449e-05 7
4.033039e-06 1
2.210787e-05 1
1.543441e-05 1
9.608916e-05 1
5.172187e-05 1
1.040222e-04 1
4.934900e-05 1
3.713066e-05 176
2.561800e-05 2
3.446221e-06 1
1.482655e-04 95
8.732801e-05 1
1.279239e-04 3
2.137045e-05 3
3.517241e-06 1
4.552853e-06 1
5.208537e-05 1
5.956901e-05 1
1.867124e-04 3
1.265526e-04 1
1.462863e-04 104
6.246997e-05 1
1.103183e-05 164
5.819456e-05 3
4.069691e-05 1
4.585562e-05 2
2.978377e-05 3
5.524153e-05 1
1.226963e-05 5
1.083821e-05 1
5.544399e-06 15426
4.127271e-05 1
4.860093e-05 1
3.161097e-05 1
4.088942e-05 273
3.566298e-06 2
9.396787e-07 1
7.879935e-06 2
4.401089e-05 1
1.143672e-04 1760
5.458415e-06 3
9.877102e-06 76
4.062057e-05 1203
1.334225e-06 252
2.314168e-05 1
2.641367e-05 3
2.985919e-05 1
9.468963e-06 1
5.642704e-05 1
6.600047e-07 3
7.405601e-06 2
3.852630e-06 2093
1.547960e-04 3
2.918915e-06 1
2.452485e-05 3
3.659940e-05 3
1.382907e-04 1
5.356217e-05 2
1.914868e-06 6
8.310251e-05 1
6.701382e-06 861
7.394046e-05 1
1.430998e-04 1
2.099619e-06 2
2.684888e-05 1
1.432681e-04 1
8.934051e-05 2
3.495456e-06 700
3.191828e-05 1
1.312469e-04 54660
2.504690e-05 1
4.493090e-06 172
1.430466e-04 1
3.182943e-05 1
1.317724e-05 146
3.086771e-05 1
9.599476e-05 3
5.765400e-05 3
4.945106e-05 1
6.439577e-05 1
5.960949e-05 1
1.252524e-05 1
1.026670e-04 256
1.650197e-04 3
1.703189e-05 1
6.375847e-05 1
3.330748e-05 1
1.211813e-05 6
3.935093e-05 1
8.183692e-06 1
8.596787e-06 1
3.979510e-05 19096
1.823753e-05 77
1.057101e-04 2
4.403401e-05 1
5.530089e-05 1
7.742498e-05 201
3.643673e-05 3
9.000390e-05 266684
2.441647e-05 1
1.552266e-05 1
1.303540e-05 1
1.029719e-05 1
6.841055e-07 1
5.398288e-06 6
1.699962e-05 1910
2.731679e-05 65
1.039736e-04 1
4.038585e-05 157
8.621597e-05 1
6.610288e-05 1
6.489702e-05 1
6.154931e-05 4820
8.821400e-05 1
4.100651e-05 2
1.263022e-05 218
1.512917e-04 1
1.003168e-04 2
7.672915e-05 1
4.262637e-05 1
8.142452e-05 202
6.652249e-05 1
2.124589e-06 3
6.968948e-06 1
2.697980e-05 31
2.295242e-04 5905
8.842361e-05 1
5.633841e-06 4
5.734635e-05 932
2.031258e-04 1
8.552193e-06 1
3.691241e-05 1397
6.937510e-05 2
2.704231e-05 1
4.157875e-06 3
2.752628e-05 1
3.679814e-06 1
9.110544e-05 61447
7.434590e-05 7
2.916371e-05 1546
8.354268e-05 3
3.934424e-06 1
8.651710e-05 1
3.933256e-05 1
1.360039e-05 1
7.183379e-05 672
2.305050e-05 1
2.656272e-05 1
4.023564e-05 6
2.070879e-05 1
4.493810e-06 3
1.032046e-05 1
1.400376e-04 1
4.457494e-05 1
3.709633e-05 1
1.034374e-04 2
2.756238e-05 104
1.946451e-05 612654
1.228014e-05 1
6.961582e-06 124
1.642118e-05 1
6.187902e-05 1
1.264908e-05 300
2.896727e-05 7
3.125962e-05 20430
2.689455e-05 1
3.984046e-05 262
2.551377e-05 1
3.238368e-05 258
1.253196e-05 2
8.725239e-06 7
5.552657e-05 1
4.862058e-05 1
5.668386e-05 1
1.030696e-05 5
3.659271e-05 2
3.515259e-06 1
1.523263e-05 1
4.283156e-05 1
3.318278e-05 1
1.437576e-04 7
5.860332e-05 1
1.042730e-05 1
9.237277e-05 66179
8.466204e-07 142
7.261125e-05 4
6.596116e-05 1
9.439063e-05 1
1.283180e-04 1
4.817275e-05 1
1.908686e-06 1
1.086193e-04 6
1.608436e-05 1
5.171090e-06 80
5.704377e-05 1
5.239547e-05 2
4.247589e-05 144
9.308554e-06 1
3.434082e-05 1
2.874671e-05 114
5.429640e-05 3
1.590905e-05 1
2.528133e-05 1
3.289283e-07 27565
9.261186e-05 1
3.763338e-05 522
1.129321e-05 1
1.102316e-04 172
4.064739e-05 11600
3.283277e-06 1
5.602124e-05 2
1.607950e-04 1
8.466159e-05 1
3.519644e-05 58
2.364745e-05 3
1.107046e-05 5
7.022096e-06 1
5.578977e-05 7
3.307178e-05 1
1.379286e-05 1
1.155658e-05 2
1.467405e-05 1
5.821248e-07 10772
7.936822e-05 1
2.502137e-05 152
1.119663e-04 1
9.011457e-06 2
9.066888e-06 2
1.573409e-06 146
8.894545e-05 1
2.055903e-04 2
6.863030e-06 3
7.551026e-05 4
9.944858e-05 1
4.542069e-05 1
4.655045e-05 3
1.124596e-05 1
4.042341e-05 1
1.742831e-05 1
5.607643e-07 2
3.685552e-05 3
1.043323e-05 1
1.010669e-04 4
4.434056e-05 1
3.391858e-05 1
6.525125e-05 1
1.666945e-05 4
4.636907e-05 2
4.758888e-05 475
6.135815e-05 2
3.038932e-05 1
2.119659e-05 2
7.607375e-05 1
4.307878e-05 1
4.347164e-05 1
2.479161e-06 7
4.797831e-05 1
1.243045e-05 2
1.011043e-04 748
3.092072e-08 1
2.859590e-06 1
1.597022e-05 3
4.809451e-05 3
1.289375e-05 1
7.127153e-05 1
1.543943e-05 1
8.667571e-05 189
2.215335e-05 1
1.131301e-05 1
1.215879e-04 1
1.957540e-05 7
3.538137e-05 1
5.586896e-06 1
3.818561e-06 6
1.957597e-05 3
7.368530e-05 1
1.852990e-05 1
2.300627e-05 1
7.735589e-05 2
2.467036e-05 1
1.020537e-05 2
7.215834e-05 2
1.583615e-05 1
1.267361e-04 1
3.540271e-05 1
4.059745e-06 188
3.170752e-04 1
1.658481e-04 1
2.824739e-04 1
8.054361e-05 2
8.088695e-05 2
2.375823e-05 3
1.311819e-05 1
4.910388e-05 1170
5.911137e-06 1
1.214911e-06 1357
2.126072e-04 2
5.196756e-05 93
6.870195e-05 1
1.075679e-04 1
9.369870e-06 2
1.794066e-06 177
3.197188e-05 6
3.326541e-05 185
8.395941e-06 1
1.525901e-05 26091
7.940085e-05 1
5.673672e-05 1
1.307427e-05 2
8.678569e-05 1
1.431219e-05 135
1.939635e-05 101
1.139726e-04 1
1.719967e-05 1
5.333899e-05 1
3.972977e-05 1
2.781787e-05 1
1.561800e-05 1
1.215507e-04 123
9.006649e-05 1
3.776730e-05 91
7.576290e-06 1
6.020775e-05 1
7.036081e-06 1
5.099970e-05 127
8.543856e-06 1
3.037041e-05 3
1.374237e-04 1
2.683445e-05 40
9.092966e-06 2
3.793398e-05 1
6.033302e-06 1
2.624528e-05 1
7.126018e-06 1
5.504786e-05 46688
2.249031e-05 35168
9.344819e-05 3
4.938023e-06 1
1.448469e-04 1
1.058447e-04 138
1.078383e-06 28033
5.196189e-05 146
1.272988e-04 1
2.432212e-05 4
1.579818e-05 1
8.994175e-05 1
3.579387e-05 1
2.178603e-05 1
6.961351e-06 205
2.801912e-05 103
3.089028e-05 4
7.049884e-06 170
6.723653e-06 1
1.375552e-05 1
7.227208e-06 50203
6.180407e-05 1306
3.503051e-05 1969
3.945794e-08 1
1.691493e-05 1
3.039711e-05 4
8.596762e-06 3
1.034986e-04 7
1.949212e-05 851
3.373949e-05 216927
5.313613e-05 1
4.036990e-05 1
1.210341e-05 3
1.059296e-04 3
6.166674e-05 3
6.068940e-05 2
2.127960e-06 1
1.460989e-06 1
1.788527e-05 1
7.940463e-05 1
6.505146e-05 6
3.584054e-06 1
5.534684e-05 218
8.664869e-05 6126
4.861116e-05 3
1.051739e-04 2
1.203016e-05 214
8.960384e-06 1
5.001885e-05 3
7.817786e-06 1
1.643786e-04 1
9.026332e-05 2
6.616103e-05 9283
2.973134e-06 3
1.981646e-04 5
4.095772e-05 1
1.760473e-05 1
1.158037e-05 1
5.383537e-05 2
1.004473e-04 1
2.500294e-05 2071
5.987834e-05 3
2.214575e-05 99
2.843510e-05 1
6.843250e-05 1
5.508093e-06 1
9.717541e-06 117
8.841433e-05 214
9.817774e-06 215
2.069008e-05 1
3.358748e-05 1
7.563467e-05 53032
1.357456e-05 1
4.728803e-05 4349
2.608869e-05 139
4.355902e-05 519
7.051004e-06 1
7.778919e-05 2
1.888912e-06 1
6.341740e-05 2
5.526520e-06 1
4.586848e-05 303
5.318392e-05 238
1.383126e-05 1
6.264242e-06 6
3.933537e-05 1
9.187886e-06 1
1.443455e-05 152
1.144814e-04 3
1.394645e-06 1469
9.977992e-05 2
3.685736e-05 2
1.108324e-04 1
1.294929e-04 1
2.023733e-05 4
4.242769e-06 6
2.949711e-05 44
1.776595e-04 1
1.364164e-05 1
2.053289e-05 1
8.001518e-05 3
1.350193e-05 120
5.950897e-05 7
8.300298e-05 2
2.177134e-05 1
2.363617e-06 1
6.984075e-05 1
3.439153e-05 1
3.669489e-05 1
4.137260e-05 5
4.648667e-05 3
1.141903e-04 1
4.300638e-05 255
3.712133e-05 123
7.595326e-06 1
5.795340e-05 3
2.890479e-06 1184
1.970642e-05 1
4.054152e-05 495
9.870835e-06 4
6.080424e-05 1
6.529058e-05 320
1.012323e-04 1
1.590791e-05 2
4.455019e-05 2
2.118370e-05 1
1.518251e-04 1
5.491142e-06 4
4.926210e-05 1
7.878741e-05 5
1.649137e-05 3
5.743104e-05 1
2.454064e-05 1
4.102982e-05 942
2.189548e-05 8
2.938923e-05 1
6.361510e-05 3
3.496787e-06 57
2.399452e-06 2
2.055893e-04 54538
1.028346e-04 227
2.770236e-05 4
4.873515e-05 1
3.542184e-05 261
4.916705e-05 1
1.218659e-05 2
3.649434e-05 1
1.174892e-04 52581
4.804935e-05 3
3.914820e-05 6
6.179654e-05 1
9.125271e-05 2
8.447934e-05 1
2.455538e-05 6
1.164496e-05 57898
1.254865e-06 33142
2.603089e-06 1
3.291365e-05 4
6.582121e-05 1
2.585022e-05 1
4.342248e-05 1
3.185213e-05 153
3.624751e-06 1
1.614736e-06 2
9.060932e-06 3
8.846084e-06 1
1.246024e-05 1
2.443905e-05 4
5.373355e-05 1
2.585006e-05 2
4.229609e-05 1
4.045968e-05 1
7.943296e-06 4
3.566272e-06 2
3.216205e-05 1
4.530953e-05 7
5.299965e-08 1
1.959313e-05 1
2.149005e-05 401
1.385165e-04 3
1.910740e-06 2
3.654071e-05 1
9.218230e-06 38193
6.521975e-06 24428
5.041310e-05 1
2.778045e-06 35237
1.672789e-05 1
8.767808e-05 2
1.776403e-05 362528
1.211936e-05 1
1.343210e-04 3
2.255028e-05 32698
5.328839e-06 225
5.988531e-06 243
2.055018e-05 1
9.998732e-06 442
2.291719e-05 1
3.991729e-05 3
4.393254e-05 189
2.679717e-05 1
2.805224e-05 74
1.529937e-04 3
1.992647e-05 1
1.030336e-05 1
4.050080e-05 6
7.018104e-05 94
3.581476e-05 1
2.942998e-06 1
7.181269e-05 163
3.407711e-05 1
9.414571e-05 1
2.950480e-05 204
1.098061e-04 1
1.249939e-05 255
8.287215e-06 4
7.418357e-05 1
1.741288e-05 192
2.115748e-05 1
1.508306e-04 1
2.043115e-05 135
2.284132e-05 2
1.949908e-05 1
2.008645e-05 54082
2.521596e-05 1
1.362326e-05 1
3.878756e-05 1
5.931791e-05 1
9.071836e-05 3
1.149963e-04 1
2.267428e-05 2
1.076712e-05 2
2.471574e-06 3
2.150207e-05 169
4.548808e-05 1
9.091580e-05 3
2.394929e-05 1
2.892860e-05 5
3.226372e-05 7
1.976666e-05 155
6.786123e-06 1
3.416438e-05 218
9.038973e-05 1
5.501988e-06 75
3.521135e-05 1
3.504849e-05 7
1.967336e-04 1
3.495033e-05 2
1.861091e-05 19557
5.002660e-07 7
3.292708e-05 1
1.014379e-05 106
1.109616e-04 4
3.306959e-06 1
9.294363e-05 1
1.862514e-05 1
3.042719e-06 1
1.824684e-05 4
5.656540e-05 5
1.065412e-05 1
4.295094e-05 1
5.512466e-05 28471
7.609981e-05 1
1.802147e-05 62867
4.328092e-05 243
5.854489e-05 3
1.155961e-05 173
6.411113e-06 1
2.024051e-06 1
8.324968e-05 1
3.122096e-05 188
1.695668e-05 1
2.607820e-05 3
5.312370e-05 1
1.857261e-05 2
6.303035e-05 3
5.409906e-05 179
5.810195e-07 1
1.239446e-04 997
1.002226e-04 1
3.841594e-05 1
3.792901e-06 3
4.288727e-05 1
1.861158e-04 1
2.328058e-05 1
1.865371e-05 1
6.075362e-06 1
6.476562e-05 1
5.956255e-05 1
4.690798e-05 1
2.251631e-06 140235
1.163695e-06 1
3.256262e-05 195
1.205742e-04 1752
8.301668e-06 1
1.424851e-06 2
3.666051e-05 1
2.785314e-06 182
1.414062e-04 1
4.879923e-05 48
4.929371e-05 1
7.405756e-06 23345
4.613416e-05 6
3.055135e-05 1
1.458435e-05 1
3.159091e-05 1
1.192593e-04 5
4.061635e-06 81
6.007498e-05 1
1.362312e-05 6
2.461669e-04 3
7.821562e-06 233
4.671379e-05 263
1.227111e-05 5
1.274405e-05 74
8.288474e-06 4
5.310860e-06 4
3.645766e-06 3
1.246929e-04 2
1.305872e-04 1090
1.473977e-05 1
1.822888e-05 1
7.229260e-06 3
3.506514e-05 6
1.863744e-04 138
5.131856e-06 2
1.321645e-05 2
1.102457e-05 1
5.791869e-06 1
1.763441e-05 1
1.959535e-05 3
3.416247e-05 3
9.671098e-06 1
4.475626e-05 6
1.402029e-05 1
7.752317e-05 1
1.950395e-06 3
3.521781e-06 1801
9.347710e-05 1
1.135412e-04 7
6.648034e-05 1
3.803516e-05 1
6.655190e-05 1
4.304266e-05 1
2.537123e-05 3
8.733978e-06 1
3.616018e-05 3
8.857576e-06 1
4.962176e-05 1
1.231493e-05 1
1.751365e-05 104
4.858666e-05 163
2.319223e-05 1824
8.499652e-06 3
2.147149e-05 1
7.708507e-05 34093
2.610739e-05 5
5.737843e-05 1297
7.466387e-05 1
3.022492e-05 1
3.940670e-05 46885
6.515437e-05 1
1.114475e-05 943
9.627422e-06 1
2.350607e-05 2
6.518014e-06 246
3.522244e-05 110
2.423052e-05 1
1.203275e-05 1
2.455249e-05 1
3.643863e-05 3
1.764625e-05 3
2.330717e-05 1
2.212506e-05 1
2.539689e-05 156
2.081058e-04 3
2.695937e-05 2
3.163518e-05 1
2.211898e-05 1
6.872409e-05 2
1.542041e-05 1
1.477059e-05 1
1.599575e-04 6
2.519749e-05 1
6.613512e-05 1
1.149850e-04 5
1.089202e-05 1
4.865164e-05 2
2.480870e-05 246
3.847305e-05 2
1.132199e-04 7
1.896366e-07 1
9.442469e-05 1
1.624035e-05 1
1.408529e-05 3
1.398232e-05 2
1.465415e-05 1
4.857016e-05 1
3.555134e-05 1
1.586322e-06 493546
9.008666e-06 1
5.836499e-05 3
6.918627e-05 3
8.619281e-06 1
7.409933e-06 1
1.452688e-04 280273
1.165402e-04 1
8.141626e-06 6
4.347343e-06 2
1.039337e-04 1
6.160014e-06 45594
2.435511e-05 2
2.055265e-05 1
6.748375e-07 1
8.653174e-05 3
2.975596e-06 1
5.362803e-06 34
4.991667e-05 4
6.549544e-06 1
2.707362e-05 1
1.267946e-05 1
1.323627e-05 3
3.326657e-05 3
4.044774e-05 1
4.610594e-06 2
1.480123e-06 183
2.405636e-05 2
3.099651e-05 227
1.125849e-04 2
1.660004e-05 5
3.085832e-05 34251
1.105061e-04 1
2.562844e-05 1
1.218345e-05 174
5.694595e-07 1
1.103184e-05 1
5.244753e-05 1
2.873845e-05 1
1.429269e-04 147
2.525353e-05 23962
3.017167e-05 1
3.959538e-06 1
3.838679e-05 2
4.528564e-05 1
4.656066e-06 2
1.566049e-05 1
8.813238e-06 1164
1.029093e-04 437
1.887770e-04 2
1.881888e-05 1
1.640051e-05 6
5.614826e-05 6
1.918126e-05 1
7.692629e-05 1
2.301179e-04 3
7.725315e-06 1
1.244197e-04 6
1.908299e-05 15076
4.815605e-05 6
1.385389e-05 1
1.959245e-05 1
4.150076e-05 1
8.264351e-05 1
7.780098e-06 1
5.936512e-06 42106
1.353606e-04 1
1.387597e-04 1
4.573865e-05 1
1.782770e-06 1
4.593674e-05 160
2.714125e-05 1
2.714709e-05 1
1.334216e-04 1
4.200595e-06 1
3.296124e-05 3
5.568150e-05 1
3.929573e-05 1
4.136349e-06 33916
8.382949e-05 7
1.059477e-05 3
5.166643e-05 1
1.450976e-04 6
3.626540e-05 1
2.477016e-06 1
5.756006e-05 1
2.814956e-04 57060
6.796003e-06 378985
2.386166e-07 1
1.863812e-06 62
1.914353e-05 1962
2.787810e-05 1
1.915549e-05 2
1.048882e-04 1
8.141850e-05 1
1.058764e-04 1
7.368092e-05 1
2.336366e-06 4
1.032098e-04 3
6.260533e-05 3
1.972626e-05 19901
6.304170e-05 1
3.162839e-05 3
5.807976e-05 265
1.745520e-04 1
7.499758e-05 1
1.626970e-04 1
2.183444e-05 254
7.296898e-05 3
2.733628e-05 4
1.245137e-04 1
7.073565e-05 1
5.084953e-05 7
2.039901e-04 2
2.453529e-05 1
1.088216e-05 6
1.111564e-04 39362
6.961086e-05 55096
4.659959e-05 241
1.593042e-05 1
4.893531e-05 1
3.932957e-05 523
2.172505e-05 1
1.168144e-05 1
7.651450e-05 1
2.644849e-05 3
3.793981e-06 3
1.098597e-04 1
2.015094e-05 2
6.978760e-05 2
1.442880e-05 3
2.169195e-05 6
3.070988e-05 5
5.025742e-06 1
3.405972e-05 1
2.218583e-05 4
1.120280e-06 1
2.058693e-05 3
3.250906e-05 1
6.411083e-05 1
4.741316e-05 1330
3.770005e-05 1
4.444677e-05 3
3.521054e-05 1
3.465663e-05 85
7.036173e-06 1
4.111341e-05 889
1.868962e-05 1
1.521515e-05 1
4.065767e-05 1
1.154758e-04 95
1.524440e-04 1361
7.222568e-05 1
2.082291e-05 1
2.729561e-05 1
5.233438e-08 1
1.651680e-05 1
2.811057e-05 4
6.646046e-05 1
5.530814e-05 1
1.236721e-05 1
2.135089e-05 1
2.597900e-05 1
1.195678e-06 266
1.463311e-05 1
3.665639e-05 1
6.549520e-05 1
1.945849e-05 1
9.882394e-05 1
6.415252e-05 87
8.128525e-05 1
5.506657e-05 1598
2.297615e-04 4
6.740164e-05 39305
6.438243e-05 2
6.331472e-05 2
1.262065e-05 713
6.349842e-05 2
4.451193e-05 3
1.817392e-05 1
3.520701e-06 1802
2.212325e-05 1
4.859651e-05 1
6.405482e-05 5
3.913404e-06 122
1.474397e-05 1
3.913052e-05 1
6.445206e-06 3
6.582961e-06 1
2.068189e-04 1
2.035635e-05 3
1.355673e-04 214
4.375969e-05 1
6.378252e-06 7
1.489559e-05 7
3.800043e-05 1
9.210055e-06 1
3.221819e-05 645
3.471806e-05 1
7.605510e-06 1
2.314035e-05 58383
4.252207e-05 1
3.921633e-05 1
3.690235e-05 5
1.346801e-05 3
2.254009e-05 16467
1.408381e-05 3
1.356259e-05 1
6.327743e-05 1
1.311002e-06 46109
8.714519e-05 3
3.678084e-05 1
1.933700e-06 1
6.187228e-05 1
2.229240e-05 1910
8.254839e-06 1
1.628294e-05 1
3.523551e-05 56104
2.605962e-06 5
5.950636e-05 1
3.893845e-06 2
5.123682e-05 1
1.330277e-05 1
2.153595e-05 1
1.901293e-04 1
2.442293e-05 1
3.633268e-06 15018
3.707806e-06 1
8.860782e-05 264
1.302129e-04 1
7.465089e-05 32949
2.644338e-05 1
4.234796e-05 230
1.143170e-04 1
1.277115e-05 1
2.913594e-05 1
3.736547e-05 1
1.085002e-04 3
9.639926e-06 1
6.992221e-06 2
1.291191e-04 148
1.130441e-04 1178
3.659760e-05 2
1.754929e-04 1
7.003891e-05 1
1.922974e-05 1
3.621331e-05 3
5.088835e-06 1
2.979827e-05 1
3.463901e-05 32
1.989082e-04 2
1.869294e-05 44
2.331770e-04 37459
7.559906e-05 7
1.420521e-05 2
2.499035e-05 1
5.613902e-05 219
1.427123e-04 1
1.112761e-04 2
2.335064e-06 1
1.727677e-04 399
6.290750e-05 1
4.992674e-06 1
9.473202e-06 1
6.012211e-05 2003
6.446680e-05 1
4.778732e-05 3
1.061128e-04 2
1.222372e-04 2
1.816304e-05 3
4.531375e-05 1
5.726477e-05 1
1.454510e-05 1
6.796357e-05 3
1.007899e-04 1
5.728044e-06 1
1.336869e-04 226
5.590434e-05 1
1.027366e-04 2
3.357357e-05 2
2.769507e-06 23
9.069954e-05 1652
3.056451e-05 144
6.935908e-05 87
4.443503e-05 1
5.221097e-05 1
4.898205e-05 3
4.911202e-06 4
8.224182e-05 3
2.934532e-05 2
5.396468e-05 1
1.090721e-05 564842
4.000807e-05 4
1.674409e-05 54
7.230581e-05 98
2.127177e-04 71
2.356938e-06 1
1.557765e-05 1
6.573355e-05 1
4.080943e-05 325088
6.119534e-05 144
7.641434e-05 1
3.743753e-05 1
1.478045e-05 1
9.740641e-05 215
1.901585e-05 1
6.600011e-06 7
2.020204e-05 1
5.639311e-06 4
3.543587e-05 2
1.545695e-05 1
8.988752e-06 1
7.612100e-05 228
1.912842e-05 1
7.043871e-05 7
1.502352e-05 1
2.845728e-05 174817
2.849028e-05 1
1.695631e-05 512659
1.424595e-05 1
4.499671e-05 198
1.076567e-05 5
5.856433e-06 1
2.766173e-05 98
4.815067e-06 1
6.438265e-05 7
8.115476e-06 1
4.273358e-05 6
8.919571e-05 5
2.756951e-04 1
5.221481e-05 1
4.607747e-05 181
1.132605e-04 142
7.449350e-06 1
5.964398e-06 1
4.923719e-05 1
6.815755e-05 1
5.391169e-06 219
1.063987e-05 3
2.329694e-05 2
1.539241e-04 517
1.515687e-04 244448
2.520779e-05 1
2.088402e-04 3
3.208698e-06 1
2.315214e-05 1
1.840128e-04 43753
1.800137e-04 1
7.593076e-05 1
2.545566e-06 1
5.232438e-05 53
3.416750e-05 110
6.484369e-06 1
6.295697e-06 1
9.621203e-07 7
1.893571e-04 1
2.894556e-05 1
1.245232e-04 7
5.610340e-05 220
1.352787e-05 118
4.294118e-06 1
2.097021e-05 125
4.668423e-06 7
1.263097e-05 30
1.537421e-05 4
3.479932e-05 1
4.669393e-05 52185
1.116347e-05 1
4.752323e-05 4
3.410565e-05 1
9.115024e-05 117
7.611637e-06 28249
5.226830e-06 3
7.516547e-05 2
1.110803e-05 24
7.471822e-06 1
1.142138e-06 7
4.032432e-06 3
2.311978e-05 3
6.159474e-05 4
7.409382e-06 1
3.734223e-05 1
9.716422e-05 330
1.943775e-06 280
1.561526e-05 1
1.810172e-05 1
2.167345e-04 1
2.718411e-04 1
3.609148e-05 1
1.644191e-05 238
2.235923e-05 1
6.238231e-05 137
3.043579e-05 2
3.482450e-05 1
6.067078e-07 1
2.152909e-05 113
1.397502e-05 277831
1.313931e-04 1
7.077129e-06 1
3.773087e-05 3
1.895103e-04 1
1.379499e-05 1
9.044454e-05 128
2.778491e-05 6
2.174413e-05 1
6.887733e-05 1
8.645235e-05 246
7.142380e-06 3
1.862422e-04 192
3.563022e-07 1
2.627583e-04 2
3.707146e-05 3
3.984461e-05 2
2.715018e-05 1
4.775599e-05 1
1.612759e-06 7
3.706929e-05 1
7.756635e-05 1
5.899783e-05 2
1.526355e-04 210
2.013534e-05 588
3.334722e-05 1687
2.600719e-05 5
1.054881e-04 1
2.366731e-05 3
3.847220e-05 1
5.338860e-06 3
2.399484e-05 218
2.191404e-06 189
2.820609e-05 12195
5.429908e-05 1
1.305722e-05 3
9.313909e-07 160
1.077500e-05 1
1.178835e-04 1
2.383200e-05 30352
9.569479e-07 163109
5.076813e-05 1
8.448909e-07 2
6.876090e-07 1
1.131063e-05 33
7.176840e-05 1
1.755309e-05 1
1.085510e-04 1
7.933248e-05 1
8.684667e-05 1
3.233623e-05 1
4.585944e-05 5
4.870984e-05 2
2.658179e-05 1
4.565006e-07 6
1.682325e-06 6
2.070126e-05 1
6.464100e-06 1
5.432784e-05 2
3.599587e-05 1
1.521193e-05 3
1.626366e-05 2
7.744870e-05 6
2.710612e-05 1
6.041109e-05 3
2.711051e-05 2
4.668290e-05 1
2.330750e-05 1
1.212518e-04 1
2.088084e-04 1
1.910653e-05 3
2.802679e-05 2
2.714530e-06 28
2.001586e-05 3
1.189082e-04 2
9.534385e-05 1
2.039493e-05 165
3.987528e-05 1
1.765842e-05 2
8.099475e-06 1
1.980574e-05 233
1.782049e-04 75
2.645299e-05 6
4.534886e-05 2
3.004313e-05 1
3.304460e-05 250
8.127769e-06 1
1.976491e-05 7
3.146901e-05 94
7.982240e-05 1
8.643008e-06 20102
3.480261e-06 6
6.902095e-05 7
6.192376e-06 1
8.406627e-06 3
6.332982e-05 1
6.175411e-05 2
1.965936e-05 2
1.984112e-05 1
6.701600e-06 1
1.896047e-05 1
2.213804e-05 1
8.895414e-07 3
4.055769e-07 55752
5.977168e-05 6
2.028622e-05 4
4.614868e-05 1
4.866252e-08 201
2.275251e-05 24353
3.391931e-05 1
3.199755e-05 2
5.634663e-06 1
9.585657e-06 2
8.629845e-05 1145
2.524848e-05 1
9.957192e-06 149
2.735780e-05 1
8.210084e-05 1
8.427642e-05 31616
1.390585e-04 114
3.007455e-06 1
8.559715e-05 1
1.055450e-05 1
1.225068e-04 3
6.147556e-05 3
5.687712e-05 2
5.394805e-05 1
1.147427e-04 1
8.718642e-05 1
6.670005e-05 1
7.859972e-06 1
3.028638e-05 1
1.823522e-05 5
2.395472e-05 1
3.027855e-05 133
3.781061e-05 1160
9.410271e-05 1
2.391298e-06 387
4.647166e-06 238
2.390580e-06 1
4.853460e-05 1
4.751819e-05 1
4.489688e-06 7
2.241074e-04 2
4.511364e-05 8597
5.067519e-05 1
1.194031e-04 1
6.378469e-05 2036
5.085622e-06 2
2.922351e-05 1
2.390349e-05 3
1.199615e-04 1
2.308293e-05 1
4.574429e-06 1
2.158495e-05 1
1.991521e-05 5
4.945795e-05 1
7.827041e-06 5
1.687067e-05 3
5.156589e-05 1
5.949542e-05 1
1.544687e-05 1
5.500478e-06 1
1.635517e-06 1
2.904052e-05 2
1.877551e-06 1
4.339475e-05 51
1.648732e-04 1
1.610209e-06 1
2.473393e-05 1
1.657187e-05 1
7.528289e-05 1
1.345512e-05 1
1.223209e-04 1
6.681860e-05 1
7.758767e-07 42
1.742737e-04 166
3.210563e-06 3
4.497033e-05 1
8.591113e-05 2
1.602892e-04 1
7.424854e-05 1
1.678838e-05 1
1.722996e-05 7
2.001671e-05 6
3.420096e-05 1
3.069907e-05 3
3.968982e-05 1
1.006989e-04 1
1.111933e-05 23
1.057835e-04 1
1.425751e-06 6
8.695813e-07 2
3.166818e-05 1
4.753930e-05 881
1.047954e-05 1
7.198857e-05 1
1.541182e-04 1
3.906031e-05 84
1.113530e-05 1
1.356475e-05 1
6.983605e-06 5
6.453914e-06 1
3.506221e-05 1
6.044443e-05 4
4.147573e-05 3
4.465129e-05 1
2.428895e-05 4
6.089053e-09 3
7.509463e-05 1
4.203140e-05 2
5.140061e-05 1
2.446476e-05 251214
2.808174e-05 4
5.128716e-05 2
5.185121e-05 1
9.081739e-05 488
9.386294e-05 3
2.961190e-05 7
7.960329e-06 1
5.349446e-05 1
3.881651e-05 3
2.411812e-05 1
1.442843e-06 6
1.135678e-05 2
2.306732e-05 2
2.474637e-05 5
4.590600e-05 1
8.135827e-06 7
5.000160e-05 1
2.372486e-05 2
7.720349e-06 1
3.583621e-05 2
3.551549e-05 1
4.960005e-05 1
1.194114e-05 1
9.465104e-06 1
3.102187e-05 1194
2.044950e-05 1
1.073377e-05 1
9.862536e-05 253
2.828670e-05 1
4.693707e-05 174
1.751999e-05 1
3.682569e-05 1
7.653533e-05 343
2.105141e-05 45729
3.043354e-05 1
4.023578e-05 7
3.350933e-05 145
4.637026e-05 1
2.780534e-06 2101
9.628051e-05 1
1.159338e-04 117
5.552090e-05 1
1.274405e-06 1
9.963386e-06 1
2.505304e-05 3
5.209308e-05 1
2.068741e-04 6
6.595035e-06 1
6.104952e-05 41
4.449543e-05 3
4.100860e-05 1
9.446744e-05 1
1.239628e-04 3
5.801884e-05 2
1.883163e-04 1
2.253820e-05 260
8.549708e-05 1
1.174156e-05 3
8.032505e-05 1
2.431923e-05 1
1.255291e-04 1
2.052866e-05 129
4.631879e-05 1943
1.239914e-05 76
9.935117e-06 7
1.118371e-04 4
2.306613e-05 4
6.348846e-05 7
6.013165e-05 1
5.816425e-05 1
1.630573e-05 1
3.369028e-05 135
4.012595e-05 2
1.263393e-07 3
2.111519e-05 1
1.200355e-04 1
3.022823e-06 3
7.858522e-06 1
8.108308e-05 2
2.312157e-05 1
8.655602e-06 1
9.895569e-05 1
6.030015e-06 105
4.986837e-05 1
1.689411e-05 1
2.159731e-05 1
5.174414e-06 1
1.449614e-04 3
1.100290e-05 2
4.874408e-05 3
1.475753e-04 1
5.704861e-06 216
1.053695e-04 2
1.782964e-05 1
2.414360e-05 3
3.826566e-05 1
7.860946e-05 1
2.923854e-05 1
1.689514e-05 1
2.004236e-05 1
4.191822e-06 4
1.248319e-05 230
8.759825e-06 121
5.762480e-05 252
1.074257e-04 228
2.109045e-05 1
3.541523e-05 1
2.036321e-05 4
7.786252e-06 3
3.567349e-05 1
6.480115e-06 1
5.056274e-05 1
2.448795e-05 1
4.227495e-05 2
5.423138e-05 1
4.603289e-05 2
1.970545e-06 1
9.025858e-05 1
3.286026e-05 1
1.713294e-04 3
2.799910e-07 2
3.386535e-05 4
1.206159e-04 1
2.121438e-05 7
2.326842e-05 1
6.909277e-05 7
3.798413e-05 663
3.529220e-05 1
1.112468e-04 1
1.907789e-06 1
9.503505e-06 2
3.770468e-06 1
1.372690e-05 4
5.892370e-05 78
7.084265e-07 1
1.187362e-05 1
8.076959e-05 1
9.520877e-06 161
2.502056e-05 4
4.664310e-05 1
1.040795e-05 1
5.695851e-06 301398
2.667155e-05 1
8.515874e-05 7
3.285019e-05 1
2.637925e-05 1
2.706756e-05 1782
6.387648e-05 2
7.557334e-05 25
4.279926e-06 5
1.699830e-05 3
7.551399e-06 97
4.239375e-06 1
5.048565e-06 1
9.429074e-05 1
4.326336e-05 2
2.294033e-05 1
9.384835e-05 77
1.241014e-04 3
1.706598e-05 3
9.060873e-06 1
4.373047e-05 1
6.536804e-05 3
4.551549e-05 1
2.989226e-05 1
9.025170e-06 3
5.254834e-05 1
2.994329e-04 1
1.827575e-04 2
2.105282e-05 39
2.468252e-05 6
6.016381e-05 1
5.008312e-06 1
3.782016e-05 35
1.924487e-05 32
5.748768e-05 1
6.258013e-05 1
1.313618e-05 1
9.510541e-06 189
1.665284e-05 1
6.703213e-05 3
3.902917e-05 3
3.354903e-06 1279
3.521725e-05 1
5.341570e-05 2008
3.366718e-06 1
1.906695e-06 1
9.782609e-05 2
1.413105e-05 1
4.334048e-05 3
9.274721e-06 1
1.128399e-05 1
1.030869e-04 1
5.312400e-05 3
2.453485e-05 1
4.542091e-06 34
1.830701e-05 1
9.738872e-05 1
1.275411e-06 1
4.949546e-05 3
1.535657e-04 2
2.239584e-04 3
1.490658e-05 1
3.236401e-05 1292
4.145111e-05 1
4.795221e-05 1
1.259040e-04 1929
3.562936e-05 2
5.650150e-06 1
1.501757e-04 3
1.260298e-05 25023
9.297784e-05 1
1.350765e-04 4
1.414065e-04 2
1.215889e-05 3
5.250044e-05 3
2.004787e-05 1
5.359286e-05 3
3.541350e-05 3
4.291290e-06 1
8.524830e-05 160
6.001332e-05 3
1.696239e-05 1
3.172576e-05 7
1.342279e-05 3
3.002576e-05 121
9.827575e-06 7
1.334135e-04 3
2.105946e-05 1
1.285269e-04 3
2.174291e-05 1
3.255442e-07 1
7.187591e-05 1
1.554886e-04 38
3.193746e-05 1
4.321928e-06 216
3.080152e-05 172216
1.140739e-05 213
2.443984e-06 1
2.798511e-05 1
5.848073e-05 1
1.126116e-04 1
6.999952e-05 2
3.299284e-05 815
5.223180e-05 1
7.362825e-06 194
2.549758e-05 872
9.367689e-06 1
2.963224e-05 63
4.431445e-05 1
7.117162e-05 3
3.968087e-05 275243
5.940191e-05 1550
9.390047e-07 5
7.533730e-05 1
5.981891e-06 163
2.890911e-06 1
8.029465e-06 1
1.213706e-05 3
9.018817e-05 25
5.228566e-05 1
8.258893e-07 1
1.900015e-05 103
5.518418e-05 1
3.241689e-05 1
2.437540e-05 1
5.353584e-05 1
6.233374e-05 1
1.005024e-04 1
1.022124e-04 261
1.152216e-04 2
4.348714e-05 1
9.569365e-06 1
1.010711e-05 56317
2.987226e-05 1
5.153365e-06 1
8.803273e-05 2
1.023973e-04 1283
1.928882e-05 2
7.813584e-06 1
9.928807e-05 1
5.664434e-05 1
6.201879e-05 3
3.840161e-05 1
1.830767e-05 66512
1.009376e-04 35
3.568095e-05 3
8.732832e-05 5
2.874185e-06 1
2.297899e-04 3
6.881212e-05 1
1.781393e-05 2
1.411071e-05 2
3.124502e-05 1
3.947303e-05 145
1.043720e-05 1
8.869611e-05 22
1.438890e-06 1
7.350007e-05 1
1.283129e-05 3
2.345689e-05 3
7.109230e-05 4
4.251664e-06 250
7.889320e-06 39
8.377448e-06 3
2.646523e-06 4
1.689688e-04 1
6.603459e-05 1
6.459079e-05 1
7.326430e-06 5
6.214323e-05 117
3.943607e-05 1
3.228954e-05 3
7.898820e-05 1
8.160680e-06 121
2.228584e-05 10386
2.437857e-04 1
8.069883e-06 7
3.407697e-05 222
3.923493e-05 1
7.324394e-05 6
3.415085e-05 1
2.038653e-05 1
3.659144e-07 5
1.954913e-05 1
8.226074e-05 2
6.047306e-05 1
1.537315e-04 232
3.801414e-05 1
2.913239e-06 1
2.882993e-05 1
2.722301e-05 1
9.480690e-05 412
2.481821e-05 165
1.582796e-05 1
3.840506e-06 7
1.016609e-04 2
7.566711e-06 1
4.076722e-05 2
3.280109e-05 1
3.507395e-05 1
4.746748e-05 72
4.388094e-05 5
6.539480e-06 1
2.666382e-05 1
4.327762e-05 688
1.257292e-04 1
4.062606e-05 173
6.525117e-06 1854
2.355256e-05 6
9.333317e-05 1
4.212208e-05 3
1.091073e-05 1
1.054481e-05 6
1.808055e-05 2
4.720904e-05 1
2.983574e-06 28
2.145293e-05 2
2.470996e-05 509052
2.274795e-05 1
9.666862e-05 1
2.930199e-05 1
1.413932e-05 1
1.899004e-05 3
2.019912e-05 1
2.212900e-05 1
5.516564e-06 3
3.203727e-05 1
6.723502e-05 1
2.650330e-05 1
1.751876e-05 1
1.243713e-04 5
2.457758e-05 1
5.196070e-05 7
9.350955e-05 1
3.999298e-06 5
3.654583e-05 893
8.562530e-06 1
2.514345e-04 1
5.376057e-05 1
1.532630e-05 1
5.607165e-05 1
3.185750e-05 1
4.570705e-05 2
1.099805e-04 14
1.043120e-05 5
1.175952e-05 1
3.054271e-05 1
5.225437e-05 1
1.166273e-04 1
1.233439e-04 2
2.554712e-05 1
7.641495e-05 5
4.197088e-05 1
1.235992e-05 5
1.248471e-05 1
2.778568e-05 3
5.934290e-05 6
5.801111e-05 2
1.480835e-05 1
1.138384e-04 1
1.411356e-05 1
4.092929e-07 242
2.159134e-06 8001
2.289182e-05 3
1.011903e-04 1
1.432586e-05 107
1.529009e-04 1
2.973173e-05 6
7.104461e-07 1
2.093619e-05 2
2.967047e-06 3
9.888239e-07 127
7.663879e-06 194
1.170896e-04 273
1.089306e-04 2
2.149364e-06 3
4.539542e-05 1333
2.259226e-05 256
6.034764e-05 1
6.708074e-05 1
8.310062e-05 1
1.293435e-05 1
2.640429e-05 1
5.009342e-05 7
7.280691e-06 1
1.644264e-04 1
