1.306669e-04 1
1.333880e-04 1
6.145717e-06 5
1.377778e-04 7
1.370448e-04 1
5.906656e-06 1
3.580633e-05 2
4.082776e-05 1
7.617377e-06 7
5.627972e-05 4
5.944320e-05 1
3.135695e-05 15
4.093725e-05 2
1.023857e-05 1
1.442748e-04 3
5.357559e-05 1
2.488942e-05 1
7.128922e-05 1736
4.778938e-05 1
4.948703e-05 6
8.835509e-05 3
4.023426e-05 1
3.417012e-04 1
2.391203e-04 2
7.049420e-05 1
1.854319e-04 1
9.188165e-05 125
2.657164e-04 1
3.701206e-05 3
1.369497e-04 1
3.949165e-05 1
6.824268e-06 1
3.226086e-06 1
8.765606e-05 3
3.387458e-06 1
9.983858e-05 10456
5.468573e-06 1
4.689005e-05 202
4.684723e-05 6
1.280342e-04 1
3.354939e-04 3
7.708225e-05 1
5.204002e-05 2
4.146881e-05 1
2.745752e-04 1194
2.953308e-04 1
9.414194e-05 1
2.891757e-05 3
1.865614e-04 1
7.125704e-05 1
1.194806e-05 1
3.662413e-04 1
1.373106e-04 1
1.830382e-04 1
3.986519e-05 1
4.903148e-05 3
7.615588e-05 6
3.468610e-05 1
7.720387e-06 34
2.995535e-04 1
8.803824e-05 1
1.415016e-04 1
8.037758e-05 6
2.003237e-05 1
2.461847e-05 3
3.838882e-05 1
1.964980e-06 1
7.562647e-05 1
2.194971e-06 1
2.472612e-05 2
8.024876e-05 1
1.332541e-04 1
2.524643e-04 1192
1.199217e-04 140
6.505173e-05 3
1.853788e-05 6
1.094988e-04 1
2.326948e-04 1
2.349079e-04 1
4.025429e-05 8
5.053981e-05 1
3.012166e-05 1
4.101938e-05 1
1.851856e-04 3
8.298462e-05 1
1.092970e-04 1
2.853700e-05 241
2.167291e-05 3
2.389418e-05 1
5.866810e-05 2
1.819820e-04 1
4.619324e-05 666
7.651165e-05 1
1.281684e-04 3
1.173076e-05 1
9.459662e-05 1
1.675491e-05 3
1.327176e-04 919
1.110602e-05 6
5.007818e-05 5
2.346487e-05 847
2.559361e-04 205
3.304512e-05 3
4.833107e-05 1
1.530811e-05 1
6.731102e-05 70
7.784801e-05 1
3.832554e-05 1
4.305318e-05 1
1.716656e-05 5
1.295253e-05 1
6.014173e-06 1
5.884496e-05 1
2.548617e-06 1
1.597518e-05 2
5.423161e-05 1
1.067289e-05 791
5.455262e-05 238
1.398063e-04 2
4.720081e-07 1
7.720152e-05 2
5.494531e-05 3
5.353857e-05 1
6.847668e-05 6
4.344178e-05 2
2.387466e-05 5
6.223275e-05 1392
6.564091e-05 2
1.227130e-06 1
4.140059e-05 1654
1.217690e-04 5
2.493527e-04 3
1.709931e-05 113
2.172918e-04 1
4.377139e-05 1
1.008752e-04 7
2.203180e-05 1
2.808826e-05 23
2.049282e-04 198
5.587341e-05 1
1.354990e-05 237131
2.051927e-05 1
4.700002e-05 17815
5.838309e-05 1
3.181215e-05 1629
8.892323e-09 2
6.988306e-05 1
7.474460e-05 1
2.771221e-05 1
8.841714e-05 2
6.266368e-05 1
2.508903e-05 1
1.823948e-04 733
9.897071e-05 5
2.204567e-04 241
4.184849e-05 3
1.181541e-04 10
3.052188e-05 1
4.402415e-05 1
8.697778e-05 1
9.748172e-06 1
1.167859e-05 168
2.254505e-05 249
8.999998e-05 3
2.472452e-05 3
9.971723e-05 6
8.345724e-05 1
2.385559e-05 1
1.341975e-05 169
5.730416e-05 3
1.024453e-05 1
3.496154e-05 1
1.264909e-04 1
1.303457e-04 1357
3.548417e-05 3
1.918285e-04 2
7.205517e-05 3
4.003797e-05 1
9.795408e-06 4
1.089047e-04 210
1.820337e-05 1
1.048459e-04 1
1.523276e-04 1
1.409746e-04 3
1.286504e-04 1
1.062479e-04 445
6.236399e-05 1
2.048320e-05 1
2.760779e-05 1
7.186135e-05 1
2.909963e-05 3
6.884428e-05 1
2.645413e-06 676
1.324509e-05 2
6.293602e-05 89
3.562717e-06 3
2.065998e-05 1
9.295326e-05 1
1.758858e-05 1
5.065052e-05 47
1.635615e-04 1
6.299584e-06 3
1.008547e-06 5
7.190833e-07 3
1.424618e-05 1
6.637310e-05 2
2.560774e-06 170
1.349449e-04 173
1.944225e-05 2
1.035055e-04 1
1.745923e-04 6
5.756157e-05 1
1.190084e-04 234
9.151143e-06 1
7.034816e-05 1
1.293640e-05 1
5.104464e-05 4
7.926525e-05 1
1.129231e-04 1
1.109042e-04 1
1.470613e-04 1
1.486280e-05 1
9.049177e-05 128
4.936844e-05 3
1.398707e-04 1
6.169023e-05 5
2.089254e-05 4
9.205435e-06 4
1.504054e-04 2
7.019603e-05 1
5.310958e-05 1
7.572818e-05 1715
3.992279e-05 7
4.923215e-05 6
2.112043e-05 1
8.935724e-05 451768
6.357342e-05 579
1.192167e-04 1
7.304555e-05 1
1.197724e-04 3
4.091802e-05 37206
4.546009e-04 3
5.770416e-05 1
8.791094e-06 228
8.562754e-05 7
4.822679e-05 1
1.266275e-04 1
4.253430e-06 4
6.092753e-06 2
3.234321e-05 1
1.566224e-05 1
1.083571e-04 468
7.184360e-06 1
2.414537e-05 3
4.206568e-05 6
1.687913e-04 1
6.012174e-06 1480
3.160291e-06 1
1.325158e-05 6
5.195491e-05 1
1.131197e-05 119
1.669285e-04 1
2.833855e-04 3
2.120601e-06 1
7.202460e-06 3
2.654155e-05 5
1.179877e-04 2
7.504408e-05 3
3.928337e-05 1
1.505420e-05 56
5.020795e-05 1
7.055450e-05 1
2.350081e-04 1
5.242662e-06 1
5.128298e-05 1
1.778441e-04 1
4.624346e-05 24
8.708721e-05 3
3.354988e-04 5
8.513624e-05 3
3.811731e-07 2
1.053959e-04 1
1.397508e-04 160
1.592403e-05 2
1.504232e-05 309
2.657676e-05 1
2.255296e-05 1
6.124527e-05 1
6.262612e-05 1665
5.927270e-05 1
2.954613e-05 1
1.611491e-04 53
5.815104e-05 1
2.981761e-04 1
2.031471e-04 1
1.318904e-05 1
6.550035e-05 24
6.566001e-05 1
8.238082e-05 5
2.186226e-05 1
3.871725e-05 1
9.429658e-05 2
1.844280e-04 1
1.538012e-05 1
1.492352e-04 2
1.659830e-04 3
2.575732e-05 1
1.919526e-04 1
4.533009e-05 1397
3.096022e-05 39083
2.789575e-06 1
3.088027e-05 2
7.511491e-05 1
3.747965e-05 3
5.966510e-05 219
1.410548e-05 1
2.404572e-04 2
9.169594e-05 3
1.202656e-04 118
6.162746e-05 1
9.023895e-05 1
1.917341e-05 3
1.268646e-05 2
2.573147e-04 1
8.647691e-05 7
3.148074e-05 5245
5.292033e-06 5
6.548817e-05 3
7.570736e-05 1
8.682056e-05 15359
8.640126e-05 7
2.340509e-05 1
1.566262e-05 1
2.867705e-05 1
5.593478e-05 167
2.793968e-05 1
3.212645e-05 1
6.391502e-05 2
1.054352e-05 152
1.311833e-04 1
1.593528e-05 3
6.968746e-05 1
4.248157e-05 3
1.301121e-04 1
1.439592e-05 1
3.978514e-05 1
2.479762e-05 61430
8.397585e-06 3
7.490614e-06 1
7.414393e-05 1
2.397800e-05 1242
1.103406e-04 1
4.998679e-06 1
5.989987e-05 101
3.598995e-06 1
1.312228e-06 2
2.498197e-05 3
1.237448e-04 496979
1.880919e-06 1
3.471446e-05 316893
6.233130e-05 7
2.157501e-04 494
5.412234e-05 1
4.108546e-04 1
9.754105e-05 2
4.165155e-05 1
4.305027e-05 1
2.833931e-05 1
1.621154e-04 1
3.863677e-05 2
1.477511e-04 3
1.705524e-05 1
1.378775e-04 1
8.592166e-06 1
1.208115e-04 1
3.957568e-05 1
1.524394e-04 1
2.026872e-04 1
1.424907e-04 3
7.926623e-05 7
3.231091e-06 1
7.563530e-05 3
1.834159e-04 1
3.501005e-05 1
4.719236e-05 1
5.439910e-05 232
4.379720e-05 1
1.490500e-05 1
3.681610e-05 1
5.358665e-04 7
1.831747e-04 1
4.528537e-05 1
1.299533e-04 2
4.244273e-05 1
2.166743e-04 234
1.343723e-04 579
1.254947e-05 1
3.912023e-04 173896
1.297390e-04 13201
1.019474e-04 187
1.235414e-04 7
8.299508e-05 1
7.914899e-05 3
1.055054e-04 1
1.587030e-05 1
2.381268e-05 1
1.115952e-04 140
1.326217e-04 1
1.678114e-04 4
9.754360e-05 3
7.737534e-05 1
4.149715e-05 241
1.500747e-05 7
1.469889e-04 4
1.969530e-04 24212
6.564010e-05 1
1.436534e-05 1756
2.298483e-04 325
9.979256e-06 5
6.431472e-06 1
1.179414e-04 7
6.244524e-05 1
5.796086e-05 7
1.030205e-05 1
1.715912e-04 1
1.130658e-04 114
4.072823e-05 1
2.731183e-05 3
2.695659e-04 1
1.916334e-05 1
1.430597e-04 1
1.011050e-04 1263
1.771133e-05 1
2.143535e-05 7
6.162206e-05 1
8.317887e-05 1
4.482972e-05 1
1.572121e-05 2
8.958442e-06 6
3.708114e-05 2
6.905707e-05 1
5.603595e-05 2
5.812065e-05 3
9.830403e-06 1
2.725998e-04 3
1.200453e-05 1
6.214200e-05 3
3.179923e-05 2
1.082582e-05 1
3.943410e-05 1
6.544942e-06 1
2.040605e-05 1
3.262142e-05 1
5.692971e-05 1
2.160210e-05 1
2.244074e-05 1
1.814424e-05 54516
6.156052e-05 2
9.410134e-08 1
1.072338e-05 1
3.974658e-06 1
7.847235e-06 1
7.919533e-06 2106
3.689248e-05 660
1.087775e-04 42718
3.140721e-05 32
4.919536e-05 7
4.870220e-05 1
2.062249e-05 3
1.271119e-05 1
1.957852e-04 1
1.770520e-05 1
7.298717e-05 245
8.503852e-05 4
1.874989e-04 1
4.829726e-05 654
1.951827e-04 1
1.017164e-04 246
2.508786e-05 1
1.192982e-04 4
2.024436e-06 19
2.109222e-04 10325
7.817481e-05 6
1.465553e-04 1
3.713921e-05 2
4.235278e-07 3
1.043987e-04 1
3.795208e-06 3
4.723857e-05 90
1.133245e-04 18
7.987469e-05 2
1.083131e-05 1
1.044272e-05 1
2.263733e-05 3
1.451977e-06 9
4.580824e-06 4
2.423591e-05 1
3.431106e-05 1
1.157193e-04 6
4.888460e-05 1885
6.322328e-05 2
1.850351e-04 1878
4.608723e-06 2
9.250732e-05 2075
3.648731e-05 205
3.600154e-05 6
4.263893e-05 5
3.108564e-04 1
5.999451e-05 3
8.533078e-05 1
1.732011e-05 4
4.469764e-06 5
2.074569e-04 1
9.697605e-06 7
1.154708e-04 5
1.103128e-04 1
1.487015e-04 2
7.558264e-05 3
1.002705e-04 1
7.241708e-05 2
2.895054e-05 1
1.892907e-04 510229
1.783004e-04 64142
1.701089e-04 6
2.738560e-04 2
8.665766e-05 1
3.443646e-05 1
1.199878e-04 436
3.614716e-05 1
7.844147e-05 3
3.060439e-04 2
2.080486e-04 344734
6.516719e-05 2
6.755560e-05 3
2.490980e-04 1
6.668249e-05 1
2.193516e-04 1
1.179111e-04 3
3.922361e-04 1
2.492863e-05 3
1.519585e-06 1
7.001841e-06 2
1.167156e-05 1
5.141581e-05 2
3.654720e-04 1
6.162506e-05 2
7.587328e-05 1
7.618601e-05 1
1.073337e-04 5
7.320211e-05 1
2.424233e-04 1
4.433687e-05 3
2.709044e-05 1
8.022263e-05 120
8.075457e-05 1
3.297357e-05 5
4.018579e-05 159
1.831431e-04 1
2.097015e-05 5
1.288354e-04 2
5.644305e-06 37143
2.283079e-07 3
2.678100e-06 1
1.178125e-05 1
8.334556e-05 1
7.534897e-06 1
4.901708e-05 1
9.493581e-05 7
9.633426e-07 434122
1.523482e-04 1
1.108427e-04 1
4.842028e-05 1
4.525086e-05 3
1.360665e-04 1
7.745102e-06 2
7.937157e-06 2
1.323533e-04 1
1.440004e-04 1
1.067224e-04 3
1.560266e-05 1
4.086961e-05 1
9.594702e-05 149
1.140345e-04 3
3.257380e-05 1
1.206067e-04 2
3.403697e-07 1
1.322044e-04 1
9.913418e-05 2
1.384294e-04 3
1.133609e-04 2
1.328853e-04 7
2.108375e-05 1
1.978275e-05 1
1.370010e-04 3
7.231533e-05 1
1.699310e-04 3
6.665077e-05 84
3.052212e-05 2
2.357177e-04 1
2.298778e-06 2
6.556580e-06 133
5.070899e-05 6
7.564788e-05 1341
1.388537e-05 1
1.923609e-04 2
1.198591e-06 1532
1.288724e-04 1
1.879653e-04 1
2.731066e-05 7
1.670334e-04 3
8.188842e-05 2
1.294796e-04 1208
5.021673e-05 3
5.111525e-05 1
1.518544e-05 2
9.159175e-06 1856
1.364655e-04 1
1.339958e-04 1
2.759505e-05 1
8.298344e-05 4
9.579788e-05 1
6.191997e-05 6
9.389097e-05 58
7.484211e-05 181
1.863344e-05 1
6.062929e-05 1
2.320261e-05 2
3.265546e-05 1
2.355622e-05 156
7.902385e-05 1
8.693829e-05 1
3.614929e-05 568612
4.771386e-06 1
5.669797e-05 5
3.238576e-05 3
2.225348e-05 6
5.102860e-05 1
2.677526e-05 1015
3.396754e-06 4
1.440110e-04 5
8.939311e-05 2
5.454861e-05 7
1.010034e-04 22
1.069061e-05 3
8.926108e-05 1
4.666338e-06 1
3.219622e-04 1
3.175054e-04 3
1.153671e-04 12131
1.395330e-04 1
5.102884e-05 56053
3.290093e-05 4
8.628433e-06 1
7.559222e-05 1
8.764269e-05 2
4.394666e-05 3
1.594834e-04 1
1.018796e-05 55
2.790264e-05 1
5.801645e-05 1
4.711044e-06 2
1.601496e-04 1
1.037894e-04 200
9.830054e-05 7
2.254210e-05 81
1.219881e-04 54656
1.490725e-05 229
2.418108e-04 2
4.098852e-05 24351
1.352585e-05 1
2.098381e-05 2
4.133343e-06 1
3.462310e-05 1
2.523611e-04 184
1.472102e-04 1
3.231017e-05 7
6.495407e-06 772
5.639298e-05 1454
2.840341e-05 1
4.085598e-05 2
4.829910e-04 1
6.958041e-05 374
9.347402e-05 1
1.799601e-06 3
1.312917e-04 4
6.044578e-05 18836
1.294220e-04 1
1.335207e-05 1
1.540013e-05 1
1.689458e-05 186
9.885644e-05 1
1.121038e-05 6
1.587306e-05 1
2.529427e-04 6
5.239672e-05 5
4.257408e-05 1
1.385173e-05 2
9.288783e-05 1
2.866109e-05 1
2.645360e-04 2
1.590538e-05 1
1.562407e-04 1
7.995011e-05 1
5.617360e-05 1
5.933642e-07 206809
2.089255e-05 2
1.212032e-05 1
3.923179e-06 2
1.078443e-05 1
6.184335e-05 1
4.930007e-05 7
4.865951e-05 1
1.197269e-04 5713
1.694779e-04 1
5.888167e-06 1
8.051222e-05 401905
1.812540e-05 6
6.816606e-05 7
4.036100e-07 2
4.477453e-05 1
1.386271e-04 1
1.197646e-05 146
4.918619e-05 7
5.360739e-06 1
3.714259e-05 1
1.320681e-05 7
7.646429e-06 1
3.109238e-05 145
1.533040e-04 1
4.084342e-04 4
3.850196e-05 1
2.996736e-04 619928
4.957043e-05 2
9.308554e-05 424069
1.199325e-04 1
7.630285e-05 1
1.518065e-04 1
1.361111e-04 3
4.071053e-05 1
2.450968e-05 2
1.858272e-04 1
1.038185e-04 1
2.389708e-06 1
2.653644e-06 2
4.445269e-04 251
2.160301e-04 4
6.108609e-05 1
2.130655e-05 2
8.867407e-06 1
3.040715e-05 1
5.543813e-05 1516
5.285920e-05 1
9.121501e-05 1
2.151114e-05 6
7.861094e-06 1
3.208369e-05 6
1.570174e-04 1
5.943749e-05 1
3.283744e-05 1
9.456323e-05 6
2.769590e-06 1
4.559126e-05 1
7.473093e-06 1
1.495516e-05 237
1.852168e-04 1
3.096319e-05 3
2.517376e-05 1
5.308280e-05 1
4.251140e-05 1332
1.644329e-04 1959
1.042534e-04 1
5.142645e-06 1
1.247412e-04 1
6.534644e-05 1
7.278360e-07 5
1.648407e-04 2
2.075904e-05 3
1.967188e-04 1
6.190636e-05 1
1.535250e-05 19496
2.208672e-04 1
1.953247e-06 1
9.197423e-05 1
4.162238e-05 1
8.096692e-05 5
7.948791e-05 1
2.884671e-04 1064
1.964294e-04 2
2.437302e-05 3
9.360068e-05 2
8.600989e-05 3
5.617375e-05 2
1.242387e-05 1
9.078551e-05 1
1.817066e-05 1
4.071550e-05 5
5.434069e-06 2
1.821134e-05 1
2.598735e-05 2
6.865823e-06 1
7.677190e-05 1
3.538671e-05 6
1.686819e-04 2
2.031762e-04 1
6.309438e-05 2
1.180621e-04 1
9.658778e-05 5
3.108559e-05 1
1.828970e-05 1
1.376200e-05 65791
2.988515e-05 3
1.308012e-05 16
6.688377e-05 895
3.737842e-05 1
6.320992e-05 823
1.008021e-04 156
2.536075e-05 1
1.116319e-04 56158
1.348921e-04 1
5.577232e-05 1
4.024104e-05 2
2.914384e-04 2
1.378997e-04 8
2.402976e-05 1
1.152687e-05 3
1.361661e-05 1
2.413110e-05 2
2.231693e-05 54068
2.202592e-04 1
9.748416e-06 1
5.418815e-05 1
2.291201e-05 1
2.073441e-05 2
9.221794e-05 3394
1.639970e-07 1
1.392010e-05 2
2.106637e-04 1
2.152943e-05 1
4.756050e-06 1377
4.929268e-05 3
8.567939e-05 1
7.685448e-06 486207
4.609388e-05 149
3.015159e-05 2014
1.072457e-04 1
2.819353e-05 5
7.985053e-05 1
2.679732e-05 180
1.062597e-04 7
8.588584e-05 1
2.173274e-05 1
2.311785e-05 2
3.001135e-05 1
1.277345e-05 2
2.269528e-05 1
3.921560e-05 1
1.443019e-04 1
1.825597e-05 3
4.925087e-05 2
1.273754e-04 1
2.784772e-05 2
6.337099e-05 1
1.075818e-04 2
9.773898e-06 1
3.065956e-04 1
1.175638e-04 1200
1.254671e-05 1
2.036116e-05 1
9.079483e-06 2038
4.516458e-05 1
3.024895e-05 1704
4.997516e-05 111
7.495095e-05 1
1.634440e-04 1
5.739523e-05 1
5.859636e-05 1
1.385114e-04 2
1.031017e-04 237
7.532965e-05 1
4.806717e-05 1
1.223412e-04 3
9.313749e-05 1
3.467581e-05 1
1.428520e-04 1
1.181734e-05 23
2.411081e-04 63358
1.174605e-04 92
4.870341e-05 1
6.318907e-05 6
1.390765e-05 2023
2.107847e-05 5
9.912753e-05 1
3.213953e-07 3
1.537463e-04 2
2.626078e-05 2
7.077171e-05 2
1.216800e-04 1
6.737708e-06 22
9.617426e-06 2099
4.322673e-05 1
1.206509e-04 4
7.037878e-05 166
3.788635e-05 1
4.463635e-05 5
4.197686e-06 1
4.820597e-05 1
1.006222e-04 121
7.477691e-06 14321
1.095408e-04 6
4.361017e-06 847
5.328396e-05 4
2.120195e-04 1
1.479032e-05 3
1.363680e-04 1
1.381745e-04 2
1.198183e-04 461
4.286416e-05 1849
2.885467e-04 1
1.309915e-04 1
4.547927e-05 2
5.660768e-05 1
2.398997e-04 65045
2.016462e-04 1
5.792879e-05 1
1.579439e-04 1
2.034539e-05 1
1.371303e-04 1
3.062398e-04 2228
9.290501e-06 20
1.198557e-04 1
3.030973e-06 1339
1.953835e-04 1
8.088044e-06 1
5.194467e-05 6833
1.308944e-05 1
1.618644e-05 1
2.018848e-04 1
2.767042e-05 1
8.592273e-05 3
2.077693e-04 151
1.240811e-04 2
1.078454e-05 2
3.542958e-06 21
1.770795e-05 1
2.087289e-05 1
3.188584e-06 1
8.758677e-05 1
8.655781e-05 1
1.144775e-04 3
1.815188e-05 1
7.926002e-05 31615
9.531809e-06 1361
6.973011e-05 1
1.377640e-04 1
1.833947e-04 6
1.005756e-04 1
3.036439e-04 3
2.535443e-04 3
7.062197e-05 6
3.642663e-06 1
1.155863e-05 2100
6.760823e-05 5
3.093656e-05 27994
1.631873e-05 1
7.670454e-05 1
5.180172e-05 1
5.875776e-05 1
1.418568e-04 1
1.159356e-04 7
2.171515e-05 1
9.781892e-05 7
1.416059e-05 513726
4.273633e-05 6
8.480670e-05 24329
1.374375e-06 1
6.280206e-06 2
2.503499e-05 38791
9.874979e-05 2
2.310976e-05 1
7.965890e-05 1
2.161548e-04 1
2.025952e-05 232
2.988196e-05 1
4.059693e-05 3
1.507385e-04 11
7.952921e-05 1
1.298603e-04 3
8.976788e-05 5
6.725083e-05 7
1.551097e-04 3
5.242711e-05 7
1.172409e-04 3
5.089048e-05 3
3.905936e-05 1
5.483559e-05 2
7.675867e-05 1
8.108046e-05 1
2.358390e-04 6
1.059815e-05 3
1.227894e-04 1
8.756501e-05 1
2.146858e-05 2
9.786950e-05 2
4.168018e-05 1
3.562858e-05 157
1.828337e-05 1
5.009076e-05 3
4.194329e-06 3
6.290497e-06 1
6.097712e-05 2
8.508448e-05 1
6.881783e-06 1
1.463070e-04 1
6.060602e-05 2
1.351765e-05 1
1.987280e-05 1
9.441345e-05 1
7.146974e-05 200
2.041924e-04 2
1.461345e-06 32579
1.278494e-05 1
5.069545e-05 1
1.060148e-04 1
9.574358e-05 1
9.103016e-05 55134
3.933680e-05 5
5.429359e-05 6
9.873858e-06 1
7.701452e-06 1
8.304373e-05 4
7.072074e-05 206
1.108441e-05 2
3.573030e-05 2
5.113623e-05 6
1.799152e-04 1
8.114917e-06 1
3.520158e-05 1
1.373297e-04 22
9.316299e-06 2
2.403223e-04 5
6.903649e-05 1321
1.981354e-05 1
1.205997e-04 1
1.192397e-05 1
4.051240e-05 3
1.104751e-04 14
1.711723e-04 1
5.797958e-05 202
1.153810e-05 7
8.202596e-06 96
5.507480e-05 4
1.502732e-06 3
8.031197e-05 1
3.120337e-05 1
3.475692e-05 1
4.966834e-05 1
2.978644e-05 3
1.736626e-04 2
9.083222e-05 1
3.865551e-06 1
1.304353e-04 2
2.589299e-04 2
5.102484e-05 1
1.523574e-04 2
1.026590e-04 1
5.834298e-05 1
1.184650e-04 1
1.777682e-05 3
1.830904e-05 1892
1.164370e-04 1
9.000590e-05 1
5.303667e-05 1
1.041418e-04 1
2.879008e-05 3
2.125032e-04 7
2.049696e-05 1
6.771151e-05 1
6.747647e-05 1644
1.111979e-05 3
1.623428e-05 7
1.124074e-04 1
1.457496e-04 6
2.497569e-04 7
2.020182e-05 2
3.296266e-05 1
1.987139e-05 1
6.823106e-05 1
1.508751e-05 3
2.058450e-05 1
8.258601e-07 1
1.572646e-04 3
3.661967e-05 1
1.283145e-04 1
3.490749e-04 1
4.968357e-06 1
3.042526e-05 1
1.179157e-04 1
7.301237e-05 1
5.526226e-05 1
2.150889e-04 6
1.218437e-05 1
7.431634e-05 1828
2.981439e-04 2
2.342612e-04 1
8.708916e-05 2
8.848624e-06 2
7.825509e-06 1
6.799306e-05 1
1.336015e-06 3
5.380317e-05 1
4.742395e-05 1
2.193332e-05 3
3.107219e-04 1
2.124677e-05 3
2.699912e-05 7
3.217198e-07 1
1.165572e-05 1
5.084286e-05 1
5.112698e-06 2
1.028079e-04 2
7.146759e-05 1
1.454820e-06 1
3.695678e-06 1
8.488368e-06 1
1.330940e-04 2
1.058955e-04 2
6.479643e-06 108
7.712961e-05 1
1.882630e-04 2
1.816441e-04 202
2.423510e-04 1
1.167518e-04 1
3.234033e-05 160
6.717657e-05 6
1.540564e-04 2
6.181784e-06 1
1.594768e-05 3
5.893341e-05 2057
5.559978e-05 1
1.665606e-04 1
8.566920e-06 2
5.553340e-05 1
4.732044e-06 6
1.240656e-05 1
6.101909e-05 1
4.426645e-05 2
1.103455e-04 4
2.162083e-04 114
8.665402e-05 1
1.832203e-05 1
1.132946e-05 1843
1.997290e-04 1
9.551611e-06 204
9.550765e-05 1
1.164944e-04 3
6.009217e-05 3
4.336118e-05 5127
1.466802e-04 2
5.558233e-05 1
5.366335e-04 65
3.120076e-04 56748
1.859774e-04 2
5.318533e-05 4
2.017512e-05 1
6.698908e-05 2
3.528300e-06 1
2.865800e-05 1543
2.504757e-04 1
1.148200e-05 1
1.485813e-06 147
1.804511e-06 1
1.236720e-04 1
4.178099e-06 1
2.649668e-04 3
3.943132e-04 1
2.901005e-05 2
3.555415e-05 216
3.191289e-05 1
7.397444e-05 1
8.167776e-05 67
4.948234e-05 7
1.556795e-04 3
2.910693e-05 1
1.499375e-04 1
1.015291e-05 262
2.516948e-05 1
5.854707e-06 2
7.247633e-06 1
1.626687e-04 3
3.164067e-05 3
6.484368e-05 1
1.507662e-04 3
1.272287e-04 3
4.971052e-05 6
2.025373e-05 1
1.560455e-06 2
1.045409e-04 2
1.420592e-04 1
1.619708e-04 1
6.833856e-05 1
8.016529e-05 1
6.191232e-05 242
2.763361e-04 2
1.975295e-06 1
1.544155e-04 6
8.621469e-05 1
1.053712e-04 1525
1.407328e-04 1
9.815439e-07 7
3.008551e-05 1
1.588060e-05 1
1.114077e-04 1
1.300640e-05 1
7.226883e-05 1
4.662490e-05 35699
6.166907e-05 1
3.121131e-05 1
3.804064e-05 691
1.282257e-04 38
5.672896e-05 1
1.923736e-04 3
3.397024e-05 1
2.400290e-04 6
2.396078e-05 1
1.162980e-04 46178
3.033943e-06 2
4.418888e-05 193
1.390217e-04 4
1.941362e-04 1
4.060768e-05 1
1.498914e-05 1
1.060738e-05 1
2.124713e-05 4
1.843461e-05 2
5.816932e-05 1
1.145253e-04 1
1.911947e-04 1230
2.031319e-04 3
5.034205e-06 2
4.568606e-05 2
1.542031e-04 24
1.868166e-05 2
1.076869e-04 1
1.507702e-04 159
5.799259e-05 1
1.084574e-04 1
4.534630e-06 2
1.484164e-05 1
6.172163e-05 1
3.443830e-06 1
6.110818e-05 1
1.887153e-05 48485
1.045147e-04 1
5.469325e-06 6
1.158715e-05 3
2.108706e-04 1110
5.738465e-05 357208
4.276786e-05 5
5.830477e-05 1
1.773507e-04 3
6.142528e-05 5
1.431719e-04 1
2.230165e-04 1
1.135662e-04 3
6.649718e-06 1
6.789389e-05 1
2.060036e-05 6
1.056147e-04 1
9.020588e-07 1
8.790381e-05 45033
6.340759e-06 1
4.112583e-05 1
1.457229e-05 122
2.924654e-05 1
1.139910e-05 1
3.574152e-05 2
3.747313e-05 184
4.863300e-05 1
8.782448e-05 1
4.766252e-05 1
7.365464e-05 2
2.088658e-05 6346
7.679131e-05 1
3.438624e-06 7
8.096941e-05 1
2.279415e-04 258
8.389037e-05 3
4.585721e-05 1
6.817755e-06 1
6.856782e-05 1
1.724579e-04 3
8.131249e-05 4
5.486595e-06 1
1.171613e-04 375185
6.506919e-05 1
5.897339e-05 10904
7.936144e-05 2
3.122062e-05 29
2.415909e-04 1
1.821959e-05 3
6.106758e-06 1
1.640455e-05 1
1.181310e-05 2079
3.507291e-05 1
1.352056e-04 114
4.785243e-06 1
7.759639e-06 69
1.490919e-05 2
5.906469e-05 1
1.386888e-04 1
5.397320e-06 2
4.630734e-05 6
1.241876e-04 23413
3.271125e-05 1
7.954605e-05 1
6.461755e-05 155
3.061439e-05 381944
4.601437e-06 1
2.244427e-04 2
5.243745e-05 1
1.391348e-04 35
7.439461e-05 1
1.386961e-05 1
8.440781e-07 132
3.634558e-06 1
3.280847e-06 1
3.445105e-05 5
1.527413e-05 44616
1.673857e-04 5
1.627043e-05 8068
2.974523e-05 1
4.885817e-05 7
5.445773e-05 1
1.117458e-04 6
6.783949e-05 3
7.113728e-05 7
1.084391e-04 1
7.350610e-05 1
1.362058e-04 2
5.443329e-05 1
4.142464e-05 2
4.844754e-05 1
2.826589e-05 166
7.932549e-05 3
1.014717e-04 3
9.849587e-05 6
9.992891e-05 158
1.986352e-07 1
4.022315e-05 2
1.447618e-04 291
6.172288e-05 3
1.124145e-05 6
1.475583e-04 1
6.469072e-05 1
3.094261e-05 1
1.035681e-04 1
1.686553e-04 1
1.787868e-05 2
7.093860e-05 1
2.222760e-04 1
1.904011e-04 486
1.577694e-05 2
1.249847e-05 1
1.586946e-05 1
4.098039e-05 3
2.573763e-05 5
5.432402e-06 35
7.403926e-05 262
3.518872e-06 4
3.200132e-05 1
2.369892e-05 1
3.139845e-05 1
9.884445e-05 1
3.007459e-05 1
1.993878e-04 1
1.764422e-05 2
4.970473e-06 1
1.197832e-04 4
3.197649e-04 1
9.443635e-06 2
1.323016e-04 1
3.987096e-05 574
3.383572e-05 1
1.215481e-04 1
1.231403e-05 76
2.022487e-05 3
8.602759e-05 1
8.953305e-07 1
1.112527e-04 1
3.022134e-05 1453
5.009700e-05 1
3.271353e-05 2
2.380739e-04 103063
4.099033e-05 3
1.983726e-04 3
2.158454e-04 1
1.530571e-05 3
5.860824e-05 1
2.349511e-05 1
8.854307e-05 186
4.152766e-05 2
5.056720e-05 1
5.174335e-05 2
2.533761e-06 246
4.562312e-05 1
5.851300e-05 1
9.010856e-05 1
1.029196e-04 4
1.135960e-04 1
1.717525e-04 261
2.767582e-05 47
9.227662e-06 2
2.794156e-04 33011
1.114360e-05 7
2.284916e-05 3
2.976295e-05 1
6.335867e-05 1
6.926348e-05 39974
1.459478e-04 2
2.115833e-05 1
4.340389e-06 1
5.495669e-05 3
1.881197e-04 2
1.451661e-05 1
7.845672e-05 6
5.079536e-05 136
3.551125e-05 1
6.763525e-05 1
3.911679e-05 1
4.981269e-05 171
1.956515e-05 1
9.816118e-05 3
1.599156e-04 3
1.571219e-04 1
9.476323e-05 3
1.020215e-05 1
2.628784e-06 1
2.403297e-05 7
1.305566e-04 4
1.035300e-04 1
1.091863e-06 1
3.480022e-04 96
3.346190e-05 1
2.230734e-05 3
5.152442e-05 146
8.490209e-05 7
4.377700e-05 6
7.047546e-05 778
1.351283e-04 3
5.012667e-05 1
5.032321e-05 1
1.471951e-05 3
1.533025e-05 3
4.071655e-04 1
1.299120e-05 1
2.543566e-05 2
1.070364e-04 1
7.994768e-05 7
4.842639e-05 7
3.801145e-05 1
5.720188e-05 5
8.864829e-05 1
8.431104e-05 4
3.028881e-05 3
6.751555e-05 1
8.181291e-06 1
6.904246e-05 3
2.222448e-05 835
1.985323e-04 1
4.886142e-05 1
1.290724e-05 1
2.009082e-04 6
2.274742e-05 3
4.378187e-05 3
3.475496e-05 148
3.753803e-05 3
2.553282e-05 5
1.567052e-04 1
6.612661e-05 1
3.520571e-05 1
8.134672e-06 1
2.656815e-05 1
5.465782e-05 1
3.304716e-04 2
1.363387e-05 1656
2.561386e-05 54872
2.326342e-05 1
9.628912e-05 1
8.703292e-05 3
2.812546e-05 1
6.699548e-05 2
7.164785e-05 1
2.121912e-05 1
8.787199e-05 1
2.516124e-05 1
4.798784e-05 2
2.229180e-06 1
1.607858e-05 1
1.393490e-04 1693
1.220919e-04 1
7.947242e-05 6
4.099439e-05 3
1.705653e-05 4
1.742222e-05 3
2.467237e-04 1
1.347056e-04 1
7.312451e-05 1
2.861710e-05 7
1.112722e-04 6734
1.315282e-05 1
3.061911e-05 1
2.460852e-06 1
6.073183e-05 148
2.462214e-06 1
1.039695e-04 1
5.857178e-06 118
5.091487e-05 1664
3.416714e-05 1
1.536061e-05 257
1.087056e-04 5
2.285566e-05 1
2.062048e-05 35734
3.843852e-04 1
1.138098e-04 6
4.511045e-05 5
4.588317e-08 750
3.527496e-05 449
2.036320e-05 1
1.634494e-04 1
3.073937e-05 1
4.685874e-05 1
6.199267e-05 1
4.771098e-05 46431
4.856934e-05 1
5.181560e-07 139
5.528756e-05 1
6.725739e-07 1
6.807461e-05 5
8.417830e-05 1
8.875427e-06 3
3.029188e-05 1
2.321465e-05 1
6.098423e-06 1
2.905697e-04 53133
2.565648e-04 15013
1.995336e-05 3
1.309075e-04 60
8.211098e-06 1
6.234536e-05 1
1.214767e-04 3
1.143728e-04 1
2.203637e-05 5
6.418810e-05 1
5.568944e-05 79
2.207671e-04 1
5.323198e-05 3
2.629619e-05 2
1.874528e-06 1
4.533088e-05 7
9.557692e-05 1
1.620982e-04 1
5.595718e-05 2
1.066729e-04 58908
3.691547e-05 229
6.501191e-05 7
5.471423e-05 3
9.493097e-05 6
3.395196e-05 52
5.248714e-05 2
4.117410e-06 1
3.498427e-04 263
1.275659e-04 1
7.348198e-06 1
2.172740e-05 320120
1.892311e-04 74
3.427543e-05 1
7.329030e-05 15
9.100507e-06 2
2.401656e-05 1
8.891365e-05 3
1.928305e-05 1
1.080084e-04 1
2.006870e-05 1
2.449970e-05 1
1.386944e-05 2
2.581520e-05 1758
1.229502e-04 25384
1.331850e-04 1
1.353241e-05 6
4.922937e-05 1
9.553091e-05 3
1.306696e-05 2
6.714140e-07 1
8.637495e-06 2
8.259005e-05 2088
7.607672e-08 1
8.633445e-06 1
1.997395e-05 3
1.328948e-04 1
1.239554e-04 2
8.420660e-07 356039
4.400129e-05 1
2.412861e-05 2
5.670274e-05 3
1.653375e-05 1
7.526440e-05 2
4.771347e-05 7
5.165510e-06 2
7.094724e-06 2
5.436655e-05 963
2.702174e-04 1
2.720831e-06 1
2.229295e-06 5
6.205316e-06 1
2.089208e-05 3
7.298263e-05 1
8.507492e-05 1
2.075644e-04 3
8.560524e-05 3
1.942245e-05 1
5.822956e-06 1
7.479067e-05 1
5.044610e-05 1
1.212087e-04 42312
3.339265e-05 3
1.631699e-04 4
3.654916e-05 2
3.760474e-04 102
1.828146e-04 1
1.378589e-04 213
1.040263e-05 1
9.421164e-05 3
2.302553e-05 1
1.190838e-04 1
8.301532e-06 1
5.596691e-05 1
5.347912e-05 1
4.935532e-05 1
1.435064e-06 1
1.974124e-04 1
1.050858e-04 3
1.352481e-05 44
4.588736e-05 36623
7.169612e-06 2
2.119269e-05 3
2.486076e-05 3
1.970218e-04 1
1.219453e-05 1
7.019708e-06 1
3.122525e-05 3
9.968950e-05 1404
8.318255e-05 172
1.488473e-04 2
3.601701e-06 3
4.549108e-05 1
1.839758e-05 2
1.635992e-04 3
1.213119e-04 1
3.362181e-05 1
9.171445e-05 1
4.172468e-05 3
1.069887e-04 7
1.282294e-04 1
9.552890e-05 1
1.586488e-04 1
1.210943e-04 2
8.032834e-05 1
1.038982e-05 7
4.001991e-05 1
3.008565e-06 1
2.691490e-04 211
1.211292e-04 2
5.308748e-05 1
2.965077e-04 3
8.092709e-05 1
1.937008e-04 7
1.011048e-05 3
4.224812e-05 1
1.884381e-05 1
5.809715e-05 1
8.262157e-06 1
2.633926e-04 3
1.547910e-05 1
1.315866e-04 1
1.880397e-05 9
1.004790e-04 3
2.149051e-07 764
1.705894e-04 1
1.000028e-04 3
1.413244e-05 2
6.529711e-05 2
3.422404e-05 1
3.533418e-05 18
2.682595e-04 1
4.375294e-05 1
4.105890e-05 5
1.270185e-04 616
1.888176e-05 1
1.706322e-06 1
1.331563e-05 1
4.014240e-06 1
4.506951e-05 2
1.059263e-04 219
6.751616e-05 1
1.764396e-04 1149
7.729098e-06 1
8.957833e-05 1
2.395699e-05 1
2.587619e-04 1
3.319486e-05 5
1.931477e-05 3
4.026725e-05 2
5.412660e-05 1
2.099304e-05 1
9.007730e-06 1
1.438679e-04 4
1.656527e-04 7
9.326399e-06 3
1.738767e-04 1
6.880338e-06 1
7.535721e-05 1
5.652907e-06 1
1.331827e-05 1
8.701410e-06 2
2.182703e-05 1
2.564153e-05 1
1.780095e-05 2
6.878310e-05 1
2.259304e-04 1
1.267352e-04 1
1.942253e-05 1
3.273378e-05 1
7.647662e-05 1
3.042195e-05 3
6.599153e-05 1
1.048465e-05 1
1.255904e-05 2
7.173014e-05 1
1.522755e-04 830
5.319767e-05 1769
3.937631e-06 3
6.617050e-05 4
1.740208e-04 3
1.521922e-05 123
8.119828e-05 4
3.392702e-05 2
1.420847e-04 1
1.885182e-05 63
1.085927e-04 1
1.676109e-04 1
7.180310e-05 2
1.851611e-07 1
4.560822e-05 1
2.283267e-05 1
3.813491e-05 387
1.139266e-04 1
3.064685e-05 2
3.450060e-05 35
2.231769e-05 1
1.713250e-05 1889
3.196145e-05 1
4.203195e-04 1
1.156983e-06 430972
4.229044e-05 1
2.789880e-05 1
2.123811e-04 5
1.228925e-04 48901
4.405859e-05 1
1.347870e-04 1
9.814359e-06 1
1.074522e-04 2
9.251016e-06 2
1.223828e-04 1
1.057809e-04 1
3.673239e-04 1
9.408755e-06 7
4.660329e-05 98
6.399204e-05 47
2.341543e-06 1
2.315917e-04 1
1.492428e-04 1
4.011492e-05 1
1.745033e-04 5
3.778953e-05 1
1.567252e-06 143
1.749290e-04 133
3.469887e-04 1
2.593208e-05 1
3.620167e-05 158
2.312997e-06 3
3.020756e-05 3
8.840951e-05 2
4.186373e-05 1
1.508929e-04 1
4.481404e-05 1
8.155532e-06 1
6.315631e-05 1
1.006693e-05 3
1.307457e-04 4
3.916835e-05 40
1.327511e-04 1
1.500820e-04 1
8.194480e-06 1
1.528643e-04 42
1.665511e-04 3
2.371550e-05 1772
4.493696e-05 162
9.803840e-05 2821
5.007030e-05 1
4.927336e-05 9136
1.175568e-04 1
1.096308e-05 78
1.696175e-04 1
5.383194e-05 2
1.449915e-04 1
1.933493e-05 100
2.315283e-05 2
3.504711e-05 1
1.041821e-05 1
9.604525e-05 1
7.832504e-05 5
6.012535e-05 1
4.777588e-05 3
7.680327e-05 1
4.116009e-05 111
1.175294e-05 7
1.075321e-04 2
3.439297e-05 6
4.093167e-05 193
2.018701e-05 1
1.548893e-04 1
8.801353e-06 1
6.814408e-05 99
2.124422e-04 1
8.625359e-06 595799
6.166223e-05 1
3.473736e-05 6
4.528219e-05 1
6.355604e-05 1
1.722951e-06 1
2.083326e-04 3
1.386863e-05 160
1.558129e-04 1
4.815157e-05 1
1.079516e-04 1
3.494275e-04 3
5.429257e-06 3
7.998314e-05 6
1.660375e-05 1
1.949799e-04 3
5.122159e-05 3
3.245769e-05 1
8.118273e-06 662
4.299972e-05 1
1.371035e-05 2
2.201703e-04 2
6.467087e-06 1
5.504287e-05 1
3.844929e-05 3
8.849764e-05 1
1.550416e-04 2
7.827251e-05 1
4.180477e-05 1
3.482942e-05 2
4.526722e-05 1
5.133359e-05 1
1.497551e-04 3
1.032214e-04 732
5.149790e-05 2
1.666432e-05 56
1.435465e-05 6
1.365577e-05 1
5.719956e-05 1
6.678593e-05 1
4.303645e-05 1
2.226571e-05 1
1.218936e-05 1
1.195868e-05 2
7.704771e-05 1
1.927763e-05 251
1.493039e-04 1
1.849448e-04 1
1.889638e-05 3
2.368764e-04 1
4.409666e-05 55
7.101548e-05 1
1.132127e-04 19
9.400690e-06 1
1.822769e-04 1
7.864816e-05 4
8.649303e-05 3
4.214190e-05 295
1.731832e-05 1
4.429221e-05 1
1.167697e-05 1
7.343706e-05 1
4.350420e-05 1064
1.327855e-04 7459
8.638049e-05 1
8.229323e-06 1
6.501627e-05 3
4.976812e-05 1
7.171407e-06 1
1.561165e-05 1
4.934699e-06 1
1.660250e-05 2
1.991999e-05 1
4.978683e-05 759
5.008231e-05 34
9.929261e-05 2
3.138905e-05 1
2.739452e-05 1
1.638903e-05 1
2.127949e-05 2
3.039377e-05 1
2.053401e-06 43733
2.415749e-05 1
4.621819e-05 1
3.167461e-06 1
6.643080e-05 1
5.464157e-05 57647
1.695412e-05 20038
1.608096e-04 1
2.528705e-04 48232
1.225493e-04 3
2.316674e-04 1
6.470098e-05 1
1.806934e-04 1
2.875817e-05 108582
3.037317e-06 1
1.470648e-05 1
6.809386e-05 1
3.104204e-05 2
1.611135e-04 3
5.837793e-05 1
2.462366e-05 1
1.541139e-04 1
1.429154e-05 1
2.383238e-05 1
1.027579e-04 2
4.210072e-05 1
2.435697e-04 3
4.943489e-05 41217
7.175368e-06 1
8.411327e-06 1
9.316504e-06 3
4.751048e-05 1
3.992996e-06 149
8.093016e-05 24858
1.668732e-04 1
2.153803e-05 1
5.655253e-05 1
4.297490e-05 1
7.291088e-05 1
6.189678e-05 1
1.310415e-06 2
2.133734e-05 3
4.579346e-05 241
1.688659e-04 1
2.497454e-07 6
4.055925e-05 1
3.847097e-04 1
3.977195e-05 1
1.065068e-05 1
2.253402e-04 1
1.558616e-04 1
1.316399e-04 3
2.339411e-04 1
3.122164e-05 1
4.541705e-05 1
9.495099e-06 1
1.154919e-04 1
6.949473e-05 3
5.411460e-05 1
2.293010e-05 3
1.451026e-04 1
1.301786e-04 3
1.912312e-04 6
4.852996e-05 2
5.898610e-05 5
9.250471e-05 1
6.072003e-05 2
1.530073e-04 758
1.699429e-05 1
2.878424e-06 1
3.444927e-05 1
5.933952e-07 1
3.652717e-05 1
6.962125e-05 2
9.254748e-05 1
4.913658e-05 1
2.996200e-06 1
5.267576e-05 3
1.226656e-04 569
4.550787e-05 1
1.293454e-05 3
1.967200e-05 1
3.321587e-05 262
6.832616e-06 1
1.219675e-04 2
4.475031e-05 130
1.749242e-05 1
9.793246e-06 1
8.843411e-05 4
2.891521e-05 629714
7.413076e-05 3
3.179337e-04 1
8.572005e-05 2
4.496133e-06 23
5.307600e-05 2
6.330738e-05 1
2.477561e-04 4
7.174534e-05 2
1.237062e-04 6
1.027494e-04 1
3.773987e-05 1
6.579943e-05 6
1.119376e-04 1
2.600573e-04 1
4.552892e-05 1
3.494230e-05 7
1.041530e-05 1
5.346139e-05 5
7.512400e-05 1
1.095378e-04 1
4.307919e-06 2
3.556611e-05 1
3.862606e-05 1
9.301134e-05 24
1.541698e-04 1436
7.815037e-06 352784
2.365556e-05 1
2.052457e-05 129
2.096017e-05 2
2.923199e-05 1
3.735138e-05 1
1.121199e-05 3
1.998074e-05 1
1.598332e-05 1
5.728686e-05 1
1.340314e-04 1
3.054313e-05 126
2.356875e-04 1
2.036507e-05 1
1.644396e-04 1
4.201335e-05 264
5.014112e-06 1
7.576804e-05 1
1.580682e-05 1
1.035152e-04 1
5.532323e-06 2
1.073465e-04 1
1.081918e-04 3
7.896434e-05 1
6.095400e-05 1
8.344482e-06 1
1.674158e-05 2
7.287683e-05 3
5.381740e-05 1
6.009798e-06 167
4.830296e-06 1
1.812774e-06 1
7.053269e-05 2
6.706049e-06 4
4.893099e-05 1
3.039894e-05 1
2.060769e-05 1
3.080992e-04 3
5.430185e-05 1
4.857661e-05 502783
1.785609e-05 38393
8.732934e-05 3
9.971546e-05 1
2.135256e-05 1
8.210911e-05 1
1.718281e-04 1889
5.841383e-05 1
1.188348e-04 40554
2.174520e-04 292002
6.702340e-05 1777
2.694594e-05 109
5.696411e-05 1
1.530095e-05 1
9.640259e-06 51
1.283261e-04 1
2.070747e-05 1
8.067250e-05 10
9.005556e-05 3
6.819536e-05 1
3.778829e-05 1591
2.488731e-05 1
9.651776e-05 1
5.470787e-06 4
1.482231e-05 1
3.877889e-04 6620
2.143325e-05 1
4.063088e-06 1
3.351494e-05 2
9.118360e-05 1
4.007399e-05 1
1.031468e-04 1
1.308760e-04 1
1.445564e-04 44927
7.636163e-05 3
6.998128e-07 2
7.318539e-05 5
2.495533e-05 1
1.166070e-05 1511
7.792720e-05 78
9.147830e-05 1
1.371176e-05 1
7.305796e-05 1115
6.362676e-05 214
7.171434e-05 2
1.399925e-04 9
3.443517e-05 167
1.137604e-05 3
6.656703e-05 462
4.276082e-05 38866
9.029224e-06 1
1.642777e-04 1
2.253505e-05 1
9.283330e-05 2
2.081183e-04 1
1.184935e-04 1
1.674587e-05 1
1.859840e-04 3
3.372003e-05 2
3.380024e-06 5
1.260231e-05 1
6.498191e-06 1
4.728754e-05 1
6.292694e-05 2
1.574496e-05 1
4.724960e-05 4
1.589989e-04 7
1.300696e-05 233
6.750951e-05 1
2.369115e-05 207
2.023324e-05 1236
1.636691e-04 242
3.454758e-05 1
1.298729e-05 1
1.116998e-04 36
7.161333e-06 1
3.759334e-06 2
4.692736e-05 1
6.985403e-05 139
4.831390e-05 1
1.406910e-04 1
2.252820e-04 1
2.299247e-04 3
1.931252e-06 1
2.577630e-05 570263
1.637866e-04 959
6.972176e-05 1
6.975174e-05 1
6.560071e-05 356
3.164712e-05 1
1.186997e-05 3
3.724135e-05 1
3.498540e-05 7
1.280344e-05 5
4.984109e-05 1
2.545345e-05 1
7.405523e-05 159
6.766294e-06 1
2.664475e-04 1
1.346916e-04 2
3.957030e-05 2
1.645790e-04 1
2.257224e-04 227
1.089937e-04 6
2.819841e-06 2
1.387299e-04 62326
2.189160e-04 2
1.338894e-04 1
2.616479e-05 1
4.826724e-05 1
6.050164e-05 35393
7.147342e-05 1
5.124260e-07 5
2.078800e-04 76
1.228323e-04 31925
1.339197e-04 1
2.851725e-05 1
2.247766e-05 1757
9.443694e-05 1
1.807320e-04 1
2.029949e-05 1
1.435758e-06 103
9.909671e-06 1
9.490547e-05 201
7.434514e-05 4
5.840470e-05 2
2.674117e-06 1
2.396212e-05 722
3.838508e-05 1
2.597803e-05 2
3.239049e-05 1
5.694660e-05 1
5.373184e-05 1
3.749657e-05 2
7.628842e-05 182
9.633590e-05 1
5.069284e-05 55
1.516459e-04 52948
1.498514e-05 1
2.593950e-05 1
5.213715e-05 130
4.862971e-05 1
1.758582e-05 1
2.769000e-04 1
9.742861e-05 1
1.315975e-04 5
6.776588e-06 1
1.047663e-05 1
2.703927e-05 1
4.907161e-05 1
2.534988e-04 1
6.109024e-06 5
2.268988e-04 1
3.255258e-04 3
9.731063e-05 61253
4.444810e-05 5
8.378657e-05 1
7.008587e-05 1
4.625418e-05 1
1.121113e-04 1
3.573003e-05 1
2.841474e-04 40
4.040999e-07 1
1.043514e-06 1
6.667832e-05 1220
4.787908e-05 1
1.056719e-05 3
1.911573e-06 43
1.925956e-04 1
1.663439e-04 4
6.227015e-05 3
6.728737e-05 1
3.846206e-07 1
1.638727e-04 139
7.117060e-05 5
8.423026e-05 2
5.979184e-05 1
7.721043e-05 4
1.089021e-05 1
1.955764e-05 3
9.011338e-06 125
2.070535e-06 5
1.825587e-04 1
7.319019e-05 204
1.066526e-04 3
1.097650e-04 1
6.941285e-05 204
2.739659e-04 1
1.041779e-05 1
7.044032e-06 9096
9.992246e-05 1
4.201485e-05 7
9.750750e-05 1
1.844477e-05 1
1.515341e-04 1
1.076469e-05 1
1.587384e-04 4
7.871298e-05 2
3.286586e-07 1
1.016126e-04 1
8.549305e-05 3
7.002020e-05 182
4.103791e-06 69
2.230824e-04 1
6.109840e-05 2
1.872825e-04 185
1.077669e-04 1
1.489954e-04 7
2.828598e-05 669
2.600728e-05 2
1.040357e-04 5
9.955581e-06 1
1.583902e-05 6
3.991399e-05 2
3.889839e-06 2
2.442873e-05 1
7.272631e-05 4
7.247479e-05 1
1.134844e-04 1
1.764209e-05 1
2.933319e-05 2
1.215258e-05 1
1.041551e-04 1
3.162972e-05 1
3.053262e-05 53707
1.177519e-05 3
2.538823e-05 3
1.142793e-04 1
9.207205e-05 3
1.052429e-04 3
2.882804e-04 1
6.155249e-06 2
2.303052e-05 1
1.673575e-04 469183
5.139235e-06 86
4.608669e-05 1
8.719788e-06 1
7.249023e-05 1
2.279454e-05 1
5.018570e-06 1
1.572851e-04 17589
1.134449e-05 3
1.137303e-05 3
2.028026e-05 2
6.354849e-06 599
3.744515e-05 1
7.204825e-05 189
1.132016e-04 6
8.482202e-05 1
1.327486e-04 3
4.046612e-05 1
1.878422e-05 5
2.528673e-04 1
5.997033e-06 5
1.060194e-05 7
5.161463e-05 1
1.759539e-04 1
7.733838e-05 3
2.679433e-05 1
7.616055e-05 2
3.504912e-05 1
1.299166e-04 2
4.091134e-05 1
1.975923e-04 1
1.423258e-05 1
1.920791e-04 52
1.399295e-04 439
1.606725e-05 3
1.640933e-05 3
3.375625e-05 1
2.588840e-04 1
1.247840e-04 100
3.256588e-05 1
9.926457e-05 83
8.830760e-05 46825
2.982358e-05 455
1.463753e-04 1
8.012099e-05 262
2.967521e-05 1
9.842026e-05 1
6.956962e-05 33
1.541637e-04 2
8.473035e-05 1840
2.373144e-04 1
1.485674e-04 3
2.794625e-04 1
1.055977e-05 1
1.519356e-04 1
4.044980e-05 1
3.764990e-05 1
1.778097e-04 1
5.529143e-05 3
1.380400e-04 1
1.070161e-04 1
1.146865e-05 2
1.326659e-04 3
3.896174e-06 1
1.814382e-04 100
1.825637e-06 2
8.099314e-05 7
2.086700e-04 1
1.067582e-04 1
3.081087e-04 14
6.270647e-05 1
8.938353e-05 1
2.480185e-04 1
2.850944e-05 1
9.476455e-05 3
1.566118e-04 1
2.731901e-06 1
1.308445e-04 638422
1.770824e-05 1
5.982591e-05 122
3.645510e-05 1
6.471544e-05 3
8.501140e-05 1
1.982152e-05 1063
1.627494e-05 36881
2.219135e-06 1
1.115784e-04 6
1.046655e-05 108
9.629545e-06 1
8.684839e-05 1
4.356721e-05 3
2.429461e-05 1
1.280157e-06 7
1.058921e-04 219
5.809735e-05 1
6.891990e-05 93
8.464775e-05 1728
3.122413e-05 1
3.861192e-04 2
1.263860e-04 1
1.229083e-04 4
1.751986e-06 1
3.120663e-05 3
4.855168e-05 3
1.082044e-04 3
7.380611e-05 7
1.153406e-04 3
3.886670e-05 2
2.744648e-05 1
1.454175e-04 1
8.728738e-05 7
1.093913e-04 6
1.654660e-04 32272
1.549088e-04 5
4.391711e-05 4
1.514231e-04 1
3.078340e-05 923
1.499528e-04 128
1.029111e-04 81
1.708664e-05 1
3.707965e-05 7
3.380383e-04 2
1.118181e-05 1
6.210306e-07 1
7.433417e-05 5
1.429412e-05 1
8.848523e-06 1
1.338370e-04 7
9.233668e-05 2
9.352736e-05 2
8.277706e-05 2
6.428100e-05 3
1.790544e-04 2
6.079146e-05 1
1.477702e-04 1
4.031182e-04 26840
5.581337e-06 6
5.135927e-05 1
1.116448e-04 1
1.046557e-04 155413
7.880896e-06 3
7.237923e-05 2
2.261654e-06 1
4.141807e-05 4
1.612152e-05 1
1.458516e-05 2024
9.028135e-05 3
9.404688e-05 1
1.323546e-04 1
1.193783e-04 1
2.622457e-05 1
5.857732e-05 1
5.776238e-06 150
1.128708e-04 4
3.275274e-05 1
2.510810e-05 1
2.124303e-05 2
3.559700e-05 1
4.885916e-05 215
4.461495e-04 102
4.349415e-05 1068
3.971542e-06 1237
5.955256e-05 2
4.224238e-05 3
1.097331e-04 7
5.407461e-05 1
3.638398e-05 7
1.703766e-04 1
1.922443e-04 1
3.167669e-05 2088
6.432978e-05 1
7.523103e-05 1
8.406648e-05 259
1.712911e-05 28
9.787103e-05 1
7.897171e-05 3
4.735698e-05 63911
1.042991e-04 1
3.585365e-05 1
8.338230e-05 261
7.477785e-05 2
6.426469e-05 5
1.654905e-04 5
4.268531e-05 7
5.357089e-05 75
5.508215e-05 5
1.284727e-05 1
1.367543e-04 17
2.574529e-04 1
2.694734e-06 1
4.193109e-05 513
3.475498e-05 1
8.216610e-05 1
1.668197e-05 1
2.144135e-06 1
2.634776e-05 2
2.304726e-05 1195
2.411958e-05 3
9.063038e-06 1
1.583565e-04 1
9.172701e-05 1
1.285547e-04 1595
2.257035e-04 1
2.390664e-04 1
1.258361e-04 1
9.852163e-05 1
1.212735e-04 1959
2.874002e-04 1
7.410471e-05 5
8.698696e-06 1
7.636677e-05 1
5.487055e-05 1
2.270619e-05 1
3.327808e-05 1745
4.634995e-05 1
9.986281e-05 3
1.412611e-04 166
5.167671e-05 1
2.314318e-05 1
2.446890e-05 4
3.610936e-05 3
2.342041e-05 1
4.467752e-06 4
7.678542e-04 1
5.755837e-05 2
9.577303e-05 157716
1.187655e-04 1
7.599189e-05 4992
3.701081e-05 1
2.289335e-05 1
2.631896e-04 4
3.913172e-04 1
6.352530e-06 1
9.724310e-05 1
7.220169e-05 6
3.619717e-05 1
1.028795e-05 1
7.910608e-06 1
5.154180e-05 1
2.195757e-04 1
1.137895e-04 1
2.232190e-05 2
2.058040e-05 3
4.815949e-05 5
2.305041e-05 66171
2.039986e-06 5
3.480521e-07 25862
3.389026e-05 1
7.312442e-05 3
1.612296e-04 2
1.240401e-04 3
6.856042e-05 1
4.468994e-06 1
2.447725e-05 3
1.556710e-05 1
8.493553e-05 1
6.200298e-05 1
1.588083e-04 1
2.182627e-06 1
1.249161e-04 52
5.000147e-06 55598
2.621861e-04 1602
9.979473e-05 2
2.702680e-05 2
8.960450e-06 1
3.398188e-05 1
6.527800e-05 2
4.348835e-06 1
9.177945e-05 1
2.044661e-05 28275
1.854603e-05 1
1.817063e-05 2
5.970627e-05 1
1.412051e-04 1
8.441779e-05 1
1.200267e-04 9
1.772640e-04 74
1.182614e-06 58342
1.041300e-04 1
4.002820e-05 1
4.151682e-05 1
1.624967e-04 2
2.591692e-05 784
4.255616e-07 1
1.553720e-05 3
3.512940e-05 1
6.192451e-05 177
2.294583e-05 2
2.784128e-04 2
6.521250e-05 2
1.024297e-04 2
1.868197e-04 1
1.058778e-04 2
1.398359e-04 169
4.613984e-05 1
3.098447e-05 3
3.188930e-06 50508
3.686268e-05 1
8.509524e-05 177
7.403403e-05 1
2.515973e-05 79
8.528326e-05 1
1.347404e-05 1
1.178580e-04 1
3.547081e-05 1
7.981782e-05 3
9.205846e-05 150
6.468877e-05 1291
1.130331e-04 6
6.924792e-06 201543
5.006972e-05 127
1.244798e-04 1
2.177285e-04 1
3.741652e-05 1
2.675847e-05 1
1.045961e-04 1
5.025442e-05 3
2.864414e-07 3
2.861010e-06 1
2.657398e-05 1
3.440905e-04 1
2.511012e-04 1
8.657645e-06 1378
1.047963e-04 5
3.228640e-05 1
7.316373e-05 223
8.078436e-05 1
1.599871e-04 3
3.613302e-04 108
6.796834e-06 122
2.377669e-05 43868
2.317330e-04 2
1.808585e-04 103
2.495983e-04 3
2.015710e-05 3
4.550900e-05 1
2.665879e-05 241
3.806188e-05 45
3.576895e-05 1
4.424542e-05 1
1.068965e-04 1
3.800216e-05 1
6.665291e-05 700
1.110808e-04 1
4.778716e-05 1
1.086677e-04 1865
4.605595e-05 1
4.412794e-05 1
6.595163e-05 2
2.428899e-04 3
5.763892e-06 5
2.567311e-04 3
2.043072e-04 1
4.083399e-05 4
5.510661e-05 1
2.780649e-06 3
2.414214e-04 262
1.661717e-04 1
5.635329e-05 5
5.337507e-05 1
2.378940e-05 1
2.799241e-04 1
2.230824e-05 1
4.234907e-04 1
9.469480e-06 2
5.521350e-05 1
1.273688e-04 4
2.692887e-05 1
2.842571e-05 1
2.044544e-05 2
9.877969e-05 6
2.294166e-04 2
3.489132e-04 1
2.589156e-05 5
4.614584e-07 1
8.413162e-05 1
1.480431e-05 1
6.634557e-05 1
4.307171e-05 3
5.698846e-07 2099
1.508001e-05 92
3.909704e-05 644492
8.403179e-05 1
1.675292e-04 1
5.371028e-05 1
1.717730e-04 2
7.051504e-05 4
1.193072e-04 1
2.532534e-04 1
1.022607e-05 1
6.112498e-05 1
2.084219e-04 2
1.011578e-05 3
2.979290e-05 1
1.378587e-05 2
1.401985e-04 1
2.644526e-05 1
2.173328e-05 1
2.409092e-06 3
2.582587e-04 52
4.753968e-05 1
5.599143e-05 4
2.078542e-04 1
7.961723e-05 7
2.322582e-05 1
4.472573e-05 6
3.394858e-05 4
5.011996e-05 2
1.689438e-05 3
3.543419e-05 2
7.192638e-05 23
4.538049e-06 151
1.232004e-04 1
3.127992e-06 1
1.892017e-05 2
7.152539e-07 1
7.467280e-05 2
3.418402e-05 1
2.204378e-05 270
1.442526e-05 91
1.929832e-04 7
1.466777e-04 124
3.523801e-05 3
5.069229e-05 1
1.161274e-04 1
5.795078e-05 1
5.487968e-05 3
9.007975e-06 1
2.527472e-04 5
4.121762e-05 4
2.957449e-04 1
2.586121e-05 241
1.033738e-06 5
1.421963e-04 2
4.528657e-06 142
8.314809e-06 3
2.054041e-04 556517
9.294710e-06 234
3.349424e-06 4
8.358591e-05 2
2.046998e-06 1
1.509875e-05 3
5.977584e-06 1
6.286784e-05 1
8.105265e-05 2
7.122207e-06 1
4.288439e-05 183
8.373658e-05 1
9.352571e-05 1
1.291073e-05 200
8.019791e-05 1753
8.931051e-05 4
1.413568e-05 5
1.277800e-05 252
5.727737e-05 3
1.465769e-04 3
1.221733e-04 1
2.140730e-05 2
2.797101e-04 26985
2.506949e-05 1
2.815474e-05 337
8.279135e-05 6
4.246530e-05 1
1.908683e-04 3
2.329492e-04 28997
7.632637e-06 1
6.649501e-05 23437
9.392456e-05 1
1.076912e-04 1
5.320324e-05 5
1.866505e-05 4
2.067327e-04 1
6.401965e-05 1
5.722974e-05 53627
2.650265e-05 1
1.339549e-05 1
1.499672e-07 3
3.403961e-05 1
8.837363e-05 21
1.557941e-05 202
3.190328e-05 1718
8.630034e-05 1
1.924873e-04 12305
2.220613e-05 1
1.850009e-04 1
1.844005e-04 2
1.675307e-04 1
1.478514e-05 1
2.037614e-04 1
2.280002e-05 1
8.876602e-05 1
1.701696e-04 1
1.910871e-04 1
1.562315e-04 5
1.863764e-04 1
1.960414e-06 1
8.794568e-05 1
4.989048e-05 1
5.798883e-05 1
4.937317e-05 3
5.223328e-05 1
4.519672e-05 1
2.673941e-04 1
5.048579e-05 2
1.356677e-04 1
5.225183e-05 1973
2.802165e-05 1
5.398326e-06 1
4.076950e-06 1
8.876230e-06 3
3.428431e-05 2
3.806499e-05 1
2.647550e-05 1692
2.808776e-05 1
3.082854e-05 1
4.955333e-05 3
1.940161e-05 1
5.282192e-05 56723
1.739910e-05 2
1.161200e-04 2
9.395853e-05 5
1.102588e-04 7
1.657042e-04 2
1.338890e-04 7
3.065294e-04 3
2.667338e-04 1
3.008016e-05 1
1.646940e-05 1
9.998281e-05 6
9.119286e-06 1
5.081526e-06 144
5.141274e-05 3
8.339890e-05 2
3.265935e-04 7
1.684045e-04 4
2.034083e-05 3
4.266165e-05 1
9.104180e-06 1
1.460805e-04 1
1.092095e-04 1
7.820999e-05 1
1.824099e-04 1
4.872401e-05 23914
1.100022e-04 1
8.779692e-05 1
2.912661e-04 1
1.165632e-04 1
1.060210e-06 38914
5.595607e-05 1
6.549871e-06 1
9.351260e-06 1
1.991776e-06 5
2.119681e-05 113
3.086564e-04 1
3.141133e-06 1
3.868097e-05 1
3.394779e-04 1
3.374548e-05 7
3.741305e-05 4
6.100776e-06 1
7.279245e-05 1
7.973084e-05 1
3.113430e-05 1
2.711189e-05 1
5.192880e-05 6
4.615888e-05 1
3.839210e-05 194
6.267533e-06 3
1.301002e-05 177
3.134057e-07 2
7.645071e-06 3
1.204164e-04 2
7.772835e-05 2
2.272804e-05 5
4.521746e-05 1
5.525892e-06 161
1.415429e-06 1
4.007245e-05 237
1.059445e-05 839
5.327947e-05 2
1.230016e-04 1
1.360311e-05 1
6.189023e-05 2
2.059200e-05 2
2.451489e-05 2
2.819243e-05 1
4.244851e-05 1
1.695297e-05 3
5.404629e-05 1
4.421943e-05 182
2.557915e-05 1
3.969074e-05 1
3.672394e-06 1
1.637841e-05 1
3.904222e-04 1
9.918522e-05 2
2.899053e-05 3
9.721446e-05 3
5.850845e-05 171
3.333140e-05 1
2.270118e-04 260
2.545319e-05 1
4.195986e-07 1
8.100896e-05 4
1.026352e-04 1
2.366037e-05 350
9.412102e-05 120
2.269573e-04 1
1.845768e-05 3
1.226766e-04 1
7.626694e-05 1
2.398585e-05 1
4.289485e-05 1
1.228156e-04 1
4.547314e-05 5
2.737939e-05 2
1.226933e-05 97
3.638312e-05 616368
3.769961e-05 19
2.649181e-04 2
1.124397e-05 1
3.219782e-07 1
2.607164e-05 5
6.381041e-05 1
6.855049e-05 5
3.083450e-04 1
3.866705e-05 1
8.054150e-05 5
1.997501e-04 1
1.626934e-05 2
1.518104e-05 23822
1.657775e-05 2
2.437616e-05 2
1.612641e-04 2
1.287850e-04 98
7.541576e-06 2
7.848444e-05 1
1.136719e-05 1
7.508189e-05 1
2.652258e-04 1
1.866335e-05 53502
1.430612e-04 1
1.808264e-05 1886
1.247226e-05 6
5.912829e-05 1
3.851245e-06 1
2.024301e-04 2
2.201146e-05 3
1.039555e-04 1520
4.061751e-05 1
4.214207e-05 1
5.661008e-05 1
1.089459e-04 3
3.862819e-05 2
4.184711e-05 5
3.049901e-04 3
9.320476e-05 1
4.887117e-05 108098
8.377303e-06 191
2.970258e-05 3
9.454093e-06 1
3.122752e-04 1
1.121593e-07 2022
4.470421e-05 1
1.886530e-05 1
7.046189e-05 1
1.448490e-04 1
6.376524e-05 1
5.712256e-05 2
2.754157e-05 4
7.021358e-05 2
4.892309e-05 1343
2.242092e-04 1
4.257308e-05 3
7.769671e-06 3
1.199983e-04 1
7.112274e-05 1
9.756677e-06 1
1.557465e-04 78
2.291523e-06 1
1.971444e-06 1
1.085445e-05 3
2.358054e-05 1
6.643864e-05 1
1.844334e-05 3
6.430507e-05 2
1.617807e-04 1
4.151773e-05 3
3.228354e-06 1074
8.168860e-05 1
5.938063e-05 3
1.832511e-05 2
2.414758e-05 1
9.672294e-05 1
1.798255e-05 191221
6.728809e-05 3
6.252432e-05 1
1.427599e-04 1
