3.681939e-05 1
1.329028e-05 1
1.811776e-06 3
2.053759e-05 1
4.962819e-06 1
9.781764e-06 1
1.761505e-05 1
9.660253e-06 1
4.665175e-06 908
2.725353e-05 1
7.122667e-07 7
6.347758e-06 2
6.102994e-06 2
6.819038e-06 1
1.950838e-05 1
4.760958e-06 2
1.364892e-06 1
5.215774e-06 1
1.844846e-05 12
7.250546e-06 1
1.995617e-06 1
1.385305e-05 1
2.937632e-07 4
3.281088e-06 3
2.341995e-05 4
3.139032e-05 1
1.748354e-05 1
1.503291e-09 2
3.201421e-06 1703
4.849319e-06 115
8.545108e-08 4
9.436560e-06 1
1.168631e-05 3
1.460406e-05 4
6.726357e-06 3
6.109247e-06 1
1.025606e-05 336165
7.582241e-06 1
1.333106e-06 1
7.017616e-06 3
1.160730e-06 3
3.356131e-06 1
6.515924e-06 1
8.861170e-06 2091
4.363631e-06 1
6.264298e-06 27
7.084999e-06 1870
1.837484e-05 3
2.319490e-06 2
9.279975e-07 2
6.055817e-06 1
4.778059e-06 95
1.564384e-06 1
1.573155e-05 1
1.598475e-05 1
3.468338e-06 3
4.798308e-06 1
1.494136e-07 2406
2.081251e-06 1
5.944714e-06 1
8.269541e-07 3
1.897100e-06 2732
8.998665e-08 3
1.105350e-05 3
9.384361e-06 1
4.642481e-06 1
1.129061e-05 192
6.113507e-06 2
9.063566e-07 26956
1.622289e-05 2009
9.009438e-07 1
4.237254e-06 1
7.868882e-06 1
2.016066e-05 1
1.352280e-05 754
9.410156e-06 1
1.388143e-05 3
2.948622e-06 1
5.311155e-08 5
3.622754e-06 2
6.166854e-06 1
4.005237e-06 1
8.852710e-06 1
1.113399e-05 1
7.277532e-06 1
6.770854e-06 16903
3.340478e-06 134
5.254002e-06 1
3.670029e-06 64122
3.754085e-06 1
4.297905e-05 1
1.641827e-06 1292
1.228697e-05 2
9.809749e-06 7
1.064486e-06 2
9.653241e-07 339
1.579977e-05 1
3.476848e-06 1
1.531121e-05 1
3.875272e-06 1
2.038391e-05 187
3.012507e-05 4
2.834232e-06 252
6.735596e-07 1
1.491272e-06 9
2.041607e-06 197
3.457643e-06 1
2.103845e-06 27051
1.488383e-05 32008
1.638548e-05 3
2.973518e-05 4
7.002515e-07 396
6.201453e-06 1
9.575554e-06 1
1.456962e-05 1
8.602869e-07 1
1.677597e-05 1
8.084651e-06 1
3.474169e-07 1
5.931624e-06 1
4.262571e-06 1
3.770672e-06 2
2.005571e-05 3
3.957120e-05 4
1.922801e-05 1
9.929983e-06 1
1.532991e-05 171
3.863251e-06 1
2.807956e-06 3
1.304206e-05 1
5.791135e-06 3
1.152914e-05 4
5.532512e-06 115
3.833702e-07 1
1.734997e-05 216011
1.747751e-05 7
8.452812e-06 58682
3.098717e-06 1
2.724572e-05 1
4.756798e-07 38
1.852801e-05 2
1.186866e-05 1
4.363553e-06 2
6.196197e-06 137
3.623692e-06 5
1.178336e-05 1
5.621675e-06 32132
5.914330e-06 7
2.037398e-06 1
1.954593e-06 1
1.026310e-05 1
2.793685e-05 4
1.453597e-06 678
9.384805e-06 3
2.884682e-05 3
2.183042e-05 101
1.042622e-05 122
1.310219e-05 1
1.947934e-06 1
6.814842e-06 1
5.662247e-07 1
1.644378e-05 1
1.973710e-05 1
8.852377e-06 1
9.665487e-06 2
3.737917e-07 1
6.853938e-06 7
3.887091e-05 514224
5.345186e-06 3
1.240789e-05 1
3.967748e-06 26
1.559806e-05 10309
8.300185e-06 1997
6.680569e-06 1
7.169356e-07 1
1.926210e-05 1
1.743288e-06 5
7.852921e-06 2
1.457725e-05 2
1.054948e-05 2
3.492270e-06 118
2.309020e-05 1
3.722781e-07 1
1.819970e-05 6
2.280361e-06 5
6.085855e-06 3
5.919784e-06 1
3.974599e-06 1
1.562755e-05 3
3.924532e-07 1
2.789589e-06 312
2.970949e-06 1
1.482597e-05 1
3.264434e-05 1
8.283247e-06 1
1.255877e-05 1
4.450143e-06 6
3.598340e-06 7
1.372973e-05 1635
4.086036e-06 1
1.734528e-05 1
1.612841e-06 7
2.819460e-05 1
1.217732e-05 1
1.400317e-06 3
7.250211e-06 1884
3.949879e-05 1
1.130818e-05 1
1.457426e-05 79
2.124859e-05 285
6.705005e-06 1
3.352788e-06 84
1.095929e-05 5
1.254847e-05 1
2.225384e-05 1
1.137153e-05 1
1.238715e-05 1
3.370430e-06 2
3.228232e-05 247
4.682888e-06 1
6.156564e-05 131
2.615203e-05 1
5.485103e-06 1
3.569185e-06 43
2.142307e-06 1159
4.242927e-06 1
5.359094e-06 2
1.454619e-05 2
4.737560e-07 1
3.166477e-06 1
1.611911e-05 1
2.522382e-06 3
3.569941e-06 1
2.590889e-05 1
1.880703e-06 961
5.971277e-06 3
2.142057e-06 1
3.823282e-06 1
2.637793e-06 246
1.678800e-05 246
4.137236e-06 142
3.632816e-06 1
5.087167e-06 1421
5.082142e-06 28688
2.361933e-06 5
1.823106e-05 1
1.263332e-06 1
7.766345e-06 1
1.241680e-05 1
1.640898e-05 148
7.901426e-06 3
7.959288e-07 1
2.099982e-05 14855
9.557001e-06 1
2.335034e-05 1
4.233020e-06 18
5.027991e-06 1
1.740996e-07 1
2.284295e-06 222
2.086376e-05 1
5.129929e-06 18887
2.547186e-06 2
1.146690e-06 1
2.244553e-05 1890
1.785830e-06 3
1.019738e-05 1
5.171143e-06 395
3.950872e-05 1
2.029368e-06 23
5.315943e-06 3
2.914031e-06 4
6.868565e-06 1
9.000962e-06 1
4.416863e-07 1
1.912125e-05 1
1.724699e-06 1
3.886953e-06 1
8.401472e-06 1
1.259906e-05 74
4.752971e-06 1
6.788973e-06 1
4.276790e-06 1
3.402111e-06 1
1.440910e-05 99
4.841748e-07 3
4.927248e-06 1
3.455741e-06 3
6.514312e-07 1
4.906929e-06 3
2.035735e-05 3
7.737089e-06 1
3.506647e-06 4
2.664845e-06 3
9.339386e-06 1
9.203536e-06 38695
6.210268e-06 7
4.599031e-06 1
2.766111e-06 4
9.885272e-08 1
8.044133e-06 1
1.982572e-06 1
1.505767e-05 1
4.756624e-05 1
1.349026e-05 172
9.650837e-06 2
8.973904e-07 1
3.845450e-06 4
8.652551e-06 2
1.343406e-05 1
1.208546e-05 1
3.203577e-06 9
4.279860e-07 1
3.634708e-06 2
1.995872e-05 2069
1.459292e-05 2
1.118845e-05 1
6.220705e-06 40
4.796823e-06 3
6.164542e-06 3
5.602017e-06 2
2.787863e-05 1
1.574820e-05 215
1.351326e-05 1
1.567716e-05 60712
2.528901e-07 1
2.400028e-05 57956
1.759267e-06 1
1.582839e-06 2
6.050024e-06 1
5.763983e-06 4707
5.160170e-06 3
3.564785e-06 90
2.123432e-05 1
3.733303e-06 49027
1.402570e-05 57
5.866826e-08 1
1.755318e-06 1
7.006334e-06 1
5.115528e-06 21840
4.496870e-06 1
4.926115e-06 1
5.438277e-06 1
8.840052e-07 1
3.067420e-05 1
6.634861e-06 6
2.769741e-06 3
2.213015e-05 6
1.389142e-05 6
7.107253e-06 245346
1.118941e-05 1
2.072894e-05 1998
1.884118e-06 3
1.244247e-06 1
4.493795e-06 2
1.009120e-05 1021
1.149025e-05 1
1.703066e-05 1
2.334128e-05 1
3.047844e-06 1
7.308224e-06 1
4.408245e-06 1
7.586952e-06 1
2.326811e-06 1
2.871366e-06 1
6.443012e-05 1
2.134961e-06 1
8.977963e-06 1
3.421885e-05 3
4.217371e-06 1
1.821996e-05 255
5.898877e-06 1
1.287349e-05 1
2.868390e-05 468
6.597301e-07 1
1.289379e-05 1
3.162303e-05 1
2.005062e-06 3
5.786240e-06 126
2.848660e-06 3
1.560390e-05 1
5.144728e-06 4
1.845377e-06 1
1.555505e-05 2
1.284690e-05 1
1.037924e-05 3
4.440633e-06 2
6.042116e-07 1
2.148722e-05 165
7.643158e-06 146
2.935814e-05 2
4.585004e-06 1
3.684322e-07 5
9.174260e-06 1
1.750467e-05 2
7.513449e-06 45
1.093940e-06 207
1.230798e-05 5
5.095626e-05 1
2.311546e-05 3
2.886081e-06 1
7.333330e-07 1
1.121174e-05 1
4.887498e-05 1
1.906659e-06 1
1.380828e-06 1
1.150853e-05 1219
1.940866e-05 119
7.780326e-06 1
6.415716e-06 4
2.206755e-06 1
3.310289e-06 1
1.444534e-06 3
2.746633e-07 1
1.073458e-05 584
4.180839e-06 1
1.157449e-06 1
9.952047e-06 1
1.622133e-06 3
2.029171e-06 417264
1.186933e-06 1
5.960377e-06 1
2.742524e-06 1
1.691750e-06 1
1.047176e-06 2
1.795512e-06 3
1.048470e-05 1
5.783826e-06 1
1.781357e-05 320331
3.159839e-06 251
4.044430e-05 3
7.452173e-06 1
3.019949e-06 1
2.177545e-05 1
2.741637e-06 381755
1.141923e-05 1
2.292461e-05 1
2.377022e-06 1
4.588275e-06 2
5.413674e-05 3
5.920105e-06 1
1.995166e-05 1441
6.840568e-06 1
1.268289e-05 1
1.050771e-05 2
3.544917e-06 1
1.916015e-05 48
1.331457e-05 106
1.740395e-05 5
6.144040e-07 2
8.484072e-06 3
8.891485e-07 1
1.445989e-05 1
1.599928e-06 1
2.263167e-06 1656
1.845438e-06 109
2.341409e-05 2
3.063571e-06 1
1.188424e-05 36389
5.253138e-06 1
6.899823e-06 3
1.778188e-05 2
3.145272e-06 1
2.424897e-06 1
3.783793e-06 230
9.442884e-07 5
2.102328e-05 1
1.468099e-06 1
4.873838e-05 1
1.263717e-07 1
1.060410e-05 1
1.953247e-06 148
2.930416e-05 2
5.113916e-06 1
4.864324e-06 1
1.777079e-05 1883
4.271165e-06 978
8.086694e-06 2081
5.930176e-06 2
2.559068e-05 244
9.937582e-06 1
1.752717e-06 1
3.115062e-05 224
1.522930e-05 1
1.398404e-05 1
1.813974e-05 261
7.071255e-06 1
1.659205e-06 1
2.633984e-05 2
3.999445e-06 1
1.028341e-05 1
4.124318e-06 6
3.527383e-06 1
6.549688e-06 1
9.426101e-06 1
4.277909e-06 2
7.775183e-06 7
1.998846e-06 2
4.058434e-06 1
5.822976e-06 1
7.998607e-06 1
3.692997e-06 7
1.535804e-06 1
6.965554e-06 1056
1.890846e-05 156
1.246151e-06 40
2.171970e-05 1
6.795281e-06 56
1.652691e-05 7
2.645608e-05 169
1.350631e-05 1
1.620270e-05 3
1.369378e-05 7
3.439271e-05 1
2.150880e-06 5
1.800467e-05 183
2.459870e-05 2
2.595887e-06 1
1.763851e-06 1
7.573217e-06 703
2.702993e-05 6
1.318438e-05 1
7.759390e-06 3
2.943369e-05 38
1.140543e-05 7
2.118674e-05 1
2.007057e-05 1
2.890359e-05 1
2.107541e-05 5
1.753936e-06 1
1.820471e-06 1
3.365812e-06 1
3.316582e-05 2
3.961165e-06 3
1.315951e-05 1
6.164755e-06 1
2.042585e-05 1
2.890410e-06 2
2.548124e-06 1
3.099968e-06 5
9.765395e-06 2
9.712799e-07 3
1.464462e-06 47407
6.576477e-06 1
6.440992e-06 1
2.378561e-06 33888
2.552438e-05 1
3.839876e-06 1
1.144684e-05 53035
1.739778e-05 1
3.047220e-06 3
1.446353e-05 1592
1.105490e-05 1
2.979988e-05 164
9.184598e-06 1
6.623205e-06 2
1.077716e-05 1
7.109800e-06 4
2.708573e-06 7
4.052722e-07 122
2.366746e-06 1
2.348090e-06 4
7.066121e-06 1
3.055520e-07 1
1.565999e-06 2
1.940212e-05 3
1.063592e-05 1
2.949136e-06 1
3.908555e-07 3
1.522539e-05 1
5.128846e-06 1
4.738086e-06 153
1.652054e-05 2
1.152490e-05 293700
3.953073e-05 1
3.874528e-06 5
1.476891e-06 43654
1.599981e-05 1
1.821536e-06 1
1.676049e-05 1
1.185684e-06 3
1.584177e-05 1
9.918998e-06 1
9.424333e-06 1
1.603928e-05 3
8.936161e-06 2
1.057863e-05 352
1.385134e-05 27176
2.087476e-06 3
5.864195e-06 1
1.537794e-05 1
1.074806e-05 298432
7.639518e-06 3
4.544892e-06 867
5.165152e-07 3
9.727421e-06 1
1.096116e-05 1
2.037258e-06 1
3.898609e-07 2
2.997167e-06 3
6.907611e-06 1279
2.106556e-06 5
3.932420e-06 173
9.399402e-06 1
6.692351e-06 129
2.009211e-05 1
8.394428e-06 1
7.457885e-06 2
3.497712e-05 4
6.020987e-06 1
6.022719e-06 5
7.791890e-06 1
1.081354e-06 1
3.528394e-06 1
1.789963e-05 1
1.809255e-06 1435
3.137788e-07 2087
4.461890e-06 7
1.640027e-05 1
1.510650e-05 241
3.403732e-08 1769
6.475047e-06 5
1.388354e-05 1
4.218167e-07 4
1.603882e-05 2
1.293591e-05 21086
6.758030e-06 1
1.577438e-05 1
4.141463e-06 1
1.052148e-05 1
2.900675e-06 1
1.952274e-05 1
1.288258e-05 2
1.064108e-05 1
2.863747e-05 1
3.009890e-06 1
5.623242e-06 1
2.518311e-06 1
1.125919e-05 1
7.666603e-06 1
2.006088e-05 1
1.463734e-05 4
1.326774e-05 1
5.615182e-06 1
8.254006e-06 2
1.236713e-05 1
2.639221e-06 1
5.049875e-06 1
2.438516e-05 1244
1.125601e-05 1
8.621678e-06 1
4.216081e-05 2
7.669246e-07 1
2.834682e-06 506767
1.166799e-05 3
7.925618e-06 255
2.130821e-05 1
1.613210e-06 40
1.198490e-07 40571
4.833997e-06 1
1.080086e-05 1
7.182300e-06 3
8.059410e-06 2
6.715150e-07 3
9.656702e-06 228
2.891462e-06 1
1.165983e-05 1
4.475405e-07 1
1.095799e-05 26
2.928409e-05 1
6.414606e-06 1
4.728772e-06 3
3.234833e-07 1
8.557921e-06 1
4.137746e-06 1
1.587858e-06 1
1.097427e-05 157
1.574635e-05 1
4.587633e-05 1
1.250374e-05 1
1.034456e-05 1
6.517807e-08 3
8.961994e-06 1
2.123069e-05 1
7.398419e-06 1
6.814216e-07 1
8.748078e-06 1
2.071410e-06 1
9.346477e-07 4
1.349112e-05 1
1.783057e-05 6
8.265043e-06 3
2.129518e-06 3
4.162950e-06 1
1.401300e-06 1
7.365026e-06 7
5.382375e-06 2
3.902517e-05 6
3.037282e-05 523
1.532445e-05 28827
6.508608e-06 1
1.194519e-05 1
4.361288e-06 1
7.176224e-06 3
2.143935e-05 647328
2.101397e-06 788
1.548009e-05 4
7.216884e-06 53413
1.383804e-06 1
9.784389e-07 176
1.065936e-05 1
1.272873e-05 3
4.273968e-07 65
6.558561e-06 3
1.370770e-05 1
1.915177e-05 1
2.773646e-06 1
5.370793e-06 1
1.964154e-06 4
6.516520e-06 1
5.964026e-06 1
1.452726e-05 1
9.227656e-06 7683
1.468034e-06 2
1.109167e-05 3
1.746433e-05 3
9.084020e-06 1
6.483427e-07 5
1.008181e-06 1
5.131819e-06 1
2.604565e-05 3
1.424641e-05 5
1.983227e-06 1
2.169281e-05 3
1.058958e-05 3
8.422957e-06 1
1.047486e-05 6
3.302539e-05 4
5.607554e-06 181
4.671184e-06 3
1.602387e-05 1
9.802474e-06 2
7.752373e-06 1
1.095260e-06 1
1.327556e-06 1
1.403130e-05 1
1.182851e-06 6
5.415327e-06 63
1.567865e-05 7
2.421058e-05 2
4.358823e-05 1
8.339746e-06 4
2.273881e-06 2
1.178510e-05 2
1.768364e-05 2
1.932859e-05 1
6.228285e-06 1
2.224761e-06 432788
1.115321e-05 2
7.422202e-06 4
3.199094e-07 54763
3.062811e-06 1
1.640808e-05 1
1.738858e-05 146
2.656195e-06 2
2.063584e-06 1
5.890332e-06 36347
7.277475e-06 1
1.081149e-05 1
2.878307e-05 1700
2.640462e-05 1
3.607591e-06 1
2.210908e-05 7
2.015511e-06 1
2.410656e-06 2
7.443498e-06 1
1.825894e-05 3
5.007051e-06 2
9.098086e-06 1
4.424591e-07 1
1.017860e-05 1
4.332023e-05 1
7.205391e-07 2
1.567217e-06 3
9.489985e-06 1
4.834950e-06 1
5.767771e-06 2
7.979775e-06 1
1.929933e-05 817
2.555686e-06 1
4.642305e-06 186
2.025303e-06 3
1.142457e-05 5
6.065526e-06 1
1.992576e-05 1
3.022718e-05 1
1.092876e-06 1
1.264369e-05 1
1.447085e-06 3
3.142466e-07 2
5.396045e-06 1
2.841148e-06 1
9.725653e-07 1
2.863560e-06 2
3.363163e-07 1
2.514383e-05 1
2.989183e-05 3
2.929883e-07 1
1.492143e-05 1
4.096481e-06 7
1.854418e-05 1
2.708706e-06 5
1.614588e-05 1
2.249352e-06 6
2.136717e-06 1
4.855952e-06 2
2.835339e-06 1942
1.806176e-06 1
3.349485e-06 5
5.127134e-06 1
8.935624e-06 6
1.904715e-05 3
1.135718e-05 1
1.099772e-05 1
1.433556e-06 1
4.625966e-06 1
3.473164e-06 1
8.839738e-06 1
1.112460e-05 1
2.062459e-06 2
1.000325e-05 3
1.021392e-05 1
1.738657e-06 1
4.724810e-06 1
1.890017e-05 1
5.313579e-06 1
8.175473e-06 1
2.739067e-07 1
1.523901e-06 4
9.143967e-08 2
3.617607e-06 1
1.921516e-05 2
9.463569e-06 1
2.791660e-05 7
1.182021e-05 1
1.327839e-05 66
1.881930e-05 1
1.047559e-06 1
1.093046e-05 1
9.923799e-06 2
7.601651e-06 1
3.689852e-06 2
1.577010e-05 7
5.150600e-06 2
8.066870e-06 131
2.631515e-05 1
2.674404e-06 65149
1.614092e-05 1
2.221358e-06 3
1.116535e-05 3
1.818004e-06 211
2.421333e-06 6
2.296883e-05 5
4.833123e-06 1
6.378990e-07 1
8.393769e-06 1
6.412721e-06 1
6.870747e-06 2
1.286935e-05 213
2.485360e-06 1
5.475135e-06 1
3.555329e-06 1
4.131167e-06 1
1.201395e-05 208
4.930668e-06 88
6.250007e-06 1370
1.037656e-06 1
5.375796e-06 2
1.038983e-05 1
2.741748e-06 1
6.135271e-06 1
9.579753e-06 1
1.222614e-06 1
4.835520e-05 1
7.978033e-08 1
1.588531e-05 3
8.090873e-06 170
3.043058e-06 3
8.905476e-06 1
1.768094e-06 1
9.938141e-06 1
4.063778e-07 121
8.186470e-06 2
1.294670e-06 106
4.799856e-07 1
1.592575e-05 7
1.322722e-05 3
4.351831e-06 1
4.822356e-05 1
1.690902e-05 3
4.374890e-06 3
2.780544e-06 1
8.799309e-06 1
3.818071e-07 923
3.620128e-06 48265
5.106721e-06 3
2.150635e-06 1
5.735712e-06 1
2.418434e-06 7
1.811573e-05 1
1.526362e-05 1
1.420773e-06 1
2.437607e-06 1
4.738024e-06 63
4.624869e-06 2
1.685104e-05 1
2.107112e-05 1
2.960319e-05 2
8.801674e-06 1
3.391159e-05 220
7.609718e-07 1
5.794465e-06 213
8.089241e-06 171
2.253847e-06 447
7.388418e-07 167
8.623047e-06 2
1.830840e-06 116
2.560579e-05 2
8.150106e-06 1
4.863599e-06 1
1.274750e-07 1
2.096678e-06 82
2.592999e-06 1
1.400750e-06 1
1.437116e-05 2
1.503457e-06 227
4.326146e-06 1
1.565860e-05 2
4.232541e-06 6
2.066498e-06 1
1.444784e-06 77
9.315851e-06 1
2.998621e-05 1
1.408974e-05 1
7.871431e-06 1
2.550335e-05 1
1.916510e-05 2
1.062688e-05 1
3.910999e-06 137
5.330070e-06 1
1.524913e-06 1
2.676526e-06 229
9.336765e-06 3
1.916445e-05 3
1.588088e-05 602
3.502217e-06 1
7.804402e-06 1
3.608107e-06 1
1.165194e-05 1
1.455619e-05 1
3.521630e-07 3
9.675695e-06 134
1.878335e-06 1
3.662358e-06 52
2.163276e-05 157
5.995173e-06 1
2.568755e-06 1
6.071384e-06 3
4.213482e-06 1
1.898375e-05 3
9.898700e-07 3
4.367697e-07 4
1.024181e-05 1
1.193242e-05 1
5.603014e-07 3
1.051462e-05 1
2.684104e-05 2
3.392067e-06 2
7.006012e-05 3
2.896338e-05 185
2.645300e-05 1
8.374114e-06 1
1.032453e-05 3
1.572826e-06 1
9.425977e-07 2
2.174677e-05 4
2.396332e-05 4
9.821351e-06 1
5.067868e-06 1
4.614317e-06 1
2.971920e-06 1
1.571545e-06 3
9.824869e-06 194
3.682591e-06 1
8.394536e-06 1
2.358045e-05 1
1.374417e-06 1
1.281229e-06 1
7.102892e-06 1
1.954682e-06 103
4.905932e-06 2
1.062660e-05 6
4.961471e-06 1
8.256555e-06 1
1.569291e-05 1
6.824438e-06 63394
6.511298e-06 2
1.128742e-06 55
4.016262e-06 2
1.893023e-05 568
3.674276e-06 7
6.729629e-06 3
7.835258e-07 2
2.227076e-07 1
1.198496e-05 1
3.767595e-06 454
4.546268e-06 860
6.266392e-06 491771
1.576478e-05 1409
2.019228e-05 1
1.508668e-05 1
6.668646e-06 136
2.603550e-06 1
1.398169e-05 4
1.083143e-05 1
2.969509e-06 1
1.137885e-05 1
2.904966e-05 1
1.183692e-05 1
9.776637e-07 4096
1.516853e-05 1
8.889954e-06 1
1.676529e-06 7
5.775156e-06 5
1.443810e-06 1
4.469914e-06 1
3.009874e-06 1
3.864918e-05 5
2.083563e-05 2
4.054911e-06 29510
7.037095e-06 1
1.606509e-05 2
4.171706e-06 1
1.387304e-05 1
3.792414e-06 1
9.049515e-07 2
1.861423e-05 3
1.956677e-07 5
8.214409e-06 1
2.261037e-06 1
6.380877e-08 1
1.274192e-05 3
7.243889e-06 1
3.046721e-06 2
6.065729e-05 3
1.457991e-05 1
5.963641e-06 4
2.662998e-06 3
5.913445e-06 2
1.992744e-05 1
9.433900e-06 1
3.956420e-07 217
6.571136e-06 1
9.670476e-06 1
2.828401e-06 3
4.639914e-06 1
1.919975e-05 1
1.550091e-06 648
1.532233e-05 5
2.973364e-06 42472
1.824045e-06 23961
2.606217e-05 1
1.669838e-05 1
1.983614e-06 179
1.836699e-05 3
1.228186e-05 1
4.393946e-06 3
2.735759e-06 1
9.021206e-06 3
1.387582e-05 1
9.347521e-06 1876
1.490517e-06 99
8.966329e-07 1
2.659542e-05 75
4.884269e-06 1
2.176860e-06 4
3.159796e-05 3
1.210990e-06 4
2.055029e-06 1
7.478398e-06 2
4.922541e-06 1
5.993856e-06 6
2.647977e-06 1
4.432005e-06 1
9.644736e-06 3
1.881444e-05 692
2.479225e-05 3
1.951984e-06 1
2.103000e-05 1
2.912071e-06 3
7.001123e-06 1
2.223427e-05 3
1.680079e-05 65
1.125112e-05 17961
4.548185e-06 1
7.920373e-06 257
2.802009e-05 1
9.051481e-07 7
5.363055e-06 1
7.239469e-06 1
2.854200e-06 2
1.894661e-06 265
1.626664e-05 2
2.028091e-06 114
5.188392e-06 7
2.992749e-06 1
5.376399e-06 1
6.991403e-06 1
3.725049e-07 3
1.322579e-06 1
4.741763e-05 2
2.231443e-05 1
3.247741e-07 4
1.821923e-05 6
3.786243e-06 2
1.678390e-05 1
1.543372e-05 1278
8.549816e-06 289775
3.308608e-06 147409
1.949774e-05 1
2.569392e-05 106
1.931321e-07 2
1.157703e-06 3
3.434700e-06 1
1.431582e-05 21
2.652863e-06 7
9.325107e-06 1
2.107832e-06 53741
2.108966e-06 1
8.760311e-06 3
1.827515e-06 1
1.304992e-05 1
1.017159e-06 375893
3.403580e-05 7
3.028444e-06 4
9.652991e-06 1
6.345321e-06 6
9.673267e-06 7
2.681066e-05 610
1.502981e-06 1
2.513118e-05 1
4.080640e-07 3
8.339481e-06 3
9.068318e-06 1
3.563204e-06 4
1.757415e-05 1
3.917981e-06 3
1.337584e-05 1
1.804466e-05 3
1.530188e-05 2570
3.105615e-05 4
8.315088e-06 1
5.942174e-06 1
7.229620e-06 3
1.299598e-05 1
1.395901e-06 3
6.729835e-06 1
2.250270e-05 1
5.723288e-06 1
6.110422e-06 1
4.438668e-06 1
7.548082e-07 1
1.421015e-05 4
6.016716e-06 56
2.332074e-05 1
8.676154e-06 79
2.391033e-06 3
1.197827e-05 54924
1.658405e-05 1505
6.492419e-06 1
2.320051e-07 1
3.971225e-06 1
3.112322e-06 1
6.881924e-08 1
1.999558e-06 1
5.224528e-06 3
7.424484e-06 1
1.371195e-06 68
7.880639e-07 1
2.034379e-05 1
1.043045e-05 1
1.799813e-05 228
3.007550e-06 923
1.798696e-05 7
7.326792e-06 1
4.074251e-06 1
6.749872e-06 1
8.900405e-06 1
1.456079e-05 1
3.646682e-05 187
3.634480e-06 3
1.174139e-05 1
4.731986e-06 200
1.111782e-05 222
1.830954e-05 1
2.114573e-05 1
4.114585e-06 1
2.008085e-05 2
4.919162e-06 947
1.657075e-06 1
3.633111e-05 5
7.675300e-06 183
3.690054e-06 7
4.064846e-06 214
1.120367e-06 1
1.390679e-05 1
2.078480e-05 6
1.285676e-05 1
1.375509e-06 2
6.203618e-06 3
9.397610e-06 1
3.228623e-06 3
1.648616e-05 1
2.542702e-05 3
1.151324e-05 1
1.043307e-06 1
2.335018e-05 2
1.285451e-05 171
1.942281e-05 3
4.281677e-06 1
9.377589e-06 1
9.164634e-07 3
1.957282e-05 1
3.731440e-07 6
1.468732e-05 577
9.606571e-06 59
1.188557e-06 4
1.298141e-05 5
1.119517e-05 1
1.437931e-06 55468
3.291529e-06 1188
1.143512e-05 1
8.539076e-06 1
8.174052e-06 15776
1.130892e-06 188
4.187555e-07 1
6.628402e-06 1
3.768442e-06 3
3.940055e-06 3
2.782050e-06 1
6.727737e-06 1
1.033759e-05 184
1.069554e-05 1
8.149778e-06 19363
1.419277e-05 2
4.517786e-06 1
1.605500e-06 3
7.148534e-08 173
1.169593e-05 3
2.445973e-06 6
2.052790e-05 1
4.240551e-06 3
1.523149e-05 2
5.212876e-06 2
2.532036e-06 23
9.643975e-07 1
2.078746e-05 1
9.746031e-06 1
1.948237e-06 7
9.258452e-07 1
1.877317e-05 166
2.262871e-05 1
5.128811e-06 1
5.366438e-06 3
3.891696e-06 4
6.706838e-06 1
1.783495e-05 62
3.690617e-06 5
6.014187e-06 1
1.173794e-05 1
4.586999e-06 1
4.131325e-06 1
2.017163e-05 1
1.842020e-05 194
4.422821e-06 1
6.356837e-06 5
1.324524e-05 1
5.390617e-05 1
5.915053e-06 1
5.822216e-06 1
6.110831e-06 1
9.444536e-07 238
4.837466e-06 6
5.427440e-06 2
3.468785e-06 217
1.137047e-05 2
8.641511e-06 1
3.066423e-05 2
1.105364e-05 1
5.901645e-06 1
2.178554e-06 1
2.298253e-05 1
3.812161e-06 264
1.748135e-05 1
1.443347e-05 1
6.432647e-06 248
6.899528e-06 1
2.518791e-08 65
1.805845e-06 1458
1.078245e-06 2
2.071139e-07 388
1.442898e-06 53961
2.509292e-05 1
1.104408e-06 19540
1.290613e-05 3
6.680445e-06 3
1.489004e-05 3
1.219771e-05 5
1.637080e-05 1
1.114110e-05 1
1.486653e-05 1
6.382825e-06 1
3.930695e-06 1
7.330025e-06 2
4.372406e-06 3
2.623030e-06 1
2.398515e-06 216
6.265906e-06 161
5.868200e-06 56
1.010866e-06 1
6.396400e-07 58366
1.454244e-05 2
2.700463e-05 3
5.895108e-06 2
1.816183e-05 2055
3.096507e-05 5
8.471407e-06 3
1.357602e-05 49657
1.117913e-05 1
1.724021e-05 21126
9.450963e-06 1
6.109826e-06 1
8.200242e-08 2
6.361998e-06 3
8.402075e-06 10327
2.416357e-07 5
2.556662e-06 1
5.859683e-07 2
5.255415e-06 1
1.930692e-05 4
6.812847e-06 7
2.928813e-05 1
8.683216e-06 1
4.941787e-06 839
2.126144e-05 89
1.367864e-05 2
1.231019e-05 1
3.399576e-05 4
4.734282e-06 1
7.228672e-06 1
3.523877e-07 1
7.385675e-06 5
1.440225e-05 1
1.535496e-06 1
2.093414e-05 4
2.110057e-05 3
1.841472e-05 1
4.218937e-05 1
2.381390e-06 911
1.613954e-06 1
1.463287e-05 2
3.767048e-06 1
4.021713e-06 1
1.316353e-05 1
7.747326e-06 3
2.642536e-06 3
8.513607e-06 3
2.868765e-06 1
9.941247e-06 1
5.400459e-06 1
1.350637e-05 1
1.511884e-06 5
1.430508e-06 3
4.693972e-06 1
1.498256e-05 3
5.148533e-06 15078
8.918240e-06 1
2.306541e-05 28999
2.361157e-06 232
1.155612e-05 1
2.303910e-05 83
9.105217e-06 1
1.745258e-05 5
8.086712e-06 171
6.298826e-06 6
3.284713e-06 4
1.795105e-05 1668
4.691296e-06 5
9.899334e-06 2
1.397943e-05 1177
4.351866e-07 16
1.035950e-05 1
1.721800e-05 72
3.301387e-06 1
8.352220e-06 1
1.548657e-05 4
1.669775e-05 1
1.990385e-05 3
5.385512e-06 28
4.210810e-06 1
1.359856e-06 1
6.155663e-06 194
4.105249e-06 1
3.793856e-05 1
2.213123e-06 1
3.539981e-07 3
2.399407e-06 1
2.659891e-06 1
5.256451e-06 1
2.767376e-06 2
2.368023e-05 1
2.226156e-07 223
2.651469e-05 1
1.977059e-05 1
1.317421e-05 4
8.727176e-06 1
4.191810e-06 6
1.788323e-06 940
4.049284e-07 1
1.458146e-05 257
7.702522e-06 3
2.482239e-05 1
1.615185e-07 1
3.028947e-06 1
7.217400e-08 2
8.812856e-06 1
1.389111e-06 5
2.785825e-06 2
5.839203e-06 1
6.436419e-07 1457
6.871793e-06 3
1.558191e-05 1
1.341526e-05 1
2.873109e-05 1
5.323466e-06 1596
3.112309e-05 1
1.610315e-05 912
1.195921e-05 37
9.061789e-06 1
1.883912e-05 1
4.375580e-07 1
5.721392e-06 1
1.466814e-05 397105
5.449223e-05 64656
6.191743e-08 3
1.423985e-06 5
5.197504e-06 1
2.991831e-05 5
2.245003e-06 2
3.909451e-06 182
2.185025e-06 1
7.579970e-06 1314
3.095544e-06 1
1.536791e-05 3
5.631644e-06 3
3.384511e-06 5
1.130983e-05 1
1.347010e-05 1
1.999294e-05 7
4.395163e-06 8419
5.400420e-06 1
2.128188e-05 177
6.904958e-06 3
9.428808e-06 1
1.115205e-05 1
1.171766e-05 1
1.996234e-05 2065
5.910437e-07 1
1.607866e-05 313
3.374014e-06 1
8.159704e-06 564
5.481697e-06 1
7.909252e-06 125
2.011579e-05 1
2.237390e-05 2
1.783091e-05 108
3.447834e-06 2
1.271353e-05 1
1.127510e-05 3
8.566949e-06 1
7.941167e-06 1
2.654438e-05 1
1.195607e-05 1
1.172517e-06 623870
7.772602e-06 5
3.637560e-06 1
2.032393e-05 1
5.538473e-06 6
1.171382e-05 6
1.192114e-05 7
1.226322e-05 1
4.880061e-06 1
1.086879e-05 3
1.618758e-05 3
1.513341e-05 3
1.601401e-05 3
1.518231e-06 1
6.351110e-06 1
1.066179e-05 4
6.376961e-06 1
9.693570e-07 7
2.757085e-05 1
1.153824e-05 2
1.446349e-05 1
1.024960e-05 2
3.411304e-06 1
2.054680e-06 1
4.458954e-06 1
4.005132e-06 7
4.875957e-07 3
1.764412e-05 1
1.900675e-06 1
1.085543e-05 2
3.145804e-06 1
2.800152e-06 7
3.625008e-06 47090
1.885785e-06 2
2.441212e-05 47030
1.510830e-06 4
9.623701e-06 1
2.876424e-07 1
2.613991e-06 1
9.574674e-06 1
1.408975e-05 1
5.161265e-06 1
1.770831e-06 7
2.597619e-06 2
5.564586e-06 1
4.512197e-06 1
2.379281e-05 3
1.376774e-05 3
1.127975e-07 15216
1.427142e-05 2
3.498936e-06 3
4.038470e-05 6
8.030191e-06 1
5.108818e-06 4
6.281218e-06 1
2.143722e-05 2
9.128962e-07 1
4.424824e-07 1
4.755292e-06 147
4.509084e-07 1023
5.327130e-06 3
1.372338e-05 3
1.574237e-05 1
3.754711e-06 1
2.481075e-07 1
5.591456e-06 1
7.117443e-06 3
4.171199e-06 1
3.363159e-05 4
2.247948e-05 1
9.370312e-07 1
2.458998e-05 42465
1.426254e-05 1
3.768523e-06 1
1.692223e-05 3
1.034367e-06 1107
1.033338e-06 2
7.850144e-07 1
4.391846e-06 1
2.276981e-06 5
5.525987e-06 3
2.116243e-05 3
2.482419e-05 3
2.486363e-07 3
8.665501e-06 1
2.877956e-05 4
4.339753e-06 1
8.419594e-06 1
1.459383e-06 3
1.474928e-06 107
1.351477e-06 1
1.164585e-05 1
3.179564e-05 1
9.945461e-07 1
2.253742e-05 2
1.633073e-06 1
1.561984e-07 1
9.268969e-06 1
8.906547e-06 1
7.761718e-06 1
1.028446e-05 1
1.291870e-05 4
5.608212e-06 7
1.939271e-05 5
1.769280e-05 1343
5.225585e-06 1
3.773515e-06 1
1.626285e-05 3
8.633323e-06 1
1.694039e-05 1
5.061034e-06 1
2.730134e-05 1
2.165469e-05 156
4.091356e-06 1
7.297688e-06 1
3.779489e-06 3
2.642298e-05 55713
1.908834e-06 34
1.452468e-05 1
2.389889e-06 220
7.634709e-06 1
1.751138e-05 1
9.289998e-06 1
6.754777e-06 1
1.169834e-05 2
2.180385e-05 1
2.148766e-06 148
2.693435e-05 4
1.888916e-05 1
1.441524e-06 3
9.850090e-06 3
1.095776e-06 1
7.712930e-07 194
1.103770e-05 1
1.810787e-05 1
1.673264e-06 3
3.837134e-07 1
1.064862e-06 1
9.738219e-07 1
5.039552e-06 1
1.381195e-05 1
8.335351e-06 1
6.569473e-06 164
5.602548e-06 3
6.735127e-07 1
4.957498e-05 4
1.115770e-05 7
1.791586e-06 2
1.672933e-05 50524
1.636340e-05 1
4.351369e-06 2
7.390257e-06 31
5.014134e-06 1
5.484836e-06 1
9.646664e-06 1
1.375244e-06 1
6.407558e-07 5
1.031830e-05 1
7.287547e-07 127
1.684177e-05 5
5.532291e-06 1
1.282101e-05 1
8.509760e-06 2
8.204096e-06 1
8.200924e-07 1
6.373784e-08 1
9.412706e-06 1
2.375311e-05 2
9.517660e-07 1
5.651089e-06 1
8.310550e-06 1
1.184254e-05 2
1.609652e-05 1
5.069767e-06 1
1.286854e-05 1
5.451228e-08 48
2.375300e-06 1
3.207256e-06 1
7.731359e-06 27115
2.385059e-06 1
9.520184e-06 1
7.014377e-06 1
2.281163e-05 36722
1.197319e-05 1
1.866014e-06 3
1.571500e-05 1
2.956681e-05 1
5.265976e-06 3
9.846877e-07 2102
1.202443e-05 1
1.363773e-05 1
2.594081e-05 1
9.696784e-06 1
1.018258e-07 1
4.521523e-06 1
8.671345e-06 1
5.191252e-06 2
4.292744e-06 1
7.310631e-06 2
1.117131e-07 195
3.421295e-06 1
8.613510e-06 93
2.629639e-06 1
2.248649e-05 1
1.135885e-05 1
2.225036e-05 1
1.150683e-05 2
6.748848e-06 1
3.415208e-06 3
1.958723e-05 1
7.150004e-07 1
3.481236e-06 1
1.444942e-06 1
2.820992e-06 1
7.607125e-07 1
6.757273e-06 3
4.734495e-06 1
3.158833e-06 1948
4.926352e-06 1
2.956524e-06 1
1.596792e-05 6
8.346373e-06 1
5.220816e-07 1111
3.035906e-06 1
6.679259e-06 1
1.774192e-06 2
9.387083e-06 4
5.676020e-07 1
5.609566e-06 226
1.994374e-05 1
1.585310e-06 2
1.278886e-05 1
7.138213e-06 1
3.997423e-05 300686
1.434098e-05 6
6.507662e-06 1
9.342784e-06 2
1.340576e-06 1
2.635453e-05 3
5.131861e-06 1846
1.180017e-05 1
5.756895e-06 1
1.116327e-05 780
1.086908e-06 3
1.409437e-05 6
7.093093e-06 4
6.982056e-06 1
1.440818e-05 2
4.011556e-06 1
4.334862e-06 1
1.097934e-05 47282
3.808715e-07 1
2.083146e-06 1
9.793931e-06 581
1.380006e-06 1
1.773613e-05 1
7.046939e-06 1
1.748283e-06 1
2.826289e-05 1
6.444093e-06 18361
2.212743e-06 1
1.249681e-08 1
1.242311e-05 4
4.371284e-06 13
9.717136e-06 799
1.039272e-06 1071
3.039095e-05 2
2.911436e-06 1
1.875604e-06 1
1.531320e-05 5
4.791025e-08 2
9.881285e-06 1
7.041282e-06 1
3.642264e-06 1
1.166806e-05 1
1.001520e-05 246
7.413682e-06 457699
3.808321e-06 2
1.589675e-07 657676
1.308073e-05 7
4.039993e-06 5
2.395840e-05 1
6.290110e-06 1
4.809550e-06 2
1.486837e-06 1
1.936730e-06 1
1.989536e-05 1
1.850043e-05 1
3.084367e-05 1
1.581142e-05 1
1.021879e-06 2
1.932543e-06 1
4.440277e-06 1
1.213666e-05 1
2.332421e-06 1
4.000613e-06 1
2.363129e-05 56
1.478346e-06 1
5.632140e-07 1
1.461846e-05 1
6.935004e-08 3
1.372427e-05 1
2.163459e-06 1
2.367265e-05 2
2.395144e-06 1
4.330049e-06 1
5.895119e-06 6
3.610805e-06 2
2.122955e-06 1284
2.629673e-08 1
1.209683e-06 1
2.213723e-05 1
3.183210e-06 3
6.347792e-06 1
7.402751e-06 1
1.054203e-05 1
1.495631e-05 1
4.441671e-06 1
6.890309e-06 1
2.295848e-06 28903
1.657694e-05 1
3.464647e-06 1
1.412129e-05 1
5.295142e-07 1
2.195852e-06 28942
2.549656e-07 1
1.805316e-05 2
1.196904e-05 3
4.815042e-06 1
1.116640e-05 1
2.302785e-05 57950
1.293795e-05 1
1.325202e-06 225
2.263972e-06 1
4.832835e-06 1
3.266879e-06 3
1.250281e-05 4
2.988121e-05 1
2.385535e-07 258
2.747008e-06 1
2.088785e-06 1
2.974683e-06 1
9.585633e-06 152
6.430828e-06 1
3.270842e-06 1
5.970799e-06 1
8.467370e-07 1
3.185380e-06 17
2.216346e-05 1
9.464107e-06 1
1.766400e-06 1
1.871128e-05 216
4.503588e-05 2017
3.670418e-06 1
7.494396e-06 1
4.940567e-06 1480
4.018793e-06 4
3.423662e-06 1
6.987911e-06 228
4.191180e-06 3
2.341426e-06 1
7.762862e-08 3
3.174570e-05 168
6.325947e-06 39507
1.019059e-05 1
1.528476e-05 3741
3.264387e-06 2
3.378686e-06 1
2.880187e-06 1
6.875959e-06 213
1.724825e-06 3
2.808365e-06 39
5.064412e-06 3
2.134397e-06 7
6.096810e-06 740
7.416972e-07 1
1.155380e-05 478
1.716187e-05 2
2.341934e-06 1
6.466674e-07 2
8.958079e-06 1
1.013913e-06 68
3.485035e-05 1
7.974103e-06 2
2.028197e-05 1
7.967458e-06 6
6.454526e-06 1
2.894685e-06 1
3.084659e-05 1
3.168031e-07 1
1.591576e-05 17285
3.044433e-06 1
1.246245e-05 1
1.218845e-05 1
1.028242e-05 6
5.266779e-07 1
2.356053e-06 1
2.027277e-06 4
1.524236e-05 2
1.489198e-06 3
1.236650e-05 3
5.723342e-07 4
1.202732e-05 2
6.354090e-06 1
1.579620e-06 1
3.574709e-06 1
6.745477e-07 1
2.919650e-06 1
2.971687e-05 1
3.304720e-07 1
6.611392e-06 1806
4.054853e-06 7
6.358586e-06 1
1.476111e-05 1
1.158443e-06 2
4.339944e-06 426333
1.301484e-05 1
3.026447e-08 1
5.112667e-06 1936
1.354793e-05 1
7.386939e-06 2
4.958412e-06 1
1.282969e-05 3
1.529361e-05 3
1.513303e-06 1
1.056418e-05 1
2.483725e-06 2
5.711602e-06 3
6.185475e-05 4
6.829942e-07 1
3.637858e-05 1
8.105472e-06 1
2.608507e-06 214
1.525370e-05 1
5.756278e-06 1
3.784998e-05 172
1.212029e-06 468
2.394780e-06 1
1.405882e-06 3
1.087264e-05 1
2.588329e-06 2
1.070587e-05 71
2.191423e-05 1
2.086581e-06 5
1.484155e-06 1
1.153388e-05 3
1.299963e-05 1
4.695638e-06 1
4.855313e-06 1
1.175134e-05 1
8.166362e-06 1
8.970509e-07 7
2.414236e-05 1
3.349032e-05 1
2.619817e-06 5
4.384626e-05 1
9.842007e-06 4
5.286574e-06 15
1.346356e-05 3
2.922824e-06 3
2.477646e-07 2
2.771078e-06 3
6.105957e-06 1
2.437337e-05 113
2.431398e-06 1868
1.316939e-05 1
9.010142e-06 1
4.045713e-06 1
1.954299e-07 1749
6.018244e-08 3
2.591232e-06 1
1.033085e-05 372
8.984585e-06 5
9.045087e-06 1
5.712041e-06 2
1.001802e-05 2
1.561388e-05 1
1.547891e-05 1
7.427362e-07 1
4.062851e-06 1
7.658069e-06 98
1.011307e-05 7
2.494392e-06 1
1.702812e-06 1
2.857912e-06 6
1.195135e-06 1
6.537143e-06 1
4.166074e-06 1
3.123964e-05 60394
2.494874e-05 1
6.984801e-06 1617
2.401838e-05 83
5.736503e-06 1
1.296240e-05 3
6.061768e-06 59947
1.518211e-06 1
1.411800e-06 3
2.517412e-05 1
4.109401e-05 2
1.016896e-05 1
2.473417e-05 4
1.121032e-05 251
8.593690e-06 1
4.650616e-06 5
2.532781e-05 52208
1.178338e-06 5
1.268505e-06 2
5.248200e-06 1
1.273819e-05 7
7.411376e-06 1
3.270238e-06 4
1.243667e-07 2
1.202242e-05 3
8.180667e-06 1
9.443712e-06 2
1.859003e-06 1
1.429430e-05 2
9.629882e-07 1
3.458222e-07 568
2.451742e-05 2
2.697036e-05 1
6.976299e-07 1
7.222248e-06 1
3.111642e-07 6
1.866637e-06 1
7.284980e-06 1
9.213072e-06 230
4.896393e-06 1
6.539512e-06 1
2.592896e-05 53
1.283420e-05 3
2.695668e-06 1
1.225598e-05 1
3.865184e-06 1
7.850888e-06 1
1.155200e-08 2
3.834055e-07 1
1.226826e-05 1
9.467559e-06 7
1.236485e-06 1
1.013200e-05 60864
1.530957e-05 1
4.853293e-06 3
4.574626e-06 1
3.938878e-05 113
1.197036e-06 1
3.315690e-06 1
5.025341e-06 145
4.239996e-06 1
3.317151e-06 6
1.062771e-05 1
2.840450e-05 199
1.543080e-06 1
2.735875e-05 1
1.168300e-06 1413
2.254455e-05 45057
1.194162e-05 856
6.395037e-06 1
1.328231e-06 5
2.205391e-05 2
5.179591e-06 1
1.104317e-05 3
3.526440e-06 1
1.812627e-05 1
4.952919e-05 516
1.667796e-06 1
8.942046e-07 6
4.801338e-06 1
3.050333e-06 1
2.506049e-06 3
7.519094e-06 1
1.778983e-06 3
8.996741e-06 1670
1.472957e-05 3
7.937396e-06 1
1.154529e-06 1
2.995780e-06 7
4.542431e-06 42
6.044154e-06 1
2.115570e-06 1
1.326594e-06 3
6.707380e-06 3
2.326675e-05 2
1.275529e-05 3
5.210599e-06 2
6.621506e-06 4
7.974936e-06 7
9.014973e-06 1
3.131473e-06 2
1.569761e-05 3
1.412967e-06 1
4.926621e-06 5
1.306431e-06 145
1.386318e-05 1389
5.060097e-06 1
1.514489e-05 1
6.913416e-06 2
3.895225e-06 2
4.568174e-06 1
1.247076e-05 1
1.721423e-06 1
6.374943e-06 1
1.447757e-05 135
1.405389e-06 1
1.873494e-05 778
4.859752e-07 5
3.888098e-06 6
1.739211e-05 2
1.243080e-05 1
2.117562e-06 1
1.232738e-05 1
3.780182e-05 1
3.453988e-06 1
4.663624e-06 1
7.953716e-06 1267
1.725571e-05 1
1.593326e-05 1159
1.390347e-05 28
6.757387e-06 1
2.418533e-06 509788
8.539714e-06 1
1.424064e-06 3
9.209384e-07 50105
2.305356e-05 1
8.191160e-06 2
4.943285e-06 1
7.744560e-06 1
2.337816e-05 1241
5.518451e-06 1
2.813787e-05 1
4.298314e-05 1
6.227828e-07 2
3.890690e-05 4
4.072610e-06 1
6.329645e-06 2
1.772665e-05 72
3.130372e-05 1
1.074936e-06 2
9.994304e-06 6
7.407446e-08 1
3.740386e-06 1
1.379343e-06 1
6.932473e-06 1
1.033867e-06 1
5.396944e-06 6
6.629520e-06 5
1.982553e-05 4
1.955738e-05 4
1.220121e-05 1
8.067466e-06 86
1.924179e-05 42
1.026914e-05 6
6.611188e-06 1807
6.944374e-06 1
2.097713e-06 7
1.536725e-05 7
4.600455e-07 318
1.255175e-05 1
2.025273e-06 1
2.271189e-05 3
2.864951e-06 1
3.498544e-06 1
3.809812e-06 1
5.438598e-06 1
2.056891e-05 1
1.542569e-05 1
1.550787e-06 2
3.775066e-05 6
5.194249e-06 1556
1.006238e-06 117
4.871204e-06 2
2.122174e-06 1
4.910254e-06 7
1.621480e-07 122
3.175010e-06 3
1.026494e-05 6
9.662572e-06 1
1.041720e-05 1
9.818217e-06 1
2.893008e-05 1
1.810422e-05 1
3.540227e-06 144
3.742495e-06 3
2.000859e-05 2
4.082744e-06 1
1.455347e-05 3
1.523330e-05 1
2.204767e-06 1
9.810903e-06 17
1.293797e-05 48738
7.203280e-06 2
1.100542e-06 20766
1.329534e-05 1
5.070593e-06 1
6.259497e-06 1
1.617946e-06 5
4.282652e-05 1
2.541978e-05 1
4.384057e-06 1
2.162615e-05 1
5.698238e-06 1
1.448436e-05 7
1.263519e-06 1
2.022795e-07 1
8.651036e-07 7
9.515660e-06 1
8.969924e-06 193
1.263290e-05 1
9.775046e-06 1
3.224343e-06 3
1.863901e-05 2
5.141235e-06 1
1.138839e-05 5
7.563946e-06 1
1.400976e-06 1043
1.253074e-05 39
4.974482e-06 1
3.123461e-05 2
3.226642e-07 2
1.798106e-06 1
7.370059e-07 5
2.842598e-05 3
7.182123e-07 1
2.671717e-06 1
2.862284e-06 1
3.812125e-06 1
8.322358e-06 1
1.921396e-06 3
4.419353e-06 3
2.068296e-06 1
7.099910e-06 6
6.156669e-06 104
2.398737e-05 1
1.191614e-05 4
5.623559e-06 31768
5.252555e-05 1
1.568322e-06 1
1.494251e-05 3
4.053679e-06 39
1.007541e-05 2
4.927069e-06 60868
8.922720e-06 1
5.986482e-07 1
1.384939e-05 3
7.933969e-06 1
9.920010e-06 3
1.105329e-05 1
1.331765e-05 106
5.416087e-06 1
2.421631e-07 1
6.881362e-06 7
4.057287e-05 1
7.892698e-06 263
9.175150e-06 1
2.019078e-06 1
3.577260e-06 1
8.901420e-06 1
4.971690e-06 1
4.132200e-06 10
8.458775e-06 129
9.009081e-06 2
9.272493e-06 57429
4.140621e-06 1
1.048029e-07 1
5.027239e-06 1
6.454885e-07 1
9.171508e-06 1
1.360008e-05 1
1.217298e-06 1
3.379470e-06 1
4.150854e-06 182
7.339509e-06 89
1.107152e-05 1
6.322104e-06 1
2.974039e-05 1
7.127703e-08 3
1.377005e-05 1
4.867469e-06 1
1.554685e-05 1
4.543810e-06 131
3.530168e-07 1
1.224000e-05 4
1.382281e-06 1
3.477237e-06 1
9.773805e-07 1
3.385365e-06 1292
2.111452e-07 1
3.889806e-07 1
7.481974e-07 251
5.212419e-06 1
1.852818e-05 1
7.018285e-06 2
4.782250e-06 3
1.910111e-06 2
3.715061e-06 1
1.157868e-05 1
3.983403e-06 3
1.706061e-05 1
1.168795e-05 126
3.706173e-06 170
3.079462e-05 142
2.434056e-05 1
8.282361e-06 2
1.705357e-05 1
6.941172e-06 3
2.223645e-06 1
2.888858e-07 1
7.681175e-08 1
7.074701e-06 446264
3.056502e-05 2
1.548183e-06 1
1.464494e-05 6
4.793207e-07 56257
6.715277e-06 1
8.244337e-07 1
1.381384e-06 242
2.108067e-05 1
1.254069e-05 1
4.622730e-06 1
1.418894e-05 1
8.411701e-06 1
4.977527e-06 251
8.529727e-06 4
1.578049e-05 1385
1.842980e-05 1
1.205263e-05 1
9.840405e-06 1
1.916208e-06 2
5.263946e-06 1
1.034763e-05 1
4.417334e-06 3
5.685531e-08 47
2.926543e-06 4
1.681588e-06 231
1.978360e-06 3
4.761847e-06 1
7.656200e-06 5
2.587314e-06 1
3.595355e-07 12
1.838429e-06 1
1.430714e-05 1
4.188917e-06 1
1.221147e-05 6
2.298591e-05 2
1.369367e-08 1
1.542517e-05 1
2.312762e-06 1977
4.734610e-06 109
8.460205e-07 580
2.931702e-05 3
2.738015e-06 7
6.470208e-07 1
1.070998e-06 1
1.908874e-06 1
9.455759e-06 1
1.610435e-06 3
3.384135e-06 1
4.744554e-06 1
1.837478e-05 1
1.796229e-05 1
1.696106e-05 1
1.012988e-05 1550
6.715386e-09 2
1.316230e-06 1
2.129241e-06 1
1.546740e-05 7
1.333871e-05 6
8.611127e-06 2
2.599211e-05 185
9.133036e-06 3
1.235179e-05 1
4.354307e-06 153
1.807487e-05 1
8.919636e-07 221
1.216700e-05 6
1.125235e-06 1
5.062570e-06 1
2.878787e-06 2
8.247669e-06 1
4.063926e-06 1
5.886748e-07 19641
3.240554e-06 5
2.252804e-06 57
2.129775e-06 4
9.074522e-06 796
1.501702e-05 1
1.132171e-05 1
6.960942e-06 2
3.150922e-06 7
1.428312e-05 249
1.660193e-05 1
1.296253e-05 1
2.060104e-05 1
2.993678e-06 37232
6.756143e-07 1
1.679566e-05 7
2.791321e-06 7
5.056350e-06 1
1.896160e-05 1
2.828193e-05 6
3.270340e-06 1
3.926836e-06 1
1.338763e-05 4
7.148882e-07 6
1.069663e-05 3
4.794869e-06 1
9.888051e-06 1
4.995283e-06 7
3.480032e-06 168
4.307246e-08 1
2.788509e-06 1
1.002591e-05 1
9.922088e-06 2
6.673221e-06 2
2.423783e-06 1
8.587497e-06 3
2.451269e-06 3
1.949294e-05 7
4.176975e-06 1
1.397438e-05 1
5.224882e-06 5
5.121252e-07 7
3.965909e-06 1
9.148807e-07 254
3.563496e-06 299
4.563819e-06 169
6.742892e-06 1
3.479101e-06 1
2.799704e-06 177
4.340591e-06 1
2.215831e-05 2
6.481197e-06 2
1.883659e-05 5
3.119480e-06 5
8.427349e-06 1
1.153402e-05 3
3.692333e-06 862
1.075489e-05 270320
1.973434e-06 1
1.937744e-06 1
7.878235e-06 267
4.212958e-06 2
2.974065e-06 1
2.073879e-05 6
1.628851e-06 256
8.344714e-06 2
3.757065e-05 1492
9.582661e-06 552
8.284001e-06 2
2.096357e-05 62
4.344662e-06 1873
7.390797e-06 2
9.659518e-06 1
1.061104e-06 89
3.081977e-06 1
2.785504e-06 1
2.088425e-06 1
9.630500e-07 356
2.377298e-06 1
1.474266e-06 1
8.219584e-06 3
2.145966e-07 1
1.500866e-05 682
2.662002e-06 2
1.404640e-06 1
7.801316e-06 1
8.770721e-06 13
1.510456e-05 1
3.064762e-05 2
7.794357e-06 17395
1.579532e-06 146
4.838612e-08 65681
2.438484e-05 2
9.559745e-07 1
1.835582e-05 2
1.525417e-05 1
1.055964e-06 951
1.793511e-06 3
9.727285e-06 2039
2.402185e-05 57377
2.303095e-05 1
2.021367e-05 1195
4.159481e-07 26
9.556474e-06 2
7.113914e-06 1760
1.474749e-05 193
1.853202e-06 60
1.461066e-06 1
5.233796e-06 1
1.726256e-05 1
4.139751e-06 97
1.775251e-06 393
2.165135e-05 1
6.935616e-06 1
7.757775e-06 1
2.775135e-05 1
6.010139e-06 2
1.098987e-05 1
1.682097e-05 1
2.741871e-06 1
3.993519e-06 3
2.068977e-06 36927
1.330902e-05 2
3.766090e-06 1
8.321768e-07 1
2.829987e-07 1694
8.558677e-07 1
2.641026e-06 6
2.978329e-06 5
1.628328e-05 49701
3.640805e-06 1
6.671933e-06 4
1.871739e-05 3
1.983806e-05 1
4.105243e-06 1
2.141057e-05 55482
6.566829e-06 3
9.514456e-06 1
4.526468e-05 1
1.179091e-05 1
1.216046e-05 9353
1.984239e-05 3
2.386642e-05 3
6.995336e-06 5
9.489988e-06 1
1.623631e-05 1
1.146660e-05 1
1.088992e-05 1458
1.257960e-05 1
1.764357e-05 1
1.986882e-05 1
4.330996e-06 2
1.667228e-06 14437
4.848692e-06 650
2.468535e-05 3
3.086740e-06 1096
4.025248e-06 1
3.783167e-07 47
2.696587e-06 2
1.618239e-06 172
1.290633e-06 1
9.198315e-06 9
9.235667e-07 1
6.757533e-06 2
1.989410e-06 4
9.750030e-06 74
2.314151e-05 1
3.287963e-06 1
5.491750e-06 1
1.937432e-06 1
4.107188e-06 556
2.143911e-06 240
1.638505e-05 3
3.755385e-06 3
1.125822e-05 6
1.592801e-06 229
4.688621e-06 1
2.314186e-06 1968
1.384717e-05 55335
9.996755e-06 1
2.792395e-06 1
2.081946e-05 1
1.955199e-05 3
5.240880e-06 6
7.295208e-06 40650
3.027957e-06 1438
3.437875e-06 363
1.537597e-05 2
8.694012e-07 233
8.098008e-07 84
2.338463e-06 4
7.957321e-06 4
2.048555e-06 1
1.634070e-05 1
2.296874e-05 1
2.461945e-07 3
7.383946e-06 1
1.173302e-05 1
2.513128e-05 7
3.141490e-06 4
1.529466e-06 1
4.519274e-06 994
3.594491e-07 1
8.973825e-06 170912
3.696391e-06 2
7.234035e-07 1
1.202565e-05 1
4.817118e-06 81
4.112948e-06 1
2.246777e-06 3
1.360316e-05 1
1.000242e-05 1
1.112286e-05 1
2.353696e-06 1
2.019127e-06 73
4.225042e-06 1
4.571719e-05 1
4.985062e-06 1
9.204757e-07 3
3.859761e-06 1
7.460572e-09 1
5.451161e-06 9888
8.739309e-06 1
6.586888e-06 2
5.230813e-05 1
1.011238e-05 1
2.225651e-06 2
7.797031e-06 2
9.515015e-06 1
2.960462e-06 1
3.016327e-06 221
9.248547e-07 1
1.085228e-06 2
3.168327e-05 1
1.476821e-05 1
3.525395e-05 1
5.556464e-06 3
1.557601e-05 1694
1.842620e-05 2
9.348271e-06 4
1.328823e-05 1
6.999111e-06 3
6.311217e-07 2
9.403155e-06 1
1.700075e-06 1
7.835378e-06 3
6.765101e-06 3
1.240702e-05 3
9.967399e-06 1
3.053060e-05 1743
8.662114e-06 1
6.891726e-07 3
1.644616e-05 11857
5.456386e-06 1
1.640627e-05 1
1.918213e-07 1
7.209910e-07 2
6.689912e-07 1
1.671338e-06 1
2.109987e-06 1
6.481915e-06 144
2.037616e-05 1
1.216442e-05 1
3.384829e-06 1
1.655667e-05 3
4.049574e-07 77
2.095389e-05 1
1.180871e-05 61
3.280808e-05 1122
9.000174e-06 2
1.049478e-06 36906
5.146232e-06 150
1.563206e-05 1608
1.969139e-06 1
1.752970e-05 60821
3.194181e-06 1
9.671094e-06 1
1.412914e-05 2
2.766196e-05 1507
1.186856e-05 1656
7.962756e-06 1870
1.154129e-05 3
5.304117e-06 4
1.018885e-06 1
2.164314e-06 7
1.524245e-06 1
7.701519e-06 31757
9.541759e-06 1
4.089646e-06 1
9.280708e-07 1
1.327113e-05 1
2.100757e-06 1
4.749580e-06 1
1.004836e-05 2
1.615552e-06 1
3.237310e-06 1
1.019495e-05 3
8.563668e-06 1
1.798449e-06 1
8.415610e-06 64025
2.558007e-06 40699
3.178037e-06 45904
5.231913e-06 1
5.808130e-06 1
1.068792e-05 1
2.805040e-05 1
4.042095e-06 1
2.203171e-05 61794
9.625985e-07 1
1.470266e-05 1186
2.525407e-06 1
1.324547e-05 3
2.258371e-05 241
8.917698e-06 1
9.674346e-07 958
5.802850e-07 3
3.809726e-05 1
1.446773e-05 181
7.626392e-07 1
7.029497e-06 1
2.467193e-06 1
8.402344e-07 1
1.907070e-06 6
7.514560e-06 179
7.856313e-06 1
1.771693e-06 4
8.224278e-06 3
2.149143e-05 3
7.123202e-06 1
1.290576e-05 2
9.605696e-06 193929
3.983114e-06 155
5.732812e-06 1
1.561225e-05 1
6.882296e-06 1
3.720212e-06 1
6.192855e-06 1
1.118440e-05 3
2.119851e-06 50354
5.833138e-06 1
2.112778e-06 1984
8.410852e-06 997
1.644355e-06 1
9.318507e-06 1
4.585793e-06 1
2.315330e-06 1
4.035264e-06 3
8.633145e-06 223
1.969833e-05 4
9.388206e-06 1
1.197048e-05 3
1.150305e-05 1
3.134931e-06 1
2.918386e-06 4
1.117917e-06 2
2.058752e-05 6
7.180103e-06 2
7.072134e-06 1
1.237754e-05 6
2.213404e-05 1
4.925068e-06 2
3.211946e-06 1
2.820079e-05 250
9.707225e-06 3
4.661607e-06 2
1.403665e-05 145
3.308600e-05 1
2.120656e-07 1
2.955565e-05 1
4.307414e-06 55769
1.880443e-05 549706
2.013562e-06 76
2.221287e-05 1
2.024301e-05 2
7.860865e-06 1
1.083248e-05 227
1.268650e-05 1
1.104122e-06 22
1.148278e-06 1
9.436541e-06 3
4.333528e-07 241
1.583242e-05 6
1.565548e-05 1
9.525009e-06 3
3.842195e-06 3
1.021834e-05 2
2.459562e-05 1
5.017624e-06 1
1.422870e-05 1
7.202728e-06 3
1.129963e-05 3
8.862234e-06 1
1.852259e-06 1
1.115496e-05 1
3.382915e-05 2
5.592548e-06 1
9.095811e-06 1
2.430170e-05 1
7.552644e-06 1
2.690861e-05 1
9.231929e-06 1
5.792998e-06 1
1.072137e-06 1
2.138339e-06 1
3.246060e-05 1
1.234146e-05 1
1.369458e-06 427221
1.693510e-06 6
5.291392e-06 58
4.547723e-07 2
6.901263e-06 1
2.096051e-05 1
7.614731e-06 1
6.723866e-06 1
2.135721e-07 5
5.875735e-06 1
4.828039e-06 1
6.048807e-06 1
4.898654e-06 1
1.337260e-05 1
1.163415e-05 1
1.784941e-05 2
2.893063e-07 230
6.313928e-06 3
3.531851e-07 1
6.093909e-06 54000
3.668340e-06 8872
8.753356e-06 1
6.126926e-06 6
1.162154e-05 62845
6.058997e-06 7
8.177578e-06 1
2.835709e-06 1
2.175413e-05 3
1.560186e-06 1
8.210335e-06 1
2.294053e-06 1
2.784928e-06 1
1.082651e-05 36316
3.605144e-05 1
2.802487e-06 1
4.082750e-08 3
6.530915e-06 1
2.041456e-06 2
3.375149e-05 1
1.238697e-06 2
8.147443e-06 1
4.757050e-05 1
3.920543e-05 1
2.193455e-07 1
2.485819e-07 74
2.831225e-06 1
1.041639e-05 2
3.146553e-06 1
2.348438e-05 6
1.969812e-06 1
3.238124e-05 2
1.623866e-06 2
4.096592e-07 1
3.355053e-06 173
5.114186e-05 1
6.780577e-06 3
1.685316e-06 64733
7.465313e-06 1
6.417509e-06 1
9.008531e-06 2
4.422013e-06 1
5.745627e-06 94
7.539878e-06 2
4.553292e-05 1985
6.668088e-06 3
1.687756e-05 3
8.075255e-06 1
4.141737e-06 65312
2.951999e-06 6
7.420830e-07 5
1.196373e-05 1
8.556085e-06 1
1.548773e-05 2
3.266033e-06 7
1.158228e-05 143
2.996925e-05 2
1.859642e-05 296
3.564769e-07 193
3.115621e-06 3
1.777533e-06 1
8.831006e-06 61164
2.120737e-05 137
9.160280e-07 3
1.772433e-05 2
1.052613e-05 149
3.277881e-06 631
4.547778e-06 1
3.613877e-06 71
1.488946e-06 2
8.774701e-06 7
1.301376e-06 237
7.666986e-06 3
2.497195e-06 7
3.593455e-06 1
1.791913e-06 1
1.621049e-05 1
7.672642e-06 1
9.803223e-06 3
1.808727e-05 5
1.499432e-05 706
1.041353e-05 1
1.393336e-06 1
1.677075e-05 1
6.464621e-06 6
6.850686e-06 1
1.117104e-05 1
6.982522e-06 4
9.222704e-08 3
5.182962e-06 1
8.342779e-06 1
2.529052e-06 3
8.921659e-06 1
5.164533e-06 1
7.391642e-06 1
1.228366e-05 1
8.488866e-06 3
1.009381e-05 1014
8.584122e-07 14596
4.388466e-07 2
1.514642e-05 1
2.788317e-06 320
1.528141e-05 1515
1.898471e-06 5
1.588867e-05 3
1.324248e-05 1
1.766657e-06 1
2.087338e-05 3
2.082124e-06 7
2.957352e-05 5
3.136885e-06 1
5.570527e-06 1
9.907569e-06 2
4.912124e-06 36167
2.009003e-06 1
1.203644e-05 204
2.543684e-05 1
3.631360e-05 83382
3.787205e-06 139
3.678288e-06 1
5.169284e-06 3
1.628721e-05 1
2.782938e-05 2072
2.296122e-05 3
3.394929e-06 7
1.303351e-05 1
1.100314e-05 1
2.844273e-06 1
1.687955e-05 173688
1.884378e-06 2
3.129661e-06 39
2.023581e-06 26
5.697032e-08 2
1.401158e-05 7
8.233620e-06 950
1.017343e-05 1
1.459856e-05 1
8.759719e-06 4
2.803216e-06 1
2.065760e-05 2
2.840586e-05 1
1.800439e-05 4
1.910711e-05 1
3.153151e-06 1
4.683691e-06 1
1.068924e-05 23881
1.309919e-05 62361
6.950710e-07 2
4.921890e-06 3
1.872486e-05 1
2.805521e-06 2
3.148393e-06 53386
2.422449e-07 1
6.135947e-06 6
5.597593e-06 361
1.607804e-05 2
9.580640e-06 64
2.470246e-06 5
5.637841e-07 1
1.167277e-05 3
2.390268e-05 133
2.000454e-05 3
1.906593e-06 1
2.259481e-06 1
2.662041e-06 1
3.076904e-06 1
1.734971e-05 3
1.969100e-06 3
3.642045e-07 1
2.261841e-05 2
2.522561e-05 1
2.698622e-05 1
6.190674e-06 1
2.419131e-05 2
2.816545e-06 55421
3.848647e-06 1921
1.382745e-05 82
1.250385e-08 3
1.070526e-06 1
1.328747e-05 1
4.560455e-06 2
1.206765e-05 1
1.977123e-05 1
1.102943e-06 7
5.183261e-06 1
1.003372e-05 1
1.794457e-06 1
6.681452e-06 1
2.682057e-06 1
1.729222e-07 205
1.263532e-06 1
4.702160e-06 1
2.180508e-05 1
5.971155e-09 1
7.252667e-07 2
1.463848e-06 1
1.484484e-05 1
2.242945e-05 1
3.185199e-06 2
1.066818e-05 26256
7.632210e-06 1
6.642814e-06 1
4.375422e-06 1
