5.695639e-05 1
3.421855e-06 1
3.689002e-05 1
3.764774e-06 1
4.747954e-07 1
9.743473e-06 1
3.617523e-05 223
2.196102e-06 1015
4.273599e-05 251
2.565218e-05 5
3.491433e-06 1
1.438277e-05 14138
6.972982e-06 1
1.901012e-05 2
1.953412e-05 1373
4.212700e-06 1
2.514406e-05 2
7.402107e-06 58
1.208679e-05 5
2.165823e-05 1
3.047760e-05 1
2.476549e-06 1
2.119683e-06 1
1.179262e-05 2
1.034246e-06 1
1.798473e-06 1
1.834898e-05 1111
1.509695e-05 257
6.316641e-06 1
5.093830e-06 1
8.636976e-06 525
9.734959e-06 1
2.894775e-05 3
5.737186e-06 3
5.990956e-06 1
2.324157e-05 1
1.394538e-05 4
3.249905e-05 121
1.325057e-05 3
1.711065e-05 7
2.310034e-06 7
7.100385e-06 1
7.283928e-06 1
1.088931e-05 1560
2.862425e-06 3
3.151037e-06 1
2.606179e-06 1
1.146654e-05 97
1.129829e-05 1
3.704199e-06 1
3.520512e-06 258
7.808186e-07 1
1.072201e-05 1
2.851390e-05 1
5.059709e-06 242
3.911187e-06 1
3.277403e-05 1
2.481322e-05 1
1.687236e-05 1
1.264403e-05 1
1.558168e-06 170
1.087231e-05 1
1.326487e-06 3
1.048312e-05 1
4.233349e-06 1
2.928389e-05 1
5.253843e-05 45748
2.306684e-06 1
2.348047e-06 3
7.617488e-06 1
5.305672e-05 2
7.899733e-06 1
1.300232e-05 1
3.645097e-06 1
5.362099e-06 3
1.020355e-05 1
4.408205e-05 1
1.645374e-05 60
3.170629e-05 3
6.483087e-06 2
4.376672e-06 4
1.364028e-05 1
4.310234e-08 1
3.482420e-06 7
1.632308e-05 892
3.726711e-05 2
9.332031e-06 2037
1.922196e-05 1
4.621600e-05 2
4.119698e-06 1
6.722208e-05 1
1.335844e-05 6
8.470198e-06 81
8.809016e-06 1
2.363395e-05 2
1.003498e-05 1
3.251349e-05 222
1.129913e-05 3
2.110846e-05 2
4.002836e-06 1
2.409876e-06 90
4.279037e-06 3
4.693101e-05 1
2.639197e-05 1
1.211208e-05 232
2.920993e-05 2
1.496611e-05 1
3.450133e-06 41
3.626664e-05 3
4.542451e-06 1
2.192556e-07 6
2.276126e-05 1
2.113394e-06 1
6.330826e-06 253
1.069311e-05 3
2.701546e-05 1
2.128539e-05 3
1.111525e-05 6
3.047113e-05 143
8.872916e-06 4
1.524315e-05 1
6.820789e-06 2
1.737758e-05 1
4.552629e-05 1
5.952247e-07 1
1.047585e-05 1
2.463551e-05 1
3.100346e-05 1
5.450517e-07 181
7.837851e-06 1
3.690455e-05 1
4.954666e-05 1
9.462190e-06 2
1.515690e-05 1
1.189350e-05 4
1.155754e-06 1
1.018564e-05 51789
2.696567e-05 1
3.051901e-05 1
4.520997e-05 1
1.538170e-05 1
7.163985e-06 1
5.963908e-05 3
1.533176e-05 25
1.358159e-05 1
1.386265e-05 979
4.594450e-06 2
4.703394e-06 2
5.819347e-06 1
4.138301e-06 2
8.014919e-06 3
2.343734e-05 573
3.313309e-05 1
2.885065e-06 3
1.847881e-06 1
2.805108e-06 7
2.557843e-05 3
2.220045e-05 1
1.256199e-06 1
4.980861e-06 4
2.475913e-06 1
8.566127e-05 1
7.727434e-06 2
1.199266e-05 6
1.484073e-05 2
2.903652e-05 1407
3.541197e-05 2
1.178628e-05 1
3.458961e-06 5
8.134204e-06 470
3.158836e-06 1
2.469385e-06 2
2.497203e-05 1
6.428082e-07 116
2.544440e-05 1
2.937055e-05 1
6.627422e-06 2010
1.067536e-05 7
2.087910e-05 1
1.255883e-05 1689
1.823203e-05 7
9.503049e-06 1
3.085106e-05 125
1.412684e-06 451830
2.177405e-05 1
2.583355e-06 1
4.040054e-08 176
6.054243e-06 7
3.419679e-05 21
6.244660e-06 2
4.550788e-05 1
6.292462e-05 1
2.029970e-05 2
3.446361e-05 1
2.398794e-06 3
1.998145e-05 1
9.348208e-06 1
4.521439e-06 1
2.136324e-05 1
4.049660e-06 1
9.741363e-06 1
2.353410e-05 5
2.129909e-05 1
9.799840e-06 2
5.293706e-06 1
7.673394e-06 1
3.264452e-05 2
1.826310e-05 1
3.253806e-05 7
2.749653e-05 1
2.510980e-05 1
4.028431e-06 1
4.236420e-05 1
6.189613e-05 1
1.812075e-05 1
1.764028e-06 1
1.165072e-05 1
3.148511e-05 198
1.963391e-05 1
1.608528e-05 1
6.163660e-05 1
4.773618e-06 1
2.373655e-06 1
9.982189e-06 395
2.188501e-05 1
7.045196e-06 3
4.971938e-05 4642
2.082398e-05 1
4.232302e-06 1
1.033511e-05 4
1.207177e-05 2
1.767457e-06 1
3.765159e-06 1
3.009194e-06 193
8.394811e-07 1
2.427307e-06 1
3.875002e-06 4
2.348545e-07 1
1.023367e-05 2
4.741338e-05 2
1.568296e-06 5977
5.328838e-06 110
3.151072e-05 1
5.907051e-06 1
6.681581e-05 21816
3.836580e-05 156
1.923503e-06 1182
1.339961e-05 1
5.827064e-05 1
4.918300e-06 10414
2.893175e-05 1
2.032999e-05 3
1.072083e-05 1
1.043201e-05 1
1.711173e-05 1
1.662084e-05 1
2.595765e-05 3
1.101663e-05 2
1.231426e-05 1
1.234180e-05 96
5.996626e-06 1
2.255328e-05 1
1.573628e-05 1
2.108994e-05 1302
2.376593e-05 7
2.121830e-05 1625
1.637108e-05 1
6.129518e-06 1
4.630613e-05 1
1.234287e-06 1
1.969833e-05 1
1.588403e-05 228
6.030466e-06 185
3.420198e-05 5
5.422794e-06 1
2.210599e-05 223
6.670294e-06 3
8.168312e-06 1
9.761151e-06 3
1.560131e-05 1
1.049208e-06 5
4.763633e-06 1
4.843216e-06 226
3.192440e-05 7
2.589760e-06 1
6.406193e-06 6840
9.167116e-06 1
9.347864e-06 1
7.195828e-06 7
1.761365e-05 1
1.811979e-06 4
3.558590e-05 6
6.628831e-06 1
1.880678e-05 1
3.359714e-06 2
4.833555e-05 1
1.504887e-05 1
1.012655e-05 3
1.361160e-05 1
6.771838e-06 2
6.069087e-06 1
1.010452e-06 237
1.858345e-06 1
1.497536e-05 29478
9.987751e-07 1
1.512703e-05 1
2.734397e-05 1
9.021568e-06 1
1.636319e-05 7
4.618501e-06 3
1.210982e-05 1
8.519571e-06 1
1.948789e-06 4
5.227039e-07 1
5.346658e-06 4
6.897540e-06 1
3.090546e-06 1
2.288481e-06 1118
2.690449e-06 1
3.233587e-05 1
2.753170e-05 3
4.563860e-06 64269
4.258985e-06 169
1.414854e-05 1
1.419907e-06 3
1.665499e-05 1
5.106028e-06 1
5.244776e-05 7
1.934344e-07 126
4.826053e-06 2
1.116258e-05 1
1.859062e-05 7
2.220668e-05 7
4.816782e-05 2
8.244952e-06 1
2.778403e-06 1
5.858935e-06 1
1.113402e-05 2
5.969590e-06 1
1.157362e-05 476
3.461048e-06 3
7.418281e-06 190
3.258061e-06 1
2.920187e-05 3
3.662545e-06 60135
1.358030e-05 1
4.949855e-06 1
2.064275e-05 1
2.740379e-05 124877
2.422144e-05 131
4.888884e-06 1
4.323878e-06 2
1.626729e-05 1
7.144171e-05 2
9.683707e-06 1
3.778878e-06 6
3.423365e-05 583
6.449357e-06 42889
1.691917e-05 7
2.083659e-05 1
2.102140e-05 9
1.806429e-05 7
9.741445e-06 2
2.374039e-05 1
9.711488e-06 3
1.886133e-05 1
1.548809e-05 1
5.536751e-07 4
2.618676e-06 3
1.661555e-05 1
8.339725e-06 7
7.746640e-05 1
9.968179e-06 1
3.397217e-07 1
9.083105e-06 7
8.494296e-06 6
4.613482e-06 1
4.000409e-05 1
4.746059e-06 5
3.114362e-06 1
3.146329e-06 7
1.641897e-06 1
3.758299e-06 1
7.660205e-06 1
3.445351e-05 1
6.554430e-05 2
1.806020e-05 53
7.547709e-06 3
2.108494e-05 2
8.092490e-05 151
8.254924e-06 1
2.584620e-05 1
1.259029e-05 5
2.683430e-06 2
9.856521e-07 416
1.052846e-05 57400
1.816498e-06 1
7.281470e-06 1
1.958560e-05 1
2.154556e-05 1
6.918960e-06 2
1.722467e-05 1
1.346962e-05 1
3.126702e-05 1
1.703264e-05 1
3.193525e-05 1
9.434484e-06 1
3.988974e-05 3
5.499132e-06 1
7.083237e-06 1
2.102962e-05 1
1.122422e-06 1
7.964668e-06 1
4.418058e-05 1
3.750567e-05 249
1.396054e-06 1
2.984227e-05 1
2.243461e-05 61
8.330154e-06 4
3.581147e-05 47710
2.367343e-05 49870
5.790583e-05 1
5.063666e-05 153
2.347835e-05 2
1.263170e-07 3
8.751375e-06 2
2.059042e-05 1
2.276921e-05 2
1.665260e-05 172
5.018903e-06 2
2.495936e-05 1
2.086206e-06 1
3.411618e-05 1
9.944223e-07 4
2.367778e-05 803
1.855004e-05 1
2.783995e-05 5
9.202930e-06 1
1.120502e-05 1
1.745084e-06 1
2.574788e-05 1
7.416924e-06 1
2.688218e-06 1
3.952303e-06 2
2.726986e-06 1
2.806189e-08 1
2.782526e-06 1
7.886933e-06 1
4.987837e-06 225
1.130019e-04 1
7.858337e-06 1
4.524410e-06 237
2.605261e-05 2
3.802518e-06 7
4.088850e-05 1
4.922294e-06 1
1.281164e-05 1
2.380256e-05 23123
8.628467e-07 1
6.265258e-06 1
1.475968e-05 1
1.738478e-05 7
2.819297e-06 1
2.840982e-05 1
4.090716e-06 1
1.648924e-05 1
9.354480e-06 1
1.785484e-05 2
2.635627e-06 1
2.030262e-05 1
7.654896e-06 40
2.287520e-05 44826
2.145631e-06 1
3.350620e-05 1
1.555774e-06 1293
4.041231e-06 1
1.285730e-05 2
3.582722e-05 1
2.331189e-05 163
3.086555e-06 4
7.940220e-06 3
1.039589e-05 1
4.133411e-05 2
1.889661e-05 2
1.654187e-05 1
1.080308e-06 7
1.476206e-05 2
2.148363e-05 1
1.647119e-06 245
3.075440e-06 6
2.156657e-05 3
8.897404e-07 51339
1.893233e-05 1
6.970230e-06 5
5.512402e-06 48600
1.260266e-06 193
2.564711e-05 5
1.382499e-05 1
1.174251e-05 1
1.095164e-05 7
1.033892e-05 215
2.209731e-06 1916
1.863010e-05 3
9.175809e-06 1
1.002858e-06 1
2.385749e-05 3
1.942792e-06 1
1.431593e-05 1
1.277155e-05 27207
8.716602e-06 789
2.129828e-06 3
2.027125e-05 1
3.095641e-05 2
5.338486e-06 1
3.540762e-06 1
2.811312e-05 2
1.116126e-05 1
2.944308e-05 1
8.211722e-06 1
9.130153e-06 2
3.344354e-05 3
9.557675e-07 17546
6.873539e-06 1
1.198222e-06 1
6.375299e-05 3
1.119055e-06 1
2.788665e-06 590381
1.369453e-05 3
3.334464e-06 4
5.839074e-05 75
2.720648e-06 1
4.226169e-06 3
1.482000e-05 1
8.397527e-06 1654
1.261280e-05 1
9.284587e-07 1
4.070186e-07 1582
1.536467e-05 55
8.198976e-06 1
2.098594e-05 248
3.432107e-05 1972
2.348817e-05 3
1.903189e-05 1
4.430327e-06 6
3.614690e-05 1
2.586824e-05 3
1.989478e-06 5
1.213157e-05 1
9.280225e-06 1
1.469558e-05 1
3.825071e-06 1
2.260770e-05 1939
4.997986e-07 3
1.672963e-05 1
1.139804e-05 1
2.181188e-05 34090
4.313049e-06 1065
2.430651e-06 1
2.710622e-06 1
1.091672e-05 1
1.196918e-05 1
1.074529e-06 7
1.104723e-05 2
8.261219e-06 2
5.922853e-06 876
5.538131e-05 168
6.520658e-06 1
9.829054e-06 67
1.434142e-05 1
2.393673e-05 6
4.890834e-06 1
3.775544e-05 6
2.278834e-05 186867
1.664612e-06 1
8.687268e-07 1
2.359485e-05 3
6.224895e-06 3
2.173301e-05 1972
1.322672e-05 1
5.966921e-07 1
1.648035e-05 1
3.937993e-05 1
1.244755e-05 7
3.193659e-07 1
2.508469e-05 1
1.928152e-05 1
3.449244e-06 1
1.048222e-05 1
8.269903e-06 19
1.159442e-06 190
1.009379e-06 1
2.006510e-05 3
1.880244e-05 1
1.033515e-05 7
4.986849e-07 1
1.321807e-05 336
6.619259e-06 1
2.471578e-05 1
5.075587e-06 4
1.842949e-05 3
5.228752e-06 1
2.982113e-05 1
5.066059e-07 1
6.335105e-06 1
2.008783e-05 645
1.879263e-05 181
3.929016e-05 3
1.035474e-05 1
1.577677e-06 1
7.133149e-07 3
4.274332e-07 1
7.165950e-05 1
2.939942e-05 1
1.710521e-05 1
7.031402e-07 1
4.855855e-06 7
3.596803e-05 1
1.315832e-06 409
1.960914e-07 1
6.289436e-06 1
1.161975e-05 1
1.703631e-05 6
1.399568e-05 1
1.259439e-05 2
1.064370e-05 2
1.556015e-05 267
1.564985e-05 1
6.410942e-06 5
2.109430e-05 241124
1.867977e-06 2
2.657261e-05 1
3.435155e-05 2
1.509552e-06 1
9.440341e-07 2
9.361378e-06 117
5.115880e-05 446045
1.462085e-06 1
1.067499e-04 26
9.314404e-06 63911
5.252365e-05 4
5.759351e-06 3
2.376515e-05 1
4.948341e-06 1
1.457500e-06 278
5.597073e-06 1
8.292825e-06 986
1.750345e-05 1
6.977921e-05 6
2.577982e-05 6
3.079977e-06 2
4.224596e-05 1
8.467180e-07 1
5.459207e-06 2
5.371127e-06 1
1.660735e-05 1
8.375831e-06 2
5.814959e-08 3
2.657345e-07 28503
1.436635e-06 1
1.640068e-05 1
1.329632e-05 1
3.113409e-06 1
2.960350e-05 1
1.226336e-05 142
9.016565e-06 180
1.813155e-05 1
1.167325e-05 2
2.764744e-05 3
7.288075e-07 2
6.280737e-06 1
1.347252e-05 3
1.112554e-05 2
2.126194e-05 3
2.803930e-06 3
1.080984e-05 1
1.090937e-05 1
2.077896e-05 2
8.983291e-06 7
2.191997e-05 1
1.109520e-05 1
2.161493e-05 1
1.161941e-05 106
9.291362e-06 1
1.318109e-05 1
1.825332e-06 5
7.783469e-06 1
2.099121e-06 1
2.368067e-05 1
1.953636e-06 1
1.551128e-05 1
1.202931e-05 3
2.848699e-06 49467
4.459222e-05 4
1.969175e-07 1
7.426122e-06 1
3.031763e-05 1
7.782035e-06 36686
1.912079e-05 1
2.334560e-06 2
1.790871e-05 2
1.478833e-05 60
4.717154e-07 1
3.508285e-07 1
3.025833e-06 4
1.162392e-05 1
8.748308e-08 1
2.807329e-05 45018
2.499414e-06 31
4.517729e-07 1
8.044666e-06 4
3.610050e-05 1
4.345488e-05 1
8.244652e-06 21636
6.280403e-06 1
2.114861e-05 6
2.082886e-05 1
1.352564e-05 128
1.413150e-05 7
1.289998e-05 1
6.975424e-05 1907
1.887241e-05 3
5.526156e-05 3
4.717859e-05 68
1.407584e-05 19
5.073501e-06 229324
3.912152e-06 1
1.142630e-05 3
8.720543e-06 1
2.395411e-05 6
3.135929e-05 1
1.147545e-05 2
2.295951e-05 601
3.963314e-05 658183
2.481684e-05 5
7.576020e-07 1
3.789692e-05 1
1.013559e-05 1
3.742383e-05 1
6.707520e-06 69
2.229593e-05 1
1.125597e-06 1
1.690903e-05 1857
2.271346e-05 3
3.263847e-07 1
3.902377e-06 1
7.492584e-06 2
9.660378e-05 6
2.196451e-06 2
1.091655e-05 1
6.232415e-07 6
3.400658e-05 1180
2.839081e-05 3
3.011023e-06 63677
7.600945e-06 1
2.134377e-05 6
6.778520e-06 1
3.364558e-05 1
4.563923e-07 3
1.037563e-05 6
1.965365e-05 2
1.698979e-05 7
8.181893e-06 1
2.108783e-05 3
1.252529e-05 1
2.242159e-05 45674
2.006508e-05 1
5.885172e-05 1
2.304648e-05 217
3.968047e-05 1
6.764588e-06 1
1.557220e-05 1
1.067283e-05 1
1.091826e-04 7
5.707863e-05 1
3.372773e-06 1
5.322293e-05 2
1.906079e-05 1
1.305762e-05 3
3.460634e-06 1
1.447093e-05 3
7.104365e-06 1
1.117841e-05 5
6.166397e-05 4
3.320052e-05 1
3.317674e-05 1
3.401667e-05 1
1.841753e-05 84
6.684634e-06 5
4.341298e-05 1
4.716357e-06 1
1.026718e-05 1
8.015274e-06 35
3.534571e-06 255
4.550587e-05 7
7.850133e-06 169
9.016701e-06 1
2.015841e-05 1
5.418988e-06 1
1.700373e-05 32
1.052991e-06 1
6.663779e-05 1
3.146444e-06 1
2.414537e-06 1
8.320578e-05 1
1.802736e-05 1
6.526006e-06 1
1.514614e-06 3
4.810434e-06 167
3.387054e-06 1
2.133567e-06 35
1.854983e-05 2
2.140040e-05 2
5.670193e-05 61920
6.076783e-06 1
4.378261e-06 1
1.520387e-05 1368
3.121835e-06 7
3.337990e-05 7
3.675530e-05 1
4.811907e-06 1
1.189126e-05 30
3.668751e-06 6
5.894139e-06 1
8.146534e-07 1
3.299660e-06 3
5.750191e-06 3
6.517438e-05 2
7.764075e-05 56
2.390839e-06 1
1.586172e-06 1
1.145047e-05 1
8.494209e-07 1
1.278635e-06 1
4.521735e-05 5
1.771000e-05 1
2.885581e-05 1
2.128493e-05 1
8.586796e-06 1
1.562809e-05 192
1.619063e-06 7
3.327013e-06 2
9.775360e-06 1
1.747274e-05 1
1.094142e-05 1
4.336174e-05 1
4.926518e-06 1
5.379749e-05 2
2.036308e-06 1
5.549154e-06 1
1.648063e-05 21329
1.318123e-05 1
2.239736e-06 2
1.970129e-05 1
3.791981e-06 1
3.805442e-07 3
2.763462e-05 120
6.308388e-06 3
3.043181e-06 16307
4.915303e-06 1
7.260180e-06 121
9.056440e-06 4
9.456502e-07 1
1.139553e-05 1
3.553035e-05 6
2.683605e-05 1
2.704403e-06 1
3.643518e-06 1
7.247345e-06 1
5.395846e-06 1
1.034297e-05 1
4.820815e-05 1
6.798913e-06 3
1.714994e-05 2
5.242570e-06 1
2.165157e-05 1
6.216210e-06 6
8.175887e-06 4
8.631448e-06 2
2.062984e-05 1
4.328774e-06 4
1.769722e-05 1
6.766341e-06 5
7.042051e-07 6
6.852143e-06 1
1.986028e-06 3
9.074459e-06 1
1.101187e-05 2
3.366012e-05 1
1.485998e-06 1
6.760712e-06 159
2.713332e-06 1
8.291655e-06 1
1.131686e-05 1532
4.249422e-06 1
2.312899e-06 2
3.918135e-05 1
4.906498e-06 1
1.509598e-07 1330
7.168699e-06 2
1.640302e-06 429493
2.193324e-05 1
2.326367e-05 2
8.506389e-07 253
1.979768e-05 3
9.500649e-07 1
1.362961e-05 475
1.152320e-05 1
1.702009e-05 2
2.725670e-05 1
1.025069e-05 27
1.897998e-05 1
4.909294e-06 2
2.680895e-05 1
2.336576e-05 3
6.308870e-06 3
1.384256e-06 1
1.234841e-05 1
9.254767e-06 1
2.000649e-05 1
1.823348e-05 170
7.250497e-06 62339
9.071742e-06 1
2.270185e-05 1
6.120355e-06 3
1.274000e-05 3
4.052681e-05 1
2.906548e-05 2
4.523633e-05 3
5.884168e-06 1
2.008747e-05 1
8.078481e-06 7
4.901522e-06 3
4.700670e-07 1
5.200675e-06 4
1.692595e-05 1
2.667374e-05 1
3.813109e-06 1
3.628627e-06 1
1.785299e-06 1
2.216372e-05 7
2.532612e-05 2
1.573499e-05 3
1.690289e-06 3
3.899686e-06 1
7.853936e-06 6
3.104766e-05 1
8.461619e-06 3
1.533507e-05 1
4.044345e-07 3
7.139206e-07 1
1.035865e-05 2
1.972492e-05 1597
8.828767e-06 1
1.904759e-05 5
5.053491e-06 176
2.403130e-05 1
5.276532e-06 123
1.366201e-05 1368
7.697866e-07 897
2.263312e-06 1
1.603570e-06 1
2.905075e-05 2
1.908263e-05 6
7.599607e-06 3
3.401398e-05 1
1.958192e-05 1
7.340187e-06 1
5.009307e-06 1
3.579402e-06 1
1.716179e-05 1
1.407364e-05 1
2.032407e-05 1
4.855363e-06 2
1.955043e-05 3
1.410568e-06 1
2.174121e-05 1
3.423667e-06 1
5.208313e-05 1
4.178409e-07 3
1.862156e-05 1
4.411249e-05 3
1.853557e-06 1
2.578507e-05 2
8.963653e-06 1
1.406033e-05 3
1.136338e-06 1
4.201696e-05 1695
2.240166e-05 165
1.510318e-05 1
2.674165e-07 1
3.583043e-06 2
1.255450e-05 98
3.981940e-06 1
7.276621e-06 2
4.099516e-05 1
1.408670e-05 2
3.905556e-06 1
5.787466e-06 2
2.797669e-06 1476
3.984348e-07 2
3.918801e-05 1
1.356335e-05 5
6.000990e-07 1
1.170320e-05 3
6.963669e-06 1
2.841883e-05 43
2.700047e-05 1
8.024128e-07 1
1.958518e-06 221
1.028478e-05 224
1.622033e-05 53
1.144428e-05 4
3.047611e-05 7
3.713388e-05 1
9.867343e-07 1
1.880891e-05 1
1.629283e-05 4
4.073477e-05 3
2.018110e-05 525
1.010242e-05 53
6.296686e-06 1
2.854694e-05 6
1.046364e-06 7
1.240340e-05 635234
1.993898e-06 1
2.238379e-05 1
3.130682e-06 660
4.061962e-06 5
2.514803e-06 3
2.563384e-05 1
7.986238e-06 1
2.407920e-05 4
6.792906e-06 1
2.740685e-05 1
2.716672e-06 4
2.480399e-05 1
2.871766e-06 1
6.471147e-06 188
8.834643e-06 1
3.192791e-06 1
1.754794e-05 387
2.696254e-05 1
6.006313e-06 1
1.795365e-05 733
5.826581e-06 29
1.259561e-06 1
1.879195e-06 2
2.325613e-06 3
7.020360e-07 3
7.651357e-06 1
2.367003e-05 1
5.998936e-06 2
1.048804e-05 3
5.354677e-06 2
7.790386e-06 1
7.141081e-06 1
1.316348e-05 1
2.468192e-05 282
4.551359e-05 7
1.370856e-05 3
1.452807e-05 1
2.573894e-05 46631
7.712073e-06 3
2.347692e-06 1
1.592392e-05 1
2.992988e-06 3
1.933833e-06 1
2.019259e-08 1
5.781839e-06 2
1.060819e-05 1
4.759074e-05 65826
8.367504e-06 1
1.490206e-05 3
1.146140e-05 97
2.788413e-05 6
6.137198e-06 195
2.998787e-05 5
2.527633e-06 5
1.872549e-06 2
5.911728e-05 3
7.012491e-05 3
2.110018e-05 3
1.861152e-06 1
9.432384e-06 1
1.115305e-06 1
3.768932e-07 5
1.943852e-05 1024
2.479626e-05 24
9.967673e-06 110
2.524755e-05 3
6.781995e-07 3
6.181559e-06 1
7.903905e-06 2
1.282377e-06 1
1.920116e-06 232
8.124239e-06 3
3.188733e-05 1
3.239987e-06 3
1.414652e-05 1
3.146831e-06 1
4.614148e-06 1
9.004828e-07 1
1.379504e-06 1
2.844536e-06 4
1.659297e-05 1
7.495889e-06 241
3.560683e-05 208
4.528190e-06 1
5.992236e-06 2
9.890283e-06 4
2.757818e-05 2
1.375343e-07 1
7.875395e-06 7
1.351084e-06 1
1.316900e-05 1
2.546171e-05 4
4.943624e-05 1
1.822074e-05 4
3.575272e-05 1
1.958435e-05 1
1.816046e-05 1
2.195944e-06 1
3.094115e-05 1
2.541025e-05 1
6.272104e-06 3
1.843054e-05 6
1.926358e-05 135
4.289692e-06 64840
5.643650e-05 3
1.724931e-06 1
3.199657e-05 4
6.987233e-06 3
1.314189e-06 75
8.485954e-06 1
2.322971e-06 1
6.431686e-06 96
8.570233e-06 3
3.800456e-06 5
2.335405e-07 1
1.558079e-05 2
6.263694e-05 1
2.727653e-05 1
7.417792e-06 663991
3.051596e-06 1
2.501498e-06 98
2.101802e-05 1
8.622562e-06 1
4.172384e-06 2
6.765489e-06 91
7.763513e-06 6
3.506673e-07 1
9.002820e-06 1
6.516767e-06 6
2.131960e-06 3
9.389552e-06 1
1.465853e-05 1
1.627545e-05 13
5.127578e-05 3
3.827939e-05 3
4.381954e-06 3
1.855405e-05 205
5.493425e-06 1
2.154177e-06 2
9.302132e-05 1
2.847414e-05 1
2.666637e-05 11128
2.337463e-05 6
3.037021e-06 1977
6.167516e-06 1
2.987519e-06 3
2.303542e-06 3
1.166286e-06 6
4.402463e-05 1
4.180655e-06 1
1.873086e-05 1043
5.937008e-06 1
1.749616e-07 98
7.844126e-06 1
7.675846e-06 1
1.370748e-06 3
1.009171e-05 1
3.486056e-05 3
2.805129e-06 1
2.194757e-05 159260
1.110238e-06 1
4.029507e-06 1
1.162365e-05 842
3.339798e-07 1
5.478043e-05 3
3.247039e-05 1
8.680212e-06 1
1.596207e-05 253
1.338626e-06 1
3.261172e-05 7
1.323879e-05 2
4.426336e-05 1
8.456339e-06 1
1.892511e-05 3
2.048776e-05 1
4.237740e-06 1
2.465215e-05 237
1.058023e-05 1
4.948982e-05 171018
1.034446e-05 1
2.899908e-05 1
2.136421e-06 7
6.190597e-06 250
8.099034e-06 3
2.472579e-06 853
2.760516e-06 1
5.363156e-05 1
4.706118e-06 1
5.851049e-06 124
6.461125e-06 6
4.442938e-07 13515
2.543622e-05 2
1.109479e-05 1
4.390605e-05 126
2.743511e-06 1
3.493143e-05 1
1.161883e-05 2
2.306654e-05 1
3.072013e-05 1
7.233116e-06 43625
6.553637e-05 1
1.061871e-05 1
2.485499e-06 1
3.736624e-06 1
2.725816e-06 3
4.582173e-06 1
1.672614e-05 1
2.161121e-05 6
5.506395e-07 55173
6.646626e-09 1
1.616808e-05 1
1.036591e-05 1
1.361921e-05 1
3.533804e-06 7
2.326272e-05 3
6.529454e-06 1
1.853422e-05 1
2.018292e-05 6
2.440774e-05 1
1.067182e-05 42442
3.398300e-06 1
2.667546e-06 1
4.002356e-05 4
4.371868e-05 3
1.651024e-06 2
2.665405e-05 11591
4.208829e-07 2
1.851357e-06 1
2.430060e-05 1
1.450192e-05 1
4.384944e-05 93
2.230452e-05 72
9.056604e-06 72
1.133066e-05 1
3.861350e-06 68
5.640593e-05 3
3.103536e-05 1
3.583821e-06 1
2.925464e-06 149
2.089646e-06 1
1.622885e-05 1
3.169840e-06 3
6.947316e-06 7
1.052159e-05 1
4.754664e-06 1
9.104003e-06 1
2.055159e-06 1
6.804031e-06 993
3.492186e-06 5
2.774069e-05 1
4.864357e-05 1
1.166929e-05 6
1.382306e-05 1
7.602809e-05 1633
1.744513e-05 1
6.149085e-05 3
7.220168e-06 2
1.590138e-05 1
8.913985e-06 1
8.402936e-07 1
1.134459e-05 1
3.729065e-06 28365
1.357911e-05 1
3.108757e-05 2
9.121262e-06 3
2.209806e-05 1
4.444215e-06 1
7.479702e-06 4
3.252864e-06 60
2.276048e-06 2
2.692043e-06 1
2.266362e-05 2
9.311272e-06 2
2.132415e-06 1
1.253039e-05 1
1.250089e-05 1
4.451883e-06 1
1.056914e-06 1
2.049387e-06 6
4.870548e-06 17
1.209380e-05 1
1.175441e-06 5
2.235522e-05 1
6.966063e-07 1
9.450165e-06 1
6.866140e-06 1
2.330430e-05 3
7.581932e-07 1
1.479970e-05 1
1.802384e-07 1672
1.607054e-05 71
8.481787e-06 1
3.323465e-05 2
2.070025e-05 3
1.350551e-05 232
2.729223e-06 1
3.854766e-05 1
3.174108e-05 1
9.688379e-06 160
1.236185e-05 6
8.246892e-06 1113
2.381364e-05 64537
3.014175e-05 3
1.903169e-05 1
1.073474e-05 967
1.664749e-05 51381
1.121006e-05 2
8.649434e-06 3
2.014813e-06 1
6.172440e-06 7
1.838912e-05 1
2.317717e-05 2
3.275073e-06 1
2.418909e-05 134
1.357947e-06 3498
2.741073e-07 1
3.078127e-05 3
3.165180e-06 1
2.008315e-05 1
4.589584e-07 1
6.567878e-06 1
3.171588e-05 3
1.418331e-05 1
8.658789e-07 1
1.677427e-05 1
1.726847e-05 4
1.013059e-06 2
3.816940e-06 1
8.148850e-06 3
4.200969e-05 1219
4.731084e-06 6
9.384711e-07 3
1.025000e-05 1
3.480136e-06 2
2.268075e-05 1
9.290025e-05 1
4.195422e-05 2
7.220867e-06 1
5.275859e-06 1
2.253084e-06 306
3.802742e-05 1
2.398168e-06 5
3.327000e-05 2
4.065106e-06 6
7.960007e-06 3
1.129630e-05 2
3.459540e-06 1
1.369729e-05 1
8.868750e-06 141
1.467680e-05 1
3.525177e-05 2
3.969687e-06 1
1.211290e-05 1
3.090033e-06 4
4.091538e-05 1
3.058456e-05 6
3.185623e-05 1
1.093839e-06 1
1.527074e-06 1
3.446836e-06 1
6.031561e-06 1
4.078156e-06 1
3.434996e-06 3
2.352047e-05 478548
1.792083e-05 1
8.071022e-06 3
1.577992e-05 1
7.914574e-06 1
9.067627e-06 1
2.081743e-05 1
1.644220e-05 1175
1.621008e-06 1016
1.856748e-05 1
1.151568e-05 1
2.186540e-05 1
1.957144e-05 3
1.111761e-05 1
5.329469e-06 907
1.997654e-05 2
1.262162e-06 42597
2.368275e-05 1
2.467708e-05 1
9.189134e-06 1
2.297422e-05 256
2.562531e-07 1
2.135052e-06 309
2.929484e-05 3
1.272273e-05 3
8.070212e-05 16922
3.893611e-05 1
3.773126e-05 2
2.652174e-05 49
2.012743e-05 1
1.086547e-05 1
2.019853e-07 20486
3.505745e-05 1
2.252201e-06 1
3.107680e-06 166
1.421494e-05 2
7.087200e-06 1
1.176104e-05 7
6.098757e-05 2
2.648187e-05 3
9.386770e-06 462
2.308913e-05 1
1.092283e-05 5
4.877460e-06 1
1.394290e-05 1
2.412964e-06 1
2.063217e-05 1
8.327609e-06 1
8.149883e-06 2
3.772065e-05 1
2.865178e-05 3
6.533849e-05 1
1.665693e-05 7
2.986020e-05 50610
3.844241e-06 9769
2.767849e-06 1
6.360527e-06 1
8.980059e-07 2
4.271796e-05 3
2.280993e-05 1
1.643292e-05 1
9.629475e-06 1
9.026596e-06 54877
3.137409e-05 1
1.999368e-06 2
2.300922e-05 1
2.158643e-05 1
8.262254e-06 2
9.683036e-06 1
9.686689e-06 2
2.049243e-05 1
2.959655e-05 1
9.287299e-06 2
1.566718e-05 1
8.326490e-05 1
8.847040e-06 1
3.905189e-06 4
1.822554e-06 3
3.972032e-06 3
1.720718e-05 4
2.566996e-07 1
3.785816e-05 1767
2.085728e-05 1
7.473011e-06 3
1.263248e-05 1
6.973802e-06 5
3.448431e-05 1
4.673379e-06 2
5.237280e-07 1
1.714408e-05 532
1.931854e-05 5
1.463390e-05 1
1.959852e-06 5
1.837503e-05 1
6.302090e-05 1
2.967136e-06 3
6.990499e-06 76
2.167440e-05 3
6.086146e-06 3
1.527655e-05 134
8.205777e-07 2
2.698886e-06 3
1.031333e-05 185
4.375275e-05 1
2.815400e-06 1
5.431277e-06 611552
8.086230e-06 1
6.114089e-06 3
8.433972e-06 1
1.275851e-05 202250
3.090115e-05 2
5.985815e-06 1
2.629181e-05 131
9.135783e-08 2
2.295975e-06 1
2.123098e-06 3
3.240806e-05 91
6.639143e-06 2
7.231216e-06 5
2.308231e-06 1
4.447506e-06 1
2.656977e-06 1
3.692781e-05 165
5.404980e-07 3
1.967744e-05 1
2.828159e-06 1
3.711877e-06 3
1.549102e-05 1
1.673371e-05 1
1.455497e-05 1
5.131780e-05 2
2.598304e-06 1
1.332447e-05 2
1.259603e-05 22248
4.271519e-06 2
5.521266e-07 33914
7.400755e-06 1
1.982400e-05 3
3.551866e-05 1
1.685503e-05 1
8.544089e-06 1
4.381241e-05 195
8.466917e-06 1
5.092294e-05 1
3.749754e-07 1
2.614678e-06 1
4.191900e-06 2
3.529473e-07 2
3.845577e-06 207
3.130354e-06 228
3.184753e-05 1
4.596776e-05 2026
1.464948e-05 1
2.442437e-05 1
1.094861e-05 3
1.742056e-05 222
1.507416e-05 125
2.647245e-05 1
4.859413e-05 478
2.413955e-05 1
2.077014e-06 38491
2.762816e-05 1
3.000538e-05 724
4.922320e-06 1
5.258795e-06 6
2.154868e-05 135726
2.716090e-06 1
1.978541e-05 3
2.987411e-05 1
8.321204e-06 1
3.170319e-06 217
2.022416e-06 2
2.228913e-06 6
1.020836e-05 1
1.252668e-05 204
2.038967e-05 5
1.693946e-05 1
3.905003e-05 2
3.001439e-05 1
2.648985e-05 1
4.190953e-05 6
9.288199e-06 1
2.374898e-06 3
2.909477e-06 3
2.175058e-05 1
5.936080e-06 1
2.745720e-07 1
3.008215e-05 1
1.738867e-05 5
1.164691e-05 7
1.259480e-07 7
1.348897e-05 2
8.195822e-06 1
5.452000e-06 1
6.766687e-05 3
3.936077e-05 1654
9.552360e-05 167
2.262278e-05 1
7.642149e-07 1
1.380354e-05 4
2.142011e-05 428
1.148934e-05 1
3.397238e-05 1
1.209320e-05 6
3.765230e-06 1
2.799798e-05 1
6.868199e-06 1
2.065602e-07 5
1.804163e-06 4285
3.167394e-05 1
1.909894e-05 1
2.279951e-05 1
1.341599e-05 1
1.242928e-06 1
2.382367e-05 1
3.681035e-06 3
2.568149e-05 5
7.607469e-06 3
4.411669e-06 1
3.237385e-05 7
4.023852e-05 4
2.140811e-06 1
1.931740e-05 1
1.979766e-05 2
2.374516e-05 101404
9.257890e-06 202130
7.078352e-06 2
4.132894e-06 1
7.704013e-06 1
2.944987e-06 373790
2.997045e-05 1
3.049940e-05 2
2.291637e-05 1125
1.495648e-05 1
2.902362e-05 1
1.594864e-05 1
1.857626e-06 216
1.255030e-05 2
3.401376e-06 7
2.600451e-06 3
2.284108e-05 30
2.115268e-05 1
3.142350e-05 1
1.168578e-05 6
2.345246e-06 32469
2.141232e-06 1
3.965243e-05 6
6.135523e-06 1
8.410430e-05 78
1.852380e-05 7
3.147383e-06 1
2.846816e-05 2
3.392587e-05 1
1.159059e-06 41300
3.215079e-05 1744
5.887602e-05 3
2.751960e-05 1
3.604497e-06 3
1.386583e-05 81
2.673845e-05 1
2.394189e-05 3
1.139340e-05 3
2.157094e-05 1206
1.634001e-06 13
4.290213e-05 3
2.758440e-06 44036
5.679359e-05 1
3.301025e-05 158652
2.005888e-05 4
7.196944e-06 1
1.001561e-05 3
9.860664e-05 2
2.728057e-05 2
4.352762e-05 3
5.008121e-06 1
5.542508e-06 162
3.054647e-06 56287
3.696812e-06 1
3.599368e-05 1
8.584957e-06 194
2.262921e-05 1
4.769751e-05 1
6.528087e-07 13961
5.921371e-06 3
1.534130e-05 6
2.378370e-06 133
1.016985e-06 7
3.375043e-06 3
1.349982e-05 96548
3.798195e-05 1
1.172274e-05 3
4.932555e-06 1
2.124547e-05 1
2.531290e-06 3
9.627191e-06 2
4.343729e-06 147
9.857428e-06 1
6.887209e-06 7
2.871686e-05 94
8.567561e-06 1
9.903675e-07 1
7.788552e-06 5
2.641703e-05 1
2.169661e-07 1
1.730093e-05 3
4.969994e-05 1
1.854911e-05 1301
1.372964e-06 2
3.836676e-05 1
2.613897e-05 5
2.413884e-07 2
1.960580e-05 1
4.970651e-05 1
1.224144e-05 2
2.799229e-06 3
1.009324e-05 599
3.075746e-05 1656
7.439450e-06 3
2.462026e-05 1
6.591263e-06 2
1.596569e-06 2
1.226346e-05 176
6.216398e-06 2
1.345442e-05 5
1.366646e-05 1
3.837411e-05 4
2.988522e-05 1
1.143842e-05 3
4.792191e-06 7
2.497127e-05 1
1.682487e-05 1
1.060546e-06 1
2.273612e-05 1
2.238842e-06 1
1.501824e-05 1
8.322705e-06 2
2.046202e-05 1
2.925626e-05 293
1.186292e-05 1
2.149242e-05 1
1.734522e-07 5341
2.687885e-05 1
7.121824e-06 3
1.612634e-05 2
1.566781e-06 1
3.890385e-05 1
5.619450e-05 43748
8.176407e-06 5
3.655288e-05 895
2.102576e-05 1
2.634182e-07 1
8.562931e-06 88490
5.225181e-06 4
1.242179e-05 3
1.057203e-05 1
1.180897e-06 1
2.336905e-05 1
4.087313e-06 3
5.773244e-09 2
7.241587e-06 3
1.278266e-07 1
8.218910e-06 1
7.486346e-06 6
3.361724e-06 98
8.957951e-06 23
6.275162e-06 1
2.657220e-06 1
3.440751e-05 1
3.475733e-05 1
8.815560e-05 3
4.205452e-05 6
2.330939e-05 24533
1.788993e-05 3
3.276747e-06 7
3.970866e-06 1
1.536920e-05 223
7.541383e-06 3
6.001661e-05 1
1.182461e-05 3
1.814826e-05 1
1.763231e-07 2
5.470901e-06 4
2.557763e-05 1
9.901412e-06 4
1.027407e-05 2
1.135764e-05 46
1.917471e-05 1
1.798671e-05 2
1.820575e-05 1
1.330738e-05 4
1.527586e-06 1
2.089780e-05 87
6.737953e-06 3
2.020865e-05 1
1.644469e-05 1
1.250855e-04 1
3.404096e-06 6
2.990165e-06 3
2.737136e-05 6
5.030459e-06 2
1.894665e-05 200
8.253020e-06 3
3.455785e-07 1
3.981086e-05 3
2.574486e-05 1
5.616612e-06 2
9.397545e-06 43
1.903058e-05 1
7.378246e-06 7
9.962465e-06 2
9.886754e-07 1
5.579227e-07 3
6.455751e-06 2
2.174645e-05 1
1.454322e-05 43010
3.626035e-05 38580
3.882772e-06 2
1.146917e-05 2
6.573397e-06 1
2.047278e-06 2
2.977273e-06 101
5.202113e-06 6
1.449447e-05 1
5.970163e-07 266
1.719264e-05 2
5.203543e-05 1
1.430637e-05 1
6.187751e-06 1
1.676288e-05 1134
8.840943e-06 3
2.969461e-06 1
1.071296e-05 1496
5.638731e-06 1
3.295730e-05 1
4.654550e-07 3
8.524660e-06 2
1.232922e-05 1
3.335116e-06 2
7.073553e-07 3
1.139470e-05 1
1.324032e-06 6
3.483675e-05 1
4.972225e-06 1
6.972085e-06 1
1.226376e-05 1
9.969054e-06 1
2.328195e-05 1
1.524877e-06 1
8.773399e-08 22862
1.357411e-05 1
7.045928e-05 1870
1.352410e-05 1
1.204752e-05 1
6.070059e-05 5
3.967859e-06 1
1.093409e-05 1
1.705932e-05 1
1.515284e-06 2
8.323957e-06 1
1.340582e-05 1
1.554334e-05 1
1.091591e-06 1
1.169051e-05 2
4.500971e-06 142
5.124115e-05 3
3.838564e-05 1
5.642795e-06 2
4.813500e-06 2
8.725043e-06 66
5.356664e-05 51
3.819400e-05 3
5.033777e-05 1
2.144373e-05 1
2.261430e-05 1
3.051800e-07 62449
9.249240e-06 1
2.735786e-05 307
1.455403e-05 3
5.045616e-05 1
5.367524e-06 1
1.431454e-05 1
1.630551e-05 2
4.564858e-06 1
2.971134e-06 1
5.080016e-06 203
2.268341e-05 3
1.368337e-05 1
1.749806e-05 2
2.025706e-05 3
1.090940e-05 1
1.460115e-06 132
4.811695e-06 3
1.280414e-05 1
2.020963e-05 1
7.627943e-05 1
7.420390e-06 1
3.644392e-05 2
4.922982e-06 2
3.853642e-05 1
1.769798e-05 1
3.315403e-07 1
2.362936e-06 1
1.441357e-05 6
5.762390e-06 3
3.389414e-06 3
7.455443e-05 46578
9.908579e-07 1349
3.037296e-05 3
2.312154e-06 1
4.601051e-05 222
2.267666e-05 1
1.397273e-05 1
1.229395e-05 1
1.056026e-06 2
1.019478e-06 65
9.288582e-06 7
3.313281e-06 1
1.311434e-05 1
1.519472e-05 1
2.449991e-05 2
6.837850e-06 4
1.648699e-05 5
1.389626e-05 1
1.539625e-06 1
2.206948e-05 1
9.795379e-06 141
1.355395e-05 5
1.370871e-07 1872
1.708329e-06 4
2.521062e-05 2
1.592927e-05 2
1.189024e-05 1
6.169284e-08 34
3.239223e-06 1
2.380034e-05 1
4.100819e-06 6
4.449783e-05 3
4.572825e-06 4
2.893873e-05 537200
1.539440e-05 4
2.070284e-05 1
3.066556e-06 2
5.179129e-06 1
5.308526e-06 1
1.188013e-05 1
6.034011e-06 1
2.664706e-05 3
5.640562e-06 1
9.453695e-07 2
2.098164e-06 13734
2.064740e-05 1
3.260360e-05 3
2.260738e-05 6
4.025628e-06 1
1.921399e-05 1
4.615835e-06 1
3.544663e-05 213
5.269565e-08 3
1.571386e-05 4
9.668148e-06 3
7.969988e-08 1662
1.199304e-05 985
1.206536e-05 1
7.331507e-06 1
1.418963e-05 1
8.784800e-06 2040
6.900302e-06 1
3.281570e-05 2
3.150429e-05 1
1.791193e-05 1
7.952884e-06 1
1.288770e-05 3
2.461581e-05 1
2.531352e-05 1
2.157100e-05 1
1.302892e-06 2
1.001812e-05 1
2.671775e-05 1
1.801304e-05 1
1.675251e-05 2
3.493604e-06 3
4.851901e-06 613
5.143952e-06 87
4.981824e-06 1601
2.361138e-06 4
1.138372e-05 3
3.512497e-05 1
2.594677e-05 220
7.351714e-06 7
7.553348e-06 1
6.717475e-08 1
1.066190e-05 2
4.197938e-06 1
2.781122e-05 3
1.793367e-05 1
3.997268e-05 1
1.590007e-05 1
4.300703e-05 1
2.117283e-07 1526
3.196063e-06 53416
4.393964e-05 260
2.866337e-05 1
1.892184e-05 1
4.183669e-05 1
1.378800e-05 4
5.609897e-06 1
3.213000e-06 172
1.096174e-05 212
1.838862e-05 1
3.502198e-05 1
4.212729e-05 28
2.554823e-06 6
5.062406e-06 1
3.575356e-07 174
5.388501e-05 1
8.659307e-06 1
1.408599e-06 3
2.184621e-05 1
4.999305e-06 19226
2.734505e-05 1
6.169642e-05 52
2.037693e-05 1
3.454531e-06 1
2.705069e-05 1
1.468605e-05 3
4.467428e-05 1
4.138793e-06 1
5.198264e-06 5
2.521599e-05 1
2.891444e-05 2
5.287673e-06 5
1.196097e-06 1
4.095621e-06 1
6.901339e-06 1
3.337790e-05 1
3.671572e-05 1
1.791653e-06 1
4.272527e-05 1
1.744972e-05 58977
1.935322e-06 3
2.976415e-06 1
5.318712e-05 1
1.199191e-06 2
5.289931e-05 4
8.566091e-06 1
6.988366e-06 111
7.446501e-06 1
1.386956e-05 3
1.987171e-05 1882
1.126014e-05 1
8.433822e-06 1
2.589439e-05 1
2.109525e-05 8417
7.906116e-06 1
6.185490e-06 2
4.788812e-05 2062
3.591612e-07 3
4.559244e-06 1
2.908843e-06 1519
7.885764e-06 1
3.310532e-06 3
1.869404e-06 1
2.349004e-05 1
7.954408e-06 2
1.356686e-05 4
4.942837e-06 1
6.575994e-07 2
1.454406e-05 1
1.985436e-06 78
1.627632e-05 5
1.412344e-05 3
9.271327e-06 1
5.764842e-06 1
6.735335e-07 373
1.666762e-05 3
2.278117e-05 1
2.370822e-05 7
1.112311e-05 1019
1.588397e-05 43832
3.980270e-06 1
1.577856e-05 1
2.922811e-05 169
6.853636e-06 6
9.595980e-06 3
4.161993e-06 3
1.452982e-05 1
1.537168e-06 2
2.678767e-05 2
9.428771e-06 4
1.503683e-05 3
1.196258e-05 1
5.868929e-06 5
1.632034e-05 1
4.577704e-05 1
1.709619e-05 1084
2.428005e-05 3
4.399949e-05 1585
2.110378e-05 36
2.163104e-05 1
3.338906e-05 1
3.203185e-06 1
2.243000e-05 1
1.390400e-05 1
1.341284e-06 1
5.684318e-06 1
2.612586e-06 295
1.918710e-05 1
1.598735e-06 3
7.583559e-07 1
1.893412e-06 240
7.996045e-07 6053
1.090826e-05 119
2.637750e-06 2
3.160317e-06 1
4.521241e-06 2
1.858931e-05 1
3.491760e-06 1201
5.325379e-06 7
1.527939e-05 1
1.743135e-06 6
9.452971e-05 1
4.169929e-05 3
3.149745e-06 1
4.993134e-05 1
6.816040e-06 1
1.141459e-05 7
2.881114e-05 1
7.094028e-06 2
2.385941e-05 5
5.217703e-05 2
3.214677e-05 1
4.442261e-06 1
2.179368e-05 468
6.456071e-07 2
7.957955e-06 13
3.685109e-06 479
1.077096e-05 6
1.985674e-05 1
1.839919e-05 1994
7.996350e-07 4
1.159388e-05 6
1.530475e-05 5
2.372818e-05 2
3.810220e-06 2
1.787647e-05 3
1.823660e-06 6
1.702405e-05 1
2.141464e-05 1
1.513754e-05 1
6.096788e-06 1
2.227932e-05 1
3.476218e-05 1
3.410491e-05 1
4.690749e-05 1
7.538127e-05 1
5.125232e-08 1
1.766754e-05 1
9.287977e-06 7
3.404480e-06 1
4.888379e-05 1
1.749049e-05 147
1.026382e-06 198
4.568951e-05 1
2.740420e-07 3
1.455604e-05 3
1.684074e-05 6
4.640905e-05 2
1.641268e-05 1
7.418922e-06 189
9.658951e-07 1
5.489996e-06 5
3.200993e-06 3
7.705695e-06 46235
1.654818e-06 1
2.568749e-05 1
1.846960e-05 1
9.576861e-06 2
2.813709e-05 1
9.415203e-06 7
5.472302e-06 3
9.426526e-06 1
1.790253e-05 1
1.563768e-05 2
1.829061e-05 1
1.475477e-05 6
2.723525e-05 1
3.909559e-05 3
2.442759e-06 2
1.688812e-06 1
3.445382e-07 1
1.566013e-05 60582
5.273013e-07 1
9.847351e-06 1
1.662624e-05 1
1.978714e-05 1
1.272684e-05 1
1.477990e-05 1
3.425106e-06 1
1.390454e-05 4
3.815505e-06 181
1.774273e-06 1
6.696941e-05 1
7.833854e-06 6
7.838771e-07 1
1.537436e-05 1
1.142921e-05 1
8.624042e-06 1
1.356874e-05 2
1.555486e-05 1233
1.721698e-05 1
5.527584e-08 2
1.476111e-05 1
2.222768e-05 1
7.846732e-06 3
5.669873e-05 1
8.101912e-06 1
2.185751e-06 1
3.028670e-06 1532
2.184181e-05 1
3.231565e-05 1
4.255445e-06 6
9.649751e-06 1
1.265901e-05 1
1.286047e-05 1
8.536628e-06 2
2.194990e-05 2
6.309899e-06 1
4.193968e-06 1
8.385309e-06 732
2.495192e-05 1
3.542930e-06 1
1.101373e-05 68
2.409639e-06 1
8.791611e-06 1
1.603404e-05 2
1.821092e-05 3
7.938915e-06 1495
2.465078e-05 4
8.545763e-06 6
4.597483e-06 2
2.548838e-05 14668
2.094985e-05 995
1.615327e-05 24003
8.365171e-06 1
1.351166e-06 1
5.616180e-06 1
1.154919e-05 117
1.296284e-05 1
1.475545e-05 1
9.293090e-06 1
3.400625e-06 3
3.414518e-06 7
2.784458e-06 1
7.374096e-06 199
7.410490e-06 1
1.749075e-05 4
9.256559e-06 4
1.651678e-05 1
3.180374e-07 1
1.691052e-06 1
3.109660e-06 1
4.059545e-06 1
1.296525e-05 72
8.558338e-06 1
1.810342e-05 1946
4.509344e-07 1
8.530345e-06 1
7.674481e-06 1
2.714229e-05 961
1.741357e-05 1
3.568390e-05 6
1.450813e-06 1
5.803420e-06 2
5.943635e-06 332
1.535941e-05 1
6.030804e-06 84
8.016709e-07 1232
6.775528e-06 1
1.726595e-05 3
6.102768e-06 1
2.166873e-05 1
8.955570e-06 259
3.354203e-05 1
5.562689e-06 5
2.540976e-05 2
9.339623e-05 1
1.675806e-05 3
2.184153e-06 256
2.205458e-05 1
1.060249e-05 1280
1.335817e-05 1
5.293424e-06 3
2.924591e-05 1256
2.319096e-05 1
2.726081e-05 2
5.177117e-06 1
6.051520e-06 2
1.364238e-05 3
6.681494e-06 354322
3.137238e-05 48934
1.796678e-05 1
4.479621e-05 3
2.281617e-05 2
6.280292e-05 1895
7.519810e-06 1
5.887910e-07 3
2.366113e-05 7
1.486044e-06 260
3.430677e-05 545
1.687206e-05 7
1.042508e-05 1
5.536351e-05 1
7.264080e-06 1
2.720850e-05 383337
2.337518e-05 21506
4.572070e-06 1
6.247141e-05 1
3.224332e-06 1
1.340409e-05 1
2.816834e-05 1
8.583923e-06 1
1.504857e-05 1
2.719924e-05 77
3.294299e-06 3
7.059284e-06 1
5.932850e-05 1
3.211540e-06 4
2.035596e-06 7
4.082264e-05 3
9.402485e-06 1
7.751637e-07 3
4.223785e-05 1625
1.327647e-05 197
2.764039e-05 2
1.278761e-06 1
8.786685e-06 1
2.265100e-05 1
1.976988e-05 1
2.213451e-06 446154
1.010599e-05 1
5.063015e-05 7
7.897798e-06 1
3.484203e-06 26469
1.021305e-05 5
6.081562e-06 1
1.943491e-05 2
1.299420e-05 3
6.246976e-06 1
1.401555e-05 3
3.560587e-05 2
1.525741e-05 1
9.203724e-06 3
7.202546e-07 1
4.183017e-06 1
2.409334e-05 242
7.237033e-06 1
9.828014e-06 1256
3.057220e-06 2
6.316320e-08 4
5.535999e-07 1
8.870409e-06 1
1.537845e-05 1
3.219897e-05 1
1.388780e-05 1
1.294346e-05 2
5.665220e-05 1
1.818945e-05 1
1.512702e-05 254
1.666735e-05 1
2.216641e-06 1
3.612249e-05 5
4.855214e-06 4
8.956797e-06 1
1.263163e-05 39953
4.178959e-05 103
9.646283e-07 3
1.290973e-05 3
1.365943e-05 2
2.745693e-07 1
6.207251e-06 1
3.465267e-05 285306
3.341570e-05 1
3.876689e-07 1671
3.866495e-05 6
3.868598e-05 80
3.507980e-06 1
3.199722e-05 41
1.619042e-05 3
1.026592e-06 1
5.346089e-06 1
4.943568e-05 1
9.797151e-06 1
1.216788e-05 1
5.803244e-06 2
1.208509e-05 1
2.325963e-05 1
5.317066e-06 2
5.986678e-06 22987
5.829220e-06 2
2.373075e-05 1
1.456864e-05 1
7.377453e-06 1
1.837947e-05 1
1.073044e-05 57337
9.390079e-06 2
2.857317e-05 49281
1.337020e-05 1
1.415389e-05 1
5.881561e-05 1
4.098519e-07 2
1.027202e-04 3
6.275197e-07 1
2.882678e-05 1
3.800765e-05 3
6.727227e-06 1
2.198663e-05 1
5.012300e-05 92
2.145834e-05 208
2.138135e-05 1
7.251937e-06 1
3.611119e-05 258
3.242258e-05 2
2.382577e-05 2
1.358485e-05 2
1.888029e-05 2
1.580816e-05 2
2.015104e-05 2
4.474425e-07 1
4.365559e-06 1
1.401269e-05 1
4.814893e-07 1
3.006710e-05 7
7.838895e-06 1
1.075927e-05 2
2.678528e-05 1
3.760375e-05 1
9.784748e-07 3
3.237695e-05 1
8.251458e-06 1
2.551563e-06 3
2.064760e-05 1
8.681797e-07 1
1.014435e-06 1
4.182511e-06 2
1.828455e-06 1
1.647743e-05 1
2.100588e-05 5
3.531295e-05 3
2.537970e-05 2
2.101208e-06 1
3.437012e-06 1
1.553424e-05 6
2.257895e-05 5
8.444434e-06 1
1.895744e-05 1
1.790738e-05 1
2.990876e-07 1
9.565913e-06 1
2.626392e-05 1
1.790668e-05 4
8.710739e-06 238
1.828907e-06 1
1.002647e-05 1
1.095323e-05 1
7.099965e-06 6
6.428131e-05 1
4.484868e-05 1
4.146606e-06 1
2.636149e-08 56418
1.799899e-05 1
6.831149e-06 1
1.020754e-05 1
4.921350e-06 140
1.255271e-05 1
6.010326e-06 3
9.247564e-06 1
1.072307e-07 60790
9.244185e-07 1
4.366522e-05 3
4.725354e-05 3
8.296790e-06 1
4.255353e-05 6
1.224862e-07 3
9.172888e-06 1
1.666548e-05 1
1.276716e-05 168
2.610445e-05 1
1.942861e-05 3
2.036548e-05 767
2.641590e-06 1
1.256430e-05 1
1.897296e-05 1
1.033965e-05 1
3.962647e-06 2
1.810358e-05 1468
3.198873e-05 1
1.394950e-05 5
5.609685e-05 5
3.155138e-05 6
1.208501e-07 1
4.184140e-05 1
1.344072e-05 1
5.886304e-06 1
6.699679e-06 2
5.244350e-06 2
1.984406e-05 7
3.373436e-06 61
2.516308e-05 1
9.041200e-06 1
7.669199e-06 1
6.293730e-07 1050
2.862328e-06 2
1.818345e-05 2
2.954058e-06 1
2.821484e-05 1
3.260242e-05 523
1.208108e-05 1
5.823040e-05 2
6.032741e-05 3
2.431805e-06 3
4.730381e-05 99
8.260157e-06 19761
9.354748e-06 1
1.334645e-05 1
4.024618e-06 5
2.460117e-05 1794
1.236971e-05 7
7.871096e-06 4
4.156931e-06 1624
4.704296e-06 1
5.965566e-06 4
2.652035e-05 5
7.865419e-06 6
1.077756e-05 1
4.788299e-06 1
1.180160e-05 179
1.278724e-06 1
4.325725e-07 2
3.005768e-06 5
3.116235e-06 29
3.220004e-05 6
2.604955e-07 1
1.915325e-05 3
9.408678e-06 5
1.757672e-05 1
2.291152e-06 90
4.742329e-05 5
1.147461e-05 6
1.170319e-05 1
1.424393e-05 6
3.267791e-05 1
2.167275e-06 1
7.849131e-07 1785
7.095613e-06 2028
2.260453e-05 987
2.257346e-05 2
5.703537e-06 1
2.210938e-06 3
1.000128e-05 8762
1.504350e-05 4
3.550429e-05 1
5.549033e-06 1
9.207950e-06 3
8.552953e-06 47485
4.415472e-05 1064
2.201298e-05 1
3.179212e-06 3
7.433316e-05 2
1.423767e-06 1
2.856451e-05 28607
3.147508e-05 6
6.876911e-06 1
3.662228e-06 1
2.284253e-07 1
1.818572e-06 7
1.193345e-05 1
3.325500e-06 1
3.116090e-05 1
3.434717e-05 151
2.130142e-06 1
1.737266e-05 5
1.587005e-05 65830
6.614184e-06 1
3.533267e-06 4
3.271743e-06 1
7.229800e-07 1
1.868614e-05 1
9.211132e-06 916
3.123210e-06 2
2.053634e-06 3
6.887315e-06 2
1.887965e-05 1
8.353745e-07 1
7.610186e-06 1
1.246984e-06 1
3.546126e-05 2
4.423057e-05 1043
3.204693e-05 1
5.081121e-06 1
2.936253e-06 934
9.761314e-06 1
2.648793e-05 220
1.363681e-05 5
3.342628e-05 17079
3.096567e-05 1
9.781330e-06 3
2.458513e-05 7
2.879472e-06 2
5.386160e-06 2
2.547931e-05 15034
1.074867e-05 1
5.145882e-06 1
1.056947e-05 7
6.028411e-07 1
6.962702e-06 1
3.357395e-06 1
5.457889e-05 2
2.382174e-05 2
1.524510e-06 1
3.151166e-07 1
9.370400e-06 3
2.272325e-05 10133
3.970149e-05 3
4.771349e-05 3
2.849367e-05 1
8.059543e-06 1
1.705274e-05 7
1.080532e-05 6
3.262143e-05 1
5.711666e-06 1
5.295180e-06 84
3.222732e-05 3
3.814357e-06 147
2.818765e-05 1
2.647195e-06 1
3.454687e-06 1
1.542989e-05 1
1.492419e-05 1
7.893490e-06 7
2.293345e-05 1
1.276103e-06 3
2.852432e-05 1
7.133003e-06 1
4.882860e-06 1
2.397704e-05 216
1.561611e-06 2
2.035190e-05 306
2.746836e-05 6
5.176632e-06 11
4.629642e-06 1
4.269878e-05 1
2.307842e-05 4
2.241122e-05 1
2.850096e-06 1
2.194793e-06 51
1.452166e-05 1
5.821132e-05 42
4.000241e-05 3
7.903709e-05 7
1.202616e-05 3
1.095335e-05 3
1.793368e-07 2
5.038925e-06 5
1.822713e-05 1
6.336004e-06 1
6.247908e-06 3
4.973820e-05 1
8.481273e-06 3
3.259579e-06 1
5.186309e-05 1
2.496764e-06 167
5.878998e-06 3
2.628215e-05 1
1.791659e-06 202
1.194365e-06 1
1.537993e-05 256
1.619592e-05 2
1.314456e-06 1
1.328864e-06 1
2.698395e-06 110
1.003273e-05 7
8.850684e-06 1
6.712089e-05 1
9.654110e-07 1
1.012151e-05 58658
7.186746e-06 1
2.353072e-05 1
8.344755e-07 1
3.832482e-06 6
6.371635e-06 1
4.706629e-05 1
1.825706e-05 6146
3.181922e-06 3
4.388501e-05 3
3.967534e-06 1
3.024981e-06 1
2.421859e-06 1
1.153099e-06 1
8.951516e-06 1
1.871874e-05 256
1.059581e-05 6
6.056883e-06 1
6.036120e-06 2
7.439594e-06 1
1.323313e-06 4
1.992616e-05 1
4.522643e-06 1
6.081795e-07 2
2.060258e-05 2
6.500131e-06 2
2.095539e-06 1
6.455477e-05 1
2.400795e-06 228
1.138056e-06 7
6.445660e-06 1
3.399834e-05 1
3.032852e-05 1
5.522298e-06 1
3.118636e-06 1
2.926323e-05 134
5.495072e-05 1
4.063671e-06 7
4.932678e-06 1
8.606872e-06 3
5.997069e-05 25071
5.785827e-05 1423
1.354983e-05 1
7.179122e-06 7
9.556969e-06 1
6.128466e-06 1176
2.595319e-06 1
1.509947e-05 1
7.187345e-06 2
3.444953e-05 1
1.646903e-06 1
1.295043e-06 1
2.665013e-05 5
1.906204e-05 3
1.972304e-05 1
4.189585e-06 1
2.519432e-05 2
8.276565e-08 1
3.571518e-06 1
6.394972e-06 1
2.426912e-05 3
3.999453e-05 1
1.856975e-05 3
4.385379e-06 2
3.197041e-06 3
1.264363e-05 7
3.058555e-05 36
2.081456e-05 1
7.741317e-06 1
3.236329e-05 1
2.140396e-06 100
4.201023e-06 1
2.924220e-06 981
9.424188e-05 3
1.260083e-05 6
2.566443e-06 2
1.990992e-05 1
1.145044e-05 1
1.411867e-05 1
1.672366e-06 7607
2.001408e-05 1218
2.814435e-05 1
1.809764e-05 83
3.204195e-05 241
2.940848e-05 1
1.024638e-05 1658
5.868952e-06 1
1.953802e-05 1
3.610178e-06 3
9.861453e-06 7
6.743740e-06 1
1.080919e-05 1
1.672087e-05 1
6.118678e-06 1
3.499978e-06 7
4.279451e-06 3
4.458633e-05 1
2.318960e-05 3
9.399834e-06 1
2.414219e-05 1
2.543541e-05 6
4.070837e-06 1
8.586119e-06 5
6.318069e-06 6
6.482911e-06 1
8.138760e-06 112
1.471236e-05 205
2.269199e-05 4
1.295640e-05 107
2.246796e-05 660
4.519059e-07 1
1.454959e-05 1
9.178324e-06 1
2.577878e-05 1
1.407508e-05 1
1.922945e-06 2
2.931631e-06 1
1.194934e-05 1558
1.318490e-06 2
1.215067e-05 1122
2.169446e-05 1
7.833501e-07 3
1.967317e-05 62
7.143886e-06 1
2.893196e-06 1
1.498768e-05 1
3.241677e-06 45765
1.079548e-05 7
1.569498e-05 1
1.081334e-05 1
2.305871e-05 57141
1.065750e-05 1
7.389928e-06 1
2.347523e-05 1
3.980314e-05 556412
1.070647e-05 1
4.670381e-06 1
1.295658e-05 1
5.343936e-06 2
2.873479e-05 2
3.377713e-05 1
6.162354e-06 1
5.526882e-06 2
1.421976e-05 1
2.604697e-05 4
8.278734e-06 85
1.870784e-05 660167
1.427453e-05 1
1.280713e-05 1
2.308997e-05 1
1.425314e-05 1
9.761745e-06 7
3.704287e-08 1
9.140489e-06 1
2.318143e-06 1
2.081452e-05 65391
2.285486e-05 714
2.400925e-05 1900
8.445902e-06 2
5.498290e-05 1
1.756747e-05 71
2.210123e-06 1
3.235984e-05 3
1.011311e-05 1
5.932212e-06 3
2.487681e-05 621135
6.851755e-06 3
2.008736e-05 227
1.854496e-05 1
4.034007e-05 2
1.524770e-06 2
1.603289e-05 76
1.397204e-05 1
2.176801e-06 3
3.426501e-05 60315
1.499534e-05 184456
2.199203e-05 2
1.001644e-06 2
4.716016e-05 3
1.209584e-05 2
1.232407e-05 1
5.939455e-05 6668
9.759055e-05 132
3.403768e-05 1
7.372857e-06 1
5.339389e-06 3
3.388175e-06 4
4.658014e-05 3
2.641134e-06 25
8.869196e-06 1
1.050106e-05 2000
5.617801e-07 2
1.938990e-06 2
2.846474e-05 1
1.883671e-05 6
4.801958e-05 55
4.625173e-06 1
3.278459e-06 2
2.754904e-05 1
1.742481e-05 2
2.814542e-06 1
5.189155e-06 1
1.236442e-06 753
3.568166e-05 5
3.092706e-05 1
8.266782e-06 1
4.138229e-06 1
5.059888e-05 221
9.097639e-06 1
2.127812e-05 3
2.153977e-05 1
8.324511e-06 1
6.879503e-06 1
1.468002e-07 1
1.176091e-05 1
9.648669e-06 1
1.472846e-05 1
6.284441e-06 1
2.967116e-05 1
1.913442e-06 1
2.034596e-06 2
1.532686e-05 7
1.207081e-04 1
9.687294e-06 1
3.742559e-05 15
2.165838e-06 2
1.052117e-06 224
4.546912e-05 1
1.821946e-05 6
1.384121e-05 7
3.518923e-05 7
3.727287e-06 28654
9.037859e-07 1
4.216130e-06 1
2.042742e-05 1
9.628068e-06 2
1.307914e-05 1
4.873960e-06 1
1.212796e-06 1
1.255869e-06 1
9.974759e-05 7
1.719127e-05 2
5.004185e-06 1
5.560416e-06 1
7.715808e-06 1
2.911834e-05 1
2.854322e-05 1
3.192061e-05 1882
3.842774e-05 1
2.756313e-06 128
2.384755e-05 1
3.069662e-05 4
3.709031e-06 4
3.345257e-06 1
5.538779e-06 129
6.610118e-06 1
1.185808e-05 1
4.610547e-05 1
4.874076e-05 1
5.111330e-05 1
6.628768e-06 3
1.446096e-05 3
1.071998e-05 3
6.938468e-06 3
1.131618e-05 1
6.406558e-06 202
1.096277e-05 1
3.207275e-06 1
1.081409e-05 48698
7.023756e-06 1
8.482602e-06 1
1.472982e-05 3
4.643256e-05 1
5.218748e-06 170
2.666510e-05 2
4.025265e-05 106
3.808959e-05 1
2.332043e-05 1
1.188420e-05 1
5.055360e-06 2
6.877851e-06 1
2.356064e-05 1
1.611006e-05 1
9.858650e-05 1688
1.779433e-05 81
1.130002e-05 1
3.092079e-05 1
9.236755e-06 1
6.265121e-06 1
2.799470e-06 1
1.140586e-06 3
4.018864e-05 2
1.438772e-05 1
2.510140e-06 1
5.761866e-06 3
2.362191e-06 1775
1.299388e-05 312
1.420755e-05 7
8.567148e-08 678
8.908692e-07 1
1.126223e-06 3
2.105695e-05 3
8.078220e-06 1
2.115622e-05 1
5.915900e-06 143
4.103352e-06 208
2.297935e-05 3
5.342564e-06 1
7.307347e-06 3
7.241382e-06 2
2.559368e-05 3
5.027021e-05 90
2.771709e-06 225
9.927077e-06 3
2.026236e-05 1
3.641951e-05 2
9.622481e-06 1
5.195541e-06 1
1.700183e-05 1
7.444150e-06 1
2.857964e-05 1
1.925875e-05 1
1.529587e-05 1
3.538136e-05 1
1.526808e-05 1
1.469167e-05 3
2.691955e-07 1
7.506909e-06 1
2.562371e-06 5
