4.844370e-05 1
1.816518e-05 1
4.123995e-05 3
1.726217e-05 2049
1.061127e-04 2
6.152997e-06 1
6.458525e-06 1
1.778616e-05 2
1.215547e-05 3
1.039955e-05 3
1.991191e-05 7
6.685788e-05 1
6.484570e-05 1
3.612559e-05 1
1.049909e-04 1
2.517909e-05 1
1.980846e-05 1
1.148703e-04 1
8.443786e-06 51
6.929502e-05 3
4.015474e-05 17
1.501927e-05 1
6.049493e-05 5
8.792068e-06 1
6.646963e-05 1
7.668384e-05 7
8.056294e-06 1
7.605208e-05 4
1.448751e-04 1
8.936311e-06 1
1.586534e-06 1
5.773217e-05 15
2.455311e-05 2
1.178691e-05 6
1.271034e-05 42757
4.514356e-05 27
2.536096e-05 2
1.523820e-06 574
3.563510e-05 1
1.295479e-05 2
2.141164e-05 35036
2.888366e-04 1
1.958923e-05 3
4.126874e-05 7
1.475028e-05 3
7.833694e-05 38383
3.064916e-05 1
1.800031e-05 5
1.000931e-04 108
1.147010e-04 1
1.342155e-05 1
1.889914e-05 1
1.504174e-04 261
5.218033e-05 1
2.831153e-05 3
5.844166e-05 1
3.726758e-06 1
3.698796e-05 1
7.136472e-05 1
3.381072e-05 7
6.807699e-05 6
9.271313e-05 2079
3.219064e-05 1
1.718541e-05 1
1.121254e-04 2
2.903668e-06 1
7.472551e-05 3
2.507886e-04 40679
3.919982e-05 7
3.290498e-05 1
1.529351e-05 6
5.627917e-05 1
3.909150e-05 3
1.173250e-05 1
3.979454e-05 2
3.403979e-05 1457
2.070036e-05 1
7.139141e-06 51015
3.177771e-05 1
1.024926e-04 1
7.549271e-07 2
1.869192e-05 233965
4.052484e-05 20
1.585184e-05 1
8.323236e-05 1
2.560869e-05 1
5.765218e-06 7
5.409234e-05 1
1.164187e-04 31094
1.485317e-05 1
7.997283e-05 1
2.427530e-05 1
1.176406e-05 1
3.175664e-05 1
4.857341e-05 1
2.368113e-05 3
2.021118e-05 1
7.375356e-05 107
2.181705e-05 159
4.393128e-05 1
1.518437e-04 2
1.881104e-05 6
9.643401e-05 1
3.043344e-06 3
1.810930e-05 1
8.065418e-05 3
6.174994e-05 1
3.004558e-05 2
3.054921e-05 1
1.297103e-04 1
3.660832e-05 1
4.736056e-05 1
1.429003e-05 5
9.546214e-06 114
1.756392e-05 817
4.135276e-05 1
1.303811e-05 1963
2.707445e-05 1990
4.152326e-05 2025
5.755781e-05 1
3.150661e-05 3
4.109802e-06 1
3.691721e-05 238
3.696209e-06 1
3.736123e-05 1
2.544449e-06 1
9.279810e-05 1
1.101288e-05 1
1.615832e-04 3
6.413869e-06 2
6.120613e-05 1
5.239688e-06 1
6.618902e-05 52653
3.137826e-06 1
5.232076e-05 1
2.134346e-05 2
1.401464e-05 1
7.809487e-05 3
5.409123e-05 1726
7.032167e-06 1
1.856388e-05 1
1.934936e-05 1
8.444774e-06 2
1.394096e-05 6
3.037785e-05 214
2.113265e-06 219
1.188973e-04 3
2.487949e-05 1
7.938616e-06 1
5.894041e-05 1
1.794022e-05 1
4.522178e-05 1
7.754890e-05 2
4.312105e-05 1
2.630249e-05 1
1.447000e-05 1
2.904961e-05 3
3.657540e-05 3
1.372100e-05 1
8.662238e-05 2
2.538542e-05 1774
3.713156e-05 3
1.192253e-05 1
1.227733e-05 1
3.188862e-05 1
7.784486e-05 7
5.262978e-05 1
1.014953e-05 4
1.466411e-04 43
2.903353e-05 1
1.312577e-05 3
3.418515e-05 1
9.182967e-05 1
1.406899e-04 1
1.807552e-05 1
2.836412e-05 1
1.911498e-04 1
1.276921e-05 1
1.086120e-04 1
6.217519e-06 60437
4.160938e-06 123
6.271651e-05 2
4.732835e-05 225
4.085114e-05 1
2.455183e-05 1
7.540766e-05 1
2.898719e-04 2
9.745833e-05 1
5.472324e-06 2
5.766365e-07 3
7.712668e-05 1
1.079461e-04 351
9.057829e-06 1
6.210262e-06 1
2.372560e-05 1
2.697572e-05 1641
4.564841e-05 1
5.945434e-05 18504
9.410261e-06 1
2.420256e-06 3
2.085495e-05 1803
1.573213e-05 1
1.922075e-04 1
4.905565e-05 6
4.067486e-05 1
2.329085e-05 2
6.862153e-05 5
3.920917e-05 43391
3.472401e-05 1
2.610883e-05 1
2.323881e-05 267
2.225781e-05 1
6.844522e-05 37
8.749627e-05 1
8.843066e-06 1
2.940494e-05 1
1.295120e-05 1015
8.495228e-07 1
8.293439e-05 1
9.321303e-06 142
7.589254e-06 1402
2.552317e-05 2
7.699954e-05 1
2.690584e-05 1
5.177874e-07 6
2.143575e-06 1
2.308629e-05 1
1.029119e-04 1
1.079728e-05 7
2.060512e-05 1
1.145514e-04 1
3.324383e-05 93
8.492822e-07 21
1.348481e-05 1
1.788493e-05 1
5.344419e-05 1
2.098311e-05 2
4.391786e-05 1
2.751280e-06 6
9.127010e-06 1
3.264482e-05 6
2.552890e-05 1
6.843221e-05 1
1.520575e-05 1
1.623078e-05 2
1.757414e-05 1
1.040001e-04 2
1.685401e-05 84
7.031445e-05 2
7.014059e-05 1
8.414269e-05 1
1.864106e-05 3
4.948287e-05 1
4.575512e-05 7
5.839539e-05 4
5.044831e-06 647
1.122297e-05 1
3.492627e-05 1
3.097059e-05 1
4.958084e-06 56
1.899260e-05 35261
2.084623e-04 4
1.958394e-05 1
5.549569e-05 1
6.476569e-05 6580
8.212269e-05 2
5.015037e-06 196
1.567475e-05 1
6.837073e-05 1
6.508722e-06 1
2.429857e-05 1
1.489795e-05 3
4.175562e-05 2
4.253243e-05 31
1.261681e-04 1
8.009855e-05 58889
2.519369e-05 152
1.110747e-04 193
1.872280e-06 1
2.723689e-05 3
1.015709e-04 1
6.182954e-06 1
4.840761e-06 2
2.825254e-05 1
4.195242e-06 1
6.549648e-05 1
2.829410e-05 1
4.897426e-05 1
2.262218e-05 5
4.471006e-05 7
1.249222e-04 1
1.662346e-06 1
3.089805e-05 238
1.162779e-05 1
5.841660e-06 1
2.284334e-04 4
1.357810e-05 228
2.612671e-05 1
3.387017e-05 1
1.430390e-04 1
1.063638e-04 3
2.227414e-04 14094
5.422159e-05 209
1.529364e-05 1
2.413851e-04 1
6.012320e-05 4
3.578674e-05 75
1.282515e-04 4
1.111898e-04 5
5.162586e-05 2
1.037196e-04 3
1.176455e-05 1
7.233934e-06 1
1.074950e-04 1
2.333732e-05 3
6.893827e-05 1
6.841341e-05 1
3.191107e-05 2
9.955302e-05 1
5.573640e-05 1
4.433096e-06 3
3.635817e-05 3
3.868180e-06 1
2.842668e-06 5
1.949410e-04 3
1.891532e-04 1
5.722416e-05 1
1.937037e-05 3
6.949133e-06 1
3.567214e-06 1
3.002226e-05 1
9.660271e-06 4
5.437479e-06 11355
2.912257e-04 148
6.846934e-05 51
3.986234e-05 6
2.033553e-05 1
7.203824e-05 3
1.781918e-05 238804
1.960363e-04 2
6.319636e-06 3
1.944639e-05 4
7.309124e-08 1
1.938193e-05 1
9.380810e-06 1
2.378179e-05 1
1.595736e-05 4
2.645020e-05 171
7.026919e-05 1
2.890540e-05 3
8.413916e-05 1
2.613153e-05 1
3.392990e-05 6
1.875164e-05 1
3.384646e-05 49182
3.265751e-05 1555
1.369864e-04 3
1.858694e-04 5
1.590938e-05 7
2.237389e-04 2
4.775999e-05 1
1.286061e-04 6
2.486321e-05 2
4.965268e-05 17419
1.886428e-05 55
3.472756e-05 1
2.958199e-05 1
8.488870e-05 1
3.997997e-06 1627
1.058256e-04 3
8.688891e-05 1
3.208656e-07 1
7.401906e-05 1
1.629339e-04 212
3.652460e-05 2064
5.940462e-05 3
4.601391e-05 1
3.757483e-05 1
7.347041e-05 299
8.803220e-06 1
6.160691e-05 1
6.381370e-05 3
7.814141e-05 2
1.343044e-06 3
3.951246e-05 1
1.429357e-05 1
7.139676e-06 1
1.453325e-04 3
2.988618e-05 1
5.380190e-05 1
1.698340e-05 3
7.111281e-06 2
3.056348e-05 3
3.375177e-05 1
3.640760e-06 1
4.645987e-05 1
1.935302e-05 1
6.495219e-06 1
7.698055e-06 1
6.019596e-07 4
8.414463e-05 3
5.361523e-05 2088
1.855847e-06 3
1.382102e-05 1
6.555217e-05 1
1.471316e-04 142
2.859182e-05 155
9.434748e-05 221
1.240230e-04 1
3.920466e-06 1
7.218293e-06 2
1.057106e-04 3
1.219761e-04 1
2.837326e-05 1
2.834584e-05 2
9.843292e-05 3
2.826716e-05 1
3.021081e-05 1
5.314946e-06 1
8.226806e-05 1
1.584776e-05 1
2.329640e-05 1
5.580930e-05 1
4.464519e-05 1
3.475634e-05 1
1.615624e-05 1
2.756954e-05 1
3.983392e-05 2
4.582404e-05 1
8.270180e-05 1
4.433570e-05 3
4.233349e-05 3
4.354044e-07 2
3.532903e-05 43480
6.893780e-05 1
1.628482e-05 1
9.504271e-05 2
1.517533e-04 185
7.043086e-05 1
1.583019e-04 1
6.887885e-06 5
8.386568e-05 1
9.798289e-06 1
2.214799e-05 1
3.319313e-05 2
9.740819e-05 1
5.338678e-05 741
3.031751e-06 2
1.676588e-05 2
5.412994e-06 1
1.360891e-04 1
5.369743e-05 2
1.171641e-04 3
6.077278e-05 1
2.955074e-05 3
5.464612e-05 1
1.988463e-05 1
1.088883e-05 1856
1.238239e-05 1
2.450863e-05 6
5.446637e-06 2
2.631315e-05 2
5.178361e-05 1
1.520534e-05 1
6.950929e-05 1
4.927322e-06 1
7.085407e-06 627
1.019476e-07 1
9.845099e-05 1
2.713584e-05 39961
8.028975e-06 1
1.162953e-04 1
1.102165e-05 157
7.989906e-06 442
1.548801e-05 1
2.937885e-05 1
1.188868e-04 1
2.111818e-06 234
8.951917e-06 7
8.363145e-06 1
3.127425e-05 6
2.148810e-04 1
2.753597e-05 1
7.978754e-05 3
9.668913e-05 3
1.860822e-05 211
4.119744e-06 1
4.487061e-05 1
7.414887e-06 1
4.010964e-05 1
1.246997e-04 4
3.419996e-05 5680
4.712902e-06 2
6.221472e-05 1
7.194313e-05 3
1.738347e-05 57
4.546594e-06 1
2.385699e-05 274
3.810536e-05 184
2.129367e-05 1
4.365128e-05 1
3.601226e-05 7
8.855877e-05 110
1.851961e-05 1
2.236623e-05 1
1.587276e-06 1324
2.204543e-05 3
3.651423e-05 1
3.499970e-05 1
9.363165e-06 1
3.805760e-06 2
1.946656e-05 56622
3.964402e-05 1
5.442672e-05 7245
1.783427e-05 1
2.027499e-05 1
4.985854e-05 1
7.622164e-07 1
5.425589e-05 1
7.500409e-05 1
2.194385e-05 1
2.977092e-05 5
3.019838e-06 2
8.314492e-05 1
9.276456e-05 1
4.101635e-05 1
1.156568e-04 1
7.661612e-05 27005
3.829384e-05 2
1.113579e-04 1
3.994599e-06 43602
5.827119e-05 1
1.213902e-04 1
5.297429e-07 2
1.151253e-04 1
8.465440e-05 1
1.440835e-05 1
2.193733e-05 225
1.381547e-04 1
2.064537e-05 1
1.461955e-05 1
9.253833e-05 225
6.140671e-06 2
3.016707e-05 1
9.243591e-06 155771
8.127624e-05 1
4.245017e-05 2
1.028552e-05 1540
3.736360e-05 50
7.680426e-05 1
1.023023e-06 1
3.756827e-05 3
2.192868e-05 2
2.820060e-05 1
3.121529e-06 1
2.217748e-05 1342
4.811485e-05 175
4.510984e-05 2
6.839524e-05 2
6.270857e-06 3
6.610507e-05 222
1.826675e-05 228
1.409557e-04 62217
8.247373e-05 1
8.408458e-05 1
1.943164e-06 1
1.330379e-05 1
4.749565e-05 1
5.953677e-05 1
5.322071e-05 6
1.801644e-06 1
2.674738e-05 1
2.956549e-04 1
3.524239e-05 1
1.873305e-05 1
1.001533e-04 151
1.307226e-04 1247
7.530560e-06 3
1.512807e-04 944
2.768908e-05 1
4.400025e-05 33021
6.329208e-05 1387
8.472094e-05 1
2.590772e-06 1
5.838803e-05 1
4.252949e-05 246
6.658358e-05 3
3.404068e-05 1
7.705584e-05 1
5.917497e-06 7
1.370980e-05 49
4.805033e-05 610
1.834118e-05 1
9.741161e-05 1
2.385521e-05 96
2.308391e-05 3
7.888471e-05 3
2.073400e-05 1
1.269924e-07 3
7.412902e-05 764
4.488353e-05 1
3.030854e-05 7
1.982402e-04 1
1.344223e-06 1
1.418741e-06 1
1.606173e-04 3
2.463716e-05 1
2.326514e-05 3
1.329242e-05 258
6.857911e-05 2
8.661869e-05 1
4.370343e-05 1
4.162912e-05 4
4.693509e-05 149
1.034038e-05 1
2.265584e-05 2
7.595082e-06 189
5.199033e-05 1
3.582389e-05 3
7.515611e-05 201
6.506218e-05 3
5.623090e-06 1
3.146142e-05 1
5.880860e-05 1
1.856314e-06 1
8.381111e-06 7
6.610780e-05 265
4.317717e-06 1
1.110372e-05 1
2.549447e-05 183
9.326193e-05 140174
2.238281e-06 3
8.649248e-05 1
1.213425e-04 242
1.684652e-05 3
9.059122e-05 131
5.260417e-05 5
2.660876e-05 207
2.575409e-05 1
4.479267e-05 3
1.264671e-05 5
2.798382e-05 3
6.391329e-05 4
1.030878e-04 1
3.016910e-05 2
6.584282e-05 1
4.552496e-05 1
6.879464e-05 1
1.854515e-05 5
3.249872e-05 1
1.790484e-05 24052
2.415192e-04 4
2.598869e-05 1
1.142821e-04 1
6.538555e-05 1
4.045762e-05 180
1.932999e-06 7
1.304791e-05 3
2.391586e-06 1
2.609603e-05 1
2.655554e-05 5
5.552418e-05 1
5.967832e-05 46
8.915681e-06 1
6.322698e-06 140
1.330975e-04 2
1.194164e-05 3
7.569911e-05 1
7.868193e-06 4
4.140170e-05 2
1.221926e-04 1
1.931488e-04 1764
6.680009e-05 3
7.833850e-05 1
2.744198e-04 122
4.020651e-06 1
5.824659e-05 2
2.282857e-05 199
2.831929e-06 1
1.933127e-05 16107
6.027185e-05 1
3.160024e-05 7
1.128091e-05 1
7.628316e-05 1
7.502448e-06 1
3.552024e-05 1
5.261460e-06 1
1.259519e-05 2
1.532084e-05 1
1.429496e-04 3
2.527586e-05 134
9.151432e-05 1
3.962709e-06 7
1.937415e-05 1
5.204642e-05 1
2.804209e-05 3
4.095851e-05 179
5.593956e-05 2
2.491008e-05 1
1.220765e-05 2
1.562497e-04 171
4.909484e-05 178
1.327594e-04 1
5.475870e-07 1
9.888739e-06 2
8.924456e-05 1
9.832438e-05 1
1.229878e-04 1
1.086899e-04 239
6.524241e-05 18883
7.578043e-05 148
2.179668e-06 1
1.641342e-06 51
1.749261e-05 2
2.890311e-05 4
8.944773e-05 1969
1.003591e-05 1
5.219708e-06 1
2.773791e-05 17
1.169978e-05 1
1.191814e-05 1
2.242558e-05 1
7.078304e-06 633
1.643275e-05 3
1.617718e-05 6
5.449891e-05 31
1.391840e-04 526
2.011638e-04 1
5.371184e-05 6
2.179765e-05 1
8.308895e-05 1
2.524649e-05 1
4.993439e-05 6
6.334047e-05 1
3.715205e-05 3
2.882108e-05 1
1.586955e-05 92
2.057022e-05 2
4.712463e-06 1
4.797343e-05 2
5.083739e-06 34566
2.628015e-05 1
9.585663e-05 7855
1.603812e-06 6
5.161384e-05 3
2.051552e-04 1
5.117022e-06 1
5.976032e-05 1984
3.973808e-05 1
1.752817e-05 2
1.157578e-06 100
3.603739e-05 267
9.615568e-06 1
1.840348e-05 1
3.302972e-05 3
2.183926e-06 1
1.305220e-04 1
8.671166e-07 1
5.458802e-05 72
1.133011e-04 1
1.736943e-05 6
2.361683e-05 1
4.481448e-05 2
2.395166e-05 1
5.957633e-05 1
6.170636e-05 608
3.803564e-05 1
1.190343e-05 1
1.800461e-05 1
4.169967e-05 1
1.278899e-04 1
1.873862e-06 1
1.194828e-05 2
3.670272e-05 1
4.767081e-05 1
7.653146e-05 1
1.182651e-05 2
1.327789e-05 173
3.192841e-05 3
9.908186e-06 5
1.253175e-06 2
1.391733e-05 3
6.893280e-06 7
4.403971e-05 1
6.049266e-06 4688
9.721587e-05 1
2.831019e-05 1
2.919311e-05 1
1.544270e-05 5
1.212466e-04 3
2.517075e-05 1
3.922962e-05 1
1.406967e-05 1
6.604078e-05 2
7.275000e-05 3
7.041126e-06 289311
3.084059e-05 211
5.066176e-05 1
2.545165e-05 256
2.364683e-05 609
3.634122e-05 1
1.948925e-05 96
6.645142e-07 1
9.464108e-06 18
1.737269e-04 1
1.517994e-05 1
3.014355e-06 2
9.635972e-05 1
2.503680e-05 1
1.887890e-05 1
4.706246e-06 187
9.054869e-05 1
5.650708e-06 7
1.789496e-05 1
3.541732e-05 1
7.463026e-06 1
7.942674e-05 1
8.091363e-05 1
2.969067e-05 1
2.427650e-06 1
3.271137e-05 1
2.574716e-05 1
2.293555e-04 1
2.147318e-06 3
4.269144e-05 1
9.072314e-05 3
6.330855e-05 4
2.026348e-05 59631
1.192592e-04 1
3.360008e-06 234
3.622936e-06 1
1.125300e-04 4
1.193379e-04 1
1.836457e-05 1
4.515812e-06 6
1.266830e-05 34
3.056077e-05 2
4.123957e-05 2
1.775379e-04 1
1.634590e-05 310652
2.083661e-04 1
6.097795e-05 7
4.939164e-05 4
1.246414e-04 1
1.084693e-04 2
1.044517e-06 1
5.936033e-05 1
8.961869e-05 39429
1.378602e-04 1
1.637507e-05 2
6.301075e-05 3
6.580767e-05 309
2.333799e-05 1
2.047776e-05 1
8.981030e-05 1
5.198801e-05 6
2.028140e-04 161
3.068523e-04 1
4.521628e-05 3
1.293033e-04 1
1.088134e-04 1
5.382232e-05 1
6.392605e-05 7
6.820065e-06 1
6.780726e-05 1
1.715917e-05 2
4.149115e-05 1
1.136101e-05 2
3.793083e-05 1
1.992605e-05 1
4.191236e-05 1
1.104457e-04 1
3.153694e-05 1
1.485843e-05 1
5.111153e-06 1
3.605570e-06 2
1.202073e-04 1
1.215935e-05 1
7.656252e-05 1
1.943785e-04 2
6.362775e-05 482
2.451847e-05 1
2.264034e-05 1
5.936273e-05 153
1.568185e-04 5
6.506287e-06 2
8.412240e-05 178
8.181747e-05 1
4.490316e-05 148
2.744963e-05 1
6.881174e-05 2
3.842216e-05 1
1.778556e-04 80
1.151242e-05 7
7.809914e-05 71
2.156345e-06 2
1.164435e-05 1
6.096121e-05 1
3.764784e-06 3
1.664952e-04 1
5.505710e-05 1
7.054335e-05 2
6.631211e-05 488493
4.303873e-06 4
1.043117e-04 1
6.593198e-05 4
2.903100e-05 289580
5.039166e-05 1
7.022673e-06 4
1.299754e-04 1
3.037759e-05 2
4.972679e-05 1
3.506058e-05 7
6.209173e-05 6
2.454471e-05 1
7.639993e-05 28967
9.436214e-06 3
2.403645e-06 2
1.195941e-04 1
4.420382e-05 2
3.491220e-06 46774
6.431205e-06 2
9.927623e-06 2
9.664529e-06 1
5.776960e-05 1
2.746765e-05 3
3.155023e-05 1
9.315418e-06 1
8.842619e-05 1
9.779637e-06 336
2.333534e-05 7
2.805894e-06 3
8.328938e-06 2
1.650462e-05 7
6.617983e-06 1
5.251234e-05 3
8.878933e-05 1
4.174717e-05 1
1.496786e-05 1
2.465217e-04 74
8.565706e-06 105512
2.049641e-05 1
1.068919e-04 873
4.318949e-07 2
1.456782e-04 2
1.376606e-05 1
3.831351e-05 1
5.487616e-05 1
5.165255e-05 13
2.229324e-05 1
5.805508e-06 3
2.029831e-06 1
3.929874e-05 102
4.968032e-06 1
1.280623e-05 1
1.447731e-05 1
2.285866e-05 1
1.647967e-04 53449
7.338826e-05 1
8.498742e-05 2
5.250170e-05 1
2.263818e-05 1
1.814812e-05 2
1.896859e-04 2
1.600217e-05 3
3.685749e-05 1
3.680653e-05 1
9.694946e-05 3
6.721401e-05 2
3.696287e-05 3
3.418396e-05 1
1.099135e-06 1
2.466917e-05 17
5.936513e-05 1
6.715125e-05 1
5.257945e-05 1
7.067390e-05 1
1.947587e-05 25
1.676363e-05 3
7.180612e-06 1
3.660004e-05 1
1.602659e-05 2
9.677806e-05 5
5.666838e-05 1
1.303457e-04 7
8.679297e-05 15013
3.251203e-05 1
7.090066e-05 6
1.477817e-05 163
3.839257e-05 1
1.102097e-04 1
1.630809e-05 126
8.953406e-06 3
1.319476e-05 3
8.124979e-06 1
2.643604e-05 1
1.027009e-04 1
1.331674e-04 1
2.429180e-05 6
8.308267e-05 3
3.829356e-05 1
2.227754e-05 238
2.471358e-05 159
6.691861e-05 1
1.969965e-04 1
5.393424e-05 1
2.503641e-05 1
5.489571e-05 6
4.414004e-05 1
4.072941e-05 1
1.547753e-04 1610
2.201719e-05 1
8.644747e-06 1
2.603298e-06 2
4.446280e-07 1
1.846381e-05 1
7.921544e-06 6
8.055854e-05 3
2.573688e-06 1
9.544874e-05 1
2.175846e-07 1
2.311061e-05 1
1.006294e-05 6
3.074672e-05 3
3.450676e-05 5
1.162166e-04 1
6.661181e-05 2
5.666355e-05 3
5.580703e-05 3
4.636637e-05 1
4.818637e-05 1
2.343098e-05 1
1.199765e-05 348
1.725857e-05 1
4.042312e-05 1
9.027708e-05 3
7.814744e-05 2
8.413167e-06 2
1.345353e-04 42815
4.159706e-06 3
3.413655e-05 24923
1.689570e-05 1
3.866358e-05 1
8.633107e-05 1
8.553211e-05 74
9.494483e-05 22365
3.571432e-05 554210
1.944554e-05 2
2.774274e-05 1
1.946922e-05 1
4.176798e-07 1
3.443111e-06 1
2.635995e-07 6
1.989014e-06 7
2.032082e-05 1
2.634013e-05 3
1.261191e-05 1
2.952101e-06 1
6.611147e-05 2
3.239831e-05 2
1.436565e-05 1
4.022226e-06 1
6.289666e-05 1
1.561224e-04 1
6.375072e-06 1059
8.090170e-06 1
6.187340e-05 3
7.339695e-05 1
4.665163e-05 171
6.370200e-05 1
3.372578e-05 5
3.206587e-05 1
1.571274e-04 1
1.784719e-05 5
3.854827e-06 158
6.661606e-05 2
4.176926e-05 5
1.858213e-05 1
4.686241e-05 1
2.974933e-05 300907
8.507609e-05 1
3.384995e-05 1
8.775732e-07 2
3.200706e-05 1
1.567935e-04 2
5.376007e-05 1
6.823898e-05 1
2.087382e-05 1
1.120251e-04 3
4.250376e-06 1
6.283156e-05 3
4.664136e-05 57
5.553816e-06 991
8.114206e-05 1
4.057458e-05 1
5.501554e-05 6
1.879123e-05 1
6.715458e-05 2
4.409885e-05 5
2.419206e-06 3
3.086500e-05 2
7.406733e-06 7
3.924803e-05 1
5.265239e-05 1
6.454604e-05 1
4.211091e-05 1569
1.695028e-04 1
2.914995e-05 1
3.233195e-06 1
6.156581e-05 1
4.105660e-05 1007
1.746322e-05 96
1.543711e-05 1757
7.917540e-05 1
3.221789e-06 1
1.475053e-04 1
1.580478e-05 1
2.081414e-05 134
1.257654e-05 1
4.910816e-05 2
9.494798e-06 1
7.195953e-05 3
8.237628e-05 186
4.632302e-05 80
2.280040e-05 1
1.278108e-04 1
4.560723e-06 1
7.091608e-06 3
1.704788e-05 1390
1.141803e-04 5
1.307432e-04 2
5.799943e-06 1
1.859529e-06 1
1.049964e-04 3
3.578438e-05 3
8.362248e-05 1
1.259584e-05 196
1.721811e-05 3
1.893291e-05 1
2.152461e-05 1361
1.487726e-05 1
1.744887e-06 2
2.231105e-05 1
4.117096e-06 1311
6.822812e-06 3
2.218092e-05 1
2.354110e-05 1
8.645344e-05 1
1.260974e-05 1
1.115001e-04 2
7.512709e-06 4
3.376168e-05 1
2.958206e-05 2
9.771153e-05 1
4.341437e-05 5
9.548735e-05 1
9.920284e-05 6
6.380841e-05 2
4.866183e-05 261
2.409736e-05 3
1.101732e-04 4
4.533022e-06 1
1.460572e-04 138438
3.373075e-06 1
2.355363e-06 1
1.292150e-05 35473
2.076272e-05 3
1.054828e-04 1843
4.769333e-06 1
2.129281e-05 2
5.525027e-06 1
1.644044e-05 3
7.460021e-05 36803
5.111606e-07 1
2.164416e-05 1
2.818735e-06 1
7.145909e-07 1
4.657451e-05 23628
7.223244e-06 11
1.363819e-04 3
1.799066e-05 1
6.911365e-06 1
4.214262e-05 5
4.490455e-05 1
1.112398e-06 1
1.498181e-05 1
5.507070e-06 3
2.265472e-05 1
5.349386e-05 2
6.995398e-05 1
3.370510e-06 1
2.418582e-05 6
3.440224e-05 1
4.733601e-05 1
4.213922e-05 6
2.421816e-06 3
3.040826e-05 1
1.279367e-05 1
1.789947e-06 1
1.293645e-04 7
1.436474e-04 1
7.423091e-05 114
5.539774e-05 7
4.887243e-05 2
1.231382e-05 1
6.148682e-06 1
2.314731e-04 38
2.280473e-06 1046
6.332970e-05 2
6.100278e-05 3
1.386554e-05 1
8.645991e-05 7
8.323310e-06 1
1.189952e-05 1
3.322241e-05 3
3.268668e-05 1
8.356297e-05 1
1.831949e-04 1
1.182529e-04 6148
2.150330e-05 1
4.707915e-06 2
7.599347e-05 1
1.619325e-05 1
1.500454e-04 132
3.620714e-05 1
2.681501e-05 3
2.818172e-05 1
9.661743e-05 1
8.448611e-06 79
6.202956e-05 3
2.486373e-05 181
3.923527e-05 2
1.129877e-04 853
2.109541e-05 135
5.029573e-06 3
1.561697e-04 40287
1.059734e-05 4
1.838993e-05 1
7.942697e-05 1906
3.948844e-06 1
4.817869e-05 202
1.151277e-04 2
6.605001e-05 2
5.558906e-05 1
2.788019e-05 5
5.585359e-05 1
2.361348e-05 2
4.595054e-05 1
1.298000e-05 1
1.279527e-05 39827
8.081883e-06 1
5.735340e-05 1
6.233535e-05 2
1.333661e-04 152
9.806433e-05 57151
2.775406e-05 1
8.541612e-05 1
5.494297e-05 2
9.297831e-06 4
5.996959e-05 2
1.993721e-06 1
5.449149e-05 3
1.767802e-04 694
2.011465e-05 876
5.225848e-05 3
5.800484e-05 3
6.662029e-06 7
5.677105e-06 5
2.347976e-05 1
1.604080e-05 1
1.248031e-04 3
1.913299e-04 1
1.814638e-04 7
4.242152e-05 5
8.617451e-05 81
2.025630e-04 1
3.936073e-05 6
1.504869e-05 1
8.071738e-06 1
4.524072e-05 1
6.234166e-05 1
1.149954e-04 3
9.984709e-06 1
3.780802e-05 179
4.679967e-05 38
6.209331e-06 1
3.970152e-06 2
2.224133e-05 4
2.527409e-05 1
7.349796e-05 4
4.312744e-05 1
6.214892e-06 2016
1.178841e-05 2
4.014572e-05 2
1.357180e-04 4
4.978095e-05 3
1.692133e-05 1685
1.224394e-04 193
2.955992e-05 160
7.068532e-06 1
7.267764e-05 1
3.410141e-06 1
8.883222e-05 50
3.229450e-05 3
3.594533e-05 41
2.077794e-04 1
2.984184e-05 1
1.000361e-05 1
1.332181e-04 1
6.926654e-06 1
8.161629e-05 1488
2.029885e-05 2
2.716041e-05 1
9.093079e-05 1
1.165436e-04 1
1.720233e-05 1
3.456939e-05 1
5.090595e-06 1
3.251024e-05 1
1.009257e-04 3
5.525164e-05 1
1.670018e-05 221
7.013133e-05 94
3.157686e-05 2779
6.141737e-05 1
2.552745e-05 1
4.156590e-06 1
9.893972e-05 105
1.708008e-05 3
3.817788e-05 6
6.308875e-06 1
1.553580e-04 1
6.914020e-05 1
7.765201e-06 3
1.132940e-04 1
1.972935e-05 30922
4.682488e-05 138
2.836750e-05 4
5.760279e-06 4
1.032983e-05 1
6.619774e-05 1
2.768685e-05 48
3.930767e-05 1
5.686591e-05 2
2.246398e-05 1
1.633858e-04 1
1.623209e-04 2
1.254447e-05 1
2.099742e-05 1
9.723043e-05 1441
1.863303e-04 38
1.050575e-05 1
3.643342e-06 229
2.355447e-05 54853
1.937255e-04 1
9.112316e-05 1
1.960077e-05 6
6.121877e-05 1
4.064955e-05 59
1.131328e-05 6
8.611721e-06 2
2.799397e-05 1
1.802339e-04 4
1.385116e-05 1
3.589227e-05 1149
6.001089e-06 1
8.476661e-05 3
1.121882e-04 4004
3.742809e-06 1
8.425674e-06 55167
4.743816e-05 1
2.023641e-05 24769
8.780810e-05 3
1.311897e-04 1
1.239363e-04 1
1.052965e-04 3
2.750715e-06 2
8.512337e-06 1
7.121163e-05 1
9.666754e-05 1314
3.706470e-06 1
9.620311e-05 4
5.881695e-05 2
4.159764e-05 73
2.054937e-05 1804
2.292624e-05 1
1.792740e-05 50110
2.101095e-05 1
1.006464e-04 3
1.307451e-05 1
3.906372e-05 1
3.807282e-06 1
6.315274e-06 2
1.870740e-05 1
1.619328e-04 1
1.915494e-05 1
5.301955e-05 1
5.533546e-05 2
1.651930e-05 756
1.711594e-05 7
2.004600e-05 1939
1.828436e-06 19668
1.705927e-05 2
7.079426e-06 17671
4.464840e-06 42011
5.682372e-05 1
6.504406e-05 2
1.769713e-05 1
2.868159e-05 1
2.688569e-06 1
1.669403e-04 1
7.653953e-05 3
3.366665e-05 2
4.051884e-05 2
3.770883e-06 1
3.477884e-06 1
5.380300e-05 1
6.612723e-05 35
3.883268e-06 3
3.480429e-05 54849
2.495726e-05 1
1.837421e-05 1
8.325632e-06 2
3.666288e-05 1
6.579167e-06 1
7.062136e-05 1966
2.452397e-05 1
8.445905e-05 1
3.859072e-05 2
1.277304e-04 1
3.318545e-06 1258
4.773228e-05 57640
2.671796e-05 4
1.114816e-04 1
2.463077e-05 1
2.035219e-05 227
7.206902e-06 12716
2.975816e-05 4
1.581226e-05 4
4.950514e-06 6
2.735911e-05 1
1.088304e-05 1
1.078665e-04 1
3.813315e-05 3
1.686681e-05 2
1.327114e-04 1
2.587998e-05 7
2.081325e-05 1
6.674099e-06 1
3.163244e-06 1
2.270158e-04 1
7.314638e-06 2
9.881087e-06 5
5.919234e-05 1
2.496552e-05 18
1.284005e-06 3
3.329098e-06 1
3.493209e-05 1
2.766261e-05 49
9.615454e-06 38
2.799292e-05 1
3.776333e-06 3
3.236872e-05 29052
1.522125e-05 1
4.670555e-05 3
1.161869e-05 1
6.569532e-05 43
3.722248e-06 46025
1.060714e-04 1
5.314233e-05 1637
1.153212e-04 3
8.599218e-06 1
6.257648e-05 1
2.415039e-05 1
1.581850e-05 27812
1.079096e-04 1
1.612806e-05 53489
8.925753e-06 1
4.487329e-05 3
2.954299e-05 1
1.565341e-05 2
2.905424e-05 1
3.838496e-05 189
3.006552e-05 1
6.494140e-05 1
4.919705e-05 6
3.774622e-05 1
1.202561e-04 1
4.651684e-05 1
3.152301e-05 1
6.373309e-05 2
2.864671e-05 1
8.474199e-05 199
1.293108e-06 7
3.743419e-06 1
9.844400e-06 1
6.114279e-05 2
1.343827e-05 2
1.012051e-04 1
1.310971e-05 6
1.612836e-04 3
4.827956e-05 1
3.533046e-06 2
1.191570e-04 7
6.980405e-05 1
4.268595e-06 1
2.535176e-05 2
1.690210e-05 1
1.474435e-05 3
4.383132e-06 1
2.111084e-04 1289
3.538747e-05 261
3.695218e-05 1
1.069305e-05 1
3.204072e-05 3
6.304956e-05 1
3.692148e-06 1
3.613113e-05 1
4.538633e-06 1
2.531116e-05 1
2.021434e-05 1
4.296079e-05 6
7.774212e-05 6
3.372962e-05 4
4.653702e-06 4
9.833531e-05 1
2.084724e-06 1
3.877961e-05 3
9.552911e-06 1
7.129741e-05 2
1.020676e-05 4
1.596149e-05 49949
2.253968e-05 1
1.225833e-05 1
1.727605e-05 1
4.161517e-05 1
3.750744e-05 1
3.861504e-05 2
8.493022e-07 1
4.095327e-05 1
3.001841e-05 1
3.533531e-07 1
1.471919e-05 5
2.230738e-05 1
1.589513e-05 191
1.232469e-04 88
7.429968e-05 2
3.591970e-05 1
5.372142e-05 629
1.310660e-04 3
2.844345e-06 1
4.901415e-05 1
2.569625e-05 1
1.839872e-06 2
9.949478e-05 1
3.008573e-06 1
5.722398e-05 3
4.071085e-05 1
9.023707e-05 1
1.028377e-05 728
1.820938e-05 7
4.256077e-05 1
6.688559e-05 1
3.391289e-06 1
9.595796e-05 3
3.961447e-06 1
4.349799e-05 1
1.565696e-06 1
9.332568e-05 1
8.611254e-06 1
1.711277e-05 3
2.413589e-05 1
6.198956e-06 1
3.375587e-05 2
1.098616e-05 1
5.717221e-06 1
3.977019e-06 1
2.870267e-05 2
4.902043e-06 1
1.188710e-04 142
5.366004e-05 593530
7.805312e-05 1
5.522480e-06 1
8.380976e-05 1
1.535616e-05 3
6.700694e-05 7821
1.407546e-05 1
5.147550e-05 1
1.778620e-05 2
1.486555e-05 2
1.494631e-05 11767
1.171581e-04 3
8.061544e-07 46725
2.512767e-05 1
1.814707e-05 1
1.074766e-04 7
3.263684e-05 1
4.950051e-05 1
1.416005e-04 3
4.563703e-05 1
3.682530e-05 2
1.414240e-04 1
1.585922e-05 1
1.070471e-05 3
2.021635e-04 2
1.028997e-04 6
4.401619e-05 1
2.478934e-05 2
8.347428e-05 4
7.850298e-05 1
2.307270e-06 1
2.444063e-05 1
2.350026e-05 1
2.767937e-05 1
8.602812e-05 3
4.051135e-05 1
6.806968e-06 1
2.129889e-05 1
2.061225e-04 1
3.363593e-05 1
4.285537e-05 1
6.470021e-06 1
2.811296e-05 1
2.587867e-05 1
7.820642e-08 4
1.208004e-05 1
9.347965e-05 3
3.864722e-05 1
9.307586e-05 1
7.164255e-05 3
1.049696e-04 275
1.403400e-04 1
2.631069e-05 1
5.380393e-05 1
1.133630e-04 1
3.145030e-05 1
1.494224e-05 212
5.203477e-07 1
1.191638e-04 1
6.035196e-05 2
1.406795e-04 1460
6.070974e-05 20203
7.578922e-06 2
1.088237e-05 1455
1.233611e-05 2
1.824068e-05 215
2.477397e-05 3
3.605826e-05 1
1.280524e-04 1228
1.107331e-04 1
2.487681e-05 1
2.163453e-05 1
5.452710e-05 1
7.913801e-06 1
1.947938e-05 2
2.977539e-05 1
2.115360e-04 1
3.056161e-05 3
1.977207e-05 1
1.177543e-05 2
5.934187e-05 1
7.166991e-05 3
9.467369e-05 1
1.155475e-05 1
9.296058e-06 1
2.409611e-05 2
5.659108e-05 170
3.537425e-05 1
5.067126e-05 1
1.059797e-04 3
9.158483e-05 1
1.381969e-04 1
1.834876e-06 6
1.496409e-05 2269
1.498370e-05 1
1.860607e-05 3
5.260792e-05 2
6.855152e-05 1
1.304598e-04 1
2.032586e-05 1
5.779180e-05 2
3.900467e-05 198
6.989448e-06 1
1.834340e-05 181
4.782792e-06 82
1.253003e-04 3
2.370930e-06 201
6.433872e-05 1
5.900645e-05 1
4.680525e-05 5
1.276290e-05 1
5.315476e-05 3
1.227386e-05 3
1.804631e-05 1
4.344523e-07 1
1.676146e-04 1
2.308446e-05 3
1.065968e-04 1
3.358183e-05 1079
9.979916e-05 6
2.103392e-05 1
2.650116e-05 1
4.229029e-05 1
2.015312e-05 266
7.408154e-05 2
2.434926e-05 1
2.507195e-06 1
3.361694e-05 2
1.531580e-05 1
1.059212e-04 2
1.921912e-05 1894
8.760850e-05 2
3.032829e-06 1
2.240670e-05 3
3.664332e-05 1
1.257215e-05 1
2.132307e-05 1493
1.268003e-04 1
4.758226e-05 1
1.113139e-05 3
5.596260e-06 343
1.399140e-06 3
9.217244e-05 1
3.817745e-05 7
4.709356e-05 1
1.211039e-05 3
4.673700e-05 2
1.418567e-04 2
5.545313e-07 1
4.470031e-05 7
4.950715e-05 96
4.052021e-05 3
7.173043e-05 96
2.566534e-04 3
1.255838e-05 1
3.045722e-05 10
3.468286e-05 5
9.405340e-05 2
4.594181e-05 1
1.759363e-05 6
5.398565e-05 6
1.465407e-04 4
2.396126e-05 3
3.381644e-05 1
4.437062e-06 7
7.338168e-05 2
5.384603e-05 3
6.570039e-06 64346
9.108796e-05 47243
4.953426e-05 3
3.372163e-05 6
4.085870e-05 1
2.713138e-05 1
3.066100e-05 261
4.827828e-05 1
1.637774e-06 1
6.265976e-05 3
2.004060e-06 1
6.580473e-08 1440
6.430227e-05 1
1.234322e-04 1
3.708784e-05 6
1.050781e-04 2
2.579348e-06 6
8.123555e-06 1
6.129974e-07 2
1.368693e-04 2
1.330475e-04 1
4.031309e-05 3
5.019045e-05 7
8.566646e-05 1
1.588376e-05 1
2.883038e-06 2
2.920674e-05 7
8.532235e-05 1635
2.010520e-04 148
1.575246e-04 2
2.895612e-06 1
7.950102e-05 1
3.613700e-06 3
3.847180e-05 2
4.267227e-05 57232
1.845288e-05 2
8.429611e-07 1
2.144247e-05 2
3.189190e-04 23124
1.779763e-05 1
5.608990e-06 4
1.964167e-05 1
2.995970e-05 1
4.987053e-05 3
1.216025e-05 5
1.112538e-05 2
5.417935e-06 1
3.943912e-05 1
5.573140e-05 218
3.429245e-05 1
1.424654e-05 1
4.709532e-05 6
9.626938e-05 1
1.867149e-04 23
8.773516e-07 2
9.441181e-05 1
7.750801e-05 1
1.413441e-06 2
1.981032e-05 7
1.596339e-05 3
1.152358e-04 4
5.892997e-05 1
2.591067e-06 1
1.865168e-05 1
1.624111e-05 58
1.274518e-04 1
1.136841e-04 1
5.239263e-05 1
8.914364e-06 1
2.222876e-05 3
6.387720e-06 1
2.398019e-05 6
3.917611e-06 55719
4.777611e-06 55940
1.257346e-06 1
3.210150e-06 1
3.528421e-05 2
1.738275e-05 7
2.813911e-05 1
6.386880e-05 7
4.763119e-05 5
5.414794e-05 1
1.549030e-04 60338
1.045553e-05 1
5.800637e-05 167
5.505710e-05 1
1.673778e-04 3
4.405516e-05 1
9.809968e-05 3
4.835148e-05 5
1.213671e-05 1
1.644832e-04 3
9.394474e-05 3
1.194162e-05 7155
6.928482e-06 1
3.020819e-05 1
1.308268e-06 1
8.066760e-05 65
1.425077e-05 6
1.029319e-04 1
8.487076e-05 1
3.447248e-05 178
3.713319e-05 1
2.038557e-05 1
1.372253e-04 121
1.391015e-04 1
1.212938e-05 2
1.513687e-05 3
2.901727e-05 1
4.086235e-05 240
4.779149e-05 505
8.587313e-05 1
1.287197e-05 1
8.510237e-05 108
3.142411e-05 984
1.186659e-04 1
1.731107e-06 1
1.849191e-05 88
1.266126e-04 1
2.650843e-05 1306
2.684727e-05 1
1.198096e-05 1
2.166883e-05 7
2.134517e-05 4
2.105877e-05 1
3.304622e-06 1
2.804496e-05 1
3.151168e-05 114
4.887933e-06 1
1.804998e-05 7
3.042646e-05 2
1.768116e-05 1
1.217713e-04 2
3.849559e-05 2
7.313140e-06 149
2.342454e-05 1
9.548209e-05 1
9.517915e-05 1
8.611887e-06 1
4.003717e-05 1
3.755049e-05 1
6.206297e-05 1
1.100357e-05 1
5.017367e-05 1
6.824151e-05 1
4.047638e-05 5
1.607508e-05 1
4.307063e-05 1
2.559994e-05 2
3.315310e-05 2
3.380610e-05 1
1.738480e-05 1
6.701905e-06 1
7.800461e-07 6
3.114230e-05 1
6.463547e-05 8098
2.087460e-05 2
5.509152e-06 1
9.509732e-06 2
7.819461e-05 523
1.980250e-05 182
3.567444e-05 1
1.058519e-05 1
3.809711e-05 3
1.217316e-04 1
8.231291e-05 6
2.200462e-05 251
7.992625e-05 1
6.419852e-05 1
6.958672e-05 204
1.501042e-05 1
6.734885e-06 1
4.396423e-05 1201
3.914646e-06 1
2.637764e-05 1
1.609436e-06 1
7.186088e-06 2
1.394260e-05 1
1.770324e-05 2
2.796830e-05 2
4.439359e-06 60885
5.393105e-06 1
2.505225e-05 1
4.175708e-05 1
5.338179e-05 2
3.637160e-05 1730
4.834714e-05 1
1.091542e-04 53203
8.151982e-05 5
2.781328e-05 545
2.045202e-05 1
1.549805e-05 1
2.030967e-04 2
5.676296e-05 63454
8.149745e-05 3
4.359552e-06 1
1.497539e-04 1
3.863056e-05 2
6.768541e-05 5
1.073569e-05 4
5.108969e-05 1
3.065926e-05 5
2.761006e-05 36801
5.371449e-05 1
4.602911e-05 4
3.557161e-05 4
4.822129e-05 3
4.069460e-05 1
1.645502e-04 3
3.304480e-05 2
9.974089e-06 1
9.233717e-06 7017
1.755575e-05 1
4.744072e-05 1
5.862340e-05 1
1.440338e-04 1
5.276255e-05 6
4.033811e-05 2
2.575169e-04 3
2.454802e-06 152
2.125717e-06 1
1.773267e-05 25
4.313869e-06 48220
5.876350e-05 1
1.019145e-04 1
6.074465e-05 3
1.138218e-05 2
2.356907e-05 1
4.028304e-05 6
4.282162e-05 3
7.719764e-05 1
7.790666e-06 1
7.910105e-06 2
3.785313e-05 1
1.402457e-04 1
4.626507e-05 1
8.109513e-06 1
1.829853e-05 1
1.009530e-04 1
2.632515e-05 1
2.408576e-05 3
3.749781e-06 1
7.823788e-05 1
1.620678e-05 476917
2.082418e-05 3
5.916187e-05 1
3.322242e-05 1
1.037527e-05 1
4.634019e-05 1
1.267030e-04 2
2.956018e-05 3
3.825273e-05 4
1.897323e-04 1
4.298911e-05 2
8.865047e-05 5
9.906114e-06 35
3.904723e-05 1
4.696088e-05 3
1.249278e-04 1
4.276556e-06 31928
1.617245e-04 1349
7.151928e-05 2
7.492428e-06 19502
1.220824e-04 5
4.094394e-05 1
7.350046e-05 1
1.654178e-04 1
2.396785e-05 1425
1.331330e-06 5
2.118699e-05 1
2.876935e-05 148
1.907698e-05 5
6.510265e-05 1104
3.630313e-05 2
9.447027e-06 1
9.033278e-05 7
1.315787e-04 1
1.409859e-06 1
5.293696e-06 163
1.248689e-06 1662
1.699243e-05 1
4.567369e-05 1
5.106560e-05 1
6.148108e-05 6
6.366934e-05 1
4.029489e-05 1
2.055735e-04 3
3.563708e-06 1
9.649751e-06 2
2.281145e-05 2
5.250558e-05 2
2.929659e-05 1
1.081220e-04 4
5.682426e-05 1
1.622131e-05 1
1.108389e-05 1
1.336311e-05 4
1.948131e-05 1
4.218056e-05 7
7.419261e-05 2
1.199499e-05 1
1.537885e-04 178
3.818209e-06 1
1.319024e-05 1
8.678665e-06 3
1.112881e-04 2
7.203528e-05 1
2.336959e-04 1
1.118840e-05 1
2.098229e-05 1
1.500238e-05 1
2.720802e-05 3
6.991802e-05 2
3.252152e-05 1
1.524838e-04 1
4.527089e-07 1
6.270797e-05 31067
5.486944e-05 3
2.527706e-04 3
3.248833e-06 1
2.059473e-05 58798
1.780776e-05 1
6.901453e-05 1
4.969996e-05 1
7.242799e-06 4
8.867498e-06 1
2.913203e-05 3
7.189749e-06 3
1.647320e-05 1
3.217942e-05 3
1.051669e-04 1
1.285886e-05 1494
1.824673e-05 1
4.950013e-05 1
2.253296e-05 1
4.318309e-05 1
5.929082e-05 1
6.722609e-05 1
1.309965e-05 56094
3.893874e-05 1
8.153781e-05 3
5.236295e-06 1
3.217552e-07 1
3.862792e-05 5
3.538857e-05 2
8.816434e-05 1
6.554861e-05 1190
1.274421e-05 2
2.576019e-04 3
3.824511e-05 1
6.215382e-06 3
9.378449e-05 7
3.048906e-05 1
5.897615e-05 60
1.696871e-04 53
3.137909e-05 515322
2.702442e-05 7
2.629874e-04 2
1.887027e-05 7
1.614877e-05 4
1.882691e-04 1
9.996034e-05 2
1.410423e-04 2
1.031217e-04 6
6.724149e-05 2
1.857984e-04 1
4.854128e-06 1
2.020203e-05 1
2.846285e-05 1
1.896054e-06 2
2.603944e-05 3
3.860074e-05 239
8.995392e-05 1
9.821838e-05 2
2.644309e-05 1
4.045620e-05 2
3.475322e-06 183
1.677384e-05 102
2.261062e-05 1
1.386753e-05 1
1.463850e-04 1
4.630856e-05 668
5.110169e-05 1
9.227548e-05 3
2.636673e-05 103
2.907176e-05 6
6.507176e-05 1
1.666855e-05 1
6.924472e-06 1
7.814728e-05 1
5.098026e-05 7
1.324727e-05 1
9.300538e-06 1
8.386785e-05 3
4.265247e-05 171
1.057756e-04 1
3.906276e-05 1
6.459188e-05 8600
8.278337e-05 180
9.776456e-05 1
3.873066e-06 1
1.101661e-04 7
9.851120e-06 1
3.182959e-06 3
5.768222e-06 2
8.865060e-05 1
3.369445e-05 1
1.088713e-05 150
1.947174e-05 4
9.459317e-05 1
1.070662e-04 1
1.822589e-06 1
3.644641e-05 1085
4.930469e-05 2
9.992323e-06 1
2.891907e-06 6
1.149812e-04 1
6.185470e-05 2
5.755602e-07 1
1.432227e-05 1
7.619263e-05 4
7.577657e-05 77
9.117220e-06 3
1.125318e-04 3
2.692736e-05 1
6.837092e-06 4
1.140654e-04 1
5.762080e-06 42892
1.166680e-05 1
5.788594e-06 1
1.215490e-04 6
2.481548e-05 3
2.003832e-06 198
1.341676e-05 1
7.641234e-05 2
4.602134e-05 3
2.657911e-05 1
1.833216e-05 1
3.317497e-05 4
2.910845e-05 1
6.292962e-07 1
7.920290e-05 1
1.357158e-04 2
3.294505e-05 1406
3.991406e-05 1
2.558516e-05 1
1.551146e-04 2
1.259996e-05 1
2.185088e-05 1
7.180990e-06 1
2.552888e-05 1484
4.723503e-05 1
6.383891e-06 1
7.833086e-05 20612
4.440013e-05 1
4.305264e-05 968
1.296618e-05 47
7.233171e-05 29
1.200015e-05 1
5.951362e-05 3
1.338172e-05 1
4.318025e-05 1
1.740613e-05 2
2.977440e-05 1
2.308103e-05 6
9.728658e-05 1
7.345869e-06 2
3.285100e-07 41274
7.617488e-05 1
2.947956e-05 1
5.592542e-05 1
7.761507e-05 2
3.474534e-05 4
6.610904e-05 1
1.250338e-04 1
7.342920e-06 2
2.888064e-05 1
4.375766e-05 1
8.829266e-05 5
1.200954e-04 3
8.446452e-05 5790
3.817147e-05 1
4.097996e-06 2
5.613440e-06 200
1.635242e-05 4
4.532736e-06 1
2.887916e-05 101
1.951673e-05 1
4.535514e-05 1
8.236968e-05 28
1.782583e-04 2
1.267178e-05 1
5.359798e-05 671
1.769172e-05 5
1.510888e-06 1
1.307524e-04 121
5.136927e-06 1
6.034944e-05 1
8.140751e-05 1
1.021456e-05 1
2.227695e-05 2
2.193845e-05 1
3.891737e-05 6
1.141577e-05 5
1.007337e-05 1
3.506319e-05 5
1.238823e-04 6
4.013928e-05 2
5.333750e-06 2
4.234868e-05 1
7.606525e-06 1
6.407684e-06 250
2.677410e-05 2
6.380166e-05 193
2.806957e-05 5
1.510725e-05 1
1.183623e-04 1
5.635212e-05 1
1.812829e-06 7
2.704197e-05 1
6.236196e-05 1
1.709302e-05 1
8.205513e-06 267
1.342913e-04 1
1.589120e-05 1
1.138346e-05 6
7.218977e-05 146
4.689091e-06 1
2.231484e-05 1
1.312185e-05 3
1.667913e-04 1
8.542293e-05 183188
8.553721e-05 5
6.045403e-05 1
2.628690e-05 120
7.030167e-05 1
5.542894e-05 1
2.065783e-04 1
2.680408e-05 66310
8.622435e-05 1
1.061146e-04 3
5.364337e-05 1
8.312483e-06 1179
1.128057e-06 1
5.031289e-05 1
2.821350e-05 1
8.338056e-05 1
1.139271e-04 1
1.435909e-04 3
8.607014e-06 3
1.093614e-04 1624
1.440292e-05 69
3.637973e-05 29992
6.430006e-05 1
7.076766e-07 785
2.010762e-05 1
3.425175e-05 6
6.260188e-05 1
4.837428e-05 2
1.992400e-05 1
8.384010e-06 1
2.901061e-05 1
2.342030e-05 2
4.223356e-05 1
2.064454e-05 1
1.192201e-05 1
2.110885e-05 1
1.321023e-04 40649
8.206804e-05 3
9.026773e-07 1
5.938737e-05 1
3.379029e-05 1
1.053499e-05 1
3.144138e-05 6
4.950689e-05 1
6.561826e-05 1
3.584176e-05 1
2.577407e-05 1
1.410450e-04 1
1.938690e-05 2
8.855406e-06 2
1.235262e-04 1156
6.404069e-05 1
2.417436e-05 3
3.162876e-05 1
1.471101e-04 1
1.130220e-04 1
1.921169e-06 586
1.940522e-05 1
3.059474e-06 1
4.592721e-05 1
3.881323e-05 1
1.532292e-05 1
2.562499e-05 2
6.455210e-05 1
2.550855e-05 124
2.948894e-05 3
5.509546e-05 1
9.955742e-05 1135
1.225688e-06 1
6.165279e-05 1
2.863107e-05 5
4.990922e-07 1
4.677254e-05 1
5.420971e-05 1
2.873167e-06 1
1.652315e-05 1
7.854854e-05 4
4.806488e-05 3
1.048276e-05 1
9.939781e-05 4
5.015870e-05 2
1.094609e-04 5
2.972582e-05 1
4.995647e-05 1
9.888459e-05 1
1.625433e-05 1
3.698503e-05 1
6.444461e-05 1
7.332576e-07 1775
5.948417e-05 3
3.924657e-05 1
1.331686e-05 1
4.418687e-05 1
6.338956e-06 153
1.321779e-04 1
5.192665e-05 2
2.384981e-05 24
1.043832e-04 3
1.955266e-04 1
4.172004e-07 1
7.917401e-05 3
2.366925e-05 798
2.553723e-06 1
5.266873e-05 1
8.628858e-05 1
6.136133e-06 36909
1.588644e-05 2
5.056242e-05 69
2.525173e-05 1
4.684655e-05 1
3.247660e-05 5
2.851736e-05 1
8.144250e-05 1
1.217171e-04 1
2.422685e-06 1
1.192993e-05 1
2.421355e-05 1
4.226470e-05 1
3.940227e-05 3
9.536744e-05 5
3.366527e-05 3
8.362083e-05 1
8.335998e-05 1
4.857232e-05 8125
5.687737e-05 1
2.969965e-05 1
2.947500e-05 249
9.794804e-05 3
4.271431e-05 3
1.216293e-05 2
4.795087e-05 3
1.038501e-05 7
6.056160e-05 2
7.869288e-05 3
1.941765e-05 3
2.836902e-05 2
7.447231e-05 6
3.718669e-05 1
1.161598e-05 1
3.265648e-06 1
1.123740e-04 1
2.663802e-04 1
1.695490e-05 1
5.519354e-05 3
1.149904e-04 2
2.481126e-05 140
2.289118e-04 3
1.717503e-04 1
3.403711e-05 1
2.045617e-05 1
1.141349e-04 2
1.398365e-05 34
6.425887e-05 1
1.046759e-04 1
5.829549e-05 1
1.142033e-05 1
6.864097e-05 1
3.174913e-05 1
9.370206e-05 1
1.235480e-04 3
5.744010e-06 1
9.972070e-05 1
4.795078e-05 1
4.014318e-05 4
3.427043e-06 72
1.756437e-05 1
1.665825e-06 1
1.618000e-05 1
8.328555e-06 72
1.631452e-04 1
1.732333e-05 1
2.336088e-05 3
7.174883e-06 3
4.981289e-07 1
1.055901e-04 2
1.620499e-05 783
1.354877e-05 1
1.207627e-04 73
4.561623e-05 2
4.023781e-05 1
5.447787e-05 7
1.347127e-04 1
1.454461e-05 2
1.139133e-04 1
3.313926e-05 2
4.869863e-06 191
3.628302e-06 6
6.060650e-05 1
2.968398e-04 1
4.625708e-05 1096
3.517270e-06 1
3.442274e-05 1
1.406142e-05 1
1.981074e-04 1
5.540311e-05 1
1.038779e-05 3
1.465370e-05 113
1.077204e-05 1
3.317966e-05 1
9.554162e-05 1
6.004406e-05 1
7.257694e-05 1
3.144481e-05 1
4.304159e-06 1
6.428763e-05 1
4.637697e-05 107
6.261833e-06 1
4.535138e-06 715
1.852338e-04 1
2.003939e-06 1
2.472051e-05 29
2.070374e-04 1
1.182661e-05 2
1.579269e-05 1
1.264752e-04 114
2.528562e-05 3
1.641927e-05 5
1.152742e-05 3
8.698044e-05 2
3.914357e-05 1
6.250326e-06 1
2.296897e-04 1
4.644561e-07 1
1.751009e-06 7
3.952341e-05 3
1.335465e-04 1
1.239780e-04 1
2.308455e-05 58
1.316308e-04 1
1.356092e-05 1
2.050206e-06 22
1.271781e-04 3
2.249257e-04 4
5.274779e-05 4
2.108066e-05 5
5.667294e-05 1
3.778678e-05 1873
3.575965e-05 1
7.912606e-05 2
1.018198e-05 4
2.828853e-05 2
3.093912e-06 3
5.500011e-05 2
3.453183e-05 2
9.868980e-05 1
4.323130e-06 1
1.516310e-04 6
1.092137e-05 3
1.150183e-04 1
1.506257e-05 7936
1.917209e-06 2
1.017696e-05 1630
3.212919e-05 1
1.871974e-05 33
6.860103e-05 2
3.558284e-05 1
7.641137e-05 1
1.036230e-05 1
7.456231e-06 1
1.544551e-04 220
7.324929e-07 2
2.551183e-07 2
3.994340e-05 2
1.956281e-05 1
6.292389e-05 138
3.276764e-05 1
7.235795e-06 2
9.234682e-05 913
1.184073e-05 3
1.932237e-06 1
4.784227e-05 6
3.904651e-05 1
3.394182e-05 1
4.564706e-05 21749
5.779622e-05 1
5.913343e-05 3
7.260010e-06 1
9.730139e-05 1
1.380367e-04 1
9.797572e-06 1
1.596906e-05 49695
6.374353e-05 3
5.740501e-05 1
3.874850e-05 1022
6.332165e-05 362
2.667850e-05 1
5.070317e-05 3
3.700166e-05 1
2.036525e-04 2
5.462468e-06 1
4.734917e-06 13
2.673921e-05 1
7.681832e-05 1
1.346208e-05 4
2.289012e-05 1
1.617362e-05 2
6.468906e-05 1
1.353031e-04 4
1.212152e-05 9759
7.929046e-05 3
7.467068e-06 1
2.235326e-05 1
3.634648e-05 2
3.620960e-06 1
4.014325e-05 1
4.614157e-05 13207
3.831487e-05 1
2.015419e-05 1
3.340889e-05 3
2.061299e-04 7
4.194964e-05 1
2.444141e-05 142
8.990889e-06 1
1.073530e-05 1
2.132716e-05 6
1.131037e-05 1
6.799920e-05 14740
1.496173e-05 1
8.402440e-05 9202
9.305794e-06 1
1.686586e-04 3
9.834972e-06 1
3.384671e-06 1
4.353555e-06 1
1.066297e-04 1
1.824571e-05 4
5.374116e-05 1
2.270331e-04 3
1.174576e-05 550
6.496634e-05 1
5.337898e-05 28
6.511387e-05 6
8.549233e-07 1
8.856543e-05 1
1.350435e-05 1
1.186742e-05 2
4.283596e-06 129
3.698379e-05 1
1.403995e-05 1
1.625119e-05 92365
6.702733e-05 1
2.068829e-05 1
4.745965e-05 1
1.181377e-05 1
2.081566e-05 1
2.086704e-04 1
1.943086e-05 1
9.601215e-06 7
6.994495e-05 1
9.522495e-05 11
1.812888e-04 2
3.669966e-05 1167
3.830228e-05 1
4.556231e-05 1
2.997723e-06 1
4.744958e-06 1
6.647945e-07 1845
1.099721e-04 3
2.339517e-04 1
7.356499e-08 1
9.994146e-05 1
1.939743e-05 259
2.232521e-05 62447
3.112021e-05 1
1.952031e-05 1
7.575572e-05 206
6.922832e-05 5
7.542464e-06 3
6.103443e-05 1
1.171151e-05 1
3.562088e-05 7
9.864745e-06 1281
2.820560e-05 128
5.412214e-05 1
2.599528e-06 1
5.622320e-06 1
5.236383e-05 1
2.590192e-05 4
1.800237e-04 16869
1.965944e-05 982
8.374972e-05 1
1.908256e-05 6
1.445401e-05 2090
1.628112e-05 1
2.702341e-04 5
1.845525e-04 1
1.408471e-04 1
1.512227e-05 5
3.236424e-05 4
4.668196e-05 1
1.221551e-04 3
2.012126e-05 1
1.982411e-07 2
1.211738e-05 1
1.663945e-04 1
2.734615e-05 1
1.089899e-05 1
4.843159e-05 1
2.879065e-05 2
1.095833e-04 1
1.966223e-05 2
6.507587e-06 1
6.268783e-05 1
6.206087e-06 1
8.093136e-05 1
7.981556e-05 148
2.735898e-05 1
1.784974e-05 1
7.940725e-06 2273
2.212657e-04 41481
1.281130e-05 1
2.134121e-04 1668
5.915595e-05 3
5.605596e-06 1
1.123815e-05 3
1.261604e-05 3
3.585250e-05 1
2.061449e-05 1
7.441063e-05 1
1.505972e-05 1
1.073327e-04 2
2.184198e-05 1
2.217973e-05 42
4.087933e-05 1
5.529148e-05 1
3.671999e-05 3
5.650921e-05 3
8.985230e-06 1
1.138409e-05 208
7.884661e-05 51777
1.157108e-05 1
4.665063e-05 2
1.380408e-05 130
3.854282e-06 2
6.126011e-05 1
9.811572e-06 256
3.047698e-05 239
4.555319e-05 966
8.449638e-06 1
3.228157e-05 3
8.638487e-07 1
4.451487e-05 1
1.134858e-05 1
1.612647e-05 3
1.850078e-05 3
3.016520e-05 2
3.141097e-06 77
2.480430e-05 1
1.378876e-05 3
2.876636e-05 1
5.777053e-06 1
1.377487e-04 4
6.585646e-06 7
5.684410e-06 66
1.018613e-04 1
2.030238e-05 2
1.938991e-04 1
8.380811e-05 7
6.381762e-07 1
1.592307e-05 1
5.752593e-05 1
7.689352e-05 3
1.097097e-04 3
3.707123e-05 2
2.151518e-05 72
3.254925e-05 3
2.850672e-06 1
7.422505e-05 1
5.591907e-05 1
6.644732e-05 3
3.996334e-05 3
4.444250e-05 262
5.503274e-05 7
5.826799e-06 1
4.536217e-06 2
1.396364e-05 1
1.644451e-05 1
1.711861e-04 250316
1.691822e-04 6
7.486288e-06 1493
3.839808e-05 3
1.258947e-05 2
1.940671e-05 1
5.546810e-05 1
2.867469e-05 123
1.320717e-06 5
3.378327e-05 1
1.670450e-05 1
6.462474e-05 1
2.125931e-04 7
9.015569e-06 1
4.787326e-06 1
9.648705e-05 1
8.188086e-06 3
7.493574e-05 3
3.834590e-05 1
6.897662e-06 1
7.345747e-06 1
1.330190e-04 1
2.065461e-05 1
5.629502e-05 1
5.120016e-05 885
1.083556e-05 1
1.279730e-05 3
4.935744e-05 1
7.975285e-06 1
6.626878e-05 1
3.057276e-05 3
3.939767e-05 3978
1.228558e-05 3
3.913163e-05 251
2.809087e-05 6
4.925067e-05 7
8.713384e-05 1
1.723826e-05 7
4.682404e-06 1
1.673647e-05 1
1.403245e-06 10
2.560684e-07 1
2.919904e-05 1
2.386016e-05 1
5.823686e-06 5
2.347966e-05 1
2.657775e-06 1
1.823750e-05 1
1.053877e-04 1
4.301200e-05 1
5.159841e-05 5
1.430945e-04 519
6.319344e-06 1
1.841741e-05 1
2.026662e-05 1
3.714952e-05 1
3.016325e-05 1
1.299995e-06 1
7.812040e-06 3
5.552609e-06 158133
8.310964e-06 1
6.227698e-07 1
1.899730e-04 1
4.664399e-05 1
1.040581e-05 2
7.411491e-05 1
6.535712e-05 92
9.578975e-06 1318
2.025117e-05 1
3.450544e-06 1
7.025761e-05 1
1.821340e-06 1
2.351066e-05 1
7.215666e-06 5
1.205344e-04 1
5.239867e-05 1
1.066959e-04 1
3.737675e-05 1455
7.004959e-05 1
3.367890e-05 1
2.805206e-05 5
1.251344e-04 1
1.333362e-05 4
8.234650e-05 336
6.473271e-05 1
3.093341e-05 1
8.272440e-05 38
1.103297e-04 1
8.307202e-05 34528
1.172487e-05 3
4.030091e-05 2
3.204929e-05 6
1.008364e-04 1
3.215082e-05 2
5.481695e-05 673
3.346479e-05 2
1.750781e-04 2
1.567446e-04 1
6.200643e-05 1
6.712796e-05 89
2.650071e-05 1
9.126428e-06 1
4.266042e-05 1
3.571117e-06 2
7.011135e-06 1
4.966284e-05 2
1.686879e-05 241
1.565615e-05 374
1.714809e-05 1521
1.368102e-04 1
1.375181e-05 3
9.107045e-06 169
1.235547e-04 1
1.460888e-05 129
4.673377e-05 1
7.084426e-05 1
4.001735e-05 1
6.666649e-05 1714
4.340302e-05 1
1.337948e-04 438
8.929092e-06 5
1.480474e-05 1
1.318034e-05 1
1.078975e-04 2
4.364054e-07 1
1.293097e-05 2048
3.235323e-05 1
3.236674e-05 1
6.685892e-05 1
6.740134e-05 3
5.593224e-07 157
4.706286e-07 4
7.350056e-05 1
1.503853e-05 1
9.295402e-06 14
2.745066e-05 3
1.529323e-05 3
7.622332e-06 3
5.620103e-06 1
3.401687e-05 45402
5.976137e-05 2
8.903498e-06 1
1.249993e-06 645
7.667769e-05 1
9.831203e-05 2
2.680719e-04 1
1.096531e-05 1
6.141131e-06 1
1.447385e-04 3
1.090980e-05 8158
4.349572e-06 7
1.884401e-06 1
2.821407e-05 379913
5.571139e-05 7
9.153057e-06 195
1.803241e-05 29017
1.130578e-05 3
3.270188e-05 1
7.806734e-06 47
1.992793e-05 1
6.817363e-05 1
1.516067e-04 1
1.072367e-05 1
5.638295e-05 473801
1.196847e-05 1
4.881546e-05 7
1.172031e-04 3
3.000856e-05 1
1.434006e-06 1
3.017831e-05 1
6.738314e-05 1
2.339856e-05 1
7.243563e-05 13
6.653886e-05 1
4.769388e-05 2
1.297502e-05 1
1.578288e-05 5
9.701479e-06 5
1.841526e-05 264
1.006737e-04 1
6.730307e-06 2
6.257685e-06 3
2.574267e-05 3
3.160253e-05 889
9.262409e-05 1
3.691452e-05 4
2.599949e-05 2
5.670884e-05 1
4.840250e-05 38
2.828575e-05 1
1.161374e-04 1
2.810576e-05 149252
8.865417e-06 906
2.389044e-05 1
3.121925e-05 1
4.868839e-05 6
9.263147e-05 1
3.130922e-05 2
4.048823e-06 3
2.906763e-05 1
3.089433e-06 1
5.296784e-05 2
1.086078e-04 5
6.970791e-05 2
4.330836e-05 252
1.255147e-05 256
1.252274e-05 1
6.418301e-05 1
1.774484e-04 6
4.312328e-05 3
6.661476e-06 2
6.672618e-05 6
1.016449e-05 3
1.281225e-05 1
2.894365e-05 1
2.169197e-06 29
4.804014e-05 77
2.389247e-05 1
5.326228e-05 1597
4.518158e-05 1
1.732251e-05 1
1.674664e-04 1
4.993718e-05 214
1.744421e-05 25
2.453418e-05 1
8.898355e-05 2
3.945537e-05 7
3.017887e-05 1
1.577110e-04 1
4.855700e-05 26206
5.900353e-05 1
3.822741e-05 50
2.759837e-05 2
8.228409e-05 3
1.415809e-05 1
1.181079e-05 1
2.021034e-04 2
3.756531e-05 1
1.156155e-05 1
6.774501e-06 1
2.875359e-04 1
5.464753e-05 1
5.699335e-05 3
2.962476e-05 1
2.881349e-05 2
