4.002239e-05 1
9.707542e-07 2
1.137234e-05 3
7.031409e-06 2
2.702711e-06 1726
7.683719e-06 1
1.202231e-05 102
1.891307e-05 1
3.262119e-06 1
3.597675e-07 1
2.283700e-07 1
2.442812e-05 1
9.514618e-07 160
2.209774e-05 1
2.858919e-05 1
3.788752e-05 1
1.089375e-05 3
2.752149e-05 3
5.243090e-07 172
2.368466e-05 3
1.479035e-05 4
2.207815e-06 2
3.932991e-05 2
5.164835e-06 93
1.372360e-05 2
1.804239e-05 3
2.185777e-05 1
5.572365e-06 1
8.991654e-06 233
3.209409e-05 73
1.073813e-05 1
6.829065e-06 1
4.119900e-06 1
7.684690e-07 1
2.910267e-06 1
1.276835e-05 1
6.116751e-06 2
1.832563e-05 119994
2.040816e-05 1
2.920433e-05 109
2.791825e-06 260
9.048750e-06 2
1.667999e-06 1
4.766590e-06 49081
3.541859e-05 1
3.880626e-06 174
6.788675e-06 1
7.138980e-07 1
1.810673e-06 4
8.722273e-07 1
3.036403e-06 1
1.932162e-06 1
3.908252e-05 35
1.079939e-05 1
2.327860e-06 1
1.438958e-05 1
4.625046e-06 1
3.368881e-06 2
3.237609e-05 1
2.266326e-05 2
2.020904e-06 1
5.845789e-07 1
3.430565e-05 178
1.044835e-05 3
1.271843e-05 3
4.632146e-06 1
1.743529e-06 1
4.220282e-06 1
1.726016e-06 1
1.036339e-06 3
4.314199e-06 1
1.390836e-05 1
1.787297e-06 1
6.869839e-06 2
4.088152e-08 1
6.438295e-06 5
5.587153e-06 192
2.031287e-06 1
1.861680e-06 1
1.141718e-05 1
2.676460e-06 7
7.249229e-06 1683
2.100857e-05 50931
2.565225e-05 1
4.269557e-05 1
1.187167e-05 5
7.004392e-06 1
1.017329e-05 1
3.104091e-07 3
1.668307e-05 1
4.772030e-05 1
2.779660e-05 3
1.743643e-05 1
8.530934e-06 7
9.121661e-06 1
1.997928e-05 1
9.887268e-06 3
6.287229e-06 1
1.313583e-05 3
1.833900e-05 1
8.528099e-06 3
1.194101e-05 1
2.098608e-05 1
5.813060e-06 1
2.711526e-05 1
1.582436e-05 57245
4.342039e-06 3
6.086393e-06 1
7.810782e-06 267
3.019997e-06 102
2.309973e-05 1
6.944966e-06 1
4.653638e-06 4
1.040288e-05 1
2.406642e-05 1
6.774218e-06 1
1.651606e-05 1
3.011297e-06 1
3.369527e-06 860
4.351746e-05 2
7.520815e-06 3
1.198417e-05 1
4.410792e-05 1
1.211714e-07 2
1.011908e-05 1
7.504848e-06 1991
1.142994e-05 8
1.935806e-06 1
1.593544e-05 1
2.312223e-05 1
7.628214e-06 40
2.154930e-06 1
2.530231e-05 6
8.051663e-06 6
7.100293e-05 3
7.340398e-06 1
4.269090e-06 1
2.834730e-07 719
4.484787e-05 1
2.659536e-06 6
3.748016e-05 1
1.818388e-05 1
1.781379e-06 1
2.056802e-05 4
5.631133e-06 1
9.608614e-06 1
1.245747e-06 1
1.852296e-06 1
3.771501e-06 2
4.728556e-06 3
1.063560e-05 2
8.622419e-07 3
9.357840e-06 1
1.539826e-05 4
1.624871e-05 1
9.202856e-06 3
2.766664e-06 1
8.152816e-06 1
7.798191e-06 1
3.835730e-06 1803
3.486396e-07 4
7.822977e-06 35960
3.299656e-06 2
4.166021e-06 1
4.496956e-06 6
3.714007e-06 1
1.268742e-05 1
6.403785e-06 1
1.336422e-06 3
1.869866e-05 4
2.252298e-05 1
3.976865e-06 1
4.002416e-05 48
7.917955e-06 2
6.292419e-06 1
1.716422e-05 1
2.092428e-06 2
2.747131e-06 1
1.165879e-05 1
7.562239e-06 1
3.294986e-06 2
3.996850e-06 1
3.436485e-06 554
7.767226e-06 1
2.651336e-05 136
3.892788e-06 1
6.077657e-06 1
1.476188e-05 1
9.277840e-06 1
1.838375e-05 1
2.057670e-05 2
2.103536e-05 1
1.252928e-05 3
2.149510e-07 1
1.134061e-05 1
7.980424e-06 5
1.351019e-05 2
1.433789e-05 4
9.685737e-06 912
2.096643e-05 4
8.040461e-07 5
1.391148e-05 1
1.333748e-06 1
1.479475e-05 3
1.618091e-06 251
3.059620e-06 1
9.619385e-07 4
6.269278e-06 2
7.943301e-06 1
2.317189e-05 228
1.554812e-05 1
1.318776e-05 7
1.732855e-06 1
3.144237e-06 3
4.199740e-07 1
5.984288e-08 16887
1.318501e-05 7
4.906740e-07 2
2.440380e-06 25118
9.035110e-06 7
1.758200e-07 1
9.412744e-06 3
2.476714e-06 5
7.622228e-06 1
2.295706e-05 3
1.534281e-05 5
5.045922e-06 2
1.162191e-05 1
2.814987e-05 1
5.533105e-06 1
3.046994e-05 1
1.077695e-05 2
1.564478e-05 1
1.183055e-05 1
7.968629e-06 1
3.718764e-06 1
5.856952e-06 1
5.775044e-05 27
3.457746e-06 4
9.334283e-06 7
4.449582e-05 592
1.318864e-05 1
5.810107e-06 3
3.350155e-05 2
1.345090e-05 1
1.256389e-05 20
3.567526e-06 1
1.449440e-06 1310
3.049930e-06 3
2.772996e-06 2
2.369149e-05 6
8.469555e-06 18
2.396218e-06 1
6.632864e-06 4
1.061503e-06 143
6.708407e-06 1
6.719452e-06 2
9.272817e-06 1
1.285464e-06 1
1.642578e-06 1
3.456762e-05 1
3.519950e-05 1
1.446986e-05 316
5.047043e-05 1
1.569674e-05 3
3.345039e-06 1
1.144660e-05 1
1.163321e-05 2
1.182904e-05 1
2.989170e-06 2
1.052614e-06 1
2.987235e-05 1
8.926404e-06 363071
3.353047e-06 3
4.478928e-06 34414
1.606834e-05 329
1.304330e-05 2
5.422051e-06 1
1.645318e-05 204
9.680653e-06 1
7.739798e-06 1
2.129325e-05 1
1.220684e-05 1
7.799783e-06 1
7.438613e-05 1
2.604334e-05 52762
7.696395e-06 1
1.621128e-05 64238
2.261794e-05 1
4.780548e-05 1
1.012652e-05 1
4.862776e-07 1
5.923035e-06 983
2.534267e-06 1
1.352713e-05 1
8.138208e-06 1
9.242028e-06 1
4.011443e-06 21664
6.949942e-06 170
5.570615e-06 5
3.372687e-06 1
4.831478e-06 1
2.373088e-05 1
1.310331e-05 184
2.386173e-05 3
1.236305e-05 4
2.390588e-06 104
5.436909e-06 99
1.185080e-05 1
2.960898e-05 14237
4.683363e-06 2
1.456517e-05 1
2.211076e-05 1020
1.108276e-05 1
9.800839e-07 2
1.557741e-05 112
3.815669e-06 195
8.264702e-07 1
4.012599e-06 1
7.602103e-06 1
2.234029e-07 57
2.463969e-06 3
6.581612e-07 1555
2.161961e-05 1
5.785294e-05 1
1.404875e-06 1
3.133695e-06 3
8.140959e-06 1
6.321633e-06 1
1.427097e-06 1
1.674289e-05 1
3.433509e-06 2
3.126545e-05 64667
4.021699e-07 3
2.957945e-05 1
2.256544e-05 1
2.610220e-06 1
8.757955e-07 1
3.423507e-05 1
1.135352e-05 1
3.603178e-07 1
3.388503e-05 214
9.998329e-07 3
4.863987e-07 7
4.435024e-06 7
2.428939e-06 1
6.916743e-06 15417
1.034174e-05 1
1.717757e-05 1
4.259187e-06 1871
6.051126e-06 5
4.256648e-06 1
1.510669e-05 193
1.980449e-06 1
8.533946e-06 1
2.784218e-05 1
1.149882e-05 184
6.245989e-06 1
2.211826e-06 1
2.582016e-05 25959
5.730078e-06 940
4.687042e-05 1
2.552922e-06 2
1.368978e-07 1
8.883302e-06 2
2.820646e-05 1
2.939380e-06 1
2.557461e-05 49888
3.196835e-05 1
2.912231e-05 1866
5.386020e-05 7
3.374616e-06 2
5.731819e-06 2
2.359978e-06 222
1.900471e-05 1
7.586248e-06 3
4.556165e-06 1
7.237396e-06 2
8.712211e-06 2
3.427270e-06 4
1.071619e-06 3
6.722746e-06 3
2.874910e-06 1
2.240487e-05 1
1.519464e-06 73
1.899155e-06 1
8.122505e-06 1
4.420559e-06 1
3.185237e-05 1
2.438293e-05 1
1.629024e-05 1
4.265377e-06 5
4.538138e-06 1
5.605056e-06 4
1.060264e-05 29626
2.139509e-05 1
1.060136e-06 1
1.109837e-05 1918
3.759988e-07 1
5.751122e-07 7
2.361003e-05 3
6.512940e-06 195
6.058125e-06 3
1.360260e-05 1
1.604884e-05 86
3.416007e-06 26
2.175499e-06 1
1.731064e-05 1
2.505098e-06 1
3.606308e-06 1684
1.956589e-06 2
5.216415e-06 1
1.353674e-05 1
1.335576e-06 1
2.210840e-06 1505
3.576834e-06 5
1.406662e-06 1
1.465074e-05 3
2.195550e-06 226
7.154630e-06 6
1.172823e-05 63437
1.808886e-05 31526
8.956874e-06 3
9.051216e-06 1
8.487121e-06 1
1.051492e-05 1
1.230411e-05 2
1.800923e-05 1
2.666749e-06 3
1.348074e-05 1
2.218296e-05 1
1.419030e-05 28655
2.003859e-05 1
1.410686e-05 2
4.766261e-06 1
5.501639e-07 1
2.149121e-05 4
1.478382e-05 125
7.581451e-06 5
4.204449e-06 6
2.117697e-05 1534
2.299874e-06 1
8.465410e-07 95
1.890397e-05 2
1.804551e-05 1
1.107150e-05 3
1.430309e-06 1
1.722146e-06 131
2.903081e-05 6
1.829160e-05 6
2.437016e-05 1
1.360110e-06 1
1.258906e-05 97
6.539158e-06 1
1.099852e-05 1
7.732764e-06 1
3.803713e-06 1
5.512328e-06 1
3.154000e-06 219
3.136728e-06 1
3.294988e-05 2
2.389843e-06 1
8.577509e-06 1
2.043689e-06 2
6.899561e-07 1
3.656874e-07 3
4.877573e-05 1
4.185066e-06 55466
2.520153e-05 5
4.290190e-06 2
2.283952e-06 1
1.228434e-06 265
1.709809e-06 2
4.747943e-06 1
7.138770e-06 7
2.404158e-05 2040
2.256996e-06 1
8.334284e-06 1
3.553521e-07 1
1.794576e-05 689
1.410033e-06 3
6.080234e-06 2
7.699386e-06 3
1.147698e-05 5
2.883486e-05 2012
8.715304e-06 1
2.433859e-05 1
8.821987e-07 4864
3.379066e-05 3
2.023125e-05 1
4.522912e-06 1
2.557410e-05 6
1.929823e-05 45
9.209233e-06 3
1.904019e-05 120
1.121710e-05 1260
1.718279e-05 2
7.384388e-06 1242
2.313022e-05 204
2.913274e-06 1
7.964376e-06 1
4.546270e-06 3
2.466964e-05 1
2.014649e-06 1
4.371717e-06 1
2.989985e-05 3
6.634523e-06 1
2.550105e-05 1
3.572922e-06 56682
2.336416e-05 307
4.902282e-06 7
1.011523e-05 1
7.394684e-07 5
4.619476e-06 1
5.213517e-06 1
3.471846e-05 1
2.843758e-06 1
1.284148e-05 2
3.463388e-06 1
5.774427e-06 395
5.685002e-06 1
1.171621e-05 1
8.438903e-06 2
4.935084e-07 2
1.430258e-05 1
1.015167e-05 7
1.405999e-05 2
1.240189e-06 6
4.516615e-06 467632
9.447156e-06 2
1.606576e-05 218
1.316200e-05 3
6.418471e-06 1
2.214290e-05 1370
2.623728e-05 41
1.085515e-05 1
1.729739e-05 1
1.088487e-06 1
6.725487e-06 2
2.683096e-06 82
6.091809e-06 2
1.247460e-05 1
1.944444e-05 33
3.313622e-06 1
1.728885e-05 3
6.122698e-05 179
2.591681e-05 1
1.007263e-05 1
1.040296e-06 1
2.964145e-06 1
1.823364e-06 3
4.427293e-06 1
2.176331e-05 6
2.890660e-06 5
5.526421e-08 102
4.166546e-06 1
5.152252e-06 4
1.101296e-05 1
4.002854e-05 1
2.140157e-06 24685
1.631538e-06 1
8.704657e-06 1
1.035989e-05 1
6.147685e-07 1
4.294576e-06 3
8.221666e-07 3
7.413827e-06 1
1.241479e-05 1
1.940932e-05 116
7.692441e-06 1
3.009892e-05 133
1.004178e-05 1
5.173359e-06 1
2.254487e-05 1
3.896571e-05 1
1.253938e-05 1
1.619675e-06 1
1.762852e-05 1
3.087744e-05 135
4.503790e-06 2
1.860321e-05 1
5.072731e-07 1
5.135047e-06 3
6.792792e-06 1
5.659403e-07 1
4.559302e-06 104
1.499331e-06 5
1.371686e-06 6
5.049734e-05 7
5.031760e-06 1
5.182084e-05 1
3.536058e-05 1
7.080753e-06 4
1.316285e-05 1
2.808966e-05 1
8.094303e-06 1
3.227959e-06 59193
4.622791e-06 1
9.201176e-06 1
2.420216e-05 1
4.510378e-06 1
2.291140e-06 2
2.395244e-05 592
2.611295e-06 161
3.042182e-05 1
9.470080e-07 1
1.529494e-05 1
6.836244e-06 9
4.661382e-06 1
5.601106e-06 108
1.295884e-05 6
4.815707e-06 1
1.167792e-06 1
2.597398e-05 3
7.728505e-06 1
2.076199e-05 1
3.183862e-06 1
5.979018e-06 2
5.815913e-06 1
1.324639e-05 5
4.275145e-05 2
1.246738e-05 1
9.048682e-06 1
2.768426e-05 247
1.636408e-05 2
2.851360e-05 1
1.949950e-05 2
1.559043e-05 1
3.924850e-06 1
1.359352e-05 462559
1.941691e-05 3
5.117101e-06 1
3.442503e-05 6
1.886981e-05 1
5.478746e-06 5
5.856198e-06 5
1.127762e-05 60
1.263366e-06 3
3.045532e-06 201
1.345311e-05 1
7.839938e-07 1
7.919937e-06 1
1.015905e-06 7
1.297894e-05 1
2.687727e-05 1
4.597215e-06 66
1.006735e-05 4
1.827152e-05 160
4.031954e-06 3
1.156728e-05 46060
3.968047e-07 171
2.367710e-06 2
7.850133e-06 48878
2.200372e-05 1
7.237750e-07 10
3.794444e-06 2
7.460183e-06 7
2.516460e-07 16086
1.546174e-06 170
6.060070e-06 861
4.194708e-07 1
9.400846e-06 2
5.162557e-06 3
5.734081e-06 207
5.193659e-06 6
7.004158e-06 77
1.107385e-05 1
3.223924e-06 1
2.027038e-05 1
2.015178e-06 3
1.107466e-05 227
1.044847e-05 1
6.634919e-07 222
2.797705e-05 21
4.032701e-05 17
9.846854e-06 1
1.434847e-05 206
9.050134e-06 141
7.153350e-06 1
8.075176e-06 263
3.677753e-06 1
4.587433e-06 3
3.228198e-06 9223
8.506523e-07 4
1.235647e-06 1
6.578116e-06 3
7.424943e-06 2
8.187491e-06 1
2.239630e-06 184
3.017530e-05 1
2.954285e-06 15646
6.861810e-06 320186
1.706631e-06 1
6.069423e-06 1
3.471048e-06 5
7.122922e-06 1
9.599360e-06 1
2.269632e-06 62524
3.824306e-06 1
2.015732e-05 1
9.369068e-06 1
1.095220e-06 1
1.030903e-05 1
8.598707e-06 1
9.527710e-07 1
6.412074e-06 1
1.765068e-05 1
3.591071e-06 1
3.670514e-06 1
1.187148e-05 7
4.686650e-06 30097
2.539408e-06 7
1.261849e-06 2
4.389148e-05 2
2.391384e-05 7
3.941452e-07 65
1.534728e-05 2
4.190635e-05 184
3.355258e-05 1
6.506672e-06 3
1.274069e-05 18198
2.835603e-05 6
7.738511e-06 1
7.861559e-06 63965
3.507327e-06 7
1.204391e-05 3
1.334237e-05 231
2.456134e-05 48333
7.699236e-06 1
3.471664e-05 1
2.040665e-05 5
1.894913e-05 1
1.791075e-05 1
3.169208e-06 1
1.551005e-05 1590
1.365756e-06 2
6.645263e-06 56
6.866075e-06 2
2.072997e-05 1
1.402663e-05 2
2.475901e-05 2
3.493064e-07 2
9.700543e-06 4
5.519966e-06 1
1.367306e-06 1
4.298357e-05 1
4.538650e-06 6895
4.308806e-06 2
3.696140e-06 2
3.147825e-05 1
2.517290e-05 1
1.936819e-05 1
4.298244e-05 1
2.063774e-06 1
2.428511e-05 7
1.322559e-06 1
1.623289e-05 3
7.518099e-07 1
2.013117e-06 1
5.654070e-06 1
2.239003e-06 1
8.909639e-07 1
1.832391e-05 1
2.458201e-06 3
2.079329e-05 1
1.326158e-05 82
1.214216e-05 1
3.913971e-06 56907
3.294817e-05 1
7.411581e-06 1
4.657719e-06 3
2.939038e-06 1
1.021816e-05 2
1.437292e-05 2
7.047385e-06 6
1.093554e-05 44071
9.036870e-06 1
4.159197e-06 1
3.273650e-05 3
5.692892e-06 1
1.082865e-05 22083
1.446609e-05 1
7.690234e-06 1
3.866770e-07 1
4.693214e-06 1
7.969256e-06 1
3.529333e-07 1
3.689904e-06 1
1.765948e-05 1
2.860284e-05 185
1.255013e-06 7
1.464560e-05 1
3.050186e-06 1
1.399778e-05 5
7.769199e-06 10070
2.593735e-05 5907
8.072019e-06 5
1.714888e-06 214
6.657376e-06 20993
3.377446e-06 146
1.883222e-05 1844
1.408856e-06 142
1.220675e-05 1
1.371882e-06 4
1.372066e-06 22
8.947023e-06 7
1.112078e-04 1
1.587286e-06 1
2.379264e-05 1
7.194459e-06 1
7.100499e-07 1
1.487795e-05 140
1.288285e-05 1
4.003150e-06 2
4.142031e-05 1
2.064153e-06 5
4.954021e-06 1
2.514068e-07 1
5.241690e-06 1
1.017575e-05 89
9.171024e-07 1
2.698506e-05 1
1.669658e-05 1
5.503772e-06 5
4.621518e-05 42659
1.138362e-05 3
2.222361e-05 1
1.169237e-06 3
7.023432e-06 1
2.430199e-05 1
7.505895e-06 3
7.117801e-06 1
1.391068e-06 229
1.253547e-05 1
1.136334e-05 1679
2.767635e-05 1
4.875932e-06 2
3.276197e-07 1215
5.877842e-06 1
2.335106e-05 1
6.444940e-06 3
6.865819e-06 1
2.238048e-06 1
1.222224e-05 125
4.813348e-06 3
4.654238e-06 1
5.026438e-06 1
3.422251e-05 1
1.271413e-05 53859
2.074029e-07 2
6.118551e-06 5
4.360296e-06 2
9.420914e-06 1
8.546888e-06 6280
1.859391e-05 2
2.898023e-05 1
1.680357e-06 1
7.138791e-06 32736
2.012514e-05 1
2.006467e-06 1
3.265896e-06 1
1.347160e-05 2
1.378228e-05 28376
4.164917e-06 61
3.678180e-05 2
4.688725e-06 1
5.097703e-06 1
2.395678e-05 2
6.120223e-06 2
2.178927e-05 1
6.197147e-05 1
1.480021e-05 6
8.174080e-06 1
3.378684e-05 29
1.455314e-05 6
5.002045e-05 3
2.739980e-05 1
1.035641e-05 1
3.429229e-07 87
2.633453e-06 7
3.284775e-06 3
1.832394e-07 2
3.261898e-05 1
1.292042e-05 1
4.722564e-06 7
4.110472e-06 1
4.625497e-06 246
3.728676e-05 422
6.488280e-06 3
1.107196e-05 1
4.009470e-05 1
4.823201e-06 294
2.396761e-05 1
2.828781e-05 1
4.447299e-06 2
5.081190e-06 1159
2.192271e-05 1
4.224736e-05 5
1.764383e-06 1
2.610595e-07 1
1.987277e-07 2
6.613283e-07 2
8.095384e-07 190
3.270347e-06 1
2.670114e-06 3
3.998222e-07 1
2.243871e-05 246
2.299867e-07 1
1.583284e-05 1
3.145095e-05 6
1.480930e-05 1
6.332666e-06 26
5.437605e-06 1
5.858145e-06 2
2.218160e-06 4
1.071676e-05 6
4.610665e-06 1
5.633587e-06 46
2.562483e-06 2030
9.183749e-06 1
1.713705e-07 1
4.108430e-06 1
2.435441e-05 2
2.724401e-05 1
3.351319e-06 564
1.093455e-05 1
3.792805e-05 1
1.886101e-05 1
2.724287e-05 1
4.429748e-06 3
2.581390e-06 1
7.132646e-06 1
5.734138e-06 1
8.736774e-07 2
1.784476e-05 1
4.039058e-06 2
2.926953e-06 1
2.528219e-05 1
7.795581e-06 110
1.296830e-05 1
1.102852e-06 2
3.248540e-06 1
3.104762e-06 1
7.791276e-06 4
6.125108e-06 1
1.621525e-05 175
1.127069e-05 2
5.959605e-06 1
3.819527e-06 1
6.102570e-06 332045
3.540019e-06 4
2.284457e-06 221
2.341208e-06 6
1.601480e-05 1
1.262562e-05 1
2.848162e-05 3
1.308051e-05 1
9.431733e-06 1
4.511025e-06 1
4.338602e-05 2
2.121887e-05 1
1.410388e-05 6
3.621005e-06 2
4.464650e-06 1
8.905486e-06 1
6.600085e-08 204
6.984794e-07 2
1.964726e-05 1
5.995468e-06 1
1.172417e-05 1
9.113741e-06 1
3.658685e-06 1
2.642434e-05 3
7.181091e-06 3
3.290263e-05 7
9.478524e-07 1799
1.470530e-05 1
3.985091e-07 2
2.128778e-05 6
1.568272e-06 7
2.103760e-05 2
2.627345e-05 1
1.244935e-05 118
2.216285e-05 4
1.398833e-06 5
1.401868e-05 1
2.263726e-07 7
7.941211e-06 1
9.285100e-06 1
1.882708e-05 3
3.499733e-06 1
5.938445e-06 153
1.627148e-05 1
6.070710e-06 3
2.079733e-05 4
1.970332e-05 1581
2.072599e-06 6
3.953721e-06 3
6.003035e-06 6
2.614628e-06 4152
1.481633e-06 2
1.241624e-05 1
1.498417e-05 17597
2.844844e-05 1
2.527389e-06 2
1.284366e-05 3
8.518960e-06 196
7.489167e-05 1
7.782820e-06 5
7.912291e-06 1
2.612772e-05 234
1.489299e-05 1
2.778639e-06 3
3.526136e-06 1
3.182179e-05 239173
7.084024e-06 4
1.985627e-05 1
8.529378e-06 113
3.075361e-05 1
3.042028e-05 7
2.581137e-06 171
2.573029e-05 1574
3.573802e-06 1451
8.330282e-06 2
1.393522e-05 49155
5.034640e-06 1
1.345069e-05 1
3.035039e-05 1
1.883312e-06 1
1.073947e-05 2
6.782772e-06 3
1.428478e-05 1
3.549507e-07 3
1.074408e-05 1
4.625582e-05 1
3.526039e-07 1
1.787152e-05 1
4.808200e-06 3
1.140441e-05 1
6.011013e-06 2
1.804259e-05 17512
3.478798e-06 1
8.478357e-09 15
4.447209e-06 1
3.906997e-05 3
8.411211e-06 1
3.461785e-05 2
1.118463e-05 1
1.072563e-05 1
1.167191e-05 597
7.020563e-06 260
4.147237e-06 2
4.936851e-06 1
1.422570e-05 1
4.383110e-05 1064
5.737103e-07 3
2.225275e-06 1
1.105638e-05 4
1.399922e-05 5
4.537019e-06 1
8.510819e-06 1
1.433058e-05 1
9.170815e-06 1
1.205357e-05 1
8.917423e-06 7
6.792406e-06 261
4.885681e-06 225
6.302853e-06 1
8.273917e-06 1876
4.537085e-07 1
2.319322e-05 3
1.002765e-06 1
3.700042e-05 2
7.114845e-07 1
5.235679e-06 100
1.879344e-05 2
2.778358e-05 304
1.438235e-05 6
2.718170e-06 1
2.945819e-05 5
7.055682e-06 91
8.873827e-06 6
1.458802e-05 1
1.702154e-05 1
9.442192e-06 3
2.420811e-05 1
1.231074e-05 7
1.854855e-05 28
2.319206e-06 1
6.491526e-06 2
5.549909e-06 122
6.216976e-06 1
1.551941e-05 1
2.237158e-05 1
7.720540e-06 5
5.625790e-06 1
1.385239e-05 1
8.009471e-06 1
2.702348e-06 1
5.951861e-06 2
7.324347e-06 1
6.924433e-06 1
1.875997e-07 1
5.334421e-05 1
7.187691e-07 12
7.378127e-06 64864
5.554562e-06 1
7.007093e-07 73
4.141138e-06 2
4.497354e-06 1
1.489701e-05 1
7.315239e-06 4
2.438879e-06 1
2.541535e-06 1
3.384277e-06 10
8.276749e-06 368258
1.137937e-05 1
6.510055e-06 3
8.014699e-06 59806
3.600974e-06 1
4.321458e-07 1
4.131114e-05 2
1.447275e-05 3
2.537586e-06 1
2.190170e-06 4
1.534485e-05 1
1.090090e-06 1
1.239269e-05 2
1.241521e-05 1
1.419437e-05 1
2.451282e-06 1
5.173039e-05 1
2.155814e-05 1
3.138852e-05 1
1.079058e-05 1
9.485187e-06 6572
2.355730e-06 169
5.766335e-06 1
1.944569e-05 4
2.696007e-05 1
3.772960e-06 101
7.699528e-06 3
9.128412e-06 1
1.235035e-05 1
1.791244e-05 1
1.565700e-05 1
8.323782e-06 22
1.054896e-05 1
1.145192e-06 1
6.038053e-06 1
1.307830e-06 1
4.718897e-06 3
8.613235e-06 4
2.025307e-05 3
1.102487e-06 1
6.316385e-06 1
1.177097e-05 1
1.077317e-05 61258
8.154582e-06 192
1.214776e-05 1
8.736772e-07 1
1.424660e-06 4
7.802950e-06 3
3.460397e-06 2
1.004442e-05 1
1.489978e-05 1
3.574004e-05 1975
2.566119e-06 1
1.405657e-06 1
3.765437e-05 1
1.170130e-06 1
3.717951e-06 806
7.723434e-06 1
8.507673e-06 5
1.431205e-06 3
5.219534e-06 182721
1.992821e-06 85
1.179577e-06 3
1.410413e-06 7
5.298916e-05 1
9.638630e-06 3
3.666863e-05 22
2.271229e-05 1
2.017084e-05 1
2.849534e-06 3
6.302701e-06 1
2.510221e-05 1
2.923517e-06 1
1.367045e-05 1
1.791891e-06 1
1.705203e-06 2
2.382604e-06 3
7.643335e-06 1
1.637547e-05 6
7.811175e-06 1
1.075498e-05 1
6.442859e-06 1
1.278472e-05 14244
2.717719e-06 1274
1.523392e-05 65816
5.063162e-06 1
1.402763e-05 1
1.617844e-06 1
1.128718e-06 3
2.164871e-05 3
3.299714e-05 1
4.544867e-06 3
2.019746e-05 214
4.866072e-06 2
1.747305e-05 1
1.457503e-05 2
1.478972e-05 4
1.596911e-05 1
8.693322e-05 2
4.083645e-06 1
2.391679e-05 1
1.541702e-05 1
7.420699e-06 1
4.072012e-06 1
1.094221e-07 1
5.045060e-06 126
1.460461e-05 2
3.320948e-05 1
1.636842e-05 25
4.709021e-06 1
3.504361e-06 3
1.165555e-06 1
6.193375e-06 1
3.336739e-05 1
1.212006e-05 1
1.135171e-05 1
2.480612e-05 7
1.008260e-06 1
5.526968e-06 1
3.858604e-06 1
2.402229e-05 1
1.293047e-05 1
2.600555e-05 1
1.233725e-05 1
9.282665e-06 176
6.404500e-06 2
8.615552e-07 1
3.706637e-05 95
2.183200e-05 1
3.198097e-05 3
5.342613e-06 3
8.793102e-07 1
1.138213e-06 1
1.302134e-05 1
1.489225e-05 1
4.667810e-05 3
3.163816e-05 1
3.657158e-05 104
1.561749e-05 1
2.757957e-06 164
1.454864e-05 3
1.017423e-05 1
1.146390e-05 2
7.445942e-06 3
1.381038e-05 1
3.067407e-06 5
2.709553e-06 1
1.386100e-06 15426
1.031818e-05 1
1.215023e-05 1
7.902742e-06 1
1.022236e-05 273
8.915745e-07 2
2.349197e-07 1
1.969984e-06 2
1.100272e-05 1
2.859180e-05 1760
1.364604e-06 3
2.469275e-06 76
1.015514e-05 1203
3.335563e-07 252
5.785420e-06 1
6.603418e-06 3
7.464797e-06 1
2.367241e-06 1
1.410676e-05 1
1.650012e-07 3
1.851400e-06 2
9.631574e-07 2093
3.869900e-05 3
7.297288e-07 1
6.131213e-06 3
9.149850e-06 3
3.457269e-05 1
1.339054e-05 2
4.787170e-07 6
2.077563e-05 1
1.675345e-06 861
1.848512e-05 1
3.577496e-05 1
5.249048e-07 2
6.712220e-06 1
3.581702e-05 1
2.233513e-05 2
8.738639e-07 700
7.979571e-06 1
3.281172e-05 54660
6.261724e-06 1
1.123272e-06 172
3.576165e-05 1
7.957358e-06 1
3.294311e-06 146
7.716928e-06 1
2.399869e-05 3
1.441350e-05 3
1.236277e-05 1
1.609894e-05 1
1.490237e-05 1
3.131309e-06 1
2.566675e-05 256
4.125492e-05 3
4.257972e-06 1
1.593962e-05 1
8.326869e-06 1
3.029533e-06 6
9.837734e-06 1
2.045923e-06 1
2.149197e-06 1
9.948775e-06 19096
4.559383e-06 77
2.642752e-05 2
1.100850e-05 1
1.382522e-05 1
1.935624e-05 201
9.109182e-06 3
2.250097e-05 266684
6.104117e-06 1
3.880666e-06 1
3.258851e-06 1
2.574297e-06 1
1.710264e-07 1
1.349572e-06 6
4.249906e-06 1910
6.829199e-06 65
2.599340e-05 1
1.009646e-05 157
2.155399e-05 1
1.652572e-05 1
1.622426e-05 1
1.538733e-05 4820
2.205350e-05 1
1.025163e-05 2
3.157554e-06 218
3.782293e-05 1
2.507920e-05 2
1.918229e-05 1
1.065659e-05 1
2.035613e-05 202
1.663062e-05 1
5.311474e-07 3
1.742237e-06 1
6.744951e-06 31
5.738105e-05 5905
2.210590e-05 1
1.408460e-06 4
1.433659e-05 932
5.078145e-05 1
2.138048e-06 1
9.228104e-06 1397
1.734377e-05 2
6.760577e-06 1
1.039469e-06 3
6.881569e-06 1
9.199536e-07 1
2.277636e-05 61447
1.858647e-05 7
7.290929e-06 1546
2.088567e-05 3
9.836059e-07 1
2.162928e-05 1
9.833140e-06 1
3.400097e-06 1
1.795845e-05 672
5.762626e-06 1
6.640681e-06 1
1.005891e-05 6
5.177196e-06 1
1.123453e-06 3
2.580115e-06 1
3.500939e-05 1
1.114373e-05 1
9.274082e-06 1
2.585935e-05 2
6.890596e-06 104
4.866127e-06 612654
3.070035e-06 1
1.740396e-06 124
4.105296e-06 1
1.546976e-05 1
3.162269e-06 300
7.241818e-06 7
7.814904e-06 20430
6.723639e-06 1
9.960115e-06 262
6.378442e-06 1
8.095919e-06 258
3.132989e-06 2
2.181310e-06 7
1.388164e-05 1
1.215514e-05 1
1.417097e-05 1
2.576740e-06 5
9.148177e-06 2
8.788148e-07 1
3.808158e-06 1
1.070789e-05 1
8.295694e-06 1
3.593940e-05 7
1.465083e-05 1
2.606824e-06 1
2.309319e-05 66179
2.116551e-07 142
1.815281e-05 4
1.649029e-05 1
2.359766e-05 1
3.207951e-05 1
1.204319e-05 1
4.771714e-07 1
2.715483e-05 6
4.021090e-06 1
1.292773e-06 80
1.426094e-05 1
1.309887e-05 2
1.061897e-05 144
2.327138e-06 1
8.585206e-06 1
7.186678e-06 114
1.357410e-05 3
3.977262e-06 1
6.320332e-06 1
8.223209e-08 27565
2.315297e-05 1
9.408344e-06 522
2.823302e-06 1
2.755790e-05 172
1.016185e-05 11600
8.208193e-07 1
1.400531e-05 2
4.019874e-05 1
2.116540e-05 1
8.799111e-06 58
5.911862e-06 3
2.767614e-06 5
1.755524e-06 1
1.394744e-05 7
8.267945e-06 1
3.448215e-06 1
2.889144e-06 2
3.668511e-06 1
1.455312e-07 10772
1.984206e-05 1
6.255343e-06 152
2.799157e-05 1
2.252864e-06 2
2.266722e-06 2
3.933522e-07 146
2.223636e-05 1
5.139757e-05 2
1.715758e-06 3
1.887756e-05 4
2.486214e-05 1
1.135517e-05 1
1.163761e-05 3
2.811489e-06 1
1.010585e-05 1
4.357076e-06 1
1.401911e-07 2
9.213881e-06 3
2.608307e-06 1
2.526672e-05 4
1.108514e-05 1
8.479646e-06 1
1.631281e-05 1
4.167364e-06 4
1.159227e-05 2
1.189722e-05 475
1.533954e-05 2
7.597329e-06 1
5.299147e-06 2
1.901844e-05 1
1.076969e-05 1
1.086791e-05 1
6.197903e-07 7
1.199458e-05 1
3.107613e-06 2
2.527607e-05 748
7.730180e-09 1
7.148974e-07 1
3.992554e-06 3
1.202363e-05 3
3.223438e-06 1
1.781788e-05 1
3.859859e-06 1
2.166893e-05 189
5.538337e-06 1
2.828253e-06 1
3.039697e-05 1
4.893850e-06 7
8.845343e-06 1
1.396724e-06 1
9.546402e-07 6
4.893993e-06 3
1.842132e-05 1
4.632474e-06 1
5.751567e-06 1
1.933897e-05 2
6.167590e-06 1
2.551343e-06 2
1.803958e-05 2
3.959038e-06 1
3.168402e-05 1
8.850676e-06 1
1.014936e-06 188
7.926879e-05 1
4.146203e-05 1
7.061848e-05 1
2.013590e-05 2
2.022174e-05 2
5.939557e-06 3
3.279547e-06 1
1.227597e-05 1170
1.477784e-06 1
3.037278e-07 1357
5.315180e-05 2
1.299189e-05 93
1.717549e-05 1
2.689196e-05 1
2.342468e-06 2
4.485166e-07 177
7.992969e-06 6
8.316353e-06 185
2.098985e-06 1
3.814752e-06 26091
1.985021e-05 1
1.418418e-05 1
3.268566e-06 2
2.169642e-05 1
3.578049e-06 135
4.849088e-06 101
2.849315e-05 1
4.299916e-06 1
1.333475e-05 1
9.932442e-06 1
6.954467e-06 1
3.904500e-06 1
3.038767e-05 123
2.251662e-05 1
9.441825e-06 91
1.894073e-06 1
1.505194e-05 1
1.759020e-06 1
1.274992e-05 127
2.135964e-06 1
7.592603e-06 3
3.435592e-05 1
6.708614e-06 40
2.273242e-06 2
9.483494e-06 1
1.508325e-06 1
6.561320e-06 1
1.781505e-06 1
1.376197e-05 46688
5.622578e-06 35168
2.336205e-05 3
1.234506e-06 1
3.621172e-05 1
2.646116e-05 138
2.695957e-07 28033
1.299047e-05 146
3.182471e-05 1
6.080529e-06 4
3.949546e-06 1
2.248544e-05 1
8.948466e-06 1
5.446507e-06 1
1.740338e-06 205
7.004780e-06 103
7.722569e-06 4
1.762471e-06 170
1.680913e-06 1
3.438881e-06 1
1.806802e-06 50203
1.545102e-05 1306
8.757627e-06 1969
9.864485e-09 1
4.228733e-06 1
7.599276e-06 4
2.149191e-06 3
2.587464e-05 7
4.873030e-06 851
8.434873e-06 216927
1.328403e-05 1
1.009247e-05 1
3.025852e-06 3
2.648239e-05 3
1.541669e-05 3
1.517235e-05 2
5.319899e-07 1
3.652472e-07 1
4.471317e-06 1
1.985116e-05 1
1.626287e-05 6
8.960136e-07 1
1.383671e-05 218
2.166217e-05 6126
1.215279e-05 3
2.629349e-05 2
3.007541e-06 214
2.240096e-06 1
1.250471e-05 3
1.954446e-06 1
4.109466e-05 1
2.256583e-05 2
1.654026e-05 9283
7.432836e-07 3
4.954115e-05 5
1.023943e-05 1
4.401183e-06 1
2.895093e-06 1
1.345884e-05 2
2.511182e-05 1
6.250736e-06 2071
1.496958e-05 3
5.536438e-06 99
7.108776e-06 1
1.710813e-05 1
1.377023e-06 1
2.429385e-06 117
2.210358e-05 214
2.454443e-06 215
5.172521e-06 1
8.396871e-06 1
1.890867e-05 53032
3.393641e-06 1
1.182201e-05 4349
6.522173e-06 139
1.088975e-05 519
1.762751e-06 1
1.944730e-05 2
4.722281e-07 1
1.585435e-05 2
1.381630e-06 1
1.146712e-05 303
1.329598e-05 238
3.457814e-06 1
1.566061e-06 6
9.833842e-06 1
2.296972e-06 1
3.608637e-06 152
2.862035e-05 3
3.486613e-07 1469
2.494498e-05 2
9.214341e-06 2
2.770811e-05 1
3.237322e-05 1
5.059334e-06 4
1.060692e-06 6
7.374278e-06 44
4.441487e-05 1
3.410409e-06 1
5.133223e-06 1
2.000380e-05 3
3.375482e-06 120
1.487724e-05 7
2.075075e-05 2
5.442836e-06 1
5.909042e-07 1
1.746019e-05 1
8.597883e-06 1
9.173723e-06 1
1.034315e-05 5
1.162167e-05 3
2.854757e-05 1
1.075159e-05 255
9.280331e-06 123
1.898831e-06 1
1.448835e-05 3
7.226197e-07 1184
4.926605e-06 1
1.013538e-05 495
2.467709e-06 4
1.520106e-05 1
1.632265e-05 320
2.530808e-05 1
3.976978e-06 2
1.113755e-05 2
5.295924e-06 1
3.795628e-05 1
1.372786e-06 4
1.231553e-05 1
1.969685e-05 5
4.122841e-06 3
1.435776e-05 1
6.135161e-06 1
1.025746e-05 942
5.473871e-06 8
7.347307e-06 1
1.590377e-05 3
8.741966e-07 57
5.998629e-07 2
5.139733e-05 54538
2.570864e-05 227
6.925589e-06 4
1.218379e-05 1
8.855461e-06 261
1.229176e-05 1
3.046649e-06 2
9.123586e-06 1
2.937230e-05 52581
1.201234e-05 3
9.787051e-06 6
1.544914e-05 1
2.281318e-05 2
2.111984e-05 1
6.138845e-06 6
2.911240e-06 57898
3.137163e-07 33142
6.507722e-07 1
8.228413e-06 4
1.645530e-05 1
6.462556e-06 1
1.085562e-05 1
7.963032e-06 153
9.061877e-07 1
4.036840e-07 2
2.265233e-06 3
2.211521e-06 1
3.115060e-06 1
6.109762e-06 4
1.343339e-05 1
6.462515e-06 2
1.057402e-05 1
1.011492e-05 1
1.985824e-06 4
8.915680e-07 2
8.040513e-06 1
1.132738e-05 7
1.324991e-08 1
4.898283e-06 1
5.372512e-06 401
3.462913e-05 3
4.776849e-07 2
9.135178e-06 1
2.304557e-06 38193
1.630494e-06 24428
1.260327e-05 1
6.945113e-07 35237
4.181973e-06 1
2.191952e-05 2
4.441007e-06 362528
3.029839e-06 1
3.358026e-05 3
5.637570e-06 32698
1.332210e-06 225
1.497133e-06 243
5.137544e-06 1
2.499683e-06 442
5.729298e-06 1
9.979323e-06 3
1.098313e-05 189
6.699293e-06 1
7.013059e-06 74
3.824841e-05 3
4.981618e-06 1
2.575840e-06 1
1.012520e-05 6
1.754526e-05 94
8.953691e-06 1
7.357495e-07 1
1.795317e-05 163
8.519276e-06 1
2.353643e-05 1
7.376201e-06 204
2.745153e-05 1
3.124848e-06 255
2.071804e-06 4
1.854589e-05 1
4.353219e-06 192
5.289369e-06 1
3.770765e-05 1
5.107788e-06 135
5.710329e-06 2
4.874771e-06 1
5.021614e-06 54082
6.303990e-06 1
3.405815e-06 1
9.696891e-06 1
1.482948e-05 1
2.267959e-05 3
2.874907e-05 1
5.668571e-06 2
2.691779e-06 2
6.178935e-07 3
5.375518e-06 169
1.137202e-05 1
2.272895e-05 3
5.987323e-06 1
7.232150e-06 5
8.065929e-06 7
4.941664e-06 155
1.696531e-06 1
8.541095e-06 218
2.259743e-05 1
1.375497e-06 75
8.802837e-06 1
8.762123e-06 7
4.918340e-05 1
8.737583e-06 2
4.652727e-06 19557
1.250665e-07 7
8.231771e-06 1
2.535948e-06 106
2.774039e-05 4
8.267397e-07 1
2.323591e-05 1
4.656285e-06 1
7.606797e-07 1
4.561709e-06 4
1.414135e-05 5
2.663531e-06 1
1.073773e-05 1
1.378117e-05 28471
1.902495e-05 1
4.505367e-06 62867
1.082023e-05 243
1.463622e-05 3
2.889903e-06 173
1.602778e-06 1
5.060128e-07 1
2.081242e-05 1
7.805240e-06 188
4.239170e-06 1
6.519550e-06 3
1.328092e-05 1
4.643152e-06 2
1.575759e-05 3
1.352476e-05 179
1.452549e-07 1
3.098614e-05 997
2.505565e-05 1
9.603984e-06 1
9.482252e-07 3
1.072182e-05 1
4.652894e-05 1
5.820146e-06 1
4.663427e-06 1
1.518841e-06 1
1.619141e-05 1
1.489064e-05 1
1.172700e-05 1
5.629077e-07 140235
2.909237e-07 1
8.140655e-06 195
3.014355e-05 1752
2.075417e-06 1
3.562129e-07 2
9.165127e-06 1
6.963286e-07 182
3.535156e-05 1
1.219981e-05 48
1.232343e-05 1
1.851439e-06 23345
1.153354e-05 6
7.637837e-06 1
3.646087e-06 1
7.897727e-06 1
2.981482e-05 5
1.015409e-06 81
1.501875e-05 1
3.405780e-06 6
6.154172e-05 3
1.955390e-06 233
1.167845e-05 263
3.067779e-06 5
3.186012e-06 74
2.072119e-06 4
1.327715e-06 4
9.114415e-07 3
3.117323e-05 2
3.264679e-05 1090
3.684942e-06 1
4.557221e-06 1
1.807315e-06 3
8.766285e-06 6
4.659360e-05 138
1.282964e-06 2
3.304112e-06 2
2.756143e-06 1
1.447967e-06 1
4.408602e-06 1
4.898838e-06 3
8.540618e-06 3
2.417774e-06 1
1.118907e-05 6
3.505072e-06 1
1.938079e-05 1
4.875986e-07 3
8.804453e-07 1801
2.336928e-05 1
2.838530e-05 7
1.662008e-05 1
9.508791e-06 1
1.663798e-05 1
1.076067e-05 1
6.342809e-06 3
2.183494e-06 1
9.040046e-06 3
2.214394e-06 1
1.240544e-05 1
3.078732e-06 1
4.378414e-06 104
1.214666e-05 163
5.798056e-06 1824
2.124913e-06 3
5.367872e-06 1
1.927127e-05 34093
6.526847e-06 5
1.434461e-05 1297
1.866597e-05 1
7.556230e-06 1
9.851675e-06 46885
1.628859e-05 1
2.786188e-06 943
2.406855e-06 1
5.876516e-06 2
1.629503e-06 246
8.805611e-06 110
6.057630e-06 1
3.008188e-06 1
6.138122e-06 1
9.109658e-06 3
4.411561e-06 3
5.826793e-06 1
5.531265e-06 1
6.349221e-06 156
5.202645e-05 3
6.739843e-06 2
7.908795e-06 1
5.529744e-06 1
1.718102e-05 2
3.855104e-06 1
3.692648e-06 1
3.998938e-05 6
6.299373e-06 1
1.653378e-05 1
2.874626e-05 5
2.723004e-06 1
1.216291e-05 2
6.202174e-06 246
9.618263e-06 2
2.830498e-05 7
4.740915e-08 1
2.360617e-05 1
4.060088e-06 1
3.521322e-06 3
3.495580e-06 2
3.663538e-06 1
1.214254e-05 1
8.887834e-06 1
3.965804e-07 493546
2.252166e-06 1
1.459125e-05 3
1.729657e-05 3
2.154820e-06 1
1.852483e-06 1
3.631721e-05 280273
2.913505e-05 1
2.035406e-06 6
1.086836e-06 2
2.598342e-05 1
1.540004e-06 45594
6.088776e-06 2
5.138162e-06 1
1.687094e-07 1
2.163294e-05 3
7.438989e-07 1
1.340701e-06 34
1.247917e-05 4
1.637386e-06 1
6.768406e-06 1
3.169865e-06 1
3.309067e-06 3
8.316643e-06 3
1.011194e-05 1
1.152648e-06 2
3.700308e-07 183
6.014090e-06 2
7.749129e-06 227
2.814621e-05 2
4.150009e-06 5
7.714579e-06 34251
2.762653e-05 1
6.407110e-06 1
3.045862e-06 174
1.423649e-07 1
2.757961e-06 1
1.311188e-05 1
7.184612e-06 1
3.573174e-05 147
6.313382e-06 23962
7.542917e-06 1
9.898845e-07 1
9.596698e-06 2
1.132141e-05 1
1.164016e-06 2
3.915123e-06 1
2.203310e-06 1164
2.572732e-05 437
4.719425e-05 2
4.704719e-06 1
4.100127e-06 6
1.403706e-05 6
4.795316e-06 1
1.923157e-05 1
5.752948e-05 3
1.931329e-06 1
3.110492e-05 6
4.770746e-06 15076
1.203901e-05 6
3.463472e-06 1
4.898113e-06 1
1.037519e-05 1
2.066088e-05 1
1.945024e-06 1
1.484128e-06 42106
3.384015e-05 1
3.468993e-05 1
1.143466e-05 1
4.456924e-07 1
1.148418e-05 160
6.785313e-06 1
6.786773e-06 1
3.335540e-05 1
1.050149e-06 1
8.240311e-06 3
1.392037e-05 1
9.823933e-06 1
1.034087e-06 33916
2.095737e-05 7
2.648691e-06 3
1.291661e-05 1
3.627439e-05 6
9.066350e-06 1
6.192540e-07 1
1.439002e-05 1
7.037391e-05 57060
1.699001e-06 378985
5.965414e-08 1
4.659530e-07 62
4.785882e-06 1962
6.969526e-06 1
4.788874e-06 2
2.622204e-05 1
2.035463e-05 1
2.646909e-05 1
1.842023e-05 1
5.840914e-07 4
2.580246e-05 3
1.565133e-05 3
4.931565e-06 19901
1.576042e-05 1
7.907098e-06 3
1.451994e-05 265
4.363800e-05 1
1.874939e-05 1
4.067424e-05 1
5.458611e-06 254
1.824224e-05 3
6.834070e-06 4
3.112841e-05 1
1.768391e-05 1
1.271238e-05 7
5.099754e-05 2
6.133822e-06 1
2.720541e-06 6
2.778910e-05 39362
1.740271e-05 55096
1.164990e-05 241
3.982605e-06 1
1.223383e-05 1
9.832393e-06 523
5.431263e-06 1
2.920359e-06 1
1.912862e-05 1
6.612123e-06 3
9.484953e-07 3
2.746493e-05 1
5.037736e-06 2
1.744690e-05 2
3.607201e-06 3
5.422986e-06 6
7.677471e-06 5
1.256436e-06 1
8.514931e-06 1
5.546457e-06 4
2.800700e-07 1
5.146732e-06 3
8.127265e-06 1
1.602771e-05 1
1.185329e-05 1330
9.425012e-06 1
1.111169e-05 3
8.802635e-06 1
8.664158e-06 85
1.759043e-06 1
1.027835e-05 889
4.672406e-06 1
3.803787e-06 1
1.016442e-05 1
2.886896e-05 95
3.811101e-05 1361
1.805642e-05 1
5.205727e-06 1
6.823902e-06 1
1.308360e-08 1
4.129201e-06 1
7.027643e-06 4
1.661512e-05 1
1.382703e-05 1
3.091801e-06 1
5.337723e-06 1
6.494750e-06 1
2.989195e-07 266
3.658279e-06 1
9.164097e-06 1
1.637380e-05 1
4.864622e-06 1
2.470598e-05 1
1.603813e-05 87
2.032131e-05 1
1.376664e-05 1598
5.744037e-05 4
1.685041e-05 39305
1.609561e-05 2
1.582868e-05 2
3.155161e-06 713
1.587460e-05 2
1.112798e-05 3
4.543481e-06 1
8.801753e-07 1802
5.530811e-06 1
1.214913e-05 1
1.601371e-05 5
9.783509e-07 122
3.685994e-06 1
9.782631e-06 1
1.611301e-06 3
1.645740e-06 1
5.170471e-05 1
5.089088e-06 3
3.389183e-05 214
1.093992e-05 1
1.594563e-06 7
3.723897e-06 7
9.500108e-06 1
2.302514e-06 1
8.054548e-06 645
8.679514e-06 1
1.901377e-06 1
5.785087e-06 58383
1.063052e-05 1
9.804084e-06 1
9.225588e-06 5
3.367003e-06 3
5.635022e-06 16467
3.520952e-06 3
3.390649e-06 1
1.581936e-05 1
3.277506e-07 46109
2.178630e-05 3
9.195209e-06 1
4.834250e-07 1
1.546807e-05 1
5.573099e-06 1910
2.063710e-06 1
4.070735e-06 1
8.808877e-06 56104
6.514906e-07 5
1.487659e-05 1
9.734612e-07 2
1.280920e-05 1
3.325692e-06 1
5.383987e-06 1
4.753232e-05 1
6.105733e-06 1
9.083170e-07 15018
9.269515e-07 1
2.215196e-05 264
3.255322e-05 1
1.866272e-05 32949
6.610845e-06 1
1.058699e-05 230
2.857924e-05 1
3.192788e-06 1
7.283986e-06 1
9.341368e-06 1
2.712506e-05 3
2.409982e-06 1
1.748055e-06 2
3.227976e-05 148
2.826104e-05 1178
9.149399e-06 2
4.387323e-05 1
1.750973e-05 1
4.807434e-06 1
9.053328e-06 3
1.272209e-06 1
7.449567e-06 1
8.659753e-06 32
4.972706e-05 2
4.673235e-06 44
5.829426e-05 37459
1.889977e-05 7
3.551304e-06 2
6.247586e-06 1
1.403475e-05 219
3.567807e-05 1
2.781904e-05 2
5.837660e-07 1
4.319192e-05 399
1.572688e-05 1
1.248168e-06 1
2.368300e-06 1
1.503053e-05 2003
1.611670e-05 1
1.194683e-05 3
2.652820e-05 2
3.055930e-05 2
4.540761e-06 3
1.132844e-05 1
1.431619e-05 1
3.636274e-06 1
1.699089e-05 3
2.519747e-05 1
1.432011e-06 1
3.342172e-05 226
1.397609e-05 1
2.568415e-05 2
8.393391e-06 2
6.923767e-07 23
2.267489e-05 1652
7.641127e-06 144
1.733977e-05 87
1.110876e-05 1
1.305274e-05 1
1.224551e-05 3
1.227800e-06 4
2.056046e-05 3
7.336331e-06 2
1.349117e-05 1
2.726803e-06 564842
1.000202e-05 4
4.186023e-06 54
1.807645e-05 98
5.317943e-05 71
5.892345e-07 1
3.894411e-06 1
1.643339e-05 1
1.020236e-05 325088
1.529884e-05 144
1.910358e-05 1
9.359383e-06 1
3.695114e-06 1
2.435160e-05 215
4.753963e-06 1
1.650003e-06 7
5.050510e-06 1
1.409828e-06 4
8.858968e-06 2
3.864236e-06 1
2.247188e-06 1
1.903025e-05 228
4.782105e-06 1
1.760968e-05 7
3.755881e-06 1
7.114319e-06 174817
7.122569e-06 1
4.239078e-06 512659
3.561488e-06 1
1.124918e-05 198
2.691418e-06 5
1.464108e-06 1
6.915433e-06 98
1.203767e-06 1
1.609566e-05 7
2.028869e-06 1
1.068339e-05 6
2.229893e-05 5
6.892377e-05 1
1.305370e-05 1
1.151937e-05 181
2.831512e-05 142
1.862337e-06 1
1.491100e-06 1
1.230930e-05 1
1.703939e-05 1
1.347792e-06 219
2.659968e-06 3
5.824236e-06 2
3.848101e-05 517
3.789218e-05 244448
6.301948e-06 1
5.221005e-05 3
8.021746e-07 1
5.788035e-06 1
4.600319e-05 43753
4.500343e-05 1
1.898269e-05 1
6.363916e-07 1
1.308109e-05 53
8.541876e-06 110
1.621092e-06 1
1.573924e-06 1
2.405301e-07 7
4.733928e-05 1
7.236391e-06 1
3.113079e-05 7
1.402585e-05 220
3.381968e-06 118
1.073530e-06 1
5.242553e-06 125
1.167106e-06 7
3.157741e-06 30
3.843552e-06 4
8.699831e-06 1
1.167348e-05 52185
2.790867e-06 1
1.188081e-05 4
8.526413e-06 1
2.278756e-05 117
1.902909e-06 28249
1.306708e-06 3
1.879137e-05 2
2.777007e-06 24
1.867955e-06 1
2.855345e-07 7
1.008108e-06 3
5.779945e-06 3
1.539869e-05 4
1.852346e-06 1
9.335557e-06 1
2.429105e-05 330
4.859438e-07 280
3.903816e-06 1
4.525430e-06 1
5.418363e-05 1
6.796028e-05 1
9.022871e-06 1
4.110479e-06 238
5.589807e-06 1
1.559558e-05 137
7.608948e-06 2
8.706125e-06 1
1.516770e-07 1
5.382272e-06 113
3.493756e-06 277831
3.284827e-05 1
1.769282e-06 1
9.432717e-06 3
4.737758e-05 1
3.448747e-06 1
2.261113e-05 128
6.946228e-06 6
5.436034e-06 1
1.721933e-05 1
2.161309e-05 246
1.785595e-06 3
4.656055e-05 192
8.907554e-08 1
6.568958e-05 2
9.267866e-06 3
9.961152e-06 2
6.787544e-06 1
1.193900e-05 1
4.031897e-07 7
9.267322e-06 1
1.939159e-05 1
1.474946e-05 2
3.815887e-05 210
5.033834e-06 588
8.336805e-06 1687
6.501798e-06 5
2.637203e-05 1
5.916829e-06 3
9.618050e-06 1
1.334715e-06 3
5.998711e-06 218
5.478510e-07 189
7.051522e-06 12195
1.357477e-05 1
3.264306e-06 3
2.328477e-07 160
2.693751e-06 1
2.947088e-05 1
5.958001e-06 30352
2.392370e-07 163109
1.269203e-05 1
2.112227e-07 2
1.719023e-07 1
2.827657e-06 33
1.794210e-05 1
4.388273e-06 1
2.713776e-05 1
1.983312e-05 1
2.171167e-05 1
8.084059e-06 1
1.146486e-05 5
1.217746e-05 2
6.645447e-06 1
1.141252e-07 6
4.205811e-07 6
5.175315e-06 1
1.616025e-06 1
1.358196e-05 2
8.998969e-06 1
3.802983e-06 3
4.065916e-06 2
1.936218e-05 6
6.776530e-06 1
1.510277e-05 3
6.777627e-06 2
1.167072e-05 1
5.826875e-06 1
3.031295e-05 1
5.220209e-05 1
4.776632e-06 3
7.006697e-06 2
6.786326e-07 28
5.003966e-06 3
2.972704e-05 2
2.383596e-05 1
5.098733e-06 165
9.968819e-06 1
4.414606e-06 2
2.024869e-06 1
4.951436e-06 233
4.455122e-05 75
6.613247e-06 6
1.133721e-05 2
7.510783e-06 1
8.261151e-06 250
2.031942e-06 1
4.941227e-06 7
7.867252e-06 94
1.995560e-05 1
2.160752e-06 20102
8.700652e-07 6
1.725524e-05 7
1.548094e-06 1
2.101657e-06 3
1.583245e-05 1
1.543853e-05 2
4.914840e-06 2
4.960279e-06 1
1.675400e-06 1
4.740118e-06 1
5.534509e-06 1
2.223853e-07 3
1.013942e-07 55752
1.494292e-05 6
5.071556e-06 4
1.153717e-05 1
1.216563e-08 201
5.688127e-06 24353
8.479829e-06 1
7.999388e-06 2
1.408666e-06 1
2.396414e-06 2
2.157461e-05 1145
6.312119e-06 1
2.489298e-06 149
6.839450e-06 1
2.052521e-05 1
2.106911e-05 31616
3.476464e-05 114
7.518636e-07 1
2.139929e-05 1
2.638625e-06 1
3.062670e-05 3
1.536889e-05 3
1.421928e-05 2
1.348701e-05 1
2.868566e-05 1
2.179660e-05 1
1.667501e-05 1
1.964993e-06 1
7.571596e-06 1
4.558806e-06 5
5.988681e-06 1
7.569636e-06 133
9.452652e-06 1160
2.352568e-05 1
5.978246e-07 387
1.161792e-06 238
5.976451e-07 1
1.213365e-05 1
1.187955e-05 1
1.122422e-06 7
5.602685e-05 2
1.127841e-05 8597
1.266880e-05 1
2.985077e-05 1
1.594617e-05 2036
1.271406e-06 2
7.305878e-06 1
5.975874e-06 3
2.999039e-05 1
5.770733e-06 1
1.143607e-06 1
5.396239e-06 1
4.978804e-06 5
1.236449e-05 1
1.956760e-06 5
4.217668e-06 3
1.289147e-05 1
1.487385e-05 1
3.861719e-06 1
1.375119e-06 1
4.088793e-07 1
7.260131e-06 2
4.693877e-07 1
1.084869e-05 51
4.121830e-05 1
4.025523e-07 1
6.183483e-06 1
4.142968e-06 1
1.882072e-05 1
3.363781e-06 1
3.058021e-05 1
1.670465e-05 1
1.939692e-07 42
4.356843e-05 166
8.026407e-07 3
1.124258e-05 1
2.147778e-05 2
4.007230e-05 1
1.856213e-05 1
4.197095e-06 1
4.307490e-06 7
5.004178e-06 6
8.550240e-06 1
7.674768e-06 3
9.922456e-06 1
2.517474e-05 1
2.779832e-06 23
2.644586e-05 1
3.564377e-07 6
2.173953e-07 2
7.917045e-06 1
1.188482e-05 881
2.619884e-06 1
1.799714e-05 1
3.852954e-05 1
9.765078e-06 84
2.783824e-06 1
3.391188e-06 1
1.745901e-06 5
1.613478e-06 1
8.765552e-06 1
1.511111e-05 4
1.036893e-05 3
1.116282e-05 1
6.072238e-06 4
1.522263e-09 3
1.877366e-05 1
1.050785e-05 2
1.285015e-05 1
6.116189e-06 251214
7.020434e-06 4
1.282179e-05 2
1.296280e-05 1
2.270435e-05 488
2.346574e-05 3
7.402974e-06 7
1.990082e-06 1
1.337362e-05 1
9.704127e-06 3
6.029529e-06 1
3.607108e-07 6
2.839196e-06 2
5.766829e-06 2
6.186592e-06 5
1.147650e-05 1
2.033957e-06 7
1.250040e-05 1
5.931216e-06 2
1.930087e-06 1
8.959052e-06 2
8.878872e-06 1
1.240001e-05 1
2.985285e-06 1
2.366276e-06 1
7.755468e-06 1194
5.112376e-06 1
2.683442e-06 1
2.465634e-05 253
7.071675e-06 1
1.173427e-05 174
4.379998e-06 1
9.206423e-06 1
1.913383e-05 343
5.262853e-06 45729
7.608385e-06 1
1.005894e-05 7
8.377332e-06 145
1.159256e-05 1
6.951335e-07 2101
2.407013e-05 1
2.898346e-05 117
1.388023e-05 1
3.186013e-07 1
2.490846e-06 1
6.263260e-06 3
1.302327e-05 1
5.171852e-05 6
1.648759e-06 1
1.526238e-05 41
1.112386e-05 3
1.025215e-05 1
2.361686e-05 1
3.099069e-05 3
1.450471e-05 2
4.707908e-05 1
5.634550e-06 260
2.137427e-05 1
2.935390e-06 3
2.008126e-05 1
6.079808e-06 1
3.138226e-05 1
5.132165e-06 129
1.157970e-05 1943
3.099785e-06 76
2.483779e-06 7
2.795927e-05 4
5.766533e-06 4
1.587212e-05 7
1.503291e-05 1
1.454106e-05 1
4.076432e-06 1
8.422571e-06 135
1.003149e-05 2
3.158482e-08 3
5.278798e-06 1
3.000887e-05 1
7.557057e-07 3
1.964630e-06 1
2.027077e-05 2
5.780392e-06 1
2.163900e-06 1
2.473892e-05 1
1.507504e-06 105
1.246709e-05 1
4.223528e-06 1
5.399327e-06 1
1.293604e-06 1
3.624035e-05 3
2.750725e-06 2
1.218602e-05 3
3.689383e-05 1
1.426215e-06 216
2.634237e-05 2
4.457410e-06 1
6.035899e-06 3
9.566416e-06 1
1.965237e-05 1
7.309636e-06 1
4.223784e-06 1
5.010590e-06 1
1.047956e-06 4
3.120799e-06 230
2.189956e-06 121
1.440620e-05 252
2.685644e-05 228
5.272613e-06 1
8.853809e-06 1
5.090803e-06 4
1.946563e-06 3
8.918372e-06 1
1.620029e-06 1
1.264068e-05 1
6.121989e-06 1
1.056874e-05 2
1.355785e-05 1
1.150822e-05 2
4.926362e-07 1
2.256464e-05 1
8.215066e-06 1
4.283234e-05 3
6.999775e-08 2
8.466338e-06 4
3.015398e-05 1
5.303595e-06 7
5.817106e-06 1
1.727319e-05 7
9.496032e-06 663
8.823049e-06 1
2.781171e-05 1
4.769472e-07 1
2.375876e-06 2
9.426171e-07 1
3.431726e-06 4
1.473092e-05 78
1.771066e-07 1
2.968405e-06 1
2.019240e-05 1
2.380219e-06 161
6.255140e-06 4
1.166078e-05 1
2.601988e-06 1
1.423963e-06 301398
6.667887e-06 1
2.128969e-05 7
8.212548e-06 1
6.594812e-06 1
6.766890e-06 1782
1.596912e-05 2
1.889334e-05 25
1.069982e-06 5
4.249574e-06 3
1.887850e-06 97
1.059844e-06 1
1.262141e-06 1
2.357268e-05 1
1.081584e-05 2
5.735083e-06 1
2.346209e-05 77
3.102535e-05 3
4.266495e-06 3
2.265218e-06 1
1.093262e-05 1
1.634201e-05 3
1.137887e-05 1
7.473065e-06 1
2.256292e-06 3
1.313708e-05 1
7.485821e-05 1
4.568937e-05 2
5.263204e-06 39
6.170629e-06 6
1.504095e-05 1
1.252078e-06 1
9.455039e-06 35
4.811217e-06 32
1.437192e-05 1
1.564503e-05 1
3.284045e-06 1
2.377635e-06 189
4.163210e-06 1
1.675803e-05 3
9.757292e-06 3
8.387257e-07 1279
8.804312e-06 1
1.335392e-05 2008
8.416796e-07 1
4.766739e-07 1
2.445652e-05 2
3.532763e-06 1
1.083512e-05 3
2.318680e-06 1
2.820998e-06 1
2.577171e-05 1
1.328100e-05 3
6.133712e-06 1
1.135523e-06 34
4.576752e-06 1
2.434718e-05 1
3.188528e-07 1
1.237386e-05 3
3.839142e-05 2
5.598959e-05 3
3.726645e-06 1
8.091003e-06 1292
1.036278e-05 1
1.198805e-05 1
3.147599e-05 1929
8.907339e-06 2
1.412537e-06 1
3.754393e-05 3
3.150745e-06 25023
2.324446e-05 1
3.376913e-05 4
3.535162e-05 2
3.039721e-06 3
1.312511e-05 3
5.011968e-06 1
1.339821e-05 3
8.853376e-06 3
1.072822e-06 1
2.131207e-05 160
1.500333e-05 3
4.240598e-06 1
7.931440e-06 7
3.355696e-06 3
7.506439e-06 121
2.456894e-06 7
3.335339e-05 3
5.264865e-06 1
3.213172e-05 3
5.435727e-06 1
8.138606e-08 1
1.796898e-05 1
3.887216e-05 38
7.984366e-06 1
1.080482e-06 216
7.700379e-06 172216
2.851847e-06 213
6.109960e-07 1
6.996276e-06 1
1.462018e-05 1
2.815289e-05 1
1.749988e-05 2
8.248209e-06 815
1.305795e-05 1
1.840706e-06 194
6.374394e-06 872
2.341922e-06 1
7.408060e-06 63
1.107861e-05 1
1.779290e-05 3
9.920218e-06 275243
1.485048e-05 1550
2.347512e-07 5
1.883432e-05 1
1.495473e-06 163
7.227278e-07 1
2.007366e-06 1
3.034264e-06 3
2.254704e-05 25
1.307142e-05 1
2.064723e-07 1
4.750037e-06 103
1.379605e-05 1
8.104222e-06 1
6.093849e-06 1
1.338396e-05 1
1.558343e-05 1
2.512560e-05 1
2.555311e-05 261
2.880540e-05 2
1.087179e-05 1
2.392341e-06 1
2.526778e-06 56317
7.468065e-06 1
1.288341e-06 1
2.200818e-05 2
2.559933e-05 1283
4.822204e-06 2
1.953396e-06 1
2.482202e-05 1
1.416108e-05 1
1.550470e-05 3
9.600402e-06 1
4.576917e-06 66512
2.523441e-05 35
8.920238e-06 3
2.183208e-05 5
7.185462e-07 1
5.744747e-05 3
1.720303e-05 1
4.453482e-06 2
3.527678e-06 2
7.811254e-06 1
9.868257e-06 145
2.609301e-06 1
2.217403e-05 22
3.597226e-07 1
1.837502e-05 1
3.207823e-06 3
5.864222e-06 3
1.777308e-05 4
1.062916e-06 250
1.972330e-06 39
2.094362e-06 3
6.616307e-07 4
4.224219e-05 1
1.650865e-05 1
1.614770e-05 1
1.831607e-06 5
1.553581e-05 117
9.859018e-06 1
8.072385e-06 3
1.974705e-05 1
2.040170e-06 121
5.571461e-06 10386
6.094643e-05 1
2.017471e-06 7
8.519242e-06 222
9.808734e-06 1
1.831098e-05 6
8.537712e-06 1
5.096634e-06 1
9.147859e-08 5
4.887283e-06 1
2.056518e-05 2
1.511827e-05 1
3.843288e-05 232
9.503535e-06 1
7.283097e-07 1
7.207482e-06 1
6.805752e-06 1
2.370173e-05 412
6.204552e-06 165
3.956989e-06 1
9.601265e-07 7
2.541524e-05 2
1.891678e-06 1
1.019180e-05 2
8.200272e-06 1
8.768487e-06 1
1.186687e-05 72
1.097023e-05 5
1.634870e-06 1
6.665956e-06 1
1.081941e-05 688
3.143230e-05 1
1.015651e-05 173
1.631279e-06 1854
5.888139e-06 6
2.333329e-05 1
1.053052e-05 3
2.727683e-06 1
2.636202e-06 6
4.520137e-06 2
1.180226e-05 1
7.458934e-07 28
5.363232e-06 2
6.177489e-06 509052
5.686987e-06 1
2.416715e-05 1
7.325499e-06 1
3.534829e-06 1
4.747511e-06 3
5.049781e-06 1
5.532251e-06 1
1.379141e-06 3
8.009316e-06 1
1.680875e-05 1
6.625826e-06 1
4.379690e-06 1
3.109282e-05 5
6.144394e-06 1
1.299018e-05 7
2.337739e-05 1
9.998245e-07 5
9.136459e-06 893
2.140633e-06 1
6.285863e-05 1
1.344014e-05 1
3.831575e-06 1
1.401791e-05 1
7.964375e-06 1
1.142676e-05 2
2.749514e-05 14
2.607800e-06 5
2.939880e-06 1
7.635678e-06 1
1.306359e-05 1
2.915682e-05 1
3.083598e-05 2
6.386781e-06 1
1.910374e-05 5
1.049272e-05 1
3.089981e-06 5
3.121178e-06 1
6.946420e-06 3
1.483573e-05 6
1.450278e-05 2
3.702087e-06 1
2.845961e-05 1
3.528391e-06 1
1.023232e-07 242
5.397834e-07 8001
5.722954e-06 3
2.529757e-05 1
3.581466e-06 107
3.822523e-05 1
7.432932e-06 6
1.776115e-07 1
5.234046e-06 2
7.417618e-07 3
2.472060e-07 127
1.915970e-06 194
2.927239e-05 273
2.723265e-05 2
5.373411e-07 3
1.134886e-05 1333
5.648066e-06 256
1.508691e-05 1
1.677018e-05 1
2.077516e-05 1
3.233589e-06 1
6.601072e-06 1
1.252335e-05 7
1.820173e-06 1
4.110660e-05 1
