2.422185e-04 1
9.082592e-05 1
2.061998e-04 3
8.631085e-05 2049
5.305636e-04 2
3.076498e-05 1
3.229263e-05 1
8.893082e-05 2
6.077734e-05 3
5.199775e-05 3
9.955953e-05 7
3.342894e-04 1
3.242285e-04 1
1.806280e-04 1
5.249543e-04 1
1.258955e-04 1
9.904232e-05 1
5.743514e-04 1
4.221893e-05 51
3.464751e-04 3
2.007737e-04 17
7.509633e-05 1
3.024747e-04 5
4.396034e-05 1
3.323482e-04 1
3.834192e-04 7
4.028147e-05 1
3.802604e-04 4
7.243753e-04 1
4.468155e-05 1
7.932668e-06 1
2.886608e-04 15
1.227656e-04 2
5.893453e-05 6
6.355170e-05 42757
2.257178e-04 27
1.268048e-04 2
7.619100e-06 574
1.781755e-04 1
6.477396e-05 2
1.070582e-04 35036
1.444183e-03 1
9.794617e-05 3
2.063437e-04 7
7.375138e-05 3
3.916847e-04 38383
1.532458e-04 1
9.000155e-05 5
5.004654e-04 108
5.735049e-04 1
6.710774e-05 1
9.449569e-05 1
7.520871e-04 261
2.609017e-04 1
1.415576e-04 3
2.922083e-04 1
1.863379e-05 1
1.849398e-04 1
3.568236e-04 1
1.690536e-04 7
3.403850e-04 6
4.635656e-04 2079
1.609532e-04 1
8.592707e-05 1
5.606269e-04 2
1.451834e-05 1
3.736276e-04 3
1.253943e-03 40679
1.959991e-04 7
1.645249e-04 1
7.646757e-05 6
2.813958e-04 1
1.954575e-04 3
5.866248e-05 1
1.989727e-04 2
1.701989e-04 1457
1.035018e-04 1
3.569571e-05 51015
1.588885e-04 1
5.124632e-04 1
3.774636e-06 2
9.345962e-05 233965
2.026242e-04 20
7.925922e-05 1
4.161618e-04 1
1.280435e-04 1
2.882609e-05 7
2.704617e-04 1
5.820936e-04 31094
7.426586e-05 1
3.998641e-04 1
1.213765e-04 1
5.882031e-05 1
1.587832e-04 1
2.428670e-04 1
1.184057e-04 3
1.010559e-04 1
3.687678e-04 107
1.090852e-04 159
2.196564e-04 1
7.592187e-04 2
9.405518e-05 6
4.821701e-04 1
1.521672e-05 3
9.054649e-05 1
4.032709e-04 3
3.087497e-04 1
1.502279e-04 2
1.527460e-04 1
6.485515e-04 1
1.830416e-04 1
2.368028e-04 1
7.145015e-05 5
4.773107e-05 114
8.781959e-05 817
2.067638e-04 1
6.519054e-05 1963
1.353722e-04 1990
2.076163e-04 2025
2.877891e-04 1
1.575331e-04 3
2.054901e-05 1
1.845861e-04 238
1.848104e-05 1
1.868061e-04 1
1.272225e-05 1
4.639905e-04 1
5.506438e-05 1
8.079160e-04 3
3.206934e-05 2
3.060307e-04 1
2.619844e-05 1
3.309451e-04 52653
1.568913e-05 1
2.616038e-04 1
1.067173e-04 2
7.007322e-05 1
3.904743e-04 3
2.704561e-04 1726
3.516083e-05 1
9.281938e-05 1
9.674682e-05 1
4.222387e-05 2
6.970478e-05 6
1.518893e-04 214
1.056632e-05 219
5.944865e-04 3
1.243975e-04 1
3.969308e-05 1
2.947021e-04 1
8.970110e-05 1
2.261089e-04 1
3.877445e-04 2
2.156053e-04 1
1.315124e-04 1
7.235000e-05 1
1.452480e-04 3
1.828770e-04 3
6.860501e-05 1
4.331119e-04 2
1.269271e-04 1774
1.856578e-04 3
5.961267e-05 1
6.138664e-05 1
1.594431e-04 1
3.892243e-04 7
2.631489e-04 1
5.074763e-05 4
7.332053e-04 43
1.451676e-04 1
6.562886e-05 3
1.709257e-04 1
4.591484e-04 1
7.034497e-04 1
9.037761e-05 1
1.418206e-04 1
9.557490e-04 1
6.384603e-05 1
5.430601e-04 1
3.108759e-05 60437
2.080469e-05 123
3.135826e-04 2
2.366417e-04 225
2.042557e-04 1
1.227592e-04 1
3.770383e-04 1
1.449360e-03 2
4.872916e-04 1
2.736162e-05 2
2.883183e-06 3
3.856334e-04 1
5.397306e-04 351
4.528915e-05 1
3.105131e-05 1
1.186280e-04 1
1.348786e-04 1641
2.282421e-04 1
2.972717e-04 18504
4.705131e-05 1
1.210128e-05 3
1.042747e-04 1803
7.866064e-05 1
9.610376e-04 1
2.452783e-04 6
2.033743e-04 1
1.164543e-04 2
3.431076e-04 5
1.960459e-04 43391
1.736200e-04 1
1.305441e-04 1
1.161941e-04 267
1.112891e-04 1
3.422261e-04 37
4.374813e-04 1
4.421533e-05 1
1.470247e-04 1
6.475602e-05 1015
4.247614e-06 1
4.146719e-04 1
4.660651e-05 142
3.794627e-05 1402
1.276159e-04 2
3.849977e-04 1
1.345292e-04 1
2.588937e-06 6
1.071787e-05 1
1.154315e-04 1
5.145593e-04 1
5.398642e-05 7
1.030256e-04 1
5.727570e-04 1
1.662192e-04 93
4.246411e-06 21
6.742406e-05 1
8.942466e-05 1
2.672209e-04 1
1.049155e-04 2
2.195893e-04 1
1.375640e-05 6
4.563505e-05 1
1.632241e-04 6
1.276445e-04 1
3.421610e-04 1
7.602877e-05 1
8.115392e-05 2
8.787068e-05 1
5.200007e-04 2
8.427005e-05 84
3.515723e-04 2
3.507030e-04 1
4.207134e-04 1
9.320529e-05 3
2.474144e-04 1
2.287756e-04 7
2.919770e-04 4
2.522416e-05 647
5.611487e-05 1
1.746314e-04 1
1.548530e-04 1
2.479042e-05 56
9.496300e-05 35261
1.042311e-03 4
9.791968e-05 1
2.774785e-04 1
3.238284e-04 6580
4.106135e-04 2
2.507518e-05 196
7.837376e-05 1
3.418537e-04 1
3.254361e-05 1
1.214929e-04 1
7.448975e-05 3
2.087781e-04 2
2.126621e-04 31
6.308407e-04 1
4.004927e-04 58889
1.259685e-04 152
5.553734e-04 193
9.361402e-06 1
1.361845e-04 3
5.078544e-04 1
3.091477e-05 1
2.420381e-05 2
1.412627e-04 1
2.097621e-05 1
3.274824e-04 1
1.414705e-04 1
2.448713e-04 1
1.131109e-04 5
2.235503e-04 7
6.246112e-04 1
8.311728e-06 1
1.544903e-04 238
5.813897e-05 1
2.920830e-05 1
1.142167e-03 4
6.789052e-05 228
1.306336e-04 1
1.693509e-04 1
7.151949e-04 1
5.318191e-04 3
1.113707e-03 14094
2.711080e-04 209
7.646820e-05 1
1.206925e-03 1
3.006160e-04 4
1.789337e-04 75
6.412573e-04 4
5.559491e-04 5
2.581293e-04 2
5.185981e-04 3
5.882277e-05 1
3.616967e-05 1
5.374751e-04 1
1.166866e-04 3
3.446913e-04 1
3.420671e-04 1
1.595554e-04 2
4.977651e-04 1
2.786820e-04 1
2.216548e-05 3
1.817909e-04 3
1.934090e-05 1
1.421334e-05 5
9.747052e-04 3
9.457658e-04 1
2.861208e-04 1
9.685186e-05 3
3.474567e-05 1
1.783607e-05 1
1.501113e-04 1
4.830135e-05 4
2.718739e-05 11355
1.456129e-03 148
3.423467e-04 51
1.993117e-04 6
1.016776e-04 1
3.601912e-04 3
8.909592e-05 238804
9.801817e-04 2
3.159818e-05 3
9.723194e-05 4
3.654562e-07 1
9.690965e-05 1
4.690405e-05 1
1.189089e-04 1
7.978681e-05 4
1.322510e-04 171
3.513460e-04 1
1.445270e-04 3
4.206958e-04 1
1.306577e-04 1
1.696495e-04 6
9.375818e-05 1
1.692323e-04 49182
1.632875e-04 1555
6.849322e-04 3
9.293469e-04 5
7.954692e-05 7
1.118694e-03 2
2.387999e-04 1
6.430305e-04 6
1.243160e-04 2
2.482634e-04 17419
9.432138e-05 55
1.736378e-04 1
1.479099e-04 1
4.244435e-04 1
1.998999e-05 1627
5.291278e-04 3
4.344445e-04 1
1.604328e-06 1
3.700953e-04 1
8.146697e-04 212
1.826230e-04 2064
2.970231e-04 3
2.300695e-04 1
1.878742e-04 1
3.673521e-04 299
4.401610e-05 1
3.080346e-04 1
3.190685e-04 3
3.907070e-04 2
6.715220e-06 3
1.975623e-04 1
7.146786e-05 1
3.569838e-05 1
7.266623e-04 3
1.494309e-04 1
2.690095e-04 1
8.491701e-05 3
3.555640e-05 2
1.528174e-04 3
1.687589e-04 1
1.820380e-05 1
2.322994e-04 1
9.676508e-05 1
3.247609e-05 1
3.849027e-05 1
3.009798e-06 4
4.207231e-04 3
2.680761e-04 2088
9.279236e-06 3
6.910510e-05 1
3.277608e-04 1
7.356579e-04 142
1.429591e-04 155
4.717374e-04 221
6.201149e-04 1
1.960233e-05 1
3.609147e-05 2
5.285532e-04 3
6.098804e-04 1
1.418663e-04 1
1.417292e-04 2
4.921646e-04 3
1.413358e-04 1
1.510540e-04 1
2.657473e-05 1
4.113403e-04 1
7.923882e-05 1
1.164820e-04 1
2.790465e-04 1
2.232260e-04 1
1.737817e-04 1
8.078118e-05 1
1.378477e-04 1
1.991696e-04 2
2.291202e-04 1
4.135090e-04 1
2.216785e-04 3
2.116674e-04 3
2.177022e-06 2
1.766452e-04 43480
3.446890e-04 1
8.142412e-05 1
4.752135e-04 2
7.587665e-04 185
3.521543e-04 1
7.915096e-04 1
3.443943e-05 5
4.193284e-04 1
4.899144e-05 1
1.107400e-04 1
1.659657e-04 2
4.870409e-04 1
2.669339e-04 741
1.515875e-05 2
8.382941e-05 2
2.706497e-05 1
6.804456e-04 1
2.684871e-04 2
5.858204e-04 3
3.038639e-04 1
1.477537e-04 3
2.732306e-04 1
9.942315e-05 1
5.444415e-05 1856
6.191193e-05 1
1.225432e-04 6
2.723319e-05 2
1.315658e-04 2
2.589180e-04 1
7.602668e-05 1
3.475465e-04 1
2.463661e-05 1
3.542704e-05 627
5.097382e-07 1
4.922550e-04 1
1.356792e-04 39961
4.014488e-05 1
5.814763e-04 1
5.510824e-05 157
3.994953e-05 442
7.744005e-05 1
1.468942e-04 1
5.944339e-04 1
1.055909e-05 234
4.475959e-05 7
4.181572e-05 1
1.563712e-04 6
1.074405e-03 1
1.376798e-04 1
3.989377e-04 3
4.834456e-04 3
9.304109e-05 211
2.059872e-05 1
2.243530e-04 1
3.707444e-05 1
2.005482e-04 1
6.234984e-04 4
1.709998e-04 5680
2.356451e-05 2
3.110736e-04 1
3.597157e-04 3
8.691734e-05 57
2.273297e-05 1
1.192849e-04 274
1.905268e-04 184
1.064684e-04 1
2.182564e-04 1
1.800613e-04 7
4.427938e-04 110
9.259806e-05 1
1.118311e-04 1
7.936381e-06 1324
1.102272e-04 3
1.825711e-04 1
1.749985e-04 1
4.681582e-05 1
1.902880e-05 2
9.733282e-05 56622
1.982201e-04 1
2.721336e-04 7245
8.917136e-05 1
1.013750e-04 1
2.492927e-04 1
3.811082e-06 1
2.712795e-04 1
3.750205e-04 1
1.097193e-04 1
1.488546e-04 5
1.509919e-05 2
4.157246e-04 1
4.638228e-04 1
2.050818e-04 1
5.782839e-04 1
3.830806e-04 27005
1.914692e-04 2
5.567894e-04 1
1.997299e-05 43602
2.913559e-04 1
6.069510e-04 1
2.648715e-06 2
5.756267e-04 1
4.232720e-04 1
7.204174e-05 1
1.096867e-04 225
6.907735e-04 1
1.032268e-04 1
7.309775e-05 1
4.626917e-04 225
3.070336e-05 2
1.508353e-04 1
4.621795e-05 155771
4.063812e-04 1
2.122509e-04 2
5.142762e-05 1540
1.868180e-04 50
3.840213e-04 1
5.115114e-06 1
1.878413e-04 3
1.096434e-04 2
1.410030e-04 1
1.560765e-05 1
1.108874e-04 1342
2.405742e-04 175
2.255492e-04 2
3.419762e-04 2
3.135428e-05 3
3.305253e-04 222
9.133375e-05 228
7.047787e-04 62217
4.123686e-04 1
4.204229e-04 1
9.715819e-06 1
6.651894e-05 1
2.374782e-04 1
2.976838e-04 1
2.661035e-04 6
9.008221e-06 1
1.337369e-04 1
1.478274e-03 1
1.762120e-04 1
9.366525e-05 1
5.007666e-04 151
6.536130e-04 1247
3.765280e-05 3
7.564034e-04 944
1.384454e-04 1
2.200012e-04 33021
3.164604e-04 1387
4.236047e-04 1
1.295386e-05 1
2.919401e-04 1
2.126474e-04 246
3.329179e-04 3
1.702034e-04 1
3.852792e-04 1
2.958749e-05 7
6.854902e-05 49
2.402516e-04 610
9.170588e-05 1
4.870580e-04 1
1.192761e-04 96
1.154196e-04 3
3.944235e-04 3
1.036700e-04 1
6.349618e-07 3
3.706451e-04 764
2.244177e-04 1
1.515427e-04 7
9.912009e-04 1
6.721116e-06 1
7.093704e-06 1
8.030867e-04 3
1.231858e-04 1
1.163257e-04 3
6.646210e-05 258
3.428955e-04 2
4.330934e-04 1
2.185172e-04 1
2.081456e-04 4
2.346755e-04 149
5.170190e-05 1
1.132792e-04 2
3.797541e-05 189
2.599516e-04 1
1.791194e-04 3
3.757805e-04 201
3.253109e-04 3
2.811545e-05 1
1.573071e-04 1
2.940430e-04 1
9.281572e-06 1
4.190556e-05 7
3.305390e-04 265
2.158859e-05 1
5.551862e-05 1
1.274723e-04 183
4.663097e-04 140174
1.119141e-05 3
4.324624e-04 1
6.067126e-04 242
8.423262e-05 3
4.529561e-04 131
2.630209e-04 5
1.330438e-04 207
1.287705e-04 1
2.239634e-04 3
6.323354e-05 5
1.399191e-04 3
3.195665e-04 4
5.154389e-04 1
1.508455e-04 2
3.292141e-04 1
2.276248e-04 1
3.439732e-04 1
9.272575e-05 5
1.624936e-04 1
8.952422e-05 24052
1.207596e-03 4
1.299435e-04 1
5.714104e-04 1
3.269278e-04 1
2.022881e-04 180
9.664997e-06 7
6.523957e-05 3
1.195793e-05 1
1.304801e-04 1
1.327777e-04 5
2.776209e-04 1
2.983916e-04 46
4.457841e-05 1
3.161349e-05 140
6.654874e-04 2
5.970819e-05 3
3.784956e-04 1
3.934097e-05 4
2.070085e-04 2
6.109628e-04 1
9.657440e-04 1764
3.340004e-04 3
3.916925e-04 1
1.372099e-03 122
2.010325e-05 1
2.912330e-04 2
1.141428e-04 199
1.415965e-05 1
9.665637e-05 16107
3.013592e-04 1
1.580012e-04 7
5.640455e-05 1
3.814158e-04 1
3.751224e-05 1
1.776012e-04 1
2.630730e-05 1
6.297597e-05 2
7.660419e-05 1
7.147482e-04 3
1.263793e-04 134
4.575716e-04 1
1.981355e-05 7
9.687074e-05 1
2.602321e-04 1
1.402104e-04 3
2.047926e-04 179
2.796978e-04 2
1.245504e-04 1
6.103825e-05 2
7.812485e-04 171
2.454742e-04 178
6.637969e-04 1
2.737935e-06 1
4.944369e-05 2
4.462228e-04 1
4.916219e-04 1
6.149388e-04 1
5.434494e-04 239
3.262120e-04 18883
3.789021e-04 148
1.089834e-05 1
8.206710e-06 51
8.746307e-05 2
1.445156e-04 4
4.472387e-04 1969
5.017953e-05 1
2.609854e-05 1
1.386895e-04 17
5.849890e-05 1
5.959071e-05 1
1.121279e-04 1
3.539152e-05 633
8.216376e-05 3
8.088591e-05 6
2.724945e-04 31
6.959201e-04 526
1.005819e-03 1
2.685592e-04 6
1.089883e-04 1
4.154448e-04 1
1.262325e-04 1
2.496719e-04 6
3.167023e-04 1
1.857603e-04 3
1.441054e-04 1
7.934777e-05 92
1.028511e-04 2
2.356231e-05 1
2.398671e-04 2
2.541870e-05 34566
1.314008e-04 1
4.792831e-04 7855
8.019062e-06 6
2.580692e-04 3
1.025776e-03 1
2.558511e-05 1
2.988016e-04 1984
1.986904e-04 1
8.764085e-05 2
5.787888e-06 100
1.801869e-04 267
4.807784e-05 1
9.201741e-05 1
1.651486e-04 3
1.091963e-05 1
6.526098e-04 1
4.335583e-06 1
2.729401e-04 72
5.665056e-04 1
8.684716e-05 6
1.180841e-04 1
2.240724e-04 2
1.197583e-04 1
2.978817e-04 1
3.085318e-04 608
1.901782e-04 1
5.951714e-05 1
9.002305e-05 1
2.084983e-04 1
6.394494e-04 1
9.369311e-06 1
5.974140e-05 2
1.835136e-04 1
2.383541e-04 1
3.826573e-04 1
5.913253e-05 2
6.638945e-05 173
1.596421e-04 3
4.954093e-05 5
6.265877e-06 2
6.958664e-05 3
3.446640e-05 7
2.201985e-04 1
3.024633e-05 4688
4.860793e-04 1
1.415509e-04 1
1.459655e-04 1
7.721352e-05 5
6.062329e-04 3
1.258538e-04 1
1.961481e-04 1
7.034835e-05 1
3.302039e-04 2
3.637500e-04 3
3.520563e-05 289311
1.542030e-04 211
2.533088e-04 1
1.272582e-04 256
1.182342e-04 609
1.817061e-04 1
9.744627e-05 96
3.322571e-06 1
4.732054e-05 18
8.686343e-04 1
7.589972e-05 1
1.507178e-05 2
4.817986e-04 1
1.251840e-04 1
9.439452e-05 1
2.353123e-05 187
4.527435e-04 1
2.825354e-05 7
8.947480e-05 1
1.770866e-04 1
3.731513e-05 1
3.971337e-04 1
4.045681e-04 1
1.484534e-04 1
1.213825e-05 1
1.635569e-04 1
1.287358e-04 1
1.146777e-03 1
1.073659e-05 3
2.134572e-04 1
4.536157e-04 3
3.165427e-04 4
1.013174e-04 59631
5.962960e-04 1
1.680004e-05 234
1.811468e-05 1
5.626500e-04 4
5.966896e-04 1
9.182284e-05 1
2.257906e-05 6
6.334150e-05 34
1.528038e-04 2
2.061979e-04 2
8.876895e-04 1
8.172948e-05 310652
1.041831e-03 1
3.048898e-04 7
2.469582e-04 4
6.232070e-04 1
5.423465e-04 2
5.222587e-06 1
2.968016e-04 1
4.480935e-04 39429
6.893008e-04 1
8.187534e-05 2
3.150537e-04 3
3.290383e-04 309
1.166900e-04 1
1.023888e-04 1
4.490515e-04 1
2.599401e-04 6
1.014070e-03 161
1.534262e-03 1
2.260814e-04 3
6.465165e-04 1
5.440669e-04 1
2.691116e-04 1
3.196303e-04 7
3.410033e-05 1
3.390363e-04 1
8.579586e-05 2
2.074558e-04 1
5.680505e-05 2
1.896542e-04 1
9.963024e-05 1
2.095618e-04 1
5.522287e-04 1
1.576847e-04 1
7.429215e-05 1
2.555577e-05 1
1.802785e-05 2
6.010364e-04 1
6.079674e-05 1
3.828126e-04 1
9.718924e-04 2
3.181387e-04 482
1.225924e-04 1
1.132017e-04 1
2.968137e-04 153
7.840927e-04 5
3.253143e-05 2
4.206120e-04 178
4.090874e-04 1
2.245158e-04 148
1.372481e-04 1
3.440587e-04 2
1.921108e-04 1
8.892781e-04 80
5.756210e-05 7
3.904957e-04 71
1.078173e-05 2
5.822175e-05 1
3.048061e-04 1
1.882392e-05 3
8.324759e-04 1
2.752855e-04 1
3.527167e-04 2
3.315606e-04 488493
2.151936e-05 4
5.215585e-04 1
3.296599e-04 4
1.451550e-04 289580
2.519583e-04 1
3.511337e-05 4
6.498768e-04 1
1.518880e-04 2
2.486339e-04 1
1.753029e-04 7
3.104586e-04 6
1.227235e-04 1
3.819996e-04 28967
4.718107e-05 3
1.201823e-05 2
5.979703e-04 1
2.210191e-04 2
1.745610e-05 46774
3.215602e-05 2
4.963812e-05 2
4.832264e-05 1
2.888480e-04 1
1.373383e-04 3
1.577512e-04 1
4.657709e-05 1
4.421309e-04 1
4.889818e-05 336
1.166767e-04 7
1.402947e-05 3
4.164469e-05 2
8.252308e-05 7
3.308991e-05 1
2.625617e-04 3
4.439466e-04 1
2.087359e-04 1
7.483930e-05 1
1.232608e-03 74
4.282853e-05 105512
1.024820e-04 1
5.344593e-04 873
2.159474e-06 2
7.283909e-04 2
6.883032e-05 1
1.915675e-04 1
2.743808e-04 1
2.582627e-04 13
1.114662e-04 1
2.902754e-05 3
1.014916e-05 1
1.964937e-04 102
2.484016e-05 1
6.403117e-05 1
7.238653e-05 1
1.142933e-04 1
8.239834e-04 53449
3.669413e-04 1
4.249371e-04 2
2.625085e-04 1
1.131909e-04 1
9.074060e-05 2
9.484296e-04 2
8.001086e-05 3
1.842874e-04 1
1.840327e-04 1
4.847473e-04 3
3.360700e-04 2
1.848143e-04 3
1.709198e-04 1
5.495674e-06 1
1.233458e-04 17
2.968257e-04 1
3.357563e-04 1
2.628972e-04 1
3.533695e-04 1
9.737935e-05 25
8.381813e-05 3
3.590306e-05 1
1.830002e-04 1
8.013294e-05 2
4.838903e-04 5
2.833419e-04 1
6.517287e-04 7
4.339648e-04 15013
1.625601e-04 1
3.545033e-04 6
7.389087e-05 163
1.919628e-04 1
5.510484e-04 1
8.154047e-05 126
4.476703e-05 3
6.597382e-05 3
4.062490e-05 1
1.321802e-04 1
5.135046e-04 1
6.658372e-04 1
1.214590e-04 6
4.154134e-04 3
1.914678e-04 1
1.113877e-04 238
1.235679e-04 159
3.345931e-04 1
9.849823e-04 1
2.696712e-04 1
1.251821e-04 1
2.744785e-04 6
2.207002e-04 1
2.036471e-04 1
7.738767e-04 1610
1.100860e-04 1
4.322373e-05 1
1.301649e-05 2
2.223140e-06 1
9.231907e-05 1
3.960772e-05 6
4.027927e-04 3
1.286844e-05 1
4.772437e-04 1
1.087923e-06 1
1.155531e-04 1
5.031470e-05 6
1.537336e-04 3
1.725338e-04 5
5.810830e-04 1
3.330591e-04 2
2.833177e-04 3
2.790352e-04 3
2.318319e-04 1
2.409319e-04 1
1.171549e-04 1
5.998824e-05 348
8.629284e-05 1
2.021156e-04 1
4.513854e-04 3
3.907372e-04 2
4.206584e-05 2
6.726763e-04 42815
2.079853e-05 3
1.706828e-04 24923
8.447851e-05 1
1.933179e-04 1
4.316554e-04 1
4.276606e-04 74
4.747242e-04 22365
1.785716e-04 554210
9.722769e-05 2
1.387137e-04 1
9.734610e-05 1
2.088399e-06 1
1.721556e-05 1
1.317997e-06 6
9.945072e-06 7
1.016041e-04 1
1.317006e-04 3
6.305953e-05 1
1.476051e-05 1
3.305574e-04 2
1.619916e-04 2
7.182826e-05 1
2.011113e-05 1
3.144833e-04 1
7.806121e-04 1
3.187536e-05 1059
4.045085e-05 1
3.093670e-04 3
3.669847e-04 1
2.332582e-04 171
3.185100e-04 1
1.686289e-04 5
1.603293e-04 1
7.856371e-04 1
8.923597e-05 5
1.927413e-05 158
3.330803e-04 2
2.088463e-04 5
9.291066e-05 1
2.343120e-04 1
1.487467e-04 300907
4.253804e-04 1
1.692498e-04 1
4.387866e-06 2
1.600353e-04 1
7.839677e-04 2
2.688004e-04 1
3.411949e-04 1
1.043691e-04 1
5.601254e-04 3
2.125188e-05 1
3.141578e-04 3
2.332068e-04 57
2.776908e-05 991
4.057103e-04 1
2.028729e-04 1
2.750777e-04 6
9.395613e-05 1
3.357729e-04 2
2.204942e-04 5
1.209603e-05 3
1.543250e-04 2
3.703366e-05 7
1.962402e-04 1
2.632619e-04 1
3.227302e-04 1
2.105545e-04 1569
8.475140e-04 1
1.457497e-04 1
1.616598e-05 1
3.078291e-04 1
2.052830e-04 1007
8.731608e-05 96
7.718554e-05 1757
3.958770e-04 1
1.610895e-05 1
7.375267e-04 1
7.902388e-05 1
1.040707e-04 134
6.288269e-05 1
2.455408e-04 2
4.747399e-05 1
3.597976e-04 3
4.118814e-04 186
2.316151e-04 80
1.140020e-04 1
6.390540e-04 1
2.280361e-05 1
3.545804e-05 3
8.523942e-05 1390
5.709014e-04 5
6.537159e-04 2
2.899971e-05 1
9.297645e-06 1
5.249821e-04 3
1.789219e-04 3
4.181124e-04 1
6.297921e-05 196
8.609057e-05 3
9.466457e-05 1
1.076230e-04 1361
7.438628e-05 1
8.724437e-06 2
1.115552e-04 1
2.058548e-05 1311
3.411406e-05 3
1.109046e-04 1
1.177055e-04 1
4.322672e-04 1
6.304869e-05 1
5.575007e-04 2
3.756355e-05 4
1.688084e-04 1
1.479103e-04 2
4.885576e-04 1
2.170718e-04 5
4.774368e-04 1
4.960142e-04 6
3.190420e-04 2
2.433092e-04 261
1.204868e-04 3
5.508659e-04 4
2.266511e-05 1
7.302861e-04 138438
1.686537e-05 1
1.177682e-05 1
6.460748e-05 35473
1.038136e-04 3
5.274141e-04 1843
2.384667e-05 1
1.064641e-04 2
2.762514e-05 1
8.220220e-05 3
3.730011e-04 36803
2.555803e-06 1
1.082208e-04 1
1.409367e-05 1
3.572955e-06 1
2.328726e-04 23628
3.611622e-05 11
6.819094e-04 3
8.995330e-05 1
3.455682e-05 1
2.107131e-04 5
2.245228e-04 1
5.561989e-06 1
7.490906e-05 1
2.753535e-05 3
1.132736e-04 1
2.674693e-04 2
3.497699e-04 1
1.685255e-05 1
1.209291e-04 6
1.720112e-04 1
2.366801e-04 1
2.106961e-04 6
1.210908e-05 3
1.520413e-04 1
6.396834e-05 1
8.949734e-06 1
6.468225e-04 7
7.182370e-04 1
3.711546e-04 114
2.769887e-04 7
2.443621e-04 2
6.156910e-05 1
3.074341e-05 1
1.157366e-03 38
1.140237e-05 1046
3.166485e-04 2
3.050139e-04 3
6.932771e-05 1
4.322995e-04 7
4.161655e-05 1
5.949759e-05 1
1.661120e-04 3
1.634334e-04 1
4.178148e-04 1
9.159745e-04 1
5.912644e-04 6148
1.075165e-04 1
2.353957e-05 2
3.799673e-04 1
8.096625e-05 1
7.502269e-04 132
1.810357e-04 1
1.340750e-04 3
1.409086e-04 1
4.830872e-04 1
4.224306e-05 79
3.101478e-04 3
1.243187e-04 181
1.961764e-04 2
5.649384e-04 853
1.054770e-04 135
2.514787e-05 3
7.808487e-04 40287
5.298669e-05 4
9.194967e-05 1
3.971348e-04 1906
1.974422e-05 1
2.408934e-04 202
5.756383e-04 2
3.302501e-04 2
2.779453e-04 1
1.394009e-04 5
2.792679e-04 1
1.180674e-04 2
2.297527e-04 1
6.490000e-05 1
6.397635e-05 39827
4.040942e-05 1
2.867670e-04 1
3.116767e-04 2
6.668303e-04 152
4.903216e-04 57151
1.387703e-04 1
4.270806e-04 1
2.747149e-04 2
4.648915e-05 4
2.998479e-04 2
9.968606e-06 1
2.724575e-04 3
8.839012e-04 694
1.005732e-04 876
2.612924e-04 3
2.900242e-04 3
3.331015e-05 7
2.838552e-05 5
1.173988e-04 1
8.020400e-05 1
6.240157e-04 3
9.566493e-04 1
9.073192e-04 7
2.121076e-04 5
4.308725e-04 81
1.012815e-03 1
1.968037e-04 6
7.524347e-05 1
4.035869e-05 1
2.262036e-04 1
3.117083e-04 1
5.749770e-04 3
4.992355e-05 1
1.890401e-04 179
2.339984e-04 38
3.104666e-05 1
1.985076e-05 2
1.112067e-04 4
1.263705e-04 1
3.674898e-04 4
2.156372e-04 1
3.107446e-05 2016
5.894207e-05 2
2.007286e-04 2
6.785900e-04 4
2.489047e-04 3
8.460663e-05 1685
6.121969e-04 193
1.477996e-04 160
3.534266e-05 1
3.633882e-04 1
1.705070e-05 1
4.441611e-04 50
1.614725e-04 3
1.797266e-04 41
1.038897e-03 1
1.492092e-04 1
5.001807e-05 1
6.660905e-04 1
3.463327e-05 1
4.080814e-04 1488
1.014943e-04 2
1.358021e-04 1
4.546539e-04 1
5.827179e-04 1
8.601165e-05 1
1.728470e-04 1
2.545298e-05 1
1.625512e-04 1
5.046284e-04 3
2.762582e-04 1
8.350089e-05 221
3.506566e-04 94
1.578843e-04 2779
3.070869e-04 1
1.276373e-04 1
2.078295e-05 1
4.946986e-04 105
8.540039e-05 3
1.908894e-04 6
3.154437e-05 1
7.767898e-04 1
3.457010e-04 1
3.882601e-05 3
5.664701e-04 1
9.864675e-05 30922
2.341244e-04 138
1.418375e-04 4
2.880140e-05 4
5.164913e-05 1
3.309887e-04 1
1.384343e-04 48
1.965384e-04 1
2.843296e-04 2
1.123199e-04 1
8.169290e-04 1
8.116043e-04 2
6.272233e-05 1
1.049871e-04 1
4.861521e-04 1441
9.316517e-04 38
5.252875e-05 1
1.821671e-05 229
1.177723e-04 54853
9.686274e-04 1
4.556158e-04 1
9.800383e-05 6
3.060939e-04 1
2.032477e-04 59
5.656640e-05 6
4.305860e-05 2
1.399698e-04 1
9.011693e-04 4
6.925580e-05 1
1.794613e-04 1149
3.000544e-05 1
4.238331e-04 3
5.609412e-04 4004
1.871404e-05 1
4.212837e-05 55167
2.371908e-04 1
1.011821e-04 24769
4.390405e-04 3
6.559487e-04 1
6.196816e-04 1
5.264824e-04 3
1.375357e-05 2
4.256168e-05 1
3.560581e-04 1
4.833377e-04 1314
1.853235e-05 1
4.810155e-04 4
2.940847e-04 2
2.079882e-04 73
1.027469e-04 1804
1.146312e-04 1
8.963698e-05 50110
1.050548e-04 1
5.032322e-04 3
6.537253e-05 1
1.953186e-04 1
1.903641e-05 1
3.157637e-05 2
9.353702e-05 1
8.096639e-04 1
9.577470e-05 1
2.650977e-04 1
2.766773e-04 2
8.259652e-05 756
8.557969e-05 7
1.002300e-04 1939
9.142181e-06 19668
8.529636e-05 2
3.539713e-05 17671
2.232420e-05 42011
2.841186e-04 1
3.252203e-04 2
8.848565e-05 1
1.434079e-04 1
1.344284e-05 1
8.347013e-04 1
3.826977e-04 3
1.683332e-04 2
2.025942e-04 2
1.885442e-05 1
1.738942e-05 1
2.690150e-04 1
3.306361e-04 35
1.941634e-05 3
1.740215e-04 54849
1.247863e-04 1
9.187106e-05 1
4.162816e-05 2
1.833144e-04 1
3.289583e-05 1
3.531068e-04 1966
1.226199e-04 1
4.222952e-04 1
1.929536e-04 2
6.386520e-04 1
1.659273e-05 1258
2.386614e-04 57640
1.335898e-04 4
5.574080e-04 1
1.231539e-04 1
1.017609e-04 227
3.603451e-05 12716
1.487908e-04 4
7.906130e-05 4
2.475257e-05 6
1.367956e-04 1
5.441520e-05 1
5.393323e-04 1
1.906658e-04 3
8.433407e-05 2
6.635568e-04 1
1.293999e-04 7
1.040663e-04 1
3.337049e-05 1
1.581622e-05 1
1.135079e-03 1
3.657319e-05 2
4.940543e-05 5
2.959617e-04 1
1.248276e-04 18
6.420025e-06 3
1.664549e-05 1
1.746604e-04 1
1.383131e-04 49
4.807727e-05 38
1.399646e-04 1
1.888166e-05 3
1.618436e-04 29052
7.610623e-05 1
2.335277e-04 3
5.809343e-05 1
3.284766e-04 43
1.861124e-05 46025
5.303570e-04 1
2.657117e-04 1637
5.766058e-04 3
4.299609e-05 1
3.128824e-04 1
1.207519e-04 1
7.909251e-05 27812
5.395481e-04 1
8.064029e-05 53489
4.462876e-05 1
2.243665e-04 3
1.477149e-04 1
7.826705e-05 2
1.452712e-04 1
1.919248e-04 189
1.503276e-04 1
3.247070e-04 1
2.459853e-04 6
1.887311e-04 1
6.012806e-04 1
2.325842e-04 1
1.576150e-04 1
3.186655e-04 2
1.432336e-04 1
4.237100e-04 199
6.465541e-06 7
1.871710e-05 1
4.922200e-05 1
3.057140e-04 2
6.719137e-05 2
5.060255e-04 1
6.554855e-05 6
8.064181e-04 3
2.413978e-04 1
1.766523e-05 2
5.957851e-04 7
3.490202e-04 1
2.134297e-05 1
1.267588e-04 2
8.451050e-05 1
7.372175e-05 3
2.191566e-05 1
1.055542e-03 1289
1.769373e-04 261
1.847609e-04 1
5.346527e-05 1
1.602036e-04 3
3.152478e-04 1
1.846074e-05 1
1.806557e-04 1
2.269316e-05 1
1.265558e-04 1
1.010717e-04 1
2.148039e-04 6
3.887106e-04 6
1.686481e-04 4
2.326851e-05 4
4.916766e-04 1
1.042362e-05 1
1.938981e-04 3
4.776455e-05 1
3.564870e-04 2
5.103378e-05 4
7.980745e-05 49949
1.126984e-04 1
6.129163e-05 1
8.638025e-05 1
2.080758e-04 1
1.875372e-04 1
1.930752e-04 2
4.246511e-06 1
2.047664e-04 1
1.500921e-04 1
1.766765e-06 1
7.359594e-05 5
1.115369e-04 1
7.947563e-05 191
6.162344e-04 88
3.714984e-04 2
1.795985e-04 1
2.686071e-04 629
6.553298e-04 3
1.422173e-05 1
2.450707e-04 1
1.284813e-04 1
9.199359e-06 2
4.974739e-04 1
1.504286e-05 1
2.861199e-04 3
2.035542e-04 1
4.511853e-04 1
5.141887e-05 728
9.104690e-05 7
2.128039e-04 1
3.344280e-04 1
1.695644e-05 1
4.797898e-04 3
1.980724e-05 1
2.174899e-04 1
7.828481e-06 1
4.666284e-04 1
4.305627e-05 1
8.556384e-05 3
1.206794e-04 1
3.099478e-05 1
1.687793e-04 2
5.493082e-05 1
2.858611e-05 1
1.988509e-05 1
1.435133e-04 2
2.451021e-05 1
5.943548e-04 142
2.683002e-04 593530
3.902656e-04 1
2.761240e-05 1
4.190488e-04 1
7.678079e-05 3
3.350347e-04 7821
7.037731e-05 1
2.573775e-04 1
8.893101e-05 2
7.432774e-05 2
7.473154e-05 11767
5.857906e-04 3
4.030772e-06 46725
1.256384e-04 1
9.073533e-05 1
5.373828e-04 7
1.631842e-04 1
2.475026e-04 1
7.080027e-04 3
2.281851e-04 1
1.841265e-04 2
7.071199e-04 1
7.929608e-05 1
5.352353e-05 3
1.010817e-03 2
5.144986e-04 6
2.200809e-04 1
1.239467e-04 2
4.173714e-04 4
3.925149e-04 1
1.153635e-05 1
1.222031e-04 1
1.175013e-04 1
1.383968e-04 1
4.301406e-04 3
2.025567e-04 1
3.403484e-05 1
1.064944e-04 1
1.030613e-03 1
1.681797e-04 1
2.142768e-04 1
3.235011e-05 1
1.405648e-04 1
1.293934e-04 1
3.910321e-07 4
6.040018e-05 1
4.673983e-04 3
1.932361e-04 1
4.653793e-04 1
3.582127e-04 3
5.248479e-04 275
7.017001e-04 1
1.315534e-04 1
2.690196e-04 1
5.668151e-04 1
1.572515e-04 1
7.471120e-05 212
2.601738e-06 1
5.958191e-04 1
3.017598e-04 2
7.033973e-04 1460
3.035487e-04 20203
3.789461e-05 2
5.441187e-05 1455
6.168054e-05 2
9.120342e-05 215
1.238699e-04 3
1.802913e-04 1
6.402620e-04 1228
5.536657e-04 1
1.243841e-04 1
1.081726e-04 1
2.726355e-04 1
3.956900e-05 1
9.739691e-05 2
1.488769e-04 1
1.057680e-03 1
1.528081e-04 3
9.886034e-05 1
5.887714e-05 2
2.967093e-04 1
3.583496e-04 3
4.733684e-04 1
5.777377e-05 1
4.648029e-05 1
1.204805e-04 2
2.829554e-04 170
1.768712e-04 1
2.533563e-04 1
5.298983e-04 3
4.579241e-04 1
6.909845e-04 1
9.174382e-06 6
7.482045e-05 2269
7.491848e-05 1
9.303035e-05 3
2.630396e-04 2
3.427576e-04 1
6.522989e-04 1
1.016293e-04 1
2.889590e-04 2
1.950233e-04 198
3.494724e-05 1
9.171702e-05 181
2.391396e-05 82
6.265013e-04 3
1.185465e-05 201
3.216936e-04 1
2.950323e-04 1
2.340262e-04 5
6.381450e-05 1
2.657738e-04 3
6.136929e-05 3
9.023153e-05 1
2.172262e-06 1
8.380728e-04 1
1.154223e-04 3
5.329839e-04 1
1.679091e-04 1079
4.989958e-04 6
1.051696e-04 1
1.325058e-04 1
2.114515e-04 1
1.007656e-04 266
3.704077e-04 2
1.217463e-04 1
1.253597e-05 1
1.680847e-04 2
7.657900e-05 1
5.296062e-04 2
9.609562e-05 1894
4.380425e-04 2
1.516414e-05 1
1.120335e-04 3
1.832166e-04 1
6.286073e-05 1
1.066153e-04 1493
6.340017e-04 1
2.379113e-04 1
5.565696e-05 3
2.798130e-05 343
6.995700e-06 3
4.608622e-04 1
1.908872e-04 7
2.354678e-04 1
6.055196e-05 3
2.336850e-04 2
7.092837e-04 2
2.772657e-06 1
2.235015e-04 7
2.475357e-04 96
2.026011e-04 3
3.586522e-04 96
1.283267e-03 3
6.279191e-05 1
1.522861e-04 10
1.734143e-04 5
4.702670e-04 2
2.297090e-04 1
8.796814e-05 6
2.699282e-04 6
7.327036e-04 4
1.198063e-04 3
1.690822e-04 1
2.218531e-05 7
3.669084e-04 2
2.692302e-04 3
3.285019e-05 64346
4.554398e-04 47243
2.476713e-04 3
1.686082e-04 6
2.042935e-04 1
1.356569e-04 1
1.533050e-04 261
2.413914e-04 1
8.188871e-06 1
3.132988e-04 3
1.002030e-05 1
3.290237e-07 1440
3.215113e-04 1
6.171608e-04 1
1.854392e-04 6
5.253904e-04 2
1.289674e-05 6
4.061778e-05 1
3.064987e-06 2
6.843465e-04 2
6.652375e-04 1
2.015655e-04 3
2.509522e-04 7
4.283323e-04 1
7.941881e-05 1
1.441519e-05 2
1.460337e-04 7
4.266118e-04 1635
1.005260e-03 148
7.876232e-04 2
1.447806e-05 1
3.975051e-04 1
1.806850e-05 3
1.923590e-04 2
2.133614e-04 57232
9.226440e-05 2
4.214806e-06 1
1.072124e-04 2
1.594595e-03 23124
8.898815e-05 1
2.804495e-05 4
9.820833e-05 1
1.497985e-04 1
2.493527e-04 3
6.080124e-05 5
5.562688e-05 2
2.708968e-05 1
1.971956e-04 1
2.786570e-04 218
1.714623e-04 1
7.123269e-05 1
2.354766e-04 6
4.813469e-04 1
9.335744e-04 23
4.386758e-06 2
4.720590e-04 1
3.875400e-04 1
7.067207e-06 2
9.905160e-05 7
7.981695e-05 3
5.761788e-04 4
2.946498e-04 1
1.295534e-05 1
9.325842e-05 1
8.120553e-05 58
6.372588e-04 1
5.684207e-04 1
2.619631e-04 1
4.457182e-05 1
1.111438e-04 3
3.193860e-05 1
1.199010e-04 6
1.958805e-05 55719
2.388806e-05 55940
6.286730e-06 1
1.605075e-05 1
1.764211e-04 2
8.691375e-05 7
1.406955e-04 1
3.193440e-04 7
2.381560e-04 5
2.707397e-04 1
7.745149e-04 60338
5.227767e-05 1
2.900318e-04 167
2.752855e-04 1
8.368892e-04 3
2.202758e-04 1
4.904984e-04 3
2.417574e-04 5
6.068354e-05 1
8.224160e-04 3
4.697237e-04 3
5.970808e-05 7155
3.464241e-05 1
1.510410e-04 1
6.541342e-06 1
4.033380e-04 65
7.125387e-05 6
5.146594e-04 1
4.243538e-04 1
1.723624e-04 178
1.856659e-04 1
1.019278e-04 1
6.861263e-04 121
6.955073e-04 1
6.064688e-05 2
7.568433e-05 3
1.450863e-04 1
2.043118e-04 240
2.389574e-04 505
4.293656e-04 1
6.435987e-05 1
4.255119e-04 108
1.571205e-04 984
5.933297e-04 1
8.655537e-06 1
9.245957e-05 88
6.330628e-04 1
1.325421e-04 1306
1.342364e-04 1
5.990481e-05 1
1.083441e-04 7
1.067259e-04 4
1.052939e-04 1
1.652311e-05 1
1.402248e-04 1
1.575584e-04 114
2.443966e-05 1
9.024992e-05 7
1.521323e-04 2
8.840578e-05 1
6.088566e-04 2
1.924779e-04 2
3.656570e-05 149
1.171227e-04 1
4.774104e-04 1
4.758958e-04 1
4.305943e-05 1
2.001858e-04 1
1.877524e-04 1
3.103149e-04 1
5.501784e-05 1
2.508683e-04 1
3.412076e-04 1
2.023819e-04 5
8.037542e-05 1
2.153532e-04 1
1.279997e-04 2
1.657655e-04 2
1.690305e-04 1
8.692399e-05 1
3.350953e-05 1
3.900230e-06 6
1.557115e-04 1
3.231773e-04 8098
1.043730e-04 2
2.754576e-05 1
4.754866e-05 2
3.909730e-04 523
9.901248e-05 182
1.783722e-04 1
5.292597e-05 1
1.904855e-04 3
6.086582e-04 1
4.115645e-04 6
1.100231e-04 251
3.996313e-04 1
3.209926e-04 1
3.479336e-04 204
7.505210e-05 1
3.367442e-05 1
2.198211e-04 1201
1.957323e-05 1
1.318882e-04 1
8.047179e-06 1
3.593044e-05 2
6.971298e-05 1
8.851618e-05 2
1.398415e-04 2
2.219680e-05 60885
2.696553e-05 1
1.252613e-04 1
2.087854e-04 1
2.669090e-04 2
1.818580e-04 1730
2.417357e-04 1
5.457711e-04 53203
4.075991e-04 5
1.390664e-04 545
1.022601e-04 1
7.749023e-05 1
1.015484e-03 2
2.838148e-04 63454
4.074873e-04 3
2.179776e-05 1
7.487694e-04 1
1.931528e-04 2
3.384271e-04 5
5.367847e-05 4
2.554485e-04 1
1.532963e-04 5
1.380503e-04 36801
2.685724e-04 1
2.301455e-04 4
1.778581e-04 4
2.411064e-04 3
2.034730e-04 1
8.227510e-04 3
1.652240e-04 2
4.987044e-05 1
4.616859e-05 7017
8.777875e-05 1
2.372036e-04 1
2.931170e-04 1
7.201689e-04 1
2.638128e-04 6
2.016905e-04 2
1.287584e-03 3
1.227401e-05 152
1.062859e-05 1
8.866337e-05 25
2.156934e-05 48220
2.938175e-04 1
5.095725e-04 1
3.037233e-04 3
5.691089e-05 2
1.178454e-04 1
2.014152e-04 6
2.141081e-04 3
3.859882e-04 1
3.895333e-05 1
3.955053e-05 2
1.892657e-04 1
7.012284e-04 1
2.313253e-04 1
4.054756e-05 1
9.149267e-05 1
5.047648e-04 1
1.316257e-04 1
1.204288e-04 3
1.874891e-05 1
3.911894e-04 1
8.103391e-05 476917
1.041209e-04 3
2.958094e-04 1
1.661121e-04 1
5.187637e-05 1
2.317009e-04 1
6.335149e-04 2
1.478009e-04 3
1.912636e-04 4
9.486614e-04 1
2.149456e-04 2
4.432524e-04 5
4.953057e-05 35
1.952362e-04 1
2.348044e-04 3
6.246392e-04 1
2.138278e-05 31928
8.086227e-04 1349
3.575964e-04 2
3.746214e-05 19502
6.104119e-04 5
2.047197e-04 1
3.675023e-04 1
8.270890e-04 1
1.198392e-04 1425
6.656649e-06 5
1.059350e-04 1
1.438467e-04 148
9.538488e-05 5
3.255133e-04 1104
1.815157e-04 2
4.723514e-05 1
4.516639e-04 7
6.578934e-04 1
7.049297e-06 1
2.646848e-05 163
6.243443e-06 1662
8.496213e-05 1
2.283684e-04 1
2.553280e-04 1
3.074054e-04 6
3.183467e-04 1
2.014744e-04 1
1.027868e-03 3
1.781854e-05 1
4.824876e-05 2
1.140573e-04 2
2.625279e-04 2
1.464829e-04 1
5.406100e-04 4
2.841213e-04 1
8.110657e-05 1
5.541943e-05 1
6.681557e-05 4
9.740653e-05 1
2.109028e-04 7
3.709630e-04 2
5.997495e-05 1
7.689423e-04 178
1.909104e-05 1
6.595118e-05 1
4.339332e-05 3
5.564405e-04 2
3.601764e-04 1
1.168480e-03 1
5.594200e-05 1
1.049114e-04 1
7.501191e-05 1
1.360401e-04 3
3.495901e-04 2
1.626076e-04 1
7.624191e-04 1
2.263544e-06 1
3.135398e-04 31067
2.743472e-04 3
1.263853e-03 3
1.624416e-05 1
1.029736e-04 58798
8.903881e-05 1
3.450727e-04 1
2.484998e-04 1
3.621399e-05 4
4.433749e-05 1
1.456602e-04 3
3.594875e-05 3
8.236598e-05 1
1.608971e-04 3
5.258346e-04 1
6.429429e-05 1494
9.123366e-05 1
2.475006e-04 1
1.126648e-04 1
2.159154e-04 1
2.964541e-04 1
3.361305e-04 1
6.549825e-05 56094
1.946937e-04 1
4.076890e-04 3
2.618147e-05 1
1.608776e-06 1
1.931396e-04 5
1.769428e-04 2
4.408217e-04 1
3.277431e-04 1190
6.372104e-05 2
1.288010e-03 3
1.912256e-04 1
3.107691e-05 3
4.689224e-04 7
1.524453e-04 1
2.948807e-04 60
8.484355e-04 53
1.568955e-04 515322
1.351221e-04 7
1.314937e-03 2
9.435136e-05 7
8.074387e-05 4
9.413454e-04 1
4.998017e-04 2
7.052115e-04 2
5.156085e-04 6
3.362074e-04 2
9.289919e-04 1
2.427064e-05 1
1.010102e-04 1
1.423142e-04 1
9.480268e-06 2
1.301972e-04 3
1.930037e-04 239
4.497696e-04 1
4.910919e-04 2
1.322154e-04 1
2.022810e-04 2
1.737661e-05 183
8.386918e-05 102
1.130531e-04 1
6.933766e-05 1
7.319250e-04 1
2.315428e-04 668
2.555084e-04 1
4.613774e-04 3
1.318336e-04 103
1.453588e-04 6
3.253588e-04 1
8.334273e-05 1
3.462236e-05 1
3.907364e-04 1
2.549013e-04 7
6.623636e-05 1
4.650269e-05 1
4.193392e-04 3
2.132624e-04 171
5.288780e-04 1
1.953138e-04 1
3.229594e-04 8600
4.139169e-04 180
4.888228e-04 1
1.936533e-05 1
5.508307e-04 7
4.925560e-05 1
1.591479e-05 3
2.884111e-05 2
4.432530e-04 1
1.684722e-04 1
5.443566e-05 150
9.735869e-05 4
4.729658e-04 1
5.353311e-04 1
9.112946e-06 1
1.822321e-04 1085
2.465235e-04 2
4.996162e-05 1
1.445954e-05 6
5.749060e-04 1
3.092735e-04 2
2.877801e-06 1
7.161134e-05 1
3.809632e-04 4
3.788829e-04 77
4.558610e-05 3
5.626591e-04 3
1.346368e-04 1
3.418546e-05 4
5.703271e-04 1
2.881040e-05 42892
5.833399e-05 1
2.894297e-05 1
6.077448e-04 6
1.240774e-04 3
1.001916e-05 198
6.708378e-05 1
3.820617e-04 2
2.301067e-04 3
1.328955e-04 1
9.166079e-05 1
1.658749e-04 4
1.455423e-04 1
3.146481e-06 1
3.960145e-04 1
6.785792e-04 2
1.647252e-04 1406
1.995703e-04 1
1.279258e-04 1
7.755731e-04 2
6.299982e-05 1
1.092544e-04 1
3.590495e-05 1
1.276444e-04 1484
2.361751e-04 1
3.191946e-05 1
3.916543e-04 20612
2.220007e-04 1
2.152632e-04 968
6.483091e-05 47
3.616586e-04 29
6.000077e-05 1
2.975681e-04 3
6.690861e-05 1
2.159013e-04 1
8.703064e-05 2
1.488720e-04 1
1.154051e-04 6
4.864329e-04 1
3.672934e-05 2
1.642550e-06 41274
3.808744e-04 1
1.473978e-04 1
2.796271e-04 1
3.880754e-04 2
1.737267e-04 4
3.305452e-04 1
6.251691e-04 1
3.671460e-05 2
1.444032e-04 1
2.187883e-04 1
4.414633e-04 5
6.004770e-04 3
4.223226e-04 5790
1.908573e-04 1
2.048998e-05 2
2.806720e-05 200
8.176211e-05 4
2.266368e-05 1
1.443958e-04 101
9.758365e-05 1
2.267757e-04 1
4.118484e-04 28
8.912914e-04 2
6.335890e-05 1
2.679899e-04 671
8.845859e-05 5
7.554439e-06 1
6.537622e-04 121
2.568463e-05 1
3.017472e-04 1
4.070376e-04 1
5.107282e-05 1
1.113848e-04 2
1.096922e-04 1
1.945868e-04 6
5.707887e-05 5
5.036684e-05 1
1.753159e-04 5
6.194113e-04 6
2.006964e-04 2
2.666875e-05 2
2.117434e-04 1
3.803263e-05 1
3.203842e-05 250
1.338705e-04 2
3.190083e-04 193
1.403479e-04 5
7.553624e-05 1
5.918114e-04 1
2.817606e-04 1
9.064143e-06 7
1.352099e-04 1
3.118098e-04 1
8.546510e-05 1
4.102757e-05 267
6.714567e-04 1
7.945599e-05 1
5.691728e-05 6
3.609488e-04 146
2.344545e-05 1
1.115742e-04 1
6.560925e-05 3
8.339566e-04 1
4.271146e-04 183188
4.276860e-04 5
3.022702e-04 1
1.314345e-04 120
3.515083e-04 1
2.771447e-04 1
1.032892e-03 1
1.340204e-04 66310
4.311218e-04 1
5.305730e-04 3
2.682168e-04 1
4.156241e-05 1179
5.640287e-06 1
2.515644e-04 1
1.410675e-04 1
4.169028e-04 1
5.696353e-04 1
7.179543e-04 3
4.303507e-05 3
5.468072e-04 1624
7.201459e-05 69
1.818987e-04 29992
3.215003e-04 1
3.538383e-06 785
1.005381e-04 1
1.712588e-04 6
3.130094e-04 1
2.418714e-04 2
9.962001e-05 1
4.192005e-05 1
1.450530e-04 1
1.171015e-04 2
2.111678e-04 1
1.032227e-04 1
5.961006e-05 1
1.055443e-04 1
6.605115e-04 40649
4.103402e-04 3
4.513386e-06 1
2.969368e-04 1
1.689514e-04 1
5.267495e-05 1
1.572069e-04 6
2.475345e-04 1
3.280913e-04 1
1.792088e-04 1
1.288703e-04 1
7.052250e-04 1
9.693449e-05 2
4.427703e-05 2
6.176312e-04 1156
3.202034e-04 1
1.208718e-04 3
1.581438e-04 1
7.355504e-04 1
5.651101e-04 1
9.605847e-06 586
9.702609e-05 1
1.529737e-05 1
2.296360e-04 1
1.940662e-04 1
7.661458e-05 1
1.281250e-04 2
3.227605e-04 1
1.275428e-04 124
1.474447e-04 3
2.754773e-04 1
4.977871e-04 1135
6.128439e-06 1
3.082640e-04 1
1.431554e-04 5
2.495461e-06 1
2.338627e-04 1
2.710485e-04 1
1.436584e-05 1
8.261576e-05 1
3.927427e-04 4
2.403244e-04 3
5.241381e-05 1
4.969890e-04 4
2.507935e-04 2
5.473047e-04 5
1.486291e-04 1
2.497823e-04 1
4.944229e-04 1
8.127165e-05 1
1.849252e-04 1
3.222231e-04 1
3.666288e-06 1775
2.974208e-04 3
1.962328e-04 1
6.658431e-05 1
2.209343e-04 1
3.169478e-05 153
6.608895e-04 1
2.596333e-04 2
1.192491e-04 24
5.219162e-04 3
9.776332e-04 1
2.086002e-06 1
3.958701e-04 3
1.183463e-04 798
1.276861e-05 1
2.633436e-04 1
4.314429e-04 1
3.068067e-05 36909
7.943222e-05 2
2.528121e-04 69
1.262586e-04 1
2.342328e-04 1
1.623830e-04 5
1.425868e-04 1
4.072125e-04 1
6.085856e-04 1
1.211343e-05 1
5.964963e-05 1
1.210678e-04 1
2.113235e-04 1
1.970113e-04 3
4.768372e-04 5
1.683263e-04 3
4.181042e-04 1
4.167999e-04 1
2.428616e-04 8125
2.843868e-04 1
1.484983e-04 1
1.473750e-04 249
4.897402e-04 3
2.135716e-04 3
6.081467e-05 2
2.397543e-04 3
5.192504e-05 7
3.028080e-04 2
3.934644e-04 3
9.708825e-05 3
1.418451e-04 2
3.723615e-04 6
1.859335e-04 1
5.807990e-05 1
1.632824e-05 1
5.618698e-04 1
1.331901e-03 1
8.477449e-05 1
2.759677e-04 3
5.749519e-04 2
1.240563e-04 140
1.144559e-03 3
8.587517e-04 1
1.701856e-04 1
1.022808e-04 1
5.706745e-04 2
6.991827e-05 34
3.212944e-04 1
5.233797e-04 1
2.914775e-04 1
5.710167e-05 1
3.432049e-04 1
1.587456e-04 1
4.685103e-04 1
6.177400e-04 3
2.872005e-05 1
4.986035e-04 1
2.397539e-04 1
2.007159e-04 4
1.713521e-05 72
8.782185e-05 1
8.329124e-06 1
8.089999e-05 1
4.164277e-05 72
8.157259e-04 1
8.661664e-05 1
1.168044e-04 3
3.587441e-05 3
2.490644e-06 1
5.279506e-04 2
8.102495e-05 783
6.774386e-05 1
6.038136e-04 73
2.280812e-04 2
2.011890e-04 1
2.723893e-04 7
6.735633e-04 1
7.272307e-05 2
5.695665e-04 1
1.656963e-04 2
2.434932e-05 191
1.814151e-05 6
3.030325e-04 1
1.484199e-03 1
2.312854e-04 1096
1.758635e-05 1
1.721137e-04 1
7.030710e-05 1
9.905371e-04 1
2.770155e-04 1
5.193896e-05 3
7.326848e-05 113
5.386018e-05 1
1.658983e-04 1
4.777081e-04 1
3.002203e-04 1
3.628847e-04 1
1.572240e-04 1
2.152080e-05 1
3.214382e-04 1
2.318848e-04 107
3.130917e-05 1
2.267569e-05 715
9.261690e-04 1
1.001969e-05 1
1.236026e-04 29
1.035187e-03 1
5.913304e-05 2
7.896346e-05 1
6.323761e-04 114
1.264281e-04 3
8.209634e-05 5
5.763708e-05 3
4.349022e-04 2
1.957178e-04 1
3.125163e-05 1
1.148449e-03 1
2.322281e-06 1
8.755043e-06 7
1.976170e-04 3
6.677326e-04 1
6.198902e-04 1
1.154228e-04 58
6.581542e-04 1
6.780461e-05 1
1.025103e-05 22
6.358906e-04 3
1.124629e-03 4
2.637389e-04 4
1.054033e-04 5
2.833647e-04 1
1.889339e-04 1873
1.787983e-04 1
3.956303e-04 2
5.090991e-05 4
1.414426e-04 2
1.546956e-05 3
2.750005e-04 2
1.726591e-04 2
4.934490e-04 1
2.161565e-05 1
7.581551e-04 6
5.460687e-05 3
5.750913e-04 1
7.531287e-05 7936
9.586046e-06 2
5.088480e-05 1630
1.606459e-04 1
9.359868e-05 33
3.430051e-04 2
1.779142e-04 1
3.820569e-04 1
5.181150e-05 1
3.728116e-05 1
7.722756e-04 220
3.662464e-06 2
1.275592e-06 2
1.997170e-04 2
9.781403e-05 1
3.146194e-04 138
1.638382e-04 1
3.617898e-05 2
4.617341e-04 913
5.920365e-05 3
9.661187e-06 1
2.392114e-04 6
1.952325e-04 1
1.697091e-04 1
2.282353e-04 21749
2.889811e-04 1
2.956672e-04 3
3.630005e-05 1
4.865070e-04 1
6.901834e-04 1
4.898786e-05 1
7.984530e-05 49695
3.187177e-04 3
2.870251e-04 1
1.937425e-04 1022
3.166082e-04 362
1.333925e-04 1
2.535158e-04 3
1.850083e-04 1
1.018262e-03 2
2.731234e-05 1
2.367459e-05 13
1.336961e-04 1
3.840916e-04 1
6.731042e-05 4
1.144506e-04 1
8.086808e-05 2
3.234453e-04 1
6.765153e-04 4
6.060762e-05 9759
3.964523e-04 3
3.733534e-05 1
1.117663e-04 1
1.817324e-04 2
1.810480e-05 1
2.007162e-04 1
2.307079e-04 13207
1.915743e-04 1
1.007709e-04 1
1.670445e-04 3
1.030650e-03 7
2.097482e-04 1
1.222070e-04 142
4.495444e-05 1
5.367649e-05 1
1.066358e-04 6
5.655184e-05 1
3.399960e-04 14740
7.480866e-05 1
4.201220e-04 9202
4.652897e-05 1
8.432929e-04 3
4.917486e-05 1
1.692336e-05 1
2.176777e-05 1
5.331484e-04 1
9.122857e-05 4
2.687058e-04 1
1.135165e-03 3
5.872878e-05 550
3.248317e-04 1
2.668949e-04 28
3.255694e-04 6
4.274616e-06 1
4.428272e-04 1
6.752174e-05 1
5.933712e-05 2
2.141798e-05 129
1.849189e-04 1
7.019976e-05 1
8.125596e-05 92365
3.351367e-04 1
1.034414e-04 1
2.372983e-04 1
5.906885e-05 1
1.040783e-04 1
1.043352e-03 1
9.715431e-05 1
4.800608e-05 7
3.497248e-04 1
4.761248e-04 11
9.064439e-04 2
1.834983e-04 1167
1.915114e-04 1
2.278116e-04 1
1.498861e-05 1
2.372479e-05 1
3.323973e-06 1845
5.498606e-04 3
1.169758e-03 1
3.678250e-07 1
4.997073e-04 1
9.698716e-05 259
1.116260e-04 62447
1.556011e-04 1
9.760157e-05 1
3.787786e-04 206
3.461416e-04 5
3.771232e-05 3
3.051722e-04 1
5.855753e-05 1
1.781044e-04 7
4.932373e-05 1281
1.410280e-04 128
2.706107e-04 1
1.299764e-05 1
2.811160e-05 1
2.618192e-04 1
1.295096e-04 4
9.001186e-04 16869
9.829718e-05 982
4.187486e-04 1
9.541281e-05 6
7.227006e-05 2090
8.140560e-05 1
1.351170e-03 5
9.227625e-04 1
7.042356e-04 1
7.561136e-05 5
1.618212e-04 4
2.334098e-04 1
6.107757e-04 3
1.006063e-04 1
9.912055e-07 2
6.058692e-05 1
8.319727e-04 1
1.367308e-04 1
5.449496e-05 1
2.421579e-04 1
1.439532e-04 2
5.479165e-04 1
9.831117e-05 2
3.253794e-05 1
3.134391e-04 1
3.103043e-05 1
4.046568e-04 1
3.990778e-04 148
1.367949e-04 1
8.924872e-05 1
3.970363e-05 2273
1.106329e-03 41481
6.405652e-05 1
1.067060e-03 1668
2.957798e-04 3
2.802798e-05 1
5.619074e-05 3
6.308020e-05 3
1.792625e-04 1
1.030725e-04 1
3.720532e-04 1
7.529862e-05 1
5.366634e-04 2
1.092099e-04 1
1.108986e-04 42
2.043966e-04 1
2.764574e-04 1
1.835999e-04 3
2.825460e-04 3
4.492615e-05 1
5.692047e-05 208
3.942330e-04 51777
5.785542e-05 1
2.332531e-04 2
6.902042e-05 130
1.927141e-05 2
3.063005e-04 1
4.905786e-05 256
1.523849e-04 239
2.277660e-04 966
4.224819e-05 1
1.614078e-04 3
4.319243e-06 1
2.225743e-04 1
5.674291e-05 1
8.063233e-05 3
9.250391e-05 3
1.508260e-04 2
1.570548e-05 77
1.240215e-04 1
6.894382e-05 3
1.438318e-04 1
2.888527e-05 1
6.887436e-04 4
3.292823e-05 7
2.842205e-05 66
5.093063e-04 1
1.015119e-04 2
9.694955e-04 1
4.190405e-04 7
3.190881e-06 1
7.961536e-05 1
2.876296e-04 1
3.844676e-04 3
5.485486e-04 3
1.853562e-04 2
1.075759e-04 72
1.627463e-04 3
1.425336e-05 1
3.711253e-04 1
2.795953e-04 1
3.322366e-04 3
1.998167e-04 3
2.222125e-04 262
2.751637e-04 7
2.913399e-05 1
2.268108e-05 2
6.981819e-05 1
8.222253e-05 1
8.559307e-04 250316
8.459112e-04 6
3.743144e-05 1493
1.919904e-04 3
6.294734e-05 2
9.703357e-05 1
2.773405e-04 1
1.433734e-04 123
6.603583e-06 5
1.689163e-04 1
8.352248e-05 1
3.231237e-04 1
1.062965e-03 7
4.507785e-05 1
2.393663e-05 1
4.824352e-04 1
4.094043e-05 3
3.746787e-04 3
1.917295e-04 1
3.448831e-05 1
3.672873e-05 1
6.650950e-04 1
1.032731e-04 1
2.814751e-04 1
2.560008e-04 885
5.417779e-05 1
6.398649e-05 3
2.467872e-04 1
3.987642e-05 1
3.313439e-04 1
1.528638e-04 3
1.969883e-04 3978
6.142788e-05 3
1.956581e-04 251
1.404543e-04 6
2.462533e-04 7
4.356692e-04 1
8.619131e-05 7
2.341202e-05 1
8.368237e-05 1
7.016226e-06 10
1.280342e-06 1
1.459952e-04 1
1.193008e-04 1
2.911843e-05 5
1.173983e-04 1
1.328887e-05 1
9.118752e-05 1
5.269383e-04 1
2.150600e-04 1
2.579920e-04 5
7.154727e-04 519
3.159672e-05 1
9.208706e-05 1
1.013331e-04 1
1.857476e-04 1
1.508163e-04 1
6.499975e-06 1
3.906020e-05 3
2.776304e-05 158133
4.155482e-05 1
3.113849e-06 1
9.498649e-04 1
2.332200e-04 1
5.202903e-05 2
3.705746e-04 1
3.267856e-04 92
4.789488e-05 1318
1.012559e-04 1
1.725272e-05 1
3.512880e-04 1
9.106702e-06 1
1.175533e-04 1
3.607833e-05 5
6.026719e-04 1
2.619934e-04 1
5.334795e-04 1
1.868838e-04 1455
3.502479e-04 1
1.683945e-04 1
1.402603e-04 5
6.256720e-04 1
6.666812e-05 4
4.117325e-04 336
3.236636e-04 1
1.546671e-04 1
4.136220e-04 38
5.516484e-04 1
4.153601e-04 34528
5.862437e-05 3
2.015045e-04 2
1.602465e-04 6
5.041822e-04 1
1.607541e-04 2
2.740847e-04 673
1.673240e-04 2
8.753903e-04 2
7.837230e-04 1
3.100321e-04 1
3.356398e-04 89
1.325035e-04 1
4.563214e-05 1
2.133021e-04 1
1.785558e-05 2
3.505568e-05 1
2.483142e-04 2
8.434395e-05 241
7.828076e-05 374
8.574044e-05 1521
6.840511e-04 1
6.875903e-05 3
4.553523e-05 169
6.177733e-04 1
7.304442e-05 129
2.336689e-04 1
3.542213e-04 1
2.000867e-04 1
3.333325e-04 1714
2.170151e-04 1
6.689742e-04 438
4.464546e-05 5
7.402368e-05 1
6.590169e-05 1
5.394875e-04 2
2.182027e-06 1
6.465487e-05 2048
1.617662e-04 1
1.618337e-04 1
3.342946e-04 1
3.370067e-04 3
2.796612e-06 157
2.353143e-06 4
3.675028e-04 1
7.519264e-05 1
4.647701e-05 14
1.372533e-04 3
7.646617e-05 3
3.811166e-05 3
2.810052e-05 1
1.700844e-04 45402
2.988068e-04 2
4.451749e-05 1
6.249967e-06 645
3.833884e-04 1
4.915602e-04 2
1.340360e-03 1
5.482653e-05 1
3.070565e-05 1
7.236927e-04 3
5.454898e-05 8158
2.174786e-05 7
9.422004e-06 1
1.410703e-04 379913
2.785570e-04 7
4.576528e-05 195
9.016204e-05 29017
5.652890e-05 3
1.635094e-04 1
3.903367e-05 47
9.963966e-05 1
3.408681e-04 1
7.580333e-04 1
5.361837e-05 1
2.819147e-04 473801
5.984237e-05 1
2.440773e-04 7
5.860153e-04 3
1.500428e-04 1
7.170030e-06 1
1.508915e-04 1
3.369157e-04 1
1.169928e-04 1
3.621781e-04 13
3.326943e-04 1
2.384694e-04 2
6.487512e-05 1
7.891442e-05 5
4.850740e-05 5
9.207631e-05 264
5.033684e-04 1
3.365153e-05 2
3.128842e-05 3
1.287134e-04 3
1.580127e-04 889
4.631204e-04 1
1.845726e-04 4
1.299975e-04 2
2.835442e-04 1
2.420125e-04 38
1.414287e-04 1
5.806868e-04 1
1.405288e-04 149252
4.432709e-05 906
1.194522e-04 1
1.560963e-04 1
2.434419e-04 6
4.631573e-04 1
1.565461e-04 2
2.024412e-05 3
1.453381e-04 1
1.544717e-05 1
2.648392e-04 2
5.430391e-04 5
3.485395e-04 2
2.165418e-04 252
6.275736e-05 256
6.261368e-05 1
3.209150e-04 1
8.872419e-04 6
2.156164e-04 3
3.330738e-05 2
3.336309e-04 6
5.082247e-05 3
6.406126e-05 1
1.447182e-04 1
1.084599e-05 29
2.402007e-04 77
1.194623e-04 1
2.663114e-04 1597
2.259079e-04 1
8.661257e-05 1
8.373322e-04 1
2.496859e-04 214
8.722107e-05 25
1.226709e-04 1
4.449177e-04 2
1.972769e-04 7
1.508944e-04 1
7.885549e-04 1
2.427850e-04 26206
2.950176e-04 1
1.911370e-04 50
1.379919e-04 2
4.114205e-04 3
7.079043e-05 1
5.905393e-05 1
1.010517e-03 2
1.878266e-04 1
5.780776e-05 1
3.387251e-05 1
1.437680e-03 1
2.732376e-04 1
2.849667e-04 3
1.481238e-04 1
1.440675e-04 2
