2.233752e-04 1
5.077548e-06 3
4.835379e-05 32
7.446016e-05 1
1.649796e-04 1
1.000181e-06 2
9.040055e-06 108
4.142400e-05 2
6.771547e-06 1
1.347185e-06 1
1.488914e-05 3
4.502071e-06 3
1.058893e-04 1
1.243363e-04 1
2.993279e-04 1
7.858924e-06 1
3.301244e-05 1
2.452569e-05 1
4.640834e-05 24516
4.855813e-05 1
8.120074e-05 1
1.543785e-05 211
3.705956e-05 4
7.131144e-05 1
1.608361e-06 2
1.990777e-05 2
5.503856e-05 1
2.777423e-05 1
2.064684e-07 189
3.953114e-05 1
1.628724e-04 5
5.983997e-05 2
3.204839e-06 3
1.348004e-04 1
2.205477e-05 2
9.251832e-05 1
1.469880e-05 1
1.051590e-04 1
1.773091e-05 3
7.852044e-05 2
1.964847e-05 1624
5.883021e-05 25
1.037625e-05 1
3.625899e-05 1
6.111293e-05 3
6.204874e-06 866
4.378688e-05 1
1.194167e-04 1
1.562821e-05 1
3.998151e-05 3
3.557835e-05 70
2.228456e-05 1
4.082432e-06 32951
2.829923e-05 1140
6.452419e-06 3
2.068246e-05 1
1.740151e-05 2
7.934406e-05 3
1.973720e-05 3
2.197453e-05 5
1.867335e-05 31876
5.359748e-05 1
8.321154e-05 7
4.600374e-05 3
3.543931e-05 1
4.277001e-05 3
5.880321e-05 1
5.732823e-05 1
6.412941e-05 157
2.175264e-05 1
5.284963e-05 1
4.551665e-05 273
2.960695e-05 1
7.400950e-05 1
4.771334e-05 1
2.615279e-05 1
7.493021e-05 1
6.714873e-06 149
1.991885e-05 1
4.326666e-05 1836
1.396123e-04 4
4.847191e-06 1
1.899235e-06 83
4.403170e-05 1
2.429896e-05 3
2.479007e-05 62
1.345195e-05 2
8.575397e-05 1
1.989700e-05 1
5.036142e-05 1
2.541471e-04 1
1.147308e-04 6
5.540015e-05 1595
4.371007e-05 3
1.051320e-05 51067
9.280983e-06 187
9.486652e-05 57
2.197340e-05 1
1.158490e-04 1
1.466399e-04 1
1.616713e-04 1
5.590751e-09 1
8.991055e-05 1460
5.937998e-05 6
1.050963e-05 61
5.922412e-06 1
4.470678e-05 1
1.401864e-05 1
1.860557e-04 3
5.919573e-05 4
7.747821e-05 95
4.279595e-05 700
1.056935e-07 1
3.365452e-06 1057
5.940209e-05 213
9.761080e-07 7
3.375796e-05 1
4.851882e-05 1
1.280674e-05 2
2.598463e-05 1
7.832040e-05 1
4.381190e-05 1450
9.927604e-05 3
4.050348e-05 1
2.606396e-05 2
6.121794e-05 1
1.770572e-06 1
5.522473e-06 1
2.291155e-05 3
4.084009e-05 1
1.138824e-05 3
5.881379e-07 1
3.600624e-05 41611
1.975104e-05 1
1.865104e-05 1341
1.306149e-05 1
3.550821e-05 1
3.246061e-05 1
7.539498e-06 1
3.545673e-06 1
8.412165e-06 4
1.505521e-05 1
1.437737e-04 1
3.256457e-05 2
3.242966e-05 1
2.913265e-05 1
2.740930e-06 2
2.064908e-05 3
1.072242e-05 3
2.190863e-05 179
3.183626e-05 7
4.472478e-05 2
1.925950e-05 7
5.688785e-05 1
2.362236e-06 2
1.734184e-04 1
6.575221e-05 2
2.612488e-05 55355
5.724611e-07 1
1.391756e-05 5
8.950676e-05 5
5.733945e-06 1
3.925695e-05 1
1.434121e-04 1
2.242399e-05 1
3.566826e-05 2
5.730160e-05 185
4.444503e-05 1
4.720415e-05 4
2.118589e-04 57635
8.523591e-05 1
9.124040e-06 384263
1.511363e-04 1
3.142290e-06 1
6.872132e-07 25
4.930039e-05 1
1.023087e-06 1
4.792081e-05 1
4.473977e-05 1
7.798547e-06 1
2.747746e-05 179
1.607203e-05 1
1.287460e-05 2
1.336726e-05 1
9.243096e-06 1
2.489783e-05 46808
6.549961e-05 1
3.182971e-05 1
3.987786e-05 6
1.856603e-05 1
8.942448e-05 1588
3.894574e-05 190
1.134245e-04 1
8.104331e-06 1
4.832598e-06 1
5.865476e-05 1
2.037680e-06 7
3.331480e-06 1
1.019808e-06 1
1.382003e-05 1
3.252291e-05 1
2.353802e-05 1
1.059956e-05 3
7.854417e-05 7
1.674762e-05 2
7.554524e-05 1
6.516978e-05 1
2.432616e-05 1
1.479398e-05 5
3.645266e-05 1
8.648585e-06 1
2.941370e-06 1
2.165531e-07 1
1.791059e-05 1
9.515228e-06 3
2.175563e-05 7
1.293242e-04 3
1.140988e-05 1
4.396419e-06 6
5.876358e-06 1
1.615715e-05 1
5.532016e-06 1
7.807741e-05 572
1.390819e-05 2
9.957336e-05 1
1.095398e-05 1
6.288723e-05 1
4.470340e-05 1
4.418359e-06 1
2.122894e-05 1
6.176814e-05 131
4.508934e-05 1
4.957974e-05 1
4.012451e-05 1
1.683868e-05 1
2.467763e-05 57010
1.602257e-04 8137
2.985549e-05 22992
2.948007e-05 1
2.807182e-04 3
4.308251e-05 7
3.087054e-05 1
1.099966e-04 3
1.562204e-05 1
2.173580e-05 4
9.276953e-06 83
1.268051e-04 1
8.949834e-06 21978
1.780159e-05 1
2.588988e-05 3
7.081846e-05 1
3.084795e-05 1
5.424617e-06 1
2.635369e-05 1
6.964477e-05 6
1.196535e-05 1
7.131818e-05 46
7.539774e-05 2
5.574884e-05 1
1.218588e-05 1
1.570508e-05 1
3.073212e-05 1
8.642427e-05 1
1.704665e-05 2
5.555413e-05 1
4.657880e-05 6
5.906610e-05 1
6.591810e-06 50219
2.084202e-05 5
5.424950e-05 1
1.507241e-04 3
5.115417e-06 3
6.794349e-05 247
1.407706e-04 1
1.450133e-06 5
2.009447e-04 1
1.100921e-04 43656
5.684357e-05 2
5.562067e-06 70
2.489911e-05 1
6.952648e-05 1
1.617763e-04 1
3.021399e-05 1
1.469058e-05 5
3.793843e-05 3
5.528597e-05 1
3.698556e-05 2
9.667305e-05 131
5.294762e-06 1
9.990582e-05 3
4.282068e-06 1
1.228786e-04 1
7.851194e-05 4
4.484910e-05 7
5.703499e-06 1
1.265665e-04 2
2.455778e-05 1
6.775248e-05 1
1.884766e-05 1
1.555782e-05 3
1.124509e-04 3
1.976268e-05 1
1.359680e-04 3
3.426547e-06 1
6.672164e-05 5
3.620652e-05 1
5.578402e-05 2
2.507790e-05 1
3.088830e-05 1
1.870748e-05 1
3.118807e-05 1
9.320214e-05 189
2.502040e-05 3
6.028104e-05 2
1.264552e-05 1
1.693052e-04 1
6.149934e-06 953
1.148418e-04 7
2.504780e-05 39866
3.281475e-05 5
6.233519e-05 1
2.544879e-05 3
3.420125e-05 2
3.806862e-05 3
6.620995e-06 56
3.411601e-06 7
1.011077e-05 3
8.736620e-06 2
6.610449e-05 1
2.918173e-06 2
3.003318e-06 5
2.767049e-05 165
5.849071e-05 1
2.003762e-05 1
1.017094e-04 1
2.118730e-05 2
4.376780e-05 2
2.805206e-05 1
1.568013e-05 1
9.584958e-05 2
1.845794e-06 3
5.740003e-05 1
9.402748e-05 4
6.334526e-05 1
6.664557e-06 259
3.363499e-07 1
1.150069e-05 350
1.776162e-05 1
9.149258e-06 1
4.846204e-05 5
1.171740e-04 178
3.830073e-06 61
8.761773e-05 1
1.477346e-04 1
1.795454e-05 2
4.462224e-05 1
8.801548e-06 133
1.967877e-05 5
6.894187e-06 130
1.320332e-04 1
2.826441e-06 491
5.918942e-06 3
8.365345e-06 1
7.210010e-05 1
4.187201e-06 3
6.673327e-05 2
3.147322e-05 21438
7.917956e-05 55
6.038143e-05 3
4.013715e-05 3
5.928729e-05 1
1.817508e-05 1
1.047104e-04 1
1.052524e-05 1
5.652608e-05 984
3.469994e-06 3
4.060240e-06 34
1.198424e-04 3
4.037708e-05 1
4.178449e-05 246
4.653165e-05 4
2.560539e-05 1
2.207122e-07 7
4.058867e-05 1
1.593826e-05 1
1.460818e-04 1
6.829616e-05 1
8.348191e-06 2
1.286950e-05 1
5.028657e-06 234
1.214772e-04 1337
5.975424e-06 3
1.494949e-04 1
7.042090e-05 1
5.166355e-05 1
9.584839e-06 155
1.650358e-04 180
3.727248e-05 180
1.051305e-04 2
2.181230e-05 2
4.718726e-05 1
5.588098e-05 1
1.527263e-06 1
3.504345e-05 12499
8.931783e-05 1
3.033262e-05 2
2.341310e-05 1
1.750460e-05 1268
2.152667e-05 2
4.582227e-05 2
1.447616e-05 3
5.625125e-06 1
9.091745e-05 229
5.752228e-05 1
8.218349e-05 1
1.176057e-05 1
4.002449e-05 1
5.459807e-05 1
2.759730e-05 1
2.774484e-05 3
3.891312e-05 1
1.436700e-05 101
2.946560e-05 3
1.047147e-05 53691
1.012881e-04 2
1.068674e-05 5
7.439510e-06 1
3.448740e-05 1
2.658208e-05 242
5.434242e-07 1
3.115896e-06 1
1.175381e-05 1
5.106819e-05 1
7.498910e-05 2
1.330031e-04 6
9.673558e-06 3
5.001978e-07 1
1.938282e-05 74
1.074637e-05 1
2.520291e-04 1
3.578475e-05 1
3.233658e-05 1
2.301594e-05 6
5.979995e-05 1
3.552264e-05 1
6.380652e-07 3
5.461214e-05 7
5.241104e-05 1
7.592798e-05 1
6.290408e-05 7
2.007788e-05 1
8.063186e-05 3
7.735868e-05 1
1.438745e-05 390089
2.034120e-05 6
3.394126e-05 1819
1.058678e-04 1
1.289606e-05 33
1.793869e-04 1
2.234477e-05 2
8.137361e-06 4
7.069167e-06 111
2.735776e-05 1
2.402461e-05 1
1.552278e-05 2
2.980881e-05 4
5.122473e-05 1
1.492074e-05 1605
5.050498e-05 2
1.181704e-05 138
6.227788e-05 1
1.136647e-04 2
3.324530e-05 212
1.752477e-05 2
1.427255e-04 1
3.778111e-05 1
6.800920e-05 1
3.359126e-05 4
1.780241e-05 1
3.023375e-07 1
7.190459e-06 1
1.067957e-04 1
5.490817e-05 3
1.092141e-04 1
4.007867e-05 3
3.575606e-06 1
1.861472e-05 3
1.100849e-04 2
1.701107e-05 5
1.698641e-05 1
2.913852e-05 64
1.604214e-05 7
4.655941e-05 1
3.060917e-05 69
2.251269e-05 1
5.242235e-05 1
5.680316e-05 1
4.930052e-06 1
5.113326e-05 14
4.829787e-05 1
1.415268e-05 2
1.267780e-05 1
1.199728e-05 1
2.318490e-05 1
7.815411e-05 1
2.570921e-05 1
1.053433e-04 1
9.100750e-05 3
6.492259e-06 1
1.632638e-05 1
6.837923e-05 1
1.761953e-05 1
6.431651e-05 1
7.412620e-05 5
1.018238e-05 7395
7.122297e-06 1
9.918117e-05 1
3.451116e-05 32423
7.716031e-05 1
9.439956e-06 2
2.214882e-05 3
1.598358e-04 2
1.372283e-04 9
1.492845e-04 250
1.092685e-04 5
7.010107e-06 1
8.708184e-06 1
4.829503e-05 1389
5.037416e-05 1562
2.989980e-05 3
1.244025e-05 1
1.651953e-05 1
3.341036e-05 1
1.607238e-05 1
5.230697e-05 7
2.660735e-05 1
5.374633e-05 4
8.193925e-05 97
3.580885e-05 3
1.878839e-05 4
7.370682e-06 3
4.766374e-06 1
4.663754e-05 1
1.338639e-05 6
8.507403e-05 32251
6.123950e-05 1
5.849400e-05 3
2.193448e-06 1
7.403474e-05 1
7.796370e-07 1
2.451024e-05 4
1.291016e-04 7
3.395611e-05 7
1.046944e-05 342
9.077593e-05 28413
1.262375e-04 7
7.233519e-06 197
1.888491e-05 1
1.403959e-05 3
4.042310e-05 1
2.276991e-04 1
3.569787e-06 1
4.923672e-06 2
3.721228e-05 1
6.274123e-05 3
6.001625e-06 1
2.462254e-05 7
1.907648e-04 4
1.408501e-05 3
2.170803e-05 719
3.919791e-05 1
4.069359e-05 6
1.260577e-05 61
1.329657e-04 3
1.021187e-04 153
4.791550e-06 1
1.342532e-05 1
1.555171e-05 1
2.754396e-05 7
5.081789e-06 1
5.314349e-05 1
2.406314e-05 1
1.384987e-05 1
3.486565e-05 1
3.818371e-05 1
3.391455e-05 370
2.402328e-05 4
1.507956e-05 1
5.914571e-05 1
1.996948e-05 1
4.992799e-05 170
3.564591e-05 2
1.329104e-04 1
2.093567e-04 4
1.996351e-05 129
8.131219e-06 1
4.505172e-05 2
2.496827e-05 5
4.093606e-05 64755
1.192075e-05 1
7.375467e-05 5
2.438031e-05 1
2.363398e-06 27
4.024862e-06 2
7.439301e-08 1
5.962384e-05 3
6.086060e-07 243
1.022750e-05 1
1.605995e-05 1
8.722004e-06 1
3.772716e-05 3
5.394709e-05 1
7.706394e-05 1
1.543135e-05 2
1.665788e-05 1
1.064705e-05 1
2.562428e-05 1
4.897832e-05 1
1.189208e-05 1
2.646036e-05 1
3.837517e-05 1088
3.132488e-05 1
1.260938e-04 1
2.706192e-05 7
8.089537e-05 6
4.987342e-06 3
1.671511e-04 2
3.229239e-05 1
1.236786e-04 11
1.151367e-05 1
1.280307e-05 1
3.952232e-06 2
3.336904e-06 6
1.229814e-04 3
4.945336e-05 1
1.897110e-06 1
1.136037e-04 1
6.477041e-06 1
1.184938e-05 1
1.065764e-04 6
1.350691e-04 1
6.894350e-06 1262
6.737053e-05 2
1.762884e-04 1
6.424939e-05 1
4.778111e-05 1
6.412173e-06 1
3.262956e-05 43
2.037527e-05 3
7.792236e-05 1
9.694207e-05 1
1.141746e-04 1
2.263547e-04 262
2.752588e-05 1
2.427049e-07 5
4.013811e-05 1
4.113528e-05 1
2.573656e-07 62584
7.396385e-05 2024
5.498796e-05 1
4.007495e-05 232
1.128537e-05 1
6.682704e-06 3
3.766347e-05 1
4.892034e-05 1
5.682962e-05 1
5.251373e-06 2
6.726771e-05 2
1.175975e-05 5
7.136770e-05 1
1.612020e-05 1
4.965173e-06 2
6.931231e-06 2
2.625908e-05 2
4.129176e-06 29584
1.886867e-05 2
1.119984e-05 1
2.203079e-05 3
6.416308e-06 2007
6.235128e-05 1
2.381679e-05 6
1.335166e-05 1
2.155191e-04 1
9.664149e-05 1290
6.240269e-05 213
1.642754e-05 3
2.629360e-05 1
1.089924e-04 1772
3.949058e-05 1690
9.425524e-05 3
2.059065e-05 1
8.750816e-05 1
1.289037e-05 1
2.204337e-04 1
4.775479e-06 1
3.228675e-05 5
1.490469e-04 6
4.238408e-06 6
8.987429e-06 1
1.198588e-04 1
8.877905e-06 1
3.621210e-06 1
1.450973e-04 2
5.331134e-05 1
5.473076e-05 1
3.439726e-05 1
9.283061e-06 1
4.843160e-05 31318
7.549881e-05 1
7.362826e-05 88
7.204502e-05 2
3.439101e-06 1
4.445147e-05 1
2.683719e-06 1
2.464216e-05 1
2.152789e-05 2
9.753856e-06 2
1.158275e-05 7
1.725061e-04 51
2.310284e-06 1
1.054375e-05 1
1.214111e-04 33261
8.483954e-06 2
9.475347e-05 1
6.056514e-05 4
3.492763e-05 1
5.642335e-05 3
2.956211e-06 1
2.171344e-05 713
8.946414e-05 1
6.523203e-06 7
1.595016e-05 1
3.814887e-06 1781
2.442662e-06 3
9.166256e-05 3
2.803252e-04 1
1.009020e-05 1
1.171951e-04 3
4.955004e-06 1
1.194129e-04 1
6.720530e-05 5
5.757930e-05 4
3.199071e-05 1
5.545196e-05 1
5.491663e-06 3
1.287153e-05 1
7.874419e-06 1
2.975898e-05 1
5.765882e-05 1
5.790841e-06 148
3.198766e-05 1
5.842194e-05 1
3.224043e-05 3
1.631086e-04 1
2.472480e-05 1
9.986697e-06 1
8.349816e-05 52666
3.644600e-05 1
1.938674e-05 1
4.089447e-05 2095
6.921160e-06 127
3.933555e-06 1
7.812291e-05 1
1.641201e-05 1
4.111630e-05 1
2.732590e-05 1
8.463021e-05 3
4.775927e-05 5
1.490834e-05 1
4.860893e-05 6
4.528685e-05 1
2.446930e-05 1
3.055389e-05 2
5.134771e-05 6
1.821389e-05 1
1.672481e-05 3
3.635508e-05 1
5.104727e-05 1
5.249554e-05 2
1.736901e-04 1
3.703126e-05 194
2.801908e-04 3
9.782441e-05 2
5.450637e-05 1
1.747011e-05 2
3.320850e-05 4
2.543850e-05 3
7.716134e-06 2
3.743720e-05 365
3.890983e-05 1
1.493151e-05 1
2.311189e-05 630
3.560221e-05 69
9.859092e-06 23
2.101166e-05 3
3.130382e-06 1
5.882168e-05 1
1.687154e-05 2
2.899152e-05 1
1.883058e-04 1
1.458197e-05 81
8.325855e-06 5
4.655938e-05 1
1.050389e-04 1
7.094437e-05 5
1.287975e-05 138
6.717781e-06 45
8.180648e-05 2
8.636640e-05 1
5.105951e-05 1
1.431218e-04 3
1.139846e-05 1
2.143489e-05 4
1.093805e-05 3
8.003987e-06 1
2.569406e-05 822
1.449120e-04 54311
1.197266e-04 1
1.801027e-05 2
4.832835e-05 1
1.220084e-04 1
4.440327e-05 1
3.800555e-05 1
2.433401e-05 1
6.242416e-05 2
1.041332e-04 1
1.889015e-05 219
6.376947e-06 1
6.887330e-06 1
2.991047e-05 3
2.722567e-05 1
1.990912e-07 1
7.328169e-05 9540
1.036266e-04 6
2.611650e-05 1
3.843506e-06 1
2.494585e-04 140
1.371690e-05 1
2.812530e-05 1
5.738254e-05 3
7.281637e-05 1
5.991575e-05 2
2.193542e-05 73
1.242736e-04 3
3.231407e-05 1
1.813536e-05 7
1.756773e-04 1
7.071413e-05 4
1.442911e-04 1
5.709167e-05 4
7.419241e-05 1
2.982812e-05 1
3.674777e-05 1
4.625304e-05 1
1.134058e-05 5
4.364835e-05 1
1.349798e-05 1
8.853997e-05 1
2.695410e-05 1
6.138296e-05 1
6.541042e-05 1
1.524452e-06 2
2.940247e-05 3
1.359465e-05 2
5.167826e-05 1
5.846751e-05 1
2.636168e-05 1607
9.676346e-05 1
2.337322e-05 65
1.397199e-04 201
2.408295e-06 1
1.075976e-05 1
1.630360e-05 1
3.977424e-05 1
2.805781e-05 1
8.037902e-05 1
5.952084e-06 1
1.060281e-05 5
2.144677e-05 2
1.389154e-04 4
1.086142e-05 233
8.239568e-05 1
5.876572e-06 138
7.129021e-06 13659
6.785114e-05 1
7.974942e-05 1
6.965811e-05 1
4.533248e-06 1
2.536827e-05 1
3.661959e-06 562
1.404250e-05 3
2.438524e-05 2
1.005480e-05 107
4.432278e-06 1
2.994503e-05 1
7.331534e-05 2
1.651613e-04 1
5.691115e-05 8396
1.552031e-04 1
1.087466e-04 65
3.716648e-06 2
8.834701e-05 2
8.132130e-07 19267
7.905583e-06 20
5.343144e-05 1
7.823709e-05 181
5.083202e-05 27
1.338986e-04 3
4.834954e-05 1
1.749365e-05 30440
1.454948e-05 1
5.397253e-05 209
9.767342e-06 5
6.898998e-05 112
3.725888e-05 2
7.287836e-06 1
5.998699e-05 1
2.529435e-05 1
4.508116e-06 6
3.298978e-06 1
1.683618e-05 1
7.974086e-05 1
1.012042e-04 1
1.174775e-05 1
2.107882e-05 1
2.030160e-05 6
7.294551e-06 1
1.800147e-05 658
1.971243e-04 1
2.089154e-04 179
6.323273e-05 1
1.925395e-04 889
5.590178e-05 1
1.251271e-05 2
7.604947e-06 1
4.172804e-05 3
2.626664e-07 7
8.757634e-05 1
6.002451e-05 1
2.303146e-05 1
9.123410e-05 1
1.396386e-05 35442
8.323940e-06 1
1.881772e-05 1
6.762290e-05 3
2.072386e-05 1
3.234606e-05 7
1.138908e-05 1
3.905742e-05 1
5.666495e-05 1
2.959858e-05 1
1.829396e-05 5
5.408825e-05 1
7.529245e-05 1
3.049968e-05 1
5.009121e-05 1
3.080030e-05 1
2.898200e-05 1
1.942553e-05 1
3.732955e-05 4
8.961890e-06 3
8.004651e-05 1
2.792975e-05 147
8.385394e-06 2
7.696967e-05 6
2.100486e-05 2
4.308792e-05 1
5.230177e-05 1
3.192538e-05 113099
1.470738e-04 1
1.265550e-04 1
1.209536e-04 36
1.666391e-06 1
9.281697e-06 1
3.242616e-06 6
1.107496e-04 2
4.882201e-05 1
4.117387e-05 1
3.379622e-05 7
7.176671e-05 5
4.484638e-05 6288
3.035528e-05 3
7.710178e-05 1
6.772253e-05 41829
4.870833e-05 1126
1.704449e-06 2
5.338523e-06 1
5.082482e-05 30704
2.459167e-05 1
1.816409e-04 6
3.226174e-06 132
3.795029e-05 1
5.005851e-05 1
1.599711e-05 3
2.226690e-05 42826
1.158581e-06 3
9.035885e-06 4
1.652376e-04 3
3.696618e-05 1
1.625643e-04 1
3.962616e-04 1
4.179572e-05 1
9.062935e-05 3
6.114420e-05 152
7.341699e-05 1
1.568778e-05 65647
4.493855e-05 192
9.559994e-06 262
1.508434e-04 1
1.411595e-05 2
7.694867e-05 2
9.614058e-09 3
1.322998e-04 1
9.891309e-06 1
4.178748e-05 38
1.329435e-04 1
1.104759e-05 2
2.117832e-04 3
9.924468e-08 1
1.738458e-05 36361
3.997805e-06 2
1.744552e-05 1
6.442859e-05 1
2.800494e-05 1
1.165251e-05 1
1.248470e-05 73
9.797664e-05 1
4.518292e-05 1
6.468129e-05 139
6.337715e-05 61432
1.659706e-05 3
2.372905e-05 1
4.224395e-05 1
1.141698e-05 1939
1.231137e-06 3
7.313225e-05 1
6.841770e-05 1
6.413712e-05 3
6.254586e-05 6
1.003059e-06 1
2.295444e-05 1
1.620424e-05 3
2.016468e-05 1
1.926178e-06 2029
7.895805e-05 1
3.673979e-05 1
3.660663e-05 4
4.764612e-06 1
1.019421e-05 2
3.777054e-05 151
8.502682e-05 239
1.703622e-04 3
3.301515e-06 1
7.811878e-07 1
3.039930e-05 1
4.278258e-05 1
1.633575e-07 1
1.476991e-05 1
9.859615e-06 23
5.185530e-05 1
4.751833e-05 1
9.633128e-05 1
9.942541e-06 6
4.640812e-05 1
5.812577e-06 1
4.034144e-06 1
3.539741e-05 1
3.426129e-05 1
2.688834e-04 234
5.319267e-05 1
2.287678e-05 13186
4.049422e-06 1
1.224093e-04 5
1.193876e-04 1
5.039409e-05 3
4.547833e-06 1
1.775798e-05 1
5.590961e-05 1
9.453890e-05 52185
1.227140e-04 25739
4.059802e-05 1
3.123330e-05 1
6.489386e-05 1
4.784214e-05 159
4.359244e-05 1
7.827788e-05 76
5.220836e-05 1
3.194262e-04 1
4.694040e-05 1
7.070697e-05 63
8.682649e-06 1
5.253962e-06 6
1.188114e-04 1703
2.940117e-05 3
1.500152e-04 1
2.961697e-05 2
3.521188e-05 6237
2.275123e-05 1
5.648116e-07 1
9.656977e-07 1
3.348643e-05 6856
1.275466e-05 1
5.091126e-05 128
1.338229e-06 3
2.377136e-07 5
2.068247e-05 4
8.863258e-05 2
6.611054e-05 2
1.701952e-04 3
2.977932e-06 1
5.632207e-06 1
8.033794e-05 1
6.277563e-05 1
2.312814e-05 1
4.289461e-05 1
2.219433e-05 261
8.290237e-05 4
8.814384e-06 1
6.409428e-05 3
5.423108e-05 95
9.530091e-06 3
3.720306e-05 4
2.860478e-06 57813
2.084925e-04 2
3.720625e-05 2
7.439650e-05 1
6.011086e-05 3
6.792283e-05 1
4.298796e-05 4
6.442199e-05 1
4.858808e-05 1
3.555423e-05 1
5.646848e-05 3
1.029377e-04 1
1.875015e-05 1
6.907911e-05 214
2.784320e-05 1
1.584992e-04 12612
6.382189e-05 7
1.906541e-05 3
4.488153e-05 1
1.803105e-05 84
1.440276e-04 7
1.965102e-05 1
1.631866e-05 1
6.417819e-05 1
4.344615e-05 3
5.617353e-05 1
2.593211e-05 1
6.739648e-05 3
4.332832e-05 1
5.790390e-06 1
3.006075e-05 105
5.941417e-06 2
7.432066e-05 1
3.328575e-05 1
3.083021e-05 1
1.663031e-05 3
1.968275e-04 3
8.154246e-08 1
5.937382e-05 3
6.900541e-05 2
1.029123e-05 1
1.827259e-05 1
1.190625e-04 262
9.767207e-05 1
5.942012e-05 1
3.476836e-05 119
3.078992e-05 1
6.148786e-05 3
2.768250e-05 60
6.486224e-05 1
1.234147e-04 3
5.046915e-06 1
9.161740e-07 4
7.615479e-05 5
2.642710e-05 1
2.196708e-05 1
1.102151e-04 1
6.570400e-06 61
9.055348e-05 3
1.863407e-05 1
2.122146e-05 2
4.084945e-05 1
5.389249e-05 1
6.225525e-05 19900
1.023227e-05 89
3.240191e-05 1
1.072696e-04 5
4.084783e-05 1
2.274003e-05 1
2.616697e-05 334
1.327950e-05 1
4.236775e-05 1
2.336993e-05 1
8.145347e-05 4
2.915718e-07 2
1.056259e-05 1
4.648689e-06 5
2.106521e-05 1
1.366065e-04 6
6.616203e-05 4
5.840992e-05 1
3.314526e-05 1
1.332806e-05 1
7.373750e-07 3
6.342375e-05 3
3.440005e-05 1
1.296761e-05 1
6.802820e-05 1
2.634585e-05 7
3.475553e-06 1
7.288183e-05 1
8.127534e-05 1
1.896555e-05 1
8.350121e-05 1
3.516815e-05 4
8.279155e-06 2
2.512224e-05 36451
2.339892e-05 1
7.094598e-05 1
1.217251e-04 1
8.889144e-05 1
1.778289e-04 1
5.371596e-05 1
5.716204e-05 1
5.383248e-05 7
3.216630e-05 58373
6.070273e-05 3
1.273090e-05 1
1.438577e-04 1
2.483600e-05 1
1.732510e-05 1
1.165616e-05 1
7.381285e-05 65438
3.076264e-05 267
2.070475e-05 2
4.413379e-05 1
4.712171e-06 1
3.443844e-07 172
2.446275e-05 1
2.630490e-05 3
1.483561e-04 1
9.671682e-06 146
5.234651e-05 2
5.721119e-07 1
1.285167e-04 1
1.325246e-04 1
1.127284e-05 1
9.765501e-05 1
1.343562e-04 1309
6.999710e-05 4
1.478362e-04 1
5.097034e-05 2
8.491198e-05 1
5.450073e-05 1
5.257935e-05 3
4.711425e-05 2
3.884993e-05 1
1.077141e-04 5
5.764520e-05 2
8.613365e-08 7
1.214240e-04 6
1.845626e-05 1
1.338198e-05 1
2.266083e-05 1
7.053684e-05 172
1.776016e-04 1
5.557610e-05 1
2.312111e-05 1
9.125240e-05 1
5.612179e-05 1
4.727526e-05 4
5.600247e-05 2
3.537262e-05 3
4.589894e-05 39453
3.262520e-05 1
2.369950e-06 1
2.913387e-04 1
1.365039e-05 1
1.138639e-04 16636
2.942736e-05 5
2.295094e-05 1
7.140396e-05 40978
3.808463e-05 1319
7.740465e-05 3
1.573683e-06 1
4.857439e-06 46
6.555992e-06 1
7.878860e-06 1
2.138078e-04 2
7.808608e-05 1
1.250842e-04 6
8.095629e-05 2
3.172735e-05 3
8.746837e-05 2
3.087938e-05 2
7.108877e-05 3
2.189572e-05 5
2.385411e-05 31039
7.706420e-05 526869
4.194428e-05 30
2.118473e-05 1
3.513457e-05 2
1.445898e-05 197
7.003702e-05 1
5.159364e-06 4
1.664893e-05 1
6.885477e-05 21160
2.711368e-05 407924
4.722318e-06 1
4.590036e-05 3
6.732818e-06 1
1.408318e-06 1
7.668175e-05 3
9.744317e-06 1
7.065637e-05 2
3.345432e-05 1
8.272713e-06 1
4.102966e-05 522
7.926434e-05 5
5.630310e-06 1
4.654659e-05 1
1.545827e-05 1
4.770801e-05 2
1.033779e-04 1
5.520670e-05 265
6.211177e-05 1
1.026612e-04 41
2.055629e-05 1
2.595416e-05 80
3.018333e-05 2
5.649095e-05 1
7.328297e-06 2
2.238850e-05 38
3.729891e-05 1
2.379504e-05 5
4.844356e-05 5
1.391422e-04 1
1.963750e-05 156
2.358991e-05 152
3.525847e-06 1
1.931729e-06 1
7.714501e-06 3
6.203459e-05 1
6.009665e-05 1
1.239298e-05 1
1.795208e-04 1
9.765980e-05 3
3.391475e-05 2
1.238692e-04 3
1.198911e-05 1
3.446030e-05 1
7.141601e-05 252
1.208000e-05 2
8.863277e-05 1
1.016217e-05 1
6.296621e-05 2
2.032744e-05 1
1.053564e-04 1
5.916227e-05 117
6.859627e-05 1
4.276458e-05 2
1.434648e-05 1
3.675006e-06 2013
2.165044e-05 1
6.546643e-05 1
1.465838e-05 59706
8.683224e-05 1
2.602546e-05 75
1.321690e-05 1
4.873064e-06 1
2.943246e-04 24978
4.138519e-05 163
2.656035e-05 1
1.243224e-04 1
1.030078e-04 1
3.052210e-07 1
1.850598e-05 2
1.599718e-04 4
4.685426e-05 101
5.595801e-06 1
3.216662e-05 446
3.610784e-04 10
1.573743e-05 1
1.224499e-05 1
5.433691e-05 1
1.028098e-04 1
5.661260e-05 1
8.718737e-06 2
3.167816e-05 13228
5.246070e-05 1
7.972859e-05 1
6.397755e-05 1
6.135518e-05 1471
1.439645e-04 1
1.276371e-05 1
7.247707e-06 1
1.144766e-06 1
9.966388e-05 66239
6.239201e-05 1
2.639454e-05 3
3.826900e-05 4
1.482550e-05 2
1.881795e-05 1
4.703215e-05 1
5.471952e-05 1
1.562127e-04 1
3.400405e-06 1
1.296232e-04 1
5.480999e-05 448
5.435617e-05 1
5.613582e-05 26615
1.319153e-05 213
2.090096e-05 1
1.695929e-05 1
2.123794e-05 2
2.068867e-05 7
5.313195e-05 5
1.576923e-04 1
1.352794e-05 3
4.031121e-05 1
2.471614e-06 118
8.739775e-06 1
1.411980e-04 1
4.981022e-05 1
5.420449e-06 1
1.513871e-05 6
1.433837e-06 1
1.979581e-05 1
7.869281e-05 54840
1.904734e-05 1
1.239966e-04 1
5.513530e-05 60
2.182069e-07 2
1.338473e-05 1
2.697005e-05 1
2.308275e-05 191
7.228049e-05 1
7.772414e-05 2
8.147799e-06 202
7.786830e-05 3
8.687550e-06 1
1.604013e-05 1
1.196161e-05 4
2.261431e-04 3
3.579398e-05 162
1.034502e-05 521
4.807632e-06 1
3.956504e-05 52
7.536019e-05 6
8.644555e-06 1
7.731984e-05 3
2.380494e-05 6
1.347091e-05 1
1.334315e-04 244
9.804018e-06 1
2.976887e-05 1
2.432558e-05 1
8.079297e-06 1
2.958489e-04 6
3.939449e-05 165
9.996136e-06 1
4.815665e-05 3
5.640855e-06 2
1.799934e-05 1
9.909811e-06 1
8.622632e-07 2
6.359289e-06 1
3.742501e-05 1
8.294646e-06 2
3.941662e-05 275
3.061350e-05 69
1.016653e-04 1
1.531470e-06 1
6.028405e-05 2
2.934645e-06 1
7.567964e-05 1
4.438199e-05 1
2.300825e-05 1
2.647327e-05 1
2.673237e-05 6
2.239836e-05 1
6.545230e-05 3
7.890094e-05 1
4.261891e-05 10541
3.015203e-05 1
1.345978e-05 2071
5.108614e-06 1
1.287362e-04 1
5.346253e-05 1
7.376518e-05 3
5.716511e-05 1
5.210236e-06 1
1.064422e-04 263974
1.525338e-05 1
7.049578e-05 3
6.935842e-05 2
7.897192e-06 1
1.427978e-04 5
1.416300e-05 1
3.108346e-05 3
6.835432e-05 1
3.939780e-05 7
1.468111e-04 1
6.698152e-06 1
2.709938e-07 1
2.635737e-05 1
5.833227e-05 1
8.947447e-05 2
1.153389e-05 5
5.761666e-06 42966
1.584153e-05 174
5.914546e-05 1
1.811424e-05 1
1.966731e-05 3
2.424418e-05 1
4.906238e-05 1
3.795439e-05 3
6.383973e-05 62
7.597623e-05 236
6.066721e-05 1
1.971591e-04 6
3.480494e-05 3
7.914009e-06 19
1.320567e-04 150
3.482997e-06 7
1.368468e-05 1
7.796719e-05 1
3.884579e-05 91
1.408524e-05 128
1.978417e-05 144
1.559709e-05 196
6.510089e-05 2
4.182412e-05 1
9.291094e-05 1
1.208153e-05 8
4.686997e-07 2
4.247725e-06 1067
2.133937e-05 1
7.892004e-05 3
2.573684e-05 96
6.256617e-05 894
7.559103e-06 1
2.152226e-05 1
2.709302e-05 1
9.392387e-05 1
3.833789e-05 1
1.081718e-06 7
3.597352e-05 2
3.924961e-05 1
1.100472e-05 1
1.382951e-05 1
2.029757e-04 84
3.296010e-05 1
5.347727e-06 1
3.865568e-05 102
1.212267e-05 7
1.015164e-05 1
8.168675e-07 3
1.013600e-05 1
3.526803e-05 1
7.123784e-05 1
3.513052e-06 7
2.301650e-05 2
5.370121e-06 1
1.964280e-05 1
3.859291e-05 2
6.847908e-05 27964
2.779085e-05 53
6.125429e-05 3
9.236258e-06 1
9.985376e-05 1
1.782695e-05 3
8.830394e-05 1
8.503511e-06 1
1.401290e-04 1
7.700887e-05 107
5.539735e-05 1
5.689734e-05 2
1.690403e-05 2
4.052966e-05 1
2.830888e-05 3
2.607241e-05 1
1.099572e-05 3
3.321862e-05 1
1.347319e-04 29996
1.900968e-04 1
3.303718e-05 1
2.323078e-05 1
1.443984e-04 1
1.866456e-05 1
8.534451e-06 1
8.575820e-06 1
8.147747e-06 1
1.382729e-05 1
6.717688e-05 1772
8.553579e-05 1
3.987782e-05 3
7.511060e-06 5
3.944748e-05 2
1.239959e-04 1
2.023421e-06 3
1.352843e-06 1
8.391028e-06 2
1.542573e-04 1
4.229636e-05 1
1.287688e-04 1
2.853890e-05 1
8.469586e-06 1
1.119185e-04 1
1.032436e-04 1
1.181041e-05 1
1.415372e-05 1
3.528001e-05 1
1.069305e-05 1
3.213452e-05 3
1.351791e-05 1
6.132305e-06 1
4.442750e-05 2
2.879015e-05 6
1.201562e-04 252
4.468416e-06 1
4.692269e-05 345074
2.491281e-05 2
4.386921e-05 1
3.687084e-06 1
5.489606e-05 1
1.620361e-05 245
6.220423e-05 4
1.674107e-05 4
1.125807e-05 89
3.986521e-05 1402
1.122546e-04 1
3.883142e-06 2
2.817677e-05 1
6.890141e-05 1
6.938639e-05 1
6.782766e-05 2
1.293196e-04 171
1.357479e-04 1
8.511823e-06 164
1.434144e-04 1
3.027003e-05 1
1.961739e-06 3
9.923486e-06 2
9.309330e-05 1
7.524259e-05 1
5.637205e-05 3
4.681526e-05 6
1.535871e-06 1233
1.606197e-05 3
3.429674e-05 147
4.455963e-05 1
7.336893e-05 1
6.572014e-06 2
4.766239e-05 1
4.359441e-06 2
4.716003e-05 650
6.963236e-06 1
1.443319e-05 1
6.754972e-05 2
2.884987e-05 187
3.231044e-05 3
1.681482e-05 87
1.790506e-05 2
2.454911e-04 37412
5.229500e-06 4
1.489980e-04 43
2.040880e-04 5
3.943677e-05 5
3.507388e-05 7
1.617364e-05 1
3.513240e-06 1
5.418651e-05 1
6.658177e-05 1
4.862449e-05 20
6.117726e-05 151
2.486321e-05 1
1.372910e-05 1
6.473493e-05 137
7.806232e-05 7
3.433179e-05 2
4.207574e-05 1
7.036649e-05 177
1.281384e-04 2
4.654347e-05 219
9.321446e-05 3
5.696126e-06 1
4.161700e-05 3
1.351027e-05 2
9.426554e-05 1
6.527637e-05 1
8.616881e-07 4
1.096099e-05 1
2.194530e-05 58606
2.047780e-05 3
4.461524e-05 3
5.739479e-06 44525
3.546627e-05 3
7.225141e-05 1
2.217928e-05 1
4.089600e-05 7
3.363694e-05 1
8.488719e-05 1
3.159508e-05 1
1.243474e-04 1
9.694911e-06 1
9.834903e-05 2
1.408024e-07 198
4.168707e-05 1
1.709805e-05 1
1.560536e-05 4
4.009021e-06 1
2.406564e-05 3
9.832398e-05 1
8.615828e-06 1
6.417188e-05 2
2.902649e-05 4
1.673963e-05 197
5.359247e-06 6573
6.652067e-05 7
3.729013e-05 1
5.910584e-05 1
1.011948e-04 1
4.453539e-05 1
1.807543e-05 1
2.042021e-05 1
3.893616e-05 1
8.370937e-05 1
5.092711e-05 231
4.713785e-06 52229
1.054211e-04 1
2.060549e-06 1
4.594494e-06 180
7.632621e-06 3
1.790496e-05 1
1.432671e-04 2
1.159923e-04 1
1.253504e-05 2
5.393907e-05 1
8.144777e-06 3
5.038426e-05 151
5.729980e-05 7
5.210556e-05 523
1.277584e-04 2026
8.415249e-05 1
2.529313e-05 2
1.107282e-05 1
2.671288e-05 1
4.079004e-05 1
1.191529e-06 1
1.110265e-05 3
2.103144e-05 2
7.125117e-05 2
2.541374e-05 1
1.268709e-04 3112
3.861453e-05 2
1.147693e-04 2
3.692089e-05 6
1.477334e-04 44639
5.771502e-05 5
2.795545e-05 1
3.128601e-05 25
3.611474e-05 3
2.236466e-05 1
5.684734e-05 1
1.303790e-04 1729
3.873390e-05 6
2.113279e-04 2
2.281915e-05 3
5.858695e-06 36
1.482687e-05 1
9.896635e-06 3
4.580309e-05 1
3.581003e-05 1
4.458863e-05 4
5.921568e-05 1
5.738563e-05 1
8.995308e-05 2
7.388040e-05 4
5.310589e-05 1
2.304220e-05 1
1.501602e-04 36742
6.149578e-05 3
5.014625e-05 3
2.295518e-05 97
2.235274e-06 1497
8.845444e-06 2
2.399919e-04 1
5.080775e-05 1
2.744087e-05 1989
9.637806e-07 1
2.013434e-07 2396
6.693811e-05 2
6.642940e-05 3
8.502570e-06 1
3.121297e-05 1315
8.547155e-06 1
4.322237e-05 1867
9.929219e-05 1
6.336575e-05 1
2.782273e-05 3
4.798164e-06 1
7.062898e-05 1
3.130035e-05 1
3.185953e-05 1
4.301600e-05 2
3.563338e-05 2
2.420543e-05 1
2.104780e-05 1
4.844503e-05 3
5.665716e-05 2
1.121572e-04 1
2.034909e-05 1
2.801916e-06 1
2.811756e-05 1
5.131332e-05 2
1.121359e-05 1
2.785712e-05 1
1.743276e-05 2
3.646458e-05 1
9.791663e-05 1
1.344810e-04 3
6.740476e-05 55
1.020028e-05 2
2.940182e-05 3
2.409364e-05 3
7.145921e-05 2
2.491124e-05 1
2.723221e-05 214105
4.192852e-05 1
3.931486e-05 1
4.050784e-06 1
8.878125e-06 3
2.029237e-05 1
1.090451e-04 1
2.318344e-06 1
6.158520e-06 2
3.113394e-05 1
1.049037e-05 7
8.173402e-05 1
2.267069e-05 1
4.048482e-05 2
1.268599e-05 3
2.650855e-05 5
9.738636e-05 1122
5.805252e-05 1
1.039722e-04 127
3.922318e-06 1
8.789112e-05 78
1.389230e-04 1
3.665208e-05 1003
9.818812e-07 1
5.775854e-05 1
1.059767e-06 1
8.026915e-05 1
1.963380e-04 3
2.831890e-05 1
1.461695e-05 3
3.888717e-06 1
4.977910e-05 2
1.420773e-05 1
1.099347e-04 1
1.672895e-05 1
2.112597e-05 5
3.324736e-06 2
3.554375e-05 1
1.590701e-05 1
8.288330e-07 6
7.442023e-06 1
7.625846e-05 1
7.324433e-06 2
2.573004e-05 2
1.676843e-04 372
8.377171e-05 2
7.827311e-05 1
5.297352e-05 1
1.463471e-04 3
4.250945e-05 1
7.388134e-05 4
1.046551e-04 1
2.156421e-05 1
1.600848e-06 1
1.903429e-05 1
1.004004e-05 1
7.631855e-05 25848
1.089101e-04 1
6.184085e-05 1
1.172375e-05 6
1.301850e-05 1
3.064916e-06 151
1.099580e-06 1
1.792006e-05 265030
3.426393e-06 2
2.743172e-07 1
2.908620e-05 3
1.501667e-05 3
3.525722e-05 1
1.037441e-04 1
1.244264e-04 3
5.975335e-05 787
1.375674e-06 1
8.599969e-05 1
5.296696e-05 6
5.175147e-05 2
1.073866e-05 36901
3.283793e-05 1
9.616835e-06 1
1.706057e-06 1
4.687329e-06 54116
6.054413e-05 1
4.669796e-05 1
4.178618e-05 1
1.365443e-06 1
6.683531e-05 1
7.653729e-05 1
5.446353e-05 1
1.601241e-05 1
2.841218e-05 1
6.970930e-05 1
1.707340e-05 168
4.216711e-05 1
1.794229e-05 730
1.517436e-05 30178
7.986250e-06 220
1.100172e-04 1
4.710452e-06 5
6.651105e-05 82
2.312592e-05 84
1.676219e-05 2
6.376163e-05 1
5.145198e-06 6
6.655421e-05 2
4.657154e-05 10
4.319969e-05 1
1.255385e-05 1
8.083343e-05 1141
2.199180e-05 3
3.232624e-06 235
2.796678e-05 2
2.479652e-05 1
2.118787e-06 48681
8.852619e-05 2
1.094086e-05 6
3.801909e-05 1
6.675476e-05 1
5.667916e-05 13825
8.850521e-05 1
6.913886e-05 3
8.920853e-06 1
5.820246e-07 1
1.468842e-05 7
7.944205e-05 3
5.097857e-06 18
3.775454e-05 1
4.908930e-05 3
4.100253e-05 1
5.083320e-05 1
4.079336e-05 3
7.987953e-05 3
2.379908e-05 6
1.088185e-05 1
1.820933e-05 2
1.446100e-05 1
4.423389e-05 18
1.786406e-05 1
5.855093e-05 1
6.283835e-06 3
8.318836e-05 2
5.019243e-06 1
5.960873e-05 3
2.471048e-06 1
2.253497e-04 1
4.290496e-05 1
2.656881e-05 1
3.499922e-05 3
5.464153e-05 1
7.480088e-06 1
1.396935e-05 1
1.737472e-06 1
7.081311e-05 5
2.516680e-05 33
2.110361e-05 140
4.628122e-05 2
1.439452e-06 1
8.178710e-05 204
2.887730e-05 3
1.194416e-04 259
3.127117e-05 3
9.673015e-05 1
1.461269e-05 1
1.209014e-05 215
1.097674e-04 2
1.294058e-05 1
1.269385e-05 1
1.434339e-05 1
9.228614e-05 2
1.996002e-05 1257
8.591655e-06 1
6.194644e-05 1
6.646126e-06 5
3.637380e-05 3
8.364947e-05 7
8.254989e-05 605
6.501696e-05 1243
3.912000e-05 1
3.002935e-05 2
4.440205e-05 1
9.519877e-05 3
8.165477e-05 3
1.413441e-04 2869
5.362729e-05 1
5.411661e-05 2
3.830377e-05 6
5.840354e-06 3
7.993145e-05 1
3.844544e-05 6
8.524497e-06 3
2.806243e-05 2
3.170734e-05 1
3.826728e-05 1
7.231660e-05 2
1.170186e-04 1
1.080875e-04 1
1.910117e-05 336769
4.398919e-06 1
3.363357e-06 1
3.079034e-05 1
3.796843e-05 36132
1.177607e-05 1
4.994865e-05 1
3.816446e-06 306
3.464327e-06 1
1.634769e-05 1
4.897802e-05 588428
1.111250e-04 1
4.973168e-05 1
4.626634e-06 1
1.450483e-04 1
4.552682e-05 267
1.673952e-05 749
2.492257e-05 1
3.368098e-05 7
9.628632e-06 3
9.654833e-05 1
1.373699e-04 1
5.402522e-05 1
5.220799e-05 73
8.251531e-06 1
1.323369e-05 1
1.330487e-04 37536
8.490208e-06 1
1.325846e-05 12420
1.131778e-04 1
5.068407e-05 1
9.177724e-05 1
4.545271e-05 4
2.967874e-05 1280
1.919686e-04 1
5.454625e-05 4
1.277608e-05 5
4.930630e-05 1
5.551448e-05 1
3.650371e-05 1
2.205745e-05 1
1.890883e-05 1
8.652012e-05 1
1.131613e-04 1
7.608132e-05 1
6.848543e-06 1
5.227614e-05 423
6.104880e-05 2
9.630770e-06 1
6.864938e-06 1
2.442011e-05 193
1.698976e-05 1
3.873262e-05 807
9.462917e-05 7
1.029727e-05 590
2.794733e-05 1
2.271836e-05 1
7.559528e-05 1
2.668514e-05 1
2.261211e-05 1
1.086902e-06 1
4.412805e-05 3
1.626593e-05 136
2.544212e-06 1
7.565982e-05 1
3.183943e-05 742
6.448478e-05 1
1.312092e-05 1
1.897433e-05 1
2.879408e-05 1
2.424643e-05 1
1.494471e-04 1
1.766254e-05 1
1.453347e-05 2
7.025247e-05 1
7.513078e-05 3
2.236231e-05 144
2.599699e-07 1
9.387592e-06 1
9.551103e-06 1
2.470140e-05 1
2.270262e-05 1
2.502053e-05 2
2.184398e-04 3
5.557470e-05 6
3.548554e-05 3
1.154350e-05 3
1.380108e-04 1
1.197374e-04 256
1.291065e-04 1
5.979176e-05 1
1.306705e-06 156
4.375022e-05 3
6.343157e-05 1963
1.729667e-05 1
3.958451e-05 1
3.139283e-06 3
9.570753e-06 1
2.338775e-04 3
2.306980e-05 7
1.954363e-05 50893
2.971492e-05 1
4.580618e-05 42191
3.768787e-05 1
1.053830e-05 49489
2.552752e-05 1
3.966552e-05 42448
5.799681e-05 3
8.929996e-05 1
1.986727e-05 1
8.506722e-05 1
4.114902e-05 1
6.540327e-05 1
3.343628e-06 22186
3.268414e-06 27712
4.365960e-05 1
2.698984e-05 6
6.606909e-07 3
7.626989e-05 26605
1.375416e-06 1
6.047043e-05 57680
2.102681e-05 5
4.365932e-06 1
9.775154e-07 6554
1.098276e-04 1
9.694395e-06 2
4.925769e-05 780
8.499235e-05 32
2.319896e-06 1
4.606651e-05 1
5.740111e-05 1
2.666791e-05 1
3.606181e-05 2
2.076946e-05 317
1.479602e-04 7
4.799442e-06 46143
4.432598e-05 222
3.598084e-05 1
9.297806e-05 1
1.004118e-05 4
5.317841e-05 3
4.160268e-05 43052
4.457171e-05 3
1.094194e-05 225
5.413393e-05 1
1.109159e-05 210
3.723315e-05 1
4.833942e-05 1
4.718754e-05 1
6.239084e-06 2
3.758261e-05 1
6.930636e-05 473519
2.193048e-05 1
1.261382e-04 1
9.402364e-05 1
7.457448e-05 53170
6.032359e-07 1
9.514143e-05 1636
6.724390e-06 1
5.080250e-06 3
4.213381e-05 1
3.606773e-05 42
8.197102e-05 1
2.534189e-04 1
6.757187e-05 3
7.116364e-05 45086
2.934401e-06 62
5.070219e-05 33
1.036458e-04 1
9.464165e-07 3
6.484422e-05 1
5.021109e-05 1
4.738208e-05 505
7.140867e-05 1
6.499592e-06 1876
1.004131e-05 6
8.159363e-06 9280
1.739722e-04 1
3.331465e-05 208
1.043479e-05 2
1.364391e-04 1
1.911283e-05 7
1.190095e-04 1
4.816292e-05 145
6.047906e-05 1
1.169306e-05 1
8.900412e-05 1
1.051382e-04 18089
1.269639e-05 156
5.424783e-05 2
4.792831e-05 1
3.172456e-05 1
1.330294e-05 1
1.344965e-04 1
8.521166e-05 1
1.904348e-05 102
4.736150e-05 3
3.452573e-05 2
1.743035e-05 1
6.037874e-05 1
2.361270e-05 255
2.743360e-06 2
1.175616e-05 2
1.836710e-04 1
2.220797e-05 1
1.474850e-06 31
6.806862e-05 5
1.534922e-05 1
1.330836e-05 1
8.003361e-05 1
2.140320e-05 1
3.452355e-05 1
5.829693e-05 1
4.389540e-05 1
5.461727e-05 7
5.730862e-05 1
7.531558e-06 1753
3.406140e-05 2
3.924253e-06 3
2.119900e-07 5
2.175545e-06 50
5.972900e-05 1
1.285191e-05 1
1.222721e-05 1
1.009158e-04 2
1.587828e-06 17
7.255218e-07 4
6.464233e-05 6
1.704429e-05 3
4.516545e-05 512
1.213996e-05 2
6.379425e-06 1
1.361487e-05 2
9.637161e-05 3
1.995695e-05 1
2.501366e-05 1
1.804408e-05 1
7.345363e-05 1
5.115497e-05 1
1.665144e-04 1
1.172959e-04 1
3.564141e-05 368
2.383836e-05 6
1.651377e-05 1
1.753089e-05 2
3.616947e-05 2
9.454727e-06 5
1.053690e-04 1
4.170806e-05 1
1.302956e-04 1
1.481840e-05 3
1.020804e-04 49
1.042087e-05 1
4.433659e-05 1
3.573550e-05 2
4.303580e-05 529
7.238828e-05 17
1.274895e-06 5
5.262583e-05 3
1.621781e-05 1
1.808394e-05 2
7.850813e-05 1
5.666001e-05 1
1.335798e-04 1
1.182604e-05 1
5.969340e-05 1
9.674652e-07 94
3.412962e-05 7
9.393226e-07 1
1.774058e-04 1
8.811126e-06 132
7.810299e-05 2
3.985338e-05 1
9.583002e-06 1
8.807278e-05 479
9.109161e-06 1
1.149371e-04 2
9.640053e-06 3
3.365388e-05 1
1.634835e-04 2
1.818651e-04 24
6.046221e-05 5
1.456559e-04 1
2.807348e-06 78
1.463047e-04 5
6.240839e-05 2
6.816629e-05 1
1.508050e-06 131
1.892720e-05 3
5.455848e-05 1
2.123723e-04 3
4.674977e-06 1
8.763879e-05 1
5.354665e-06 1
3.340311e-05 98
7.268792e-05 9
3.116618e-06 6
1.903933e-05 102
5.235248e-06 4
1.512272e-04 3
3.590898e-05 1
1.481922e-05 1
8.692623e-05 1
5.087626e-06 1
7.920637e-06 1
5.448869e-05 3
4.414673e-05 2
1.108304e-04 1
5.472808e-05 1
8.101332e-06 1
1.362710e-04 23341
6.649063e-05 1
1.623307e-04 2
2.848036e-05 1
2.219407e-05 1
1.980230e-04 2
4.508814e-05 2
3.459595e-05 3
4.057012e-05 7
2.881441e-05 7
9.444963e-06 2
2.409928e-06 21
1.392898e-05 1
1.805430e-05 1
1.730078e-05 2
6.474628e-05 33
1.928980e-06 184
5.712161e-05 2
3.325903e-05 944
2.779428e-05 1
8.850914e-05 1
2.646889e-05 1
1.532634e-05 4
1.249486e-04 1
2.501723e-05 1
6.423191e-06 1
3.333853e-05 1
8.879287e-05 1
2.073658e-04 1
6.438065e-05 45
7.465747e-05 1
8.070449e-06 1
2.753255e-05 3
4.413589e-05 3
5.368869e-05 4
1.114020e-04 1
3.539313e-05 1
1.715085e-04 2
1.176313e-04 1
1.292459e-04 4
4.338785e-05 1
2.041153e-05 222441
5.092583e-06 2
1.139797e-05 4
9.329955e-05 2075
1.637848e-05 1204
8.488758e-05 5
1.223048e-04 1
1.945153e-05 1
1.844520e-06 4
2.802658e-04 230
1.705232e-05 170
9.169640e-05 3
3.477524e-05 3
8.424029e-05 1
3.353558e-05 1
9.611188e-06 1
3.299098e-05 1
4.724867e-06 1
2.103845e-05 1
4.070730e-06 1
1.294965e-05 30799
1.401488e-05 1
2.014967e-05 114
1.017515e-05 4
4.694335e-05 1
7.037691e-06 19856
3.730372e-06 2
7.960333e-05 1
1.896452e-05 4
2.280804e-06 1
1.216478e-04 2
3.241745e-05 1
2.600973e-05 1
8.161298e-05 1
2.360551e-05 1
1.091663e-04 1
5.772564e-07 1
1.010167e-04 53817
3.024118e-05 7024
2.085012e-04 2
1.075298e-05 1
2.183572e-05 1
1.603247e-05 46301
2.601540e-05 5
2.997317e-05 1
4.177528e-05 3
2.184195e-05 63708
3.002700e-05 1
3.055457e-06 43394
3.587335e-05 3
4.973570e-06 1
8.083339e-05 1140
4.152193e-05 52
4.994162e-05 170
2.196126e-05 175
2.588754e-05 1
1.987000e-07 6
6.662655e-05 182
1.487303e-06 1
8.343790e-05 1
3.570412e-05 1
1.161169e-05 1
8.995696e-05 1
6.327213e-05 3
2.453234e-05 2
4.188990e-05 2
1.285067e-04 1
1.361544e-05 2
9.051874e-07 2
4.460074e-05 208
8.714012e-05 7
4.844194e-05 1
6.016184e-05 1
9.275607e-06 187
4.046479e-05 1
6.605197e-06 1
6.201544e-05 18
3.011385e-05 1
2.492227e-05 3
5.260455e-05 5
3.835393e-05 1
1.975904e-04 3
8.314780e-05 1
8.226550e-05 2
6.031113e-05 1
3.957454e-05 5
1.547354e-04 1
1.040970e-07 361986
1.872799e-05 3
1.444443e-05 1
4.218031e-05 4
3.096692e-05 1
3.868784e-05 2
1.012580e-04 2
1.755747e-05 3
3.415227e-06 7
3.548954e-05 1
3.592654e-05 1
9.932930e-05 167068
1.854938e-05 5
4.386100e-05 1
8.620907e-05 4
8.352105e-06 1
3.876381e-06 47878
2.247891e-06 3
5.479806e-05 1
2.487170e-05 1
1.176115e-04 5
1.035827e-05 7
1.631510e-05 30558
8.755392e-05 3
1.780475e-04 1
4.090392e-06 3
3.799353e-05 1
1.383438e-05 1
2.104874e-04 456
6.537390e-05 221
1.393767e-05 1
8.693718e-05 201
7.208287e-06 3
1.990607e-05 1
6.045786e-07 35458
8.054213e-06 6
1.408287e-04 3
1.953180e-05 1
6.514360e-05 26261
3.412238e-05 1
3.885503e-05 711
1.692062e-05 3
4.321276e-05 4
5.982127e-05 3
3.152735e-05 113
4.447486e-05 1
7.913321e-07 2
1.474981e-06 1
4.510891e-05 1
1.311333e-05 12
1.250223e-04 469147
2.933966e-05 2
7.098402e-06 211
1.284713e-05 1
3.676132e-05 2
2.058373e-05 3
4.395380e-06 203
3.484463e-05 4
9.931113e-07 6
1.187232e-05 1
1.009551e-05 207
1.629608e-05 1
1.868138e-05 3
1.531855e-05 1
4.534169e-05 1
6.895326e-05 1
9.868342e-05 394635
2.709823e-06 1
7.852048e-06 1
4.794365e-05 45028
1.150213e-05 1
1.660139e-05 4
9.177513e-05 17265
1.163921e-05 7
1.999700e-04 1
9.193168e-05 1
2.149824e-04 5
9.279128e-08 1
1.583779e-05 1
8.735166e-06 6
3.257177e-05 3
6.867640e-05 1
3.796505e-05 2
4.026087e-05 1
1.964628e-05 7
1.838114e-04 1
2.848460e-05 1
4.183758e-05 1
5.485343e-06 1
3.737090e-06 2
2.267277e-05 1
1.725489e-05 3
2.323478e-05 1
9.377741e-06 1
4.510116e-05 1
5.663810e-07 144
1.467538e-07 7
7.443872e-05 1
1.702412e-06 943
2.256334e-04 1
1.177004e-04 1
8.172700e-05 431557
9.648534e-05 30
9.170609e-05 1
8.497454e-06 1
5.638220e-05 4
3.907709e-05 1
2.065745e-04 1
1.991861e-05 1
5.669281e-05 1
1.323313e-04 1
1.500880e-05 6
5.492541e-06 1
2.517433e-05 3
4.713316e-05 1
5.758513e-05 1
2.236606e-05 1
4.506448e-05 581
4.389550e-05 1
2.249577e-05 3
5.490291e-06 1
9.229334e-06 1
2.301336e-05 93
3.721454e-05 1
2.791167e-05 3
1.227298e-04 2
4.186906e-05 1
7.254837e-06 3
5.516993e-06 1
4.226918e-06 3
5.224325e-05 1914
5.272770e-06 1
5.126021e-05 3
1.175388e-05 2
6.171943e-05 1
4.475726e-06 7
4.777597e-05 1
2.458736e-06 15
5.815367e-06 5
2.395469e-06 1
5.299528e-05 1
1.056298e-05 47924
4.779215e-05 3
1.232328e-04 1
7.138593e-05 2
1.420188e-05 1
2.051812e-04 3
4.223255e-05 4
1.486324e-05 1
4.115228e-05 1
7.841874e-05 2
2.364849e-04 3
5.428810e-05 1
4.351627e-05 2
8.061184e-06 108
2.905461e-04 1170
1.120937e-05 2
9.490569e-05 1
2.932471e-05 1
3.419027e-05 1
1.349697e-04 1
3.874484e-05 3
2.502329e-05 1
1.213249e-04 1
6.473230e-06 72
2.613040e-05 4
1.941152e-05 1
9.915351e-06 3
1.626005e-05 1
1.022785e-04 1
1.447493e-07 1
5.019367e-05 3
9.424279e-06 1
5.942076e-05 4
3.389198e-06 1
2.541907e-05 1
3.559868e-05 173
2.963655e-05 1
2.186738e-04 1
6.611272e-06 1
7.485966e-06 1
2.070572e-04 3
3.039883e-05 2
1.874064e-05 1233
3.546326e-06 1
4.771433e-05 290
1.236488e-05 2
3.952173e-06 6
9.241479e-05 1
3.994031e-05 5
5.958627e-07 1
8.130700e-05 1
8.433444e-06 5
2.120634e-05 5
1.347736e-04 1
3.937131e-05 5
9.250437e-05 1
1.719261e-05 5
1.179814e-04 1
6.969923e-05 1
4.751629e-05 3
7.343529e-05 7012
6.798319e-05 5
1.378551e-04 609867
5.047661e-05 1
1.109265e-04 3
1.644642e-06 114
3.061876e-07 1
3.543834e-05 1
1.183945e-05 3
2.254373e-05 2
1.781843e-04 1
1.321452e-04 5
1.581781e-04 1
5.401493e-05 487755
1.947885e-05 54250
5.370271e-05 1
1.446184e-05 1
2.469364e-05 4
2.765690e-05 1
1.871924e-04 115
6.244604e-05 2
5.835540e-05 2
2.157379e-05 1
2.225482e-04 3
6.536882e-06 53981
4.899553e-05 1
1.969567e-05 1
7.063715e-05 1
3.167760e-06 2
5.502754e-05 2
4.241850e-05 1
1.270771e-05 1
1.531754e-05 3
8.359856e-05 1
6.203142e-05 18
1.451521e-05 1
3.632060e-06 1
2.883552e-05 1
5.479574e-05 1
2.450117e-05 1
2.996221e-05 1
4.179302e-05 246
4.127108e-05 1
2.662500e-06 1
1.302575e-05 6
2.697604e-05 1
2.788071e-05 1
2.152842e-06 1
3.390040e-06 3
6.926590e-05 1
2.638299e-05 1
5.950489e-05 2
2.318636e-05 1
2.702948e-05 1
3.362369e-05 1
4.135943e-05 4
3.307986e-06 24785
9.775449e-05 3
1.403972e-05 1295
2.061939e-05 3
3.769566e-05 5
1.508970e-04 3
4.085296e-05 3
8.322542e-05 1
1.333760e-05 2
6.094777e-05 47433
8.215646e-06 1
2.585753e-05 1
6.085801e-05 1
8.845221e-05 7
5.670136e-05 1
5.774108e-05 1
4.086003e-05 2
1.445128e-05 6
7.465466e-05 4
9.000442e-05 246
7.820501e-06 1
1.762744e-05 4
1.113913e-04 241
3.719276e-05 1
1.115729e-04 5
1.265117e-04 173380
3.273017e-05 1
3.427513e-05 253
1.244885e-05 3
2.603236e-05 2
1.236240e-04 1
1.841069e-05 5
8.270704e-05 3
4.573397e-06 1
9.442856e-05 64
1.505412e-05 1
3.824714e-05 2
1.493003e-04 1
1.002308e-05 3
1.966442e-06 3
4.466838e-07 1677
2.284260e-05 2
4.643477e-05 3
1.085049e-04 172
4.420976e-05 2
4.406659e-05 1
1.657607e-05 1
1.884883e-05 2
7.456915e-06 2
4.148840e-05 1
2.081917e-05 1
1.305098e-06 1
3.518118e-05 1
2.570713e-05 1
8.075028e-05 1
1.155433e-04 2
2.127617e-05 3
2.975351e-05 1
4.571914e-06 1
1.097206e-05 14
1.530697e-04 1
4.357170e-05 1
5.478971e-05 5
2.097419e-04 1
3.283455e-06 1
5.419816e-05 6
3.668934e-05 4
8.058281e-05 231
8.926131e-06 3
4.104375e-05 1
9.035698e-06 2
6.021821e-05 1
3.711903e-05 66085
2.399012e-05 1
2.742338e-05 62254
2.533114e-05 26858
1.965555e-05 1
8.199523e-05 199
1.601463e-04 1
1.002647e-05 981
3.751383e-05 1775
1.268459e-05 53
3.734433e-05 1912
2.307084e-04 3
7.183569e-05 1
3.828785e-06 1758
4.074279e-06 33556
2.160007e-06 45576
2.418190e-05 15605
2.172155e-04 332
2.948867e-05 2
2.846474e-05 1
2.423097e-05 7
9.014254e-07 1
2.302335e-05 4
5.705333e-05 1
2.140331e-05 3
1.597580e-04 1
9.376079e-06 1931
1.834820e-05 1
3.338111e-05 3
1.923147e-05 1
5.375111e-05 3
1.718672e-04 7
1.126624e-04 3
1.200698e-05 1
4.314340e-05 2
1.591714e-05 1
1.165463e-04 2
3.744586e-05 1
3.089556e-05 1
2.710973e-05 205
4.947029e-05 2
2.994433e-04 1141
5.242496e-05 1
1.480518e-05 4
9.505028e-05 1
9.297664e-06 7
2.027557e-05 13237
6.157777e-05 1
6.888717e-07 233
1.269698e-05 3
7.661458e-05 3
7.775920e-06 5
4.625983e-06 1
5.964689e-06 1
5.948208e-05 14679
1.052334e-04 17300
3.756563e-05 50258
4.526179e-05 1918
2.667112e-05 28
3.137389e-05 1
5.945856e-05 1
5.090039e-06 227
6.836874e-05 1271
2.767566e-05 51223
4.138043e-05 50255
5.049842e-05 1486
1.172257e-04 58884
1.682199e-04 1
6.750207e-05 45911
1.108093e-05 1
1.367813e-04 1070
7.936057e-05 2
4.245906e-05 3
2.780108e-05 156
8.530393e-06 2
4.795143e-05 1
6.721622e-05 61
6.982974e-05 1
1.362536e-04 3
3.567573e-05 1
1.018321e-05 3
4.877512e-05 1
4.320203e-05 56766
1.534936e-05 1
5.309273e-05 1
2.491146e-05 3
5.825531e-06 1
5.081228e-05 1
3.375458e-05 1
6.469398e-05 1
1.143996e-04 1
1.688827e-04 1
1.409167e-04 2
1.107345e-05 1
1.331209e-04 246
9.589460e-06 1618
7.733711e-05 4
5.306023e-05 1
7.604252e-05 1274
3.183820e-05 1
9.119585e-06 1
6.291971e-05 7
1.795725e-05 2
3.781618e-05 2
8.776994e-05 5
1.982042e-05 1
8.941087e-05 1591
7.408558e-05 1
1.143552e-05 7
4.012247e-05 6
7.739656e-05 3
2.495169e-07 1
3.289222e-05 29859
8.832535e-06 1
9.766049e-06 1
1.069764e-04 1
6.714753e-05 2
6.753843e-05 5
4.408761e-06 340539
3.053185e-05 2
1.632250e-05 1
7.917919e-05 47757
2.561268e-05 1
1.086961e-06 79
5.223834e-06 1
3.176871e-05 6
8.477594e-06 167
1.477203e-05 1
1.491733e-05 1
5.365751e-05 2
5.163989e-05 3
1.770618e-05 1
6.493575e-05 1
6.835182e-06 3
1.801736e-05 2
3.096710e-05 1
2.082618e-05 5
9.975853e-05 1
3.305270e-05 1
4.052082e-05 4
1.735334e-04 1
5.944886e-05 211
1.001889e-04 5
9.308230e-06 1
6.397303e-05 3
1.712349e-05 1
3.135173e-05 1
3.361910e-05 1
2.516318e-05 6
1.232570e-04 1104
1.511713e-05 1
1.067313e-05 1
7.675911e-05 1
3.115878e-05 6
9.456979e-06 65
2.702615e-05 1
2.247004e-05 2
3.340678e-05 1
2.104074e-05 3
1.650653e-05 1
4.640468e-05 1
7.371509e-05 79627
2.202406e-05 4
6.794443e-05 1
4.707482e-05 2
3.758311e-05 1
5.480175e-05 1
4.445725e-05 2
7.279388e-06 1
3.268910e-05 2
6.320181e-05 1
7.968508e-06 4
8.573326e-05 1
4.517098e-05 1
3.888848e-05 1
8.360640e-05 1
3.676904e-05 1
2.578774e-06 1
1.868180e-05 3
7.559007e-05 2
8.298486e-06 7
1.008688e-04 1
2.362879e-05 6
5.738544e-06 1
3.396076e-05 2
6.861947e-05 123
6.356450e-05 1
9.244347e-05 2
1.267128e-05 1
3.901046e-06 156
7.963463e-05 1
1.329374e-05 1
6.245435e-05 1
2.129461e-05 2
2.870845e-06 1
3.478193e-06 445963
1.494889e-05 1
3.013235e-05 4
3.749206e-05 167
2.614515e-05 4
1.465834e-05 1
5.186407e-05 2
5.146512e-05 1
9.967209e-07 177372
1.509724e-05 1
3.739024e-05 3
1.054536e-05 1
1.101250e-06 3
