1.590620e-04 1
2.861116e-06 1
1.425040e-05 155
7.614554e-05 1
4.419545e-05 214
2.661370e-05 1
6.296628e-05 1
2.073456e-04 1
1.084833e-06 1
8.916788e-05 1
3.185273e-05 4
4.907884e-06 1
1.028307e-04 1
5.543698e-05 3
4.623500e-05 357
6.921260e-05 1033
3.975909e-05 1
1.930668e-04 242
7.822897e-05 7
4.644945e-05 1
1.009429e-04 1
6.080456e-05 1
3.129236e-05 1
1.330723e-04 6
2.473847e-05 1
5.985909e-05 1
2.148075e-05 6
2.081804e-06 77
2.929106e-05 1
3.360892e-05 1
7.438858e-05 1
1.184036e-05 1
1.602277e-05 3
5.391434e-05 3
5.825905e-05 1
4.273053e-05 3
5.308888e-05 1
8.718008e-05 1
1.894245e-05 1
3.689038e-06 2
4.443097e-05 3
2.049080e-05 113
2.519700e-06 1
4.708696e-05 38630
1.248117e-04 3
2.748936e-05 1
1.380521e-05 7
1.201933e-04 1
1.749980e-04 3
5.803314e-05 243
3.657590e-06 1924
1.416319e-05 1
1.132670e-05 46
6.713040e-05 2
1.693995e-05 6
4.866751e-05 2
5.335871e-05 1
1.094773e-04 1771
4.077299e-05 3
9.010605e-06 1
3.222892e-05 35
4.690526e-05 1
3.824435e-05 4
9.192169e-05 3
2.042957e-04 1
7.087356e-05 7
5.811729e-06 1
5.699186e-05 1
1.120272e-05 1
3.380975e-05 178
4.688746e-05 1
1.491010e-04 1
3.399784e-05 1
7.291827e-05 1
2.773195e-05 2
2.516156e-06 6
2.120848e-05 64712
4.927963e-05 1
7.635003e-06 1
8.739021e-05 3
9.564465e-05 1
1.398707e-05 6
4.693096e-05 41987
9.258625e-06 1287
2.798249e-05 1
1.743907e-04 1175
5.383891e-05 1
2.519803e-05 50611
1.882338e-04 6
8.674816e-05 6
1.975503e-04 1
6.098744e-05 2
1.270063e-04 3
6.054357e-05 1170
1.762297e-05 221
4.970277e-05 1
3.100633e-05 766
1.472019e-05 1
2.462509e-05 1
1.650674e-04 1
1.870754e-05 1
4.295378e-05 15573
3.426218e-06 2
3.405715e-05 2
7.865424e-05 1107
2.129237e-04 1
2.890161e-05 1
1.551090e-05 1
1.588184e-04 1
4.704799e-05 1
2.151688e-05 1
1.168041e-04 1
8.777830e-05 1
2.125476e-05 2
5.064194e-06 1
5.999183e-05 6
7.331870e-05 2
1.565203e-06 1
5.973589e-05 1
6.544020e-06 3
8.463182e-06 1
9.763556e-05 2
2.441618e-04 7
1.503170e-05 4
1.429910e-04 1
1.655153e-05 29716
1.566686e-04 1
1.050051e-04 2
2.607800e-05 1
2.703370e-05 1
1.426716e-05 615675
1.742765e-05 2
5.557313e-05 129
5.121970e-05 2
4.554958e-05 2
1.861542e-05 1808
3.989938e-05 1
2.678864e-05 1
2.687695e-05 2
8.352511e-06 214
3.150432e-06 1
7.516750e-06 1
2.975457e-05 1
8.752209e-05 1
1.089857e-04 1
2.242678e-05 1
1.974442e-05 2
3.839833e-05 6
1.668215e-05 752
8.735286e-05 1
7.156557e-06 6
4.343179e-06 1
2.044175e-04 5
4.303376e-05 1
3.670240e-05 1
2.327786e-05 1
1.915927e-04 2
3.811608e-05 262
9.148835e-07 262576
3.657896e-06 1
6.079053e-05 1
5.740350e-05 49086
1.143706e-05 7
1.889829e-05 1
6.797856e-06 2
9.047262e-05 1
6.280966e-06 1
4.451563e-05 1
4.130820e-05 1
2.146096e-06 503
2.758693e-05 1165
1.241650e-05 37193
1.115138e-04 1
1.035101e-04 1
5.269226e-05 112
3.306571e-05 1
5.494954e-05 68
2.732261e-04 1
9.667954e-06 1280
2.745184e-06 1
1.097447e-04 1
1.039682e-05 1
6.116028e-05 1
2.180784e-05 201
4.700263e-07 1
3.819063e-05 180
4.687358e-05 1
1.875591e-05 1
1.778044e-05 3
1.570578e-04 7
2.691309e-06 3
1.814369e-04 1
2.159241e-05 1
3.481213e-05 1
5.559118e-06 1
4.894615e-05 1
6.926825e-05 3
3.595550e-05 1
9.674751e-05 1
8.035132e-06 1
5.714266e-06 51
2.424687e-04 68
2.534017e-05 4
3.618169e-05 4
6.011532e-05 1
3.439494e-05 4
8.794895e-05 2030
2.111596e-05 1
2.930722e-06 1
1.540613e-04 1
8.467407e-05 26
2.968472e-05 1
1.275349e-05 3
4.019401e-05 3
1.342118e-05 14820
1.557658e-09 5
4.148196e-06 5
2.079060e-05 97
1.015638e-04 2
2.670281e-05 2
8.350059e-06 1
2.138428e-06 1
5.333219e-06 1
6.289989e-05 1
1.036516e-04 1
1.298312e-05 1
3.395908e-05 2
9.505857e-06 1431
9.049693e-05 3
9.089712e-06 1
1.241848e-05 1
3.543358e-05 1
7.615629e-05 140
7.434502e-05 4
8.374566e-06 1
3.579958e-05 418
6.570231e-06 4
5.113264e-05 7
5.206745e-05 6
3.662876e-06 198
1.632492e-05 4
1.248135e-05 2
1.609924e-04 1635
2.508438e-05 190
1.586085e-05 1
6.886938e-05 42400
1.074636e-04 1
1.978428e-05 6
3.875681e-05 3
3.148600e-05 1
1.599151e-05 1
2.170568e-05 1
4.531454e-05 1
3.700661e-06 5
4.233563e-05 2
1.116390e-04 5
2.407015e-05 241
1.304997e-05 1
6.371058e-05 1
7.521039e-06 1
2.598824e-05 144
1.454095e-05 2
4.387208e-05 3
9.334659e-05 1
1.118681e-05 1
2.503698e-05 2
8.027424e-05 1777
1.246142e-05 212
8.993924e-06 1
3.670381e-05 1
5.446950e-07 347
1.112521e-05 165
5.529079e-06 1
4.474535e-05 88
1.068764e-04 1
2.032034e-05 1
2.231797e-04 149
2.346652e-06 1
5.970161e-05 1876
4.288307e-05 7
7.253077e-05 1
2.066246e-06 184
8.480688e-06 3
2.159512e-06 1
3.828908e-05 1
2.424288e-06 1
8.561982e-05 2
2.347374e-05 1
8.341159e-05 3
3.450038e-04 6
4.110432e-07 1
1.272200e-05 1
7.046638e-05 1
1.599426e-05 6
1.461323e-05 7
1.008584e-05 2
3.891268e-05 124
8.400413e-05 1
3.860247e-05 3
1.770485e-05 1
5.804547e-06 3
7.134461e-05 1
8.084800e-07 173
8.203055e-05 3
4.306521e-05 1
2.162642e-05 1
6.549202e-06 1
1.622246e-04 10575
3.750504e-05 1
6.678478e-06 1
7.861515e-05 1
1.716810e-05 1
4.957211e-05 3
5.125693e-06 1
7.863378e-05 330887
1.413730e-04 1
2.673831e-05 2
4.405168e-05 6
3.987488e-05 112
2.230325e-05 1
6.242980e-05 1
2.735700e-05 1
9.142005e-05 1
5.507539e-05 250
6.586828e-05 688
6.513702e-05 7
1.062705e-05 1
3.573861e-05 1
5.020285e-05 1
2.208161e-05 1
1.101177e-04 1
1.170617e-04 1
3.814472e-05 1
2.168416e-04 5
5.236051e-05 2
8.831701e-05 1
1.285183e-04 1
2.087563e-05 1
2.571445e-05 158
9.729619e-06 1
9.067500e-06 7
9.270624e-06 1
8.173393e-05 1
7.047192e-05 1
3.413729e-05 1
1.607005e-04 1
4.182816e-05 1
1.888431e-04 4
1.051981e-04 3
3.629961e-05 1
2.272706e-05 1
5.607936e-05 1101
4.784910e-05 2
3.267695e-05 1
4.567356e-05 2
1.194583e-05 165
5.754573e-05 1
8.549847e-06 1
5.292826e-05 1
6.955494e-05 1
2.429836e-05 1
2.027428e-05 3
2.659716e-05 2
3.449560e-05 3
1.856574e-05 3
1.619857e-05 1
5.413167e-05 6
2.620195e-05 625
1.102340e-04 6
8.356523e-05 3
1.584203e-05 22719
4.380858e-05 2
4.892179e-05 3
8.896909e-05 109
1.677632e-04 2
1.028235e-05 60
6.177186e-05 165
4.738119e-06 3
5.037126e-05 1
1.446859e-04 1
3.660501e-05 1
7.212693e-05 1
5.914193e-05 5
2.541872e-05 1
1.814792e-05 1
3.147213e-05 1
2.829272e-05 6
4.327677e-05 1
1.281262e-04 4
3.389349e-05 1
8.712761e-06 2
3.721461e-06 1
2.259245e-05 1
5.132249e-05 1
1.656690e-05 123
5.570125e-05 1
2.708838e-05 1
1.761449e-04 1
5.824675e-06 2
7.556493e-05 1
1.202942e-05 266
3.291742e-05 2
2.018084e-05 1
6.271997e-05 5
5.383650e-05 1
1.699675e-04 1
5.520008e-05 2
4.420149e-05 2
5.005600e-05 2
1.272915e-06 1
1.678813e-05 1
3.487499e-05 1
1.312543e-05 1
1.952110e-06 1
8.611530e-05 1
1.699868e-04 2
2.542302e-05 1
7.796877e-06 1
3.165442e-05 1
3.730939e-05 4346
2.540779e-05 1
8.245640e-05 1
5.785910e-05 3
1.718289e-05 246
2.829851e-05 1
2.258898e-07 1
5.271711e-05 1
8.685793e-05 1
8.407758e-05 1
5.506491e-05 12
2.133079e-05 2
1.167750e-04 4
4.454919e-05 1
4.025601e-06 1
5.737494e-05 3
1.503152e-05 1009
3.856807e-05 1
1.162463e-04 5993
1.114366e-04 4
7.525087e-05 2
1.222539e-04 1
1.583675e-05 2
8.198175e-06 2
6.326754e-05 1
8.557560e-06 7
1.204073e-05 3
2.301014e-05 5
6.098896e-05 1
6.987239e-05 1
2.621766e-05 6
6.150523e-06 1
3.363715e-07 3
7.115409e-05 1
1.909362e-05 38142
5.422647e-06 2
6.838390e-05 3
3.259242e-05 1631
9.757094e-05 160
5.229839e-05 6
6.325816e-05 1
8.173781e-07 1
5.670498e-05 1
1.219685e-04 1
1.789574e-04 261
4.015510e-05 2
2.077080e-05 1
3.206038e-05 1
3.644941e-05 3
1.661694e-04 1
6.524183e-05 1
4.460904e-05 1
1.546477e-05 1
1.205567e-04 1
5.547001e-05 1
9.569578e-06 3
2.160400e-05 1
5.540480e-05 1
2.805583e-05 1
1.264008e-04 172
7.655423e-05 2
1.294969e-05 235
5.404808e-05 2
1.004719e-04 5
1.633058e-05 1
8.255905e-05 3
1.332156e-04 1
2.768456e-05 348
1.144119e-05 1
4.474849e-06 1
1.411577e-04 7
4.553165e-04 1345
1.873161e-04 3
3.256526e-05 1
5.750970e-07 1816
8.309570e-05 1
1.989906e-05 6
1.581549e-05 1473
1.492165e-05 5
1.737861e-05 49
7.812197e-07 1
6.835652e-05 1
3.872213e-06 1
8.744397e-05 276
5.180378e-05 3
1.677127e-05 1
2.600052e-05 1
2.071030e-05 1
9.498551e-05 1
6.983035e-05 174
1.863665e-05 1
4.132162e-05 2
1.685883e-04 5
7.920813e-05 1
4.755769e-05 1
2.390943e-05 4
2.158544e-05 3
2.105712e-05 1
5.587992e-05 41
4.023940e-05 3
6.561814e-05 1
4.299756e-05 4
3.223228e-05 1
4.597542e-05 18
1.913461e-05 1
6.741049e-05 1
9.784697e-05 3
3.234643e-06 1
1.119645e-04 2
1.125131e-04 3
6.426814e-05 3
1.793248e-04 2
6.953395e-05 1
1.526133e-04 1
1.626716e-05 1
2.273383e-05 4
1.966565e-04 1651
4.286927e-05 1
2.287405e-05 1
6.627211e-05 4
9.982312e-06 1
1.795820e-05 6
9.417969e-05 2
3.305778e-05 1
3.006419e-04 2
1.571384e-04 39
5.464513e-05 1
8.328880e-05 584
4.788928e-05 37939
1.556969e-05 1
5.765695e-07 1
1.932771e-05 1
5.150718e-05 4
1.097081e-05 3
3.984988e-05 1
1.850197e-04 7
4.725882e-05 6
4.347213e-05 1
2.678651e-05 1343
2.216251e-05 235
6.238327e-06 11421
1.001740e-04 1
1.327139e-04 1
2.833958e-05 1
1.175494e-04 1
7.321531e-05 1
7.991067e-05 5
3.181095e-06 4
1.028034e-04 1
3.400795e-05 3
5.882312e-05 1
3.115971e-05 1
2.254549e-05 2
8.704785e-05 1125
2.469351e-04 750
2.251075e-05 1
9.531472e-05 2
1.066347e-04 64
3.606396e-05 3
5.739922e-06 4
2.682575e-05 1
1.361180e-05 1856
9.314499e-05 1
3.956814e-05 2
2.289115e-05 1
1.445220e-05 3
9.631383e-05 1
1.550112e-05 1
1.256362e-04 7
1.533159e-05 41571
7.603021e-05 1
4.168635e-06 1
1.538307e-06 1
8.969860e-05 1
1.197542e-04 1
9.617905e-05 1
5.700586e-06 1
2.101588e-04 1
1.354763e-05 1
5.607842e-05 1477
8.489540e-05 917
4.589742e-05 1
2.630245e-04 100
5.755524e-05 124
3.901571e-05 1
4.959813e-05 159
6.902754e-05 1
2.438886e-05 1
8.896969e-05 83
1.246029e-04 56
2.047256e-05 5
7.131476e-05 3
5.509021e-05 1
5.571714e-05 1
5.442228e-05 1
6.962250e-06 1
2.238677e-05 6
6.881564e-06 3
1.583196e-04 1
7.645939e-06 1
2.900487e-05 1
9.206682e-05 2
4.184234e-05 8581
1.206179e-04 1
2.903824e-06 7
4.451309e-05 2
9.777740e-06 252
2.438061e-05 1
2.199035e-05 1
4.350269e-05 27
1.045783e-04 6
7.433761e-05 1
2.571303e-05 1
8.857078e-05 2
1.223458e-04 1
1.612817e-05 69
5.837234e-05 47
5.230519e-05 3
9.865001e-05 3
1.580487e-05 40560
5.965210e-05 2
5.428505e-05 3
2.570256e-05 2
9.334323e-06 1
4.048915e-05 7898
1.146588e-04 7
8.959629e-06 461901
3.447033e-05 1
3.745507e-06 219
2.358558e-05 1
1.437014e-07 3
2.760175e-05 400258
6.654815e-05 1
2.069378e-05 1
6.160341e-05 2
8.345316e-05 1
1.610705e-05 3
1.239355e-05 7
2.571552e-06 1180
1.768801e-04 3
2.840244e-05 3
1.450499e-04 1
6.016831e-05 1
1.055995e-05 1581
6.305767e-05 7
1.377296e-05 211
3.802292e-05 1
3.321871e-05 1
1.400993e-06 1
1.510100e-06 1
2.079799e-05 29111
1.542943e-04 5
2.893859e-05 1
3.400368e-05 1
6.880534e-05 1
1.183807e-05 13
6.064833e-05 1
4.187382e-05 1
2.875035e-05 41442
1.971242e-05 3
2.061675e-05 212
5.663876e-06 3
3.279042e-05 3
1.915158e-04 1
5.534298e-06 2
6.141290e-06 1
2.653628e-05 170
8.724556e-05 1
4.896392e-06 3
8.204802e-05 3
1.230659e-04 45959
1.443740e-04 220
4.243337e-05 3
3.945263e-05 1
1.107981e-04 1
5.380374e-05 67407
1.864492e-05 1
5.929313e-05 3
9.403323e-05 2
1.106779e-05 1
4.767351e-05 5
1.284506e-05 4080
2.454366e-04 1
2.332728e-05 1
1.137010e-05 1
5.525545e-05 1
1.974384e-05 1
1.121150e-04 3
7.891123e-05 30
1.043636e-05 1
2.082659e-05 61089
1.333542e-05 1
7.242473e-06 585
8.681385e-05 3
7.322640e-06 205
1.718019e-05 1
6.948969e-05 1
3.794251e-05 1
1.249208e-04 3
4.346331e-05 270
6.997398e-05 3
3.226986e-05 2
1.050787e-06 49
3.205783e-05 1
2.039224e-04 7
5.604276e-05 1
1.546918e-04 1
8.794699e-05 127
5.820136e-08 1
5.892039e-05 1
1.346628e-05 1
8.897284e-05 3
4.147570e-05 2
1.718769e-05 3
7.434708e-06 171
1.633560e-04 114
8.846014e-06 4
8.419673e-05 167
2.555539e-06 6
7.212613e-05 7
2.907883e-05 1
4.547770e-05 1
5.284849e-05 1
3.064484e-05 1
6.820541e-05 1
6.798025e-06 1
5.480008e-05 1
1.134791e-05 13393
2.381328e-05 1
1.470843e-04 2
4.718794e-05 1
1.074996e-05 3
2.221286e-05 7
5.796114e-05 5
9.442684e-05 1
1.782210e-05 1
2.667301e-04 1
1.281841e-04 236
4.383221e-05 1
8.944368e-05 1
7.740117e-05 3
5.349334e-05 1
2.194903e-05 2
1.281905e-04 130
2.595269e-06 2
6.470794e-05 88
8.168651e-05 1
8.333370e-05 1
3.189320e-05 1
2.376955e-04 2
2.530510e-05 2
3.257434e-05 1
7.384061e-05 1
7.534696e-05 2
2.880537e-05 2
8.282621e-06 1
1.920127e-05 1
1.025213e-05 6
1.106347e-05 57650
3.173923e-06 1
3.489134e-05 1
1.576294e-04 1
1.647997e-04 1
2.209934e-05 1
1.238829e-04 3
5.452227e-05 1
2.516274e-05 1
3.966369e-05 147
3.324193e-05 1
1.082705e-04 1
2.910942e-05 1
1.172083e-04 49
6.311615e-05 1
3.771719e-06 1807
8.637286e-05 101
1.925695e-05 1
1.681119e-06 1
5.003196e-05 1
6.254108e-05 1
9.233019e-06 3
5.663646e-05 4
8.917574e-05 35152
1.477487e-04 1
4.629608e-05 1
4.448249e-05 4
4.848870e-05 1
6.835262e-05 1
6.846689e-05 233
2.406892e-06 2
3.049010e-05 194
3.199763e-06 1
1.801005e-04 552917
4.509664e-05 1
1.347208e-05 1
1.895823e-05 171
7.327623e-05 228
6.614227e-05 1
4.736045e-07 252
9.930895e-06 2
6.455219e-05 1
3.988905e-05 1
1.375445e-04 1
1.093914e-05 230
1.060114e-05 7
5.124028e-05 3
1.650191e-04 2
1.223899e-04 1
6.809915e-05 1
9.418020e-05 3
5.885487e-05 1
3.265037e-05 1
9.069881e-06 2
1.789315e-04 1
1.535905e-04 5
5.174712e-05 3
5.942373e-05 2
3.174686e-05 1
3.410361e-05 1
7.341134e-05 1
4.073757e-06 6
7.145625e-05 1
6.501323e-05 1
1.209393e-05 1
1.337695e-04 5125
7.323211e-07 100
7.180904e-06 6
1.930322e-04 4
7.815384e-05 1
6.574307e-05 1
8.412321e-05 1
4.948657e-05 1
4.514355e-04 2
2.435514e-05 1
1.238910e-05 4
2.683586e-05 2
2.057866e-04 1
1.075286e-04 2
1.100422e-04 22
4.570204e-05 3
5.324761e-05 3
3.980231e-05 1
6.442276e-05 1
2.353739e-05 1
4.083597e-05 1298
7.870788e-05 1
7.597469e-05 223
6.627305e-05 1
5.681130e-05 3
3.965003e-05 6
1.532169e-04 1464
2.308740e-05 1
9.224692e-05 2
1.112981e-05 1
9.127118e-05 1
3.544799e-05 1
1.004905e-04 1
1.062899e-04 28056
1.140570e-04 2
2.867104e-04 1
6.786270e-05 1
9.389157e-05 1
4.623643e-05 1
1.329224e-04 170
4.887377e-05 1
1.837912e-05 5
3.893068e-05 2
5.051130e-05 1
1.056375e-04 209
4.349976e-05 1
6.767290e-05 1
2.526789e-05 1
2.219446e-05 233
1.188417e-04 1
6.629749e-05 1
9.108771e-05 3
2.527781e-05 1
1.672934e-05 1
3.110593e-06 106
1.079722e-04 4
8.273355e-05 1
3.347171e-05 1457
4.790140e-05 1
2.408410e-05 1
8.490573e-06 6
7.887754e-05 84
3.214296e-05 2
1.393377e-05 1
1.605729e-05 126
1.211237e-04 1
2.756330e-05 2
3.077800e-05 21
2.416454e-05 157
3.131046e-06 1
5.201465e-04 1
1.686323e-05 1
1.784093e-06 1
1.118994e-04 2
1.806676e-06 1
1.866034e-04 940
1.075310e-04 2
4.991504e-05 61530
3.968706e-05 3
5.047678e-05 1
1.158335e-04 1
3.639462e-05 2
2.012324e-04 7
5.145880e-06 2
2.372024e-05 3
5.177152e-05 1
1.052301e-05 3
2.891298e-05 1
5.009834e-05 1
1.549185e-05 2
7.267199e-05 37223
7.493306e-05 1
8.794832e-05 5
5.838934e-05 899
6.028311e-05 4
3.367884e-05 51
1.420045e-04 3
1.574723e-04 761
3.069425e-05 264
2.483216e-05 70
4.875938e-06 1
1.306147e-05 1
1.458051e-04 3
1.999647e-05 1
1.006665e-05 3
8.757641e-05 213
1.254680e-04 1
8.102812e-05 442
5.358896e-05 5
6.241804e-06 1
7.825169e-05 255
9.301324e-05 1
1.019495e-05 3
5.935523e-05 1
1.204368e-05 2
2.127661e-05 1
6.440619e-05 1
3.336549e-05 1
1.672835e-05 140
9.057413e-05 1
1.285173e-04 1
4.391980e-05 1
4.431555e-05 2
5.967205e-05 1
6.730724e-05 102
1.248882e-04 2
4.320045e-05 1909
3.861542e-06 7
1.230522e-04 1
3.954453e-05 179
1.808438e-04 1
5.719331e-06 1
8.477319e-05 3
1.219226e-05 1
6.731897e-05 1304
1.868983e-05 3
1.006139e-05 4
5.264381e-05 1
8.317745e-05 4
3.679222e-05 1
6.954131e-05 1
1.075834e-04 131
1.226346e-04 2
2.614281e-05 1
6.078462e-05 1076
8.332763e-05 24
3.929708e-05 109
6.645493e-05 2
4.325701e-05 1
6.686829e-05 5
8.242930e-05 14
2.201731e-05 4818
3.527823e-05 141
9.633701e-06 5
1.146361e-06 1
2.092866e-04 506837
2.318917e-05 1
4.270361e-05 294
1.006432e-05 3
7.258614e-06 2071
1.435085e-04 226
1.042516e-05 1
2.722291e-05 110
2.227568e-05 1599
3.176625e-07 1
3.947761e-05 1
1.376321e-05 2
6.750324e-05 1
6.646960e-07 2
1.902952e-04 1
3.585063e-05 25496
1.133961e-04 3
9.924140e-06 190
8.978321e-05 1
6.158566e-05 1
3.221520e-04 61159
5.017188e-05 140
2.954422e-05 79
3.854087e-05 1
6.728854e-05 1
2.490348e-05 13
1.422956e-05 1
1.113240e-04 5
8.315944e-05 2691
1.462283e-04 929
1.458138e-05 7
1.287613e-05 1
8.901072e-05 1023
2.840343e-05 79
2.115965e-07 7
5.764185e-05 1579
2.796188e-05 3
2.629436e-06 24618
3.848312e-05 3
3.269428e-05 3
8.705518e-05 1874
3.663299e-05 2
1.524701e-04 1
5.167401e-06 3
3.584296e-05 3
1.832899e-05 1
1.279463e-05 3
9.246055e-05 1
3.712329e-05 1
2.793992e-05 1
4.902390e-06 1
6.257488e-05 1
2.608496e-04 1
1.094539e-05 1
3.217032e-04 11826
2.157885e-04 1
6.128645e-05 5
1.415035e-04 1
6.364213e-05 195
1.388822e-04 1
1.346467e-05 1
8.639039e-05 101
1.433240e-05 480
7.564556e-05 71
5.404827e-05 2
1.365835e-04 2
4.509782e-05 1
2.583837e-05 2
9.660430e-05 2
1.350060e-05 3
1.885268e-05 1
2.383645e-05 1
4.414777e-05 1
4.244457e-05 5
2.348583e-05 2
8.094822e-05 1
1.200095e-04 1
5.003365e-05 1
6.088170e-05 242
7.434708e-05 1
3.732906e-05 1
1.511072e-04 231
2.011589e-06 7
9.740416e-06 149
2.459472e-05 1
1.973470e-05 1297
3.983505e-06 1
2.585134e-05 1
2.369147e-05 16079
3.430762e-04 1
2.900823e-05 1
1.561351e-04 1
2.212749e-05 1335
2.001935e-05 6
1.049352e-04 2
6.442164e-06 3
2.819699e-05 1
1.335467e-05 2
8.388416e-05 1
6.504691e-05 4
1.407907e-06 4
2.136446e-04 1
1.477866e-04 1
6.178572e-05 4
1.555887e-05 1
7.793395e-06 1
3.707235e-06 1498
8.325583e-05 1
1.645202e-05 1
6.493343e-06 1
5.962656e-06 1
3.119404e-04 13908
1.507297e-04 1
1.559603e-04 1
3.782559e-05 3
4.742111e-05 1
2.103156e-05 1
1.848253e-05 3
6.761557e-05 1
7.264084e-05 1
1.699820e-06 1
6.180246e-05 1
1.199980e-05 1
1.357069e-05 9105
3.238584e-05 1
6.533119e-06 527
1.524295e-05 2
1.543080e-06 1
8.490817e-05 1
7.351740e-05 1
1.675598e-05 1
3.790944e-05 1
1.813210e-05 22468
2.170490e-05 3
7.836527e-05 2
6.307836e-05 1
5.575296e-05 2
2.540547e-05 11184
8.420624e-06 1
3.399047e-05 1
5.950969e-06 5
2.996585e-05 3
3.262654e-05 44
6.682843e-05 194
1.039420e-04 46759
5.367966e-05 4
3.523313e-05 7
1.042750e-04 1187
2.195299e-04 2
5.774429e-05 10024
2.301294e-05 5
1.765246e-05 1
1.397723e-04 4
3.182860e-05 1
8.194415e-05 4
1.904313e-04 1
3.146856e-05 1
1.632293e-05 1
1.449647e-04 1
3.694986e-05 1
1.830777e-05 1
1.944068e-04 1
4.452815e-05 1596
6.683201e-05 1
1.387168e-05 1
4.173375e-05 1
4.519506e-05 2
1.509034e-05 1
5.835553e-05 1
4.332407e-05 1
3.334510e-04 1
6.509064e-06 6
1.338770e-04 3
2.514568e-04 1056
2.655966e-05 6
7.614156e-06 3
1.928093e-04 1
1.201377e-04 1
5.731373e-05 1
1.685166e-06 27
3.620768e-05 75
1.344350e-04 1
6.455633e-05 1160
1.937508e-06 3
1.000437e-04 1
8.929222e-05 1
6.150028e-05 172
3.467892e-05 1
1.120383e-04 6
7.083248e-05 63185
1.926369e-04 1
6.159256e-05 1
3.091977e-05 1
4.566263e-05 3
7.504879e-05 1
2.087510e-05 251
5.288752e-05 1
2.671051e-05 1
6.471714e-05 1
1.669996e-05 2
3.252936e-05 2
1.160102e-04 1
5.446944e-05 2
6.288994e-05 2
5.635774e-05 1
4.609558e-06 1
9.143305e-06 5
9.021487e-05 1113
1.921736e-04 1
7.962534e-05 484500
3.898387e-05 1
6.225712e-06 1
3.116238e-05 4
6.193370e-06 3
3.843459e-05 1
3.321840e-05 4
1.167939e-04 988
5.602890e-05 1
2.923757e-06 2
2.870189e-05 1
2.922184e-05 2
4.072227e-05 79
7.646138e-05 1
1.258942e-04 7
3.196801e-05 1
1.242949e-05 1
1.704980e-04 1
5.327648e-05 1
1.316269e-04 3
1.956342e-05 7
4.574191e-05 604
1.162257e-04 5
1.037582e-04 47
2.384424e-06 81
1.870096e-05 1
1.839239e-05 1
5.633471e-06 1
1.022288e-04 1571
8.921987e-05 1
1.099647e-04 1
9.718783e-06 857
9.181904e-05 3
3.155462e-05 1
2.226653e-05 1
5.018284e-05 4
1.044995e-04 1
5.752941e-05 1
2.672122e-06 1
1.129003e-04 1
1.757621e-05 1
2.091190e-05 1
9.442072e-05 74
5.829732e-05 1
1.009429e-05 2
6.112615e-05 1
1.032325e-04 1
5.399043e-06 1
1.099050e-04 50086
7.460283e-06 1
5.028503e-05 1
1.154959e-04 2
3.687475e-05 1
6.285825e-05 1
1.294367e-05 1
5.562753e-05 6
5.616593e-05 3
2.249241e-05 1
1.256187e-05 1
8.517444e-07 5
1.224251e-05 1
7.130829e-05 2
1.416696e-05 19342
5.088658e-05 3
8.563190e-05 1
5.073432e-06 1
4.182542e-05 1
7.276043e-06 1
4.339596e-05 1
7.153238e-05 108
1.155221e-04 1
7.185463e-05 3
5.720256e-05 5
5.166881e-05 1
2.122711e-06 6
1.800762e-05 1
4.850338e-05 3
1.151966e-04 123
8.627795e-05 2
1.379776e-04 26
2.080356e-05 1
6.204717e-05 237
1.714769e-04 1
6.250954e-05 419474
2.600662e-05 1
5.460451e-05 1
6.329264e-05 2
1.721160e-05 1
5.148960e-05 44
2.213754e-05 1
1.205843e-04 1
6.827363e-05 1
8.449812e-06 1
4.002034e-05 27
9.849852e-05 60219
1.067299e-05 141
1.145477e-04 1
1.172168e-04 1
6.091801e-05 1
7.655453e-05 1
1.643447e-04 1
6.894698e-06 1
1.266124e-04 6
3.525918e-05 41012
9.225181e-05 3
6.408900e-05 955
6.174226e-05 23048
2.913194e-05 1
1.544248e-07 3
9.298226e-05 7
9.737933e-06 1
6.843562e-05 3
6.997217e-06 1
1.164264e-04 1
5.411257e-05 1
1.109705e-04 2
1.385033e-04 1
1.105970e-04 175
8.659685e-06 1
1.364045e-04 41970
3.318925e-04 1
1.272433e-04 3
3.490999e-05 210
6.506334e-05 1
1.673233e-04 28898
9.770723e-05 1
5.088337e-05 1
2.778840e-05 2
1.706646e-04 188
9.698554e-06 7
1.378054e-05 1
3.617828e-05 1
7.578736e-06 3
8.621465e-05 1
1.032737e-04 1
6.131269e-05 124
7.310879e-06 126
4.485356e-06 1
5.400284e-05 1
2.938330e-05 3
4.085697e-06 1
5.236564e-05 6
1.769954e-04 136
1.277664e-04 1
1.276111e-04 1
7.760323e-05 53882
3.953661e-05 1
6.247539e-06 1
6.421662e-05 1
8.980100e-05 1
8.664856e-05 123
1.949533e-04 2
3.052105e-05 245
4.518892e-05 4
1.242943e-05 1
2.126769e-06 1
1.009751e-04 2
3.321631e-05 3
1.551315e-05 3
1.398614e-04 1157
9.128533e-05 1240
2.185836e-05 787
1.126407e-06 3
1.748107e-04 9608
3.165207e-06 1
1.427541e-05 6
6.518304e-06 7
5.067250e-07 1
1.926636e-05 1
4.967433e-05 4
2.757905e-05 1
7.665644e-05 2
7.543679e-05 1
1.017576e-04 1
7.846804e-06 1
3.441533e-05 1
8.926865e-05 1
5.298311e-05 23
2.634327e-05 127
8.541494e-05 1160
1.535984e-05 731
1.303916e-04 246128
3.682181e-05 1
4.999746e-05 1
5.677071e-05 5
6.144235e-05 1
5.042379e-05 1
2.012543e-04 2
1.578706e-04 2
1.023632e-05 2
1.812385e-04 2
1.994755e-04 1
1.033815e-04 1
1.421857e-04 1680
2.076566e-05 204
3.654336e-05 1480
2.843501e-05 1
6.174693e-05 1
4.901187e-06 2
2.054770e-05 3
8.612771e-05 106
1.936190e-04 1
1.756251e-04 1
1.198688e-04 1
2.178918e-04 1
4.192080e-05 1
9.509496e-05 7
5.489569e-05 1
1.519060e-05 1
5.767785e-05 1
6.386153e-05 1
3.686353e-07 4
3.900046e-05 1
7.693301e-05 1
1.694856e-05 607543
7.717191e-05 3
4.335604e-05 1
6.268069e-05 1
1.748966e-05 1
1.466232e-05 183
1.339870e-04 1
2.066150e-04 3
1.223671e-04 1
1.031273e-04 1
1.175776e-04 257
4.118874e-05 3
7.624646e-05 1
1.547720e-05 1007
1.575412e-05 2
6.541660e-05 1
2.250168e-05 1
8.782119e-05 1
3.157490e-06 1
2.149921e-06 2
4.473652e-05 1
1.479403e-04 7
3.059722e-06 1
2.975345e-05 7
3.104738e-06 1
1.073146e-06 2027
1.844310e-04 1
3.794927e-05 1
3.458438e-05 1
7.474942e-06 359
3.806550e-05 3
7.796910e-06 1
8.923818e-05 1
5.588566e-06 3
6.739078e-05 1
1.836615e-05 1
7.531558e-05 1338
8.526219e-06 3
2.396190e-04 125
2.300009e-05 3
7.147502e-05 2
2.577557e-04 1
1.037448e-04 4
4.856550e-05 1
2.717059e-05 1
1.650487e-06 2
2.418265e-05 4
1.476096e-05 2
1.853982e-04 1
1.622019e-05 3
4.236013e-05 1
1.188480e-04 1
5.968751e-07 1792
5.825491e-05 2
1.577410e-04 1
5.136075e-06 1
4.254756e-05 1
9.684984e-05 58675
2.692428e-05 1
1.377689e-05 1
6.521500e-05 2
8.628867e-06 2
2.547089e-04 7
1.034543e-04 131
1.425730e-04 20
7.705447e-05 5
3.077165e-05 1
3.015166e-05 3
8.297141e-06 1822
8.964656e-06 2
6.384976e-05 1
8.967243e-05 1
2.042677e-05 63
6.432004e-05 204
1.458496e-04 17787
3.915643e-06 1
9.045139e-05 54875
6.473920e-06 1
4.531758e-05 1
7.261027e-05 1
6.148580e-05 1
4.418351e-05 647
4.120901e-05 2
1.511555e-05 3
7.067958e-05 2
7.977455e-06 1
9.553150e-05 1
4.554777e-05 7
6.509829e-05 1
7.880833e-06 1
3.218853e-04 1
1.230906e-05 142
6.943603e-05 1
5.819005e-05 1
1.609397e-05 1
3.987507e-05 3
3.546871e-05 266
1.148162e-05 1868
3.842227e-05 1
1.935864e-05 1217
8.773917e-06 1
7.062862e-05 1
7.536709e-05 2
5.342572e-05 142
7.914913e-05 78
2.757704e-05 1
6.715912e-05 7
7.259116e-05 1
3.860393e-05 3
4.111759e-06 279349
7.463531e-05 1
9.049946e-05 1
6.406833e-05 1
3.335619e-06 1
1.593247e-05 4
6.096989e-05 1
1.025339e-04 11
2.965360e-05 1
2.266199e-05 2
1.445643e-04 329
1.047010e-04 24171
1.489945e-04 1
2.536901e-04 2
1.114376e-04 2
4.474080e-05 3
1.690646e-05 1
4.675613e-05 3
5.214219e-05 1689
6.288884e-05 5
9.741244e-05 1
3.153424e-05 1
2.661493e-05 3
5.489598e-06 1
4.028387e-05 45791
6.121749e-05 4
9.644836e-05 2
3.247562e-06 1
1.043669e-04 7
3.952923e-05 1
2.176749e-04 1
8.574423e-05 139
2.219451e-05 1
3.987987e-05 2
6.802514e-05 6
5.512262e-05 2
9.747603e-05 2
1.103495e-05 1
5.568190e-07 1
1.196364e-04 7
3.316660e-04 411
1.280647e-04 3
4.146116e-07 1
7.351792e-05 1
3.061264e-05 55
1.137047e-05 1
2.464802e-04 1
1.680085e-05 1
2.025683e-05 1
4.877057e-05 1
2.508417e-06 1
6.319275e-05 1
9.409090e-06 170
4.336213e-05 165
3.037480e-04 181
3.030417e-05 3
1.841809e-06 11795
2.524832e-06 17
1.807377e-05 1
3.367468e-06 348
7.286658e-05 1
1.951294e-05 1
1.181967e-05 1
6.465182e-05 350869
5.889903e-05 1
1.415655e-05 240
2.692207e-05 6
1.643101e-04 3
2.467323e-05 84028
4.076373e-05 1
1.511713e-04 1
1.040205e-04 1
3.480698e-05 20039
1.105083e-05 5
8.941696e-05 1
4.401729e-05 1
2.811787e-04 1838
5.219547e-05 1
1.778761e-05 1
9.163654e-06 3
1.347415e-04 2
1.970945e-05 1
1.349532e-04 48824
1.541712e-05 54873
1.553285e-04 3
1.839944e-04 1
5.166289e-06 1
5.657088e-05 6
9.715462e-05 219
2.892093e-07 1
3.147057e-06 1
1.361903e-05 2
1.617089e-05 1
3.155756e-04 1
6.127686e-05 30868
6.681382e-05 1
8.535835e-06 1970
8.216193e-05 3
8.841601e-06 1
5.628976e-05 1
4.940553e-05 1
1.033123e-05 1
7.423399e-05 65225
8.883124e-05 2
1.297388e-04 1
3.657762e-05 1
2.533907e-05 1
3.055410e-05 5
3.662077e-05 3
2.738759e-06 1
2.501288e-05 1
5.617921e-06 4
5.154258e-05 1
2.948700e-05 1
1.188578e-06 775
1.035620e-05 6
4.058131e-05 1
3.514360e-05 67
5.885205e-05 1
8.727398e-05 138
2.635919e-05 2
1.707871e-05 2
1.316752e-05 1
1.862536e-04 1
6.314515e-05 553
2.347102e-05 1086
2.878933e-05 1
1.413959e-05 135
2.072268e-05 2
1.371312e-04 1
1.967576e-05 4
1.086994e-04 118
9.822652e-06 1
1.121174e-04 1
5.889280e-05 5
9.720433e-05 55424
6.246649e-05 1
4.814349e-06 89
1.756834e-04 1
4.254366e-05 222
7.882978e-05 1
2.522844e-05 1
8.869776e-06 6
9.856952e-05 10167
1.279212e-04 1
1.476452e-05 1236
3.774471e-05 2
1.546395e-05 82
1.052971e-05 1
1.577461e-05 1
4.691123e-06 1
1.304260e-05 1
3.456269e-05 5
9.443684e-05 1
2.753508e-05 1
1.179136e-05 1
3.138874e-05 1
2.518332e-04 1
2.155552e-04 7
1.002114e-04 2
5.719073e-05 1389
3.927683e-05 2
9.359094e-05 1
5.690714e-05 1
1.161757e-04 1
8.338609e-05 262
3.179283e-05 636
2.456342e-05 1
5.127952e-05 1
1.207082e-05 157
4.430879e-05 1
1.565904e-04 4
1.947583e-04 79
1.409956e-05 5
3.654902e-05 1
1.994436e-04 5
2.039016e-05 1
2.366616e-05 1
3.280734e-05 2
1.346333e-05 1
2.824273e-05 1
6.765995e-06 21578
7.725009e-06 1
9.305096e-06 1
3.437051e-05 1
5.312095e-05 3
8.464339e-05 1
8.355490e-05 46
8.561999e-06 1
2.509705e-05 1
6.687933e-05 1
1.680135e-05 4
2.921308e-05 5
1.201906e-04 1
5.191501e-05 1
7.073823e-05 1
4.525390e-05 1
3.308558e-04 3
1.616381e-04 96
1.874028e-05 2
1.592304e-04 7
3.450697e-07 1
9.682778e-06 232
7.028448e-05 1
6.270157e-05 6
3.984388e-05 1
2.101300e-05 3
2.203725e-04 3
2.212078e-05 1
2.499980e-04 166
7.554245e-05 1
3.935142e-05 1
1.717553e-05 34
5.831045e-06 1
2.442585e-05 5
1.766674e-04 1
5.623739e-06 3
1.714433e-04 7
1.065998e-04 1
8.478389e-06 1
2.386233e-05 1
8.507221e-05 3
3.789130e-05 1
2.074620e-05 72
8.406616e-05 1
1.126309e-05 1
5.555181e-06 3
4.998730e-06 4
6.509098e-07 1
1.670236e-05 1
1.953594e-05 2
1.699771e-06 159
3.842378e-05 1
3.103083e-06 7
4.135679e-06 111
5.098458e-05 714
1.787528e-05 1
3.811761e-05 1
7.433647e-06 3
2.080593e-05 2
1.564770e-05 2
3.714740e-05 89
6.733651e-05 181
8.654254e-05 555518
1.737345e-05 182
2.793671e-05 1
7.384869e-06 94
3.628056e-05 1
1.210529e-04 3
3.241868e-05 2
1.742220e-05 1
6.449948e-05 1
1.346301e-05 1986
3.529050e-05 194
2.718605e-06 82
1.340860e-04 3
4.811166e-05 1
1.261445e-04 1
1.651871e-05 3
5.247104e-05 1
1.209410e-04 1
3.375402e-05 1
5.407591e-05 3
6.653892e-05 3
9.745103e-06 4
1.683306e-05 1
1.191122e-04 7
2.839259e-05 2
7.068450e-05 2
1.848475e-05 7
8.662784e-05 3
1.017604e-04 1
1.171915e-05 1
3.811610e-05 1693
1.516872e-04 1
1.202851e-04 44
9.459199e-06 3
6.602745e-05 3
4.838431e-06 1
1.373969e-04 1
3.505334e-05 490
2.858768e-07 4
7.067475e-05 234
1.406034e-04 2
4.409436e-05 6
1.995482e-05 1
4.006338e-05 1
3.669655e-05 36501
2.561143e-04 1
2.969575e-04 1
6.699894e-05 2
5.388947e-05 1
4.401093e-05 1
3.354354e-05 216
7.459250e-06 3
2.158554e-05 619
6.271740e-05 1
4.082927e-05 1302
3.820178e-05 126
1.180353e-05 1
1.613642e-05 1
3.645717e-05 9730
1.346462e-05 6
1.305915e-06 1
5.518219e-05 1857
1.583125e-05 193
1.499476e-04 159
3.831376e-05 121
7.022363e-05 3
4.909570e-05 1
7.757438e-05 2
1.137464e-04 3
7.346287e-06 1
2.747900e-05 1
8.991020e-05 2
9.159630e-06 1
1.572665e-05 1
6.546780e-06 2
7.001732e-05 1
2.552341e-05 1
4.341213e-06 1
2.664464e-05 22300
2.604151e-05 1
8.941615e-05 2
6.708383e-05 3
3.024508e-05 3
3.552888e-05 1
4.724330e-05 2
1.924869e-04 1
3.438416e-05 1
1.815051e-05 1
5.154272e-05 61533
8.826266e-06 1
8.753305e-05 36121
9.189556e-07 7
4.650032e-08 3
1.110263e-05 1
2.779111e-05 1
1.741824e-05 2
7.941356e-05 1
7.816669e-05 2
7.328119e-05 175
7.202002e-05 1
4.025050e-05 1
8.365801e-05 1
1.788294e-05 1
1.423516e-05 1
2.729263e-05 213
2.241080e-05 4
1.142279e-04 1
1.644382e-05 4
6.450642e-05 1
4.363657e-05 5
3.177431e-05 272
6.370283e-05 5
9.127606e-06 1
1.222566e-04 3
1.410802e-04 7
5.334957e-05 3
3.082501e-04 1
1.348738e-04 3
9.043385e-05 686
4.023775e-05 1
2.447186e-05 1
2.414778e-05 17941
1.874918e-05 2
9.569691e-05 1
5.273516e-05 5
2.218073e-05 919
1.567258e-05 2
2.885794e-05 1
1.311348e-04 1
2.270907e-04 1
4.135273e-05 1
2.954100e-05 238
2.591110e-05 3
8.262308e-06 1
2.005495e-05 84
2.600631e-05 1
2.076032e-05 6
2.262050e-05 1
9.406465e-06 250
6.231639e-05 1
1.446837e-04 1
7.215515e-06 2335
2.846570e-05 1
3.451490e-05 3
6.613372e-05 1
2.586731e-05 3
3.235753e-04 2
2.731186e-05 1
3.797375e-05 2
7.452550e-05 1
1.157308e-04 1
5.082047e-05 1
2.745986e-05 19
4.194187e-05 1
3.148634e-05 44975
1.201458e-04 1
1.864005e-05 37510
1.357709e-04 44944
6.039880e-05 1
2.595226e-05 6
9.945557e-05 2
3.106112e-04 2
1.513112e-05 22
2.353382e-05 2
2.888922e-06 1
3.102108e-06 2
4.102438e-05 5
3.024588e-05 1
1.118481e-04 1
2.516375e-05 1
6.657838e-06 198
6.319803e-06 1
1.457640e-04 2
4.370641e-05 1
7.497241e-05 1
1.038307e-04 5
1.007622e-04 1
7.787073e-05 1
6.714363e-05 51907
2.204807e-04 1
1.446181e-04 4
7.636603e-05 1
6.852672e-05 73
1.619520e-06 1
7.865544e-05 61
2.809381e-05 1
1.021842e-05 1
4.891099e-05 1
1.160612e-04 722
5.548563e-06 3
8.088231e-05 858
4.950493e-05 2
5.383732e-06 1
1.301723e-05 72
8.290603e-06 1
5.387378e-05 1
1.504223e-05 7
4.868273e-06 2
1.232931e-04 1
9.780822e-05 50
6.726429e-05 5
5.965740e-06 7
9.168903e-05 3
2.267379e-05 1
5.572051e-05 72
6.083012e-05 1
4.900880e-06 1
9.295045e-06 1
1.093439e-04 1
4.784425e-05 1
2.519994e-04 163
9.718925e-05 1
1.554723e-04 1
2.962393e-05 1
1.300928e-05 1
5.008237e-05 6
1.546452e-05 1
3.251287e-05 1
2.718296e-05 1
5.157700e-05 1
5.182757e-05 1
2.023423e-05 1
2.768906e-05 5
1.706367e-04 2
1.429118e-04 4
1.256719e-05 1
4.887450e-05 2
9.326565e-05 5
1.598915e-05 68693
1.475395e-04 1
7.482926e-05 3
3.964311e-05 3
6.268872e-06 1
2.087509e-04 2
1.982565e-05 2
6.631251e-05 2
8.183909e-06 27271
8.821292e-05 1
1.445479e-04 60
6.158582e-06 4
6.540293e-05 1
8.789966e-06 1
1.822508e-05 2
2.491194e-06 1
8.962793e-05 1
1.906405e-05 2
1.217571e-05 13678
1.154541e-04 1
1.189752e-05 3
3.954201e-06 63016
1.405175e-05 1
5.969662e-05 2
7.988730e-05 1
2.534506e-05 29536
1.472150e-06 1
5.722838e-05 240
1.019287e-04 1
6.016817e-05 76
1.213194e-05 1
2.515501e-05 3
2.746356e-05 1
1.606690e-05 3
1.821412e-04 3
6.187887e-05 196916
6.548557e-05 1
2.404007e-05 3
7.019724e-05 7
1.283576e-04 1
1.495765e-04 1
4.819010e-05 1
1.250507e-04 1
9.415351e-06 5
6.208605e-06 1
1.280239e-04 34573
3.665577e-05 21078
1.412849e-05 1783
1.281858e-05 5106
7.224556e-05 415
6.210100e-05 1
1.553886e-06 90
8.930874e-05 6
2.771672e-05 5
4.603761e-05 5
1.906050e-06 1
7.903321e-05 1
4.262204e-05 1
6.796118e-05 2
9.592114e-06 3
4.823054e-05 1
2.185985e-06 1
5.244746e-05 1
1.104226e-05 1
4.960571e-05 1730
2.797875e-04 6
1.381357e-05 1
4.418354e-05 3
3.942958e-06 3
4.570713e-05 2
2.663736e-04 1
1.892196e-04 1
4.192851e-04 1
3.191444e-05 2
1.852639e-05 5
9.190831e-05 1
1.856726e-06 2
1.000108e-04 1
4.368415e-05 3
3.723390e-05 1
3.089903e-05 1
3.639543e-06 3
6.076351e-05 1
1.397783e-05 1
1.285427e-04 64725
1.002206e-04 1
9.192557e-05 3
8.003341e-05 1
1.418608e-05 3
2.937810e-06 2
8.224297e-05 1
1.189465e-04 6
7.502259e-06 1
1.742024e-05 1
1.667328e-05 1
5.002413e-05 3
1.307207e-05 2
2.159754e-05 1
7.796335e-05 1
5.044447e-05 1
1.039058e-04 1630
1.012442e-04 1
6.715237e-05 3
9.341665e-06 1
6.049105e-07 1
4.055430e-05 59
1.149740e-05 1
9.764561e-05 1
4.189764e-07 29713
2.747431e-05 3
4.449679e-05 532657
2.579709e-05 4
1.540817e-05 1
1.575541e-05 1
2.849854e-05 1
4.549640e-05 1
3.557312e-05 1
8.533323e-05 3
1.372406e-04 3
1.024029e-04 26505
1.486058e-04 1
6.789656e-06 651
1.108811e-05 1
1.390556e-04 1
9.749179e-07 5
2.994498e-05 219
3.942722e-05 17263
7.038207e-05 135
4.073522e-05 1
1.788941e-05 205
3.616239e-05 954
6.084260e-05 137
7.773072e-05 2842
5.376848e-05 2
2.577386e-05 49133
3.954169e-05 3
4.690086e-05 1
1.663503e-06 1
1.171062e-05 6
1.087691e-05 7
5.381351e-05 1
1.029880e-05 2
1.231261e-05 3
1.400379e-04 7
4.134764e-05 1
8.650224e-05 510
1.036023e-05 1
1.343104e-04 1
1.034724e-05 4
8.678609e-05 1
5.202333e-05 1
1.405487e-04 1
3.080006e-05 153
8.838451e-05 2
3.782001e-05 1
9.275008e-06 1
2.073662e-04 1281
1.626835e-04 1
6.211365e-05 1
5.808324e-05 3
1.058393e-05 173
1.971742e-04 1
8.271829e-06 34
1.085464e-05 1
2.203740e-06 1
5.494188e-05 1
6.359649e-05 143
7.062455e-05 76
4.763242e-05 1
2.431584e-05 3
5.031253e-05 1
3.685012e-05 1
2.750632e-05 2
4.001466e-06 1
3.603287e-05 1
4.462567e-05 1
8.917715e-05 51608
2.239107e-04 7
2.974554e-04 210
1.254492e-05 1
1.117590e-04 241
7.876994e-05 2
3.496179e-06 3
6.153224e-05 26567
2.887367e-06 1
8.804517e-06 589
6.076336e-06 212
2.651994e-05 1153
1.966142e-04 1
1.444093e-04 3
1.116268e-04 163
5.312413e-05 1251
1.549540e-05 159
5.776568e-05 2
7.283227e-06 22
1.639071e-05 1
1.263379e-04 2
1.460633e-04 1
7.890820e-05 1
2.071770e-05 3
1.452983e-04 2
2.056923e-05 5
1.111753e-04 1
1.232492e-04 1
3.490506e-05 2
7.818251e-05 1
1.791362e-04 6
3.251354e-05 65736
5.199105e-06 1
3.192281e-06 1
2.197646e-04 1
4.526991e-06 2
8.869347e-07 6
6.410676e-05 1
9.261053e-06 1
9.565037e-06 52373
2.131060e-05 1
3.839692e-06 1
1.303312e-05 1
3.553501e-05 6
1.019982e-04 1
5.912648e-05 1
1.616345e-04 1
4.824836e-05 1
4.907046e-05 1
7.262453e-05 1
1.977477e-05 2
4.104992e-05 1
1.652518e-05 1
4.369333e-07 5
5.403462e-05 150
4.998223e-05 1
2.221052e-05 1273
3.223406e-05 3
2.494386e-05 1893
1.494463e-04 241
3.150484e-05 1
5.211049e-05 1
8.652274e-06 1860
2.303260e-05 5
8.963983e-06 1
2.319110e-05 3
1.343238e-04 1
1.540738e-05 3
8.222220e-05 1
5.303638e-05 260
1.334851e-04 3
3.773241e-07 1
8.482882e-05 1310
1.734135e-05 1
5.680124e-05 66
1.072933e-04 1
3.346079e-05 3
3.359896e-05 5
1.343605e-04 1
4.725227e-05 1
3.396843e-05 1
7.928489e-05 1
2.671256e-06 3
1.654319e-05 1
1.098994e-05 1
1.548210e-05 1
3.532434e-05 3
1.440447e-05 252
1.334780e-04 1
4.335270e-05 7
1.019488e-04 1
5.804708e-06 3
2.044332e-05 1
5.557333e-05 1
1.711808e-04 1
1.838013e-04 1
4.521531e-05 4
1.759221e-04 1
1.231379e-04 1
2.015283e-05 18096
3.376433e-05 259
6.098431e-05 1
3.862770e-07 1
9.193960e-05 1
1.241850e-04 1
2.757333e-05 66
9.729583e-05 1
1.000833e-04 4
1.647021e-04 4
9.321769e-05 1
6.311521e-05 1
3.708313e-05 1
2.177530e-05 1
5.263598e-05 1
8.586164e-06 1
4.293317e-05 633979
1.196938e-05 3
7.349854e-05 3
4.098613e-05 1967
5.775392e-05 1
2.880008e-06 2
3.664813e-06 1
6.205862e-05 1
8.204422e-06 1
1.032766e-04 3
1.688974e-05 1
6.310091e-06 1
1.500873e-05 2
1.328485e-05 2
4.798717e-05 107
3.958028e-05 1
4.451980e-05 123
5.028456e-05 21031
7.826432e-05 1
1.643213e-04 2
1.124662e-06 1
3.920716e-05 1
2.021840e-05 1
3.010451e-05 2
3.396572e-04 58232
3.249685e-05 1
8.330276e-05 1
6.118464e-05 921
3.643348e-07 1
2.857854e-05 18
8.003761e-05 3
1.018403e-04 1
1.766795e-04 1
7.395226e-07 258
1.652170e-05 2
1.115311e-04 111
1.353331e-04 231
6.116611e-05 553
8.925032e-05 5
6.638668e-05 1
1.433487e-04 1
1.834946e-05 1
4.429487e-05 1
4.909668e-05 1
3.395808e-06 7
1.043025e-04 146
2.231007e-05 1
4.045178e-05 758
1.346509e-05 1
2.312862e-05 1
5.827188e-06 1
5.103713e-05 218
1.242367e-05 7
5.524617e-06 5
4.735854e-05 1
5.872872e-05 90
7.911654e-05 1
1.557113e-05 1
5.168538e-05 1
2.257180e-05 160
3.356233e-05 1
1.579187e-04 2
8.194549e-05 2
2.194921e-06 68
5.093891e-05 2
9.176859e-05 1
7.044978e-06 1
4.049308e-05 168
1.568905e-04 27306
6.790805e-05 220
1.924625e-05 1
9.090384e-05 1
7.177442e-05 2
2.126223e-05 230
8.493559e-06 1
4.850868e-05 1
3.516860e-05 59874
9.207024e-05 3
4.249536e-05 1
1.230969e-04 1
5.439151e-05 139
1.608916e-05 1
8.045388e-06 2
1.026665e-04 1
2.463365e-05 2
2.755838e-05 11067
4.408110e-05 1
6.028911e-06 1
1.004251e-06 3
4.277953e-05 2
6.080783e-05 1
3.269255e-05 460456
1.238285e-05 1
1.365867e-04 1
2.430752e-05 1
7.400951e-05 1
1.000555e-04 1
5.308137e-05 153
2.160985e-05 1
1.137548e-05 3
6.998927e-05 42415
3.101667e-05 1
1.262743e-05 16
1.256609e-04 14603
1.409679e-05 5
2.415321e-05 25
5.848936e-05 1
1.026944e-04 1
3.311466e-06 1
3.073824e-06 1
1.733299e-05 6
4.818473e-05 1
4.465387e-05 2
1.136739e-05 1
1.114208e-05 5
1.456082e-05 1
1.334884e-05 2
1.513764e-05 1
3.060334e-04 3
2.895835e-05 1
1.626985e-05 1
1.322896e-04 1
1.632063e-04 247
5.610566e-05 4
2.513054e-05 1
6.886722e-05 1
1.076650e-05 1
2.590936e-05 175
1.222665e-05 1
5.866340e-05 3
5.891254e-05 688
3.070881e-05 1334
4.268513e-05 679
8.573812e-06 146
6.720033e-05 4
6.944182e-06 46884
3.102542e-06 2
8.674729e-06 336
4.217108e-06 1
8.881460e-05 1
7.788427e-05 1
8.168825e-05 2
1.004090e-05 1
6.057961e-05 6
2.813138e-06 2
1.529697e-05 3
6.764469e-05 1
6.991121e-05 1
1.138742e-04 6
1.257657e-04 1
1.254166e-04 1
7.860498e-05 1
4.080671e-05 1
2.519316e-05 1
2.401597e-04 1
3.674259e-05 6
1.171772e-05 1280
1.463819e-04 3
4.960132e-05 1
6.431221e-06 3071
7.078184e-06 1
2.274229e-05 72
8.487981e-05 1
2.273475e-05 1
3.584072e-05 1
3.726667e-05 1
5.255345e-06 7
6.630212e-05 1
3.219801e-06 2
2.717665e-06 1
2.612716e-05 1
5.273173e-05 5
1.029067e-06 33589
4.168568e-05 3
1.092141e-04 112
3.211693e-05 1
1.891631e-04 1
9.699115e-07 1
2.824058e-05 1
4.012783e-05 3
6.524230e-05 7
2.370373e-05 1
1.277326e-04 1
1.378994e-04 2147
8.150109e-06 1
1.416875e-05 7
6.700104e-05 1
1.257953e-04 2
9.116372e-06 190
1.364934e-05 3
2.044058e-05 7
2.241214e-06 6
6.807187e-05 1
1.068994e-04 4
2.904378e-05 22
1.061886e-04 1
1.023766e-04 1
1.036967e-06 1
1.053944e-05 7
1.290275e-04 5
1.865679e-05 1
6.598054e-06 1
1.474873e-05 1
1.464261e-05 1
7.562957e-06 1
4.944682e-06 2
6.206894e-06 70
1.248075e-04 2
1.603526e-04 1
3.384647e-05 17
1.136452e-04 7
4.102253e-05 1
1.029862e-04 1
2.108995e-05 1
3.960812e-05 1
1.009837e-04 7
2.028630e-04 1
8.719895e-05 3
2.352714e-05 1
1.948336e-05 1
1.422986e-05 23
1.068396e-04 34
1.653371e-04 50911
7.809438e-05 1
4.112828e-05 1
1.091151e-04 7
2.837171e-04 1
2.559358e-05 1
3.643558e-05 1
2.629999e-05 1
8.452694e-05 2
4.880496e-06 1
4.850424e-05 1
4.221617e-06 1
1.798679e-05 1
4.696676e-05 1
1.762196e-04 1
8.565822e-05 1
1.303310e-04 38867
1.247537e-04 1
9.802512e-05 3
7.266933e-05 162
9.610516e-06 1
9.198591e-06 1
2.337003e-04 6
1.287106e-04 3
3.104013e-06 186
8.983233e-05 1
8.367209e-05 1
2.044969e-05 1
3.990084e-05 2
1.137917e-04 3
3.152627e-05 1
4.270486e-05 2
1.080968e-04 1
1.106893e-04 1
7.442808e-07 3
7.928197e-06 4
4.049723e-05 733
3.382057e-05 1
6.453447e-05 225
4.832435e-05 1
9.259866e-07 5
2.444532e-05 1502
2.194817e-05 1
1.175500e-04 3
1.602885e-04 1
3.537864e-05 1
5.718594e-05 6
7.993602e-06 1
1.923027e-05 2
9.929958e-05 1
3.926575e-05 163
1.062540e-04 44818
3.459117e-05 144
8.840972e-05 1
2.431656e-04 1
4.486131e-05 1
1.639502e-05 3
3.240530e-05 1
3.845878e-05 5
8.135686e-05 352
8.817010e-05 1
1.812455e-04 3
1.230483e-05 116
5.166634e-05 3
1.179218e-05 462
4.234996e-05 1
1.479682e-05 1
1.307210e-04 1
2.769432e-05 1
4.757480e-05 3
6.466021e-05 222
8.481142e-05 76
1.292581e-04 466138
2.484975e-05 1
2.675800e-05 1
2.550694e-05 1
7.590744e-06 1749
1.665455e-05 7
1.047119e-04 2
1.905762e-05 3
1.066402e-04 3
9.982437e-06 265
7.966998e-05 121
4.101658e-05 1
1.832725e-05 1288
7.359585e-05 5
2.344353e-04 1
5.998128e-05 55
1.460440e-04 1
2.183390e-05 1
4.791936e-05 1
1.815373e-05 190
8.916568e-05 4
1.880456e-04 1627
3.638223e-06 1
8.539709e-06 1
2.385992e-04 1
3.247859e-05 1
8.628877e-06 1
2.908686e-05 1
3.492578e-06 2
1.408615e-04 1
1.185622e-04 3
1.203529e-04 1
6.014455e-05 1
1.483561e-05 2
4.703007e-05 1
3.964015e-05 6
1.422579e-05 2
1.192282e-04 1
1.949219e-04 17944
6.307507e-05 24
7.385183e-07 19
3.146895e-05 1
6.210040e-05 2073
2.251396e-05 1
1.581242e-06 3
8.802107e-06 1
4.602559e-05 1
1.624949e-05 1
5.122813e-05 105
4.847461e-05 1
2.892214e-04 1
4.845344e-05 1
6.731447e-06 1083
2.348511e-05 1
1.665091e-04 1
1.633528e-05 1
5.458720e-05 6
5.883709e-05 300051
7.551760e-06 1
2.536597e-04 1
7.253565e-05 2
4.684648e-05 2
7.887651e-07 1
1.625365e-04 1
7.105330e-05 1
8.240173e-05 3
2.949372e-05 1381
2.857148e-05 1
1.752956e-05 2
7.139952e-05 1
1.600057e-04 1
1.171246e-05 1
1.494348e-04 1
2.480421e-05 1
3.371277e-05 129
5.823744e-06 1
7.717759e-05 1
5.317291e-05 1
6.065746e-05 57849
1.581325e-04 4
4.952459e-05 1
1.755955e-04 324285
2.084576e-05 4
1.038628e-04 1
4.179628e-05 1
2.072012e-04 1
3.927245e-05 1
2.941857e-05 3
9.463121e-05 1
5.167409e-05 7
7.804342e-05 1
1.127539e-04 1
6.920398e-05 53931
2.925169e-05 251
1.287239e-05 35971
1.100393e-04 102
2.082195e-05 1
1.368767e-04 1
3.571771e-05 1
1.170870e-05 1
7.019736e-06 1
8.859542e-05 1
1.305852e-04 1
1.188438e-05 249
3.538786e-05 1
3.494985e-06 2
8.160063e-05 1
3.752698e-05 1
1.210766e-05 1
1.912252e-05 3
1.181857e-04 5
1.545593e-05 1
3.095030e-05 120
2.280343e-05 68
3.540086e-05 3
1.384807e-04 1
8.634740e-05 1
1.317298e-04 2
5.729215e-08 46
1.961263e-06 218
1.450839e-04 1
4.292868e-05 1
1.050042e-04 1
1.731823e-04 2
5.354944e-05 3
3.435308e-05 1
6.529036e-05 5
1.721653e-06 1
6.321862e-05 1
2.117049e-05 1
1.073197e-05 1
1.029084e-04 1
1.090031e-04 1
1.685469e-04 1
3.894344e-05 1
1.131637e-05 7
4.472395e-06 3
3.771492e-05 2
2.594264e-05 444673
2.451487e-05 1
6.121828e-07 273
6.866270e-05 7
2.448000e-06 2
3.684116e-05 2
9.239991e-05 186
5.131909e-05 1
2.732212e-05 1
2.519402e-05 6
4.054344e-05 3
2.535021e-05 4
4.839219e-05 1
3.123725e-06 1
4.052392e-07 2
6.937257e-05 1
1.153488e-05 1
3.070270e-05 1
9.159684e-06 1
1.590346e-05 1
2.470467e-05 1
7.457168e-05 1
1.851665e-04 3174
8.104971e-05 2
1.059361e-04 1
1.562212e-05 570867
9.126429e-05 1
9.534931e-05 1
7.105942e-06 1
1.707371e-04 6
1.564952e-04 1
3.005148e-05 1388
1.022581e-05 1
1.164458e-04 1
9.383001e-05 1
1.873617e-05 104
1.040755e-05 6
1.263454e-05 3
7.290158e-05 1
1.000492e-04 3
2.186648e-05 1
1.462103e-04 1
9.415517e-06 1140
7.082290e-05 1
8.427452e-05 1
4.249915e-05 1
2.388095e-05 2
3.600262e-05 7
8.734788e-05 2
1.742169e-04 1
4.821443e-06 3
1.104513e-04 1984
8.794797e-06 2
2.159539e-05 1
2.738903e-05 1
8.610590e-05 3
9.448284e-05 47
1.687730e-04 1
3.347622e-05 1
3.543148e-05 1
1.774996e-04 1
2.358326e-05 1
3.220872e-05 2
2.854046e-05 1
1.047462e-05 1
2.643337e-05 3
1.473765e-06 1
2.784434e-05 2
5.982027e-05 1
5.056173e-05 1660
1.229490e-05 1
3.843664e-05 1135
4.316937e-05 7
4.976441e-05 2
1.345396e-05 1
4.609411e-05 120
3.332912e-05 2
7.627490e-05 3
8.973591e-05 475
7.357941e-05 3
9.074208e-06 3
3.350036e-05 3
1.735828e-05 3
1.123575e-05 51
7.092533e-06 168
4.396191e-05 6
1.959537e-05 1
1.195189e-04 1
5.624497e-05 3
8.258003e-07 7
6.469483e-05 3
1.693353e-05 1
1.677429e-05 675
2.274801e-05 1
9.070492e-06 3
2.481370e-05 3
3.255954e-05 7
5.412862e-05 41
4.366374e-05 3
5.971005e-05 1
6.002383e-05 3
1.138707e-04 1
1.330669e-04 3
2.010205e-04 1
4.101019e-05 2
1.868088e-05 1
1.258304e-04 1
1.050583e-04 1
9.786954e-05 1
1.249375e-04 2
1.504093e-05 2
3.919013e-05 1
1.089942e-05 1
5.009842e-05 2
9.866318e-05 5
3.834280e-05 5
1.160833e-04 5
2.557977e-05 1
9.255718e-06 1
2.660295e-08 3
1.919687e-04 1
3.580721e-06 1
1.345124e-04 1
1.095335e-04 5
9.868615e-07 6
5.543979e-05 213
9.001728e-05 3
6.841555e-07 130
8.231823e-05 1
7.846448e-06 1
3.486517e-05 1
2.533670e-04 2
4.114777e-05 222
6.099165e-05 213
1.154201e-04 2
1.928366e-04 674
2.135217e-05 1
1.044580e-04 171
2.184343e-04 1
1.166457e-05 2
1.355498e-05 1
6.689306e-05 86
1.225576e-04 1
3.271504e-05 1
3.733821e-05 1
2.095608e-05 1100
1.322919e-05 1
1.323099e-04 1
9.373425e-06 6
1.131531e-05 1
1.486419e-04 1
6.160569e-05 384
1.276829e-05 1
6.747112e-05 63386
2.264395e-05 1
7.421279e-05 7
2.975910e-05 2
7.325593e-05 2
3.794298e-04 2
1.932677e-04 281
1.401405e-04 1
2.053659e-05 1
1.317028e-04 3
1.812577e-05 1
2.748460e-05 3
6.362211e-05 1
9.497303e-05 6
1.282946e-06 2
6.569825e-05 3
1.533175e-05 249
2.628129e-05 6
4.571388e-05 2
1.771891e-04 1
5.397878e-05 1
7.262021e-05 1
2.670618e-06 3
8.230974e-05 1
1.160420e-04 4
1.917975e-05 2
1.378351e-04 27
1.905368e-04 1
5.407210e-05 16
1.763053e-04 1
7.423106e-05 1670
3.456797e-05 409
8.730077e-06 1
4.718754e-05 1
6.567452e-06 30128
7.494479e-05 2
9.190043e-05 1
1.245831e-04 189
2.166829e-05 1
4.537593e-05 26611
9.104600e-05 3
1.522646e-05 2
5.086889e-05 1
1.978701e-04 3
4.092946e-05 2
3.152969e-04 1
6.058117e-05 1
3.014067e-04 3
8.038605e-06 1
2.145943e-05 3
9.106409e-05 1
7.448924e-05 2
8.879022e-06 1
3.325668e-05 255
1.139313e-05 3
3.263193e-05 1
3.482398e-05 1
5.204548e-06 1
6.009255e-05 1
4.010600e-05 1
8.527210e-05 11536
1.973709e-05 1
3.750034e-05 1
1.186350e-05 3
6.559024e-06 3
1.020504e-05 2
6.100343e-05 1
1.909313e-04 1
7.538330e-05 1
1.140227e-05 3
7.376179e-05 1440
2.295779e-05 1
9.241741e-05 1
5.282642e-06 135
4.334245e-05 3
3.538967e-05 3
1.741522e-05 5
1.011063e-04 1787
1.822583e-05 1
2.700469e-05 7
1.144874e-04 2
8.543194e-07 1
8.723681e-05 86
1.590099e-04 1
6.868952e-05 459
1.387180e-04 1
4.466696e-05 1
2.691332e-04 1
3.705974e-05 5
3.630078e-06 1
5.821532e-05 184
4.429131e-05 3
3.310068e-05 1
7.890531e-05 3
4.107078e-05 3
5.297847e-06 1
9.294605e-05 5
5.009445e-05 3
4.455392e-06 3
2.521798e-04 1
8.621824e-05 1
1.576273e-05 1
1.035910e-04 76
2.228445e-05 1
5.109954e-05 1
4.144490e-05 1
4.477554e-05 2
8.973090e-06 1
2.810292e-05 4
6.492358e-05 1
1.628853e-06 1
5.046461e-06 47169
1.820018e-05 1
2.320220e-05 1
2.003142e-04 1
2.263758e-05 1
2.535500e-05 96
8.681616e-06 1
4.739768e-05 1
2.723797e-06 3801
6.060151e-05 1
6.650576e-05 5
3.918678e-06 1
1.343445e-06 1
