2.002880e-04 1
1.094657e-05 1
2.525490e-05 1
2.286072e-05 3
1.135369e-04 1
1.249324e-05 2
8.625614e-06 1
3.472244e-05 1
2.242645e-05 1
7.672535e-05 2
1.854451e-05 241
5.791979e-05 6
1.470724e-05 1
1.316030e-05 4
6.611442e-05 3
1.898256e-05 301
6.497146e-05 7
4.643689e-05 159
8.356730e-05 1
7.058986e-06 1
1.134145e-04 1
5.648236e-05 1
2.530945e-05 1
1.305492e-05 2
6.210269e-05 1
1.027559e-04 2
4.462090e-05 1
4.972992e-05 651864
3.910792e-05 1
4.747273e-06 248
5.435307e-06 60760
5.165682e-06 1
1.213038e-05 1340
6.446465e-05 1
1.063125e-04 5
2.186299e-05 1
3.455438e-05 2
2.604391e-05 1
1.788265e-05 1
4.455066e-05 1
1.061280e-05 1
2.832273e-05 2
2.438361e-05 5
4.344456e-05 1
3.801429e-05 1742
4.326305e-05 6
1.268764e-05 1
1.426780e-04 4
4.123469e-05 1
2.906802e-05 1
2.044166e-05 7
5.070534e-05 1
2.755556e-06 1
1.440169e-05 7
1.353694e-05 1
3.696285e-05 1
9.534712e-05 1
4.052673e-05 1
2.123086e-05 1
7.895080e-05 1
9.300044e-06 1
1.798095e-05 1
3.466373e-05 59586
3.309091e-05 1
5.208625e-05 2
1.925144e-04 724
1.371484e-05 2024
8.544530e-05 7
1.351691e-04 1
3.532846e-05 1
7.655356e-06 1
9.223527e-05 6740
6.115428e-05 3
2.261575e-05 3
4.393332e-05 144
1.911248e-04 2
7.614075e-06 1
7.024416e-06 1
1.629975e-04 156100
8.294209e-05 1
5.837972e-06 6
2.398538e-05 45433
5.198950e-06 2
3.847112e-05 10662
9.363311e-05 1
7.412819e-05 5
8.874092e-05 1
1.930598e-05 1
4.385020e-05 2
5.353539e-05 2
2.310664e-04 1
4.044868e-05 1
2.226950e-05 356
3.025435e-05 2
4.404227e-05 1
4.977606e-05 144
1.181242e-06 7
3.195671e-05 2
9.275250e-05 1
7.731277e-05 98353
9.475805e-05 3
1.180468e-04 2
1.513666e-04 1
1.831935e-04 256
5.476679e-05 7
1.681285e-06 4
6.871814e-05 2
4.584078e-05 3
4.895219e-05 1
3.221682e-05 1
3.125422e-05 1
1.969772e-05 1
1.548422e-04 1
3.592247e-06 1
2.547053e-05 47
5.648073e-06 1
6.187500e-06 1
1.159051e-05 3
2.035936e-05 1
5.036432e-05 7
1.622529e-05 1
8.507009e-05 1
6.200633e-06 1
1.227448e-05 1
2.890434e-05 1
5.861487e-06 1
3.246039e-05 7
1.960981e-05 1
2.054644e-05 3
6.588649e-05 1
1.501252e-05 25
2.236059e-05 1
1.543727e-05 1
2.182969e-06 1
5.622723e-05 5
1.505149e-04 1
4.201820e-05 1
2.972893e-06 2
2.745317e-05 1
9.897464e-05 1
1.222674e-05 4
4.420762e-05 1035
1.008116e-04 1
2.907549e-05 6
7.104247e-06 1
1.965747e-06 1
6.174627e-05 1
9.389695e-05 7
6.996006e-05 1
1.369403e-05 1
8.879008e-05 654693
2.430022e-06 2
1.497103e-05 7
7.865475e-06 2
6.681277e-05 1
9.900913e-05 3
3.836492e-06 1
1.176694e-05 186
1.940042e-05 4
1.423039e-05 1
3.820959e-05 700
1.729349e-05 6
2.519354e-06 1
2.112967e-05 1
7.338753e-06 1
3.017687e-05 1781
1.175247e-04 1
6.337657e-06 1
1.542499e-04 1
3.259393e-05 1
9.023649e-06 1
4.460390e-06 7
1.635955e-05 3
8.184939e-05 5
5.125582e-06 1
7.274889e-05 3
1.505087e-05 1
1.114540e-05 3
6.129380e-05 46
1.040341e-04 58131
1.595991e-05 2
1.475793e-04 3
2.049033e-05 1
1.611208e-04 1
1.050281e-04 1
5.907240e-05 1
5.272455e-05 1
1.103885e-05 1
1.083947e-04 1
4.818799e-06 1676
1.484684e-04 1
8.790093e-05 2
9.032497e-05 1
2.888547e-05 1
9.948827e-05 3
1.891134e-05 1
4.642847e-05 1423
2.648842e-05 2
3.012540e-05 124
1.314955e-04 1
9.424316e-06 5
6.468453e-06 1
1.619323e-05 2
7.061063e-07 1
2.189319e-05 7
5.244730e-05 3
5.842280e-05 1
9.606073e-06 1993
6.768779e-05 46
8.629126e-06 1
3.400811e-05 5
2.544486e-05 2
2.139529e-05 1
3.451341e-05 245
1.420854e-05 3
1.604559e-05 1882
4.999036e-05 263
1.453666e-04 1
5.139513e-05 1
2.657053e-05 579
5.953902e-06 2
3.658815e-05 1
2.807930e-05 1
9.263334e-05 1
6.773802e-05 3
5.072438e-06 5810
4.948804e-05 1
6.120858e-05 49
8.221020e-05 1217
3.045674e-05 2
2.733687e-05 6
4.464132e-05 3
5.217178e-05 2
7.344924e-06 2
2.847232e-05 1
5.832603e-05 1
3.301942e-05 1
1.372801e-05 430464
4.287960e-06 1
5.262134e-05 1
1.114991e-04 1
1.003158e-05 2
6.207807e-06 1
2.004690e-04 1
1.872640e-05 3
9.011330e-06 1
2.804314e-05 1
4.349616e-05 1
3.425789e-05 259
2.217273e-05 6
7.517950e-05 3
5.827293e-05 209
2.876104e-05 3
2.040129e-04 2
3.340033e-05 3
2.431326e-06 1
3.088989e-05 204
4.689942e-05 38086
1.961725e-05 1
4.749585e-06 1
2.082353e-04 1
1.461944e-06 3
5.658719e-05 77
1.082732e-04 1
1.412095e-05 5
2.667568e-05 1
5.577136e-05 169
4.005553e-05 1
1.735867e-05 4
7.677031e-05 135
4.969081e-05 1
6.116738e-05 4
1.292910e-04 2
1.278646e-05 1397
4.903940e-05 3
2.215728e-05 1
1.562900e-04 1
3.618448e-06 1
7.269488e-06 239
3.810386e-05 1
5.780507e-05 1
8.238195e-05 2065
9.343106e-06 2
6.716359e-05 61
2.643264e-05 1
6.255846e-05 1
1.766810e-04 2
3.360883e-05 1
3.197545e-05 1
6.340967e-06 1
9.305661e-05 3
8.615147e-05 2
2.631630e-06 1
2.482548e-05 1
1.117001e-04 2
8.753615e-06 1
3.736384e-05 1
1.134514e-05 3
1.167073e-06 1
1.697072e-05 1
4.934758e-05 4
3.896800e-05 7
7.634423e-06 2
1.773674e-05 1
3.338044e-07 1
3.884242e-05 1
4.088836e-05 1
1.520870e-04 2
3.572433e-06 1
2.889159e-05 1
5.919748e-06 1
3.210246e-05 1
2.387696e-05 2
4.151878e-05 3
9.493707e-05 45
3.020560e-05 1
4.306390e-05 6
2.880027e-06 261
5.958671e-05 1
2.291641e-05 1
5.444909e-05 1
2.150624e-05 7
1.663250e-04 1
1.440731e-04 7
4.993696e-05 1
4.713050e-05 1
6.650109e-05 1
7.511807e-05 6
5.348161e-05 1
6.278331e-05 1
5.067089e-05 172
1.620779e-05 2
4.920415e-05 1
4.423634e-05 2
1.049227e-04 96
1.169043e-04 1
3.404565e-05 1
5.631828e-05 4
2.057546e-04 1
7.559070e-06 1252
5.677479e-05 1
6.669663e-05 1
4.062708e-05 175
5.585409e-05 1
4.495089e-05 5
3.160295e-05 3
8.032107e-06 3
4.265738e-05 1
3.543604e-05 4
2.869474e-05 6313
1.261182e-06 1
6.457133e-06 5
5.761828e-05 41
1.033600e-04 1
2.109694e-05 1
3.933417e-05 1675
8.238524e-06 1
7.609551e-05 1
7.321176e-06 1
1.424891e-05 3
4.009991e-05 1
6.572311e-05 3
1.389586e-04 3
8.692996e-06 1
6.301810e-05 2
6.353787e-06 1
6.745855e-05 2
3.228342e-05 1
3.728336e-05 10022
1.984601e-04 4
7.055295e-05 1
3.513451e-05 210
1.195316e-05 2
3.535103e-05 261
2.317576e-05 208
5.901609e-05 2
6.857362e-06 4
7.812209e-06 1
7.271504e-05 1
8.852262e-05 7
1.443844e-04 1
4.520296e-06 5
4.369529e-05 7
6.518507e-05 1
3.002184e-05 284036
1.023087e-04 1
8.010785e-05 1
1.722490e-05 1
2.347003e-05 1
4.366164e-05 2
3.004586e-04 1
5.894040e-05 1812
2.181592e-05 1
2.062361e-05 5
4.795568e-06 3
5.097336e-05 96
3.750876e-05 323
1.952965e-05 1
7.446643e-06 1
2.480090e-05 1
1.300133e-05 1
1.695219e-05 1
1.042576e-04 1
7.192784e-05 4
5.908117e-05 7
1.917202e-04 1644
3.905142e-05 1
9.996296e-06 1
1.012967e-04 6
3.680193e-05 1
7.449655e-05 2
1.364046e-04 1
3.107571e-05 1
1.291092e-05 42773
1.268407e-05 16067
3.888480e-05 73
4.096020e-05 2
1.347296e-05 6
2.486132e-06 1
1.051084e-04 1
1.326467e-05 7
5.850928e-05 1
1.225124e-04 1
4.390221e-05 1
5.508110e-05 1
6.209703e-05 1
3.067279e-05 27
6.849599e-06 1
1.481581e-05 2
1.305755e-04 2
1.103397e-04 1
1.009782e-04 2
7.770496e-05 3
5.487333e-06 3
4.106419e-05 1
1.449541e-05 3
2.523200e-05 1
6.608751e-05 1
2.210755e-05 1
1.423534e-04 1
8.025275e-06 1
3.620766e-05 1
1.788602e-05 230
9.514338e-06 1
1.597122e-06 1
5.656957e-05 1
2.798307e-05 1
5.123474e-05 5
5.901091e-05 1
1.697881e-04 1
6.672773e-06 173
5.354382e-06 57
1.018757e-04 1
4.704614e-05 3
1.659873e-05 5
1.580935e-05 1
9.530452e-05 1
5.874153e-05 1009
1.208320e-04 1
1.092853e-04 4
1.173900e-05 4
7.611343e-06 1
6.351197e-06 3
2.874005e-05 1
1.967419e-05 152
2.186061e-05 1
1.615576e-05 1
8.620799e-06 1
2.100365e-06 50266
5.419108e-05 53569
8.581883e-06 4
9.052435e-06 1
1.768738e-05 183
9.643176e-05 1
8.640938e-05 4
3.379150e-06 2086
9.108037e-05 1
2.395017e-05 1
1.178669e-04 1
1.603022e-05 1
1.145931e-04 5
1.241408e-05 2
3.565534e-05 7
8.611699e-05 1
1.956918e-04 4
8.583150e-05 4
1.934560e-05 1
8.407844e-06 1
7.085704e-05 46403
2.544647e-05 1
1.809969e-05 1
6.602866e-05 1
5.702064e-06 1
8.234857e-05 1
4.133318e-05 2061
5.250065e-06 3
1.496013e-05 4
2.419027e-05 36473
1.251219e-04 18
1.142590e-05 3
9.484353e-05 1
4.162572e-05 6
2.169271e-05 1
3.853018e-05 1
7.814810e-05 40
3.569106e-05 3
1.998521e-05 4
4.222175e-06 1
3.170565e-05 2
4.821363e-05 146
1.945993e-05 6
4.226155e-05 1
5.721647e-05 1
1.169367e-06 1
6.039423e-06 4
2.641205e-05 1
8.673985e-05 1
7.003214e-05 5
5.406221e-05 3
1.941557e-05 1
2.227973e-05 1
1.199331e-05 1
3.549955e-06 1
3.554874e-05 1823
3.997537e-06 3
2.001577e-05 3
2.377664e-05 2
9.082470e-05 1
2.101559e-05 5
1.280233e-04 1
1.092131e-04 2
2.330787e-06 1
8.038683e-06 52891
4.739527e-05 180
1.354560e-04 7
2.985519e-05 1
3.064822e-05 1
2.626725e-04 3
1.483590e-04 2
1.687419e-05 2
6.653541e-05 142
3.301497e-04 7
5.755187e-06 1
1.335694e-05 1
1.274907e-04 1
5.293870e-05 1
3.539530e-05 324361
1.503227e-05 1
1.692703e-05 1
3.303796e-05 2
2.009894e-05 56
4.014184e-05 1
2.138697e-05 2
4.894088e-05 1
2.751676e-05 5
3.942652e-05 1
4.710645e-05 4
3.288695e-05 1
1.704839e-05 1603
5.779579e-05 3
2.942494e-05 3
8.577715e-05 4
6.744664e-05 1
5.049062e-05 6
3.547001e-05 1
2.860507e-04 50915
1.746928e-05 1
6.632710e-06 1685
8.193902e-05 1
6.109580e-05 179
4.487586e-06 382
1.145361e-04 1
5.748192e-05 1616
7.309952e-06 2
7.492288e-07 103242
4.659603e-04 7
1.029836e-04 6
3.279422e-05 5
1.875632e-05 1
1.235812e-04 1
4.215028e-05 1
4.942825e-06 2
3.245309e-05 2
3.026473e-06 6
3.792006e-05 2
7.675671e-05 1
1.937372e-05 112
3.969371e-05 1
7.025816e-05 1
3.948204e-05 7
2.362436e-05 1
3.384920e-05 3
1.352644e-04 1077
7.123034e-06 977
1.346706e-05 1
1.085130e-04 24380
3.576368e-05 1
8.534862e-05 1
7.457367e-05 1
2.153825e-05 1
1.041757e-06 1
2.938728e-05 57775
6.019165e-06 2
6.974221e-05 1
6.714671e-05 3
1.068709e-06 3
2.950859e-06 3
2.102888e-05 1
3.756566e-06 7
2.702635e-05 1
2.955336e-05 1
8.335977e-06 1
1.072293e-05 1
9.231965e-05 1
2.809256e-05 1
2.828911e-05 1
3.168359e-05 1380
5.708095e-05 1
1.233389e-04 1
5.771403e-05 1
1.794214e-05 1
3.971346e-06 1
1.598113e-05 1
1.810213e-05 1
1.421160e-06 1
6.047371e-05 5
5.849420e-05 7
1.152526e-05 1
3.875889e-05 1
9.838118e-05 2
1.581414e-06 3
1.362631e-05 209
7.759636e-06 1
6.088175e-06 2
4.178131e-05 1
7.183698e-05 63
6.219473e-05 1
5.838528e-07 2079
2.770978e-05 3
3.523342e-06 3
6.456220e-05 1
5.185916e-06 1
4.427225e-05 65
1.296192e-05 1
1.194788e-05 1
3.947020e-05 1
2.795152e-05 198
1.973051e-05 3
1.939756e-05 1
6.881040e-05 1
2.042672e-05 2
2.525817e-05 1
3.698828e-05 1
4.427272e-06 1371
6.422108e-06 1
3.175789e-06 1
3.837884e-05 6
4.227676e-07 51931
2.572322e-05 1
1.631410e-05 1
1.974347e-05 1
3.351033e-05 1
6.266522e-05 257
4.616840e-05 1
4.104081e-05 1
1.762624e-05 1
6.953587e-05 1
4.490666e-06 1
1.313078e-05 1
4.826923e-05 6
1.172371e-04 415
6.770760e-05 1
7.204233e-05 2
2.587504e-05 1
2.829975e-06 1
2.271256e-05 23342
2.138837e-04 7
9.077187e-05 1
4.432683e-06 1
6.426212e-06 394243
7.885479e-05 1
3.124554e-05 2
8.105630e-05 1
2.990957e-05 3
1.235416e-04 1
1.845069e-05 1
5.239285e-06 4
3.063397e-05 156
7.905668e-05 147
5.031181e-06 1
5.170138e-06 1
9.464885e-05 3
2.536926e-04 19021
1.701535e-05 7
7.501890e-05 1
2.221758e-05 1
4.538429e-06 1
5.069152e-05 1
4.257626e-06 7
1.245313e-05 5
1.203114e-04 909
3.450365e-05 1750
1.081030e-05 1
6.594275e-05 1
1.884574e-05 1
2.637963e-06 7
3.582190e-05 3
1.931196e-05 7
7.387182e-05 140
1.854118e-04 1
6.473438e-06 1
9.763945e-05 1
8.532612e-06 5
2.169232e-05 126
3.354915e-05 3
2.430433e-05 1
1.726975e-05 1
5.948708e-05 4
3.854327e-06 1
7.495548e-05 7
1.661182e-04 51
3.037402e-05 1
7.342676e-05 7
7.165444e-05 1
3.347593e-05 1
5.089698e-05 2
1.430545e-06 1
9.725074e-07 1
6.111795e-05 179
1.791222e-05 2
8.916548e-06 76
3.374510e-05 4
3.926225e-05 3
1.062916e-05 54766
4.393157e-05 3
2.054353e-05 1
2.074542e-05 1
7.408348e-06 1
3.099589e-05 1
9.631441e-05 1
5.246385e-07 1
1.003331e-07 3
6.172843e-05 96
9.259275e-06 1
1.171980e-05 1
3.380018e-05 1
2.499490e-05 1
1.118050e-05 1
5.993496e-05 3
4.658731e-05 2
5.519279e-05 1
1.603805e-05 3
1.296957e-04 1
7.290300e-05 1
3.371284e-05 3
2.352521e-05 6
1.213913e-04 1
6.834588e-05 9151
3.754534e-06 1
1.779597e-05 1
7.365780e-06 1
2.483515e-05 6
1.357258e-05 5
4.349395e-05 1
4.772325e-05 1
4.355560e-05 1
3.965491e-05 3
2.794045e-05 36478
4.315072e-06 2
1.321021e-04 2
7.032747e-05 2
4.150876e-05 1
1.376645e-04 1
2.824925e-05 1
6.487264e-06 3
7.847246e-05 4
1.083932e-05 209
1.345790e-05 2
3.247856e-06 1393
2.387128e-05 1
1.925964e-05 1
7.916044e-06 238
5.293790e-05 1
1.098547e-05 1
9.594704e-05 1
2.344006e-05 1
1.025879e-04 1
1.597916e-05 1
8.122809e-05 3
4.262508e-06 725
3.928304e-05 1
1.283157e-05 1
2.046967e-05 7
9.964243e-06 1
8.393155e-05 1
1.246742e-06 1
1.902835e-05 1
2.212057e-05 7
5.299438e-05 2691
1.247964e-04 1
5.942369e-05 1
5.745393e-05 1
4.705379e-05 3
2.285629e-05 1
3.437803e-05 3
1.014859e-05 2
5.034000e-05 1
5.735491e-06 17
9.383236e-06 1
6.123083e-05 1
4.815958e-05 1
2.496693e-04 6
1.826435e-05 3
7.123250e-05 1
1.928490e-05 246
1.368681e-05 3
3.110996e-05 1
8.377766e-05 2
1.009328e-04 1
1.648418e-05 1
1.500311e-04 3
3.901395e-05 1907
5.833645e-05 1
3.193664e-06 7
3.932618e-05 783
1.343316e-04 2
1.194275e-05 1
4.389337e-07 11392
1.958220e-04 1
1.055674e-04 2
2.148811e-07 2
1.848927e-05 5
2.532359e-05 1
2.976823e-06 3
4.079486e-05 1
1.238994e-04 1
3.496846e-06 1
3.600197e-05 1
5.065596e-05 59218
3.428420e-05 1
2.196092e-05 3
5.204379e-06 1
6.960214e-05 2
4.841750e-05 1115
9.011091e-07 168
6.818791e-05 1
1.546266e-05 114
1.873116e-06 26853
2.752538e-05 2
2.734016e-04 3
1.438932e-05 2
1.125674e-05 1
1.121231e-05 174
1.475711e-05 1
1.242486e-05 1
5.262851e-05 1
1.037991e-04 6
9.664310e-05 3
3.855570e-06 8193
8.114970e-06 5
1.018239e-05 3
6.160251e-05 1
2.434377e-05 252
2.189056e-05 1
9.139995e-06 1
8.894419e-05 6
6.426488e-05 1
9.655441e-05 211
1.572063e-05 1
1.795598e-06 1
3.075325e-05 1
4.792067e-06 24311
3.869027e-05 1
4.936312e-06 228
4.527340e-05 1
6.412750e-05 1
3.391048e-05 1
6.168458e-05 1
2.416306e-05 1
5.772547e-06 7
5.042301e-05 1
6.647193e-05 1
4.692421e-05 2
4.188478e-05 62208
1.915545e-05 6
5.665055e-05 3
1.226850e-05 2
1.415318e-04 1
4.272800e-06 5
4.081853e-06 1
1.705362e-05 1597
1.373207e-04 3
5.287158e-05 23
8.233232e-05 1182
1.138514e-05 1
6.980735e-06 1
8.336919e-05 1785
9.719519e-05 2
7.089847e-05 1
1.919393e-06 1700
1.569563e-05 3
5.215886e-05 1
1.341394e-06 1736
9.007299e-06 1
7.462915e-05 185
1.686408e-04 3
1.227628e-04 38
4.602262e-05 1
7.021557e-05 4
5.211571e-05 7
3.045062e-05 7
2.414695e-05 3
1.217716e-05 382
2.927135e-05 788
1.019755e-06 1
2.061981e-05 3
6.402012e-05 2
1.578023e-04 2
5.189911e-05 1
1.416602e-04 222
7.754527e-07 1
5.664229e-05 3
6.908646e-05 3
3.096703e-05 1
5.746063e-06 1
1.653842e-05 5
2.684089e-05 1
1.069179e-05 1
9.046672e-05 244
2.954293e-06 1
9.075251e-06 3
3.559870e-05 1
9.532787e-06 1
9.368420e-05 64
8.750474e-05 1
1.621880e-04 1881
4.387085e-05 7
9.761290e-06 1
1.199407e-05 1
5.892729e-06 1
5.432405e-05 1
7.255391e-06 1
3.277484e-06 90
7.259105e-06 3
3.991306e-05 1
5.145953e-05 1
9.169177e-05 51665
1.662385e-06 1
8.672021e-06 1
9.995302e-06 1
4.401053e-06 1
1.609869e-05 2
5.394709e-05 3
1.238649e-05 6
9.642514e-06 2
8.087329e-06 1
9.958112e-06 2
1.827840e-06 1
3.813912e-05 48
2.565366e-05 1
6.790014e-05 1
1.097421e-04 1
1.654053e-05 2
1.729852e-05 1
3.471535e-05 7
2.339738e-05 1
7.492840e-06 7
5.699707e-05 1
1.357285e-05 1
1.867956e-05 1
1.605240e-05 1
3.801905e-05 2
1.922478e-05 929
4.002444e-05 1
7.590150e-06 1
8.530813e-06 1
5.086668e-05 2
1.287495e-05 1
2.118626e-05 2
3.499276e-05 2
1.886315e-05 3
1.093897e-04 1
1.011632e-04 1
1.054385e-04 153
9.253126e-05 1
6.268070e-05 1
1.765165e-04 1
8.789637e-05 1
3.743741e-05 1
4.354607e-05 2
5.414700e-06 6
4.673542e-05 1
5.300472e-05 2
1.771558e-05 1
5.653381e-05 1
1.043054e-05 7
6.088758e-05 1
7.718538e-06 4
6.235407e-05 1
1.122060e-04 1
2.081363e-05 1
2.393441e-06 1
4.331896e-05 3
2.684660e-05 7
5.031812e-05 4
7.478562e-06 1
2.183990e-05 1
7.240262e-06 1
9.021750e-05 3
9.450341e-05 1
4.330123e-05 1
8.159954e-06 214
1.181435e-05 25758
9.638531e-05 1
1.029991e-04 2
1.353222e-04 1072
1.979522e-05 1
5.070651e-05 1
6.731860e-05 3
5.174111e-05 7
6.956026e-05 1
3.741973e-05 3
1.714687e-05 100
9.313069e-07 1
9.986566e-05 2
5.696646e-05 1869
1.526325e-05 1
4.015712e-05 1088
1.394821e-04 1
2.216648e-05 1
1.874104e-05 1
6.685840e-06 1
6.845524e-06 29
4.715473e-05 1
5.359626e-05 1
9.125474e-06 1
5.052964e-05 2
3.674426e-05 1
3.147398e-05 1
2.460597e-04 1
3.025635e-05 6
8.582668e-05 1
3.191407e-05 1
3.689996e-05 1
6.248732e-05 1
4.575378e-06 4
2.473234e-05 1
9.864916e-05 3
8.605647e-05 3
2.008871e-05 66317
1.713952e-04 224
7.992004e-06 3
2.025487e-05 1
1.373392e-04 2
7.300666e-06 46
7.258984e-06 7
3.105074e-05 3
6.220333e-06 1
9.965127e-06 1
1.404855e-05 2
8.545853e-06 1658
2.320468e-05 1
5.853687e-05 2
4.680371e-05 3
2.640822e-05 733
3.196924e-05 1
5.805212e-05 1
2.524952e-06 7
3.778820e-05 1
1.767105e-05 1
5.865021e-05 1
2.513243e-05 6
4.287713e-05 1
1.425939e-04 4
3.077354e-05 364
2.983908e-05 1
3.820888e-05 3
7.301134e-06 2
1.341474e-04 1
3.067519e-05 1
3.755053e-05 7
5.941949e-05 170
4.660622e-05 2
1.036394e-04 239
4.223421e-05 3
3.173923e-05 1
1.183559e-05 53
2.371611e-05 1
1.041147e-05 3
3.046787e-05 230
2.693068e-05 1
8.955915e-06 3
2.212394e-04 1
1.015044e-04 2
8.984540e-05 4
2.793998e-05 3
7.254091e-05 4
4.674521e-05 3
3.233857e-05 2
2.356655e-04 1
1.530388e-05 1
1.417915e-04 1
2.454152e-05 1
5.413792e-05 1
6.413160e-06 1
8.189173e-05 1
4.696591e-05 1
4.301170e-05 124
7.983639e-06 3
1.949560e-05 1
1.247191e-06 4
9.637903e-06 1
8.839650e-06 4
5.329613e-05 1
6.390601e-05 2
6.297854e-05 120
3.856640e-05 4
3.856001e-05 1
1.152718e-06 12
1.219711e-04 1
1.423514e-05 3
2.549231e-05 1
3.600050e-05 4
5.639427e-05 1
9.796465e-07 1
1.200257e-05 7
1.296014e-06 3
1.646084e-05 1
1.370356e-04 1
4.608303e-05 2
4.954689e-06 1
4.695038e-05 73
3.336982e-05 1
1.070999e-04 69
3.258879e-05 1
1.366941e-04 2
2.721556e-06 1
3.283133e-05 1
1.874632e-04 1
2.009857e-05 1
4.939636e-05 1
1.314509e-05 125
4.146508e-06 1
3.459989e-05 1
2.414289e-05 2
6.382934e-05 6
2.993047e-05 2
7.232785e-05 1
8.899577e-07 1
3.970750e-05 1
1.479707e-05 1587
8.308744e-05 1
7.968547e-05 1
1.507687e-05 1
1.706483e-05 1
7.920099e-06 60233
3.519487e-06 1
7.789390e-05 4
4.979666e-05 1
1.196347e-04 2
9.513911e-07 3
4.590735e-05 7
3.093103e-05 1
3.536505e-05 197
3.349369e-05 7
2.365931e-05 1
5.045870e-05 1
1.948234e-05 41
3.348685e-05 1
3.838994e-05 1465
7.841465e-05 225
1.740482e-05 79
8.326985e-06 1
3.505823e-05 1
7.690916e-06 1
1.856977e-06 1
7.523047e-06 1
3.580016e-05 1
1.567825e-05 1
4.972847e-05 1
6.190944e-06 51186
4.046857e-05 2
1.173435e-04 1
4.721946e-05 1
7.582871e-05 156
1.020910e-04 3
5.360498e-05 7
5.046198e-05 1
3.647319e-06 3
4.234574e-05 1
3.752274e-05 1
1.428735e-05 2
1.578256e-04 1
1.652924e-05 3
3.483794e-05 1
3.764148e-05 5
1.101918e-05 2
1.669975e-04 48
5.253899e-05 1
3.785700e-05 1
4.186521e-05 1
3.450416e-05 1
1.346866e-05 11935
1.004697e-05 4
2.259808e-06 3
5.116112e-05 1
3.609351e-05 1
1.374358e-05 1
4.251516e-05 6
5.009363e-05 2
8.196969e-05 3
2.687664e-05 2
1.909686e-05 35405
6.516725e-05 1
3.702057e-05 107
1.571188e-05 3
1.112985e-04 212
7.209242e-05 7
5.984186e-05 1
4.219977e-06 2
1.288228e-05 2
9.862622e-05 1
1.770866e-05 2
3.086038e-05 1
8.192859e-06 1
5.908241e-05 3
2.725903e-05 1
1.383916e-05 1
3.760422e-05 2047
3.742755e-05 1
1.833137e-05 1
3.393424e-05 3
7.499348e-06 1
1.192990e-04 1
1.086842e-04 1
7.317759e-05 1
2.603350e-05 199
3.862059e-05 5863
2.785118e-04 7
3.963056e-05 1
9.769586e-06 1771
1.105816e-04 1
1.609842e-05 3
5.132036e-05 83
3.162294e-06 1527
1.825980e-04 1
9.029752e-05 2
9.316030e-05 1
9.590495e-05 3
2.365326e-05 1
3.309070e-05 416440
1.602711e-06 45982
1.604778e-05 3
3.935283e-05 1
1.367533e-05 1175
1.340710e-05 6
2.070920e-04 1
3.447606e-05 1
6.788513e-05 1
3.726292e-06 3
4.311529e-05 1
4.313769e-05 7
3.804715e-06 159
3.194328e-05 1
2.780149e-05 145
4.649762e-05 3
1.479613e-04 2
2.736196e-05 4
4.982089e-06 159
3.838467e-05 1
1.328862e-05 1
6.417330e-05 1
1.554194e-04 1
4.114864e-05 1
2.634145e-05 1
8.174284e-05 1
7.290741e-06 1
7.542290e-05 7
2.680709e-05 1253
7.401238e-07 924
1.758473e-04 1
2.133365e-05 1
3.799916e-05 1
2.421152e-05 1
1.763430e-05 1
4.273870e-06 172
1.049481e-04 1
4.796830e-05 1
3.573696e-05 1
3.186718e-05 7
1.179128e-05 1
2.172223e-05 251
4.272234e-06 109
7.608246e-06 2
1.233274e-04 1
5.149409e-05 1
2.995342e-05 2
2.013275e-06 17007
7.851431e-05 1
1.136558e-05 3
2.425696e-05 3
1.039631e-04 1
4.256964e-05 5
2.036126e-04 1
1.022953e-05 6
5.845742e-05 1
5.492056e-05 424246
2.807423e-05 1
1.097468e-04 102
5.983981e-05 1
2.847806e-04 7
2.005113e-04 1
8.012658e-05 1
2.453578e-05 1
4.308785e-05 1
1.369440e-06 1
5.909301e-06 1
5.911250e-06 1
1.105433e-04 10106
8.524402e-05 21
3.622515e-05 6
1.984936e-05 1
1.011583e-05 3
1.085638e-04 1709
3.937010e-05 1
7.087046e-05 3
1.062458e-04 1
6.050978e-05 8
3.605997e-05 1
3.090264e-06 1
1.660893e-05 1
2.883890e-05 2
8.298062e-05 7
1.522327e-05 1
7.170268e-05 2
3.648473e-05 3
1.903552e-05 139
2.867463e-05 7118
8.461295e-05 5
1.300251e-05 1
6.871870e-05 7
7.498131e-05 61646
9.401033e-05 1
6.109455e-05 1
8.724375e-05 20967
1.713893e-05 3
2.562059e-05 590
1.208934e-04 1
5.834634e-06 1
3.114522e-05 4
6.206315e-06 2
3.539195e-05 1
1.380700e-05 1
2.746692e-05 1
8.979647e-05 129
1.147033e-04 1
2.089387e-05 1
3.986748e-05 396
8.886709e-07 3
2.294580e-05 1
1.298969e-04 1
1.422260e-05 1
3.271481e-05 1
2.376581e-04 1
3.877378e-05 3
4.378714e-05 4
5.884529e-05 1
4.794676e-05 3
7.168691e-05 1
1.670471e-05 1
1.205145e-04 2
2.404892e-05 42654
3.398002e-05 1
2.113466e-05 1
9.923505e-06 1
2.428855e-05 3
9.159736e-05 1
1.603697e-05 1
1.059699e-04 1
4.600627e-05 1
2.375558e-05 1
1.356181e-04 1
1.642225e-05 540
4.270020e-05 11
2.116208e-04 1
3.608785e-05 1
6.817608e-05 1
7.040542e-05 3
1.747191e-05 1
1.796240e-05 1
6.818883e-05 2
5.131428e-05 5
5.662979e-05 3
6.350320e-05 6
2.379508e-05 1
8.701245e-05 4
3.502011e-06 1
9.739093e-05 1
3.050842e-05 100
2.757468e-05 1434
6.446203e-06 346729
2.293902e-05 5
1.164405e-04 1
2.128938e-05 3
4.567198e-05 1
6.684142e-05 6
5.498330e-05 3
1.881342e-04 118
3.380487e-05 11105
2.858688e-05 1
1.043341e-04 1
4.875235e-05 28638
9.424899e-05 2
5.373686e-05 1
2.243546e-04 1894
3.620524e-05 3
2.380107e-05 1
7.221468e-05 1
3.003302e-05 1
1.345957e-04 1
1.615744e-05 25773
7.496424e-06 2
4.331908e-05 1
4.667122e-04 1
2.085902e-05 1
6.579730e-05 14242
9.314411e-07 5
1.369050e-05 1
3.140359e-05 46
4.234806e-06 1
2.511167e-05 3
1.391640e-06 1
6.757447e-05 1
1.287025e-04 64160
1.086750e-05 2
3.512911e-05 1
1.039417e-05 1
6.657057e-05 14
6.887094e-05 271
4.391910e-05 1
7.183606e-06 1
4.432103e-06 155
2.373018e-05 2
2.683141e-04 1
1.347187e-05 1
5.135384e-05 1
8.500646e-05 1
4.847780e-05 1
2.711172e-05 3
2.210918e-05 1421
3.364115e-05 41
3.750217e-06 38
3.907191e-05 2
7.879375e-05 1
3.535417e-05 1
1.223410e-06 1
2.015772e-05 1
6.168737e-07 3
2.928748e-05 61683
1.318170e-04 3
5.815159e-06 1
9.004074e-05 2
1.714898e-06 1
1.728096e-04 1
1.447978e-05 1
2.745904e-05 1
1.433772e-04 149
5.780073e-05 1
2.148618e-05 1
1.185479e-05 115
1.711832e-05 1
1.904480e-05 1
8.236971e-05 1
6.185445e-05 9246
1.890287e-05 1287
4.152253e-05 3
1.312926e-04 562
1.255130e-05 6
6.783340e-05 2
2.916497e-04 1
4.160013e-05 1
8.409372e-05 3
4.578352e-05 3
3.794180e-05 1
1.389099e-05 4
8.050600e-05 1
2.899264e-06 1
4.911499e-05 1
1.030481e-04 2
1.911268e-05 1
8.501906e-05 2
2.995094e-06 891
5.857151e-06 67
7.832633e-05 1
1.419774e-04 2
1.291187e-04 3
3.808245e-05 1
5.372737e-06 1
1.726088e-04 1
4.313265e-05 1
1.378350e-06 240
1.163162e-04 1
1.944567e-05 6
1.050860e-04 1
6.848439e-05 1
1.071279e-04 6
1.629488e-04 1
3.258627e-06 48766
8.851682e-05 6
4.753049e-05 1
1.274975e-05 1
3.407745e-06 1
5.809805e-05 1
9.147525e-06 2
4.866675e-05 1
2.111253e-05 1
3.669070e-05 1
6.408710e-05 45451
2.645330e-05 1
2.895415e-05 5
1.477606e-04 4
9.996725e-06 1
4.468491e-05 2
1.327521e-04 3
9.021569e-06 1
3.656883e-05 5
4.743030e-05 1
3.591714e-05 1
8.896138e-05 2
2.129784e-05 9373
5.733018e-05 1
1.321167e-05 1
5.711469e-05 1
4.200278e-05 172
3.944823e-05 5
1.055866e-04 3
1.123704e-05 1
6.225356e-05 1196
4.079737e-05 3
2.720777e-05 120
4.022355e-05 1
1.631745e-05 1
2.468036e-05 1
3.477195e-05 2
2.182504e-06 3
3.446507e-05 184
2.236581e-05 1
5.887435e-06 3
5.839487e-06 1
3.062235e-05 1393
4.527833e-06 321
2.914941e-05 1
4.940862e-06 1
4.036919e-05 125
5.461554e-06 1
1.922335e-05 2
2.108420e-05 19333
1.130338e-05 1
3.057520e-05 1
5.154710e-05 1
2.083985e-05 1
1.216938e-05 3
8.655511e-05 1
4.755641e-05 1
2.371496e-05 1
1.927270e-05 2
4.811710e-05 1
3.450427e-05 119
1.082822e-04 119
7.894424e-05 213
3.815540e-05 1637
1.049413e-04 1
1.323145e-05 1
8.570808e-05 3
1.749795e-05 3
3.760235e-05 1
2.072500e-05 1
3.096758e-05 1
5.027540e-05 1831
3.646454e-06 1
2.218025e-05 7
3.744567e-05 7
1.101980e-04 1
7.135028e-06 1
1.692895e-05 2
5.245992e-05 1
2.082773e-04 3
2.172465e-05 1
3.347290e-05 1
4.037142e-06 2
2.124632e-05 1
7.063297e-06 3
8.383897e-05 1
2.490193e-04 1
2.564468e-05 1
1.834983e-04 1
2.471089e-05 1
1.921935e-05 1
1.328491e-04 1
1.063512e-05 6
3.193820e-05 1
1.008980e-04 1
5.772695e-05 1
7.677205e-05 2
1.730972e-05 1
8.000007e-05 30964
1.646198e-05 3
9.047855e-05 2
3.330674e-05 1
9.601045e-05 1
8.881954e-05 1
7.076263e-05 3
2.761963e-05 3
1.118421e-04 5
5.171370e-05 2
2.508811e-05 5
1.283127e-04 1
2.505252e-06 3
1.996005e-06 3
2.232865e-06 2
2.045727e-05 1
3.377771e-05 7
1.406359e-06 2
1.798336e-05 96
1.168406e-04 218
3.823503e-05 18273
3.094166e-05 1
1.367569e-05 6
1.047004e-05 1725
3.380252e-07 107
1.626452e-05 1
9.917717e-06 1
8.050756e-05 116
2.807040e-05 1
6.880012e-05 1
3.656929e-05 68
8.139658e-05 1
5.161296e-05 2
4.729131e-06 1
3.597421e-05 5
8.285170e-05 6
7.770003e-06 1
1.005772e-04 1
5.070040e-05 1
5.739542e-05 1
1.759736e-05 1
5.570035e-05 1
9.622948e-05 1
1.404449e-06 1
2.692853e-05 478115
2.545959e-06 235
7.453382e-05 5
1.892504e-05 84
4.881719e-05 1
7.987768e-05 3
6.971672e-05 3
1.337555e-05 1
6.402311e-05 1
2.103516e-05 2
2.601853e-05 1
2.354783e-05 1
4.445177e-05 57
7.419931e-05 1
1.306237e-04 1
6.217706e-05 1
9.992351e-05 1
3.344717e-05 1
5.525650e-05 142836
3.968478e-05 3
4.508982e-05 2
2.505392e-05 3
9.392682e-05 1
2.386188e-05 2
8.524050e-05 4
6.784582e-05 1
8.472446e-06 862
2.552614e-05 1
2.687252e-05 7
5.278040e-05 2
4.804808e-06 1
1.399254e-04 1
5.563927e-07 1
1.700999e-04 1
4.608223e-06 1
1.465189e-04 2
1.127676e-05 56548
9.700268e-05 1162
4.484123e-05 2
3.315076e-05 1
1.598426e-04 2006
1.884210e-05 3
2.561224e-05 54014
2.045824e-05 2
7.587742e-06 1
9.286215e-05 3
5.544443e-05 1
1.956193e-05 1
1.625479e-04 1
3.372950e-06 1
2.646833e-05 1
1.349501e-05 2
4.519315e-05 3
2.361350e-05 240
3.997214e-06 2
6.938964e-05 1
2.217083e-06 3
2.125225e-05 222
2.942408e-05 1
8.165312e-06 395
3.886088e-05 1
2.316644e-06 1
4.553300e-05 1
7.197363e-05 6
1.275791e-04 1
1.077494e-04 946
1.181242e-04 2
3.391641e-05 5
5.183229e-06 1
9.870160e-05 2
1.124959e-05 692
4.026574e-05 66
3.102412e-05 3
5.066039e-05 6
1.922619e-05 1
2.481356e-05 1
6.403262e-06 1
4.353945e-05 1
1.321201e-04 1
3.915273e-05 2
6.800656e-05 1
1.026352e-04 1
3.806764e-05 179
6.444708e-05 1149
7.304835e-05 33
5.635330e-06 8357
6.808231e-05 99
4.305878e-05 1
1.063811e-05 1
1.687035e-05 1
9.389347e-05 61
4.814750e-05 44362
1.421806e-05 1
2.404978e-05 1
1.494719e-04 1741
2.252580e-05 4
3.178034e-05 1
6.852676e-05 1
2.756871e-05 1
2.593956e-05 4
1.638385e-06 1
7.885101e-06 2
1.187102e-04 6
7.222261e-05 1
1.149591e-04 1
6.151960e-06 1
3.129212e-05 1713
3.159220e-05 1
3.453679e-05 117
9.243914e-06 1
1.057883e-04 1
3.150415e-05 1
3.085206e-05 1
5.020598e-05 206115
8.581262e-05 1
2.734770e-05 1
3.275517e-05 2
1.763808e-05 1
3.231840e-05 1
2.420820e-05 3
5.656807e-05 526129
9.672203e-05 41944
7.775391e-06 189
1.014710e-04 39576
1.490225e-05 3
5.183588e-06 1
1.032172e-05 258
2.781922e-05 7
1.151807e-05 1
4.772519e-05 1
8.203582e-06 4
3.656025e-05 2
4.210139e-05 1
1.847295e-06 123
3.182741e-05 1
3.839765e-05 1459
3.050572e-05 597
1.513957e-05 1
3.798106e-05 1
1.821587e-05 1
1.735261e-05 7
6.372575e-06 1
1.335846e-05 43
1.432764e-04 1
3.496328e-05 1
6.445568e-06 1
3.883066e-05 1
1.427941e-04 3
1.530790e-05 1866
2.660305e-05 1
8.277405e-05 1
6.750626e-05 3
7.024351e-05 1
1.057851e-04 1
3.428659e-05 1
1.273219e-05 2
3.437710e-05 1
4.409618e-05 3
3.700038e-05 58751
2.516493e-04 1
3.660713e-05 1
1.449029e-04 1
3.226244e-05 3
3.755713e-05 6
1.037137e-04 1
3.230402e-05 1
1.280000e-04 905
2.984382e-06 1
2.568560e-06 17594
3.395299e-06 1
4.758373e-06 869
9.562112e-05 1
6.840707e-05 8116
1.033636e-05 3
5.147774e-05 203
1.683582e-04 1
8.610805e-05 3
2.434263e-05 252
2.240233e-05 2
6.236665e-06 1
5.292325e-05 2
6.023243e-05 1
6.146025e-05 3
5.520076e-05 3
1.640663e-05 2
6.741665e-05 1
1.298781e-04 1
9.950523e-05 1
7.501771e-05 7
7.577243e-05 1
5.867893e-06 1
1.100640e-05 1
7.402923e-05 1
9.884722e-06 5
2.193697e-04 4
1.470593e-05 1
2.014514e-05 1
3.020045e-05 3
5.423123e-05 225
1.090120e-06 43137
2.173219e-05 1
3.334070e-05 1
9.758664e-05 1
7.802139e-05 3
1.439034e-04 1
7.608770e-05 1
1.161033e-04 6
9.387256e-05 2
4.976260e-05 1
1.194825e-05 1
7.533752e-05 2
1.606103e-05 3
3.654095e-06 4
3.731045e-05 1
7.616019e-05 3
1.268009e-04 195
1.779166e-05 3
6.523875e-05 1
3.769807e-05 1
3.764739e-05 1
4.628013e-05 5
7.566984e-08 1
5.938937e-05 1
7.470767e-05 2
1.274837e-04 126
1.653480e-06 2
4.866178e-05 1
1.892508e-05 1
5.578603e-06 3
6.428104e-06 6
6.292218e-05 3
3.656079e-05 2
2.274788e-05 1
3.491669e-05 1
2.836493e-05 1
2.956131e-05 1
9.796454e-05 1
1.180027e-04 592701
2.391651e-05 1
1.305009e-05 1
6.013495e-05 4
9.862944e-05 7
5.137888e-06 7
2.370960e-05 1
8.291991e-06 1
1.257162e-05 774
1.631271e-04 1
1.181376e-04 1
7.779867e-05 2
3.720748e-05 1
9.254660e-05 1
6.279765e-06 2
1.093646e-04 1
1.226038e-04 5
9.267422e-06 1
1.423124e-04 6
4.035385e-05 1
4.480595e-05 1
1.209911e-05 1
1.356497e-04 195
1.069755e-04 375308
3.797874e-05 183
2.022594e-05 1
1.022961e-05 3
2.386817e-06 1
2.442073e-05 1
1.856562e-05 7
9.963250e-05 1
1.593738e-05 1
4.233291e-05 1
3.703176e-05 43
5.197564e-05 2
1.173732e-05 252
8.998140e-06 2
1.060873e-05 1
4.969515e-05 3
6.924832e-06 1
1.068612e-05 33
5.282194e-05 1
1.570057e-04 1
1.537693e-05 1
2.192014e-05 7
7.118979e-06 31522
8.763403e-06 3
4.183969e-06 1
1.151651e-04 3
4.161056e-05 3
4.124909e-05 7
1.395067e-04 1600
2.202125e-05 1
4.159642e-05 1
2.868608e-05 1
1.016940e-05 1231
1.554955e-06 1
4.689451e-05 1
1.175591e-05 1
1.492045e-05 2
1.085331e-05 3
9.629676e-05 2
6.540599e-05 2
3.696878e-05 1
2.441981e-07 1
3.239440e-05 2
1.297713e-05 1
2.929514e-06 1
4.896906e-05 1
9.804475e-06 1
3.301027e-05 3
6.634204e-05 1
1.330098e-05 2
1.452473e-04 38614
4.090822e-05 1
7.876032e-05 1
9.211743e-05 3
2.154496e-05 438077
2.680691e-05 1
2.416884e-05 1
1.519251e-04 43
8.812223e-06 2
1.321553e-05 1
6.175190e-06 7
8.770102e-05 229
3.651041e-05 35732
1.559226e-04 3
1.988888e-05 2
5.116245e-05 1
1.500351e-06 1
1.354171e-04 3
8.763495e-06 1
3.862771e-05 1
1.346384e-04 1
8.004521e-05 2
3.427959e-05 3
7.593313e-05 4
6.593036e-05 3
1.486673e-06 38
2.462002e-05 1
3.012838e-05 1
1.158848e-04 1
3.359236e-05 7
2.389605e-05 1
2.035855e-05 2
3.433838e-05 2
8.932946e-06 3
5.375042e-05 1
3.026262e-05 2
3.407940e-06 1
3.577424e-06 2
4.938922e-05 1
1.103456e-05 1
2.052119e-05 151
1.565221e-05 224
5.584194e-05 1
1.599422e-04 2
3.491667e-05 50775
1.503876e-04 782
1.137567e-04 3
3.945561e-05 2
1.297915e-04 1
6.050875e-05 71
4.123492e-05 145
4.216548e-05 1
2.518869e-08 3
8.555285e-05 2
4.166499e-06 247
2.369156e-05 3
5.825580e-05 3468
1.093896e-04 1
2.386155e-05 3
6.541989e-05 1
2.884574e-05 1
3.509204e-05 1
1.026621e-05 1
6.582640e-06 1
6.402687e-05 1
6.624843e-05 406
5.185451e-05 162905
9.435674e-05 3
7.376332e-05 555088
4.666251e-05 1
7.348151e-05 386
4.344061e-05 2
1.516528e-05 1
4.337811e-06 1
2.364024e-05 7
1.205996e-04 247
8.151702e-05 1
1.332114e-05 2
1.499614e-05 1
1.764620e-05 2
1.587111e-04 204
9.227960e-05 6288
5.530731e-05 2
5.879006e-06 1
2.104249e-05 2
6.391420e-05 1
1.486052e-05 1
2.334650e-05 69
6.749171e-05 1
2.574968e-05 1
3.289614e-05 6
3.473584e-05 1
1.963579e-04 3
2.030658e-05 167
4.840980e-05 1
1.051203e-04 1
6.046763e-05 1
2.465834e-05 1
2.880942e-05 6
6.891678e-05 1
8.956523e-05 260
3.144774e-05 1
6.521501e-05 3
7.562252e-06 1
1.409373e-05 5
4.391356e-05 1
2.855139e-05 33
7.376042e-06 3
5.666932e-05 74
7.870921e-05 2
2.072814e-05 1086
3.663874e-05 1
2.267446e-05 3
3.709559e-06 1
2.926298e-05 1
2.577688e-05 1
1.456092e-05 1
1.315376e-04 160
1.832043e-05 1
3.665466e-05 1
4.830017e-05 1
1.151977e-05 1
2.980561e-05 7
9.713959e-05 1
3.368466e-05 229
5.416549e-06 1
3.033088e-05 111
1.223023e-07 196
5.984344e-05 1
1.017956e-04 1
1.505249e-05 1
1.603891e-05 992
1.207325e-05 1
4.298966e-05 5
2.051737e-04 6
1.011866e-05 1
3.102421e-06 7
8.958779e-05 4
7.948706e-06 1
9.848410e-05 65326
2.052807e-05 5
3.482788e-06 258
1.431902e-05 1
2.783850e-05 293
2.532946e-05 2
3.057293e-06 1
3.767459e-05 1
2.225101e-04 1
2.710091e-05 1
5.103094e-05 1
2.887444e-05 1
2.649458e-05 1
7.496679e-05 1
2.045010e-05 1
3.366909e-05 7
2.207497e-05 161
5.096169e-05 1
4.160934e-06 3
2.785619e-04 225
1.067914e-04 3
1.112483e-04 1
9.122915e-06 1
5.726220e-05 2
2.575367e-05 2
7.536483e-06 386
7.500426e-05 2
5.333358e-05 34091
3.963793e-05 6
8.141520e-05 1
1.458950e-05 2
4.412733e-05 1
2.428804e-06 1
1.656673e-05 1
3.489843e-05 1
5.906556e-05 7
3.913154e-07 4
5.541026e-05 119
6.002203e-06 116
6.584058e-05 5
3.763122e-05 3
3.737482e-05 3
4.721192e-05 1
8.555658e-05 3
5.669327e-05 1
1.178064e-04 635453
1.225969e-04 5
9.556890e-05 4
1.764036e-05 3
1.985619e-05 1
1.614253e-06 1294
6.740737e-05 245
8.204849e-05 4
9.488026e-05 1
6.745239e-07 3
3.048810e-05 1
7.254511e-05 1
6.669914e-05 1
2.996219e-05 1
1.130961e-07 1
1.213403e-05 1
4.456817e-06 1
3.835514e-05 164
2.122746e-05 1
1.048398e-05 242
7.907078e-05 1
1.265097e-05 233
2.467041e-04 1
7.685929e-05 1
3.131598e-05 1
5.073196e-05 1
1.570039e-05 1
5.131014e-05 1
1.413437e-05 2
7.018961e-05 4
5.994808e-05 1
1.567277e-05 1
5.268393e-06 3
2.294834e-05 1
2.831273e-05 48
7.752936e-05 7
8.034648e-05 1
1.113785e-04 1
2.886253e-05 203
2.931431e-05 3
8.005870e-05 1
1.095186e-05 1
2.631497e-06 1
2.102231e-05 6
8.458260e-05 6
2.303106e-04 1
3.986737e-05 1
2.406811e-05 1
4.516582e-05 1
1.217773e-04 46
1.083817e-04 54
1.000691e-05 34
7.309548e-05 1
1.044683e-05 182
2.124295e-05 2
1.008472e-04 1
4.563601e-06 1
5.899614e-05 2
5.072639e-06 2
7.526420e-05 1
1.776890e-05 176
7.716195e-05 1852
1.480552e-05 3
1.475157e-05 7
5.808907e-05 1
1.054041e-04 217
6.490349e-05 2
2.411043e-05 2073
7.427435e-05 1
2.941888e-05 232
9.865386e-06 2
4.240289e-06 239
3.967222e-05 1
2.330101e-06 3
1.219412e-04 1
1.996966e-05 1
9.035579e-05 4
6.459411e-05 1
3.100887e-05 4
3.209335e-05 4
1.466778e-06 1
5.176124e-05 1
1.349167e-05 1
6.176011e-05 1
1.835474e-05 2
2.141868e-05 1
2.883558e-05 15
4.408510e-05 37280
8.622746e-07 1
1.814479e-04 1
3.114148e-05 2
5.100641e-05 520
2.732554e-05 113
4.017905e-05 1
8.668749e-06 2
3.827317e-05 17044
2.798741e-05 1
6.651420e-05 1
4.328924e-05 20830
3.137260e-05 4
6.151894e-05 2
6.364850e-06 1
5.686803e-06 2
1.182033e-05 1
1.148885e-04 2
3.603862e-05 1
8.762799e-06 218
4.454835e-05 24143
7.330579e-06 1
2.115730e-04 1
1.951126e-05 1
9.068902e-05 22737
1.908249e-05 1
2.786690e-05 204
2.193058e-05 1
4.665258e-05 2
3.147694e-05 1
8.639903e-09 1
4.844563e-05 1
1.939251e-05 21035
4.489130e-06 3
2.996680e-05 1
1.202219e-05 6
1.770424e-05 1
7.897110e-05 1
4.882565e-05 120
9.648351e-05 1
1.948578e-07 1
1.163843e-05 1081
2.294923e-05 1
5.449178e-05 431
2.871320e-05 1
7.656468e-05 2
3.582996e-05 1
3.773814e-07 2
1.073877e-05 1
3.027512e-05 1695
1.993724e-05 1
3.162596e-05 159
4.824840e-05 4
1.358284e-06 1
1.186533e-04 265
2.437016e-05 4
1.128955e-05 1
1.750582e-05 1
9.390282e-05 1
3.253601e-07 5
1.426848e-05 1337
4.204639e-05 1
2.160446e-05 2
7.346642e-05 3
1.301678e-05 1
8.253915e-06 1
4.421956e-05 1
5.645103e-05 3
3.276752e-05 9057
2.975946e-05 1
3.532104e-05 4
9.272337e-06 1
6.397468e-05 1
2.019477e-06 40
9.870353e-06 1
4.231602e-06 1
2.187341e-04 198
2.444249e-05 7
4.465321e-05 1
4.379210e-05 1
3.930984e-05 795
1.400202e-05 1
4.512672e-06 3
8.179895e-05 216
6.513925e-06 3
5.073665e-05 1
2.676140e-05 4
1.119100e-04 1
1.775608e-04 1
8.499825e-05 1
3.183101e-05 147
7.363466e-06 1
6.457597e-05 1
5.528303e-05 120389
4.978442e-05 1
5.942734e-05 1
3.897351e-05 1
1.438414e-05 298
7.737200e-05 1
7.479337e-07 1
4.436679e-07 1
3.455106e-05 1
8.773100e-05 1
4.929516e-05 14721
1.856130e-04 1
2.221454e-04 3
6.030876e-05 534475
5.768786e-05 7
3.331747e-06 1
5.043291e-05 1
1.138624e-05 1
2.670590e-06 2
1.300302e-04 3
2.324459e-05 266
8.419200e-05 105
8.015561e-05 4
6.101688e-06 2
3.656409e-05 1
4.847784e-05 1
9.447800e-05 1
2.965723e-05 4
4.122025e-05 1
3.806385e-05 5
7.412346e-05 2
4.978270e-05 601971
5.838624e-05 15
5.422499e-06 3
7.046259e-05 7
6.063832e-05 1
1.505997e-04 2
3.151096e-05 2
5.892756e-05 1
1.151663e-04 1
7.084162e-05 1
2.937385e-05 4
7.254550e-05 172
1.834082e-04 1
1.033147e-04 1
1.273189e-07 195
3.059019e-05 1
2.783856e-05 1
5.520082e-06 1
1.032336e-05 1
8.217822e-05 2
4.481598e-05 1
4.190845e-05 3
9.309694e-06 2
1.595635e-05 9
6.571550e-05 1
2.856839e-05 4
5.396839e-05 2
2.579503e-06 1
9.920551e-05 1
3.042251e-05 1
5.085911e-05 3
3.790562e-05 1
1.170618e-05 255
4.397304e-06 1
1.323559e-04 3
1.870163e-05 1
1.043700e-05 3
1.976379e-05 1
3.434932e-06 2
2.368381e-05 58717
2.664879e-05 157
1.060991e-04 1
4.734379e-05 1
1.193984e-06 261
1.373301e-05 1
1.288348e-05 212
5.942390e-05 1
4.156949e-05 252671
1.572482e-05 3
9.242348e-05 2
1.715191e-05 2
9.830150e-05 1
5.303390e-05 3
5.636100e-05 1
9.291354e-06 1
1.497718e-05 3
3.533302e-05 1
8.606778e-05 1
8.010669e-05 1
2.804328e-05 1002
1.417588e-05 52082
1.166961e-05 1
8.171569e-07 2
4.936448e-05 1
7.953430e-06 1
1.944082e-05 1
4.759218e-06 1
1.632362e-04 1827
5.509776e-05 1
4.027255e-05 5
3.665380e-05 3
1.495628e-04 2
1.012755e-04 3
1.395102e-04 1600
1.014076e-04 2
2.363693e-05 1
1.376646e-05 1
4.814949e-06 4
6.339954e-06 1
2.760368e-05 10750
2.803514e-05 1
1.568700e-05 3
5.887357e-05 1
3.437684e-05 1
2.394064e-05 1
2.740506e-06 2
1.400984e-04 3
5.314931e-07 3
1.279069e-04 1812
1.903585e-05 3
1.229442e-05 2
2.150178e-05 1
1.244001e-06 2
4.037987e-05 1
1.207434e-05 1
4.975491e-05 145
5.789589e-05 3
1.058346e-04 7
1.571549e-04 1
4.511824e-05 1
2.071461e-05 9
2.950621e-05 1
4.263420e-05 1
9.048719e-06 3
6.004957e-05 2
5.882458e-06 7
6.460145e-05 2
2.521969e-05 3
2.546267e-05 6
1.709794e-07 201394
9.243108e-05 3
2.357016e-05 1
1.279614e-04 1
7.868309e-06 7
3.464710e-05 111
5.506176e-05 1
2.040243e-05 1
4.714664e-05 1
1.239129e-05 3
8.153631e-06 1
2.745727e-05 1543
1.649889e-05 2
1.275063e-05 1
2.947750e-06 1
9.476891e-05 1
2.427301e-06 1
5.895492e-05 1
4.430520e-05 1
3.028874e-05 22881
4.139177e-05 1
1.078768e-05 1
8.343564e-06 1
4.146434e-05 3
1.549540e-04 1
5.583828e-05 7
5.830617e-05 1
1.077653e-04 5
3.645418e-05 1
2.670991e-05 47408
4.557848e-05 4
1.966762e-04 165
1.248375e-05 2
6.461390e-06 195
9.957888e-07 10537
5.619073e-05 1
4.765849e-05 1
3.433113e-05 1
2.335795e-05 1
4.418660e-06 2
1.845013e-05 1
7.969069e-05 4
1.398778e-04 1
3.672239e-05 28635
1.836316e-05 3
8.550158e-06 5
1.205595e-05 2
1.034902e-04 1
4.004873e-05 1164
5.969960e-05 558
1.596790e-04 3
2.750168e-05 3
4.658839e-05 4
3.775110e-05 1
6.433803e-07 1
1.973284e-05 1
5.301637e-06 30125
1.086536e-04 242
4.699757e-05 5
4.311653e-06 1
8.078557e-06 1
2.733782e-05 1
8.027169e-05 248
8.811000e-07 1
5.605620e-05 1
2.273351e-05 1
2.722841e-05 1756
1.887145e-05 1
8.979575e-05 1
1.888277e-05 24
4.256063e-05 2
1.603798e-05 1
2.793688e-05 5
5.974541e-05 4
1.921543e-05 2
1.349703e-05 1
4.562221e-05 2
1.002860e-04 94
3.347572e-05 4
1.040840e-05 28314
1.092369e-04 3
1.963103e-05 6
2.296150e-04 2
5.142518e-05 2081
1.555069e-05 6
8.796238e-05 559
3.335736e-06 1
6.873880e-05 1
1.870177e-04 1
1.573913e-05 3
4.653066e-05 3
8.183386e-05 3
5.362937e-05 1
3.609683e-05 3
5.556134e-05 1
4.048112e-05 1
4.338826e-05 7
7.220338e-05 181
2.825356e-06 204
2.937501e-05 3
2.293839e-05 3
1.151571e-04 1
1.533445e-06 6
1.342786e-05 1
3.758359e-05 1
2.138618e-04 3
6.110136e-05 1
1.076758e-04 3
3.520634e-05 1
1.001213e-05 1
1.342656e-04 1170
1.348433e-05 1
1.084586e-04 2
2.412322e-05 2
1.295843e-05 1
1.816004e-05 1
5.095139e-05 1
9.025262e-05 27348
4.271841e-05 3
2.285163e-05 1
1.874017e-04 1
8.988890e-05 1
1.522071e-05 1
6.305887e-05 1
2.216612e-05 8752
1.051314e-05 1
2.444976e-06 1
6.586586e-05 161
1.959766e-05 1
6.324854e-05 1
9.326145e-05 1
1.052935e-04 2
6.064405e-07 1
1.835048e-05 2
6.112306e-06 1
7.583044e-06 3
1.103686e-05 3
6.188207e-06 2
9.957452e-06 2
2.400901e-05 2
7.745765e-06 1
4.421067e-05 1
5.032942e-07 1
7.582621e-05 30
4.330946e-05 1
5.446764e-06 1
5.033851e-05 1
1.285067e-04 1
2.766997e-05 1
6.676563e-05 1
4.447017e-05 1
7.568707e-06 340
1.084461e-05 1
3.371091e-05 1
5.037929e-05 3
1.748048e-06 5
8.274169e-05 260
5.702681e-05 1
3.474405e-05 1
4.921216e-05 2
1.725235e-05 1
1.561617e-04 6
4.775347e-05 102
9.822612e-05 1
4.932750e-05 1
9.276844e-05 1
5.854106e-06 258
6.543973e-05 1
3.449247e-05 3
1.915780e-05 5
6.763395e-05 3
3.055718e-05 552
2.876642e-06 1
3.242438e-05 1
9.702871e-05 1
3.510292e-05 3
8.409513e-05 1
3.531912e-05 1
1.436550e-05 1
7.917465e-05 1
2.408096e-05 1
5.044825e-05 1
1.352044e-04 1
5.655541e-05 5
2.083478e-05 1
2.155392e-05 2
9.232154e-05 86
4.943440e-05 1
8.964837e-05 1035
2.566117e-05 3
2.238069e-05 1
2.327358e-05 138
5.796103e-05 1
1.791470e-05 3
2.951468e-05 1
2.497465e-05 3
5.526433e-05 1
7.180907e-05 31246
2.616001e-05 1
9.919610e-06 169
3.118756e-05 3
2.541424e-05 1
8.290686e-07 1
3.003037e-05 1
4.321070e-05 1
4.367487e-05 1
4.751713e-06 2
1.874995e-05 5
4.188695e-05 1
7.688619e-05 1
2.608701e-05 1
1.202647e-04 1
5.087452e-06 21
2.917006e-05 1
8.682384e-05 2
5.311507e-05 39214
6.678928e-05 1
2.360489e-05 1
2.037211e-05 35
6.664377e-06 3
3.943276e-05 172
4.390027e-05 3
4.405000e-06 1
4.239956e-06 1
7.371268e-06 622
3.987101e-05 1
4.588639e-05 56
6.202946e-06 222
5.922560e-05 1
1.453979e-05 3
4.676961e-06 192
4.037783e-05 4
2.313755e-05 1
1.656502e-05 1
8.744245e-05 5
1.573584e-04 1
2.947264e-04 1
8.637465e-05 3
5.736990e-06 207
1.117206e-05 1
2.960824e-05 49168
3.205817e-05 1
8.855908e-05 7
1.549455e-05 4
3.152239e-05 1
1.276729e-05 1
3.877677e-06 6710
2.757492e-06 1
7.374551e-05 16
1.011985e-05 1
9.453567e-05 1
1.322359e-06 1
4.995183e-06 1
4.300378e-05 929
6.008183e-06 3
8.241908e-06 40372
2.738099e-05 2
3.751063e-05 3
4.742904e-05 2
5.118803e-05 1
1.979009e-05 1
1.116486e-04 1
4.972373e-05 1
3.020324e-05 1
1.560554e-05 3
1.852541e-05 3
9.724807e-05 4
1.948563e-04 1
3.599284e-05 3
4.700288e-05 1
1.582233e-06 2
7.356100e-05 1
8.352990e-06 2
1.731672e-06 1
6.596869e-05 95
3.713042e-05 2
3.065840e-05 1
2.816244e-05 1
7.415191e-05 1951
4.256172e-07 1
6.299761e-05 1
4.386205e-06 3
1.650313e-04 3
4.597187e-05 3
7.825557e-05 1
7.151489e-05 1
1.320663e-04 93
2.739569e-05 1
1.628085e-05 2
4.290324e-05 1
2.033177e-05 1
1.084437e-06 7
2.808324e-05 1
2.721635e-04 1
2.816829e-05 2
1.513339e-05 3
5.741973e-05 1
3.581520e-05 1
1.148267e-04 3
3.362761e-05 1
3.421661e-05 2
3.463517e-05 1
3.852267e-05 9017
2.398803e-06 1
1.097662e-04 1
7.563364e-05 2
4.175738e-06 1
1.420734e-06 3
7.637967e-05 2
5.148350e-05 2
4.960132e-05 25
6.455943e-05 1
5.063606e-05 3
8.562682e-05 1
2.534507e-06 1
2.315029e-04 7
5.675684e-05 6
1.786105e-04 141
1.501426e-05 1324
1.682025e-04 4
8.049417e-05 1
1.131464e-04 1
1.582564e-04 5
2.483730e-05 1
2.947135e-05 1
1.568833e-05 1
1.036607e-05 1
1.589632e-05 1
2.000010e-05 1
7.056764e-05 1429
3.226371e-05 4
6.087047e-05 1
6.056698e-05 1
2.075616e-06 1
3.024159e-05 1
6.414912e-05 2
4.730653e-05 1
1.703062e-05 1
5.782220e-05 1450
1.685108e-05 1
9.740153e-06 3
8.581268e-06 1
3.931149e-05 3
2.742183e-06 1
1.621792e-06 1
1.177732e-05 3
3.670177e-05 1
1.605786e-04 35259
4.146776e-05 2
1.691887e-05 1
1.411647e-04 1
8.510082e-05 1
1.512776e-05 4
8.645966e-05 1
1.985882e-05 1
4.497842e-05 1
6.065490e-07 2
2.687826e-05 1
1.598383e-06 1
6.192846e-08 1
4.262902e-05 3
4.434175e-05 166450
1.038617e-04 2
1.375726e-06 3
3.366606e-05 4
9.542806e-06 1
5.100144e-05 6
4.690440e-05 1
1.548918e-05 2
1.495720e-06 1
1.775536e-06 5
1.708144e-05 1
1.570525e-05 1
2.276119e-05 1
5.561494e-05 2
5.585576e-05 1526
5.966728e-05 35
3.089374e-06 3
1.472453e-05 1
4.303394e-05 1
1.110025e-05 5
9.697873e-05 3
2.059621e-05 1
2.241382e-05 1
2.945015e-05 230
7.208461e-05 878
1.925383e-05 3
1.757446e-05 1
6.097379e-06 1
1.412274e-05 1517
4.389231e-05 2
2.549476e-05 1
6.172286e-05 1
7.608705e-05 1
2.112392e-05 5
2.936312e-05 1
9.721125e-05 3
1.046317e-04 163
3.211725e-06 1
3.353561e-05 60086
7.058075e-06 2
1.813270e-04 1066
1.637503e-05 2
7.373198e-05 7
1.617149e-05 1
1.657387e-04 1
7.341284e-05 3
4.659904e-05 1
1.718540e-06 1
6.689978e-05 1
5.668587e-05 1
1.731578e-05 3
2.872511e-05 1
5.232967e-05 4
2.069865e-05 10
2.276075e-04 175659
1.583636e-05 1
6.184060e-06 1
6.467092e-05 6
1.655346e-05 1
3.017036e-05 1
1.040743e-05 1
2.279410e-05 59015
1.193145e-06 1
4.573228e-05 1
2.248580e-06 1
1.004661e-05 1
2.692490e-05 1
4.405002e-05 3
1.248212e-04 362
1.700502e-04 1
2.110177e-05 1
3.334245e-05 185
3.725242e-05 1413
3.911168e-05 7
1.483920e-04 1
1.186843e-05 7
5.881654e-05 4
1.101682e-04 1
4.271347e-06 172
1.861167e-05 5
1.464420e-05 1
1.000457e-04 1
2.008001e-05 1
9.675965e-05 1
4.404911e-05 75
6.555088e-07 1
3.705339e-05 232
1.373115e-04 1
3.874086e-05 1
2.536479e-05 2
5.505193e-05 2
4.252084e-05 661794
1.894995e-05 2
2.153379e-05 1
7.714487e-06 1
4.136782e-06 2
3.983383e-07 1
3.836317e-05 2
3.211675e-05 193
2.687182e-05 1
1.481076e-05 1
1.427017e-05 1
2.424510e-05 5
5.708940e-06 1
1.733489e-05 4
2.130524e-05 1
1.518188e-06 97
2.636335e-05 3
2.386092e-05 1
2.550751e-05 44
3.920618e-05 1
1.749497e-04 3
3.659469e-05 1
1.916041e-04 2
1.293789e-05 1
1.052081e-05 3
1.823155e-05 1
1.376059e-07 1
3.561168e-05 1
1.052887e-04 1
5.996086e-05 1
2.073257e-05 1
9.304968e-06 1
1.045869e-05 1
2.595650e-05 1
3.408668e-05 1
9.707225e-05 7
3.924337e-07 1
6.528256e-05 6
1.083481e-04 1
1.916975e-05 3
7.936757e-05 1
3.442665e-05 1
9.649942e-06 1
5.511990e-05 3
3.496597e-05 1
2.673889e-04 1
1.982498e-04 1
1.914470e-05 2
1.144032e-05 5
9.131394e-05 4
1.140393e-05 1
6.337848e-06 3
2.130359e-05 1
1.367018e-05 2
7.708426e-05 6
9.206660e-05 3
5.708883e-06 3
9.668748e-06 268038
1.034552e-04 115
7.786154e-05 1
9.514404e-05 105
1.600700e-04 1
2.901143e-05 1020
1.158000e-05 1
8.899148e-06 3
3.328729e-05 1
4.414008e-05 1
9.249154e-05 2
4.352962e-05 5
7.742740e-05 1
2.389934e-05 1
9.107415e-05 1
1.796005e-06 1
1.626575e-04 1
2.230854e-05 1
1.977640e-05 609297
9.287098e-05 1
3.070177e-05 7
4.049810e-05 1
7.886399e-05 3
3.375220e-05 2
3.556088e-05 1
2.909001e-05 1
2.475857e-05 5
5.294558e-05 1
