2.007044e-04 1
2.048840e-04 1
9.439821e-06 5
2.116267e-04 7
2.105008e-04 1
9.072624e-06 1
5.499852e-05 2
6.271144e-05 1
1.170029e-05 7
8.644565e-05 4
9.130475e-05 1
4.816427e-05 15
6.287962e-05 2
1.572644e-05 1
2.216061e-04 3
8.229211e-05 1
3.823015e-05 1
1.095002e-04 1736
7.340449e-05 1
7.601208e-05 6
1.357134e-04 3
6.179983e-05 1
5.248530e-04 1
3.672888e-04 2
1.082791e-04 1
2.848234e-04 1
1.411302e-04 125
4.081404e-04 1
5.685053e-05 3
2.103548e-04 1
6.065917e-05 1
1.048208e-05 1
4.955269e-06 1
1.346397e-04 3
5.203135e-06 1
1.533521e-04 10456
8.399728e-06 1
7.202311e-05 202
7.195734e-05 6
1.966606e-04 1
5.153186e-04 3
1.183983e-04 1
7.993347e-05 2
6.369609e-05 1
4.217475e-04 1194
4.536281e-04 1
1.446020e-04 1
4.441738e-05 3
2.865584e-04 1
1.094508e-04 1
1.835223e-05 1
5.625466e-04 1
2.109091e-04 1
2.811467e-04 1
6.123293e-05 1
7.531236e-05 3
1.169754e-04 6
5.327785e-05 1
1.185851e-05 34
4.601141e-04 1
1.352267e-04 1
2.173464e-04 1
1.234600e-04 6
3.076973e-05 1
3.781396e-05 3
5.896522e-05 1
3.018209e-06 1
1.161623e-04 1
3.371475e-06 1
3.797933e-05 2
1.232621e-04 1
2.046782e-04 1
3.877852e-04 1192
1.841998e-04 140
9.991945e-05 3
2.847418e-05 6
1.681901e-04 1
3.574193e-04 1
3.608186e-04 1
6.183060e-05 8
7.762915e-05 1
4.626686e-05 1
6.300577e-05 1
2.844451e-04 3
1.274644e-04 1
1.678802e-04 1
4.383283e-05 241
3.328960e-05 3
3.670146e-05 1
9.011420e-05 2
2.795243e-04 1
7.095282e-05 666
1.175219e-04 1
1.968667e-04 3
1.801844e-05 1
1.453004e-04 1
2.573554e-05 3
2.038543e-04 919
1.705884e-05 6
7.692008e-05 5
3.604204e-05 847
3.931178e-04 205
5.075731e-05 3
7.423652e-05 1
2.351326e-05 1
1.033897e-04 70
1.195745e-04 1
5.886802e-05 1
6.612969e-05 1
2.636783e-05 5
1.989509e-05 1
9.237770e-06 1
9.038585e-05 1
3.914675e-06 1
2.453788e-05 2
8.329975e-05 1
1.639356e-05 791
8.379283e-05 238
2.147425e-04 2
7.250045e-07 1
1.185815e-04 2
8.439600e-05 3
8.223525e-05 1
1.051802e-04 6
6.672657e-05 2
3.667147e-05 5
9.558950e-05 1392
1.008244e-04 2
1.884872e-06 1
6.359130e-05 1654
1.870373e-04 5
3.830058e-04 3
2.626454e-05 113
3.337602e-04 1
6.723285e-05 1
1.549443e-04 7
3.384085e-05 1
4.314357e-05 23
3.147697e-04 198
8.582155e-05 1
2.081264e-05 237131
3.151760e-05 1
7.219204e-05 17815
8.967643e-05 1
4.886347e-05 1629
1.365861e-08 2
1.073404e-04 1
1.148077e-04 1
4.256595e-05 1
1.358087e-04 2
9.625141e-05 1
3.853675e-05 1
2.801585e-04 733
1.520190e-04 5
3.386215e-04 241
6.427928e-05 3
1.814847e-04 10
4.688161e-05 1
6.762109e-05 1
1.335979e-04 1
1.497319e-05 1
1.793831e-05 168
3.462920e-05 249
1.382400e-04 3
3.797686e-05 3
1.531657e-04 6
1.281903e-04 1
3.664218e-05 1
2.061273e-05 169
8.801919e-05 3
1.573560e-05 1
5.370092e-05 1
1.942900e-04 1
2.002110e-04 1357
5.450368e-05 3
2.946486e-04 2
1.106767e-04 3
6.149832e-05 1
1.504575e-05 4
1.672776e-04 210
2.796038e-05 1
1.610433e-04 1
2.339752e-04 1
2.165370e-04 3
1.976071e-04 1
1.631968e-04 445
9.579109e-05 1
3.146220e-05 1
4.240557e-05 1
1.103790e-04 1
4.469704e-05 3
1.057448e-04 1
4.063355e-06 676
2.034446e-05 2
9.666973e-05 89
5.472333e-06 3
3.173374e-05 1
1.427762e-04 1
2.701606e-05 1
7.779920e-05 47
2.512304e-04 1
9.676161e-06 3
1.549128e-06 5
1.104512e-06 3
2.188214e-05 1
1.019491e-04 2
3.933348e-06 170
2.072753e-04 173
2.986329e-05 2
1.589844e-04 1
2.681738e-04 6
8.841457e-05 1
1.827970e-04 234
1.405616e-05 1
1.080548e-04 1
1.987032e-05 1
7.840456e-05 4
1.217514e-04 1
1.734499e-04 1
1.703489e-04 1
2.258861e-04 1
2.282925e-05 1
1.389954e-04 128
7.582992e-05 3
2.148414e-04 1
9.475620e-05 5
3.209094e-05 4
1.413955e-05 4
2.310227e-04 2
1.078211e-04 1
8.157631e-05 1
1.163185e-04 1715
6.132141e-05 7
7.562059e-05 6
3.244098e-05 1
1.372527e-04 451768
9.764877e-05 579
1.831169e-04 1
1.121980e-04 1
1.839704e-04 3
6.285009e-05 37206
6.982670e-04 3
8.863359e-05 1
1.350312e-05 228
1.315239e-04 7
7.407635e-05 1
1.944998e-04 1
6.533269e-06 4
9.358469e-06 2
4.967917e-05 1
2.405720e-05 1
1.664366e-04 468
1.103518e-05 1
3.708729e-05 3
6.461288e-05 6
2.592635e-04 1
9.234699e-06 1480
4.854207e-06 1
2.035443e-05 6
7.980274e-05 1
1.737519e-05 119
2.564021e-04 1
4.352802e-04 3
3.257244e-06 1
1.106298e-05 3
4.076782e-05 5
1.812290e-04 2
1.152677e-04 3
6.033926e-05 1
2.312325e-05 56
7.711941e-05 1
1.083717e-04 1
3.609724e-04 1
8.052729e-06 1
7.877065e-05 1
2.731685e-04 1
7.102996e-05 24
1.337659e-04 3
5.153262e-04 5
1.307693e-04 3
5.854819e-07 2
1.618880e-04 1
2.146573e-04 160
2.445931e-05 2
2.310500e-05 309
4.082190e-05 1
3.464135e-05 1
9.407273e-05 1
9.619371e-05 1665
9.104287e-05 1
4.538286e-05 1
2.475251e-04 53
8.931999e-05 1
4.579985e-04 1
3.120339e-04 1
2.025837e-05 1
1.006085e-04 24
1.008538e-04 1
1.265369e-04 5
3.358044e-05 1
5.946970e-05 1
1.448395e-04 2
2.832815e-04 1
2.362386e-05 1
2.292253e-04 2
2.549499e-04 3
3.956324e-05 1
2.948392e-04 1
6.962701e-05 1397
4.755490e-05 39083
4.284788e-06 1
4.743209e-05 2
1.153765e-04 1
5.756874e-05 3
9.164559e-05 219
2.166602e-05 1
3.693423e-04 2
1.408450e-04 3
1.847280e-04 118
9.465978e-05 1
1.386070e-04 1
2.945036e-05 3
1.948641e-05 2
3.952354e-04 1
1.328285e-04 7
4.835442e-05 5245
8.128562e-06 5
1.005898e-04 3
1.162865e-04 1
1.333564e-04 15359
1.327123e-04 7
3.595021e-05 1
2.405779e-05 1
4.404795e-05 1
8.591582e-05 167
4.291535e-05 1
4.934623e-05 1
9.817347e-05 2
1.619485e-05 152
2.014976e-04 1
2.447658e-05 3
1.070399e-04 1
6.525169e-05 3
1.998522e-04 1
2.211214e-05 1
6.110997e-05 1
3.808915e-05 61430
1.289869e-05 3
1.150558e-05 1
1.138851e-04 1
3.683021e-05 1242
1.694832e-04 1
7.677971e-06 1
9.200620e-05 101
5.528057e-06 1
2.015582e-06 2
3.837231e-05 3
1.900720e-04 496979
2.889092e-06 1
5.332142e-05 316893
9.574087e-05 7
3.313922e-04 494
8.313192e-05 1
6.310727e-04 1
1.498231e-04 2
6.397678e-05 1
6.612521e-05 1
4.352918e-05 1
2.490092e-04 1
5.934608e-05 2
2.269457e-04 3
2.619685e-05 1
2.117799e-04 1
1.319757e-05 1
1.855665e-04 1
6.078824e-05 1
2.341469e-04 1
3.113275e-04 1
2.188657e-04 3
1.217529e-04 7
4.962956e-06 1
1.161758e-04 3
2.817268e-04 1
5.377543e-05 1
7.248746e-05 1
8.355702e-05 232
6.727250e-05 1
2.289408e-05 1
5.654953e-05 1
8.230910e-04 7
2.813564e-04 1
6.955833e-05 1
1.996083e-04 2
6.519204e-05 1
3.328117e-04 234
2.063958e-04 579
1.927598e-05 1
6.008868e-04 173896
1.992790e-04 13201
1.565911e-04 187
1.897597e-04 7
1.274804e-04 1
1.215728e-04 3
1.620563e-04 1
2.437678e-05 1
3.657628e-05 1
1.714102e-04 140
2.037069e-04 1
2.577583e-04 4
1.498270e-04 3
1.188485e-04 1
6.373962e-05 241
2.305147e-05 7
2.257750e-04 4
3.025198e-04 24212
1.008232e-04 1
2.206516e-05 1756
3.530469e-04 325
1.532814e-05 5
9.878742e-06 1
1.811580e-04 7
9.591588e-05 1
8.902788e-05 7
1.582395e-05 1
2.635641e-04 1
1.736691e-04 114
6.255855e-05 1
4.195097e-05 3
4.140532e-04 1
2.943488e-05 1
2.197397e-04 1
1.552973e-04 1263
2.720460e-05 1
3.292469e-05 7
9.465148e-05 1
1.277627e-04 1
6.885845e-05 1
2.414778e-05 2
1.376017e-05 6
5.695663e-05 2
1.060717e-04 1
8.607121e-05 2
8.927332e-05 3
1.509950e-05 1
4.187133e-04 3
1.843896e-05 1
9.545012e-05 3
4.884361e-05 2
1.662846e-05 1
6.057077e-05 1
1.005303e-05 1
3.134369e-05 1
5.010649e-05 1
8.744403e-05 1
3.318083e-05 1
3.446898e-05 1
2.786955e-05 54516
9.455696e-05 2
1.445397e-07 1
1.647112e-05 1
6.105074e-06 1
1.205335e-05 1
1.216440e-05 2106
5.666684e-05 660
1.670822e-04 42718
4.824147e-05 32
7.556407e-05 7
7.480658e-05 1
3.167614e-05 3
1.952438e-05 1
3.007260e-04 1
2.719518e-05 1
1.121083e-04 245
1.306192e-04 4
2.879983e-04 1
7.418459e-05 654
2.998007e-04 1
1.562364e-04 246
3.853495e-05 1
1.832420e-04 4
3.109533e-06 19
3.239765e-04 10325
1.200765e-04 6
2.251090e-04 1
5.704582e-05 2
6.505388e-07 3
1.603564e-04 1
5.829440e-06 3
7.255844e-05 90
1.740664e-04 18
1.226875e-04 2
1.663689e-05 1
1.604001e-05 1
3.477094e-05 3
2.230237e-06 9
7.036145e-06 4
3.722636e-05 1
5.270179e-05 1
1.777449e-04 6
7.508674e-05 1885
9.711095e-05 2
2.842139e-04 1878
7.078999e-06 2
1.420912e-04 2075
5.604451e-05 205
5.529837e-05 6
6.549340e-05 5
4.774754e-04 1
9.215157e-05 3
1.310681e-04 1
2.660369e-05 4
6.865557e-06 5
3.186538e-04 1
1.489552e-05 7
1.773632e-04 5
1.694405e-04 1
2.284054e-04 2
1.160949e-04 3
1.540155e-04 1
1.112326e-04 2
4.446804e-05 1
2.907504e-04 510229
2.738694e-04 64142
2.612873e-04 6
4.206428e-04 2
1.331062e-04 1
5.289439e-05 1
1.843012e-04 436
5.552204e-05 1
1.204861e-04 3
4.700835e-04 2
3.195627e-04 344734
1.000968e-04 2
1.037654e-04 3
3.826146e-04 1
1.024243e-04 1
3.369240e-04 1
1.811115e-04 3
6.024747e-04 1
3.829037e-05 3
2.334082e-06 1
1.075483e-05 2
1.792752e-05 1
7.897468e-05 2
5.613650e-04 1
9.465610e-05 2
1.165414e-04 1
1.170217e-04 1
1.648645e-04 5
1.124384e-04 1
3.723622e-04 1
6.810144e-05 3
4.161091e-05 1
1.232220e-04 120
1.240390e-04 1
5.064741e-05 5
6.172537e-05 159
2.813078e-04 1
3.221015e-05 5
1.978912e-04 2
8.669653e-06 37143
3.506809e-07 3
4.113561e-06 1
1.809600e-05 1
1.280188e-04 1
1.157360e-05 1
7.529023e-05 1
1.458214e-04 7
1.479694e-06 434122
2.340068e-04 1
1.702544e-04 1
7.437355e-05 1
6.950532e-05 3
2.089982e-04 1
1.189648e-05 2
1.219147e-05 2
2.032946e-04 1
2.211846e-04 1
1.639256e-04 3
2.396568e-05 1
6.277573e-05 1
1.473746e-04 149
1.751570e-04 3
5.003335e-05 1
1.852520e-04 2
5.228078e-07 1
2.030660e-04 1
1.522701e-04 2
2.126276e-04 3
1.741224e-04 2
2.041118e-04 7
3.238465e-05 1
3.038631e-05 1
2.104336e-04 3
1.110763e-04 1
2.610140e-04 3
1.023756e-04 84
4.688197e-05 2
3.620623e-04 1
3.530924e-06 2
1.007091e-05 133
7.788900e-05 6
1.161951e-04 1341
2.132793e-05 1
2.954663e-04 2
1.841036e-06 1532
1.979480e-04 1
2.887146e-04 1
4.194917e-05 7
2.565633e-04 3
1.257806e-04 2
1.988806e-04 1208
7.713290e-05 3
7.851302e-05 1
2.332483e-05 2
1.406849e-05 1856
2.096109e-04 1
2.058175e-04 1
4.238599e-05 1
1.274626e-04 4
1.471455e-04 1
9.510907e-05 6
1.442165e-04 58
1.149575e-04 181
2.862097e-05 1
9.312659e-05 1
3.563922e-05 2
5.015878e-05 1
3.618235e-05 156
1.213806e-04 1
1.335372e-04 1
5.552531e-05 568612
7.328849e-06 1
8.708808e-05 5
4.974452e-05 3
3.418134e-05 6
7.837993e-05 1
4.112679e-05 1015
5.217414e-06 4
2.212009e-04 5
1.373078e-04 2
8.378667e-05 7
1.551413e-04 22
1.642078e-05 3
1.371050e-04 1
7.167496e-06 1
4.945339e-04 1
4.876883e-04 3
1.772038e-04 12131
2.143228e-04 1
7.838030e-05 56053
5.053583e-05 4
1.325327e-05 1
1.161096e-04 1
1.346192e-04 2
6.750206e-05 3
2.449666e-04 1
1.564871e-05 55
4.285846e-05 1
8.911327e-05 1
7.236164e-06 2
2.459897e-04 1
1.594205e-04 200
1.509896e-04 7
3.462467e-05 81
1.873737e-04 54656
2.289754e-05 229
3.714215e-04 2
6.295836e-05 24351
2.077570e-05 1
3.223114e-05 2
6.348815e-06 1
5.318109e-05 1
3.876267e-04 184
2.261149e-04 1
4.962843e-05 7
9.976944e-06 772
8.661962e-05 1454
4.362764e-05 1
6.275478e-05 2
7.418741e-04 1
1.068755e-04 374
1.435761e-04 1
2.764188e-06 3
2.016640e-04 4
9.284471e-05 18836
1.987922e-04 1
2.050877e-05 1
2.365461e-05 1
2.595007e-05 186
1.518435e-04 1
1.721915e-05 6
2.438102e-05 1
3.885200e-04 6
8.048135e-05 5
6.539379e-05 1
2.127626e-05 2
1.426757e-04 1
4.402343e-05 1
4.063273e-04 2
2.443067e-05 1
2.399856e-04 1
1.228034e-04 1
8.628264e-05 1
9.114075e-07 206809
3.209096e-05 2
1.861682e-05 1
6.026003e-06 2
1.656489e-05 1
9.499139e-05 1
7.572490e-05 7
7.474101e-05 1
1.839005e-04 5713
2.603180e-04 1
9.044224e-06 1
1.236668e-04 401905
2.784062e-05 6
1.047031e-04 7
6.199449e-07 2
6.877368e-05 1
2.129312e-04 1
1.839584e-05 146
7.554999e-05 7
8.234095e-06 1
5.705103e-05 1
2.028565e-05 7
1.174491e-05 1
4.775790e-05 145
2.354749e-04 1
6.273550e-04 4
5.913900e-05 1
4.602986e-04 619928
7.614018e-05 2
1.429794e-04 424069
1.842163e-04 1
1.172012e-04 1
2.331748e-04 1
2.090666e-04 3
6.253137e-05 1
3.764687e-05 2
2.854306e-04 1
1.594652e-04 1
3.670592e-06 1
4.075998e-06 2
6.827933e-04 251
3.318222e-04 4
9.382823e-05 1
3.272685e-05 2
1.362034e-05 1
4.670538e-05 1
8.515297e-05 1516
8.119173e-05 1
1.401062e-04 1
3.304111e-05 6
1.207464e-05 1
4.928055e-05 6
2.411787e-04 1
9.129599e-05 1
5.043831e-05 1
1.452491e-04 6
4.254091e-06 1
7.002818e-05 1
1.147867e-05 1
2.297113e-05 237
2.844930e-04 1
4.755946e-05 3
3.866690e-05 1
8.153518e-05 1
6.529751e-05 1332
2.525690e-04 1959
1.601333e-04 1
7.899102e-06 1
1.916025e-04 1
1.003721e-04 1
1.117956e-06 5
2.531953e-04 2
3.188589e-05 3
3.021600e-04 1
9.508817e-05 1
2.358144e-05 19496
3.392521e-04 1
3.000187e-06 1
1.412724e-04 1
6.393197e-05 1
1.243652e-04 5
1.220934e-04 1
4.430854e-04 1064
3.017156e-04 2
3.743696e-05 3
1.437706e-04 2
1.321112e-04 3
8.628288e-05 2
1.908306e-05 1
1.394465e-04 1
2.791014e-05 1
6.253900e-05 5
8.346731e-06 2
2.797262e-05 1
3.991656e-05 2
1.054590e-05 1
1.179216e-04 1
5.435399e-05 6
2.590954e-04 2
3.120786e-04 1
9.691297e-05 2
1.813434e-04 1
1.483588e-04 5
4.774747e-05 1
2.809298e-05 1
2.113844e-05 65791
4.590359e-05 3
2.009107e-05 16
1.027335e-04 895
5.741325e-05 1
9.709044e-05 823
1.548320e-04 156
3.895412e-05 1
1.714665e-04 56158
2.071943e-04 1
8.566628e-05 1
6.181024e-05 2
4.476494e-04 2
2.118140e-04 8
3.690972e-05 1
1.770527e-05 3
2.091511e-05 1
3.706536e-05 2
3.427880e-05 54068
3.383182e-04 1
1.497357e-05 1
8.323300e-05 1
3.519285e-05 1
3.184806e-05 2
1.416468e-04 3394
2.518994e-07 1
2.138128e-05 2
3.235794e-04 1
3.306920e-05 1
7.305293e-06 1377
7.571355e-05 3
1.316035e-04 1
1.180485e-05 486207
7.080021e-05 149
4.631284e-05 2014
1.647294e-04 1
4.330527e-05 5
1.226504e-04 1
4.116069e-05 180
1.632149e-04 7
1.319207e-04 1
3.338149e-05 1
3.550902e-05 2
4.609743e-05 1
1.962002e-05 2
3.485995e-05 1
6.023516e-05 1
2.216478e-04 1
2.804117e-05 3
7.564934e-05 2
1.956485e-04 1
4.277410e-05 2
9.733785e-05 1
1.652456e-04 2
1.501271e-05 1
4.709309e-04 1
1.805780e-04 1200
1.927175e-05 1
3.127475e-05 1
1.394609e-05 2038
6.937279e-05 1
4.646239e-05 1704
7.676185e-05 111
1.151247e-04 1
2.510500e-04 1
8.815907e-05 1
9.000401e-05 1
2.127535e-04 2
1.583641e-04 237
1.157063e-04 1
7.383118e-05 1
1.879160e-04 3
1.430592e-04 1
5.326204e-05 1
2.194207e-04 1
1.815144e-05 23
3.703421e-04 63358
1.804193e-04 92
7.480843e-05 1
9.705841e-05 6
2.136215e-05 2023
3.237652e-05 5
1.522599e-04 1
4.936632e-07 3
2.361543e-04 2
4.033655e-05 2
1.087053e-04 2
1.869004e-04 1
1.034912e-05 22
1.477237e-05 2099
6.639625e-05 1
1.853197e-04 4
1.081018e-04 166
5.819343e-05 1
6.856143e-05 5
6.447646e-06 1
7.404437e-05 1
1.545557e-04 121
1.148573e-05 14321
1.682546e-04 6
6.698522e-06 847
8.184416e-05 4
3.256620e-04 1
2.271792e-05 3
2.094613e-04 1
2.122360e-04 2
1.840409e-04 461
6.583934e-05 1849
4.432077e-04 1
2.012029e-04 1
6.985616e-05 2
8.694939e-05 1
3.684859e-04 65045
3.097286e-04 1
8.897862e-05 1
2.426018e-04 1
3.125051e-05 1
2.106321e-04 1
4.703843e-04 2228
1.427021e-05 20
1.840984e-04 1
4.655575e-06 1339
3.001091e-04 1
1.242324e-05 1
7.978701e-05 6833
2.010538e-05 1
2.486237e-05 1
3.100951e-04 1
4.250177e-05 1
1.319773e-04 3
3.191337e-04 151
1.905886e-04 2
1.656505e-05 2
5.441984e-06 21
2.719941e-05 1
3.206075e-05 1
4.897665e-06 1
1.345333e-04 1
1.329528e-04 1
1.758374e-04 3
2.788129e-05 1
1.217434e-04 31615
1.464086e-05 1361
1.071054e-04 1
2.116055e-04 1
2.816942e-04 6
1.544840e-04 1
4.663971e-04 3
3.894441e-04 3
1.084753e-04 6
5.595130e-06 1
1.775406e-05 2100
1.038462e-04 5
4.751855e-05 27994
2.506558e-05 1
1.178182e-04 1
7.956744e-05 1
9.025193e-05 1
2.178921e-04 1
1.780771e-04 7
3.335447e-05 1
1.502499e-04 7
2.175067e-05 513726
6.564301e-05 6
1.302631e-04 24329
2.111040e-06 1
9.646397e-06 2
3.845375e-05 38791
1.516797e-04 2
3.549659e-05 1
1.223561e-04 1
3.320138e-04 1
3.111863e-05 232
4.589869e-05 1
6.235688e-05 3
2.315343e-04 11
1.221569e-04 1
1.994655e-04 3
1.378835e-04 5
1.032973e-04 7
2.382484e-04 3
8.052805e-05 7
1.800820e-04 3
7.816777e-05 3
5.999518e-05 1
8.422747e-05 2
1.179013e-04 1
1.245396e-04 1
3.622487e-04 6
1.627876e-05 3
1.886045e-04 1
1.344998e-04 1
3.297574e-05 2
1.503276e-04 2
6.402076e-05 1
5.472550e-05 157
2.808326e-05 1
7.693941e-05 3
6.442489e-06 3
9.662204e-06 1
9.366086e-05 2
1.306898e-04 1
1.057042e-05 1
2.247276e-04 1
9.309084e-05 2
2.076310e-05 1
3.052462e-05 1
1.450191e-04 1
1.097775e-04 200
3.136396e-04 2
2.244627e-06 32579
1.963767e-05 1
7.786822e-05 1
1.628387e-04 1
1.470621e-04 1
1.398223e-04 55134
6.042133e-05 5
8.339495e-05 6
1.516625e-05 1
1.182943e-05 1
1.275552e-04 4
1.086271e-04 206
1.702565e-05 2
5.488174e-05 2
7.854525e-05 6
2.763498e-04 1
1.246451e-05 1
5.406962e-05 1
2.109385e-04 22
1.430984e-05 2
3.691351e-04 5
1.060400e-04 1321
3.043360e-05 1
1.852412e-04 1
1.831522e-05 1
6.222705e-05 3
1.696897e-04 14
2.629206e-04 1
8.905663e-05 202
1.772253e-05 7
1.259919e-05 96
8.459489e-05 4
2.308196e-06 3
1.233592e-04 1
4.792837e-05 1
5.338662e-05 1
7.629057e-05 1
4.575197e-05 3
2.667457e-04 2
1.395183e-04 1
5.937486e-06 1
2.003486e-04 2
3.977163e-04 2
7.837415e-05 1
2.340210e-04 2
1.576842e-04 1
8.961481e-05 1
1.819623e-04 1
2.730520e-05 3
2.812269e-05 1892
1.788472e-04 1
1.382491e-04 1
8.146432e-05 1
1.599619e-04 1
4.422157e-05 3
3.264050e-04 7
3.148333e-05 1
1.040049e-04 1
1.036439e-04 1644
1.708000e-05 3
2.493586e-05 7
1.726578e-04 1
2.238714e-04 6
3.836267e-04 7
3.102999e-05 2
5.063065e-05 1
3.052246e-05 1
1.048029e-04 1
2.317441e-05 3
3.161779e-05 1
1.268521e-06 1
2.415584e-04 3
5.624782e-05 1
1.970910e-04 1
5.361790e-04 1
7.631396e-06 1
4.673321e-05 1
1.811185e-04 1
1.121470e-04 1
8.488284e-05 1
3.303766e-04 6
1.871519e-05 1
1.141499e-04 1828
4.579491e-04 2
3.598252e-04 1
1.337689e-04 2
1.359149e-05 2
1.201998e-05 1
1.044373e-04 1
2.052118e-06 3
8.264167e-05 1
7.284318e-05 1
3.368958e-05 3
4.772689e-04 1
3.263504e-05 3
4.147064e-05 7
4.941615e-07 1
1.790319e-05 1
7.809463e-05 1
7.853104e-06 2
1.579130e-04 2
1.097742e-04 1
2.234604e-06 1
5.676561e-06 1
1.303813e-05 1
2.044325e-04 2
1.626554e-04 2
9.952732e-06 108
1.184711e-04 1
2.891720e-04 2
2.790053e-04 202
3.722512e-04 1
1.793308e-04 1
4.967475e-05 160
1.031832e-04 6
2.366306e-04 2
9.495220e-06 1
2.449564e-05 3
9.052172e-05 2057
8.540127e-05 1
2.558370e-04 1
1.315879e-05 2
8.529931e-05 1
7.268419e-06 6
1.905648e-05 1
9.372532e-05 1
6.799326e-05 2
1.694907e-04 4
3.320959e-04 114
1.331006e-04 1
2.814264e-05 1
1.740205e-05 1843
3.067838e-04 1
1.467128e-05 204
1.466997e-04 1
1.789354e-04 3
9.230157e-05 3
6.660277e-05 5127
2.253009e-04 2
8.537446e-05 1
8.242691e-04 65
4.792436e-04 56748
2.856613e-04 2
8.169267e-05 4
3.098899e-05 1
1.028952e-04 2
5.419470e-06 1
4.401869e-05 1543
3.847307e-04 1
1.763635e-05 1
2.282210e-06 147
2.771729e-06 1
1.899602e-04 1
6.417561e-06 1
4.069889e-04 3
6.056651e-04 1
4.455943e-05 2
5.461118e-05 216
4.901820e-05 1
1.136247e-04 1
1.254570e-04 67
7.600488e-05 7
2.391238e-04 3
4.470824e-05 1
2.303040e-04 1
1.559487e-05 262
3.866033e-05 1
8.992831e-06 2
1.113236e-05 1
2.498591e-04 3
4.860007e-05 3
9.959989e-05 1
2.315769e-04 3
1.954233e-04 3
7.635536e-05 6
3.110973e-05 1
2.396860e-06 2
1.605748e-04 2
2.182030e-04 1
2.487872e-04 1
1.049680e-04 1
1.231339e-04 1
9.509732e-05 242
4.244523e-04 2
3.034053e-06 1
2.371821e-04 6
1.324258e-04 1
1.618502e-04 1525
2.161655e-04 1
1.507651e-06 7
4.621134e-05 1
2.439259e-05 1
1.711223e-04 1
1.997784e-05 1
1.110049e-04 1
7.161585e-05 35699
9.472370e-05 1
4.794058e-05 1
5.843043e-05 691
1.969547e-04 38
8.713568e-05 1
2.954859e-04 3
5.217829e-05 1
3.686846e-04 6
3.680376e-05 1
1.786337e-04 46178
4.660136e-06 2
6.787412e-05 193
2.135373e-04 4
2.981932e-04 1
6.237339e-05 1
2.302332e-05 1
1.629293e-05 1
3.263559e-05 4
2.831557e-05 2
8.934807e-05 1
1.759108e-04 1
2.936750e-04 1230
3.120106e-04 3
7.732538e-06 2
7.017379e-05 2
2.368560e-04 24
2.869503e-05 2
1.654071e-04 1
2.315831e-04 159
8.907662e-05 1
1.665905e-04 1
6.965191e-06 2
2.279676e-05 1
9.480443e-05 1
5.289723e-06 1
9.386217e-05 1
2.898667e-05 48485
1.605346e-04 1
8.400884e-06 6
1.779787e-05 3
3.238973e-04 1110
8.814282e-05 357208
6.569143e-05 5
8.955612e-05 1
2.724107e-04 3
9.434923e-05 5
2.199120e-04 1
3.425534e-04 1
1.744377e-04 3
1.021397e-05 1
1.042850e-04 1
3.164215e-05 6
1.622242e-04 1
1.385562e-06 1
1.350203e-04 45033
9.739406e-06 1
6.316928e-05 1
2.238303e-05 122
4.492269e-05 1
1.750902e-05 1
5.489898e-05 2
5.755873e-05 184
7.470029e-05 1
1.348984e-04 1
7.320963e-05 1
1.131335e-04 2
3.208178e-05 6346
1.179514e-04 1
5.281726e-06 7
1.243690e-04 1
3.501182e-04 258
1.288556e-04 3
7.043668e-05 1
1.047207e-05 1
1.053202e-04 1
2.648954e-04 3
1.248960e-04 4
8.427410e-06 1
1.799598e-04 375185
9.994627e-05 1
9.058312e-05 10904
1.218992e-04 2
4.795487e-05 29
3.710836e-04 1
2.798528e-05 3
9.379980e-06 1
2.519739e-05 1
1.814492e-05 2079
5.387199e-05 1
2.076758e-04 114
7.350133e-06 1
1.191881e-05 69
2.290051e-05 2
9.072336e-05 1
2.130260e-04 1
8.290283e-06 2
7.112807e-05 6
1.907522e-04 23413
5.024449e-05 1
1.221827e-04 1
9.925256e-05 155
4.702371e-05 381944
7.067807e-06 1
3.447440e-04 2
8.054392e-05 1
2.137111e-04 35
1.142701e-04 1
2.130371e-05 1
1.296504e-06 132
5.582682e-06 1
5.039382e-06 1
5.291682e-05 5
2.346106e-05 44616
2.571045e-04 5
2.499138e-05 8068
4.568868e-05 1
7.504615e-05 7
8.364707e-05 1
1.716416e-04 6
1.042015e-04 3
1.092669e-04 7
1.665625e-04 1
1.129054e-04 1
2.092122e-04 2
8.360953e-05 1
6.362825e-05 2
7.441542e-05 1
4.341641e-05 166
1.218439e-04 3
1.558606e-04 3
1.512897e-04 6
1.534908e-04 158
3.051037e-07 1
6.178275e-05 2
2.223541e-04 291
9.480635e-05 3
1.726687e-05 6
2.266495e-04 1
9.936494e-05 1
4.752785e-05 1
1.590806e-04 1
2.590546e-04 1
2.746166e-05 2
1.089617e-04 1
3.414160e-04 1
2.924561e-04 486
2.423338e-05 2
1.919765e-05 1
2.437549e-05 1
6.294588e-05 3
3.953300e-05 5
8.344169e-06 35
1.137243e-04 262
5.404987e-06 4
4.915402e-05 1
3.640155e-05 1
4.822802e-05 1
1.518251e-04 1
4.619457e-05 1
3.062596e-04 1
2.710152e-05 2
7.634647e-06 1
1.839870e-04 4
4.911589e-04 1
1.450542e-05 2
2.032153e-04 1
6.124180e-05 574
5.197167e-05 1
1.866979e-04 1
1.891435e-05 76
3.106540e-05 3
1.321384e-04 1
1.375228e-06 1
1.708841e-04 1
4.641998e-05 1453
7.694899e-05 1
5.024798e-05 2
3.656815e-04 103063
6.296114e-05 3
3.047004e-04 3
3.315385e-04 1
2.350957e-05 3
9.002226e-05 1
3.608849e-05 1
1.360022e-04 186
6.378649e-05 2
7.767122e-05 1
7.947779e-05 2
3.891857e-06 246
7.007711e-05 1
8.987597e-05 1
1.384067e-04 1
1.580845e-04 4
1.744835e-04 1
2.638118e-04 261
4.251006e-05 47
1.417369e-05 2
4.291823e-04 33011
1.711656e-05 7
3.509630e-05 3
4.571589e-05 1
9.731891e-05 1
1.063887e-04 39974
2.241759e-04 2
3.249919e-05 1
6.666837e-06 1
8.441347e-05 3
2.889518e-04 2
2.229751e-05 1
1.205095e-04 6
7.802168e-05 136
5.454528e-05 1
1.038878e-04 1
6.008339e-05 1
7.651228e-05 171
3.005207e-05 1
1.507756e-04 3
2.456303e-04 3
2.413393e-04 1
1.455563e-04 3
1.567051e-05 1
4.037813e-06 1
3.691464e-05 7
2.005349e-04 4
1.590221e-04 1
1.677102e-06 1
5.345314e-04 96
5.139748e-05 1
3.426408e-05 3
7.914151e-05 146
1.304096e-04 7
6.724147e-05 6
1.082503e-04 778
2.075571e-04 3
7.699456e-05 1
7.729645e-05 1
2.260917e-05 3
2.354726e-05 3
6.254062e-04 1
1.995448e-05 1
3.906918e-05 2
1.644079e-04 1
1.227996e-04 7
7.438293e-05 7
5.838558e-05 1
8.786209e-05 5
1.361638e-04 1
1.295018e-04 4
4.652362e-05 3
1.037039e-04 1
1.256646e-05 1
1.060492e-04 3
3.413680e-05 835
3.049456e-04 1
7.505114e-05 1
1.982553e-05 1
3.085950e-04 6
3.494003e-05 3
6.724895e-05 3
5.338362e-05 148
5.765841e-05 3
3.921841e-05 5
2.406992e-04 1
1.015705e-04 1
5.407597e-05 1
1.249486e-05 1
4.080868e-05 1
8.395441e-05 1
5.076044e-04 2
2.094162e-05 1656
3.934290e-05 54872
3.573261e-05 1
1.479001e-04 1
1.336826e-04 3
4.320071e-05 1
1.029051e-04 2
1.100511e-04 1
3.259257e-05 1
1.349714e-04 1
3.864767e-05 1
7.370933e-05 2
3.424021e-06 1
2.469670e-05 1
2.140400e-04 1693
1.875331e-04 1
1.220696e-04 6
6.296739e-05 3
2.619884e-05 4
2.676052e-05 3
3.789676e-04 1
2.069078e-04 1
1.123192e-04 1
4.395586e-05 7
1.709140e-04 6734
2.020272e-05 1
4.703095e-05 1
3.779868e-06 1
9.328409e-05 148
3.781961e-06 1
1.596971e-04 1
8.996626e-06 118
7.820523e-05 1664
5.248073e-05 1
2.359389e-05 257
1.669719e-04 5
3.510629e-05 1
3.167306e-05 35734
5.904156e-04 1
1.748118e-04 6
6.928965e-05 5
7.047655e-08 750
5.418234e-05 449
3.127788e-05 1
2.510582e-04 1
4.721567e-05 1
7.197502e-05 1
9.522075e-05 1
7.328407e-05 46431
7.460250e-05 1
7.958877e-07 139
8.492169e-05 1
1.033074e-06 1
1.045626e-04 5
1.292979e-04 1
1.363266e-05 3
4.652832e-05 1
3.565771e-05 1
9.367178e-06 1
4.463150e-04 53133
3.940836e-04 15013
3.064836e-05 3
2.010739e-04 60
1.261225e-05 1
9.576248e-05 1
1.865882e-04 3
1.756766e-04 1
3.384787e-05 5
9.859291e-05 1
8.553898e-05 79
3.390983e-04 1
8.176432e-05 3
4.039095e-05 2
2.879275e-06 1
6.962824e-05 7
1.468061e-04 1
2.489828e-04 1
8.595022e-05 2
1.638496e-04 58908
5.670217e-05 229
9.985830e-05 7
8.404106e-05 3
1.458140e-04 6
5.215021e-05 52
8.062025e-05 2
6.324341e-06 1
5.373584e-04 263
1.959412e-04 1
1.128683e-05 1
3.337329e-05 320120
2.906590e-04 74
5.264706e-05 1
1.125739e-04 15
1.397838e-05 2
3.688943e-05 1
1.365714e-04 3
2.961877e-05 1
1.659009e-04 1
3.082552e-05 1
3.763155e-05 1
2.130346e-05 2
3.965214e-05 1758
1.888516e-04 25384
2.045721e-04 1
2.078578e-05 6
7.561631e-05 1
1.467355e-04 3
2.007085e-05 2
1.031292e-06 1
1.326719e-05 2
1.268583e-04 2088
1.168538e-07 1
1.326097e-05 1
3.067999e-05 3
2.041264e-04 1
1.903956e-04 2
1.293413e-06 356039
6.758598e-05 1
3.706154e-05 2
8.709541e-05 3
2.539584e-05 1
1.156061e-04 2
7.328789e-05 7
7.934223e-06 2
1.089750e-05 2
8.350703e-05 963
4.150540e-04 1
4.179196e-06 1
3.424198e-06 5
9.531365e-06 1
3.209024e-05 3
1.121013e-04 1
1.306751e-04 1
3.188188e-04 3
1.314896e-04 3
2.983288e-05 1
8.944060e-06 1
1.148785e-04 1
7.748521e-05 1
1.861766e-04 42312
5.129112e-05 3
2.506290e-04 4
5.613951e-05 2
5.776089e-04 102
2.808032e-04 1
2.117512e-04 213
1.597844e-05 1
1.447091e-04 3
3.536721e-05 1
1.829127e-04 1
1.275115e-05 1
8.596517e-05 1
8.214393e-05 1
7.580977e-05 1
2.204259e-06 1
3.032255e-04 1
1.614119e-04 3
2.077410e-05 44
7.048299e-05 36623
1.101252e-05 2
3.255197e-05 3
3.818612e-05 3
3.026254e-04 1
1.873080e-05 1
1.078227e-05 1
4.796199e-05 3
1.531231e-04 1404
1.277684e-04 172
2.286294e-04 2
5.532212e-06 3
6.987429e-05 1
2.825869e-05 2
2.512883e-04 3
1.863351e-04 1
5.164310e-05 1
1.408734e-04 1
6.408911e-05 3
1.643347e-04 7
1.969603e-04 1
1.467324e-04 1
2.436845e-04 1
1.860008e-04 2
1.233843e-04 1
1.595877e-05 7
6.147059e-05 1
4.621156e-06 1
4.134128e-04 211
1.860544e-04 2
8.154237e-05 1
4.554359e-04 3
1.243040e-04 1
2.975245e-04 7
1.552970e-05 3
6.489312e-05 1
2.894409e-05 1
8.923723e-05 1
1.269067e-05 1
4.045711e-04 3
2.377590e-05 1
2.021170e-04 1
2.888290e-05 9
1.543358e-04 3
3.300942e-07 764
2.620253e-04 1
1.536043e-04 3
2.170743e-05 2
1.002964e-04 2
5.256812e-05 1
5.427330e-05 18
4.120466e-04 1
6.720452e-05 1
6.306647e-05 5
1.951004e-04 616
2.900238e-05 1
2.620910e-06 1
2.045281e-05 1
6.165872e-06 1
6.922677e-05 2
1.627027e-04 219
1.037048e-04 1
2.710113e-04 1149
1.187189e-05 1
1.375923e-04 1
3.679793e-05 1
3.974583e-04 1
5.098730e-05 5
2.966749e-05 3
6.185050e-05 2
8.313846e-05 1
3.224532e-05 1
1.383587e-05 1
2.209811e-04 4
2.544425e-04 7
1.432535e-05 3
2.670747e-04 1
1.056820e-05 1
1.157487e-04 1
8.682865e-06 1
2.045686e-05 1
1.336537e-05 2
3.352632e-05 1
3.938539e-05 1
2.734226e-05 2
1.056508e-04 1
3.470290e-04 1
1.946653e-04 1
2.983301e-05 1
5.027909e-05 1
1.174681e-04 1
4.672811e-05 3
1.013630e-04 1
1.610442e-05 1
1.929069e-05 2
1.101775e-04 1
2.338952e-04 830
8.171162e-05 1769
6.048202e-06 3
1.016379e-04 4
2.672959e-04 3
2.337672e-05 123
1.247206e-04 4
5.211190e-05 2
2.182421e-04 1
2.895640e-05 63
1.667984e-04 1
2.574503e-04 1
1.102896e-04 2
2.844075e-07 1
7.005423e-05 1
3.507098e-05 1
5.857522e-05 387
1.749913e-04 1
4.707356e-05 2
5.299293e-05 35
3.427998e-05 1
2.631551e-05 1889
4.909279e-05 1
6.456108e-04 1
1.777125e-06 430972
6.495812e-05 1
4.285256e-05 1
3.262174e-04 5
1.887628e-04 48901
6.767400e-05 1
2.070328e-04 1
1.507486e-05 1
1.650465e-04 2
1.420956e-05 2
1.879800e-04 1
1.624795e-04 1
5.642095e-04 1
1.445185e-05 7
7.158266e-05 98
9.829177e-05 47
3.596609e-06 1
3.557249e-04 1
2.292370e-04 1
6.161652e-05 1
2.680370e-04 5
5.804472e-05 1
2.407299e-06 143
2.686910e-04 133
5.329747e-04 1
3.983167e-05 1
5.560577e-05 158
3.552763e-06 3
4.639881e-05 3
1.357970e-04 2
6.430269e-05 1
2.317715e-04 1
6.883437e-05 1
1.252690e-05 1
9.700809e-05 1
1.546280e-05 3
2.008254e-04 4
6.016258e-05 40
2.039057e-04 1
2.305259e-04 1
1.258672e-05 1
2.347996e-04 42
2.558226e-04 3
3.642701e-05 1772
6.902316e-05 162
1.505870e-04 2821
7.690799e-05 1
7.568388e-05 9136
1.805673e-04 1
1.683929e-05 78
2.605324e-04 1
8.268587e-05 2
2.227070e-04 1
2.969845e-05 100
3.556274e-05 2
5.383236e-05 1
1.600237e-05 1
1.475255e-04 1
1.203073e-04 5
9.235254e-05 1
7.338375e-05 3
1.179698e-04 1
6.322189e-05 111
1.805252e-05 7
1.651693e-04 2
5.282760e-05 6
6.287104e-05 193
3.100725e-05 1
2.379099e-04 1
1.351888e-05 1
1.046693e-04 99
3.263112e-04 1
1.324855e-05 595799
9.471318e-05 1
5.335659e-05 6
6.955344e-05 1
9.762208e-05 1
2.646453e-06 1
3.199989e-04 3
2.130222e-05 160
2.393286e-04 1
7.396082e-05 1
1.658137e-04 1
5.367207e-04 3
8.339339e-06 3
1.228541e-04 6
2.550335e-05 1
2.994891e-04 3
7.867636e-05 3
4.985501e-05 1
1.246967e-05 662
6.604757e-05 1
2.105910e-05 2
3.381815e-04 2
9.933446e-06 1
8.454586e-05 1
5.905810e-05 3
1.359324e-04 1
2.381439e-04 2
1.202266e-04 1
6.421213e-05 1
5.349798e-05 2
6.953044e-05 1
7.884839e-05 1
2.300239e-04 3
1.585480e-04 732
7.910078e-05 2
2.559639e-05 56
2.204874e-05 6
2.097526e-05 1
8.785853e-05 1
1.025832e-04 1
6.610399e-05 1
3.420012e-05 1
1.872285e-05 1
1.836854e-05 2
1.183453e-04 1
2.961044e-05 251
2.293308e-04 1
2.840753e-04 1
2.902485e-05 3
3.638421e-04 1
6.773247e-05 55
1.090798e-04 1
1.738946e-04 19
1.443946e-05 1
2.799772e-04 1
1.208036e-04 4
1.328533e-04 3
6.472996e-05 295
2.660093e-05 1
6.803284e-05 1
1.793583e-05 1
1.127993e-04 1
6.682245e-05 1064
2.039586e-04 7459
1.326804e-04 1
1.264024e-05 1
9.986499e-05 3
7.644383e-05 1
1.101528e-05 1
2.397949e-05 1
7.579697e-06 1
2.550144e-05 2
3.059710e-05 1
7.647258e-05 759
7.692643e-05 34
1.525134e-04 2
4.821359e-05 1
4.207799e-05 1
2.517355e-05 1
3.268530e-05 2
4.668483e-05 1
3.154023e-06 43733
3.710590e-05 1
7.099114e-05 1
4.865220e-06 1
1.020377e-04 1
8.392945e-05 57647
2.604153e-05 20038
2.470035e-04 1
3.884090e-04 48232
1.882358e-04 3
3.558411e-04 1
9.938071e-05 1
2.775451e-04 1
4.417255e-05 108582
4.665318e-06 1
2.258916e-05 1
1.045922e-04 1
4.768057e-05 2
2.474703e-04 3
8.966850e-05 1
3.782194e-05 1
2.367189e-04 1
2.195180e-05 1
3.660654e-05 1
1.578361e-04 2
6.466671e-05 1
3.741230e-04 3
7.593199e-05 41217
1.102137e-05 1
1.291980e-05 1
1.431015e-05 3
7.297609e-05 1
6.133242e-06 149
1.243087e-04 24858
2.563173e-04 1
3.308241e-05 1
8.686469e-05 1
6.600945e-05 1
1.119911e-04 1
9.507345e-05 1
2.012798e-06 2
3.277416e-05 3
7.033875e-05 241
2.593780e-04 1
3.836090e-07 6
6.229901e-05 1
5.909141e-04 1
6.108972e-05 1
1.635945e-05 1
3.461225e-04 1
2.394034e-04 1
2.021989e-04 3
3.593335e-04 1
4.795643e-05 1
6.976058e-05 1
1.458447e-05 1
1.773956e-04 1
1.067439e-04 3
8.312003e-05 1
3.522064e-05 3
2.228777e-04 1
1.999544e-04 3
2.937312e-04 6
7.454202e-05 2
9.060265e-05 5
1.420872e-04 1
9.326596e-05 2
2.350192e-04 758
2.610323e-05 1
4.421259e-06 1
5.291408e-05 1
9.114551e-07 1
5.610573e-05 1
1.069382e-04 2
1.421529e-04 1
7.547378e-05 1
4.602164e-06 1
8.090997e-05 3
1.884143e-04 569
6.990008e-05 1
1.986746e-05 3
3.021619e-05 1
5.101958e-05 262
1.049490e-05 1
1.873421e-04 2
6.873647e-05 130
2.686835e-05 1
1.504243e-05 1
1.358348e-04 4
4.441376e-05 629714
1.138649e-04 3
4.883462e-04 1
1.316660e-04 2
6.906061e-06 23
8.152474e-05 2
9.724014e-05 1
3.805534e-04 4
1.102008e-04 2
1.900128e-04 6
1.578231e-04 1
5.796844e-05 1
1.010679e-04 6
1.719361e-04 1
3.994479e-04 1
6.993243e-05 1
5.367138e-05 7
1.599790e-05 1
8.211670e-05 5
1.153905e-04 1
1.682501e-04 1
6.616963e-06 2
5.462955e-05 1
5.932963e-05 1
1.428654e-04 24
2.368048e-04 1436
1.200390e-05 352784
3.633494e-05 1
3.152574e-05 129
3.219481e-05 2
4.490034e-05 1
5.737172e-05 1
1.722162e-05 3
3.069042e-05 1
2.455038e-05 1
8.799262e-05 1
2.058722e-04 1
4.691425e-05 126
3.620160e-04 1
3.128074e-05 1
2.525792e-04 1
6.453251e-05 264
7.701676e-06 1
1.163797e-04 1
2.427928e-05 1
1.589994e-04 1
8.497648e-06 2
1.648842e-04 1
1.661826e-04 3
1.212892e-04 1
9.362534e-05 1
1.281712e-05 1
2.571507e-05 2
1.119388e-04 3
8.266353e-05 1
9.231050e-06 167
7.419334e-06 1
2.784421e-06 1
1.083382e-04 2
1.030049e-05 4
7.515801e-05 1
4.669277e-05 1
3.165341e-05 1
4.732404e-04 3
8.340764e-05 1
7.461368e-05 502783
2.742695e-05 38393
1.341379e-04 3
1.531629e-04 1
3.279754e-05 1
1.261196e-04 1
2.639280e-04 1889
8.972364e-05 1
1.825302e-04 40554
3.340063e-04 292002
1.029479e-04 1777
4.138896e-05 109
8.749687e-05 1
2.350227e-05 1
1.480744e-05 51
1.971089e-04 1
3.180667e-05 1
1.239130e-04 10
1.383253e-04 3
1.047481e-04 1
5.804281e-05 1591
3.822691e-05 1
1.482513e-04 1
8.403129e-06 4
2.276707e-05 1
5.956437e-04 6620
3.292147e-05 1
6.240903e-06 1
5.147895e-05 2
1.400580e-04 1
6.155365e-05 1
1.584334e-04 1
2.010256e-04 1
2.220386e-04 44927
1.172915e-04 3
1.074912e-06 2
1.124128e-04 5
3.833138e-05 1
1.791083e-05 1511
1.196962e-04 78
1.405107e-04 1
2.106126e-05 1
1.122170e-04 1115
9.773071e-05 214
1.101532e-04 2
2.150286e-04 9
5.289242e-05 167
1.747360e-05 3
1.022470e-04 462
6.568063e-05 38866
1.386889e-05 1
2.523305e-04 1
3.461384e-05 1
1.425919e-04 2
3.196697e-04 1
1.820060e-04 1
2.572165e-05 1
2.856714e-04 3
5.179397e-05 2
5.191717e-06 5
1.935714e-05 1
9.981222e-06 1
7.263366e-05 1
9.665578e-05 2
2.418425e-05 1
7.257538e-05 4
2.442223e-04 7
1.997870e-05 233
1.036946e-04 1
3.638961e-05 207
3.107826e-05 1236
2.513957e-04 242
5.306509e-05 1
1.994848e-05 1
1.715709e-04 36
1.099981e-05 1
5.774337e-06 2
7.208043e-05 1
1.072958e-04 139
7.421015e-05 1
2.161014e-04 1
3.460332e-04 1
3.531643e-04 3
2.966404e-06 1
3.959240e-05 570263
2.515762e-04 959
1.070926e-04 1
1.071387e-04 1
1.007627e-04 356
4.860998e-05 1
1.823228e-05 3
5.720272e-05 1
5.373757e-05 7
1.966608e-05 5
7.655592e-05 1
3.909650e-05 1
1.137488e-04 159
1.039303e-05 1
4.092634e-04 1
2.068863e-04 2
6.077998e-05 2
2.527934e-04 1
3.467096e-04 227
1.674143e-04 6
4.331276e-06 2
2.130892e-04 62326
3.362550e-04 2
2.056542e-04 1
4.018912e-05 1
7.413848e-05 1
9.293052e-05 35393
1.097832e-04 1
7.870864e-07 5
3.193037e-04 76
1.886704e-04 31925
2.057006e-04 1
4.380249e-05 1
3.452569e-05 1757
1.450551e-04 1
2.776044e-04 1
3.118001e-05 1
2.205324e-06 103
1.522125e-05 1
1.457748e-04 201
1.141941e-04 4
8.970963e-05 2
4.107443e-06 1
3.680582e-05 722
5.895948e-05 1
3.990225e-05 2
4.975179e-05 1
8.746997e-05 1
8.253211e-05 1
5.759473e-05 2
1.171790e-04 182
1.479719e-04 1
7.786421e-05 55
2.329280e-04 52948
2.301717e-05 1
3.984308e-05 1
8.008266e-05 130
7.469523e-05 1
2.701182e-05 1
4.253184e-04 1
1.496503e-04 1
2.021337e-04 5
1.040884e-05 1
1.609211e-05 1
4.153232e-05 1
7.537399e-05 1
3.893741e-04 1
9.383460e-06 5
3.485165e-04 1
5.000077e-04 3
1.494691e-04 61253
6.827229e-05 5
1.286962e-04 1
1.076519e-04 1
7.104642e-05 1
1.722029e-04 1
5.488133e-05 1
4.364504e-04 40
6.206975e-07 1
1.602837e-06 1
1.024179e-04 1220
7.354226e-05 1
1.623120e-05 3
2.936176e-06 43
2.958268e-04 1
2.555042e-04 4
9.564694e-05 3
1.033534e-04 1
5.907773e-07 1
2.517085e-04 139
1.093180e-04 5
1.293777e-04 2
9.184026e-05 1
1.185952e-04 4
1.672736e-05 1
3.004054e-05 3
1.384142e-05 125
3.180342e-06 5
2.804102e-04 1
1.124201e-04 204
1.638184e-04 3
1.685991e-04 1
1.066181e-04 204
4.208116e-04 1
1.600173e-05 1
1.081963e-05 9096
1.534809e-04 1
6.453481e-05 7
1.497715e-04 1
2.833117e-05 1
2.327564e-04 1
1.653456e-05 1
2.438222e-04 4
1.209031e-04 2
5.048196e-07 1
1.560769e-04 1
1.313173e-04 3
1.075510e-04 182
6.303423e-06 69
3.426546e-04 1
9.384715e-05 2
2.876660e-04 185
1.655299e-04 1
2.288570e-04 7
4.344727e-05 669
3.994719e-05 2
1.597989e-04 5
1.529177e-05 1
2.432873e-05 6
6.130789e-05 2
5.974793e-06 2
3.752253e-05 1
1.117076e-04 4
1.113213e-04 1
1.743120e-04 1
2.709826e-05 1
4.505578e-05 2
1.866636e-05 1
1.599822e-04 1
4.858325e-05 1
4.689810e-05 53707
1.808669e-05 3
3.899632e-05 3
1.755330e-04 1
1.414227e-04 3
1.616531e-04 3
4.427987e-04 1
9.454462e-06 2
3.537488e-05 1
2.570612e-04 469183
7.893865e-06 86
7.078915e-05 1
1.339360e-05 1
1.113450e-04 1
3.501241e-05 1
7.708523e-06 1
2.415899e-04 17589
1.742513e-05 3
1.746897e-05 3
3.115048e-05 2
9.761048e-06 599
5.751575e-05 1
1.106661e-04 189
1.738776e-04 6
1.302866e-04 1
2.039018e-04 3
6.215595e-05 1
2.885256e-05 5
3.884042e-04 1
9.211443e-06 5
1.628459e-05 7
7.928007e-05 1
2.702652e-04 1
1.187917e-04 3
4.115609e-05 1
1.169826e-04 2
5.383545e-05 1
1.995519e-04 2
6.283982e-05 1
3.035017e-04 1
2.186125e-05 1
2.950335e-04 52
2.149317e-04 439
2.467929e-05 3
2.520473e-05 3
5.184960e-05 1
3.976458e-04 1
1.916683e-04 100
5.002119e-05 1
1.524704e-04 83
1.356405e-04 46825
4.580902e-05 455
2.248324e-04 1
1.230658e-04 262
4.558113e-05 1
1.511735e-04 1
1.068589e-04 33
2.367954e-04 2
1.301458e-04 1840
3.645149e-04 1
2.281996e-04 3
4.292544e-04 1
1.621980e-05 1
2.333731e-04 1
6.213090e-05 1
5.783025e-05 1
2.731157e-04 1
8.492764e-05 3
2.120295e-04 1
1.643767e-04 1
1.761584e-05 2
2.037749e-04 3
5.984523e-06 1
2.786891e-04 100
2.804179e-06 2
1.244055e-04 7
3.205171e-04 1
1.639806e-04 1
4.732550e-04 14
9.631713e-05 1
1.372931e-04 1
3.809564e-04 1
4.379050e-05 1
1.455583e-04 3
2.405557e-04 1
4.196200e-06 1
2.009771e-04 638422
2.719986e-05 1
9.189259e-05 122
5.599504e-05 1
9.940292e-05 3
1.305775e-04 1
3.044586e-05 1063
2.499831e-05 36881
3.408591e-06 1
1.713844e-04 6
1.607661e-05 108
1.479098e-05 1
1.333991e-04 1
6.691924e-05 3
3.731653e-05 1
1.966321e-06 7
1.626502e-04 219
8.923753e-05 1
1.058610e-04 93
1.300189e-04 1728
4.796027e-05 1
5.930790e-04 2
1.941290e-04 1
1.887872e-04 4
2.691050e-06 1
4.793339e-05 3
7.457537e-05 3
1.662019e-04 3
1.133662e-04 7
1.771632e-04 3
5.969926e-05 2
4.215779e-05 1
2.233612e-04 1
1.340734e-04 7
1.680251e-04 6
2.541557e-04 32272
2.379400e-04 5
6.745668e-05 4
2.325858e-04 1
4.728330e-05 923
2.303275e-04 128
1.580714e-04 81
2.624508e-05 1
5.695434e-05 7
5.192269e-04 2
1.717526e-05 1
9.539030e-07 1
1.141773e-04 5
2.195577e-05 1
1.359133e-05 1
2.055737e-04 7
1.418291e-04 2
1.436580e-04 2
1.271456e-04 2
9.873562e-05 3
2.750275e-04 2
9.337569e-05 1
2.269751e-04 1
6.191895e-04 26840
8.572933e-06 6
7.888784e-05 1
1.714863e-04 1
1.607511e-04 155413
1.210506e-05 3
1.111745e-04 2
3.473901e-06 1
6.361815e-05 4
2.476265e-05 1
2.240281e-05 2024
1.386722e-04 3
1.444560e-04 1
2.032966e-04 1
1.833650e-04 1
4.028095e-05 1
8.997476e-05 1
8.872301e-06 150
1.733696e-04 4
5.030822e-05 1
3.856604e-05 1
3.262929e-05 2
5.467699e-05 1
7.504767e-05 215
6.852856e-04 102
6.680701e-05 1068
6.100288e-06 1237
9.147273e-05 2
6.488430e-05 3
1.685500e-04 7
8.305860e-05 1
5.588579e-05 7
2.616984e-04 1
2.952873e-04 1
4.865540e-05 2088
9.881055e-05 1
1.155549e-04 1
1.291261e-04 259
2.631031e-05 28
1.503299e-04 1
1.213005e-04 3
7.274032e-05 63911
1.602034e-04 1
5.507121e-05 1
1.280752e-04 261
1.148588e-04 2
9.871056e-05 5
2.541934e-04 5
6.556463e-05 7
8.228489e-05 75
8.460618e-05 5
1.973341e-05 1
2.100546e-04 17
3.954476e-04 1
4.139111e-06 1
6.440616e-05 513
5.338365e-05 1
1.262071e-04 1
2.562351e-05 1
3.293391e-06 1
4.047017e-05 2
3.540059e-05 1195
3.704768e-05 3
1.392083e-05 1
2.432356e-04 1
1.408927e-04 1
1.974600e-04 1595
3.466806e-04 1
3.672061e-04 1
1.932843e-04 1
1.513292e-04 1
1.862761e-04 1959
4.414467e-04 1
1.138248e-04 5
1.336120e-05 1
1.172994e-04 1
8.428116e-05 1
3.487671e-05 1
5.111513e-05 1745
7.119353e-05 1
1.533893e-04 3
2.169771e-04 166
7.937543e-05 1
3.554793e-05 1
3.758423e-05 4
5.546398e-05 3
3.597374e-05 1
6.862467e-06 4
1.179424e-03 1
8.840965e-05 2
1.471074e-04 157716
1.824237e-04 1
1.167235e-04 4992
5.684861e-05 1
3.516419e-05 1
4.042592e-04 4
6.010632e-04 1
9.757486e-06 1
1.493654e-04 1
1.109018e-04 6
5.559885e-05 1
1.580229e-05 1
1.215069e-05 1
7.916820e-05 1
3.372683e-04 1
1.747806e-04 1
3.428644e-05 2
3.161149e-05 3
7.397298e-05 5
3.540543e-05 66171
3.133418e-06 5
5.346080e-07 25862
5.205544e-05 1
1.123191e-04 3
2.476487e-04 2
1.905256e-04 3
1.053088e-04 1
6.864374e-06 1
3.759705e-05 3
2.391106e-05 1
1.304610e-04 1
9.523657e-05 1
2.439296e-04 1
3.352515e-06 1
1.918712e-04 52
7.680226e-06 55598
4.027178e-04 1602
1.532847e-04 2
4.151316e-05 2
1.376325e-05 1
5.219617e-05 1
1.002670e-04 2
6.679811e-06 1
1.409732e-04 1
3.140600e-05 28275
2.848670e-05 1
2.791008e-05 2
9.170883e-05 1
2.168910e-04 1
1.296657e-04 1
1.843610e-04 9
2.722775e-04 74
1.816495e-06 58342
1.599436e-04 1
6.148332e-05 1
6.376984e-05 1
2.495949e-04 2
3.980839e-05 784
6.536626e-07 1
2.386513e-05 3
5.395876e-05 1
9.511604e-05 177
3.524479e-05 2
4.276420e-04 2
1.001664e-04 2
1.573321e-04 2
2.869551e-04 1
1.626283e-04 2
2.147879e-04 169
7.087080e-05 1
4.759214e-05 3
4.898196e-06 50508
5.662108e-05 1
1.307063e-04 177
1.137163e-04 1
3.864534e-05 79
1.309951e-04 1
2.069612e-05 1
1.810299e-04 1
5.448316e-05 1
1.226002e-04 3
1.414018e-04 150
9.936195e-05 1291
1.736188e-04 6
1.063648e-05 201543
7.690709e-05 127
1.912009e-04 1
3.344309e-04 1
5.747177e-05 1
4.110100e-05 1
1.606595e-04 1
7.719079e-05 3
4.399740e-07 3
4.394511e-06 1
4.081764e-05 1
5.285231e-04 1
3.856914e-04 1
1.329814e-05 1378
1.609671e-04 5
4.959191e-05 1
1.123795e-04 223
1.240848e-04 1
2.457402e-04 3
5.550031e-04 108
1.043994e-05 122
3.652099e-05 43868
3.559419e-04 2
2.777987e-04 103
3.833829e-04 3
3.096131e-05 3
6.990182e-05 1
4.094790e-05 241
5.846304e-05 45
5.494111e-05 1
6.796097e-05 1
1.641929e-04 1
5.837132e-05 1
1.023789e-04 700
1.706201e-04 1
7.340107e-05 1
1.669136e-04 1865
7.074194e-05 1
6.778051e-05 1
1.013017e-04 2
3.730788e-04 3
8.853338e-06 5
3.943389e-04 3
3.138159e-04 1
6.272100e-05 4
8.464376e-05 1
4.271076e-06 3
3.708233e-04 262
2.552398e-04 1
8.655866e-05 5
8.198411e-05 1
3.654052e-05 1
4.299634e-04 1
3.426546e-05 1
6.504817e-04 1
1.454512e-05 2
8.480794e-05 1
1.956385e-04 4
4.136275e-05 1
4.366190e-05 1
3.140420e-05 2
1.517256e-04 6
3.523839e-04 2
5.359307e-04 1
3.976944e-05 5
7.088002e-07 1
1.292262e-04 1
2.273943e-05 1
1.019068e-04 1
6.615815e-05 3
8.753427e-07 2099
2.316289e-05 92
6.005305e-05 644492
1.290728e-04 1
2.573248e-04 1
8.249899e-05 1
2.638434e-04 2
1.083111e-04 4
1.832559e-04 1
3.889972e-04 1
1.570725e-05 1
9.388796e-05 1
3.201361e-04 2
1.553784e-05 3
4.576189e-05 1
2.117510e-05 2
2.153448e-04 1
4.061992e-05 1
3.338231e-05 1
3.700366e-06 3
3.966854e-04 52
7.302094e-05 1
8.600283e-05 4
3.192641e-04 1
1.222921e-04 7
3.567485e-05 1
6.869872e-05 6
5.214502e-05 4
7.698425e-05 2
2.594977e-05 3
5.442692e-05 2
1.104789e-04 23
6.970444e-06 151
1.892358e-04 1
4.804596e-06 1
2.906138e-05 2
1.098630e-06 1
1.146974e-04 2
5.250665e-05 1
3.385925e-05 270
2.215721e-05 91
2.964222e-04 7
2.252969e-04 124
5.412558e-05 3
7.786336e-05 1
1.783717e-04 1
8.901240e-05 1
8.429518e-05 3
1.383625e-05 1
3.882196e-04 5
6.331027e-05 4
4.542642e-04 1
3.972282e-05 241
1.587822e-06 5
2.184135e-04 2
6.956017e-06 142
1.277155e-05 3
3.155007e-04 556517
1.427667e-05 234
5.144715e-06 4
1.283880e-04 2
3.144189e-06 1
2.319168e-05 3
9.181569e-06 1
9.656501e-05 1
1.244969e-04 2
1.093971e-05 1
6.587042e-05 183
1.286194e-04 1
1.436555e-04 1
1.983088e-05 200
1.231840e-04 1753
1.371809e-04 4
2.171241e-05 5
1.962700e-05 252
8.797804e-05 3
2.251420e-04 3
1.876582e-04 1
3.288161e-05 2
4.296347e-04 26985
3.850674e-05 1
4.324568e-05 337
1.271675e-04 6
6.522670e-05 1
2.931738e-04 3
3.578099e-04 28997
1.172373e-05 1
1.021363e-04 23437
1.442681e-04 1
1.654137e-04 1
8.172017e-05 5
2.866951e-05 4
3.175415e-04 1
9.833418e-05 1
8.790487e-05 53627
4.070807e-05 1
2.057547e-05 1
2.303497e-07 3
5.228484e-05 1
1.357419e-04 21
2.392997e-05 202
4.900344e-05 1718
1.325573e-04 1
2.956605e-04 12305
3.410861e-05 1
2.841613e-04 1
2.832392e-04 2
2.573271e-04 1
2.270997e-05 1
3.129775e-04 1
3.502083e-05 1
1.363446e-04 1
2.613804e-04 1
2.935098e-04 1
2.399716e-04 5
2.862741e-04 1
3.011196e-06 1
1.350846e-04 1
7.663177e-05 1
8.907084e-05 1
7.583719e-05 3
8.023032e-05 1
6.942217e-05 1
4.107174e-04 1
7.754618e-05 2
2.083856e-04 1
8.025881e-05 1973
4.304126e-05 1
8.291829e-06 1
6.262196e-06 1
1.363389e-05 3
5.266071e-05 2
5.846783e-05 1
4.066637e-05 1692
4.314280e-05 1
4.735264e-05 1
7.611391e-05 3
2.980087e-05 1
8.113446e-05 56723
2.672502e-05 2
1.783603e-04 2
1.443203e-04 5
1.693576e-04 7
2.545216e-04 2
2.056536e-04 7
4.708292e-04 3
4.097032e-04 1
4.620312e-05 1
2.529700e-05 1
1.535736e-04 6
1.400722e-05 1
7.805223e-06 144
7.896997e-05 3
1.281007e-04 2
5.016477e-04 7
2.586693e-04 4
3.124351e-05 3
6.552829e-05 1
1.398402e-05 1
2.243796e-04 1
1.677458e-04 1
1.201305e-04 1
2.801816e-04 1
7.484008e-05 23914
1.689633e-04 1
1.348561e-04 1
4.473847e-04 1
1.790411e-04 1
1.628483e-06 38914
8.594852e-05 1
1.006060e-05 1
1.436354e-05 1
3.059368e-06 5
3.255830e-05 113
4.740962e-04 1
4.824780e-06 1
5.941396e-05 1
5.214380e-04 1
5.183305e-05 7
5.746645e-05 4
9.370792e-06 1
1.118092e-04 1
1.224666e-04 1
4.782229e-05 1
4.164387e-05 1
7.976263e-05 6
7.090005e-05 1
5.897027e-05 194
9.626931e-06 3
1.998340e-05 177
4.813911e-07 2
1.174283e-05 3
1.849596e-04 2
1.193907e-04 2
3.491027e-05 5
6.945402e-05 1
8.487771e-06 161
2.174099e-06 1
6.155129e-05 237
1.627308e-05 839
8.183727e-05 2
1.889304e-04 1
2.089438e-05 1
9.506340e-05 2
3.162931e-05 2
3.765488e-05 2
4.330358e-05 1
6.520091e-05 1
2.603976e-05 3
8.301511e-05 1
6.792104e-05 182
3.928957e-05 1
6.096498e-05 1
5.640797e-06 1
2.515723e-05 1
5.996885e-04 1
1.523485e-04 2
4.452945e-05 3
1.493214e-04 3
8.986897e-05 171
5.119703e-05 1
3.486901e-04 260
3.909611e-05 1
6.445034e-07 1
1.244298e-04 4
1.576476e-04 1
3.634232e-05 350
1.445699e-04 120
3.486063e-04 1
2.835099e-05 3
1.884313e-04 1
1.171460e-04 1
3.684226e-05 1
6.588649e-05 1
1.886448e-04 1
6.984675e-05 5
4.205474e-05 2
1.884569e-05 97
5.588447e-05 616368
5.790660e-05 19
4.069142e-04 2
1.727073e-05 1
4.945585e-07 1
4.004604e-05 5
9.801279e-05 1
1.052936e-04 5
4.736179e-04 1
5.939260e-05 1
1.237117e-04 5
3.068162e-04 1
2.498971e-05 2
2.331808e-05 23822
2.546342e-05 2
3.744179e-05 2
2.477017e-04 2
1.978137e-04 98
1.158386e-05 2
1.205521e-04 1
1.746000e-05 1
1.153258e-04 1
4.073868e-04 1
2.866691e-05 53502
2.197420e-04 1
2.777494e-05 1886
1.915740e-05 6
9.082106e-05 1
5.915512e-06 1
3.109326e-04 2
3.380960e-05 3
1.596757e-04 1520
6.238850e-05 1
6.473022e-05 1
8.695308e-05 1
1.673409e-04 3
5.933290e-05 2
6.427716e-05 5
4.684647e-04 3
1.431625e-04 1
7.506612e-05 108098
1.286754e-05 191
4.562316e-05 3
1.452149e-05 1
4.796547e-04 1
1.722767e-07 2022
6.866567e-05 1
2.897711e-05 1
1.082295e-04 1
2.224881e-04 1
9.794341e-05 1
8.774025e-05 2
4.230385e-05 4
1.078481e-04 2
7.514586e-05 1343
3.443854e-04 1
6.539226e-05 3
1.193421e-05 3
1.843173e-04 1
1.092445e-04 1
1.498626e-05 1
2.392266e-04 78
3.519779e-06 1
3.028138e-06 1
1.667243e-05 3
3.621972e-05 1
1.020497e-04 1
2.832897e-05 3
9.877258e-05 2
2.484952e-04 1
6.377123e-05 3
4.958752e-06 1074
1.254737e-04 1
9.120865e-05 3
2.814738e-05 2
3.709068e-05 1
1.485664e-04 1
2.762119e-05 191221
1.033545e-04 3
9.603736e-05 1
2.192791e-04 1
