5.584380e-05 1
1.269387e-06 3
1.208845e-05 32
1.861504e-05 1
4.124490e-05 1
2.500452e-07 2
2.260014e-06 108
1.035600e-05 2
1.692887e-06 1
3.367963e-07 1
3.722286e-06 3
1.125518e-06 3
2.647232e-05 1
3.108406e-05 1
7.483198e-05 1
1.964731e-06 1
8.253111e-06 1
6.131422e-06 1
1.160209e-05 24516
1.213953e-05 1
2.030019e-05 1
3.859464e-06 211
9.264889e-06 4
1.782786e-05 1
4.020902e-07 2
4.976943e-06 2
1.375964e-05 1
6.943558e-06 1
5.161710e-08 189
9.882784e-06 1
4.071810e-05 5
1.495999e-05 2
8.012098e-07 3
3.370011e-05 1
5.513692e-06 2
2.312958e-05 1
3.674700e-06 1
2.628975e-05 1
4.432727e-06 3
1.963011e-05 2
4.912117e-06 1624
1.470755e-05 25
2.594063e-06 1
9.064748e-06 1
1.527823e-05 3
1.551219e-06 866
1.094672e-05 1
2.985417e-05 1
3.907052e-06 1
9.995377e-06 3
8.894588e-06 70
5.571141e-06 1
1.020608e-06 32951
7.074809e-06 1140
1.613105e-06 3
5.170616e-06 1
4.350378e-06 2
1.983601e-05 3
4.934300e-06 3
5.493632e-06 5
4.668339e-06 31876
1.339937e-05 1
2.080288e-05 7
1.150094e-05 3
8.859828e-06 1
1.069250e-05 3
1.470080e-05 1
1.433206e-05 1
1.603235e-05 157
5.438160e-06 1
1.321241e-05 1
1.137916e-05 273
7.401738e-06 1
1.850238e-05 1
1.192833e-05 1
6.538197e-06 1
1.873255e-05 1
1.678718e-06 149
4.979714e-06 1
1.081666e-05 1836
3.490306e-05 4
1.211798e-06 1
4.748088e-07 83
1.100792e-05 1
6.074740e-06 3
6.197517e-06 62
3.362989e-06 2
2.143849e-05 1
4.974249e-06 1
1.259036e-05 1
6.353676e-05 1
2.868270e-05 6
1.385004e-05 1595
1.092752e-05 3
2.628299e-06 51067
2.320246e-06 187
2.371663e-05 57
5.493349e-06 1
2.896225e-05 1
3.665996e-05 1
4.041781e-05 1
1.397688e-09 1
2.247764e-05 1460
1.484500e-05 6
2.627408e-06 61
1.480603e-06 1
1.117670e-05 1
3.504661e-06 1
4.651393e-05 3
1.479893e-05 4
1.936955e-05 95
1.069899e-05 700
2.642336e-08 1
8.413630e-07 1057
1.485052e-05 213
2.440270e-07 7
8.439490e-06 1
1.212970e-05 1
3.201684e-06 2
6.496157e-06 1
1.958010e-05 1
1.095298e-05 1450
2.481901e-05 3
1.012587e-05 1
6.515989e-06 2
1.530448e-05 1
4.426430e-07 1
1.380618e-06 1
5.727887e-06 3
1.021002e-05 1
2.847060e-06 3
1.470345e-07 1
9.001560e-06 41611
4.937761e-06 1
4.662759e-06 1341
3.265373e-06 1
8.877054e-06 1
8.115153e-06 1
1.884875e-06 1
8.864182e-07 1
2.103041e-06 4
3.763804e-06 1
3.594342e-05 1
8.141142e-06 2
8.107415e-06 1
7.283163e-06 1
6.852325e-07 2
5.162271e-06 3
2.680605e-06 3
5.477159e-06 179
7.959064e-06 7
1.118119e-05 2
4.814875e-06 7
1.422196e-05 1
5.905590e-07 2
4.335459e-05 1
1.643805e-05 2
6.531220e-06 55355
1.431153e-07 1
3.479391e-06 5
2.237669e-05 5
1.433486e-06 1
9.814237e-06 1
3.585303e-05 1
5.605997e-06 1
8.917066e-06 2
1.432540e-05 185
1.111126e-05 1
1.180104e-05 4
5.296472e-05 57635
2.130898e-05 1
2.281010e-06 384263
3.778408e-05 1
7.855726e-07 1
1.718033e-07 25
1.232510e-05 1
2.557718e-07 1
1.198020e-05 1
1.118494e-05 1
1.949637e-06 1
6.869366e-06 179
4.018007e-06 1
3.218651e-06 2
3.341816e-06 1
2.310774e-06 1
6.224458e-06 46808
1.637490e-05 1
7.957428e-06 1
9.969466e-06 6
4.641509e-06 1
2.235612e-05 1588
9.736435e-06 190
2.835613e-05 1
2.026083e-06 1
1.208149e-06 1
1.466369e-05 1
5.094201e-07 7
8.328700e-07 1
2.549520e-07 1
3.455007e-06 1
8.130727e-06 1
5.884505e-06 1
2.649889e-06 3
1.963604e-05 7
4.186904e-06 2
1.888631e-05 1
1.629244e-05 1
6.081540e-06 1
3.698495e-06 5
9.113164e-06 1
2.162146e-06 1
7.353425e-07 1
5.413829e-08 1
4.477648e-06 1
2.378807e-06 3
5.438909e-06 7
3.233105e-05 3
2.852470e-06 1
1.099105e-06 6
1.469090e-06 1
4.039288e-06 1
1.383004e-06 1
1.951935e-05 572
3.477046e-06 2
2.489334e-05 1
2.738494e-06 1
1.572181e-05 1
1.117585e-05 1
1.104590e-06 1
5.307235e-06 1
1.544203e-05 131
1.127234e-05 1
1.239494e-05 1
1.003113e-05 1
4.209669e-06 1
6.169408e-06 57010
4.005642e-05 8137
7.463872e-06 22992
7.370017e-06 1
7.017955e-05 3
1.077063e-05 7
7.717634e-06 1
2.749915e-05 3
3.905510e-06 1
5.433951e-06 4
2.319238e-06 83
3.170128e-05 1
2.237459e-06 21978
4.450397e-06 1
6.472471e-06 3
1.770461e-05 1
7.711987e-06 1
1.356154e-06 1
6.588421e-06 1
1.741119e-05 6
2.991337e-06 1
1.782955e-05 46
1.884944e-05 2
1.393721e-05 1
3.046470e-06 1
3.926271e-06 1
7.683031e-06 1
2.160607e-05 1
4.261664e-06 2
1.388853e-05 1
1.164470e-05 6
1.476652e-05 1
1.647953e-06 50219
5.210506e-06 5
1.356237e-05 1
3.768103e-05 3
1.278854e-06 3
1.698587e-05 247
3.519264e-05 1
3.625333e-07 5
5.023619e-05 1
2.752303e-05 43656
1.421089e-05 2
1.390517e-06 70
6.224777e-06 1
1.738162e-05 1
4.044407e-05 1
7.553498e-06 1
3.672646e-06 5
9.484607e-06 3
1.382149e-05 1
9.246390e-06 2
2.416826e-05 131
1.323690e-06 1
2.497645e-05 3
1.070517e-06 1
3.071966e-05 1
1.962799e-05 4
1.121227e-05 7
1.425875e-06 1
3.164162e-05 2
6.139446e-06 1
1.693812e-05 1
4.711915e-06 1
3.889455e-06 3
2.811272e-05 3
4.940671e-06 1
3.399200e-05 3
8.566367e-07 1
1.668041e-05 5
9.051631e-06 1
1.394601e-05 2
6.269475e-06 1
7.722074e-06 1
4.676870e-06 1
7.797016e-06 1
2.330054e-05 189
6.255101e-06 3
1.507026e-05 2
3.161379e-06 1
4.232629e-05 1
1.537483e-06 953
2.871044e-05 7
6.261949e-06 39866
8.203687e-06 5
1.558380e-05 1
6.362198e-06 3
8.550313e-06 2
9.517155e-06 3
1.655249e-06 56
8.529004e-07 7
2.527693e-06 3
2.184155e-06 2
1.652612e-05 1
7.295434e-07 2
7.508295e-07 5
6.917624e-06 165
1.462268e-05 1
5.009406e-06 1
2.542735e-05 1
5.296825e-06 2
1.094195e-05 2
7.013014e-06 1
3.920033e-06 1
2.396240e-05 2
4.614486e-07 3
1.435001e-05 1
2.350687e-05 4
1.583632e-05 1
1.666139e-06 259
8.408748e-08 1
2.875172e-06 350
4.440404e-06 1
2.287314e-06 1
1.211551e-05 5
2.929351e-05 178
9.575183e-07 61
2.190443e-05 1
3.693366e-05 1
4.488635e-06 2
1.115556e-05 1
2.200387e-06 133
4.919692e-06 5
1.723547e-06 130
3.300829e-05 1
7.066102e-07 491
1.479736e-06 3
2.091336e-06 1
1.802502e-05 1
1.046800e-06 3
1.668332e-05 2
7.868304e-06 21438
1.979489e-05 55
1.509536e-05 3
1.003429e-05 3
1.482182e-05 1
4.543770e-06 1
2.617760e-05 1
2.631309e-06 1
1.413152e-05 984
8.674984e-07 3
1.015060e-06 34
2.996059e-05 3
1.009427e-05 1
1.044612e-05 246
1.163291e-05 4
6.401347e-06 1
5.517804e-08 7
1.014717e-05 1
3.984565e-06 1
3.652046e-05 1
1.707404e-05 1
2.087048e-06 2
3.217376e-06 1
1.257164e-06 234
3.036930e-05 1337
1.493856e-06 3
3.737373e-05 1
1.760522e-05 1
1.291589e-05 1
2.396210e-06 155
4.125895e-05 180
9.318121e-06 180
2.628264e-05 2
5.453074e-06 2
1.179681e-05 1
1.397025e-05 1
3.818157e-07 1
8.760862e-06 12499
2.232946e-05 1
7.583154e-06 2
5.853275e-06 1
4.376150e-06 1268
5.381666e-06 2
1.145557e-05 2
3.619041e-06 3
1.406281e-06 1
2.272936e-05 229
1.438057e-05 1
2.054587e-05 1
2.940142e-06 1
1.000612e-05 1
1.364952e-05 1
6.899326e-06 1
6.936211e-06 3
9.728279e-06 1
3.591751e-06 101
7.366401e-06 3
2.617868e-06 53691
2.532202e-05 2
2.671684e-06 5
1.859877e-06 1
8.621851e-06 1
6.645521e-06 242
1.358560e-07 1
7.789739e-07 1
2.938452e-06 1
1.276705e-05 1
1.874728e-05 2
3.325078e-05 6
2.418389e-06 3
1.250495e-07 1
4.845706e-06 74
2.686592e-06 1
6.300727e-05 1
8.946188e-06 1
8.084145e-06 1
5.753986e-06 6
1.494999e-05 1
8.880660e-06 1
1.595163e-07 3
1.365303e-05 7
1.310276e-05 1
1.898200e-05 1
1.572602e-05 7
5.019469e-06 1
2.015796e-05 3
1.933967e-05 1
3.596862e-06 390089
5.085301e-06 6
8.485314e-06 1819
2.646695e-05 1
3.224016e-06 33
4.484673e-05 1
5.586192e-06 2
2.034340e-06 4
1.767292e-06 111
6.839439e-06 1
6.006153e-06 1
3.880695e-06 2
7.452203e-06 4
1.280618e-05 1
3.730185e-06 1605
1.262625e-05 2
2.954261e-06 138
1.556947e-05 1
2.841619e-05 2
8.311325e-06 212
4.381192e-06 2
3.568137e-05 1
9.445277e-06 1
1.700230e-05 1
8.397814e-06 4
4.450601e-06 1
7.558437e-08 1
1.797615e-06 1
2.669893e-05 1
1.372704e-05 3
2.730353e-05 1
1.001967e-05 3
8.939014e-07 1
4.653679e-06 3
2.752123e-05 2
4.252767e-06 5
4.246603e-06 1
7.284631e-06 64
4.010534e-06 7
1.163985e-05 1
7.652293e-06 69
5.628172e-06 1
1.310559e-05 1
1.420079e-05 1
1.232513e-06 1
1.278331e-05 14
1.207447e-05 1
3.538170e-06 2
3.169451e-06 1
2.999320e-06 1
5.796225e-06 1
1.953853e-05 1
6.427303e-06 1
2.633583e-05 1
2.275187e-05 3
1.623065e-06 1
4.081595e-06 1
1.709481e-05 1
4.404883e-06 1
1.607913e-05 1
1.853155e-05 5
2.545596e-06 7395
1.780574e-06 1
2.479529e-05 1
8.627791e-06 32423
1.929008e-05 1
2.359989e-06 2
5.537206e-06 3
3.995895e-05 2
3.430707e-05 9
3.732113e-05 250
2.731712e-05 5
1.752527e-06 1
2.177046e-06 1
1.207376e-05 1389
1.259354e-05 1562
7.474950e-06 3
3.110062e-06 1
4.129883e-06 1
8.352589e-06 1
4.018096e-06 1
1.307674e-05 7
6.651837e-06 1
1.343658e-05 4
2.048481e-05 97
8.952213e-06 3
4.697098e-06 4
1.842670e-06 3
1.191594e-06 1
1.165939e-05 1
3.346597e-06 6
2.126851e-05 32251
1.530988e-05 1
1.462350e-05 3
5.483620e-07 1
1.850869e-05 1
1.949093e-07 1
6.127561e-06 4
3.227540e-05 7
8.489027e-06 7
2.617359e-06 342
2.269398e-05 28413
3.155937e-05 7
1.808380e-06 197
4.721228e-06 1
3.509896e-06 3
1.010578e-05 1
5.692478e-05 1
8.924468e-07 1
1.230918e-06 2
9.303071e-06 1
1.568531e-05 3
1.500406e-06 1
6.155635e-06 7
4.769120e-05 4
3.521253e-06 3
5.427009e-06 719
9.799478e-06 1
1.017340e-05 6
3.151442e-06 61
3.324143e-05 3
2.552969e-05 153
1.197888e-06 1
3.356330e-06 1
3.887926e-06 1
6.885990e-06 7
1.270447e-06 1
1.328587e-05 1
6.015785e-06 1
3.462468e-06 1
8.716413e-06 1
9.545928e-06 1
8.478636e-06 370
6.005819e-06 4
3.769889e-06 1
1.478643e-05 1
4.992371e-06 1
1.248200e-05 170
8.911477e-06 2
3.322760e-05 1
5.233918e-05 4
4.990876e-06 129
2.032805e-06 1
1.126293e-05 2
6.242069e-06 5
1.023401e-05 64755
2.980187e-06 1
1.843867e-05 5
6.095077e-06 1
5.908494e-07 27
1.006216e-06 2
1.859825e-08 1
1.490596e-05 3
1.521515e-07 243
2.556874e-06 1
4.014986e-06 1
2.180501e-06 1
9.431789e-06 3
1.348677e-05 1
1.926598e-05 1
3.857837e-06 2
4.164469e-06 1
2.661763e-06 1
6.406070e-06 1
1.224458e-05 1
2.973020e-06 1
6.615091e-06 1
9.593792e-06 1088
7.831220e-06 1
3.152344e-05 1
6.765479e-06 7
2.022384e-05 6
1.246835e-06 3
4.178778e-05 2
8.073097e-06 1
3.091966e-05 11
2.878418e-06 1
3.200767e-06 1
9.880581e-07 2
8.342260e-07 6
3.074534e-05 3
1.236334e-05 1
4.742776e-07 1
2.840092e-05 1
1.619260e-06 1
2.962344e-06 1
2.664409e-05 6
3.376727e-05 1
1.723587e-06 1262
1.684263e-05 2
4.407209e-05 1
1.606235e-05 1
1.194528e-05 1
1.603043e-06 1
8.157390e-06 43
5.093817e-06 3
1.948059e-05 1
2.423552e-05 1
2.854364e-05 1
5.658868e-05 262
6.881471e-06 1
6.067623e-08 5
1.003453e-05 1
1.028382e-05 1
6.434140e-08 62584
1.849096e-05 2024
1.374699e-05 1
1.001874e-05 232
2.821342e-06 1
1.670676e-06 3
9.415868e-06 1
1.223009e-05 1
1.420741e-05 1
1.312843e-06 2
1.681693e-05 2
2.939939e-06 5
1.784192e-05 1
4.030050e-06 1
1.241293e-06 2
1.732808e-06 2
6.564770e-06 2
1.032294e-06 29584
4.717167e-06 2
2.799960e-06 1
5.507699e-06 3
1.604077e-06 2007
1.558782e-05 1
5.954198e-06 6
3.337914e-06 1
5.387978e-05 1
2.416037e-05 1290
1.560067e-05 213
4.106885e-06 3
6.573401e-06 1
2.724810e-05 1772
9.872646e-06 1690
2.356381e-05 3
5.147664e-06 1
2.187704e-05 1
3.222592e-06 1
5.510842e-05 1
1.193870e-06 1
8.071688e-06 5
3.726171e-05 6
1.059602e-06 6
2.246857e-06 1
2.996470e-05 1
2.219476e-06 1
9.053026e-07 1
3.627432e-05 2
1.332784e-05 1
1.368269e-05 1
8.599316e-06 1
2.320765e-06 1
1.210790e-05 31318
1.887470e-05 1
1.840706e-05 88
1.801125e-05 2
8.597751e-07 1
1.111287e-05 1
6.709298e-07 1
6.160539e-06 1
5.381971e-06 2
2.438464e-06 2
2.895688e-06 7
4.312653e-05 51
5.775711e-07 1
2.635938e-06 1
3.035277e-05 33261
2.120989e-06 2
2.368837e-05 1
1.514129e-05 4
8.731907e-06 1
1.410584e-05 3
7.390526e-07 1
5.428361e-06 713
2.236603e-05 1
1.630801e-06 7
3.987540e-06 1
9.537217e-07 1781
6.106654e-07 3
2.291564e-05 3
7.008131e-05 1
2.522551e-06 1
2.929878e-05 3
1.238751e-06 1
2.985323e-05 1
1.680133e-05 5
1.439482e-05 4
7.997677e-06 1
1.386299e-05 1
1.372916e-06 3
3.217881e-06 1
1.968605e-06 1
7.439745e-06 1
1.441471e-05 1
1.447710e-06 148
7.996914e-06 1
1.460549e-05 1
8.060108e-06 3
4.077714e-05 1
6.181200e-06 1
2.496674e-06 1
2.087454e-05 52666
9.111500e-06 1
4.846685e-06 1
1.022362e-05 2095
1.730290e-06 127
9.833887e-07 1
1.953073e-05 1
4.103003e-06 1
1.027907e-05 1
6.831475e-06 1
2.115755e-05 3
1.193982e-05 5
3.727086e-06 1
1.215223e-05 6
1.132171e-05 1
6.117325e-06 1
7.638472e-06 2
1.283693e-05 6
4.553472e-06 1
4.181204e-06 3
9.088769e-06 1
1.276182e-05 1
1.312388e-05 2
4.342253e-05 1
9.257815e-06 194
7.004770e-05 3
2.445610e-05 2
1.362659e-05 1
4.367527e-06 2
8.302126e-06 4
6.359626e-06 3
1.929033e-06 2
9.359299e-06 365
9.727457e-06 1
3.732877e-06 1
5.777972e-06 630
8.900553e-06 69
2.464773e-06 23
5.252914e-06 3
7.825954e-07 1
1.470542e-05 1
4.217886e-06 2
7.247879e-06 1
4.707646e-05 1
3.645492e-06 81
2.081464e-06 5
1.163985e-05 1
2.625973e-05 1
1.773609e-05 5
3.219936e-06 138
1.679445e-06 45
2.045162e-05 2
2.159160e-05 1
1.276488e-05 1
3.578044e-05 3
2.849614e-06 1
5.358722e-06 4
2.734513e-06 3
2.000997e-06 1
6.423515e-06 822
3.622800e-05 54311
2.993164e-05 1
4.502566e-06 2
1.208209e-05 1
3.050210e-05 1
1.110082e-05 1
9.501388e-06 1
6.083503e-06 1
1.560604e-05 2
2.603331e-05 1
4.722538e-06 219
1.594237e-06 1
1.721833e-06 1
7.477617e-06 3
6.806418e-06 1
4.977279e-08 1
1.832042e-05 9540
2.590664e-05 6
6.529125e-06 1
9.608765e-07 1
6.236463e-05 140
3.429224e-06 1
7.031325e-06 1
1.434563e-05 3
1.820409e-05 1
1.497894e-05 2
5.483854e-06 73
3.106840e-05 3
8.078518e-06 1
4.533841e-06 7
4.391932e-05 1
1.767853e-05 4
3.607276e-05 1
1.427292e-05 4
1.854810e-05 1
7.457031e-06 1
9.186943e-06 1
1.156326e-05 1
2.835146e-06 5
1.091209e-05 1
3.374494e-06 1
2.213499e-05 1
6.738524e-06 1
1.534574e-05 1
1.635261e-05 1
3.811130e-07 2
7.350617e-06 3
3.398662e-06 2
1.291956e-05 1
1.461688e-05 1
6.590421e-06 1607
2.419087e-05 1
5.843304e-06 65
3.492998e-05 201
6.020738e-07 1
2.689940e-06 1
4.075900e-06 1
9.943560e-06 1
7.014453e-06 1
2.009476e-05 1
1.488021e-06 1
2.650701e-06 5
5.361692e-06 2
3.472884e-05 4
2.715355e-06 233
2.059892e-05 1
1.469143e-06 138
1.782255e-06 13659
1.696279e-05 1
1.993735e-05 1
1.741453e-05 1
1.133312e-06 1
6.342067e-06 1
9.154897e-07 562
3.510624e-06 3
6.096310e-06 2
2.513701e-06 107
1.108069e-06 1
7.486258e-06 1
1.832883e-05 2
4.129032e-05 1
1.422779e-05 8396
3.880077e-05 1
2.718665e-05 65
9.291619e-07 2
2.208675e-05 2
2.033032e-07 19267
1.976396e-06 20
1.335786e-05 1
1.955927e-05 181
1.270801e-05 27
3.347464e-05 3
1.208738e-05 1
4.373412e-06 30440
3.637370e-06 1
1.349313e-05 209
2.441835e-06 5
1.724749e-05 112
9.314720e-06 2
1.821959e-06 1
1.499675e-05 1
6.323587e-06 1
1.127029e-06 6
8.247445e-07 1
4.209044e-06 1
1.993521e-05 1
2.530104e-05 1
2.936937e-06 1
5.269705e-06 1
5.075401e-06 6
1.823638e-06 1
4.500367e-06 658
4.928108e-05 1
5.222885e-05 179
1.580818e-05 1
4.813488e-05 889
1.397544e-05 1
3.128178e-06 2
1.901237e-06 1
1.043201e-05 3
6.566661e-08 7
2.189409e-05 1
1.500613e-05 1
5.757866e-06 1
2.280853e-05 1
3.490966e-06 35442
2.080985e-06 1
4.704431e-06 1
1.690572e-05 3
5.180964e-06 1
8.086515e-06 7
2.847270e-06 1
9.764355e-06 1
1.416624e-05 1
7.399645e-06 1
4.573491e-06 5
1.352206e-05 1
1.882311e-05 1
7.624921e-06 1
1.252280e-05 1
7.700076e-06 1
7.245500e-06 1
4.856383e-06 1
9.332388e-06 4
2.240472e-06 3
2.001163e-05 1
6.982437e-06 147
2.096348e-06 2
1.924242e-05 6
5.251216e-06 2
1.077198e-05 1
1.307544e-05 1
7.981345e-06 113099
3.676844e-05 1
3.163875e-05 1
3.023839e-05 36
4.165978e-07 1
2.320424e-06 1
8.106541e-07 6
2.768741e-05 2
1.220550e-05 1
1.029347e-05 1
8.449055e-06 7
1.794168e-05 5
1.121160e-05 6288
7.588819e-06 3
1.927544e-05 1
1.693063e-05 41829
1.217708e-05 1126
4.261122e-07 2
1.334631e-06 1
1.270620e-05 30704
6.147919e-06 1
4.541023e-05 6
8.065436e-07 132
9.487573e-06 1
1.251463e-05 1
3.999278e-06 3
5.566724e-06 42826
2.896452e-07 3
2.258971e-06 4
4.130940e-05 3
9.241545e-06 1
4.064107e-05 1
9.906541e-05 1
1.044893e-05 1
2.265734e-05 3
1.528605e-05 152
1.835425e-05 1
3.921946e-06 65647
1.123464e-05 192
2.389998e-06 262
3.771084e-05 1
3.528987e-06 2
1.923717e-05 2
2.403515e-09 3
3.307494e-05 1
2.472827e-06 1
1.044687e-05 38
3.323587e-05 1
2.761898e-06 2
5.294581e-05 3
2.481117e-08 1
4.346144e-06 36361
9.994512e-07 2
4.361380e-06 1
1.610715e-05 1
7.001235e-06 1
2.913128e-06 1
3.121175e-06 73
2.449416e-05 1
1.129573e-05 1
1.617032e-05 139
1.584429e-05 61432
4.149265e-06 3
5.932263e-06 1
1.056099e-05 1
2.854246e-06 1939
3.077842e-07 3
1.828306e-05 1
1.710442e-05 1
1.603428e-05 3
1.563647e-05 6
2.507647e-07 1
5.738609e-06 1
4.051060e-06 3
5.041169e-06 1
4.815446e-07 2029
1.973951e-05 1
9.184947e-06 1
9.151657e-06 4
1.191153e-06 1
2.548554e-06 2
9.442635e-06 151
2.125671e-05 239
4.259054e-05 3
8.253788e-07 1
1.952969e-07 1
7.599824e-06 1
1.069564e-05 1
4.083938e-08 1
3.692478e-06 1
2.464904e-06 23
1.296382e-05 1
1.187958e-05 1
2.408282e-05 1
2.485635e-06 6
1.160203e-05 1
1.453144e-06 1
1.008536e-06 1
8.849354e-06 1
8.565323e-06 1
6.722085e-05 234
1.329817e-05 1
5.719195e-06 13186
1.012355e-06 1
3.060232e-05 5
2.984690e-05 1
1.259852e-05 3
1.136958e-06 1
4.439495e-06 1
1.397740e-05 1
2.363472e-05 52185
3.067851e-05 25739
1.014951e-05 1
7.808325e-06 1
1.622347e-05 1
1.196053e-05 159
1.089811e-05 1
1.956947e-05 76
1.305209e-05 1
7.985654e-05 1
1.173510e-05 1
1.767674e-05 63
2.170662e-06 1
1.313490e-06 6
2.970286e-05 1703
7.350293e-06 3
3.750379e-05 1
7.404243e-06 2
8.802970e-06 6237
5.687807e-06 1
1.412029e-07 1
2.414244e-07 1
8.371607e-06 6856
3.188666e-06 1
1.272782e-05 128
3.345574e-07 3
5.942840e-08 5
5.170616e-06 4
2.215815e-05 2
1.652763e-05 2
4.254881e-05 3
7.444829e-07 1
1.408052e-06 1
2.008449e-05 1
1.569391e-05 1
5.782034e-06 1
1.072365e-05 1
5.548582e-06 261
2.072559e-05 4
2.203596e-06 1
1.602357e-05 3
1.355777e-05 95
2.382523e-06 3
9.300765e-06 4
7.151195e-07 57813
5.212313e-05 2
9.301563e-06 2
1.859913e-05 1
1.502771e-05 3
1.698071e-05 1
1.074699e-05 4
1.610550e-05 1
1.214702e-05 1
8.888556e-06 1
1.411712e-05 3
2.573443e-05 1
4.687538e-06 1
1.726978e-05 214
6.960800e-06 1
3.962479e-05 12612
1.595547e-05 7
4.766352e-06 3
1.122038e-05 1
4.507763e-06 84
3.600691e-05 7
4.912755e-06 1
4.079665e-06 1
1.604455e-05 1
1.086154e-05 3
1.404338e-05 1
6.483027e-06 1
1.684912e-05 3
1.083208e-05 1
1.447598e-06 1
7.515187e-06 105
1.485354e-06 2
1.858016e-05 1
8.321438e-06 1
7.707552e-06 1
4.157578e-06 3
4.920687e-05 3
2.038561e-08 1
1.484346e-05 3
1.725135e-05 2
2.572808e-06 1
4.568147e-06 1
2.976562e-05 262
2.441802e-05 1
1.485503e-05 1
8.692091e-06 119
7.697480e-06 1
1.537197e-05 3
6.920625e-06 60
1.621556e-05 1
3.085367e-05 3
1.261729e-06 1
2.290435e-07 4
1.903870e-05 5
6.606775e-06 1
5.491771e-06 1
2.755377e-05 1
1.642600e-06 61
2.263837e-05 3
4.658518e-06 1
5.305365e-06 2
1.021236e-05 1
1.347312e-05 1
1.556381e-05 19900
2.558068e-06 89
8.100479e-06 1
2.681740e-05 5
1.021196e-05 1
5.685008e-06 1
6.541742e-06 334
3.319874e-06 1
1.059194e-05 1
5.842481e-06 1
2.036337e-05 4
7.289295e-08 2
2.640647e-06 1
1.162172e-06 5
5.266302e-06 1
3.415162e-05 6
1.654051e-05 4
1.460248e-05 1
8.286315e-06 1
3.332016e-06 1
1.843438e-07 3
1.585594e-05 3
8.600012e-06 1
3.241903e-06 1
1.700705e-05 1
6.586464e-06 7
8.688882e-07 1
1.822046e-05 1
2.031883e-05 1
4.741387e-06 1
2.087530e-05 1
8.792037e-06 4
2.069789e-06 2
6.280559e-06 36451
5.849730e-06 1
1.773649e-05 1
3.043128e-05 1
2.222286e-05 1
4.445723e-05 1
1.342899e-05 1
1.429051e-05 1
1.345812e-05 7
8.041576e-06 58373
1.517568e-05 3
3.182724e-06 1
3.596443e-05 1
6.209001e-06 1
4.331274e-06 1
2.914041e-06 1
1.845321e-05 65438
7.690661e-06 267
5.176187e-06 2
1.103345e-05 1
1.178043e-06 1
8.609610e-08 172
6.115686e-06 1
6.576224e-06 3
3.708902e-05 1
2.417921e-06 146
1.308663e-05 2
1.430280e-07 1
3.212917e-05 1
3.313116e-05 1
2.818209e-06 1
2.441375e-05 1
3.358904e-05 1309
1.749927e-05 4
3.695904e-05 1
1.274258e-05 2
2.122800e-05 1
1.362518e-05 1
1.314484e-05 3
1.177856e-05 2
9.712482e-06 1
2.692853e-05 5
1.441130e-05 2
2.153341e-08 7
3.035600e-05 6
4.614064e-06 1
3.345495e-06 1
5.665207e-06 1
1.763421e-05 172
4.440039e-05 1
1.389403e-05 1
5.780277e-06 1
2.281310e-05 1
1.403045e-05 1
1.181882e-05 4
1.400062e-05 2
8.843155e-06 3
1.147474e-05 39453
8.156299e-06 1
5.924874e-07 1
7.283467e-05 1
3.412599e-06 1
2.846599e-05 16636
7.356841e-06 5
5.737736e-06 1
1.785099e-05 40978
9.521158e-06 1319
1.935116e-05 3
3.934208e-07 1
1.214360e-06 46
1.638998e-06 1
1.969715e-06 1
5.345196e-05 2
1.952152e-05 1
3.127105e-05 6
2.023907e-05 2
7.931839e-06 3
2.186709e-05 2
7.719844e-06 2
1.777219e-05 3
5.473929e-06 5
5.963529e-06 31039
1.926605e-05 526869
1.048607e-05 30
5.296183e-06 1
8.783642e-06 2
3.614744e-06 197
1.750925e-05 1
1.289841e-06 4
4.162232e-06 1
1.721369e-05 21160
6.778421e-06 407924
1.180580e-06 1
1.147509e-05 3
1.683204e-06 1
3.520796e-07 1
1.917044e-05 3
2.436079e-06 1
1.766409e-05 2
8.363579e-06 1
2.068178e-06 1
1.025741e-05 522
1.981609e-05 5
1.407577e-06 1
1.163665e-05 1
3.864569e-06 1
1.192700e-05 2
2.584446e-05 1
1.380168e-05 265
1.552794e-05 1
2.566530e-05 41
5.139073e-06 1
6.488540e-06 80
7.545833e-06 2
1.412274e-05 1
1.832074e-06 2
5.597124e-06 38
9.324727e-06 1
5.948759e-06 5
1.211089e-05 5
3.478555e-05 1
4.909376e-06 156
5.897478e-06 152
8.814617e-07 1
4.829322e-07 1
1.928625e-06 3
1.550865e-05 1
1.502416e-05 1
3.098245e-06 1
4.488020e-05 1
2.441495e-05 3
8.478688e-06 2
3.096730e-05 3
2.997277e-06 1
8.615075e-06 1
1.785400e-05 252
3.020000e-06 2
2.215819e-05 1
2.540541e-06 1
1.574155e-05 2
5.081860e-06 1
2.633910e-05 1
1.479057e-05 117
1.714907e-05 1
1.069114e-05 2
3.586621e-06 1
9.187516e-07 2013
5.412611e-06 1
1.636661e-05 1
3.664596e-06 59706
2.170806e-05 1
6.506365e-06 75
3.304225e-06 1
1.218266e-06 1
7.358115e-05 24978
1.034630e-05 163
6.640088e-06 1
3.108061e-05 1
2.575194e-05 1
7.630525e-08 1
4.626494e-06 2
3.999294e-05 4
1.171357e-05 101
1.398950e-06 1
8.041655e-06 446
9.026959e-05 10
3.934357e-06 1
3.061248e-06 1
1.358423e-05 1
2.570245e-05 1
1.415315e-05 1
2.179684e-06 2
7.919539e-06 13228
1.311518e-05 1
1.993215e-05 1
1.599439e-05 1
1.533879e-05 1471
3.599114e-05 1
3.190927e-06 1
1.811927e-06 1
2.861916e-07 1
2.491597e-05 66239
1.559800e-05 1
6.598635e-06 3
9.567250e-06 4
3.706376e-06 2
4.704488e-06 1
1.175804e-05 1
1.367988e-05 1
3.905317e-05 1
8.501013e-07 1
3.240579e-05 1
1.370250e-05 448
1.358904e-05 1
1.403395e-05 26615
3.297883e-06 213
5.225241e-06 1
4.239823e-06 1
5.309485e-06 2
5.172167e-06 7
1.328299e-05 5
3.942307e-05 1
3.381984e-06 3
1.007780e-05 1
6.179035e-07 118
2.184944e-06 1
3.529949e-05 1
1.245255e-05 1
1.355112e-06 1
3.784676e-06 6
3.584593e-07 1
4.948953e-06 1
1.967320e-05 54840
4.761836e-06 1
3.099915e-05 1
1.378383e-05 60
5.455172e-08 2
3.346183e-06 1
6.742513e-06 1
5.770689e-06 191
1.807012e-05 1
1.943103e-05 2
2.036950e-06 202
1.946708e-05 3
2.171887e-06 1
4.010032e-06 1
2.990402e-06 4
5.653579e-05 3
8.948494e-06 162
2.586255e-06 521
1.201908e-06 1
9.891259e-06 52
1.884005e-05 6
2.161139e-06 1
1.932996e-05 3
5.951236e-06 6
3.367728e-06 1
3.335788e-05 244
2.451004e-06 1
7.442219e-06 1
6.081396e-06 1
2.019824e-06 1
7.396222e-05 6
9.848622e-06 165
2.499034e-06 1
1.203916e-05 3
1.410214e-06 2
4.499834e-06 1
2.477453e-06 1
2.155658e-07 2
1.589822e-06 1
9.356252e-06 1
2.073661e-06 2
9.854156e-06 275
7.653374e-06 69
2.541634e-05 1
3.828675e-07 1
1.507101e-05 2
7.336612e-07 1
1.891991e-05 1
1.109550e-05 1
5.752062e-06 1
6.618317e-06 1
6.683093e-06 6
5.599589e-06 1
1.636307e-05 3
1.972523e-05 1
1.065473e-05 10541
7.538008e-06 1
3.364945e-06 2071
1.277154e-06 1
3.218405e-05 1
1.336563e-05 1
1.844129e-05 3
1.429128e-05 1
1.302559e-06 1
2.661055e-05 263974
3.813346e-06 1
1.762395e-05 3
1.733960e-05 2
1.974298e-06 1
3.569944e-05 5
3.540750e-06 1
7.770866e-06 3
1.708858e-05 1
9.849450e-06 7
3.670278e-05 1
1.674538e-06 1
6.774845e-08 1
6.589342e-06 1
1.458307e-05 1
2.236862e-05 2
2.883472e-06 5
1.440416e-06 42966
3.960382e-06 174
1.478636e-05 1
4.528559e-06 1
4.916828e-06 3
6.061045e-06 1
1.226559e-05 1
9.488597e-06 3
1.595993e-05 62
1.899406e-05 236
1.516680e-05 1
4.928977e-05 6
8.701234e-06 3
1.978502e-06 19
3.301416e-05 150
8.707492e-07 7
3.421169e-06 1
1.949180e-05 1
9.711448e-06 91
3.521309e-06 128
4.946042e-06 144
3.899272e-06 196
1.627522e-05 2
1.045603e-05 1
2.322774e-05 1
3.020382e-06 8
1.171749e-07 2
1.061931e-06 1067
5.334842e-06 1
1.973001e-05 3
6.434211e-06 96
1.564154e-05 894
1.889776e-06 1
5.380566e-06 1
6.773256e-06 1
2.348097e-05 1
9.584473e-06 1
2.704295e-07 7
8.993380e-06 2
9.812403e-06 1
2.751180e-06 1
3.457378e-06 1
5.074394e-05 84
8.240024e-06 1
1.336932e-06 1
9.663920e-06 102
3.030669e-06 7
2.537911e-06 1
2.042169e-07 3
2.534001e-06 1
8.817009e-06 1
1.780946e-05 1
8.782629e-07 7
5.754125e-06 2
1.342530e-06 1
4.910699e-06 1
9.648228e-06 2
1.711977e-05 27964
6.947712e-06 53
1.531357e-05 3
2.309065e-06 1
2.496344e-05 1
4.456738e-06 3
2.207598e-05 1
2.125878e-06 1
3.503225e-05 1
1.925222e-05 107
1.384934e-05 1
1.422433e-05 2
4.226007e-06 2
1.013242e-05 1
7.077219e-06 3
6.518101e-06 1
2.748929e-06 3
8.304656e-06 1
3.368298e-05 29996
4.752420e-05 1
8.259295e-06 1
5.807695e-06 1
3.609960e-05 1
4.666140e-06 1
2.133613e-06 1
2.143955e-06 1
2.036937e-06 1
3.456822e-06 1
1.679422e-05 1772
2.138395e-05 1
9.969456e-06 3
1.877765e-06 5
9.861869e-06 2
3.099897e-05 1
5.058552e-07 3
3.382108e-07 1
2.097757e-06 2
3.856432e-05 1
1.057409e-05 1
3.219221e-05 1
7.134725e-06 1
2.117397e-06 1
2.797962e-05 1
2.581089e-05 1
2.952604e-06 1
3.538430e-06 1
8.820002e-06 1
2.673264e-06 1
8.033631e-06 3
3.379477e-06 1
1.533076e-06 1
1.110687e-05 2
7.197538e-06 6
3.003905e-05 252
1.117104e-06 1
1.173067e-05 345074
6.228202e-06 2
1.096730e-05 1
9.217710e-07 1
1.372402e-05 1
4.050904e-06 245
1.555106e-05 4
4.185267e-06 4
2.814519e-06 89
9.966302e-06 1402
2.806364e-05 1
9.707856e-07 2
7.044194e-06 1
1.722535e-05 1
1.734660e-05 1
1.695692e-05 2
3.232990e-05 171
3.393698e-05 1
2.127956e-06 164
3.585360e-05 1
7.567507e-06 1
4.904347e-07 3
2.480872e-06 2
2.327332e-05 1
1.881065e-05 1
1.409301e-05 3
1.170381e-05 6
3.839677e-07 1233
4.015493e-06 3
8.574185e-06 147
1.113991e-05 1
1.834223e-05 1
1.643003e-06 2
1.191560e-05 1
1.089860e-06 2
1.179001e-05 650
1.740809e-06 1
3.608297e-06 1
1.688743e-05 2
7.212468e-06 187
8.077611e-06 3
4.203705e-06 87
4.476265e-06 2
6.137276e-05 37412
1.307375e-06 4
3.724951e-05 43
5.102199e-05 5
9.859193e-06 5
8.768471e-06 7
4.043410e-06 1
8.783099e-07 1
1.354663e-05 1
1.664544e-05 1
1.215612e-05 20
1.529432e-05 151
6.215801e-06 1
3.432275e-06 1
1.618373e-05 137
1.951558e-05 7
8.582948e-06 2
1.051893e-05 1
1.759162e-05 177
3.203459e-05 2
1.163587e-05 219
2.330361e-05 3
1.424032e-06 1
1.040425e-05 3
3.377568e-06 2
2.356638e-05 1
1.631909e-05 1
2.154220e-07 4
2.740248e-06 1
5.486324e-06 58606
5.119451e-06 3
1.115381e-05 3
1.434870e-06 44525
8.866567e-06 3
1.806285e-05 1
5.544819e-06 1
1.022400e-05 7
8.409236e-06 1
2.122180e-05 1
7.898769e-06 1
3.108686e-05 1
2.423728e-06 1
2.458726e-05 2
3.520061e-08 198
1.042177e-05 1
4.274512e-06 1
3.901340e-06 4
1.002255e-06 1
6.016410e-06 3
2.458099e-05 1
2.153957e-06 1
1.604297e-05 2
7.256623e-06 4
4.184908e-06 197
1.339812e-06 6573
1.663017e-05 7
9.322532e-06 1
1.477646e-05 1
2.529871e-05 1
1.113385e-05 1
4.518858e-06 1
5.105051e-06 1
9.734039e-06 1
2.092734e-05 1
1.273178e-05 231
1.178446e-06 52229
2.635529e-05 1
5.151371e-07 1
1.148624e-06 180
1.908155e-06 3
4.476240e-06 1
3.581677e-05 2
2.899808e-05 1
3.133759e-06 2
1.348477e-05 1
2.036194e-06 3
1.259606e-05 151
1.432495e-05 7
1.302639e-05 523
3.193960e-05 2026
2.103812e-05 1
6.323283e-06 2
2.768205e-06 1
6.678220e-06 1
1.019751e-05 1
2.978823e-07 1
2.775663e-06 3
5.257861e-06 2
1.781279e-05 2
6.353436e-06 1
3.171772e-05 3112
9.653631e-06 2
2.869231e-05 2
9.230223e-06 6
3.693334e-05 44639
1.442875e-05 5
6.988862e-06 1
7.821502e-06 25
9.028686e-06 3
5.591164e-06 1
1.421184e-05 1
3.259474e-05 1729
9.683475e-06 6
5.283197e-05 2
5.704787e-06 3
1.464674e-06 36
3.706717e-06 1
2.474159e-06 3
1.145077e-05 1
8.952508e-06 1
1.114716e-05 4
1.480392e-05 1
1.434641e-05 1
2.248827e-05 2
1.847010e-05 4
1.327647e-05 1
5.760549e-06 1
3.754006e-05 36742
1.537394e-05 3
1.253656e-05 3
5.738796e-06 97
5.588186e-07 1497
2.211361e-06 2
5.999797e-05 1
1.270194e-05 1
6.860219e-06 1989
2.409452e-07 1
5.033585e-08 2396
1.673453e-05 2
1.660735e-05 3
2.125642e-06 1
7.803243e-06 1315
2.136789e-06 1
1.080559e-05 1867
2.482305e-05 1
1.584144e-05 1
6.955683e-06 3
1.199541e-06 1
1.765724e-05 1
7.825087e-06 1
7.964883e-06 1
1.075400e-05 2
8.908344e-06 2
6.051357e-06 1
5.261949e-06 1
1.211126e-05 3
1.416429e-05 2
2.803930e-05 1
5.087272e-06 1
7.004789e-07 1
7.029389e-06 1
1.282833e-05 2
2.803397e-06 1
6.964279e-06 1
4.358191e-06 2
9.116146e-06 1
2.447916e-05 1
3.362025e-05 3
1.685119e-05 55
2.550070e-06 2
7.350456e-06 3
6.023411e-06 3
1.786480e-05 2
6.227809e-06 1
6.808052e-06 214105
1.048213e-05 1
9.828715e-06 1
1.012696e-06 1
2.219531e-06 3
5.073093e-06 1
2.726128e-05 1
5.795860e-07 1
1.539630e-06 2
7.783486e-06 1
2.622593e-06 7
2.043351e-05 1
5.667672e-06 1
1.012121e-05 2
3.171498e-06 3
6.627136e-06 5
2.434659e-05 1122
1.451313e-05 1
2.599304e-05 127
9.805795e-07 1
2.197278e-05 78
3.473074e-05 1
9.163019e-06 1003
2.454703e-07 1
1.443964e-05 1
2.649417e-07 1
2.006729e-05 1
4.908450e-05 3
7.079725e-06 1
3.654237e-06 3
9.721794e-07 1
1.244477e-05 2
3.551933e-06 1
2.748367e-05 1
4.182239e-06 1
5.281494e-06 5
8.311841e-07 2
8.885937e-06 1
3.976753e-06 1
2.072082e-07 6
1.860506e-06 1
1.906462e-05 1
1.831108e-06 2
6.432510e-06 2
4.192106e-05 372
2.094293e-05 2
1.956828e-05 1
1.324338e-05 1
3.658678e-05 3
1.062736e-05 1
1.847034e-05 4
2.616379e-05 1
5.391052e-06 1
4.002121e-07 1
4.758572e-06 1
2.510011e-06 1
1.907964e-05 25848
2.722752e-05 1
1.546021e-05 1
2.930938e-06 6
3.254626e-06 1
7.662290e-07 151
2.748949e-07 1
4.480015e-06 265030
8.565982e-07 2
6.857930e-08 1
7.271550e-06 3
3.754168e-06 3
8.814306e-06 1
2.593602e-05 1
3.110659e-05 3
1.493834e-05 787
3.439184e-07 1
2.149992e-05 1
1.324174e-05 6
1.293787e-05 2
2.684665e-06 36901
8.209482e-06 1
2.404209e-06 1
4.265143e-07 1
1.171832e-06 54116
1.513603e-05 1
1.167449e-05 1
1.044655e-05 1
3.413609e-07 1
1.670883e-05 1
1.913432e-05 1
1.361588e-05 1
4.003104e-06 1
7.103045e-06 1
1.742732e-05 1
4.268351e-06 168
1.054178e-05 1
4.485573e-06 730
3.793591e-06 30178
1.996563e-06 220
2.750429e-05 1
1.177613e-06 5
1.662776e-05 82
5.781480e-06 84
4.190548e-06 2
1.594041e-05 1
1.286300e-06 6
1.663855e-05 2
1.164289e-05 10
1.079992e-05 1
3.138462e-06 1
2.020836e-05 1141
5.497951e-06 3
8.081559e-07 235
6.991696e-06 2
6.199130e-06 1
5.296968e-07 48681
2.213155e-05 2
2.735215e-06 6
9.504772e-06 1
1.668869e-05 1
1.416979e-05 13825
2.212630e-05 1
1.728471e-05 3
2.230213e-06 1
1.455062e-07 1
3.672105e-06 7
1.986051e-05 3
1.274464e-06 18
9.438634e-06 1
1.227233e-05 3
1.025063e-05 1
1.270830e-05 1
1.019834e-05 3
1.996988e-05 3
5.949771e-06 6
2.720462e-06 1
4.552334e-06 2
3.615250e-06 1
1.105847e-05 18
4.466014e-06 1
1.463773e-05 1
1.570959e-06 3
2.079709e-05 2
1.254811e-06 1
1.490218e-05 3
6.177620e-07 1
5.633743e-05 1
1.072624e-05 1
6.642204e-06 1
8.749805e-06 3
1.366038e-05 1
1.870022e-06 1
3.492338e-06 1
4.343679e-07 1
1.770328e-05 5
6.291700e-06 33
5.275903e-06 140
1.157031e-05 2
3.598630e-07 1
2.044677e-05 204
7.219326e-06 3
2.986040e-05 259
7.817791e-06 3
2.418254e-05 1
3.653171e-06 1
3.022536e-06 215
2.744186e-05 2
3.235145e-06 1
3.173462e-06 1
3.585848e-06 1
2.307154e-05 2
4.990005e-06 1257
2.147914e-06 1
1.548661e-05 1
1.661532e-06 5
9.093450e-06 3
2.091237e-05 7
2.063747e-05 605
1.625424e-05 1243
9.780000e-06 1
7.507338e-06 2
1.110051e-05 1
2.379969e-05 3
2.041369e-05 3
3.533602e-05 2869
1.340682e-05 1
1.352915e-05 2
9.575942e-06 6
1.460088e-06 3
1.998286e-05 1
9.611359e-06 6
2.131124e-06 3
7.015608e-06 2
7.926834e-06 1
9.566821e-06 1
1.807915e-05 2
2.925465e-05 1
2.702187e-05 1
4.775293e-06 336769
1.099730e-06 1
8.408392e-07 1
7.697585e-06 1
9.492106e-06 36132
2.944017e-06 1
1.248716e-05 1
9.541115e-07 306
8.660817e-07 1
4.086922e-06 1
1.224451e-05 588428
2.778126e-05 1
1.243292e-05 1
1.156659e-06 1
3.626209e-05 1
1.138171e-05 267
4.184880e-06 749
6.230642e-06 1
8.420245e-06 7
2.407158e-06 3
2.413708e-05 1
3.434249e-05 1
1.350630e-05 1
1.305200e-05 73
2.062883e-06 1
3.308422e-06 1
3.326217e-05 37536
2.122552e-06 1
3.314615e-06 12420
2.829446e-05 1
1.267102e-05 1
2.294431e-05 1
1.136318e-05 4
7.419684e-06 1280
4.799215e-05 1
1.363656e-05 4
3.194019e-06 5
1.232657e-05 1
1.387862e-05 1
9.125927e-06 1
5.514363e-06 1
4.727208e-06 1
2.163003e-05 1
2.829034e-05 1
1.902033e-05 1
1.712136e-06 1
1.306903e-05 423
1.526220e-05 2
2.407693e-06 1
1.716235e-06 1
6.105026e-06 193
4.247441e-06 1
9.683155e-06 807
2.365729e-05 7
2.574318e-06 590
6.986833e-06 1
5.679590e-06 1
1.889882e-05 1
6.671286e-06 1
5.653027e-06 1
2.717255e-07 1
1.103201e-05 3
4.066482e-06 136
6.360529e-07 1
1.891495e-05 1
7.959856e-06 742
1.612120e-05 1
3.280229e-06 1
4.743581e-06 1
7.198520e-06 1
6.061608e-06 1
3.736176e-05 1
4.415636e-06 1
3.633366e-06 2
1.756312e-05 1
1.878269e-05 3
5.590576e-06 144
6.499247e-08 1
2.346898e-06 1
2.387776e-06 1
6.175349e-06 1
5.675656e-06 1
6.255132e-06 2
5.460995e-05 3
1.389367e-05 6
8.871385e-06 3
2.885875e-06 3
3.450269e-05 1
2.993435e-05 256
3.227661e-05 1
1.494794e-05 1
3.266761e-07 156
1.093755e-05 3
1.585789e-05 1963
4.324168e-06 1
9.896127e-06 1
7.848207e-07 3
2.392688e-06 1
5.846937e-05 3
5.767451e-06 7
4.885908e-06 50893
7.428729e-06 1
1.145155e-05 42191
9.421967e-06 1
2.634574e-06 49489
6.381880e-06 1
9.916381e-06 42448
1.449920e-05 3
2.232499e-05 1
4.966817e-06 1
2.126680e-05 1
1.028725e-05 1
1.635082e-05 1
8.359070e-07 22186
8.171036e-07 27712
1.091490e-05 1
6.747460e-06 6
1.651727e-07 3
1.906747e-05 26605
3.438539e-07 1
1.511761e-05 57680
5.256703e-06 5
1.091483e-06 1
2.443789e-07 6554
2.745689e-05 1
2.423599e-06 2
1.231442e-05 780
2.124809e-05 32
5.799740e-07 1
1.151663e-05 1
1.435028e-05 1
6.666977e-06 1
9.015454e-06 2
5.192365e-06 317
3.699005e-05 7
1.199861e-06 46143
1.108150e-05 222
8.995210e-06 1
2.324451e-05 1
2.510296e-06 4
1.329460e-05 3
1.040067e-05 43052
1.114293e-05 3
2.735485e-06 225
1.353348e-05 1
2.772899e-06 210
9.308287e-06 1
1.208485e-05 1
1.179688e-05 1
1.559771e-06 2
9.395653e-06 1
1.732659e-05 473519
5.482620e-06 1
3.153455e-05 1
2.350591e-05 1
1.864362e-05 53170
1.508090e-07 1
2.378536e-05 1636
1.681097e-06 1
1.270062e-06 3
1.053345e-05 1
9.016933e-06 42
2.049275e-05 1
6.335472e-05 1
1.689297e-05 3
1.779091e-05 45086
7.336002e-07 62
1.267555e-05 33
2.591144e-05 1
2.366041e-07 3
1.621105e-05 1
1.255277e-05 1
1.184552e-05 505
1.785217e-05 1
1.624898e-06 1876
2.510327e-06 6
2.039841e-06 9280
4.349304e-05 1
8.328662e-06 208
2.608698e-06 2
3.410978e-05 1
4.778208e-06 7
2.975236e-05 1
1.204073e-05 145
1.511977e-05 1
2.923266e-06 1
2.225103e-05 1
2.628456e-05 18089
3.174097e-06 156
1.356196e-05 2
1.198208e-05 1
7.931141e-06 1
3.325734e-06 1
3.362413e-05 1
2.130291e-05 1
4.760869e-06 102
1.184037e-05 3
8.631432e-06 2
4.357589e-06 1
1.509468e-05 1
5.903176e-06 255
6.858400e-07 2
2.939040e-06 2
4.591775e-05 1
5.551992e-06 1
3.687126e-07 31
1.701716e-05 5
3.837306e-06 1
3.327089e-06 1
2.000840e-05 1
5.350799e-06 1
8.630887e-06 1
1.457423e-05 1
1.097385e-05 1
1.365432e-05 7
1.432716e-05 1
1.882889e-06 1753
8.515351e-06 2
9.810633e-07 3
5.299750e-08 5
5.438863e-07 50
1.493225e-05 1
3.212978e-06 1
3.056801e-06 1
2.522895e-05 2
3.969570e-07 17
1.813804e-07 4
1.616058e-05 6
4.261071e-06 3
1.129136e-05 512
3.034990e-06 2
1.594856e-06 1
3.403717e-06 2
2.409290e-05 3
4.989237e-06 1
6.253415e-06 1
4.511020e-06 1
1.836341e-05 1
1.278874e-05 1
4.162861e-05 1
2.932398e-05 1
8.910352e-06 368
5.959589e-06 6
4.128443e-06 1
4.382722e-06 2
9.042367e-06 2
2.363682e-06 5
2.634225e-05 1
1.042701e-05 1
3.257391e-05 1
3.704600e-06 3
2.552010e-05 49
2.605218e-06 1
1.108415e-05 1
8.933874e-06 2
1.075895e-05 529
1.809707e-05 17
3.187238e-07 5
1.315646e-05 3
4.054454e-06 1
4.520986e-06 2
1.962703e-05 1
1.416500e-05 1
3.339495e-05 1
2.956509e-06 1
1.492335e-05 1
2.418663e-07 94
8.532404e-06 7
2.348306e-07 1
4.435145e-05 1
2.202782e-06 132
1.952575e-05 2
9.963346e-06 1
2.395751e-06 1
2.201820e-05 479
2.277290e-06 1
2.873426e-05 2
2.410013e-06 3
8.413469e-06 1
4.087087e-05 2
4.546627e-05 24
1.511555e-05 5
3.641397e-05 1
7.018370e-07 78
3.657617e-05 5
1.560210e-05 2
1.704157e-05 1
3.770126e-07 131
4.731799e-06 3
1.363962e-05 1
5.309309e-05 3
1.168744e-06 1
2.190970e-05 1
1.338666e-06 1
8.350778e-06 98
1.817198e-05 9
7.791546e-07 6
4.759833e-06 102
1.308812e-06 4
3.780681e-05 3
8.977244e-06 1
3.704805e-06 1
2.173156e-05 1
1.271907e-06 1
1.980159e-06 1
1.362217e-05 3
1.103668e-05 2
2.770759e-05 1
1.368202e-05 1
2.025333e-06 1
3.406775e-05 23341
1.662266e-05 1
4.058268e-05 2
7.120091e-06 1
5.548519e-06 1
4.950575e-05 2
1.127203e-05 2
8.648987e-06 3
1.014253e-05 7
7.203602e-06 7
2.361241e-06 2
6.024820e-07 21
3.482245e-06 1
4.513574e-06 1
4.325195e-06 2
1.618657e-05 33
4.822451e-07 184
1.428040e-05 2
8.314758e-06 944
6.948570e-06 1
2.212728e-05 1
6.617223e-06 1
3.831584e-06 4
3.123715e-05 1
6.254308e-06 1
1.605798e-06 1
8.334634e-06 1
2.219822e-05 1
5.184145e-05 1
1.609516e-05 45
1.866437e-05 1
2.017612e-06 1
6.883138e-06 3
1.103397e-05 3
1.342217e-05 4
2.785051e-05 1
8.848283e-06 1
4.287714e-05 2
2.940783e-05 1
3.231148e-05 4
1.084696e-05 1
5.102882e-06 222441
1.273146e-06 2
2.849492e-06 4
2.332489e-05 2075
4.094619e-06 1204
2.122189e-05 5
3.057621e-05 1
4.862881e-06 1
4.611301e-07 4
7.006646e-05 230
4.263079e-06 170
2.292410e-05 3
8.693810e-06 3
2.106007e-05 1
8.383894e-06 1
2.402797e-06 1
8.247746e-06 1
1.181217e-06 1
5.259612e-06 1
1.017682e-06 1
3.237411e-06 30799
3.503719e-06 1
5.037418e-06 114
2.543787e-06 4
1.173584e-05 1
1.759423e-06 19856
9.325930e-07 2
1.990083e-05 1
4.741130e-06 4
5.702011e-07 1
3.041194e-05 2
8.104363e-06 1
6.502432e-06 1
2.040324e-05 1
5.901377e-06 1
2.729157e-05 1
1.443141e-07 1
2.525418e-05 53817
7.560294e-06 7024
5.212529e-05 2
2.688246e-06 1
5.458930e-06 1
4.008118e-06 46301
6.503851e-06 5
7.493294e-06 1
1.044382e-05 3
5.460487e-06 63708
7.506750e-06 1
7.638643e-07 43394
8.968338e-06 3
1.243392e-06 1
2.020835e-05 1140
1.038048e-05 52
1.248540e-05 170
5.490316e-06 175
6.471886e-06 1
4.967501e-08 6
1.665664e-05 182
3.718257e-07 1
2.085948e-05 1
8.926031e-06 1
2.902922e-06 1
2.248924e-05 1
1.581803e-05 3
6.133086e-06 2
1.047248e-05 2
3.212667e-05 1
3.403860e-06 2
2.262969e-07 2
1.115019e-05 208
2.178503e-05 7
1.211049e-05 1
1.504046e-05 1
2.318902e-06 187
1.011620e-05 1
1.651299e-06 1
1.550386e-05 18
7.528461e-06 1
6.230568e-06 3
1.315114e-05 5
9.588482e-06 1
4.939759e-05 3
2.078695e-05 1
2.056638e-05 2
1.507778e-05 1
9.893635e-06 5
3.868385e-05 1
2.602425e-08 361986
4.681998e-06 3
3.611107e-06 1
1.054508e-05 4
7.741729e-06 1
9.671961e-06 2
2.531449e-05 2
4.389367e-06 3
8.538068e-07 7
8.872386e-06 1
8.981635e-06 1
2.483232e-05 167068
4.637346e-06 5
1.096525e-05 1
2.155227e-05 4
2.088026e-06 1
9.690953e-07 47878
5.619726e-07 3
1.369951e-05 1
6.217926e-06 1
2.940289e-05 5
2.589567e-06 7
4.078774e-06 30558
2.188848e-05 3
4.451188e-05 1
1.022598e-06 3
9.498382e-06 1
3.458595e-06 1
5.262185e-05 456
1.634347e-05 221
3.484417e-06 1
2.173430e-05 201
1.802072e-06 3
4.976517e-06 1
1.511447e-07 35458
2.013553e-06 6
3.520719e-05 3
4.882950e-06 1
1.628590e-05 26261
8.530595e-06 1
9.713759e-06 711
4.230155e-06 3
1.080319e-05 4
1.495532e-05 3
7.881837e-06 113
1.111871e-05 1
1.978330e-07 2
3.687454e-07 1
1.127723e-05 1
3.278331e-06 12
3.125558e-05 469147
7.334915e-06 2
1.774601e-06 211
3.211781e-06 1
9.190329e-06 2
5.145932e-06 3
1.098845e-06 203
8.711156e-06 4
2.482778e-07 6
2.968080e-06 1
2.523877e-06 207
4.074019e-06 1
4.670344e-06 3
3.829638e-06 1
1.133542e-05 1
1.723832e-05 1
2.467086e-05 394635
6.774557e-07 1
1.963012e-06 1
1.198591e-05 45028
2.875532e-06 1
4.150347e-06 4
2.294378e-05 17265
2.909802e-06 7
4.999250e-05 1
2.298292e-05 1
5.374559e-05 5
2.319782e-08 1
3.959448e-06 1
2.183791e-06 6
8.142942e-06 3
1.716910e-05 1
9.491262e-06 2
1.006522e-05 1
4.911570e-06 7
4.595286e-05 1
7.121149e-06 1
1.045939e-05 1
1.371336e-06 1
9.342726e-07 2
5.668192e-06 1
4.313724e-06 3
5.808696e-06 1
2.344435e-06 1
1.127529e-05 1
1.415952e-07 144
3.668846e-08 7
1.860968e-05 1
4.256031e-07 943
5.640835e-05 1
2.942511e-05 1
2.043175e-05 431557
2.412134e-05 30
2.292652e-05 1
2.124364e-06 1
1.409555e-05 4
9.769271e-06 1
5.164363e-05 1
4.979652e-06 1
1.417320e-05 1
3.308283e-05 1
3.752200e-06 6
1.373135e-06 1
6.293584e-06 3
1.178329e-05 1
1.439628e-05 1
5.591514e-06 1
1.126612e-05 581
1.097388e-05 1
5.623943e-06 3
1.372573e-06 1
2.307334e-06 1
5.753339e-06 93
9.303636e-06 1
6.977918e-06 3
3.068245e-05 2
1.046726e-05 1
1.813709e-06 3
1.379248e-06 1
1.056730e-06 3
1.306081e-05 1914
1.318193e-06 1
1.281505e-05 3
2.938470e-06 2
1.542986e-05 1
1.118932e-06 7
1.194399e-05 1
6.146839e-07 15
1.453842e-06 5
5.988672e-07 1
1.324882e-05 1
2.640745e-06 47924
1.194804e-05 3
3.080820e-05 1
1.784648e-05 2
3.550470e-06 1
5.129529e-05 3
1.055814e-05 4
3.715810e-06 1
1.028807e-05 1
1.960468e-05 2
5.912123e-05 3
1.357202e-05 1
1.087907e-05 2
2.015296e-06 108
7.263653e-05 1170
2.802342e-06 2
2.372642e-05 1
7.331178e-06 1
8.547568e-06 1
3.374242e-05 1
9.686211e-06 3
6.255822e-06 1
3.033124e-05 1
1.618308e-06 72
6.532600e-06 4
4.852879e-06 1
2.478838e-06 3
4.065013e-06 1
2.556963e-05 1
3.618732e-08 1
1.254842e-05 3
2.356070e-06 1
1.485519e-05 4
8.472994e-07 1
6.354768e-06 1
8.899670e-06 173
7.409139e-06 1
5.466846e-05 1
1.652818e-06 1
1.871491e-06 1
5.176430e-05 3
7.599707e-06 2
4.685159e-06 1233
8.865815e-07 1
1.192858e-05 290
3.091221e-06 2
9.880432e-07 6
2.310370e-05 1
9.985077e-06 5
1.489657e-07 1
2.032675e-05 1
2.108361e-06 5
5.301586e-06 5
3.369340e-05 1
9.842827e-06 5
2.312609e-05 1
4.298152e-06 5
2.949535e-05 1
1.742481e-05 1
1.187907e-05 3
1.835882e-05 7012
1.699580e-05 5
3.446376e-05 609867
1.261915e-05 1
2.773163e-05 3
4.111605e-07 114
7.654689e-08 1
8.859584e-06 1
2.959863e-06 3
5.635932e-06 2
4.454607e-05 1
3.303631e-05 5
3.954453e-05 1
1.350373e-05 487755
4.869712e-06 54250
1.342568e-05 1
3.615460e-06 1
6.173409e-06 4
6.914225e-06 1
4.679811e-05 115
1.561151e-05 2
1.458885e-05 2
5.393448e-06 1
5.563705e-05 3
1.634221e-06 53981
1.224888e-05 1
4.923917e-06 1
1.765929e-05 1
7.919401e-07 2
1.375689e-05 2
1.060462e-05 1
3.176927e-06 1
3.829384e-06 3
2.089964e-05 1
1.550785e-05 18
3.628802e-06 1
9.080149e-07 1
7.208881e-06 1
1.369894e-05 1
6.125293e-06 1
7.490554e-06 1
1.044826e-05 246
1.031777e-05 1
6.656249e-07 1
3.256439e-06 6
6.744011e-06 1
6.970177e-06 1
5.382105e-07 1
8.475100e-07 3
1.731647e-05 1
6.595747e-06 1
1.487622e-05 2
5.796590e-06 1
6.757371e-06 1
8.405923e-06 1
1.033986e-05 4
8.269965e-07 24785
2.443862e-05 3
3.509930e-06 1295
5.154848e-06 3
9.423916e-06 5
3.772424e-05 3
1.021324e-05 3
2.080636e-05 1
3.334399e-06 2
1.523694e-05 47433
2.053911e-06 1
6.464382e-06 1
1.521450e-05 1
2.211305e-05 7
1.417534e-05 1
1.443527e-05 1
1.021501e-05 2
3.612821e-06 6
1.866366e-05 4
2.250111e-05 246
1.955125e-06 1
4.406861e-06 4
2.784782e-05 241
9.298191e-06 1
2.789323e-05 5
3.162793e-05 173380
8.182543e-06 1
8.568784e-06 253
3.112212e-06 3
6.508089e-06 2
3.090600e-05 1
4.602674e-06 5
2.067676e-05 3
1.143349e-06 1
2.360714e-05 64
3.763530e-06 1
9.561784e-06 2
3.732508e-05 1
2.505769e-06 3
4.916106e-07 3
1.116710e-07 1677
5.710650e-06 2
1.160869e-05 3
2.712622e-05 172
1.105244e-05 2
1.101665e-05 1
4.144017e-06 1
4.712207e-06 2
1.864229e-06 2
1.037210e-05 1
5.204793e-06 1
3.262746e-07 1
8.795296e-06 1
6.426782e-06 1
2.018757e-05 1
2.888582e-05 2
5.319042e-06 3
7.438378e-06 1
1.142978e-06 1
2.743015e-06 14
3.826744e-05 1
1.089292e-05 1
1.369743e-05 5
5.243546e-05 1
8.208637e-07 1
1.354954e-05 6
9.172335e-06 4
2.014570e-05 231
2.231533e-06 3
1.026094e-05 1
2.258925e-06 2
1.505455e-05 1
9.279757e-06 66085
5.997530e-06 1
6.855846e-06 62254
6.332784e-06 26858
4.913888e-06 1
2.049881e-05 199
4.003656e-05 1
2.506619e-06 981
9.378457e-06 1775
3.171148e-06 53
9.336084e-06 1912
5.767710e-05 3
1.795892e-05 1
9.571963e-07 1758
1.018570e-06 33556
5.400018e-07 45576
6.045475e-06 15605
5.430387e-05 332
7.372168e-06 2
7.116184e-06 1
6.057742e-06 7
2.253563e-07 1
5.755838e-06 4
1.426333e-05 1
5.350828e-06 3
3.993950e-05 1
2.344020e-06 1931
4.587050e-06 1
8.345278e-06 3
4.807867e-06 1
1.343778e-05 3
4.296679e-05 7
2.816559e-05 3
3.001746e-06 1
1.078585e-05 2
3.979286e-06 1
2.913658e-05 2
9.361466e-06 1
7.723890e-06 1
6.777432e-06 205
1.236757e-05 2
7.486083e-05 1141
1.310624e-05 1
3.701294e-06 4
2.376257e-05 1
2.324416e-06 7
5.068893e-06 13237
1.539444e-05 1
1.722179e-07 233
3.174246e-06 3
1.915364e-05 3
1.943980e-06 5
1.156496e-06 1
1.491172e-06 1
1.487052e-05 14679
2.630835e-05 17300
9.391407e-06 50258
1.131545e-05 1918
6.667781e-06 28
7.843473e-06 1
1.486464e-05 1
1.272510e-06 227
1.709218e-05 1271
6.918915e-06 51223
1.034511e-05 50255
1.262461e-05 1486
2.930642e-05 58884
4.205496e-05 1
1.687552e-05 45911
2.770232e-06 1
3.419533e-05 1070
1.984014e-05 2
1.061476e-05 3
6.950269e-06 156
2.132598e-06 2
1.198786e-05 1
1.680406e-05 61
1.745744e-05 1
3.406339e-05 3
8.918933e-06 1
2.545803e-06 3
1.219378e-05 1
1.080051e-05 56766
3.837341e-06 1
1.327318e-05 1
6.227866e-06 3
1.456383e-06 1
1.270307e-05 1
8.438645e-06 1
1.617349e-05 1
2.859990e-05 1
4.222068e-05 1
3.522918e-05 2
2.768361e-06 1
3.328021e-05 246
2.397365e-06 1618
1.933428e-05 4
1.326506e-05 1
1.901063e-05 1274
7.959551e-06 1
2.279896e-06 1
1.572993e-05 7
4.489312e-06 2
9.454044e-06 2
2.194248e-05 5
4.955105e-06 1
2.235272e-05 1591
1.852140e-05 1
2.858880e-06 7
1.003062e-05 6
1.934914e-05 3
6.237923e-08 1
8.223055e-06 29859
2.208134e-06 1
2.441512e-06 1
2.674409e-05 1
1.678688e-05 2
1.688461e-05 5
1.102190e-06 340539
7.632962e-06 2
4.080626e-06 1
1.979480e-05 47757
6.403169e-06 1
2.717403e-07 79
1.305958e-06 1
7.942177e-06 6
2.119399e-06 167
3.693007e-06 1
3.729333e-06 1
1.341438e-05 2
1.290997e-05 3
4.426545e-06 1
1.623394e-05 1
1.708795e-06 3
4.504340e-06 2
7.741776e-06 1
5.206545e-06 5
2.493963e-05 1
8.263174e-06 1
1.013020e-05 4
4.338335e-05 1
1.486221e-05 211
2.504721e-05 5
2.327057e-06 1
1.599326e-05 3
4.280873e-06 1
7.837932e-06 1
8.404775e-06 1
6.290796e-06 6
3.081426e-05 1104
3.779281e-06 1
2.668282e-06 1
1.918978e-05 1
7.789695e-06 6
2.364245e-06 65
6.756538e-06 1
5.617510e-06 2
8.351696e-06 1
5.260185e-06 3
4.126632e-06 1
1.160117e-05 1
1.842877e-05 79627
5.506015e-06 4
1.698611e-05 1
1.176870e-05 2
9.395778e-06 1
1.370044e-05 1
1.111431e-05 2
1.819847e-06 1
8.172276e-06 2
1.580045e-05 1
1.992127e-06 4
2.143331e-05 1
1.129274e-05 1
9.722121e-06 1
2.090160e-05 1
9.192259e-06 1
6.446935e-07 1
4.670450e-06 3
1.889752e-05 2
2.074621e-06 7
2.521721e-05 1
5.907197e-06 6
1.434636e-06 1
8.490191e-06 2
1.715487e-05 123
1.589113e-05 1
2.311087e-05 2
3.167820e-06 1
9.752616e-07 156
1.990866e-05 1
3.323435e-06 1
1.561359e-05 1
5.323651e-06 2
7.177113e-07 1
8.695483e-07 445963
3.737223e-06 1
7.533089e-06 4
9.373014e-06 167
6.536287e-06 4
3.664586e-06 1
1.296602e-05 2
1.286628e-05 1
2.491802e-07 177372
3.774310e-06 1
9.347561e-06 3
2.636339e-06 1
2.753124e-07 3
