1.772776e-05 5
2.626068e-05 1
4.378492e-05 2
5.495849e-06 3
4.354488e-05 1
2.430372e-05 1
9.216415e-05 6
3.876316e-05 2
1.814428e-05 38
5.952553e-05 1
6.259912e-05 1
1.443378e-05 3
6.015648e-05 1
6.135272e-05 271307
3.925747e-05 1948
1.918413e-05 3
4.004128e-05 2
7.607209e-05 2
6.417865e-05 1
1.937390e-05 63667
2.307558e-05 3
9.588174e-06 1
3.177880e-05 6159
2.655727e-05 1
5.689563e-05 1
1.291653e-05 7
4.047647e-05 1025
2.523162e-05 7
4.140702e-06 1
2.138872e-05 1
3.344278e-05 2
1.211636e-06 1
1.332672e-05 4
8.972006e-06 1
7.791056e-06 34907
6.934783e-06 1
3.383257e-05 1
2.448948e-05 1
2.343591e-05 1833
1.482724e-05 1
3.645603e-05 3
1.762262e-05 7
3.026745e-05 4
1.712868e-06 3
4.968843e-05 63039
6.719398e-05 2095
2.543977e-05 1
7.313998e-05 1
6.553184e-05 1
2.790942e-05 2
1.567185e-05 1
8.576545e-06 1
2.812792e-05 1
1.113600e-04 1
1.687365e-05 5
1.120231e-05 1
1.034447e-04 1
1.653555e-05 3
2.689373e-05 1
4.443660e-05 3
3.784140e-05 1323
3.195805e-05 1
6.388783e-07 1857
6.165137e-07 6
6.933783e-05 6
4.247406e-05 5
1.695781e-05 18
4.636796e-05 3
5.015130e-05 1
4.196960e-06 2
1.999577e-05 1
2.645176e-05 293
9.104947e-06 1
2.943080e-07 7
1.596944e-05 20098
9.294420e-05 1
3.350815e-06 1
5.035855e-06 4
4.419363e-05 1
8.180849e-06 2
1.859106e-05 1
8.527916e-06 1
1.325812e-06 3
1.079410e-05 2
7.461333e-05 37260
9.088756e-05 1
7.695097e-07 37960
3.620235e-05 1
8.013675e-05 1
1.469690e-04 1
4.024821e-05 1
2.365196e-05 1
3.716745e-05 2
3.885209e-05 1
4.798092e-05 1
3.439119e-05 7
6.844466e-05 117
4.618709e-06 1
1.548563e-06 1
1.318389e-05 1
1.567217e-05 1
3.203772e-05 2
3.303011e-05 1962
9.336476e-06 1
5.561594e-06 358
3.911570e-05 3
3.777965e-05 1
2.144889e-05 32644
2.695444e-06 1
4.881027e-05 7
2.062125e-05 255
2.561013e-05 2
1.109715e-04 2
4.755395e-05 3
2.033317e-05 1
7.056444e-05 2
1.637350e-06 3
5.703789e-05 1
7.226203e-05 1
7.102341e-06 292
4.058174e-05 2
2.653234e-05 1
3.842962e-06 1
4.051837e-05 261
1.014834e-05 44
3.214118e-05 5
6.464877e-05 256
4.631621e-05 253
8.102301e-06 1
2.433670e-05 1
3.525845e-07 1
4.014234e-05 3
1.078732e-05 1
1.087763e-04 6
9.682320e-06 2
6.526992e-06 1
2.490435e-05 1
7.055684e-05 4
3.275087e-05 6
2.351380e-07 1
2.640446e-05 1
1.883710e-05 1
2.542695e-05 227
1.039130e-04 3
9.806024e-06 1
2.031833e-05 1
1.026532e-05 1
6.417208e-05 3
5.649460e-05 50680
6.832959e-05 1885
1.715813e-05 1
2.841694e-06 1
3.737088e-05 2
5.356955e-06 1
8.326051e-05 1
6.825600e-05 6
1.450668e-04 1
3.987760e-06 2
2.154249e-05 2
2.740316e-05 1
2.576446e-05 1
6.012514e-05 1
3.052045e-06 1
7.854366e-05 1
4.783589e-05 5
1.105498e-06 2
4.783061e-06 1
1.293725e-05 1
7.612755e-05 1
6.217787e-05 2
4.431532e-05 2
3.473249e-05 1
1.007988e-07 1
9.104601e-06 61
1.983085e-05 1
1.036903e-06 3
4.645509e-05 1
2.281470e-05 58
2.288923e-05 171
5.630026e-06 2
2.179729e-05 1
4.950338e-06 2
1.083539e-04 1
2.544967e-05 3
5.284042e-05 1
3.362880e-05 1
7.576096e-05 1
7.189444e-06 1
4.011680e-05 10
5.938805e-06 3
2.445478e-05 1
7.244907e-05 1
4.430143e-05 70
1.445745e-05 139
3.134684e-05 187
4.433683e-05 1
6.270620e-05 1
2.390470e-05 1
4.580860e-05 1
6.290828e-05 136
2.509965e-05 1
3.062968e-05 1
1.027021e-05 6
1.519325e-05 1
6.709776e-05 3
7.259635e-05 3
1.165791e-04 2
2.450437e-05 2
9.313957e-05 1
1.419154e-04 1
9.312779e-06 1
1.003556e-04 1
4.737723e-06 1
3.930717e-05 4
8.931694e-05 1
8.568999e-05 1
1.405441e-05 1
1.955084e-05 5
2.129706e-04 3
3.304300e-05 3
9.324352e-07 1
4.807917e-05 211
1.894355e-05 1
2.662839e-05 1
1.525212e-05 1
3.986650e-05 1
7.348122e-05 1
2.148928e-05 240
6.022688e-05 1
1.812279e-05 15579
1.946721e-05 1
3.295815e-06 1
2.943777e-05 590
1.789555e-06 11
1.507087e-05 804
1.913980e-05 5
2.350337e-05 3
1.203279e-06 1
9.152674e-05 1
8.744572e-06 3
2.378005e-05 1
1.994580e-05 1
3.573400e-05 60
6.392106e-05 1
3.590321e-06 2
8.914442e-06 1
3.223361e-06 3
6.600077e-07 1
2.882114e-05 140
4.167793e-05 3
6.633167e-06 1
8.496988e-07 3
8.034224e-06 3
3.941372e-06 1
1.625065e-05 1
2.337467e-05 1
4.634100e-05 1
3.450679e-05 1
3.349003e-05 1
1.060508e-04 1
9.438730e-05 1
2.603231e-05 1
3.262588e-05 5
5.132609e-05 110
4.954296e-06 60
9.804961e-05 1999
4.165128e-05 171
6.550642e-06 1
9.181746e-06 3
1.321844e-05 1
5.144174e-05 1
7.126379e-06 2
1.414333e-04 1
3.882650e-06 11565
6.675680e-06 1
1.303622e-06 1
6.784869e-05 1
4.412032e-05 1
5.427437e-05 79
6.008125e-05 3
1.409672e-05 1
6.488705e-06 1
8.716340e-05 3
5.850433e-05 3
7.870741e-06 1
1.803891e-05 1
1.495172e-05 50
3.300908e-05 8
9.057299e-06 1
8.499472e-06 1
6.243534e-05 55
3.855636e-05 1
2.726678e-05 1
1.039652e-04 1
5.282112e-05 1
3.742819e-05 1
2.515405e-05 1
1.297932e-05 28
1.657903e-06 532
1.612141e-05 1
3.082201e-05 64981
2.883166e-05 1
1.362749e-05 1
1.323505e-06 4
9.809978e-05 1
5.707593e-05 1
6.291579e-05 1
1.492080e-04 1
6.627716e-05 1
3.765325e-06 1
1.177133e-05 1
8.918436e-05 3
5.000821e-06 6
3.310676e-05 3
1.180801e-05 1
4.162903e-05 24882
5.277199e-05 1
8.386269e-05 2
4.883653e-05 1
4.619095e-05 41162
6.797891e-05 31418
1.300471e-05 1
2.906722e-05 1
7.660690e-05 3
3.242991e-05 1
3.276640e-05 1
2.214035e-06 653
4.740004e-05 1
4.239758e-06 11010
2.462743e-05 59
9.181166e-06 1
3.442277e-05 1
1.007067e-05 40247
1.542965e-06 1
1.407918e-05 1
2.894679e-05 1
8.380889e-05 2
1.061418e-04 3
8.207284e-05 1
3.681994e-05 1
1.097972e-04 6
1.603010e-05 1
2.340446e-05 146
1.049048e-05 1
2.172341e-05 1
8.269238e-05 6
2.684033e-05 3
9.007911e-05 1
6.962431e-05 1
1.356605e-04 3
3.695567e-07 1
3.191741e-05 1
7.775663e-05 1
5.352878e-05 2
9.039563e-05 144
3.301407e-05 1
3.416031e-05 1
3.961318e-05 3
1.597968e-05 1
3.035288e-05 1
2.981960e-05 1
1.109129e-05 1
2.809552e-06 96
1.741906e-05 2
3.868475e-06 1
2.711361e-05 182
4.272945e-05 1
9.485576e-05 1
2.123233e-05 1
1.024189e-05 154216
7.605295e-06 1
1.079064e-04 1
1.978162e-05 1
1.574152e-05 1
6.828219e-06 174
3.582588e-06 3
9.085678e-05 3
9.211597e-05 1
1.822561e-05 7
2.394623e-05 237
2.484221e-05 2
1.921554e-06 2
1.397717e-05 2
1.467362e-05 1
3.047244e-05 1
3.925744e-05 3
2.430160e-05 2
6.644994e-05 3
5.639027e-06 3
2.167332e-05 1
1.320094e-05 1
5.665108e-06 1481
1.231166e-05 43
6.319120e-05 1
3.608959e-05 2
4.551517e-07 1
8.761284e-05 2
1.480947e-05 1
3.882729e-06 1910
2.906213e-05 159
1.137838e-05 2
2.274231e-05 90
2.309718e-05 1
6.984013e-06 4
1.157345e-05 679
5.696600e-07 2
3.858883e-05 2
3.682679e-05 3
4.099185e-05 3
4.145151e-06 1
5.176049e-05 1
7.273678e-05 4
1.987679e-05 1
6.038466e-05 2
1.480932e-05 205
6.558343e-05 1
7.047115e-06 1
3.963521e-05 1
1.595218e-05 38882
4.083217e-05 1
6.674788e-05 1
1.020492e-05 216
4.354994e-06 1
4.155275e-05 2
1.050497e-05 2
2.848645e-05 95
3.966095e-05 1
2.980499e-05 1
4.187707e-05 1
1.883277e-05 2
3.099410e-05 1
2.013056e-05 106
1.025882e-04 2
8.277762e-05 1
1.099950e-05 2
4.490369e-06 1
4.858047e-05 1
7.164923e-06 89
6.214452e-05 1876
2.219886e-05 1
2.468189e-05 174
6.718007e-06 1
3.922260e-06 117
1.848532e-05 195
4.450583e-05 1
1.558504e-05 1
4.039550e-05 1
5.978264e-05 342
7.435855e-06 3
2.302028e-05 1
3.932719e-05 6
1.408436e-05 7
1.851395e-05 1694
7.266397e-05 1
4.660934e-05 1
1.370669e-04 1
5.946911e-05 1
5.220760e-05 1
1.087349e-05 4
2.224923e-05 3
7.092142e-06 2
3.159133e-05 1
2.884789e-05 3
3.470477e-05 1
2.635641e-05 1
3.103492e-05 1
1.920789e-05 126
2.674134e-06 1
6.736334e-05 1
2.507717e-05 5
9.394068e-06 1
1.517756e-05 1
3.737537e-05 1
2.883313e-06 1
9.867978e-06 7
1.215138e-05 2
3.195240e-05 251
1.332869e-05 1
2.888997e-05 137
6.707454e-05 77
2.821027e-05 5
5.017855e-05 1
9.070014e-06 2
4.948915e-06 2
8.545227e-06 1
6.453258e-05 1
1.800347e-05 17
6.751861e-05 1
5.138607e-06 1
1.285718e-05 2
6.558764e-05 2
3.699303e-06 2
1.380436e-05 1
1.955827e-05 2
1.304057e-06 85
1.104650e-06 1
4.188924e-05 1
1.390704e-05 1
2.991883e-05 1
4.024234e-05 2
5.806267e-05 51539
9.076876e-05 229
4.884611e-06 212
2.139913e-05 128
9.721718e-06 1
1.452042e-05 3
5.205372e-06 354
2.110551e-05 1
3.514513e-05 196
5.653785e-05 2
5.083578e-06 1
5.174538e-05 1
3.507834e-05 492815
9.585532e-06 7285
1.026135e-04 3
2.585473e-06 1
3.992294e-05 45
5.486422e-05 1
1.527946e-05 1
9.066030e-06 1930
4.038592e-05 1
2.783092e-06 1
1.117299e-06 1
3.203978e-06 3
1.433445e-05 6
2.549061e-05 1
4.276684e-05 1
7.565520e-05 6
1.705607e-05 7
2.169607e-05 25
9.958195e-06 87
5.650593e-07 1
1.523646e-04 1
2.619179e-05 1695
6.559529e-06 1
4.450665e-05 1
2.232352e-05 1
3.125714e-06 6
2.588258e-05 119
1.670783e-05 1
2.003738e-04 3
3.964727e-06 2
1.611634e-05 1
1.005762e-04 1
2.279761e-05 1
1.853156e-05 2
3.653942e-05 1
1.063221e-05 1179
3.270790e-05 1
2.955350e-05 1351
2.223672e-05 1
8.456644e-05 215978
1.704883e-05 4
7.918162e-05 6
8.067868e-06 1
3.416420e-05 1
8.419904e-06 1
2.268602e-05 1
7.529500e-05 1
1.504231e-06 1
6.656396e-05 1
6.277814e-05 1
4.592887e-06 1
8.243570e-05 1
8.744872e-06 27040
3.030883e-05 1
1.630919e-05 27
3.154699e-05 1
2.659729e-05 205
2.586035e-06 2
9.671102e-06 1
8.313790e-06 1
2.016847e-05 2
2.554244e-06 1
2.843857e-07 29844
5.327625e-06 2
7.275949e-06 1
1.575795e-05 1
4.448557e-05 1
5.240790e-06 3
5.283510e-05 1
7.052406e-05 1
3.841737e-05 3
2.083058e-05 1
1.215703e-04 2
2.821803e-05 2723
1.274810e-06 3
9.870300e-06 1
5.104631e-06 1
5.116223e-05 1
1.528034e-05 1
8.304347e-06 7
2.380145e-06 1
1.908045e-04 14
6.386374e-06 2
2.960897e-05 1
3.790955e-05 3
1.166891e-05 1
5.026125e-05 1
1.489384e-06 169801
4.706242e-06 1
1.108191e-04 216
4.279805e-05 51
2.863654e-06 179
8.358361e-05 3
2.677296e-05 1
4.452560e-06 1
7.880990e-06 5
4.371204e-05 1
9.167820e-05 3
1.040297e-05 2
1.279912e-04 1
9.209331e-05 3
1.315503e-06 1
6.120244e-06 1
4.274489e-06 1
2.526482e-06 1
2.095082e-05 2
5.653568e-05 95
5.521324e-05 2
7.866755e-05 1
7.553891e-06 649332
8.374895e-06 25876
1.308722e-05 1742
3.089674e-07 1
4.495041e-07 18
5.767554e-05 1
2.688176e-05 3
1.543518e-05 3
5.950330e-06 1
1.099312e-05 412
1.626154e-05 1
4.012949e-06 1
3.137304e-06 2
4.019595e-06 2
1.949562e-05 1
5.576623e-06 1
8.597673e-06 1
1.516019e-05 1
9.387034e-05 1
1.000149e-05 1
6.515486e-06 1
6.735599e-06 48929
4.987887e-05 1
8.324250e-06 3
8.083131e-06 4
1.399300e-05 22
1.751797e-05 2070
1.305824e-04 1
1.363507e-04 1
6.996233e-05 1595
3.365403e-05 1
9.444972e-06 1
2.455998e-05 1
1.188779e-04 1
3.679876e-05 1
4.073569e-05 447811
1.696245e-05 2
7.371873e-06 1
2.501383e-06 1
6.527332e-07 116
3.116108e-06 5
3.406037e-06 6
6.606720e-07 1
5.998465e-05 1949
8.581403e-05 1
2.914503e-05 2
2.666423e-05 1
9.933569e-06 3
2.797002e-05 1
1.481079e-04 1
6.900101e-06 1
3.324979e-05 2
8.779258e-06 1
3.362606e-05 1
6.937612e-05 3
1.657392e-05 1
1.360218e-04 7
2.665231e-05 574253
2.476593e-06 1
9.736402e-06 1
3.887573e-06 1
2.336606e-05 1
1.821887e-05 3
3.246918e-06 1
1.306369e-05 169
3.654185e-05 6
1.229005e-05 15
1.347440e-06 4
5.239946e-06 1
1.563828e-04 1524
3.803971e-05 1
6.628166e-06 2
1.154357e-04 1
4.449612e-06 2
1.421887e-05 1
7.101352e-05 1
5.148978e-05 252
2.146802e-05 1
1.389909e-05 3
2.569434e-05 69
1.284798e-05 1
8.335681e-06 1
3.773482e-05 6
5.537896e-06 4
4.236757e-06 4
1.292173e-06 1
1.549410e-05 1
2.146256e-05 1
7.500392e-05 2023
6.842507e-06 1
6.612048e-05 1
2.502411e-05 1
1.615897e-05 1
1.729428e-05 7
1.218467e-05 1
1.876082e-05 1
1.992884e-05 1
6.054042e-05 27
1.293677e-06 1
3.060224e-05 1
4.264159e-05 2
1.919555e-05 127
3.512575e-05 3
1.417681e-05 1
2.377521e-05 1
1.390079e-05 1
1.178083e-04 1
2.789421e-06 2
1.317931e-05 190
2.984844e-06 1
5.550692e-05 2
5.265406e-05 1
8.884114e-06 1
7.715687e-06 3
3.342057e-05 1
1.306263e-06 1812
3.247329e-05 3
5.003565e-05 3
2.245962e-05 221
4.338060e-06 1
3.628443e-05 1
8.366390e-05 2
3.973374e-05 1
3.619942e-06 1
4.799621e-05 1
6.469852e-05 1
4.829568e-05 1
1.168607e-05 84
2.400792e-05 117
4.244116e-05 1
1.894077e-05 1
3.797245e-06 1
1.238822e-06 266
2.177160e-05 3
3.980636e-06 1
3.295296e-06 142
1.331560e-04 1
5.386593e-05 1
1.439688e-05 61397
1.796313e-05 1
5.658509e-06 1
1.974327e-05 1
4.124366e-05 1
3.022635e-06 1
9.794902e-05 1
2.938186e-05 3
3.119085e-05 1
3.700898e-05 1284
2.106184e-05 8615
2.309303e-07 3
3.501183e-05 1
1.660113e-04 1
1.182727e-05 2
2.038315e-04 1
1.244192e-06 178
4.213598e-06 2
5.135361e-06 6
6.927246e-05 136
2.196466e-05 1
7.030170e-06 2
3.339492e-05 1
3.471305e-05 1
2.000263e-05 1
8.128684e-07 1
1.313826e-06 3
8.124181e-05 3
1.589229e-06 3
6.836990e-05 3
1.975349e-06 2
3.110728e-06 1
5.459126e-05 1
1.658464e-05 1
1.042792e-04 1
4.053292e-08 1
8.357757e-06 116
5.486000e-05 1
1.638805e-04 1
2.599543e-05 2
2.638756e-05 1
2.358530e-05 2
6.023974e-05 3
9.200278e-05 19431
1.181731e-05 1
5.829304e-05 93
6.121272e-06 2
4.614059e-05 1
3.611237e-05 1
5.025266e-08 1
2.694827e-05 1
1.116612e-05 5
3.327675e-05 26497
5.684301e-05 645
2.468846e-06 3
3.272028e-05 1
9.231506e-05 1
3.163755e-05 7
1.311511e-05 3
3.019410e-05 1
3.932710e-06 1850
6.795682e-06 628
2.305802e-05 1
3.598034e-05 2
8.589008e-05 1457
1.215159e-05 1
9.952813e-05 1
3.244928e-06 146
3.191936e-06 3
2.838994e-05 3
1.116329e-05 2
6.668602e-05 1
7.973948e-05 1
1.320875e-04 1
2.116852e-05 140
7.960145e-05 1
3.362831e-05 54980
2.095813e-06 72
4.401118e-05 393903
5.788158e-05 1
6.242405e-06 54832
3.404354e-05 1
2.369184e-06 1
2.301492e-05 2
6.002440e-05 1
2.815940e-05 3
4.228263e-06 3
9.986846e-05 3
1.426765e-05 2
1.531338e-05 3
1.959740e-05 2
2.139060e-05 1
5.720095e-05 1
1.687741e-05 1
1.095803e-04 1
4.778076e-05 1
3.514517e-05 1
1.097181e-05 1
8.252840e-05 1427
9.125165e-07 150
7.168821e-05 136
2.090555e-05 212
3.971324e-05 2
2.156998e-05 4
5.251299e-05 1
2.106610e-06 16790
9.626117e-06 59884
8.453173e-05 245
1.961264e-05 2
9.380737e-06 1
9.778364e-07 1
2.957325e-05 2
2.068228e-05 2
1.657764e-05 1
3.338976e-05 228
2.805990e-05 1
2.161580e-05 1
4.423521e-06 37747
2.128615e-05 19639
8.572882e-06 1
1.556300e-05 2
1.616936e-05 1
2.558442e-07 1
3.305171e-05 3
7.294411e-05 1
1.031473e-04 1
3.453952e-06 1
1.392279e-04 44412
3.027451e-05 7
6.375483e-05 7
6.396475e-06 1
7.636464e-05 1
1.554272e-05 1
3.076735e-05 2
6.433174e-05 1
8.092834e-05 1
3.043141e-05 193
1.360069e-05 56274
4.812140e-05 1
3.452201e-05 1
2.318528e-06 3
9.729978e-06 1
6.875114e-05 61535
8.905629e-06 1
3.998712e-05 6
8.955953e-05 208
2.536185e-06 1
1.914907e-05 1
2.756947e-05 3
2.509516e-05 1
1.694200e-06 1
1.039712e-05 1
7.139408e-06 2
1.380268e-06 107
1.039439e-04 1
4.637680e-05 7
7.519132e-05 6
1.204700e-05 2
6.769671e-06 1
5.668098e-06 1
2.001840e-06 1
5.715308e-06 4
3.369222e-06 1
3.583997e-05 25969
1.968576e-05 129
2.143719e-05 1
4.171674e-05 1
1.209528e-05 1
6.686623e-06 169601
1.499681e-05 4
3.033678e-05 1
3.305182e-05 1124
3.563485e-05 1
7.715144e-05 1
5.062257e-06 2
4.131683e-05 3
2.426314e-06 2
1.742861e-05 2
1.159345e-05 32
4.264453e-05 7445
4.488145e-06 70
2.436849e-05 1
1.439213e-07 3
3.357491e-05 2
3.277231e-05 2
2.458750e-06 3
8.633513e-05 2
5.260378e-05 54
5.695648e-05 1
2.757990e-05 192
9.567107e-06 7
9.414816e-07 632
7.249424e-05 1
3.528691e-05 221
3.161494e-05 2
5.526083e-06 1
9.637461e-06 41251
1.672286e-05 1
1.344004e-05 1
9.035445e-06 7
5.346972e-05 4
6.144581e-05 246
6.695961e-06 153006
6.544681e-05 70
8.022179e-05 3
2.400684e-05 1
5.399681e-05 85
4.169696e-05 1
1.222100e-04 1
2.127914e-05 1
1.014814e-04 22
1.048963e-05 493
2.156335e-06 1
7.742057e-05 1
9.169834e-06 1
1.288157e-04 1
1.074614e-04 229
6.569957e-06 1
4.409832e-06 1
1.097284e-05 162
3.237200e-06 1
2.732698e-05 7
3.436358e-05 1
1.436289e-05 1
4.171993e-05 1
4.121442e-06 1
1.039340e-04 1
4.029079e-05 1
8.910220e-07 285
2.740881e-05 1
4.660649e-05 1
4.784354e-05 1
8.224351e-06 1
6.025631e-05 2
6.567611e-05 1
1.774990e-05 4
2.690281e-05 3
4.442170e-05 2
9.180568e-05 2
5.187539e-06 3
3.218851e-05 2
5.255567e-05 55
2.443314e-05 214
1.308312e-04 2049
6.754285e-06 1
8.573152e-06 1
4.324449e-05 1
5.572672e-05 934
1.646100e-05 6
5.255115e-05 1
5.107661e-05 1
7.822794e-05 3
5.758975e-05 7
1.818862e-05 65
1.702539e-05 131
4.178351e-05 1
2.484936e-06 1
5.583441e-08 1
3.461579e-05 1
1.033217e-04 3
9.277563e-05 1
1.480855e-06 759
1.733356e-05 2
3.944436e-05 1869
2.477766e-05 1
1.342809e-05 63123
1.243333e-05 6
3.752500e-05 1
9.995886e-05 5
1.364064e-04 1
3.857936e-05 144
2.362653e-05 3
4.983440e-05 1
7.145592e-06 1485
6.360162e-05 1
1.865336e-06 238
4.492781e-05 1
4.763488e-05 4
5.060285e-05 1
1.007964e-04 171
1.283975e-05 729
6.504955e-05 4
3.865896e-05 6
2.882752e-05 1
1.110285e-05 36
2.697531e-06 2
5.236946e-05 3
1.177157e-05 1
2.416672e-05 59285
2.843018e-05 1
4.020706e-05 1963
3.842655e-05 2
5.431351e-06 1
2.134179e-06 1
5.191873e-05 1
6.955194e-05 1
2.501638e-05 2
3.574642e-05 1
4.200808e-05 1
1.047203e-04 1
2.718428e-05 1
2.340656e-06 254
1.048657e-04 1
3.643809e-05 31871
6.415432e-05 1
2.609564e-05 22
4.038042e-05 1
1.347349e-06 1
5.873282e-07 92
2.926887e-05 1
1.807626e-05 3
1.313614e-04 1
1.290564e-05 1
1.889314e-05 1
7.210511e-05 1
1.220245e-07 1
7.972111e-06 1
4.404314e-05 1
4.101396e-05 1
1.742641e-05 2
6.683466e-05 1
1.498067e-05 1
1.352336e-05 1
2.120848e-05 1
6.346147e-05 1
8.007378e-06 1
3.923873e-05 3
2.547002e-05 79
8.810271e-05 1
9.950272e-05 1
2.644963e-05 5
7.294377e-05 5
2.940724e-05 2
3.542173e-07 2
6.897078e-05 1
4.534697e-05 1
6.308246e-05 3
1.248208e-05 2
2.113046e-05 6
1.011066e-05 1
1.017604e-05 53771
3.538040e-05 5
5.837734e-05 2
6.965000e-05 3
8.136319e-06 3
1.115222e-04 1
3.889000e-05 1
4.493240e-05 4
4.331671e-05 2
5.163634e-06 1
3.123472e-05 4
1.173413e-05 1
3.664725e-05 1
1.976373e-05 1
4.487572e-07 2
3.024020e-05 1
2.625911e-05 1
5.114060e-06 1
3.570533e-05 1
5.802274e-06 4
8.309111e-05 493453
9.923659e-05 1
4.160589e-05 84
1.926379e-05 1114
5.190711e-05 3
4.184993e-05 77
1.361820e-05 133
4.727450e-05 560
5.118372e-05 1
3.531419e-05 1
1.132863e-05 2
9.779889e-06 6
4.745154e-05 1
4.803121e-05 1
2.703928e-05 1
1.460415e-05 1
1.651304e-05 73
2.965407e-05 4
1.807434e-05 7
6.498433e-05 3
6.929532e-05 1
6.415025e-06 1
1.794144e-05 1
2.674654e-05 169
1.021990e-05 1
3.138074e-05 1
5.311469e-05 1
2.515687e-05 3
7.038881e-07 1
9.703937e-05 6
1.515634e-04 6
2.042459e-05 4
2.395491e-05 120
2.471242e-04 1
8.124725e-05 7
4.173948e-05 1
7.710394e-05 1
5.685111e-05 1
9.332956e-05 140478
1.464428e-05 4
4.401298e-05 1
1.960381e-05 1
4.843214e-05 1
7.359101e-05 1
2.049336e-06 1
3.493738e-05 1
8.029045e-06 23773
3.649846e-05 1
5.271208e-05 6
1.316385e-04 4
8.649559e-05 7
9.605475e-06 3
6.496244e-05 5
1.394435e-05 4
3.400752e-06 4
1.401435e-04 201
6.804548e-05 1
1.230464e-04 61
1.319307e-05 1
2.235127e-05 2
2.699154e-05 2
2.818331e-05 2
3.390427e-05 48937
3.169853e-05 1
8.434194e-05 3
5.551802e-06 2
6.078301e-05 1
5.705019e-05 1
6.021366e-05 6
1.495647e-06 1
4.280306e-05 1
1.780367e-06 1
1.454636e-05 4
1.887818e-05 56
2.295990e-06 3
1.962463e-05 1
4.855152e-05 4
2.001614e-05 1
3.259886e-05 1
1.458243e-05 1
3.613804e-05 2
2.976887e-05 1
1.409128e-05 1
8.498177e-06 1
1.584861e-04 3
7.253503e-05 1
1.295353e-05 30
2.335614e-05 3
4.315252e-06 4
1.055168e-05 1
3.252925e-05 230
1.228409e-05 1
4.196683e-05 1
2.051465e-05 1
4.239677e-05 7
4.982338e-05 1
7.623877e-05 3
7.094800e-05 1
6.318212e-06 1
5.988333e-05 1
1.046925e-05 1
1.853815e-05 1
4.713086e-05 2
7.236645e-06 1
7.250987e-07 2
6.836334e-05 2
2.413177e-06 1
1.322698e-05 100
3.568812e-05 65386
3.103572e-05 1
5.354858e-05 3
4.483270e-05 1
2.893155e-05 2
1.080138e-05 3
2.574699e-05 1
2.702222e-05 1
1.510141e-05 1
4.129259e-05 1
1.376947e-05 2
1.214987e-06 3
1.333752e-05 1
3.446805e-05 1
3.750040e-05 6
6.078444e-05 2
4.406444e-06 1
5.398565e-05 1817
3.757050e-05 4
1.025707e-05 1
3.421000e-05 508751
7.025458e-05 2
7.886520e-06 30436
1.713864e-04 487428
3.564164e-06 89
5.463749e-05 2
4.116004e-05 1
1.645487e-06 1
3.496215e-05 1
2.435568e-05 1
3.514204e-05 40519
1.841175e-05 1
4.005412e-06 1
3.933191e-05 1
4.805131e-06 102
4.280183e-05 2
1.651750e-06 24
9.740385e-05 1
1.613399e-05 154
7.289676e-05 1
5.732306e-05 1
1.445162e-05 1
1.781081e-05 1009
1.287761e-05 48931
5.444316e-05 251
9.173317e-05 1
9.723751e-05 1
3.313873e-05 3
2.790365e-05 1
1.734923e-05 6438
4.520560e-06 1
2.158046e-06 1
1.708139e-06 1
1.663610e-05 1
1.162630e-05 1
9.739950e-06 1
1.582669e-05 1
4.164038e-05 1
1.929748e-05 1088
2.801499e-05 1
1.948188e-05 3
8.942765e-05 30098
1.007040e-05 1
2.164287e-05 1
9.879434e-07 1
4.103383e-06 1
3.354163e-05 223
4.236127e-05 34
3.710552e-05 1
6.467425e-05 1
2.145124e-05 1
3.611232e-05 6
1.133052e-05 1
9.206858e-05 3
5.555846e-05 25106
1.186263e-04 3
9.849779e-06 3
4.891426e-05 1
2.455983e-05 1
1.689315e-06 1
5.741114e-06 1
3.796754e-06 4
1.539434e-05 227
1.711561e-06 3
1.518315e-05 1
2.812709e-05 1
8.439376e-05 1
5.855540e-05 7
3.752732e-07 200
4.373061e-05 7511
5.878484e-05 43847
4.884562e-05 7
1.033544e-06 1
6.020578e-06 1
7.487600e-05 4
4.409708e-05 6
1.062671e-05 1
6.390410e-06 6
7.106431e-07 2
6.499972e-06 1
1.240074e-04 1
4.116895e-05 1
4.817031e-05 7
1.529479e-05 1
1.205280e-05 1
1.553035e-05 1
2.668458e-05 1
8.641682e-05 43618
1.577887e-05 1
6.017000e-05 1906
1.209635e-04 3
1.400745e-04 1
6.370971e-05 716
6.257895e-05 1
2.951999e-05 1783
7.402400e-05 1
9.517264e-06 206
2.671687e-05 957
5.281750e-06 1
5.457403e-05 1
1.107498e-05 3
5.622285e-05 2
1.119514e-04 1
6.946098e-06 1
8.787039e-05 3
6.061078e-06 3
2.921886e-05 1
3.402943e-05 1
4.833313e-06 1
4.592274e-06 90
2.471231e-05 1
1.372206e-05 156
1.437314e-05 1
9.970326e-05 1
5.758503e-05 3
1.259478e-05 1
3.442680e-05 1
3.037506e-05 1
1.848657e-05 1
2.806694e-06 1
6.937140e-06 1
4.070598e-06 1
1.879254e-05 1
5.666067e-06 4
1.010866e-05 1
2.167581e-05 6
6.572690e-05 8
1.159964e-05 207
3.421473e-05 7
1.517061e-05 49939
6.813340e-05 63
3.527860e-06 5
3.033103e-06 1
7.782176e-05 2
6.293282e-05 6
6.451836e-05 1
1.185700e-04 1
1.224003e-04 1
8.691524e-06 1
6.059521e-06 1
8.864278e-05 3
5.866841e-05 1
1.355947e-05 1
7.037734e-05 1
6.503222e-05 193
3.238131e-06 1
4.241722e-05 1
2.336290e-06 1
1.411139e-05 3
1.918408e-05 1
1.961514e-05 1
8.823255e-05 1
5.122070e-05 4
3.077689e-06 1
5.325115e-06 1
6.028932e-05 1
1.192878e-04 1
5.929676e-07 1917
5.447414e-05 1
9.851395e-05 2
4.013156e-05 1
3.104197e-08 6
1.555635e-05 1
1.481124e-04 1
2.896260e-05 2
1.762034e-05 1
8.792276e-05 2
4.037109e-05 10933
7.380463e-05 1
7.077018e-07 2
2.271409e-05 1
6.830355e-06 1
2.877932e-05 1
1.263528e-05 1
6.413561e-06 3
1.080193e-05 1
4.793996e-05 1
4.590785e-05 2
3.563191e-06 1
1.332439e-07 1
4.300701e-05 1
1.489503e-05 2
7.767161e-06 814
1.749604e-05 1
9.848678e-06 3
1.732194e-05 3
1.418398e-05 1
1.378203e-05 2
1.446922e-05 1
3.489292e-05 1
1.582560e-05 25427
2.090810e-05 1
4.536291e-06 1
5.508909e-05 1
2.848439e-05 6
3.981416e-05 2
1.220069e-05 7
2.305663e-05 1
6.236163e-05 1
8.661710e-05 1
4.731010e-05 6245
1.558447e-05 4
7.465164e-05 1
8.459290e-07 214
1.167766e-06 173668
5.617230e-05 1
9.257946e-06 1
2.003823e-05 1
2.457537e-05 3
3.943310e-05 1
4.944782e-05 1
8.282981e-05 1805
4.262630e-05 1
2.194436e-05 6
6.613000e-06 302106
1.326286e-05 1
1.834409e-05 1
2.385100e-05 1
1.608969e-05 1
5.769801e-05 1
4.144702e-05 7
6.862014e-05 1
6.632121e-05 3
5.307616e-05 5
3.047021e-05 1
1.976230e-05 1
2.580467e-05 3
4.082567e-05 2
3.324089e-05 3
2.632924e-05 7
4.360943e-05 1
2.223434e-05 1
2.376271e-05 1
8.166334e-06 35524
3.450401e-05 248
4.729167e-06 1
1.090515e-05 3
3.680438e-05 1
5.844862e-05 1
1.085554e-05 1
1.089108e-06 19630
1.319185e-04 1
3.900059e-05 102
5.245355e-06 1
1.376624e-05 1
2.461425e-06 1
4.320400e-05 70
1.291904e-05 3
9.479765e-06 3
6.912142e-05 1
1.122136e-05 2
3.883154e-05 7
1.969767e-06 2
3.385474e-05 6
8.029282e-06 1
4.741987e-06 1
1.622763e-05 1
4.807302e-06 1
8.431482e-05 2
8.148452e-06 1
2.450261e-05 1
7.041560e-06 1
8.737880e-05 1
1.409482e-04 24605
3.741136e-05 1
3.947952e-05 3
5.102546e-06 1
2.331406e-05 1
2.200717e-05 1
9.275042e-06 1
4.151277e-05 3
8.335723e-06 1
1.016786e-05 1
1.804331e-05 132
5.201939e-05 1
5.807885e-06 2
5.725541e-05 5
4.121157e-05 6
1.614038e-04 1
4.325346e-05 1
3.976145e-05 1
1.713097e-05 2
1.823595e-05 1
9.678231e-05 1
1.644869e-04 5
1.854665e-05 55380
1.425336e-05 1
4.705495e-06 1
6.865970e-05 5
1.934635e-05 10185
1.274592e-05 4
1.697462e-05 1
1.310816e-05 3
1.052089e-05 7
6.381971e-06 1
2.771762e-05 1
1.466906e-06 1
2.332484e-05 1
1.445726e-05 512
2.199688e-05 215
7.101669e-05 1
1.063270e-06 1
9.728885e-06 1
1.125099e-05 1
2.727925e-05 9146
3.604706e-05 3
2.790124e-06 1
2.048214e-05 1
2.402391e-05 1
1.157443e-05 1
2.239565e-05 253
4.263626e-05 1
1.950216e-05 3
3.359998e-06 194
2.698168e-05 4
2.479571e-05 1
4.880730e-05 1
2.429247e-05 1
2.618682e-05 1
6.483838e-05 485
1.588124e-06 1
1.239995e-04 234
1.400734e-05 2
5.945270e-05 833
5.149191e-05 1
5.684830e-05 3
7.470564e-06 1
1.987951e-06 1
1.004000e-05 3
3.677981e-05 3
1.298196e-05 1
2.189927e-06 683
4.726347e-05 1
9.097891e-07 1
1.273838e-05 1
6.346272e-06 1
3.729071e-05 1
4.592487e-05 1
2.013208e-05 371526
1.891935e-05 1
5.263528e-05 2
2.430377e-05 1
3.915998e-06 1
1.181545e-04 1
2.109576e-05 5
4.045036e-05 27640
2.701288e-05 4
7.658839e-06 2
1.741440e-06 1
3.948048e-06 1
3.131499e-05 1
7.577820e-05 1
1.632595e-05 3
1.805892e-05 1
2.082838e-04 1
8.467843e-06 1
6.120411e-05 1
8.286933e-05 2
5.229075e-05 3
7.326987e-07 3
1.139621e-05 1
1.526335e-05 1
5.700026e-05 1
2.514154e-05 1
2.220265e-04 2
1.278706e-05 2
6.440785e-07 1
4.798650e-05 736
1.238931e-04 1
8.339785e-07 1
3.502627e-06 211
1.128434e-04 1
8.049907e-05 3
4.984081e-05 1
5.006398e-05 39758
7.798356e-05 1
2.621835e-05 1
3.488038e-05 1
6.545286e-06 4
7.890712e-06 1
6.004378e-05 1
2.212967e-05 2
1.806943e-05 3
2.059895e-05 1
2.069014e-05 1
1.136079e-05 1
2.862429e-05 1
7.296125e-05 1
1.026627e-05 6
4.368046e-05 1
3.204661e-06 1
4.638498e-05 1
4.559557e-05 6
4.239010e-05 1
1.052331e-05 3
2.366780e-05 850
1.560600e-05 1
4.742089e-06 2
3.415802e-05 550474
8.004598e-05 3
5.311032e-05 4
1.272168e-05 1
2.693650e-06 7
1.237351e-05 1
1.337130e-05 6
1.997818e-05 1
1.391371e-04 2
2.409431e-07 1
5.483471e-06 1
2.694869e-05 1
1.454642e-05 1
6.920828e-05 1
6.819792e-05 3
4.503155e-05 1
9.529276e-06 264
5.789177e-07 1
5.893656e-06 1
4.491980e-05 1
2.217427e-05 2
8.894322e-06 1
5.318388e-06 1
1.083202e-05 143
1.219048e-05 1
1.213682e-07 6
3.188869e-05 1
2.009437e-05 3
4.886692e-05 1
3.260157e-06 1
4.024932e-05 1
6.939936e-05 1
7.324119e-06 1
1.720277e-05 1
2.638240e-05 7
7.941859e-08 492940
8.557664e-06 1
3.771701e-05 1
7.387808e-05 170
5.943473e-05 1
7.789449e-07 1
4.501750e-06 1
2.571550e-05 1
5.125261e-05 1
2.474609e-04 3
2.292636e-05 1
4.658515e-05 245068
7.928716e-06 5
7.933839e-05 44267
2.349067e-05 1
3.596392e-06 1
2.805837e-06 1
3.264852e-05 1
3.446771e-05 1
3.978620e-05 2
6.446343e-05 259
8.716876e-05 1
4.665929e-05 1
4.832892e-05 3
3.497287e-05 3
7.981694e-06 2
1.952793e-05 2
5.546766e-06 1
4.998964e-06 3
4.995484e-07 2
1.998980e-05 25121
1.931600e-05 1
6.015179e-05 1
6.670420e-05 3
7.117011e-05 1
9.153921e-05 1
7.512349e-06 1
3.012619e-05 1
2.817072e-05 1
1.798335e-06 127
4.355247e-05 1
1.075306e-05 6
1.136609e-04 9914
8.699629e-05 1
6.440428e-05 1
1.570279e-05 1
1.002533e-05 258
7.759086e-07 1
2.192715e-05 35836
1.447245e-05 58481
1.112734e-05 1
6.200871e-05 1
5.699296e-06 234
3.825472e-05 6
2.184596e-05 1
1.406540e-05 1
2.757487e-06 1
3.196861e-06 2
1.039720e-05 3
6.113109e-06 1
1.591261e-05 6
1.726525e-05 7
3.113759e-05 57479
1.368188e-05 1
1.094370e-05 3
1.661696e-05 6
2.088386e-05 125
2.952662e-05 3
1.931575e-05 3
3.296288e-05 756
2.217943e-05 1
7.364489e-06 1
1.064365e-05 1
1.863034e-05 1
8.641734e-05 4
7.409268e-05 5
1.200924e-05 180
2.110120e-06 1
2.401718e-05 1
8.220719e-05 1
5.350868e-05 2
4.158926e-06 2
3.831378e-05 2
1.177799e-04 105
5.447908e-06 39890
2.352661e-05 3
8.921485e-05 1
3.461528e-05 1
2.648743e-05 1
6.043397e-05 2
4.408563e-05 192
7.461554e-06 1
2.890717e-05 1
1.740702e-05 109
7.984483e-05 256
4.502760e-05 1
4.133418e-04 2
1.571901e-05 1
4.995644e-05 2
3.390464e-05 1521
4.987533e-05 3
5.000561e-05 1
4.508560e-05 1
9.839831e-05 1
8.793204e-05 7
7.088977e-05 2
6.524206e-05 4
4.451313e-05 1
2.284296e-05 202
6.903728e-06 1
1.842153e-05 1
9.417582e-06 1
1.924917e-06 7
8.101336e-05 1
3.325382e-05 6
3.455052e-05 1
9.979054e-06 3
4.022269e-06 1
4.229872e-05 1950
7.040791e-06 2
1.264983e-05 1
3.812578e-05 158
4.920725e-05 1581
4.780249e-05 1
1.281830e-05 2
1.628158e-05 1
8.178104e-06 1
3.697273e-05 1
3.188209e-05 1
7.726894e-06 1
3.453611e-05 2
6.440536e-06 175
1.418587e-06 2
4.790079e-05 1
4.765860e-05 1
1.455137e-05 1
5.674430e-05 1
1.098089e-05 2
5.516140e-05 3
5.361383e-05 267
1.425135e-04 1
1.685905e-04 1
1.008114e-05 486
5.563387e-05 7
1.619914e-04 6
2.903042e-05 1
2.153622e-05 4
1.222073e-05 19
1.551171e-04 3
1.971407e-05 1
2.128148e-05 6
1.717655e-04 1
1.334346e-05 1
4.306929e-05 1
4.458380e-05 1
7.735751e-05 2
1.266570e-05 7
1.710159e-06 1
5.467304e-05 1
9.782293e-06 1
4.432454e-05 2
1.155418e-06 69
7.016567e-06 3
2.250044e-05 4
1.416124e-05 1
1.503622e-06 5
2.768847e-05 1
1.045280e-05 1
1.312080e-05 2
9.427301e-05 1
1.109760e-04 1
6.229708e-06 1
1.333090e-05 1
2.914435e-06 6
4.521570e-05 1
2.120799e-04 1
1.370255e-06 4
1.407871e-05 4
5.135759e-05 1
9.468685e-05 1441
2.297494e-05 4
3.920715e-05 7
1.118149e-05 1
1.389652e-06 1
3.488127e-05 1
2.449977e-05 1
3.352898e-06 1
1.435984e-05 1
1.069049e-04 6
9.957129e-06 1
1.169797e-05 4
1.192685e-05 2
5.035172e-06 550
1.548477e-05 2
1.965063e-05 131
4.895192e-05 1
7.294349e-05 34
1.237017e-05 6
7.890550e-05 177
1.483205e-05 5
4.992924e-05 3
8.954142e-06 1
9.336444e-05 6
1.744476e-05 1
1.963408e-05 191
2.929256e-05 3
1.280401e-05 2
7.534202e-05 1
2.129981e-05 1
3.211489e-05 1
4.401862e-05 7
2.533908e-05 1
2.087081e-05 5
7.645550e-05 260
3.470523e-05 1
8.365559e-06 1
5.681053e-05 3
1.640756e-05 1
5.098112e-06 1
2.242584e-05 77
9.545573e-06 1
2.150079e-04 1
2.150342e-05 64
8.346109e-05 1
2.371785e-05 18004
3.474443e-06 748
9.933264e-07 1
1.091985e-04 1
2.060209e-05 3
4.797964e-05 1
5.509562e-05 2
2.584455e-05 1
5.673322e-05 3
2.402418e-05 233
6.529101e-05 1
3.002508e-05 62
6.671608e-06 1
5.910618e-05 3
1.077630e-05 59
2.073824e-05 2
7.649534e-06 1
1.778054e-05 1
1.427100e-05 1
4.225731e-06 1
4.807340e-05 1
3.076415e-05 1
1.818191e-06 1
1.935543e-05 1
3.750731e-05 1
3.775813e-07 2
7.114373e-05 3
3.370114e-05 1
1.915122e-05 5
1.132293e-05 5
1.415411e-05 1
1.230739e-04 1
5.258026e-05 1
3.066158e-05 1148
2.681914e-05 1
6.059190e-06 1
3.935701e-05 2
9.377593e-05 1
1.088192e-04 165
4.198291e-05 5
1.089105e-05 139
2.106178e-05 1
1.065113e-04 1
3.591209e-05 1
1.230620e-05 1
1.767957e-05 7
1.385569e-04 1
1.131533e-05 1
8.372310e-06 1
5.689721e-05 652873
4.935935e-05 1
7.276379e-05 1
2.490163e-05 1
3.237577e-05 1
1.040842e-06 255
2.231689e-05 1
2.595170e-05 1
9.004028e-06 1
1.755483e-05 1
7.322329e-06 2
1.130624e-04 1
3.053500e-05 3
6.158878e-05 33600
7.286775e-05 2
6.172585e-06 1
4.293881e-07 3249
3.651717e-05 1
5.032366e-06 6
2.489651e-06 66
8.897412e-06 2
7.367576e-06 1
2.332726e-05 1
1.045325e-04 2
1.254355e-05 8094
5.136059e-06 1
3.607288e-07 3
1.750478e-05 2
5.088912e-05 236
1.059367e-05 2
4.003374e-05 2
5.099557e-05 1
1.114937e-04 1
2.024253e-05 1
3.483752e-05 119
3.948834e-05 1
4.823077e-05 3
6.058198e-05 61660
2.598054e-05 2
9.492652e-06 5
1.835447e-05 3
3.438678e-05 456
1.464388e-05 1
1.093912e-06 4
2.613553e-05 4
1.165702e-04 1
1.560689e-05 1
4.190918e-05 1
6.399518e-05 3
9.042282e-05 1
4.764440e-06 18
1.656047e-06 1
8.196574e-05 3
3.087900e-05 58
2.915572e-05 3
1.170654e-05 1
4.487933e-05 2
4.264064e-07 137
1.025014e-04 4
8.583558e-06 16284
3.659265e-05 177
9.920053e-06 3
1.213255e-04 1
5.413112e-06 1
1.455204e-05 2
1.128693e-05 2
4.933583e-05 1
4.057215e-05 85
8.818369e-06 5
1.073433e-05 1
3.057970e-05 3
2.858287e-05 1
2.402383e-05 7
5.951100e-08 3
1.463036e-05 1
2.957711e-05 1
8.996825e-07 48606
2.545155e-06 1
5.043674e-05 3
1.678531e-05 86
2.310118e-05 1
9.010905e-06 33085
2.051604e-06 1
1.802554e-05 1
3.662524e-05 30
2.485480e-05 1
4.594775e-07 1
2.687865e-05 251
2.049870e-05 1
3.571076e-05 1
7.183987e-06 27379
2.152066e-05 3
1.717990e-05 3
3.522592e-05 1
4.732342e-07 1
2.545598e-05 80
4.516641e-05 48
6.458930e-06 3
1.119258e-05 2
9.279582e-06 3
5.506666e-05 1
7.656091e-05 1
1.487132e-05 1
8.783584e-06 3
2.382258e-05 1986
2.313657e-05 1
9.081578e-06 150
6.769545e-05 3
6.346593e-05 2
6.114922e-05 1
4.227779e-06 121
8.489775e-06 1
2.208593e-07 6
4.226180e-05 1
3.470892e-05 4
2.308003e-05 3
1.990734e-05 30
1.284870e-05 1
1.520500e-05 2
1.419444e-05 3
2.482727e-06 1
4.539130e-05 159
1.988271e-04 99
8.501828e-05 1
5.101228e-06 1714
1.847526e-05 2
4.013737e-05 1
2.153207e-05 1
3.401800e-05 64596
7.715748e-05 2
1.832372e-04 1
4.482330e-05 1
6.226227e-05 1
2.565538e-05 4
5.316689e-06 1
5.108353e-05 1
8.428198e-05 2
3.104920e-05 2
1.249981e-05 2
1.994702e-05 1
1.276111e-04 2
1.208846e-04 1
6.251312e-05 1
4.110819e-05 1
3.351653e-05 1
9.580390e-06 1
5.260163e-05 1
4.798363e-05 6
1.195829e-05 1
3.090116e-05 4
2.864228e-05 1
1.211604e-04 1
3.590300e-05 968
8.295279e-06 3
1.400392e-05 22276
4.580576e-05 1
5.326238e-06 30
4.131336e-05 2
5.419320e-05 5
2.332560e-05 62
4.346625e-05 1
8.482827e-05 167809
5.752966e-05 1
6.159265e-06 5
1.234713e-05 210626
1.210223e-05 1
1.437451e-06 2
7.876789e-05 1
3.395444e-05 1
5.425929e-05 1
1.341598e-05 1
2.793288e-05 1
1.029586e-04 1
2.515969e-05 1
2.403110e-05 1
9.191259e-06 3
5.252356e-05 1
5.265727e-05 1
2.749662e-05 39657
1.975115e-05 3
1.137251e-05 872
7.093539e-05 1
1.147817e-05 1
2.403856e-05 7
1.006232e-05 3
4.381010e-06 1
4.636953e-07 1
2.037447e-05 1
6.638821e-05 3
1.748688e-05 1
1.208569e-05 2
2.147901e-05 65
3.608060e-06 1000
1.836163e-05 1
1.502339e-05 1
2.203114e-05 1
5.943236e-05 1
1.016510e-04 4067
1.786212e-05 1
6.882977e-05 7
2.050523e-05 3
2.063436e-05 1
1.606166e-05 1
5.182072e-05 1
8.227430e-05 59
4.943025e-05 1
5.602626e-05 2
1.060232e-04 1
2.013285e-05 1
6.550491e-05 244
2.233437e-05 1
1.618117e-05 1
5.568089e-05 1
7.212626e-06 85
7.195232e-06 7
2.196367e-05 1
3.742809e-05 151
3.630195e-05 70
8.843494e-05 1
2.470519e-05 1
3.928056e-05 1112
1.246530e-05 1
1.546097e-05 468
3.704852e-05 1266
7.408813e-05 922
5.894813e-05 2
4.058391e-05 1
5.235222e-05 1
4.139052e-06 1
4.360535e-06 41002
2.725438e-05 1
2.654976e-05 1
4.355341e-05 3
4.277977e-05 3
1.197866e-05 1947
3.969837e-05 1
1.802927e-06 3
1.175896e-05 1
9.440076e-05 1
1.537270e-05 1
3.738616e-05 1
8.868345e-06 1
9.551194e-06 1
2.425834e-05 1
1.614806e-04 64334
5.060356e-05 1
3.608679e-05 165
5.128959e-05 52
3.266716e-05 22045
2.265757e-05 1
4.312578e-05 1
3.676267e-05 3
1.174070e-04 2
2.484424e-05 6
3.432855e-05 1
6.524431e-07 1
2.393431e-05 1
1.238044e-04 2
3.273650e-05 1
4.208876e-05 2
1.034614e-04 158
4.350534e-05 7
1.175114e-05 3
1.260440e-05 1
9.903351e-06 2
7.845668e-06 1
4.403125e-06 877
6.401988e-05 1
2.961839e-05 3
1.802797e-05 7
5.199261e-05 1557
2.181800e-06 30767
1.031806e-05 6
1.042140e-05 1
3.566204e-05 1
3.186995e-05 5
5.524903e-06 2
4.806921e-07 1
1.912112e-05 3
2.711008e-05 4
2.041414e-06 1
1.256210e-04 7
1.632363e-05 2
5.646649e-05 1
5.033011e-05 3
7.199256e-06 3
4.065977e-05 1
1.387195e-05 1
1.781337e-05 2
2.492993e-06 1
4.596798e-05 115
8.749440e-05 1
1.990510e-05 1
3.027074e-05 1
4.496967e-05 1
7.770846e-06 1
3.126777e-05 1
6.799694e-06 88
4.090328e-05 1
6.229010e-06 1
1.256625e-04 1
1.399768e-05 1
3.643510e-06 1
1.182795e-05 163
5.641163e-05 1
6.010477e-06 1
1.545166e-05 4
4.760283e-06 6
1.872768e-05 1
3.430184e-05 50
1.712573e-05 242
3.026127e-05 1
8.992612e-07 1
8.163765e-06 7
1.065133e-05 1
3.485970e-07 1
3.116021e-06 1
1.455516e-04 5
3.598296e-05 1
1.447204e-05 1
3.647125e-05 1
1.915897e-05 1
6.031940e-06 3
3.141977e-05 2
3.511773e-05 3
3.602539e-05 2
2.834865e-06 2
3.821680e-05 1
3.327275e-06 1
8.538907e-05 3
4.504662e-05 2
3.311133e-06 1
1.043239e-05 229
1.464734e-05 1
6.304550e-05 1
4.420492e-05 219
4.787618e-06 1
5.064534e-05 1
1.029056e-05 48760
2.510928e-05 2
8.399518e-06 1
5.607093e-05 1
3.529811e-05 1
9.067698e-06 1
3.840449e-05 62
8.086486e-06 2
5.551758e-05 1
5.850004e-05 1
2.555751e-05 1
2.244328e-05 3
2.877993e-05 1
1.854050e-06 210
5.621344e-06 1
4.074281e-05 2
1.002666e-05 1
4.800438e-05 1
1.207081e-05 1
1.183828e-05 1
3.715860e-05 72
2.123524e-05 1
4.689120e-06 24
2.399143e-06 15
3.551593e-05 1
6.924194e-06 1727
7.945504e-05 1
4.281565e-05 1
1.649480e-05 3
7.175008e-06 1039
5.452326e-05 1
6.308797e-05 1
5.623134e-06 1
5.640081e-05 1
1.757321e-05 2
1.121900e-04 1
2.614658e-05 1
2.729178e-05 1
8.201846e-05 1903
1.949824e-05 1
5.127169e-06 1
1.568544e-05 1
4.710425e-05 1
9.675602e-05 1
2.758637e-05 1
2.097276e-05 47722
3.123270e-05 2
4.053783e-06 1
5.006036e-06 3
6.586515e-06 1
1.177032e-05 1
3.695368e-05 1309
2.630947e-05 3
7.093580e-06 2
3.481122e-05 1
5.199408e-05 5
1.142807e-04 3
1.936223e-05 1
6.383659e-05 1
3.186167e-05 2
2.244806e-05 1
9.838400e-06 1
2.684406e-06 2
2.646876e-05 6
3.738901e-06 1
5.651656e-05 2
2.524123e-05 6
1.212417e-05 1
9.250266e-05 2
2.732620e-05 62294
4.531610e-05 1
6.301490e-06 1
6.000749e-06 1
2.146505e-05 6
8.030521e-06 2
7.917532e-05 2
2.495441e-05 1
2.599436e-05 4
2.053256e-05 1
2.035337e-05 1
1.249613e-06 1
1.700060e-05 1
2.381693e-06 2096
4.753129e-06 1
3.071917e-06 1
8.214903e-06 2
1.075821e-04 1
1.871466e-05 6
4.690857e-05 1
2.294835e-06 5
1.425981e-06 1
5.730055e-05 1
6.679531e-05 1
4.845779e-05 2
3.341528e-05 1
1.651166e-05 1
3.210510e-05 1
5.353996e-05 6
1.119946e-05 3
1.129931e-05 1
2.017318e-05 3
1.095250e-05 1
1.843339e-06 3
9.334948e-07 64798
4.661150e-05 1
2.010616e-05 3
2.117483e-05 41300
1.498391e-05 1
2.665060e-05 1
2.708650e-05 1
4.901933e-05 1
1.062051e-05 52580
6.617604e-05 1875
2.853558e-05 1
1.713913e-05 6
4.598665e-05 2
1.406117e-06 2096
5.661802e-05 1
1.750432e-05 1
3.626336e-05 1
4.667569e-06 2
7.098182e-05 594
5.894369e-07 1
1.437279e-05 1
1.640346e-05 1
1.607177e-06 1
5.414453e-05 1
3.309211e-06 2
3.254518e-05 1
1.363205e-05 2
3.536611e-06 1
4.168444e-08 1
5.052158e-05 214
4.228865e-05 2
2.941109e-05 7
5.399157e-05 3
3.066899e-05 1144
2.651906e-05 1
1.565765e-05 1
8.421579e-05 219
1.230911e-05 1
7.949517e-05 1
3.935402e-06 2
9.034002e-06 1
7.138374e-05 3
1.014985e-05 5
2.211515e-05 1
6.053761e-05 1
1.244848e-06 1
2.355058e-05 1
1.575035e-05 3
3.669248e-05 174
3.205935e-05 1
1.563666e-05 1
3.188162e-05 1
1.662540e-05 1
2.884499e-05 1
5.029994e-05 219
3.376994e-05 10
2.479169e-06 1
5.367795e-05 3
4.945865e-06 2
1.467888e-06 215184
6.440219e-05 3
8.724693e-05 7
1.149563e-05 3
1.151848e-04 1
7.462405e-08 24001
5.066277e-05 1
1.941301e-05 1
3.356947e-06 3
5.676702e-05 3
5.902551e-06 13
4.572406e-06 1
4.664892e-05 1
5.532632e-06 53774
1.307851e-05 5
3.936869e-06 44990
1.024830e-05 2
2.472844e-05 1
3.324677e-05 1
4.165687e-05 2
3.257464e-05 5
4.302165e-05 7
5.261614e-06 3
2.880116e-05 1
1.542508e-05 3
3.704937e-05 1
1.086313e-05 2
2.703054e-05 1
2.972875e-05 1
1.763690e-05 1
6.834635e-05 6
2.849474e-05 5
1.727241e-05 1
1.134806e-05 49
1.909231e-05 18709
5.052009e-05 1
3.520121e-05 2
3.659457e-05 3
5.291641e-07 7
3.529536e-05 1
1.604270e-05 1
5.052944e-06 487686
7.002923e-06 1
2.458740e-05 47131
8.467639e-05 157
2.238430e-05 1
4.048909e-06 2842
5.120354e-06 1
1.509729e-05 1
4.183736e-06 1
8.489364e-06 106
9.547762e-06 3
5.179347e-05 1
8.794843e-06 3
2.771223e-05 1
2.599593e-05 1
7.474802e-06 2
1.826672e-05 1
7.991704e-05 7
1.172234e-06 155
2.411139e-05 2
3.280414e-05 37077
1.459226e-06 1
8.900132e-05 1
1.739453e-05 1
6.909897e-06 1
7.477338e-06 65
3.502498e-05 2
2.357914e-05 1
3.009300e-05 3
1.540075e-06 1510
5.117965e-05 3
7.184207e-05 1
4.275231e-05 23767
3.471553e-05 1
2.648764e-05 1
3.111028e-05 1317
8.246042e-06 1
7.204967e-07 1
3.579246e-06 1
4.682043e-05 36
1.236847e-05 1
1.896981e-05 110
2.430856e-05 1
5.806148e-05 1
2.101530e-05 7
2.283225e-05 1
2.662845e-05 1
3.903397e-05 3
4.710828e-05 1
5.852055e-06 17
9.511262e-06 1
8.277266e-07 52738
4.586478e-05 1
1.891227e-06 1
3.659658e-07 1
4.190555e-06 1
5.031592e-06 1
7.604529e-05 1
1.106612e-05 33465
1.676215e-05 117
3.107072e-05 1
4.048229e-06 1
5.768446e-06 1
2.359768e-05 1
3.671950e-05 5
8.639185e-06 4
5.230008e-06 3
2.721356e-05 61
6.111148e-05 1
7.125413e-05 5
3.407568e-05 1
6.913869e-06 1
1.810459e-05 157
9.685654e-06 3
4.205680e-06 1938
1.561343e-05 3
4.690868e-05 3
2.546752e-05 22208
1.014835e-05 6
5.341390e-07 1
2.903601e-05 2
2.379498e-05 5
1.089406e-05 2
9.971705e-06 2
1.015664e-05 190
1.213310e-05 1
1.111547e-05 1
1.689631e-05 226
7.388775e-07 137
7.816282e-05 1
2.884236e-05 198
8.085750e-05 3
1.277762e-05 1
9.268307e-06 1
2.105454e-05 1
2.776938e-05 67
6.396892e-05 62
4.532631e-05 408
6.058496e-06 1
4.641071e-05 1
7.758390e-06 1
1.684750e-06 1
3.541163e-05 1
5.758088e-05 1
2.422443e-05 224
1.789648e-05 940
6.532953e-05 3
1.408040e-05 3
5.986860e-06 1
2.467313e-05 1838
5.770264e-05 1
1.841224e-05 533
2.473996e-05 1794
1.551895e-05 1
2.583991e-06 1
2.514946e-05 1
6.856785e-06 1801
1.810014e-05 7
4.194513e-05 55672
1.334421e-05 1
1.473322e-05 1
1.416605e-05 1
4.921063e-05 6
1.169539e-05 976
2.070160e-06 1
3.094924e-05 1
1.088180e-05 1
1.791219e-07 1
1.147572e-04 260
1.588430e-06 1448
1.453513e-05 1
1.412421e-05 17582
4.149956e-05 3
1.843900e-05 4
1.290969e-05 5
6.293009e-07 2
5.901152e-05 1
5.062199e-06 1
3.446978e-05 2
7.043314e-07 2
7.838372e-05 2
5.736762e-05 2
6.641352e-05 3
5.252948e-05 2
3.226070e-06 1051
5.207420e-05 1
1.018609e-05 1
4.623942e-05 1
1.745877e-05 1
1.456178e-05 3
2.771276e-05 1
6.942548e-05 1
1.410180e-05 1
1.788409e-05 4
6.528779e-06 6
1.143576e-04 5
1.625166e-05 1
2.817914e-05 3
1.376243e-05 1
4.146354e-05 3
8.606382e-05 27151
1.149542e-04 2
3.045226e-05 1
6.027899e-05 6
1.104224e-04 42
5.180888e-05 129
1.377128e-05 1
3.988545e-06 258
5.449100e-05 6
3.737811e-05 1
9.711135e-07 1
1.735357e-05 4
2.934522e-06 1
3.546044e-05 1177
6.862457e-06 1
3.727871e-05 1
2.321517e-06 1
2.156777e-05 1
5.412615e-06 1
1.058043e-05 281833
9.050878e-06 6
5.477696e-05 1
7.386300e-06 3
1.795772e-05 5
7.415267e-05 1
6.682121e-05 2
4.938525e-05 1
3.521117e-05 1296
5.925417e-05 1
4.202048e-05 3
2.421684e-05 2
1.724599e-05 1
4.658360e-05 2
7.362543e-06 2
3.661029e-06 1
2.392884e-06 1
1.234630e-05 1
4.291791e-05 20977
2.170813e-05 42657
3.189065e-06 1
2.342557e-05 601234
1.139860e-04 117
4.089871e-06 1
4.314173e-05 1
5.201504e-06 2
5.930930e-05 1
9.023425e-05 8530
3.171926e-05 231
2.963561e-05 1
2.483831e-06 5
1.319683e-05 2
2.430487e-05 220
1.645074e-05 1
9.995961e-05 1
2.598927e-05 2
1.578767e-06 89
3.231217e-05 3
5.642020e-05 2
1.668423e-05 1
1.683335e-06 1
1.389450e-05 1
7.623506e-05 3
3.755251e-05 1
1.173711e-05 41406
5.438499e-06 1
9.280358e-06 1
2.480822e-06 1
1.890222e-05 1
3.997875e-05 1
8.401840e-06 1
1.987775e-05 32
5.307817e-05 1
4.281091e-06 58
5.895081e-05 5
1.176985e-05 2
1.210854e-05 3
3.127722e-06 1
2.210718e-05 1
2.159861e-06 2
4.004993e-05 6
1.031730e-05 6
2.551748e-05 57085
8.724971e-05 3
2.747331e-05 22142
3.018338e-07 1
9.410739e-06 2
1.340553e-04 1
5.304340e-05 1
9.720497e-06 37555
1.205167e-05 1
3.818926e-05 1
3.687556e-05 1
7.179232e-05 1
5.999342e-05 3
3.717705e-05 1
3.388555e-05 1
4.842504e-05 1
7.097135e-09 176
1.161597e-05 2
3.522261e-05 4
5.127642e-05 5421
3.330101e-05 2
8.218814e-06 5
4.006372e-05 1
2.764729e-05 3
5.005753e-06 2
1.112101e-05 6
1.000904e-04 1
1.038909e-05 1
1.917131e-05 1
6.639381e-06 1
1.178237e-05 2
2.725326e-06 1
2.032862e-05 1
1.263786e-05 3
2.499266e-05 1
5.734302e-05 1
4.910829e-05 1
3.932826e-05 1
9.877868e-05 1
2.883139e-05 5174
1.734970e-07 1
1.017468e-05 4
1.040449e-04 2
6.285976e-05 895
4.237380e-05 1
2.482014e-05 2
3.101106e-05 2
1.618974e-05 180
1.760691e-05 1
6.154677e-05 34006
3.468539e-06 1
1.466666e-05 1
4.545552e-06 3
1.684322e-05 2
6.231264e-05 1
2.558538e-05 1
1.712683e-05 1
2.019520e-05 4
5.612582e-05 2
3.357765e-05 2
4.264720e-07 1
6.795378e-05 241
2.383057e-05 1
4.040530e-05 206
1.520079e-05 1
1.304062e-05 24216
2.637068e-05 1
7.670774e-06 1
2.308545e-05 3
1.282562e-05 3
5.595847e-05 1
2.723210e-05 1
6.469694e-07 7
2.971391e-05 433
4.389250e-06 3
1.411097e-05 1
4.097225e-05 3
8.838370e-07 1
1.113371e-04 334
4.294516e-05 1
5.847429e-05 28994
1.634419e-05 2
3.833305e-05 280
2.752769e-05 1
2.622709e-05 2
1.560127e-05 3
1.960394e-05 1
2.925681e-06 3
1.777222e-05 1
1.881146e-05 6
4.659851e-05 1
5.095849e-06 3
4.980847e-05 2
4.501641e-05 932
2.508808e-06 64
3.705672e-05 1
5.922040e-06 3
1.316783e-05 7
2.978859e-06 1
1.149610e-06 1
2.704397e-05 1
4.131234e-05 2
6.609111e-05 28914
3.886519e-05 1
4.834509e-05 2
9.509327e-06 265
1.482770e-05 1
5.497829e-05 36
4.379601e-05 1
1.296734e-05 1
1.412058e-05 1
1.136600e-05 1
4.393276e-05 2
4.770708e-05 1
5.367050e-05 1
1.400071e-04 1
1.960245e-05 1
3.817799e-05 1
2.755579e-05 1
2.613615e-05 2
6.242042e-05 1
1.785120e-06 1
2.087565e-05 4
8.371966e-06 1
3.684581e-05 1
3.360434e-05 1
3.507890e-05 111
7.457743e-06 5
7.123400e-06 1
2.516358e-05 30738
4.664964e-05 16081
2.290817e-05 6
8.001149e-05 1
8.766804e-05 134
6.297976e-05 4
4.772378e-05 1
6.199566e-05 1
5.611881e-06 7
1.470261e-05 3
2.915833e-05 1
1.007851e-04 1
6.038240e-06 1
6.231643e-05 3
1.478624e-05 2
8.455598e-06 1
1.537074e-06 3
1.467223e-04 1
1.989609e-06 169
3.969485e-05 59549
8.554714e-05 5
9.045785e-06 1
2.270719e-05 5
5.836008e-05 1
8.142203e-06 5
4.684496e-05 1
6.053941e-05 1
7.466462e-06 1
6.106259e-05 1
2.344703e-05 1
9.180677e-05 135
2.527989e-05 4
4.873927e-06 2
3.376563e-05 1
2.423999e-05 1
9.027844e-06 32319
1.058639e-05 2
6.472635e-05 3
1.917403e-05 1183
1.327840e-04 1
7.618768e-06 1
1.081549e-05 3
3.469590e-05 1
2.059627e-04 1
3.538558e-06 1
9.351364e-06 397
1.834019e-05 584702
1.259640e-04 1
1.772925e-05 1
2.636419e-05 244
2.164444e-06 2
1.971284e-05 6
1.400356e-05 1
9.757534e-05 35216
8.554260e-06 3
2.438260e-05 1
1.081434e-05 2
6.187724e-05 2
3.495191e-05 2
2.498100e-06 2
3.877887e-05 2
7.731888e-05 1
7.372029e-06 36555
4.308999e-06 2
8.504107e-06 3
1.708813e-05 1
4.391864e-06 3117
4.177853e-05 226
2.159195e-05 1
2.159730e-05 1
2.173127e-05 1
1.068381e-05 1
4.220105e-05 1
1.022773e-05 1
6.632376e-07 6
1.439388e-05 1
6.795926e-05 1
2.492922e-05 1671
3.310823e-06 111
1.466854e-05 3
1.997238e-05 1
2.160627e-05 2
2.067308e-05 1
3.978826e-05 1
7.495679e-06 1
5.263964e-05 1
8.896501e-06 1
5.539833e-05 1
2.010627e-05 3
2.479289e-05 2
1.603136e-05 1
1.656512e-05 4
3.310961e-05 1
4.940299e-05 1
1.395723e-04 1
1.330860e-05 1
2.782638e-06 52241
3.551847e-05 1
1.790067e-05 5
1.209013e-04 183
9.749277e-06 6
5.131065e-06 2093
9.474991e-06 34
1.314202e-05 1
3.167401e-05 1
1.894198e-05 82
2.781722e-06 1
3.378172e-06 7
7.341224e-06 1
7.249651e-06 3
2.685453e-06 2
3.436672e-05 1
1.723627e-05 4
5.911222e-05 3
1.025820e-04 19445
6.281597e-06 1
2.522925e-05 1
3.861100e-06 1
6.832506e-05 1472
3.499803e-05 555991
2.445424e-05 2
2.675081e-06 1
1.603361e-06 2
4.244348e-05 1
3.842575e-06 1
6.631379e-05 6
2.383621e-05 1
1.356652e-05 5
1.652828e-05 1
5.677660e-06 118
5.633700e-06 1
8.000214e-05 2
2.491168e-06 183
1.137319e-06 188
5.392370e-05 1
6.708399e-05 1
