1.303036e-04 1
2.343826e-06 1
1.167393e-05 155
6.237843e-05 1
3.620491e-05 214
2.180195e-05 1
5.158198e-05 1
1.698575e-04 1
8.886956e-07 1
7.304633e-05 1
2.609376e-05 4
4.020538e-06 1
8.423891e-05 1
4.541397e-05 3
3.787572e-05 357
5.669896e-05 1033
3.257065e-05 1
1.581603e-04 242
6.408518e-05 7
3.805139e-05 1
8.269246e-05 1
4.981110e-05 1
2.563470e-05 1
1.090129e-04 6
2.026575e-05 1
4.903657e-05 1
1.759703e-05 6
1.705414e-06 77
2.399523e-05 1
2.753243e-05 1
6.093912e-05 1
9.699624e-06 1
1.312586e-05 3
4.416663e-05 3
4.772581e-05 1
3.500485e-05 3
4.349041e-05 1
7.141792e-05 1
1.551766e-05 1
3.022060e-06 2
3.639785e-05 3
1.678607e-05 113
2.064138e-06 1
3.857364e-05 38630
1.022458e-04 3
2.251929e-05 1
1.130923e-05 7
9.846235e-05 1
1.433584e-04 3
4.754075e-05 243
2.996298e-06 1924
1.160249e-05 1
9.278829e-06 46
5.499323e-05 2
1.387721e-05 6
3.986842e-05 2
4.371146e-05 1
8.968379e-05 1771
3.340123e-05 3
7.381488e-06 1
2.640193e-05 35
3.842479e-05 1
3.132977e-05 4
7.530225e-05 3
1.673591e-04 1
5.805962e-05 7
4.760969e-06 1
4.668773e-05 1
9.177267e-06 1
2.769695e-05 178
3.841021e-05 1
1.221435e-04 1
2.785103e-05 1
5.973465e-05 1
2.271801e-05 2
2.061235e-06 6
1.737398e-05 64712
4.036987e-05 1
6.254594e-06 1
7.159006e-05 3
7.835209e-05 1
1.145821e-05 6
3.844584e-05 41987
7.584666e-06 1287
2.292325e-05 1
1.428608e-04 1175
4.410484e-05 1
2.064222e-05 50611
1.542011e-04 6
7.106410e-05 6
1.618332e-04 1
4.996091e-05 2
1.040436e-04 3
4.959729e-05 1170
1.443674e-05 221
4.071651e-05 1
2.540038e-05 766
1.205878e-05 1
2.017287e-05 1
1.352232e-04 1
1.532522e-05 1
3.518774e-05 15573
2.806758e-06 2
2.789962e-05 2
6.443355e-05 1107
1.744271e-04 1
2.367620e-05 1
1.270653e-05 1
1.301040e-04 1
3.854171e-05 1
1.762663e-05 1
9.568589e-05 1
7.190798e-05 1
1.741190e-05 2
4.148588e-06 1
4.914531e-05 6
6.006268e-05 2
1.282215e-06 1
4.893564e-05 1
5.360861e-06 3
6.933038e-06 1
7.998305e-05 2
2.000174e-04 7
1.231397e-05 4
1.171382e-04 1
1.355902e-05 29716
1.283429e-04 1
8.602020e-05 2
2.136309e-05 1
2.214601e-05 1
1.168765e-05 615675
1.427673e-05 2
4.552551e-05 129
4.195918e-05 2
3.731422e-05 2
1.524975e-05 1808
3.268557e-05 1
2.194526e-05 1
2.201759e-05 2
6.842377e-06 214
2.580834e-06 1
6.157722e-06 1
2.437494e-05 1
7.169809e-05 1
8.928112e-05 1
1.837202e-05 1
1.617463e-05 2
3.145591e-05 6
1.366602e-05 752
7.155947e-05 1
5.862652e-06 6
3.557932e-06 1
1.674588e-04 5
3.525326e-05 1
3.006660e-05 1
1.906922e-05 1
1.569528e-04 2
3.122469e-05 262
7.494725e-07 262576
2.996548e-06 1
4.979960e-05 1
4.702494e-05 49086
9.369237e-06 7
1.548148e-05 1
5.568804e-06 2
7.411517e-05 1
5.145367e-06 1
3.646720e-05 1
3.383967e-05 1
1.758082e-06 503
2.259921e-05 1165
1.017160e-05 37193
9.135207e-05 1
8.479544e-05 1
4.316550e-05 112
2.708743e-05 1
4.501466e-05 68
2.238268e-04 1
7.919988e-06 1280
2.248855e-06 1
8.990283e-05 1
8.517078e-06 1
5.010250e-05 1
1.786498e-05 201
3.850456e-07 1
3.128576e-05 180
3.839883e-05 1
1.536484e-05 1
1.456574e-05 3
1.286618e-04 7
2.204720e-06 3
1.486331e-04 1
1.768850e-05 1
2.851809e-05 1
4.554030e-06 1
4.009668e-05 1
5.674455e-05 3
2.945474e-05 1
7.925556e-05 1
6.582380e-06 1
4.681126e-06 51
1.986304e-04 68
2.075867e-05 4
2.964004e-05 4
4.924647e-05 1
2.817633e-05 4
7.204778e-05 2030
1.729820e-05 1
2.400848e-06 1
1.262070e-04 1
6.936500e-05 26
2.431773e-05 1
1.044766e-05 3
3.292693e-05 3
1.099463e-05 14820
1.276034e-09 5
3.398202e-06 5
1.703166e-05 97
8.320106e-05 2
2.187494e-05 2
6.840369e-06 1
1.751800e-06 1
4.368973e-06 1
5.152759e-05 1
8.491139e-05 1
1.063578e-05 1
2.781928e-05 2
7.787198e-06 1431
7.413509e-05 3
7.446292e-06 1
1.017322e-05 1
2.902719e-05 1
6.238723e-05 140
6.090344e-05 4
6.860444e-06 1
2.932702e-05 418
5.382333e-06 4
4.188786e-05 7
4.265365e-05 6
3.000628e-06 198
1.337338e-05 4
1.022472e-05 2
1.318850e-04 1635
2.054912e-05 190
1.299321e-05 1
5.641780e-05 42400
8.803419e-05 1
1.620728e-05 6
3.174957e-05 3
2.579333e-05 1
1.310024e-05 1
1.778129e-05 1
3.712167e-05 1
3.031581e-06 5
3.468135e-05 2
9.145467e-05 5
1.971827e-05 241
1.069054e-05 1
5.219171e-05 1
6.161235e-06 1
2.128957e-05 144
1.191194e-05 2
3.594001e-05 3
7.646953e-05 1
9.164235e-06 1
2.051030e-05 2
6.576066e-05 1777
1.020840e-05 212
7.367823e-06 1
3.006776e-05 1
4.462142e-07 347
9.113768e-06 165
4.529421e-06 1
3.665539e-05 88
8.755314e-05 1
1.664642e-05 1
1.828288e-04 149
1.922378e-06 1
4.890756e-05 1876
3.512981e-05 7
5.941721e-05 1
1.692669e-06 184
6.947380e-06 3
1.769072e-06 1
3.136642e-05 1
1.985977e-06 1
7.013976e-05 2
1.922969e-05 1
6.833077e-05 3
2.826271e-04 6
3.367266e-07 1
1.042186e-05 1
5.772606e-05 1
1.310250e-05 6
1.197116e-05 7
8.262316e-06 2
3.187727e-05 124
6.881618e-05 1
3.162314e-05 3
1.450381e-05 1
4.755085e-06 3
5.844551e-05 1
6.623068e-07 173
6.719943e-05 3
3.527902e-05 1
1.771636e-05 1
5.365106e-06 1
1.328944e-04 10575
3.072413e-05 1
5.471009e-06 1
6.440153e-05 1
1.406411e-05 1
4.060948e-05 3
4.198967e-06 1
6.441679e-05 330887
1.158128e-04 1
2.190403e-05 2
3.608714e-05 6
3.266550e-05 112
1.827083e-05 1
5.114249e-05 1
2.241086e-05 1
7.489130e-05 1
4.511776e-05 250
5.395930e-05 688
5.336025e-05 7
8.705682e-06 1
2.927707e-05 1
4.112617e-05 1
1.808926e-05 1
9.020842e-05 1
9.589692e-05 1
3.124816e-05 1
1.776366e-04 5
4.289373e-05 2
7.234930e-05 1
1.052822e-04 1
1.710131e-05 1
2.106527e-05 158
7.970504e-06 1
7.428096e-06 7
7.594495e-06 1
6.695644e-05 1
5.773060e-05 1
2.796526e-05 1
1.316458e-04 1
3.426563e-05 1
1.547002e-04 4
8.617831e-05 3
2.973664e-05 1
1.861801e-05 1
4.594021e-05 1101
3.919798e-05 2
2.676896e-05 1
3.741578e-05 2
9.786023e-06 165
4.714146e-05 1
7.004035e-06 1
4.335883e-05 1
5.697940e-05 1
1.990521e-05 1
1.660869e-05 3
2.178839e-05 2
2.825879e-05 3
1.520905e-05 3
1.326987e-05 1
4.434466e-05 6
2.146464e-05 625
9.030367e-05 6
6.845664e-05 3
1.297779e-05 22719
3.588799e-05 2
4.007673e-05 3
7.288348e-05 109
1.374316e-04 2
8.423305e-06 60
5.060351e-05 165
3.881467e-06 3
4.126414e-05 1
1.185267e-04 1
2.998683e-05 1
5.908638e-05 1
4.844907e-05 5
2.082301e-05 1
1.486677e-05 1
2.578197e-05 1
2.317739e-05 6
3.545233e-05 1
1.049610e-04 4
2.776555e-05 1
7.137494e-06 2
3.048621e-06 1
1.850773e-05 1
4.204338e-05 1
1.357160e-05 123
4.563047e-05 1
2.219080e-05 1
1.442979e-04 1
4.771574e-06 2
6.190279e-05 1
9.854498e-06 266
2.696595e-05 2
1.653215e-05 1
5.138020e-05 5
4.410286e-05 1
1.392374e-04 1
4.521990e-05 2
3.620986e-05 2
4.100587e-05 2
1.042772e-06 1
1.375284e-05 1
2.856959e-05 1
1.075235e-05 1
1.599169e-06 1
7.054565e-05 1
1.392531e-04 2
2.082654e-05 1
6.387201e-06 1
2.593130e-05 1
3.056385e-05 4346
2.081406e-05 1
6.754828e-05 1
4.739817e-05 3
1.407623e-05 246
2.318214e-05 1
1.850489e-07 1
4.318586e-05 1
7.115402e-05 1
6.887635e-05 1
4.510917e-05 12
1.747418e-05 2
9.566211e-05 4
3.649470e-05 1
3.297772e-06 1
4.700155e-05 3
1.231382e-05 1009
3.159497e-05 1
9.522897e-05 5993
9.128889e-05 4
6.164551e-05 2
1.001504e-04 1
1.297346e-05 2
6.715945e-06 2
5.182877e-05 1
7.010353e-06 7
9.863765e-06 3
1.884991e-05 5
4.996216e-05 1
5.723946e-05 1
2.147751e-05 6
5.038509e-06 1
2.755555e-07 3
5.828943e-05 1
1.564149e-05 38142
4.442233e-06 2
5.602009e-05 3
2.669971e-05 1631
7.993011e-05 160
4.284284e-05 6
5.182108e-05 1
6.695962e-07 1
4.645272e-05 1
9.991661e-05 1
1.466019e-04 261
3.289506e-05 2
1.701544e-05 1
2.626386e-05 1
2.985936e-05 3
1.361260e-04 1
5.344611e-05 1
3.654373e-05 1
1.266874e-05 1
9.876005e-05 1
4.544103e-05 1
7.839398e-06 3
1.769800e-05 1
4.538761e-05 1
2.298334e-05 1
1.035475e-04 172
6.271322e-05 2
1.060838e-05 235
4.427619e-05 2
8.230654e-05 5
1.337801e-05 1
6.763237e-05 3
1.091303e-04 1
2.267919e-05 348
9.372624e-06 1
3.665796e-06 1
1.156364e-04 7
3.729952e-04 1345
1.534494e-04 3
2.667746e-05 1
4.711194e-07 1816
6.807200e-05 1
1.630131e-05 6
1.295605e-05 1473
1.222381e-05 5
1.423656e-05 49
6.399752e-07 1
5.599766e-05 1
3.172117e-06 1
7.163410e-05 276
4.243765e-05 3
1.373902e-05 1
2.129962e-05 1
1.696588e-05 1
7.781213e-05 1
5.720503e-05 174
1.526715e-05 1
3.385067e-05 2
1.381076e-04 5
6.488730e-05 1
3.895926e-05 1
1.958660e-05 4
1.768279e-05 3
1.724999e-05 1
4.577683e-05 41
3.296412e-05 3
5.375438e-05 1
3.522360e-05 4
2.640468e-05 1
3.766306e-05 18
1.567507e-05 1
5.522267e-05 1
8.015624e-05 3
2.649819e-06 1
9.172133e-05 2
9.217073e-05 3
5.264846e-05 3
1.469029e-04 2
5.696221e-05 1
1.250208e-04 1
1.332605e-05 1
1.862355e-05 4
1.611010e-04 1651
3.511851e-05 1
1.873842e-05 1
5.429011e-05 4
8.177510e-06 1
1.471136e-05 6
7.715200e-05 2
2.708093e-05 1
2.462859e-04 2
1.287278e-04 39
4.476529e-05 1
6.823019e-05 584
3.923090e-05 37939
1.275469e-05 1
4.723257e-07 1
1.583326e-05 1
4.219469e-05 4
8.987290e-06 3
3.264502e-05 1
1.515681e-04 7
3.871442e-05 6
3.561237e-05 1
2.194351e-05 1343
1.815553e-05 235
5.110438e-06 11421
8.206255e-05 1
1.087192e-04 1
2.321579e-05 1
9.629645e-05 1
5.997798e-05 1
6.546282e-05 5
2.605953e-06 4
8.421651e-05 1
2.785931e-05 3
4.818790e-05 1
2.552604e-05 1
1.846927e-05 2
7.130960e-05 1125
2.022893e-04 750
1.844080e-05 1
7.808181e-05 2
8.735513e-05 64
2.954360e-05 3
4.702144e-06 4
2.197565e-05 1
1.115079e-05 1856
7.630438e-05 1
3.241422e-05 2
1.875243e-05 1
1.183924e-05 3
7.890029e-05 1
1.269851e-05 1
1.029212e-04 7
1.255964e-05 41571
6.228395e-05 1
3.414946e-06 1
1.260181e-06 1
7.348109e-05 1
9.810264e-05 1
7.878987e-05 1
4.669920e-06 1
1.721621e-04 1
1.109822e-05 1
4.593944e-05 1477
6.954631e-05 917
3.759917e-05 1
2.154697e-04 100
4.714926e-05 124
3.196167e-05 1
4.063079e-05 159
5.654736e-05 1
1.997936e-05 1
7.288397e-05 83
1.020747e-04 56
1.677112e-05 5
5.842105e-05 3
4.512990e-05 1
4.564348e-05 1
4.458273e-05 1
5.703475e-06 1
1.833924e-05 6
5.637377e-06 3
1.296954e-04 1
6.263554e-06 1
2.376079e-05 1
7.542114e-05 2
3.427724e-05 8581
9.881017e-05 1
2.378813e-06 7
3.646512e-05 2
8.009925e-06 252
1.997259e-05 1
1.801450e-05 1
3.563740e-05 27
8.567055e-05 6
6.089737e-05 1
2.106411e-05 1
7.255718e-05 2
1.002257e-04 1
1.321220e-05 69
4.781862e-05 47
4.284841e-05 3
8.081409e-05 3
1.294735e-05 40560
4.886700e-05 2
4.447031e-05 3
2.105554e-05 2
7.646678e-06 1
3.316871e-05 7898
9.392850e-05 7
7.339728e-06 461901
2.823809e-05 1
3.068319e-06 219
1.932131e-05 1
1.177202e-07 3
2.261136e-05 400258
5.451625e-05 1
1.695235e-05 1
5.046551e-05 2
6.836483e-05 1
1.319489e-05 3
1.015279e-05 7
2.106615e-06 1180
1.449002e-04 3
2.326728e-05 3
1.188249e-04 1
4.928988e-05 1
8.650715e-06 1581
5.165684e-05 7
1.128281e-05 211
3.114838e-05 1
2.721277e-05 1
1.147693e-06 1
1.237074e-06 1
1.703771e-05 29111
1.263979e-04 5
2.370649e-05 1
2.785581e-05 1
5.636533e-05 1
9.697748e-06 13
4.968311e-05 1
3.430303e-05 1
2.355229e-05 41442
1.614842e-05 3
1.688924e-05 212
4.639847e-06 3
2.686191e-05 3
1.568897e-04 1
4.533697e-06 2
5.030945e-06 1
2.173852e-05 170
7.147157e-05 1
4.011124e-06 3
6.721374e-05 3
1.008156e-04 45959
1.182712e-04 220
3.476142e-05 3
3.231960e-05 1
9.076582e-05 1
4.407603e-05 67407
1.527392e-05 1
4.857293e-05 3
7.703202e-05 2
9.066736e-06 1
3.905414e-05 5
1.052267e-05 4080
2.010617e-04 1
1.910971e-05 1
9.314386e-06 1
4.526527e-05 1
1.617416e-05 1
9.184457e-05 3
6.464408e-05 30
8.549465e-06 1
1.706115e-05 61089
1.092438e-05 1
5.933034e-06 585
7.111790e-05 3
5.998707e-06 205
1.407401e-05 1
5.692596e-05 1
3.108250e-05 1
1.023351e-04 3
3.560514e-05 270
5.732268e-05 3
2.643547e-05 2
8.608046e-07 49
2.626178e-05 1
1.670532e-04 7
4.591023e-05 1
1.267236e-04 1
7.204617e-05 127
4.767855e-08 1
4.826758e-05 1
1.103157e-05 1
7.288655e-05 3
3.397689e-05 2
1.408015e-05 3
6.090513e-06 171
1.338212e-04 114
7.246654e-06 4
6.897396e-05 167
2.093498e-06 6
5.908573e-05 7
2.382138e-05 1
3.725533e-05 1
4.329348e-05 1
2.510425e-05 1
5.587387e-05 1
5.568942e-06 1
4.489222e-05 1
9.296204e-06 13393
1.950784e-05 1
1.204914e-04 2
3.865636e-05 1
8.806367e-06 3
1.819677e-05 7
4.748177e-05 5
7.735447e-05 1
1.459986e-05 1
2.185053e-04 1
1.050084e-04 236
3.590735e-05 1
7.327226e-05 1
6.340704e-05 3
4.382174e-05 1
1.798064e-05 2
1.050136e-04 130
2.126044e-06 2
5.300875e-05 88
6.691759e-05 1
6.826697e-05 1
2.612691e-05 1
1.947202e-04 2
2.072994e-05 2
2.668490e-05 1
6.049022e-05 1
6.172423e-05 2
2.359736e-05 2
6.785123e-06 1
1.572968e-05 1
8.398547e-06 6
9.063197e-06 57650
2.600078e-06 1
2.858299e-05 1
1.291300e-04 1
1.350039e-04 1
1.810378e-05 1
1.014849e-04 3
4.466465e-05 1
2.061331e-05 1
3.249250e-05 147
2.723179e-05 1
8.869523e-05 1
2.384643e-05 1
9.601708e-05 49
5.170475e-05 1
3.089792e-06 1807
7.075665e-05 101
1.577530e-05 1
1.377173e-06 1
4.098618e-05 1
5.123365e-05 1
7.563689e-06 3
4.639659e-05 4
7.305277e-05 35152
1.210357e-04 1
3.792575e-05 1
3.644006e-05 4
3.972195e-05 1
5.599446e-05 1
5.608807e-05 233
1.971726e-06 2
2.497749e-05 194
2.621246e-06 1
1.475384e-04 552917
3.694317e-05 1
1.103633e-05 1
1.553058e-05 171
6.002789e-05 228
5.418375e-05 1
3.879768e-07 252
8.135389e-06 2
5.288115e-05 1
3.267711e-05 1
1.126764e-04 1
8.961347e-06 230
8.684457e-06 7
4.197604e-05 3
1.351837e-04 2
1.002618e-04 1
5.578682e-05 1
7.715242e-05 3
4.821391e-05 1
2.674718e-05 1
7.430046e-06 2
1.465807e-04 1
1.258214e-04 5
4.239124e-05 3
4.867992e-05 2
2.600703e-05 1
2.793768e-05 1
6.013857e-05 1
3.337222e-06 6
5.853696e-05 1
5.325884e-05 1
9.907346e-06 1
1.095840e-04 5125
5.999174e-07 100
5.882597e-06 6
1.581320e-04 4
6.402363e-05 1
5.385672e-05 1
6.891373e-05 1
4.053940e-05 1
3.698159e-04 2
1.995173e-05 1
1.014915e-05 4
2.198394e-05 2
1.685804e-04 1
8.808747e-05 2
9.014655e-05 22
3.743911e-05 3
4.362044e-05 3
3.260605e-05 1
5.277512e-05 1
1.928183e-05 1
3.345283e-05 1298
6.447750e-05 1
6.223846e-05 223
5.429088e-05 1
4.653981e-05 3
3.248130e-05 6
1.255153e-04 1464
1.891320e-05 1
7.556868e-05 2
9.117541e-06 1
7.476935e-05 1
2.903899e-05 1
8.232178e-05 1
8.707265e-05 28056
9.343546e-05 2
2.348731e-04 1
5.559312e-05 1
7.691597e-05 1
3.787688e-05 1
1.088900e-04 170
4.003739e-05 1
1.505617e-05 5
3.189201e-05 2
4.137886e-05 1
8.653821e-05 209
3.563500e-05 1
5.543764e-05 1
2.069945e-05 1
1.818170e-05 233
9.735509e-05 1
5.431091e-05 1
7.461905e-05 3
2.070758e-05 1
1.370467e-05 1
2.548198e-06 106
8.845084e-05 4
6.777533e-05 1
2.742003e-05 1457
3.924082e-05 1
1.972969e-05 1
6.955478e-06 6
6.461648e-05 84
2.633151e-05 2
1.141454e-05 1
1.315413e-05 126
9.922451e-05 1
2.257986e-05 2
2.521334e-05 21
1.979559e-05 157
2.564953e-06 1
4.261040e-04 1
1.381436e-05 1
1.461529e-06 1
9.166797e-05 2
1.480029e-06 1
1.528655e-04 940
8.808935e-05 2
4.089040e-05 61530
3.251164e-05 3
4.135057e-05 1
9.489081e-05 1
2.981447e-05 2
1.648496e-04 7
4.215505e-06 2
1.943162e-05 3
4.241123e-05 1
8.620453e-06 3
2.368552e-05 1
4.104056e-05 1
1.269092e-05 2
5.953289e-05 37223
6.138516e-05 1
7.204726e-05 5
4.783255e-05 899
4.938392e-05 4
2.758971e-05 51
1.163301e-04 3
1.290013e-04 761
2.514473e-05 264
2.034251e-05 70
3.994369e-06 1
1.069995e-05 1
1.194436e-04 3
1.638111e-05 1
8.246602e-06 3
7.174260e-05 213
1.027834e-04 1
6.637823e-05 442
4.390007e-05 5
5.113285e-06 1
6.410378e-05 255
7.619645e-05 1
8.351705e-06 3
4.862380e-05 1
9.866179e-06 2
1.742980e-05 1
5.276155e-05 1
2.733301e-05 1
1.370386e-05 140
7.419833e-05 1
1.052814e-04 1
3.597910e-05 1
3.630330e-05 2
4.888335e-05 1
5.513810e-05 102
1.023084e-04 2
3.538981e-05 1909
3.163375e-06 7
1.008044e-04 1
3.239488e-05 179
1.481473e-04 1
4.685276e-06 1
6.944620e-05 3
9.987903e-06 1
5.514770e-05 1304
1.531071e-05 3
8.242292e-06 4
4.312581e-05 1
6.813896e-05 4
3.014019e-05 1
5.696824e-05 1
8.813233e-05 131
1.004623e-04 2
2.141619e-05 1
4.979476e-05 1076
6.826199e-05 24
3.219216e-05 109
5.443988e-05 2
3.543615e-05 1
5.477851e-05 5
6.752609e-05 14
1.803658e-05 4818
2.889992e-05 141
7.891927e-06 5
9.390987e-07 1
1.714476e-04 506837
1.899657e-05 1
3.498279e-05 294
8.244694e-06 3
5.946257e-06 2071
1.175622e-04 226
8.540294e-06 1
2.230100e-05 110
1.824824e-05 1599
2.602291e-07 1
3.234006e-05 1
1.127482e-05 2
5.529866e-05 1
5.445189e-07 2
1.558898e-04 1
2.936884e-05 25496
9.289408e-05 3
8.129856e-06 190
7.355041e-05 1
5.045097e-05 1
2.639069e-04 61159
4.110080e-05 140
2.420263e-05 79
3.157268e-05 1
5.512277e-05 1
2.040093e-05 13
1.165685e-05 1
9.119664e-05 5
6.812422e-05 2691
1.197902e-04 929
1.194506e-05 7
1.054813e-05 1
7.291758e-05 1023
2.326809e-05 79
1.733399e-07 7
4.722020e-05 1579
2.290637e-05 3
2.154034e-06 24618
3.152537e-05 3
2.678316e-05 3
7.131560e-05 1874
3.000975e-05 2
1.249035e-04 1
4.233135e-06 3
2.936256e-05 3
1.501511e-05 1
1.048136e-05 3
7.574368e-05 1
3.041140e-05 1
2.288838e-05 1
4.016038e-06 1
5.126134e-05 1
2.136880e-04 1
8.966463e-06 1
2.635393e-04 11826
1.767739e-04 1
5.020586e-05 5
1.159196e-04 1
5.213564e-05 195
1.137723e-04 1
1.103026e-05 1
7.077101e-05 101
1.174110e-05 480
6.196884e-05 71
4.427635e-05 2
1.118892e-04 2
3.694414e-05 1
2.116679e-05 2
7.913824e-05 2
1.105969e-05 3
1.544412e-05 1
1.952682e-05 1
3.616585e-05 1
3.477059e-05 5
1.923959e-05 2
6.631279e-05 1
9.831182e-05 1
4.098757e-05 1
4.987429e-05 242
6.090512e-05 1
3.057997e-05 1
1.237870e-04 231
1.647894e-06 7
7.979349e-06 149
2.014800e-05 1
1.616666e-05 1297
3.263287e-06 1
2.117742e-05 1
1.940805e-05 16079
2.810480e-04 1
2.376354e-05 1
1.279058e-04 1
1.812684e-05 1335
1.639985e-05 6
8.596291e-05 2
5.277421e-06 3
2.309898e-05 1
1.094015e-05 2
6.871790e-05 1
5.328643e-05 4
1.153358e-06 4
1.750176e-04 1
1.210668e-04 1
5.061486e-05 4
1.274583e-05 1
6.384349e-06 1
3.036967e-06 1498
6.820318e-05 1
1.347749e-05 1
5.319347e-06 1
4.884608e-06 1
2.555416e-04 13908
1.234778e-04 1
1.277627e-04 1
3.098673e-05 3
3.884737e-05 1
1.722905e-05 1
1.514089e-05 3
5.539068e-05 1
5.950738e-05 1
1.392493e-06 1
5.062857e-05 1
9.830239e-06 1
1.111711e-05 9105
2.653048e-05 1
5.351931e-06 527
1.248702e-05 2
1.264091e-06 1
6.955677e-05 1
6.022546e-05 1
1.372650e-05 1
3.105541e-05 1
1.485382e-05 22468
1.778066e-05 3
6.419683e-05 2
5.167379e-05 1
4.567282e-05 2
2.081216e-05 11184
6.898175e-06 1
2.784499e-05 1
4.875034e-06 5
2.454803e-05 3
2.672766e-05 44
5.474585e-05 194
8.514932e-05 46759
4.397438e-05 4
2.886298e-05 7
8.542212e-05 1187
1.798389e-04 2
4.730412e-05 10024
1.885220e-05 5
1.446090e-05 1
1.145015e-04 4
2.607399e-05 1
6.712865e-05 4
1.560014e-04 1
2.577904e-05 1
1.337174e-05 1
1.187551e-04 1
3.026933e-05 1
1.499773e-05 1
1.592581e-04 1
3.647746e-05 1596
5.474878e-05 1
1.136368e-05 1
3.418829e-05 1
3.702379e-05 2
1.236200e-05 1
4.780485e-05 1
3.549108e-05 1
2.731630e-04 1
5.332225e-06 6
1.096721e-04 3
2.059934e-04 1056
2.175767e-05 6
6.237517e-06 3
1.579494e-04 1
9.841684e-05 1
4.695141e-05 1
1.380488e-06 27
2.966133e-05 75
1.101291e-04 1
5.288454e-05 1160
1.587207e-06 3
8.195578e-05 1
7.314819e-05 1
5.038103e-05 172
2.840897e-05 1
9.178174e-05 6
5.802597e-05 63185
1.578081e-04 1
5.045663e-05 1
2.532947e-05 1
3.740682e-05 3
6.147997e-05 1
1.710088e-05 251
4.332545e-05 1
2.188125e-05 1
5.301628e-05 1
1.368061e-05 2
2.664805e-05 2
9.503559e-05 1
4.462137e-05 2
5.151944e-05 2
4.616826e-05 1
3.776150e-06 1
7.490196e-06 5
7.390403e-05 1113
1.574286e-04 1
6.522908e-05 484500
3.193558e-05 1
5.100103e-06 1
2.552822e-05 4
5.073608e-06 3
3.148562e-05 1
2.721251e-05 4
9.567756e-05 988
4.589887e-05 1
2.395141e-06 2
2.351259e-05 1
2.393853e-05 2
3.335968e-05 79
6.263716e-05 1
1.031325e-04 7
2.618820e-05 1
1.018224e-05 1
1.396720e-04 1
4.364409e-05 1
1.078287e-04 3
1.602636e-05 7
3.747177e-05 604
9.521210e-05 5
8.499868e-05 47
1.953320e-06 81
1.531983e-05 1
1.506705e-05 1
4.614939e-06 1
8.374585e-05 1571
7.308891e-05 1
9.008308e-05 1
7.961627e-06 857
7.521816e-05 3
2.584954e-05 1
1.824074e-05 1
4.110979e-05 4
8.560596e-05 1
4.712809e-05 1
2.189002e-06 1
9.248796e-05 1
1.439843e-05 1
1.713103e-05 1
7.734946e-05 74
4.775716e-05 1
8.269239e-06 2
5.007454e-05 1
8.456808e-05 1
4.422896e-06 1
9.003416e-05 50086
6.111464e-06 1
4.119350e-05 1
9.461422e-05 2
3.020779e-05 1
5.149348e-05 1
1.060345e-05 1
4.557008e-05 6
4.601113e-05 3
1.842578e-05 1
1.029069e-05 1
6.977490e-07 5
1.002907e-05 1
5.841575e-05 2
1.160557e-05 19342
4.168628e-05 3
7.014965e-05 1
4.156156e-06 1
3.426339e-05 1
5.960535e-06 1
3.554997e-05 1
5.859933e-05 108
9.463571e-05 1
5.886331e-05 3
4.686033e-05 5
4.232709e-05 1
1.738925e-06 6
1.475185e-05 1
3.973397e-05 3
9.436907e-05 123
7.067890e-05 2
1.130312e-04 26
1.704228e-05 1
5.082904e-05 237
1.404739e-04 1
5.120782e-05 419474
2.130463e-05 1
4.473202e-05 1
5.184933e-05 2
1.409974e-05 1
4.218028e-05 44
1.813508e-05 1
9.878264e-05 1
5.592976e-05 1
6.922086e-06 1
3.278466e-05 27
8.068999e-05 60219
8.743311e-06 141
9.383751e-05 1
9.602403e-05 1
4.990403e-05 1
6.271347e-05 1
1.346311e-04 1
5.648137e-06 1
1.037209e-04 6
2.888432e-05 41012
7.557268e-05 3
5.250171e-05 955
5.057926e-05 23048
2.386489e-05 1
1.265048e-07 3
7.617107e-05 7
7.977315e-06 1
5.606246e-05 3
5.732120e-06 1
9.537653e-05 1
4.432902e-05 1
9.090702e-05 2
1.134619e-04 1
9.060104e-05 175
7.094014e-06 1
1.117426e-04 41970
2.718863e-04 1
1.042377e-04 3
2.859826e-05 210
5.329989e-05 1
1.370712e-04 28898
8.004177e-05 1
4.168366e-05 1
2.276426e-05 2
1.398084e-04 188
7.945055e-06 7
1.128902e-05 1
2.963725e-05 1
6.208500e-06 3
7.062704e-05 1
8.460183e-05 1
5.022735e-05 124
5.989072e-06 126
3.674403e-06 1
4.423913e-05 1
2.407080e-05 3
3.347003e-06 1
4.289793e-05 6
1.449946e-04 136
1.046662e-04 1
1.045390e-04 1
6.357256e-05 53882
3.238839e-05 1
5.117984e-06 1
5.260625e-05 1
7.356498e-05 1
7.098250e-05 123
1.597057e-04 2
2.500284e-05 245
3.701876e-05 4
1.018219e-05 1
1.742249e-06 1
8.271880e-05 2
2.721080e-05 3
1.270837e-05 3
1.145744e-04 1157
7.478094e-05 1240
1.790637e-05 787
9.227530e-07 3
1.432049e-04 9608
2.592938e-06 1
1.169441e-05 6
5.339795e-06 7
4.151091e-07 1
1.578300e-05 1
4.069321e-05 4
2.259276e-05 1
6.279695e-05 2
6.179782e-05 1
8.335984e-05 1
6.428102e-06 1
2.819304e-05 1
7.312888e-05 1
4.340376e-05 23
2.158041e-05 127
6.997192e-05 1160
1.258278e-05 731
1.068168e-04 246128
3.016442e-05 1
4.095792e-05 1
4.650657e-05 5
5.033357e-05 1
4.130717e-05 1
1.648676e-04 2
1.293276e-04 2
8.385591e-06 2
1.484705e-04 2
1.634103e-04 1
8.469013e-05 1
1.164785e-04 1680
1.701123e-05 204
2.993632e-05 1480
2.329396e-05 1
5.058309e-05 1
4.015052e-06 2
1.683268e-05 3
7.055582e-05 106
1.586127e-04 1
1.438721e-04 1
9.819656e-05 1
1.784970e-04 1
3.434152e-05 1
7.790179e-05 7
4.497055e-05 1
1.244414e-05 1
4.724970e-05 1
5.231537e-05 1
3.019860e-07 4
3.194918e-05 1
6.302352e-05 1
1.388426e-05 607543
6.321923e-05 3
3.551726e-05 1
5.134802e-05 1
1.432753e-05 1
1.201137e-05 183
1.097621e-04 1
1.692590e-04 3
1.002432e-04 1
8.448191e-05 1
9.631954e-05 257
3.374182e-05 3
6.246110e-05 1
1.267892e-05 1007
1.290578e-05 2
5.358928e-05 1
1.843337e-05 1
7.194312e-05 1
2.586616e-06 1
1.761215e-06 2
3.664816e-05 1
1.211927e-04 7
2.506524e-06 1
2.437403e-05 7
2.543401e-06 1
8.791209e-07 2027
1.510859e-04 1
3.108805e-05 1
2.833153e-05 1
6.123473e-06 359
3.118326e-05 3
6.387229e-06 1
7.310391e-05 1
4.578153e-06 3
5.520653e-05 1
1.504555e-05 1
6.169853e-05 1338
6.984679e-06 3
1.962959e-04 125
1.884167e-05 3
5.855233e-05 2
2.111534e-04 1
8.498774e-05 4
3.978485e-05 1
2.225814e-05 1
1.352079e-06 2
1.981042e-05 4
1.209218e-05 2
1.518782e-04 1
1.328758e-05 3
3.470142e-05 1
9.736024e-05 1
4.889601e-07 1792
4.772242e-05 2
1.292215e-04 1
4.207473e-06 1
3.485496e-05 1
7.933939e-05 58675
2.205637e-05 1
1.128603e-05 1
5.342413e-05 2
7.068768e-06 2
2.086576e-04 7
8.474973e-05 131
1.167958e-04 20
6.312302e-05 5
2.520814e-05 1
2.470024e-05 3
6.797018e-06 1822
7.343846e-06 2
5.230572e-05 1
7.345966e-05 1
1.673361e-05 63
5.269097e-05 204
1.194800e-04 17787
3.207694e-06 1
7.409778e-05 54875
5.303435e-06 1
3.712416e-05 1
5.948234e-05 1
5.036917e-05 1
3.619513e-05 647
3.375842e-05 2
1.238266e-05 3
5.790071e-05 2
6.535131e-06 1
7.825940e-05 1
3.731274e-05 7
5.332852e-05 1
6.455979e-06 1
2.636884e-04 1
1.008358e-05 142
5.688200e-05 1
4.766929e-05 1
1.318418e-05 1
3.266566e-05 3
2.905597e-05 266
9.405740e-06 1868
3.147552e-05 1
1.585860e-05 1217
7.187593e-06 1
5.785897e-05 1
6.174072e-05 2
4.376635e-05 142
6.483897e-05 78
2.259111e-05 1
5.501675e-05 7
5.946668e-05 1
3.162434e-05 3
3.368353e-06 279349
6.114125e-05 1
7.413716e-05 1
5.248478e-05 1
2.732539e-06 1
1.305188e-05 4
4.994653e-05 1
8.399576e-05 11
2.429223e-05 1
1.856470e-05 2
1.184271e-04 329
8.577103e-05 24171
1.220563e-04 1
2.078230e-04 2
9.128965e-05 2
3.665166e-05 3
1.384977e-05 1
3.830263e-05 3
4.271488e-05 1689
5.151854e-05 5
7.980027e-05 1
2.583285e-05 1
2.180295e-05 3
4.497079e-06 1
3.300055e-05 45791
5.014937e-05 4
7.901050e-05 2
2.660403e-06 1
8.549735e-05 7
3.238235e-05 1
1.783192e-04 1
7.024167e-05 139
1.818174e-05 1
3.266959e-05 2
5.572619e-05 6
4.515645e-05 2
7.985236e-05 2
9.039833e-06 1
4.561461e-07 1
9.800618e-05 7
2.717008e-04 411
1.049106e-04 3
3.396498e-07 1
6.022588e-05 1
2.507787e-05 55
9.314685e-06 1
2.019166e-04 1
1.376326e-05 1
1.659439e-05 1
3.995285e-05 1
2.054895e-06 1
5.176750e-05 1
7.707927e-06 170
3.552226e-05 165
2.488303e-04 181
2.482518e-05 3
1.508810e-06 11795
2.068342e-06 17
1.480603e-05 1
2.758630e-06 348
5.969230e-05 1
1.598500e-05 1
9.682677e-06 1
5.296277e-05 350869
4.825008e-05 1
1.159705e-05 240
2.205456e-05 6
1.346028e-04 3
2.021231e-05 84028
3.339365e-05 1
1.238396e-04 1
8.521362e-05 1
2.851388e-05 20039
9.052843e-06 5
7.325038e-05 1
3.605896e-05 1
2.303416e-04 1838
4.275853e-05 1
1.457161e-05 1
7.506865e-06 3
1.103802e-04 2
1.614598e-05 1
1.105537e-04 48824
1.262971e-05 54873
1.272451e-04 3
1.507282e-04 1
4.232224e-06 1
4.634287e-05 6
7.958906e-05 219
2.369203e-07 1
2.578069e-06 1
1.115671e-05 2
1.324719e-05 1
2.585196e-04 1
5.019800e-05 30868
5.473388e-05 1
6.992556e-06 1970
6.730706e-05 3
7.243039e-06 1
4.611257e-05 1
4.047301e-05 1
8.463343e-06 1
6.081248e-05 65225
7.277055e-05 2
1.062820e-04 1
2.996439e-05 1
2.075777e-05 1
2.502992e-05 5
2.999974e-05 3
2.243591e-06 1
2.049055e-05 1
4.602201e-06 4
4.222368e-05 1
2.415575e-05 1
9.736830e-07 775
8.483802e-06 6
3.324421e-05 1
2.878963e-05 67
4.821160e-05 1
7.149485e-05 138
2.159345e-05 2
1.399088e-05 2
1.078683e-05 1
1.525789e-04 1
5.172851e-05 553
1.922746e-05 1086
2.358422e-05 1
1.158315e-05 135
1.697602e-05 2
1.123378e-04 1
1.611838e-05 4
8.904656e-05 118
8.046717e-06 1
9.184657e-05 1
4.824498e-05 5
7.962978e-05 55424
5.117255e-05 1
3.943915e-06 89
1.439198e-04 1
3.485177e-05 222
6.457735e-05 1
2.066714e-05 1
7.266121e-06 6
8.074815e-05 10167
1.047930e-04 1
1.209510e-05 1236
3.092046e-05 2
1.266807e-05 82
8.625939e-06 1
1.292256e-05 1
3.842968e-06 1
1.068450e-05 1
2.831375e-05 5
7.736266e-05 1
2.255674e-05 1
9.659480e-06 1
2.571366e-05 1
2.063018e-04 1
1.765828e-04 7
8.209319e-05 2
4.685065e-05 1389
3.217558e-05 2
7.666970e-05 1
4.661833e-05 1
9.517110e-05 1
6.830988e-05 262
2.604469e-05 636
2.012236e-05 1
4.200818e-05 1
9.888418e-06 157
3.629776e-05 1
1.282789e-04 4
1.595460e-04 79
1.155036e-05 5
2.994095e-05 1
1.633842e-04 5
1.670362e-05 1
1.938732e-05 1
2.687577e-05 2
1.102916e-05 1
2.313644e-05 1
5.542703e-06 21578
6.328327e-06 1
7.622734e-06 1
2.815632e-05 1
4.351668e-05 3
6.933987e-05 1
6.844817e-05 46
7.013990e-06 1
2.055950e-05 1
5.478755e-05 1
1.376367e-05 4
2.393136e-05 5
9.846013e-05 1
4.252878e-05 1
5.794876e-05 1
3.707200e-05 1
2.710371e-04 3
1.324139e-04 96
1.535204e-05 2
1.304415e-04 7
2.826811e-07 1
7.932132e-06 232
5.757705e-05 1
5.136512e-05 6
3.264010e-05 1
1.721385e-05 3
1.805291e-04 3
1.812134e-05 1
2.047983e-04 166
6.188438e-05 1
3.223669e-05 1
1.407019e-05 34
4.776792e-06 1
2.000966e-05 5
1.447259e-04 1
4.606967e-06 3
1.404463e-04 7
8.732654e-05 1
6.945496e-06 1
1.954802e-05 1
6.969115e-05 3
3.104055e-05 1
1.699529e-05 72
6.886700e-05 1
9.226726e-06 1
4.550804e-06 3
4.094959e-06 4
5.332253e-07 1
1.368258e-05 1
1.600384e-05 2
1.392453e-06 159
3.147676e-05 1
2.542045e-06 7
3.387948e-06 111
4.176657e-05 714
1.464343e-05 1
3.122594e-05 1
6.089644e-06 3
1.704422e-05 2
1.281860e-05 2
3.043115e-05 89
5.516207e-05 181
7.089565e-05 555518
1.423233e-05 182
2.288575e-05 1
6.049685e-06 94
2.972104e-05 1
9.916650e-05 3
2.655738e-05 2
1.427226e-05 1
5.283797e-05 1
1.102889e-05 1986
2.890998e-05 194
2.227082e-06 82
1.098433e-04 3
3.941307e-05 1
1.033376e-04 1
1.353212e-05 3
4.298427e-05 1
9.907483e-05 1
2.765129e-05 1
4.429899e-05 3
5.450868e-05 3
7.983188e-06 4
1.378965e-05 1
9.757672e-05 7
2.325921e-05 2
5.790474e-05 2
1.514271e-05 7
7.096553e-05 3
8.336210e-05 1
9.600327e-06 1
3.122471e-05 1693
1.242621e-04 1
9.853753e-05 44
7.748976e-06 3
5.408969e-05 3
3.963642e-06 1
1.125556e-04 1
2.871569e-05 490
2.341903e-07 4
5.789676e-05 234
1.151823e-04 2
3.612210e-05 6
1.634699e-05 1
3.281992e-05 1
3.006181e-05 36501
2.098089e-04 1
2.432676e-04 1
5.488553e-05 2
4.414625e-05 1
3.605375e-05 1
2.747887e-05 216
6.110617e-06 3
1.768287e-05 619
5.137809e-05 1
3.344734e-05 1302
3.129490e-05 126
9.669450e-06 1
1.321896e-05 1
2.986572e-05 9730
1.103022e-05 6
1.069805e-06 1
4.520525e-05 1857
1.296896e-05 193
1.228371e-04 159
3.138663e-05 121
5.752720e-05 3
4.021920e-05 1
6.354893e-05 2
9.318104e-05 3
6.018078e-06 1
2.251079e-05 1
7.365443e-05 2
7.503569e-06 1
1.288327e-05 1
5.363122e-06 2
5.735819e-05 1
2.090878e-05 1
3.556322e-06 1
2.182729e-05 22300
2.133320e-05 1
7.324971e-05 2
5.495508e-05 3
2.477677e-05 3
2.910526e-05 1
3.870171e-05 2
1.576852e-04 1
2.816750e-05 1
1.486890e-05 1
4.222379e-05 61533
7.230477e-06 1
7.170708e-05 36121
7.528084e-07 7
3.809306e-08 3
9.095274e-06 1
2.276648e-05 1
1.426902e-05 2
6.505559e-05 1
6.403415e-05 2
6.003195e-05 175
5.899880e-05 1
3.297321e-05 1
6.853264e-05 1
1.464970e-05 1
1.166144e-05 1
2.235812e-05 213
1.835893e-05 4
9.357549e-05 1
1.347078e-05 4
5.284366e-05 1
3.574708e-05 5
2.602952e-05 272
5.218536e-05 5
7.477335e-06 1
1.001526e-04 3
1.155729e-04 7
4.370396e-05 3
2.525185e-04 1
1.104886e-04 3
7.408341e-05 686
3.296277e-05 1
2.004735e-05 1
1.978186e-05 17941
1.535933e-05 2
7.839491e-05 1
4.320065e-05 5
1.817045e-05 919
1.283898e-05 2
2.364043e-05 1
1.074256e-04 1
1.860327e-04 1
3.387615e-05 1
2.419999e-05 238
2.122637e-05 3
6.768483e-06 1
1.642902e-05 84
2.130437e-05 1
1.700685e-05 6
1.853071e-05 1
7.705776e-06 250
5.104958e-05 1
1.185249e-04 1
5.910950e-06 2335
2.331910e-05 1
2.827461e-05 3
5.417675e-05 1
2.119050e-05 3
2.650729e-04 2
2.237387e-05 1
3.110810e-05 2
6.105129e-05 1
9.480665e-05 1
4.163213e-05 1
2.249512e-05 19
3.435878e-05 1
2.579361e-05 44975
9.842346e-05 1
1.526993e-05 37510
1.112235e-04 44944
4.947870e-05 1
2.126009e-05 6
8.147400e-05 2
2.544527e-04 2
1.239541e-05 22
1.927891e-05 2
2.366605e-06 1
2.541247e-06 2
3.360718e-05 5
2.477742e-05 1
9.162595e-05 1
2.061414e-05 1
5.454101e-06 198
5.177183e-06 1
1.194098e-04 2
3.580429e-05 1
6.141740e-05 1
8.505813e-05 5
8.254442e-05 1
6.379170e-05 1
5.500406e-05 51907
1.806178e-04 1
1.184712e-04 4
6.255905e-05 1
5.613709e-05 73
1.326711e-06 1
6.443454e-05 61
2.301445e-05 1
8.370928e-06 1
4.006789e-05 1
9.507737e-05 722
4.545383e-06 3
6.625879e-05 858
4.055444e-05 2
4.410353e-06 1
1.066371e-05 72
6.791662e-06 1
4.413340e-05 1
1.232259e-05 7
3.988089e-06 2
1.010017e-04 1
8.012449e-05 50
5.510291e-05 5
4.887134e-06 7
7.511165e-05 3
1.857437e-05 1
4.564624e-05 72
4.983203e-05 1
4.014801e-06 1
7.614501e-06 1
8.957452e-05 1
3.919401e-05 1
2.064379e-04 163
7.961744e-05 1
1.273629e-04 1
2.426792e-05 1
1.065720e-05 1
4.102747e-05 6
1.266854e-05 1
2.663455e-05 1
2.226828e-05 1
4.225187e-05 1
4.245715e-05 1
1.657588e-05 1
2.268288e-05 5
1.397856e-04 2
1.170733e-04 4
1.029505e-05 1
4.003799e-05 2
7.640322e-05 5
1.309831e-05 68693
1.208644e-04 1
6.130013e-05 3
3.247564e-05 3
5.135460e-06 1
1.710088e-04 2
1.624117e-05 2
5.432321e-05 2
6.704258e-06 27271
7.226402e-05 1
1.184136e-04 60
5.045110e-06 4
5.357808e-05 1
7.200740e-06 1
1.492998e-05 2
2.040786e-06 1
7.342320e-05 1
1.561727e-05 2
9.974344e-06 13678
9.457999e-05 1
9.746447e-06 3
3.239281e-06 63016
1.151120e-05 1
4.890347e-05 2
6.544368e-05 1
2.076267e-05 29536
1.205985e-06 1
4.688149e-05 240
8.349996e-05 1
4.928977e-05 76
9.938483e-06 1
2.060698e-05 3
2.249815e-05 1
1.316200e-05 3
1.492101e-04 3
5.069117e-05 196916
5.364578e-05 1
1.969363e-05 3
5.750558e-05 7
1.051506e-04 1
1.225331e-04 1
3.947733e-05 1
1.024415e-04 1
7.713055e-06 5
5.086089e-06 1
1.048772e-04 34573
3.002841e-05 21078
1.157406e-05 1783
1.050098e-05 5106
5.918356e-05 415
5.087314e-05 1
1.272944e-06 90
7.316172e-05 6
2.270554e-05 5
3.771401e-05 5
1.561436e-06 1
6.474401e-05 1
3.491597e-05 1
5.567380e-05 2
7.857860e-06 3
3.951046e-05 1
1.790759e-06 1
4.296496e-05 1
9.045818e-06 1
4.063700e-05 1730
2.292019e-04 6
1.131607e-05 1
3.619515e-05 3
3.230071e-06 3
3.744328e-05 2
2.182133e-04 1
1.550087e-04 1
3.434784e-04 1
2.614431e-05 2
1.517682e-05 5
7.529129e-05 1
1.521030e-06 2
8.192881e-05 1
3.578605e-05 3
3.050201e-05 1
2.531248e-05 1
2.981514e-06 3
4.977747e-05 1
1.145064e-05 1
1.053022e-04 64725
8.210068e-05 1
7.530543e-05 3
6.556337e-05 1
1.162123e-05 3
2.406654e-06 2
6.737344e-05 1
9.744098e-05 6
6.145850e-06 1
1.427066e-05 1
1.365875e-05 1
4.097977e-05 3
1.070864e-05 2
1.769271e-05 1
6.386758e-05 1
4.132411e-05 1
8.511966e-05 1630
8.293923e-05 1
5.501122e-05 3
7.652692e-06 1
4.955426e-07 1
3.322208e-05 59
9.418674e-06 1
7.999129e-05 1
3.432255e-07 29713
2.250696e-05 3
3.645177e-05 532657
2.113298e-05 4
1.262238e-05 1
1.290683e-05 1
2.334601e-05 1
3.727065e-05 1
2.914150e-05 1
6.990498e-05 3
1.124275e-04 3
8.388844e-05 26505
1.217379e-04 1
5.562087e-06 651
9.083378e-06 1
1.139144e-04 1
7.986527e-07 5
2.453093e-05 219
3.229878e-05 17263
5.765699e-05 135
3.337029e-05 1
1.465501e-05 205
2.962423e-05 954
4.984226e-05 137
6.367700e-05 2842
4.404714e-05 2
2.111395e-05 49133
3.239255e-05 3
3.842119e-05 1
1.362741e-06 1
9.593340e-06 6
8.910363e-06 7
4.408403e-05 1
8.436779e-06 2
1.008649e-05 3
1.147190e-04 7
3.387199e-05 1
7.086264e-05 510
8.487102e-06 1
1.100271e-04 1
8.476461e-06 4
7.109517e-05 1
4.261751e-05 1
1.151375e-04 1
2.523141e-05 153
7.240459e-05 2
3.098215e-05 1
7.598087e-06 1
1.698744e-04 1281
1.332703e-04 1
5.088351e-05 1
4.758179e-05 3
8.670355e-06 173
1.615251e-04 1
6.776282e-06 34
8.892125e-06 1
1.805304e-06 1
4.500839e-05 1
5.209825e-05 143
5.785563e-05 76
3.902048e-05 1
1.991954e-05 3
4.121602e-05 1
3.018762e-05 1
2.253318e-05 2
3.278001e-06 1
2.951813e-05 1
3.655735e-05 1
7.305392e-05 51608
1.834276e-04 7
2.436754e-04 210
1.027680e-05 1
9.155296e-05 241
6.452834e-05 2
2.864070e-06 3
5.040721e-05 26567
2.365331e-06 1
7.212660e-06 589
4.977735e-06 212
2.172514e-05 1153
1.610663e-04 1
1.183001e-04 3
9.144467e-05 163
4.351928e-05 1251
1.269383e-05 159
4.732164e-05 2
5.966420e-06 22
1.342727e-05 1
1.034960e-04 2
1.196551e-04 1
6.464160e-05 1
1.697194e-05 3
1.190284e-04 2
1.685032e-05 5
9.107481e-05 1
1.009657e-04 1
2.859422e-05 2
6.404711e-05 1
1.467484e-04 6
2.663509e-05 65736
4.259107e-06 1
2.615117e-06 1
1.800312e-04 1
3.708511e-06 2
7.265769e-07 6
5.251626e-05 1
7.586655e-06 1
7.835678e-06 52373
1.745765e-05 1
3.145475e-06 1
1.067673e-05 1
2.911028e-05 6
8.355691e-05 1
4.843641e-05 1
1.324110e-04 1
3.952506e-05 1
4.019852e-05 1
5.949402e-05 1
1.619949e-05 2
3.362809e-05 1
1.353742e-05 1
3.579358e-07 5
4.426516e-05 150
4.094544e-05 1
1.819486e-05 1273
2.640614e-05 3
2.043401e-05 1893
1.224264e-04 241
2.580876e-05 1
4.268891e-05 1
7.087943e-06 1860
1.886831e-05 5
7.343295e-06 1
1.899815e-05 3
1.100380e-04 1
1.262172e-05 3
6.735642e-05 1
4.344740e-05 260
1.093510e-04 3
3.091039e-07 1
6.949177e-05 1310
1.420603e-05 1
4.653158e-05 66
8.789463e-05 1
2.741108e-05 3
2.752427e-05 5
1.100681e-04 1
3.870906e-05 1
2.782694e-05 1
6.495018e-05 1
2.188293e-06 3
1.355218e-05 1
9.002958e-06 1
1.268294e-05 1
2.893770e-05 3
1.180014e-05 252
1.093451e-04 1
3.551454e-05 7
8.351649e-05 1
4.755217e-06 3
1.674716e-05 1
4.552567e-05 1
1.402313e-04 1
1.505700e-04 1
3.704039e-05 4
1.441154e-04 1
1.008746e-04 1
1.650920e-05 18096
2.765974e-05 259
4.995834e-05 1
3.164381e-07 1
7.531692e-05 1
1.017323e-04 1
2.258807e-05 66
7.970474e-05 1
8.198824e-05 4
1.349240e-04 4
7.636393e-05 1
5.170398e-05 1
3.037850e-05 1
1.783833e-05 1
4.311939e-05 1
7.033786e-06 1
3.517086e-05 633979
9.805320e-06 3
6.021000e-05 3
3.357584e-05 1967
4.731201e-05 1
2.359303e-06 2
3.002215e-06 1
5.083842e-05 1
6.721063e-06 1
8.460417e-05 3
1.383607e-05 1
5.169226e-06 1
1.229515e-05 2
1.088295e-05 2
3.931109e-05 107
3.242416e-05 1
3.647062e-05 123
4.119311e-05 21031
6.411413e-05 1
1.346120e-04 2
9.213227e-07 1
3.211850e-05 1
1.656291e-05 1
2.466161e-05 2
2.782472e-04 58232
2.662142e-05 1
6.824162e-05 1
5.012246e-05 921
2.984630e-07 1
2.341154e-05 18
6.556681e-05 3
8.342754e-05 1
1.447359e-04 1
6.058169e-07 258
1.353457e-05 2
9.136628e-05 111
1.108648e-04 231
5.010728e-05 553
7.311386e-05 5
5.438397e-05 1
1.174313e-04 1
1.503188e-05 1
3.628636e-05 1
4.022000e-05 1
2.781846e-06 7
8.544462e-05 146
1.827641e-05 1
3.313809e-05 758
1.103060e-05 1
1.894697e-05 1
4.773633e-06 1
4.180962e-05 218
1.017747e-05 7
4.525766e-06 5
3.879612e-05 1
4.811056e-05 90
6.481227e-05 1
1.275587e-05 1
4.234066e-05 1
1.849081e-05 160
2.749426e-05 1
1.293670e-04 2
6.712974e-05 2
1.798079e-06 68
4.172915e-05 2
7.517683e-05 1
5.771246e-06 1
3.317193e-05 168
1.285247e-04 27306
5.563027e-05 220
1.576653e-05 1
7.446843e-05 1
5.879760e-05 2
1.741802e-05 230
6.957924e-06 1
3.973831e-05 1
2.881011e-05 59874
7.542394e-05 3
3.481220e-05 1
1.008410e-04 1
4.455752e-05 139
1.318024e-05 1
6.590782e-06 2
8.410443e-05 1
2.017989e-05 2
2.257583e-05 11067
3.611124e-05 1
4.938883e-06 1
8.226825e-07 3
3.504499e-05 2
4.981377e-05 1
2.678174e-05 460456
1.014403e-05 1
1.118918e-04 1
1.991272e-05 1
6.062859e-05 1
8.196546e-05 1
4.348426e-05 153
1.770279e-05 1
9.318797e-06 3
5.733521e-05 42415
2.540885e-05 1
1.034439e-05 16
1.029414e-04 14603
1.154809e-05 5
1.978631e-05 25
4.791448e-05 1
8.412723e-05 1
2.712753e-06 1
2.518077e-06 1
1.419919e-05 6
3.947293e-05 1
3.658045e-05 2
9.312164e-06 1
9.127595e-06 5
1.192822e-05 1
1.093537e-05 2
1.240075e-05 1
2.507025e-04 3
2.372268e-05 1
1.332826e-05 1
1.083716e-04 1
1.336986e-04 247
4.596176e-05 4
2.058694e-05 1
5.641603e-05 1
8.819918e-06 1
2.122495e-05 175
1.001607e-05 1
4.805706e-05 3
4.826115e-05 688
2.515666e-05 1334
3.496766e-05 679
7.023667e-06 146
5.505051e-05 4
5.688674e-06 46884
2.541602e-06 2
7.106338e-06 336
3.454655e-06 1
7.275692e-05 1
6.380279e-05 1
6.691902e-05 2
8.225505e-06 1
4.962682e-05 6
2.304523e-06 2
1.253127e-05 3
5.541453e-05 1
5.727127e-05 1
9.328571e-05 6
1.030273e-04 1
1.027413e-04 1
6.439320e-05 1
3.342886e-05 1
2.063824e-05 1
1.967388e-04 1
3.009953e-05 6
9.599160e-06 1280
1.199160e-04 3
4.063340e-05 1
5.268456e-06 3071
5.798448e-06 1
1.863048e-05 72
6.953354e-05 1
1.862431e-05 1
2.936072e-05 1
3.052886e-05 1
4.305179e-06 7
5.431470e-05 1
2.637661e-06 2
2.226311e-06 1
2.140337e-05 1
4.319783e-05 5
8.430115e-07 33589
3.414891e-05 3
8.946822e-05 112
2.631019e-05 1
1.549624e-04 1
7.945515e-07 1
2.313468e-05 1
3.287272e-05 3
5.344649e-05 7
1.941810e-05 1
1.046386e-04 1
1.129672e-04 2147
6.676569e-06 1
1.160704e-05 7
5.488725e-05 1
1.030515e-04 2
7.468132e-06 190
1.118154e-05 3
1.674493e-05 7
1.836002e-06 6
5.576448e-05 1
8.757195e-05 4
2.379266e-05 22
8.698971e-05 1
8.386694e-05 1
8.494835e-07 1
8.633913e-06 7
1.056993e-04 5
1.528364e-05 1
5.405126e-06 1
1.208216e-05 1
1.199523e-05 1
6.195575e-06 1
4.050683e-06 2
5.084687e-06 70
1.022423e-04 2
1.313608e-04 1
2.772702e-05 17
9.309817e-05 7
3.360566e-05 1
8.436629e-05 1
1.727689e-05 1
3.244697e-05 1
8.272585e-05 7
1.661854e-04 1
7.143338e-05 3
1.927343e-05 1
1.596077e-05 1
1.165710e-05 23
8.752303e-05 34
1.354442e-04 50911
6.397491e-05 1
3.369229e-05 1
8.938713e-05 7
2.324210e-04 1
2.096626e-05 1
2.984802e-05 1
2.154495e-05 1
6.924447e-05 2
3.998102e-06 1
3.973467e-05 1
3.458349e-06 1
1.473478e-05 1
3.847517e-05 1
1.443591e-04 1
7.017121e-05 1
1.067672e-04 38867
1.021982e-04 1
8.030218e-05 3
5.953072e-05 162
7.872934e-06 1
7.535486e-06 1
1.914473e-04 6
1.054397e-04 3
2.542807e-06 186
7.359064e-05 1
6.854417e-05 1
1.675239e-05 1
3.268677e-05 2
9.321816e-05 3
2.582632e-05 1
3.498382e-05 2
8.855287e-05 1
9.067668e-05 1
6.097148e-07 3
6.494779e-06 4
3.317533e-05 733
2.770581e-05 1
5.286664e-05 225
3.958730e-05 1
7.585682e-07 5
2.002560e-05 1502
1.797994e-05 1
9.629695e-05 3
1.313084e-04 1
2.898218e-05 1
4.684672e-05 6
6.548359e-06 1
1.575343e-05 2
8.134622e-05 1
3.216651e-05 163
8.704331e-05 44818
2.833709e-05 144
7.242524e-05 1
1.992012e-04 1
3.675038e-05 1
1.343080e-05 3
2.654642e-05 1
3.150543e-05 5
6.664754e-05 352
7.222895e-05 1
1.484763e-04 3
1.008012e-05 116
4.232507e-05 3
9.660156e-06 462
3.469309e-05 1
1.212155e-05 1
1.070866e-04 1
2.268719e-05 1
3.897327e-05 3
5.296964e-05 222
6.947751e-05 76
1.058882e-04 466138
2.035691e-05 1
2.192016e-05 1
2.089528e-05 1
6.218338e-06 1749
1.364340e-05 7
8.577998e-05 2
1.561200e-05 3
8.735964e-05 3
8.177613e-06 265
6.526565e-05 121
3.360078e-05 1
1.501368e-05 1288
6.028972e-05 5
1.920494e-04 1
4.913666e-05 55
1.196392e-04 1
1.788633e-05 1
3.925554e-05 1
1.487153e-05 190
7.304452e-05 4
1.540469e-04 1627
2.980432e-06 1
6.995730e-06 1
1.954605e-04 1
2.660646e-05 1
7.068776e-06 1
2.382795e-05 1
2.861120e-06 2
1.153937e-04 1
9.712619e-05 3
9.859306e-05 1
4.927041e-05 1
1.215333e-05 2
3.852703e-05 1
3.247321e-05 6
1.165377e-05 2
9.767170e-05 1
1.596800e-04 17944
5.167110e-05 24
6.049942e-07 19
2.577937e-05 1
5.087265e-05 2073
1.844343e-05 1
1.295353e-06 3
7.210686e-06 1
3.770417e-05 1
1.331159e-05 1
4.196609e-05 105
3.971040e-05 1
2.369302e-04 1
3.969306e-05 1
5.514401e-06 1083
1.923901e-05 1
1.364043e-04 1
1.338187e-05 1
4.471783e-05 6
4.819935e-05 300051
6.186402e-06 1
2.077980e-04 1
5.942120e-05 2
3.837663e-05 2
6.461564e-07 1
1.331499e-04 1
5.820687e-05 1
6.750350e-05 3
2.416125e-05 1381
2.340575e-05 1
1.436022e-05 2
5.849049e-05 1
1.310767e-04 1
9.594844e-06 1
1.224170e-04 1
2.031961e-05 1
2.761751e-05 129
4.770811e-06 1
6.322388e-05 1
4.355925e-05 1
4.969059e-05 57849
1.295421e-04 4
4.057054e-05 1
1.438478e-04 324285
1.707685e-05 4
8.508437e-05 1
3.423951e-05 1
1.697392e-04 1
3.217199e-05 1
2.409969e-05 3
7.752189e-05 1
4.233142e-05 7
6.393317e-05 1
9.236801e-05 1
5.669190e-05 53931
2.396298e-05 251
1.054506e-05 35971
9.014419e-05 102
1.705734e-05 1
1.121294e-04 1
2.925995e-05 1
9.591765e-06 1
5.750567e-06 1
7.257737e-05 1
1.069754e-04 1
9.735682e-06 249
2.898973e-05 1
2.863092e-06 2
6.684724e-05 1
3.074210e-05 1
9.918591e-06 1
1.566517e-05 3
9.681773e-05 5
1.266150e-05 1
2.535448e-05 120
1.868057e-05 68
2.900038e-05 3
1.134434e-04 1
7.073579e-05 1
1.079131e-04 2
4.693373e-08 46
1.606667e-06 218
1.188528e-04 1
3.516718e-05 1
8.601948e-05 1
1.418710e-04 2
4.386770e-05 3
2.814205e-05 1
5.348586e-05 5
1.410378e-06 1
5.178870e-05 1
1.734287e-05 1
8.791627e-06 1
8.430257e-05 1
8.929534e-05 1
1.380736e-04 1
3.190247e-05 1
9.270373e-06 7
3.663786e-06 3
3.089606e-05 2
2.125221e-05 444673
2.008258e-05 1
5.015001e-07 273
5.624848e-05 7
2.005402e-06 2
3.018028e-05 2
7.569401e-05 186
4.204060e-05 1
2.238228e-05 1
2.063894e-05 6
3.321319e-05 3
2.076690e-05 4
3.964288e-05 1
2.558956e-06 1
3.319720e-07 2
5.683001e-05 1
9.449370e-06 1
2.515165e-05 1
7.503613e-06 1
1.302811e-05 1
2.023806e-05 1
6.108912e-05 1
1.516884e-04 3174
6.639592e-05 2
8.678284e-05 1
1.279764e-05 570867
7.476371e-05 1
7.811015e-05 1
5.821188e-06 1
1.398678e-04 6
1.282008e-04 1
2.461818e-05 1388
8.376981e-06 1
9.539239e-05 1
7.686555e-05 1
1.534867e-05 104
8.525864e-06 6
1.035021e-05 3
5.972098e-05 1
8.196033e-05 3
1.791302e-05 1
1.197755e-04 1
7.713191e-06 1140
5.801812e-05 1
6.903769e-05 1
3.481530e-05 1
1.956327e-05 2
2.949334e-05 7
7.155538e-05 2
1.427185e-04 1
3.949726e-06 3
9.048173e-05 1984
7.204698e-06 2
1.769094e-05 1
2.243709e-05 1
7.053795e-05 3
7.740035e-05 47
1.382588e-04 1
2.742372e-05 1
2.902547e-05 1
1.454077e-04 1
1.931941e-05 1
2.638538e-05 2
2.338035e-05 1
8.580807e-06 1
2.165422e-05 3
1.207308e-06 1
2.281008e-05 2
4.900477e-05 1
4.142017e-05 1660
1.007198e-05 1
3.148729e-05 1135
3.536435e-05 7
4.076701e-05 2
1.102148e-05 1
3.776029e-05 120
2.730322e-05 2
6.248439e-05 3
7.351166e-05 475
6.027625e-05 3
7.433591e-06 3
2.744350e-05 3
1.421990e-05 3
9.204330e-06 51
5.810203e-06 168
3.601360e-05 6
1.605253e-05 1
9.790985e-05 1
4.607588e-05 3
6.764956e-07 7
5.299801e-05 3
1.387195e-05 1
1.374150e-05 675
1.863517e-05 1
7.430547e-06 3
2.032738e-05 3
2.667278e-05 7
4.434217e-05 41
3.576934e-05 3
4.891447e-05 1
4.917152e-05 3
9.328284e-05 1
1.090084e-04 3
1.646760e-04 1
3.359555e-05 2
1.530338e-05 1
1.030803e-04 1
8.606373e-05 1
8.017473e-05 1
1.023488e-04 2
1.232153e-05 2
3.210456e-05 1
8.928808e-06 1
4.104062e-05 2
8.082487e-05 5
3.141042e-05 5
9.509544e-05 5
2.095494e-05 1
7.582284e-06 1
2.179313e-08 3
1.572608e-04 1
2.933326e-06 1
1.101926e-04 1
8.972983e-05 5
8.084370e-07 6
4.541627e-05 213
7.374216e-05 3
5.604602e-07 130
6.743510e-05 1
6.427810e-06 1
2.856154e-05 1
2.075583e-04 2
3.370826e-05 222
4.996436e-05 213
9.455218e-05 2
1.579717e-04 674
1.749170e-05 1
8.557200e-05 171
1.789414e-04 1
9.555612e-06 2
1.110424e-05 1
5.479879e-05 86
1.003992e-04 1
2.680016e-05 1
3.058746e-05 1
1.716722e-05 1100
1.083735e-05 1
1.083882e-04 1
7.678710e-06 6
9.269504e-06 1
1.217675e-04 1
5.046739e-05 384
1.045978e-05 1
5.527234e-05 63386
1.854992e-05 1
6.079512e-05 7
2.437865e-05 2
6.001126e-05 2
3.108289e-04 2
1.583249e-04 281
1.148031e-04 1
1.682357e-05 1
1.078909e-04 3
1.484863e-05 1
2.251538e-05 3
5.211923e-05 1
7.780191e-05 6
1.050990e-06 2
5.382001e-05 3
1.255977e-05 249
2.152963e-05 6
3.744881e-05 2
1.451533e-04 1
4.421942e-05 1
5.949048e-05 1
2.187770e-06 3
6.742814e-05 1
9.506164e-05 4
1.571205e-05 2
1.129145e-04 27
1.560877e-04 1
4.429586e-05 16
1.444293e-04 1
6.081008e-05 1670
2.831808e-05 409
7.151679e-06 1
3.865604e-05 1
5.380056e-06 30128
6.139477e-05 2
7.528484e-05 1
1.020585e-04 189
1.775066e-05 1
3.717196e-05 26611
7.458488e-05 3
1.247352e-05 2
4.167180e-05 1
1.620952e-04 3
3.352941e-05 2
2.582912e-04 1
4.962810e-05 1
2.469123e-04 3
6.585225e-06 1
1.757956e-05 3
7.459970e-05 1
6.102158e-05 2
7.273694e-06 1
2.724387e-05 255
9.333255e-06 3
2.673207e-05 1
2.852781e-05 1
4.263566e-06 1
4.922781e-05 1
3.285484e-05 1
6.985490e-05 11536
1.616862e-05 1
3.072028e-05 1
9.718577e-06 3
5.373152e-06 3
8.359972e-06 2
4.997401e-05 1
1.564110e-04 1
6.175400e-05 1
9.340744e-06 3
6.042566e-05 1440
1.880702e-05 1
7.570834e-05 1
4.327540e-06 135
3.550614e-05 3
2.899122e-05 3
1.426654e-05 5
8.282628e-05 1787
1.493060e-05 1
2.212224e-05 7
9.378805e-05 2
6.998585e-07 1
7.146439e-05 86
1.302609e-04 1
5.627045e-05 459
1.136378e-04 1
3.659117e-05 1
2.204739e-04 1
3.035934e-05 5
2.973760e-06 1
4.768999e-05 184
3.628344e-05 3
2.711608e-05 1
6.463923e-05 3
3.364518e-05 3
4.339996e-06 1
7.614140e-05 5
4.103737e-05 3
3.649857e-06 3
2.065857e-04 1
7.062998e-05 1
1.291283e-05 1
8.486177e-05 76
1.825542e-05 1
4.186075e-05 1
3.395166e-05 1
3.668012e-05 2
7.350756e-06 1
2.302191e-05 4
5.318540e-05 1
1.334357e-06 1
4.134061e-06 47169
1.490959e-05 1
1.900724e-05 1
1.640974e-04 1
1.854471e-05 1
2.077081e-05 96
7.111980e-06 1
3.882818e-05 1
2.231334e-06 3801
4.964476e-05 1
5.448152e-05 5
3.210181e-06 1
1.100550e-06 1
