8.004478e-05 1
1.941508e-06 2
2.274467e-05 3
1.406282e-05 2
5.405421e-06 1726
1.536744e-05 1
2.404462e-05 102
3.782613e-05 1
6.524238e-06 1
7.195350e-07 1
4.567400e-07 1
4.885624e-05 1
1.902924e-06 160
4.419548e-05 1
5.717838e-05 1
7.577504e-05 1
2.178751e-05 3
5.504298e-05 3
1.048618e-06 172
4.736932e-05 3
2.958070e-05 4
4.415630e-06 2
7.865983e-05 2
1.032967e-05 93
2.744721e-05 2
3.608479e-05 3
4.371554e-05 1
1.114473e-05 1
1.798331e-05 233
6.418818e-05 73
2.147626e-05 1
1.365813e-05 1
8.239799e-06 1
1.536938e-06 1
5.820534e-06 1
2.553671e-05 1
1.223350e-05 2
3.665127e-05 119994
4.081631e-05 1
5.840866e-05 109
5.583650e-06 260
1.809750e-05 2
3.335997e-06 1
9.533180e-06 49081
7.083717e-05 1
7.761252e-06 174
1.357735e-05 1
1.427796e-06 1
3.621347e-06 4
1.744455e-06 1
6.072806e-06 1
3.864324e-06 1
7.816504e-05 35
2.159878e-05 1
4.655720e-06 1
2.877915e-05 1
9.250093e-06 1
6.737762e-06 2
6.475218e-05 1
4.532653e-05 2
4.041808e-06 1
1.169158e-06 1
6.861129e-05 178
2.089670e-05 3
2.543686e-05 3
9.264291e-06 1
3.487057e-06 1
8.440564e-06 1
3.452033e-06 1
2.072678e-06 3
8.628399e-06 1
2.781671e-05 1
3.574594e-06 1
1.373968e-05 2
8.176305e-08 1
1.287659e-05 5
1.117431e-05 192
4.062574e-06 1
3.723361e-06 1
2.283435e-05 1
5.352919e-06 7
1.449846e-05 1683
4.201714e-05 50931
5.130450e-05 1
8.539113e-05 1
2.374334e-05 5
1.400878e-05 1
2.034658e-05 1
6.208182e-07 3
3.336615e-05 1
9.544061e-05 1
5.559320e-05 3
3.487285e-05 1
1.706187e-05 7
1.824332e-05 1
3.995856e-05 1
1.977454e-05 3
1.257446e-05 1
2.627166e-05 3
3.667801e-05 1
1.705620e-05 3
2.388202e-05 1
4.197216e-05 1
1.162612e-05 1
5.423052e-05 1
3.164872e-05 57245
8.684079e-06 3
1.217279e-05 1
1.562156e-05 267
6.039994e-06 102
4.619946e-05 1
1.388993e-05 1
9.307275e-06 4
2.080577e-05 1
4.813284e-05 1
1.354844e-05 1
3.303212e-05 1
6.022593e-06 1
6.739054e-06 860
8.703492e-05 2
1.504163e-05 3
2.396833e-05 1
8.821583e-05 1
2.423428e-07 2
2.023816e-05 1
1.500970e-05 1991
2.285987e-05 8
3.871611e-06 1
3.187089e-05 1
4.624445e-05 1
1.525643e-05 40
4.309860e-06 1
5.060462e-05 6
1.610333e-05 6
1.420059e-04 3
1.468080e-05 1
8.538180e-06 1
5.669460e-07 719
8.969574e-05 1
5.319073e-06 6
7.496032e-05 1
3.636776e-05 1
3.562758e-06 1
4.113604e-05 4
1.126227e-05 1
1.921723e-05 1
2.491495e-06 1
3.704592e-06 1
7.543003e-06 2
9.457111e-06 3
2.127119e-05 2
1.724484e-06 3
1.871568e-05 1
3.079653e-05 4
3.249741e-05 1
1.840571e-05 3
5.533329e-06 1
1.630563e-05 1
1.559638e-05 1
7.671459e-06 1803
6.972792e-07 4
1.564595e-05 35960
6.599311e-06 2
8.332041e-06 1
8.993912e-06 6
7.428014e-06 1
2.537484e-05 1
1.280757e-05 1
2.672843e-06 3
3.739732e-05 4
4.504596e-05 1
7.953730e-06 1
8.004832e-05 48
1.583591e-05 2
1.258484e-05 1
3.432843e-05 1
4.184857e-06 2
5.494261e-06 1
2.331758e-05 1
1.512448e-05 1
6.589971e-06 2
7.993700e-06 1
6.872970e-06 554
1.553445e-05 1
5.302673e-05 136
7.785576e-06 1
1.215531e-05 1
2.952376e-05 1
1.855568e-05 1
3.676750e-05 1
4.115340e-05 2
4.207072e-05 1
2.505857e-05 3
4.299020e-07 1
2.268122e-05 1
1.596085e-05 5
2.702037e-05 2
2.867578e-05 4
1.937147e-05 912
4.193287e-05 4
1.608092e-06 5
2.782295e-05 1
2.667495e-06 1
2.958951e-05 3
3.236183e-06 251
6.119241e-06 1
1.923877e-06 4
1.253856e-05 2
1.588660e-05 1
4.634379e-05 228
3.109623e-05 1
2.637551e-05 7
3.465711e-06 1
6.288474e-06 3
8.399480e-07 1
1.196858e-07 16887
2.637002e-05 7
9.813480e-07 2
4.880760e-06 25118
1.807022e-05 7
3.516401e-07 1
1.882549e-05 3
4.953427e-06 5
1.524446e-05 1
4.591411e-05 3
3.068562e-05 5
1.009184e-05 2
2.324382e-05 1
5.629974e-05 1
1.106621e-05 1
6.093989e-05 1
2.155389e-05 2
3.128955e-05 1
2.366110e-05 1
1.593726e-05 1
7.437528e-06 1
1.171390e-05 1
1.155009e-04 27
6.915493e-06 4
1.866857e-05 7
8.899165e-05 592
2.637727e-05 1
1.162021e-05 3
6.700309e-05 2
2.690180e-05 1
2.512778e-05 20
7.135052e-06 1
2.898880e-06 1310
6.099861e-06 3
5.545992e-06 2
4.738297e-05 6
1.693911e-05 18
4.792437e-06 1
1.326573e-05 4
2.123006e-06 143
1.341681e-05 1
1.343890e-05 2
1.854563e-05 1
2.570928e-06 1
3.285155e-06 1
6.913525e-05 1
7.039900e-05 1
2.893972e-05 316
1.009409e-04 1
3.139348e-05 3
6.690078e-06 1
2.289321e-05 1
2.326642e-05 2
2.365809e-05 1
5.978339e-06 2
2.105229e-06 1
5.974470e-05 1
1.785281e-05 363071
6.706094e-06 3
8.957856e-06 34414
3.213667e-05 329
2.608660e-05 2
1.084410e-05 1
3.290636e-05 204
1.936131e-05 1
1.547960e-05 1
4.258650e-05 1
2.441367e-05 1
1.559957e-05 1
1.487723e-04 1
5.208668e-05 52762
1.539279e-05 1
3.242255e-05 64238
4.523589e-05 1
9.561095e-05 1
2.025304e-05 1
9.725552e-07 1
1.184607e-05 983
5.068535e-06 1
2.705426e-05 1
1.627642e-05 1
1.848406e-05 1
8.022886e-06 21664
1.389988e-05 170
1.114123e-05 5
6.745375e-06 1
9.662955e-06 1
4.746176e-05 1
2.620663e-05 184
4.772347e-05 3
2.472610e-05 4
4.781176e-06 104
1.087382e-05 99
2.370160e-05 1
5.921795e-05 14237
9.366726e-06 2
2.913034e-05 1
4.422151e-05 1020
2.216552e-05 1
1.960168e-06 2
3.115483e-05 112
7.631338e-06 195
1.652940e-06 1
8.025197e-06 1
1.520421e-05 1
4.468057e-07 57
4.927937e-06 3
1.316322e-06 1555
4.323921e-05 1
1.157059e-04 1
2.809751e-06 1
6.267390e-06 3
1.628192e-05 1
1.264327e-05 1
2.854193e-06 1
3.348578e-05 1
6.867018e-06 2
6.253090e-05 64667
8.043398e-07 3
5.915891e-05 1
4.513089e-05 1
5.220440e-06 1
1.751591e-06 1
6.847014e-05 1
2.270704e-05 1
7.206356e-07 1
6.777005e-05 214
1.999666e-06 3
9.727974e-07 7
8.870048e-06 7
4.857878e-06 1
1.383349e-05 15417
2.068347e-05 1
3.435514e-05 1
8.518373e-06 1871
1.210225e-05 5
8.513296e-06 1
3.021338e-05 193
3.960898e-06 1
1.706789e-05 1
5.568436e-05 1
2.299765e-05 184
1.249198e-05 1
4.423652e-06 1
5.164032e-05 25959
1.146016e-05 940
9.374084e-05 1
5.105843e-06 2
2.737955e-07 1
1.776660e-05 2
5.641291e-05 1
5.878760e-06 1
5.114921e-05 49888
6.393670e-05 1
5.824462e-05 1866
1.077204e-04 7
6.749232e-06 2
1.146364e-05 2
4.719955e-06 222
3.800942e-05 1
1.517250e-05 3
9.112331e-06 1
1.447479e-05 2
1.742442e-05 2
6.854540e-06 4
2.143238e-06 3
1.344549e-05 3
5.749820e-06 1
4.480974e-05 1
3.038928e-06 73
3.798311e-06 1
1.624501e-05 1
8.841119e-06 1
6.370475e-05 1
4.876586e-05 1
3.258048e-05 1
8.530754e-06 5
9.076276e-06 1
1.121011e-05 4
2.120528e-05 29626
4.279019e-05 1
2.120271e-06 1
2.219674e-05 1918
7.519975e-07 1
1.150224e-06 7
4.722005e-05 3
1.302588e-05 195
1.211625e-05 3
2.720520e-05 1
3.209768e-05 86
6.832015e-06 26
4.350999e-06 1
3.462128e-05 1
5.010196e-06 1
7.212616e-06 1684
3.913177e-06 2
1.043283e-05 1
2.707348e-05 1
2.671151e-06 1
4.421680e-06 1505
7.153669e-06 5
2.813323e-06 1
2.930149e-05 3
4.391101e-06 226
1.430926e-05 6
2.345647e-05 63437
3.617771e-05 31526
1.791375e-05 3
1.810243e-05 1
1.697424e-05 1
2.102984e-05 1
2.460821e-05 2
3.601845e-05 1
5.333499e-06 3
2.696147e-05 1
4.436591e-05 1
2.838060e-05 28655
4.007718e-05 1
2.821371e-05 2
9.532522e-06 1
1.100328e-06 1
4.298241e-05 4
2.956764e-05 125
1.516290e-05 5
8.408899e-06 6
4.235394e-05 1534
4.599748e-06 1
1.693082e-06 95
3.780795e-05 2
3.609102e-05 1
2.214301e-05 3
2.860619e-06 1
3.444292e-06 131
5.806162e-05 6
3.658321e-05 6
4.874032e-05 1
2.720220e-06 1
2.517812e-05 97
1.307832e-05 1
2.199705e-05 1
1.546553e-05 1
7.607425e-06 1
1.102466e-05 1
6.308000e-06 219
6.273455e-06 1
6.589976e-05 2
4.779687e-06 1
1.715502e-05 1
4.087379e-06 2
1.379912e-06 1
7.313749e-07 3
9.755145e-05 1
8.370133e-06 55466
5.040305e-05 5
8.580379e-06 2
4.567905e-06 1
2.456868e-06 265
3.419618e-06 2
9.495885e-06 1
1.427754e-05 7
4.808315e-05 2040
4.513992e-06 1
1.666857e-05 1
7.107041e-07 1
3.589153e-05 689
2.820066e-06 3
1.216047e-05 2
1.539877e-05 3
2.295396e-05 5
5.766973e-05 2012
1.743061e-05 1
4.867717e-05 1
1.764397e-06 4864
6.758132e-05 3
4.046251e-05 1
9.045824e-06 1
5.114820e-05 6
3.859646e-05 45
1.841847e-05 3
3.808039e-05 120
2.243420e-05 1260
3.436559e-05 2
1.476878e-05 1242
4.626044e-05 204
5.826549e-06 1
1.592875e-05 1
9.092540e-06 3
4.933929e-05 1
4.029298e-06 1
8.743435e-06 1
5.979970e-05 3
1.326905e-05 1
5.100210e-05 1
7.145844e-06 56682
4.672833e-05 307
9.804564e-06 7
2.023045e-05 1
1.478937e-06 5
9.238952e-06 1
1.042703e-05 1
6.943692e-05 1
5.687515e-06 1
2.568297e-05 2
6.926777e-06 1
1.154885e-05 395
1.137000e-05 1
2.343243e-05 1
1.687781e-05 2
9.870168e-07 2
2.860516e-05 1
2.030335e-05 7
2.811999e-05 2
2.480378e-06 6
9.033230e-06 467632
1.889431e-05 2
3.213153e-05 218
2.632400e-05 3
1.283694e-05 1
4.428580e-05 1370
5.247457e-05 41
2.171031e-05 1
3.459477e-05 1
2.176974e-06 1
1.345097e-05 2
5.366193e-06 82
1.218362e-05 2
2.494920e-05 1
3.888888e-05 33
6.627244e-06 1
3.457769e-05 3
1.224540e-04 179
5.183362e-05 1
2.014526e-05 1
2.080592e-06 1
5.928291e-06 1
3.646727e-06 3
8.854585e-06 1
4.352662e-05 6
5.781320e-06 5
1.105284e-07 102
8.333092e-06 1
1.030450e-05 4
2.202591e-05 1
8.005707e-05 1
4.280314e-06 24685
3.263077e-06 1
1.740931e-05 1
2.071979e-05 1
1.229537e-06 1
8.589153e-06 3
1.644333e-06 3
1.482765e-05 1
2.482958e-05 1
3.881865e-05 116
1.538488e-05 1
6.019784e-05 133
2.008355e-05 1
1.034672e-05 1
4.508974e-05 1
7.793143e-05 1
2.507875e-05 1
3.239350e-06 1
3.525704e-05 1
6.175488e-05 135
9.007580e-06 2
3.720642e-05 1
1.014546e-06 1
1.027009e-05 3
1.358558e-05 1
1.131881e-06 1
9.118603e-06 104
2.998661e-06 5
2.743371e-06 6
1.009947e-04 7
1.006352e-05 1
1.036417e-04 1
7.072117e-05 1
1.416151e-05 4
2.632570e-05 1
5.617931e-05 1
1.618861e-05 1
6.455917e-06 59193
9.245583e-06 1
1.840235e-05 1
4.840431e-05 1
9.020757e-06 1
4.582280e-06 2
4.790488e-05 592
5.222590e-06 161
6.084364e-05 1
1.894016e-06 1
3.058988e-05 1
1.367249e-05 9
9.322764e-06 1
1.120221e-05 108
2.591769e-05 6
9.631415e-06 1
2.335585e-06 1
5.194796e-05 3
1.545701e-05 1
4.152397e-05 1
6.367724e-06 1
1.195804e-05 2
1.163183e-05 1
2.649278e-05 5
8.550290e-05 2
2.493476e-05 1
1.809736e-05 1
5.536851e-05 247
3.272816e-05 2
5.702721e-05 1
3.899900e-05 2
3.118085e-05 1
7.849699e-06 1
2.718704e-05 462559
3.883382e-05 3
1.023420e-05 1
6.885007e-05 6
3.773963e-05 1
1.095749e-05 5
1.171240e-05 5
2.255525e-05 60
2.526732e-06 3
6.091065e-06 201
2.690623e-05 1
1.567988e-06 1
1.583987e-05 1
2.031811e-06 7
2.595788e-05 1
5.375454e-05 1
9.194430e-06 66
2.013470e-05 4
3.654304e-05 160
8.063907e-06 3
2.313457e-05 46060
7.936093e-07 171
4.735420e-06 2
1.570027e-05 48878
4.400745e-05 1
1.447550e-06 10
7.588887e-06 2
1.492037e-05 7
5.032921e-07 16086
3.092348e-06 170
1.212014e-05 861
8.389415e-07 1
1.880169e-05 2
1.032511e-05 3
1.146816e-05 207
1.038732e-05 6
1.400832e-05 77
2.214769e-05 1
6.447847e-06 1
4.054077e-05 1
4.030356e-06 3
2.214931e-05 227
2.089694e-05 1
1.326984e-06 222
5.595410e-05 21
8.065402e-05 17
1.969371e-05 1
2.869693e-05 206
1.810027e-05 141
1.430670e-05 1
1.615035e-05 263
7.355506e-06 1
9.174865e-06 3
6.456396e-06 9223
1.701305e-06 4
2.471294e-06 1
1.315623e-05 3
1.484989e-05 2
1.637498e-05 1
4.479260e-06 184
6.035060e-05 1
5.908569e-06 15646
1.372362e-05 320186
3.413262e-06 1
1.213885e-05 1
6.942095e-06 5
1.424584e-05 1
1.919872e-05 1
4.539264e-06 62524
7.648612e-06 1
4.031463e-05 1
1.873814e-05 1
2.190440e-06 1
2.061806e-05 1
1.719741e-05 1
1.905542e-06 1
1.282415e-05 1
3.530135e-05 1
7.182142e-06 1
7.341028e-06 1
2.374296e-05 7
9.373300e-06 30097
5.078816e-06 7
2.523697e-06 2
8.778295e-05 2
4.782768e-05 7
7.882904e-07 65
3.069455e-05 2
8.381271e-05 184
6.710516e-05 1
1.301334e-05 3
2.548138e-05 18198
5.671206e-05 6
1.547702e-05 1
1.572312e-05 63965
7.014655e-06 7
2.408782e-05 3
2.668474e-05 231
4.912269e-05 48333
1.539847e-05 1
6.943328e-05 1
4.081330e-05 5
3.789827e-05 1
3.582149e-05 1
6.338417e-06 1
3.102011e-05 1590
2.731512e-06 2
1.329053e-05 56
1.373215e-05 2
4.145993e-05 1
2.805326e-05 2
4.951801e-05 2
6.986129e-07 2
1.940109e-05 4
1.103993e-05 1
2.734611e-06 1
8.596715e-05 1
9.077299e-06 6895
8.617611e-06 2
7.392280e-06 2
6.295649e-05 1
5.034580e-05 1
3.873638e-05 1
8.596487e-05 1
4.127548e-06 1
4.857022e-05 7
2.645119e-06 1
3.246578e-05 3
1.503620e-06 1
4.026234e-06 1
1.130814e-05 1
4.478007e-06 1
1.781928e-06 1
3.664783e-05 1
4.916402e-06 3
4.158658e-05 1
2.652317e-05 82
2.428433e-05 1
7.827942e-06 56907
6.589634e-05 1
1.482316e-05 1
9.315438e-06 3
5.878077e-06 1
2.043632e-05 2
2.874584e-05 2
1.409477e-05 6
2.187107e-05 44071
1.807374e-05 1
8.318394e-06 1
6.547300e-05 3
1.138578e-05 1
2.165730e-05 22083
2.893218e-05 1
1.538047e-05 1
7.733540e-07 1
9.386427e-06 1
1.593851e-05 1
7.058666e-07 1
7.379808e-06 1
3.531895e-05 1
5.720567e-05 185
2.510026e-06 7
2.929121e-05 1
6.100372e-06 1
2.799556e-05 5
1.553840e-05 10070
5.187471e-05 5907
1.614404e-05 5
3.429776e-06 214
1.331475e-05 20993
6.754892e-06 146
3.766445e-05 1844
2.817711e-06 142
2.441349e-05 1
2.743764e-06 4
2.744131e-06 22
1.789405e-05 7
2.224156e-04 1
3.174571e-06 1
4.758528e-05 1
1.438892e-05 1
1.420100e-06 1
2.975589e-05 140
2.576570e-05 1
8.006301e-06 2
8.284062e-05 1
4.128307e-06 5
9.908041e-06 1
5.028135e-07 1
1.048338e-05 1
2.035149e-05 89
1.834205e-06 1
5.397013e-05 1
3.339316e-05 1
1.100754e-05 5
9.243036e-05 42659
2.276725e-05 3
4.444723e-05 1
2.338473e-06 3
1.404686e-05 1
4.860399e-05 1
1.501179e-05 3
1.423560e-05 1
2.782137e-06 229
2.507093e-05 1
2.272667e-05 1679
5.535269e-05 1
9.751865e-06 2
6.552393e-07 1215
1.175568e-05 1
4.670211e-05 1
1.288988e-05 3
1.373164e-05 1
4.476096e-06 1
2.444448e-05 125
9.626695e-06 3
9.308477e-06 1
1.005288e-05 1
6.844501e-05 1
2.542825e-05 53859
4.148058e-07 2
1.223710e-05 5
8.720592e-06 2
1.884183e-05 1
1.709378e-05 6280
3.718782e-05 2
5.796047e-05 1
3.360714e-06 1
1.427758e-05 32736
4.025027e-05 1
4.012933e-06 1
6.531793e-06 1
2.694321e-05 2
2.756457e-05 28376
8.329834e-06 61
7.356359e-05 2
9.377450e-06 1
1.019541e-05 1
4.791356e-05 2
1.224045e-05 2
4.357853e-05 1
1.239429e-04 1
2.960041e-05 6
1.634816e-05 1
6.757368e-05 29
2.910628e-05 6
1.000409e-04 3
5.479961e-05 1
2.071281e-05 1
6.858459e-07 87
5.266906e-06 7
6.569550e-06 3
3.664788e-07 2
6.523796e-05 1
2.584084e-05 1
9.445127e-06 7
8.220944e-06 1
9.250994e-06 246
7.457352e-05 422
1.297656e-05 3
2.214392e-05 1
8.018940e-05 1
9.646401e-06 294
4.793522e-05 1
5.657561e-05 1
8.894597e-06 2
1.016238e-05 1159
4.384542e-05 1
8.449471e-05 5
3.528766e-06 1
5.221190e-07 1
3.974554e-07 2
1.322657e-06 2
1.619077e-06 190
6.540695e-06 1
5.340227e-06 3
7.996445e-07 1
4.487742e-05 246
4.599734e-07 1
3.166568e-05 1
6.290190e-05 6
2.961859e-05 1
1.266533e-05 26
1.087521e-05 1
1.171629e-05 2
4.436319e-06 4
2.143351e-05 6
9.221330e-06 1
1.126717e-05 46
5.124966e-06 2030
1.836750e-05 1
3.427410e-07 1
8.216861e-06 1
4.870882e-05 2
5.448802e-05 1
6.702639e-06 564
2.186911e-05 1
7.585611e-05 1
3.772203e-05 1
5.448573e-05 1
8.859496e-06 3
5.162781e-06 1
1.426529e-05 1
1.146828e-05 1
1.747355e-06 2
3.568952e-05 1
8.078117e-06 2
5.853905e-06 1
5.056438e-05 1
1.559116e-05 110
2.593661e-05 1
2.205704e-06 2
6.497080e-06 1
6.209524e-06 1
1.558255e-05 4
1.225022e-05 1
3.243050e-05 175
2.254139e-05 2
1.191921e-05 1
7.639054e-06 1
1.220514e-05 332045
7.080038e-06 4
4.568914e-06 221
4.682416e-06 6
3.202960e-05 1
2.525124e-05 1
5.696325e-05 3
2.616101e-05 1
1.886347e-05 1
9.022049e-06 1
8.677204e-05 2
4.243774e-05 1
2.820777e-05 6
7.242010e-06 2
8.929300e-06 1
1.781097e-05 1
1.320017e-07 204
1.396959e-06 2
3.929452e-05 1
1.199094e-05 1
2.344833e-05 1
1.822748e-05 1
7.317371e-06 1
5.284869e-05 3
1.436218e-05 3
6.580526e-05 7
1.895705e-06 1799
2.941061e-05 1
7.970183e-07 2
4.257557e-05 6
3.136543e-06 7
4.207521e-05 2
5.254691e-05 1
2.489869e-05 118
4.432571e-05 4
2.797667e-06 5
2.803735e-05 1
4.527453e-07 7
1.588242e-05 1
1.857020e-05 1
3.765417e-05 3
6.999466e-06 1
1.187689e-05 153
3.254296e-05 1
1.214142e-05 3
4.159466e-05 4
3.940663e-05 1581
4.145199e-06 6
7.907441e-06 3
1.200607e-05 6
5.229255e-06 4152
2.963265e-06 2
2.483249e-05 1
2.996834e-05 17597
5.689687e-05 1
5.054778e-06 2
2.568732e-05 3
1.703792e-05 196
1.497833e-04 1
1.556564e-05 5
1.582458e-05 1
5.225543e-05 234
2.978598e-05 1
5.557279e-06 3
7.052272e-06 1
6.364359e-05 239173
1.416805e-05 4
3.971254e-05 1
1.705876e-05 113
6.150721e-05 1
6.084056e-05 7
5.162273e-06 171
5.146059e-05 1574
7.147604e-06 1451
1.666056e-05 2
2.787044e-05 49155
1.006928e-05 1
2.690137e-05 1
6.070077e-05 1
3.766625e-06 1
2.147894e-05 2
1.356554e-05 3
2.856956e-05 1
7.099014e-07 3
2.148817e-05 1
9.251163e-05 1
7.052079e-07 1
3.574304e-05 1
9.616400e-06 3
2.280882e-05 1
1.202203e-05 2
3.608518e-05 17512
6.957595e-06 1
1.695671e-08 15
8.894418e-06 1
7.813994e-05 3
1.682242e-05 1
6.923571e-05 2
2.236925e-05 1
2.145127e-05 1
2.334382e-05 597
1.404113e-05 260
8.294474e-06 2
9.873701e-06 1
2.845139e-05 1
8.766219e-05 1064
1.147421e-06 3
4.450550e-06 1
2.211276e-05 4
2.799843e-05 5
9.074037e-06 1
1.702164e-05 1
2.866116e-05 1
1.834163e-05 1
2.410713e-05 1
1.783485e-05 7
1.358481e-05 261
9.771361e-06 225
1.260571e-05 1
1.654783e-05 1876
9.074169e-07 1
4.638644e-05 3
2.005531e-06 1
7.400084e-05 2
1.422969e-06 1
1.047136e-05 100
3.758687e-05 2
5.556716e-05 304
2.876469e-05 6
5.436339e-06 1
5.891637e-05 5
1.411136e-05 91
1.774765e-05 6
2.917603e-05 1
3.404309e-05 1
1.888438e-05 3
4.841622e-05 1
2.462148e-05 7
3.709711e-05 28
4.638411e-06 1
1.298305e-05 2
1.109982e-05 122
1.243395e-05 1
3.103881e-05 1
4.474317e-05 1
1.544108e-05 5
1.125158e-05 1
2.770478e-05 1
1.601894e-05 1
5.404697e-06 1
1.190372e-05 2
1.464869e-05 1
1.384887e-05 1
3.751993e-07 1
1.066884e-04 1
1.437538e-06 12
1.475625e-05 64864
1.110912e-05 1
1.401419e-06 73
8.282275e-06 2
8.994709e-06 1
2.979402e-05 1
1.463048e-05 4
4.877759e-06 1
5.083069e-06 1
6.768554e-06 10
1.655350e-05 368258
2.275874e-05 1
1.302011e-05 3
1.602940e-05 59806
7.201949e-06 1
8.642916e-07 1
8.262229e-05 2
2.894550e-05 3
5.075171e-06 1
4.380340e-06 4
3.068970e-05 1
2.180180e-06 1
2.478538e-05 2
2.483042e-05 1
2.838873e-05 1
4.902564e-06 1
1.034608e-04 1
4.311629e-05 1
6.277705e-05 1
2.158116e-05 1
1.897037e-05 6572
4.711461e-06 169
1.153267e-05 1
3.889139e-05 4
5.392014e-05 1
7.545920e-06 101
1.539906e-05 3
1.825682e-05 1
2.470070e-05 1
3.582489e-05 1
3.131400e-05 1
1.664756e-05 22
2.109792e-05 1
2.290384e-06 1
1.207611e-05 1
2.615661e-06 1
9.437794e-06 3
1.722647e-05 4
4.050615e-05 3
2.204973e-06 1
1.263277e-05 1
2.354193e-05 1
2.154634e-05 61258
1.630916e-05 192
2.429551e-05 1
1.747354e-06 1
2.849319e-06 4
1.560590e-05 3
6.920794e-06 2
2.008883e-05 1
2.979955e-05 1
7.148008e-05 1975
5.132238e-06 1
2.811313e-06 1
7.530875e-05 1
2.340261e-06 1
7.435901e-06 806
1.544687e-05 1
1.701535e-05 5
2.862410e-06 3
1.043907e-05 182721
3.985641e-06 85
2.359154e-06 3
2.820827e-06 7
1.059783e-04 1
1.927726e-05 3
7.333726e-05 22
4.542458e-05 1
4.034169e-05 1
5.699067e-06 3
1.260540e-05 1
5.020443e-05 1
5.847035e-06 1
2.734090e-05 1
3.583782e-06 1
3.410405e-06 2
4.765208e-06 3
1.528667e-05 1
3.275094e-05 6
1.562235e-05 1
2.150996e-05 1
1.288572e-05 1
2.556944e-05 14244
5.435439e-06 1274
3.046784e-05 65816
1.012632e-05 1
2.805526e-05 1
3.235687e-06 1
2.257436e-06 3
4.329742e-05 3
6.599428e-05 1
9.089735e-06 3
4.039491e-05 214
9.732144e-06 2
3.494610e-05 1
2.915007e-05 2
2.957944e-05 4
3.193821e-05 1
1.738664e-04 2
8.167290e-06 1
4.783359e-05 1
3.083404e-05 1
1.484140e-05 1
8.144024e-06 1
2.188443e-07 1
1.009012e-05 126
2.920923e-05 2
6.641897e-05 1
3.273684e-05 25
9.418042e-06 1
7.008723e-06 3
2.331110e-06 1
1.238675e-05 1
6.673477e-05 1
2.424012e-05 1
2.270343e-05 1
4.961224e-05 7
2.016519e-06 1
1.105394e-05 1
7.717207e-06 1
4.804458e-05 1
2.586094e-05 1
5.201110e-05 1
2.467450e-05 1
1.856533e-05 176
1.280900e-05 2
1.723110e-06 1
7.413274e-05 95
4.366401e-05 1
6.396193e-05 3
1.068523e-05 3
1.758620e-06 1
2.276427e-06 1
2.604268e-05 1
2.978451e-05 1
9.335621e-05 3
6.327631e-05 1
7.314316e-05 104
3.123498e-05 1
5.515914e-06 164
2.909728e-05 3
2.034845e-05 1
2.292781e-05 2
1.489188e-05 3
2.762076e-05 1
6.134815e-06 5
5.419106e-06 1
2.772199e-06 15426
2.063636e-05 1
2.430046e-05 1
1.580548e-05 1
2.044471e-05 273
1.783149e-06 2
4.698394e-07 1
3.939968e-06 2
2.200544e-05 1
5.718361e-05 1760
2.729207e-06 3
4.938551e-06 76
2.031028e-05 1203
6.671126e-07 252
1.157084e-05 1
1.320684e-05 3
1.492959e-05 1
4.734481e-06 1
2.821352e-05 1
3.300024e-07 3
3.702801e-06 2
1.926315e-06 2093
7.739799e-05 3
1.459458e-06 1
1.226243e-05 3
1.829970e-05 3
6.914537e-05 1
2.678109e-05 2
9.574339e-07 6
4.155125e-05 1
3.350691e-06 861
3.697023e-05 1
7.154992e-05 1
1.049810e-06 2
1.342444e-05 1
7.163405e-05 1
4.467025e-05 2
1.747728e-06 700
1.595914e-05 1
6.562344e-05 54660
1.252345e-05 1
2.246545e-06 172
7.152329e-05 1
1.591472e-05 1
6.588622e-06 146
1.543386e-05 1
4.799738e-05 3
2.882700e-05 3
2.472553e-05 1
3.219788e-05 1
2.980475e-05 1
6.262618e-06 1
5.133350e-05 256
8.250983e-05 3
8.515943e-06 1
3.187923e-05 1
1.665374e-05 1
6.059066e-06 6
1.967547e-05 1
4.091846e-06 1
4.298393e-06 1
1.989755e-05 19096
9.118767e-06 77
5.285503e-05 2
2.201701e-05 1
2.765045e-05 1
3.871249e-05 201
1.821836e-05 3
4.500195e-05 266684
1.220823e-05 1
7.761331e-06 1
6.517701e-06 1
5.148594e-06 1
3.420527e-07 1
2.699144e-06 6
8.499812e-06 1910
1.365840e-05 65
5.198679e-05 1
2.019293e-05 157
4.310798e-05 1
3.305144e-05 1
3.244851e-05 1
3.077466e-05 4820
4.410700e-05 1
2.050325e-05 2
6.315109e-06 218
7.564586e-05 1
5.015839e-05 2
3.836458e-05 1
2.131319e-05 1
4.071226e-05 202
3.326124e-05 1
1.062295e-06 3
3.484474e-06 1
1.348990e-05 31
1.147621e-04 5905
4.421180e-05 1
2.816920e-06 4
2.867317e-05 932
1.015629e-04 1
4.276097e-06 1
1.845621e-05 1397
3.468755e-05 2
1.352115e-05 1
2.078938e-06 3
1.376314e-05 1
1.839907e-06 1
4.555272e-05 61447
3.717295e-05 7
1.458186e-05 1546
4.177134e-05 3
1.967212e-06 1
4.325855e-05 1
1.966628e-05 1
6.800194e-06 1
3.591689e-05 672
1.152525e-05 1
1.328136e-05 1
2.011782e-05 6
1.035439e-05 1
2.246905e-06 3
5.160230e-06 1
7.001879e-05 1
2.228747e-05 1
1.854816e-05 1
5.171870e-05 2
1.378119e-05 104
9.732254e-06 612654
6.140070e-06 1
3.480791e-06 124
8.210591e-06 1
3.093951e-05 1
6.324539e-06 300
1.448364e-05 7
1.562981e-05 20430
1.344728e-05 1
1.992023e-05 262
1.275688e-05 1
1.619184e-05 258
6.265979e-06 2
4.362620e-06 7
2.776328e-05 1
2.431029e-05 1
2.834193e-05 1
5.153481e-06 5
1.829635e-05 2
1.757630e-06 1
7.616317e-06 1
2.141578e-05 1
1.659139e-05 1
7.187879e-05 7
2.930166e-05 1
5.213648e-06 1
4.618639e-05 66179
4.233102e-07 142
3.630562e-05 4
3.298058e-05 1
4.719532e-05 1
6.415902e-05 1
2.408637e-05 1
9.543429e-07 1
5.430967e-05 6
8.042180e-06 1
2.585545e-06 80
2.852189e-05 1
2.619774e-05 2
2.123795e-05 144
4.654277e-06 1
1.717041e-05 1
1.437336e-05 114
2.714820e-05 3
7.954523e-06 1
1.264066e-05 1
1.644642e-07 27565
4.630593e-05 1
1.881669e-05 522
5.646605e-06 1
5.511579e-05 172
2.032370e-05 11600
1.641639e-06 1
2.801062e-05 2
8.039748e-05 1
4.233079e-05 1
1.759822e-05 58
1.182372e-05 3
5.535229e-06 5
3.511048e-06 1
2.789489e-05 7
1.653589e-05 1
6.896431e-06 1
5.778288e-06 2
7.337023e-06 1
2.910624e-07 10772
3.968411e-05 1
1.251069e-05 152
5.598313e-05 1
4.505728e-06 2
4.533444e-06 2
7.867044e-07 146
4.447273e-05 1
1.027951e-04 2
3.431515e-06 3
3.775513e-05 4
4.972429e-05 1
2.271035e-05 1
2.327523e-05 3
5.622979e-06 1
2.021171e-05 1
8.714153e-06 1
2.803821e-07 2
1.842776e-05 3
5.216614e-06 1
5.053344e-05 4
2.217028e-05 1
1.695929e-05 1
3.262562e-05 1
8.334727e-06 4
2.318454e-05 2
2.379444e-05 475
3.067907e-05 2
1.519466e-05 1
1.059829e-05 2
3.803687e-05 1
2.153939e-05 1
2.173582e-05 1
1.239581e-06 7
2.398916e-05 1
6.215225e-06 2
5.055214e-05 748
1.546036e-08 1
1.429795e-06 1
7.985108e-06 3
2.404725e-05 3
6.446876e-06 1
3.563576e-05 1
7.719717e-06 1
4.333785e-05 189
1.107667e-05 1
5.656505e-06 1
6.079395e-05 1
9.787701e-06 7
1.769069e-05 1
2.793448e-06 1
1.909280e-06 6
9.787986e-06 3
3.684265e-05 1
9.264948e-06 1
1.150313e-05 1
3.867795e-05 2
1.233518e-05 1
5.102686e-06 2
3.607917e-05 2
7.918076e-06 1
6.336803e-05 1
1.770135e-05 1
2.029872e-06 188
1.585376e-04 1
8.292406e-05 1
1.412370e-04 1
4.027181e-05 2
4.044348e-05 2
1.187911e-05 3
6.559095e-06 1
2.455194e-05 1170
2.955569e-06 1
6.074555e-07 1357
1.063036e-04 2
2.598378e-05 93
3.435097e-05 1
5.378393e-05 1
4.684935e-06 2
8.970332e-07 177
1.598594e-05 6
1.663271e-05 185
4.197970e-06 1
7.629504e-06 26091
3.970043e-05 1
2.836836e-05 1
6.537133e-06 2
4.339285e-05 1
7.156097e-06 135
9.698176e-06 101
5.698630e-05 1
8.599833e-06 1
2.666949e-05 1
1.986488e-05 1
1.390893e-05 1
7.809000e-06 1
6.077533e-05 123
4.503325e-05 1
1.888365e-05 91
3.788145e-06 1
3.010387e-05 1
3.518041e-06 1
2.549985e-05 127
4.271928e-06 1
1.518521e-05 3
6.871185e-05 1
1.341723e-05 40
4.546483e-06 2
1.896699e-05 1
3.016651e-06 1
1.312264e-05 1
3.563009e-06 1
2.752393e-05 46688
1.124516e-05 35168
4.672409e-05 3
2.469012e-06 1
7.242344e-05 1
5.292233e-05 138
5.391913e-07 28033
2.598094e-05 146
6.364942e-05 1
1.216106e-05 4
7.899092e-06 1
4.497088e-05 1
1.789693e-05 1
1.089301e-05 1
3.480676e-06 205
1.400956e-05 103
1.544514e-05 4
3.524942e-06 170
3.361827e-06 1
6.877762e-06 1
3.613604e-06 50203
3.090203e-05 1306
1.751525e-05 1969
1.972897e-08 1
8.457467e-06 1
1.519855e-05 4
4.298381e-06 3
5.174928e-05 7
9.746061e-06 851
1.686975e-05 216927
2.656807e-05 1
2.018495e-05 1
6.051704e-06 3
5.296479e-05 3
3.083337e-05 3
3.034470e-05 2
1.063980e-06 1
7.304945e-07 1
8.942633e-06 1
3.970231e-05 1
3.252573e-05 6
1.792027e-06 1
2.767342e-05 218
4.332435e-05 6126
2.430558e-05 3
5.258697e-05 2
6.015082e-06 214
4.480192e-06 1
2.500942e-05 3
3.908893e-06 1
8.218932e-05 1
4.513166e-05 2
3.308051e-05 9283
1.486567e-06 3
9.908229e-05 5
2.047886e-05 1
8.802366e-06 1
5.790187e-06 1
2.691768e-05 2
5.022365e-05 1
1.250147e-05 2071
2.993917e-05 3
1.107288e-05 99
1.421755e-05 1
3.421625e-05 1
2.754047e-06 1
4.858771e-06 117
4.420716e-05 214
4.908887e-06 215
1.034504e-05 1
1.679374e-05 1
3.781733e-05 53032
6.787282e-06 1
2.364402e-05 4349
1.304435e-05 139
2.177951e-05 519
3.525502e-06 1
3.889460e-05 2
9.444561e-07 1
3.170870e-05 2
2.763260e-06 1
2.293424e-05 303
2.659196e-05 238
6.915629e-06 1
3.132121e-06 6
1.966768e-05 1
4.593943e-06 1
7.217274e-06 152
5.724070e-05 3
6.973226e-07 1469
4.988996e-05 2
1.842868e-05 2
5.541621e-05 1
6.474644e-05 1
1.011867e-05 4
2.121384e-06 6
1.474856e-05 44
8.882974e-05 1
6.820819e-06 1
1.026645e-05 1
4.000759e-05 3
6.750964e-06 120
2.975449e-05 7
4.150149e-05 2
1.088567e-05 1
1.181808e-06 1
3.492037e-05 1
1.719577e-05 1
1.834745e-05 1
2.068630e-05 5
2.324333e-05 3
5.709514e-05 1
2.150319e-05 255
1.856066e-05 123
3.797663e-06 1
2.897670e-05 3
1.445239e-06 1184
9.853210e-06 1
2.027076e-05 495
4.935417e-06 4
3.040212e-05 1
3.264529e-05 320
5.061616e-05 1
7.953955e-06 2
2.227509e-05 2
1.059185e-05 1
7.591257e-05 1
2.745571e-06 4
2.463105e-05 1
3.939370e-05 5
8.245683e-06 3
2.871552e-05 1
1.227032e-05 1
2.051491e-05 942
1.094774e-05 8
1.469461e-05 1
3.180755e-05 3
1.748393e-06 57
1.199726e-06 2
1.027947e-04 54538
5.141728e-05 227
1.385118e-05 4
2.436758e-05 1
1.771092e-05 261
2.458352e-05 1
6.093297e-06 2
1.824717e-05 1
5.874460e-05 52581
2.402467e-05 3
1.957410e-05 6
3.089827e-05 1
4.562636e-05 2
4.223967e-05 1
1.227769e-05 6
5.822480e-06 57898
6.274326e-07 33142
1.301544e-06 1
1.645683e-05 4
3.291060e-05 1
1.292511e-05 1
2.171124e-05 1
1.592606e-05 153
1.812375e-06 1
8.073680e-07 2
4.530466e-06 3
4.423042e-06 1
6.230120e-06 1
1.221952e-05 4
2.686678e-05 1
1.292503e-05 2
2.114804e-05 1
2.022984e-05 1
3.971648e-06 4
1.783136e-06 2
1.608103e-05 1
2.265476e-05 7
2.649983e-08 1
9.796567e-06 1
1.074502e-05 401
6.925826e-05 3
9.553698e-07 2
1.827036e-05 1
4.609115e-06 38193
3.260987e-06 24428
2.520655e-05 1
1.389023e-06 35237
8.363947e-06 1
4.383904e-05 2
8.882014e-06 362528
6.059678e-06 1
6.716051e-05 3
1.127514e-05 32698
2.664420e-06 225
2.994266e-06 243
1.027509e-05 1
4.999366e-06 442
1.145860e-05 1
1.995865e-05 3
2.196627e-05 189
1.339859e-05 1
1.402612e-05 74
7.649683e-05 3
9.963236e-06 1
5.151680e-06 1
2.025040e-05 6
3.509052e-05 94
1.790738e-05 1
1.471499e-06 1
3.590635e-05 163
1.703855e-05 1
4.707286e-05 1
1.475240e-05 204
5.490307e-05 1
6.249695e-06 255
4.143607e-06 4
3.709178e-05 1
8.706439e-06 192
1.057874e-05 1
7.541529e-05 1
1.021558e-05 135
1.142066e-05 2
9.749542e-06 1
1.004323e-05 54082
1.260798e-05 1
6.811631e-06 1
1.939378e-05 1
2.965895e-05 1
4.535918e-05 3
5.749815e-05 1
1.133714e-05 2
5.383558e-06 2
1.235787e-06 3
1.075104e-05 169
2.274404e-05 1
4.545790e-05 3
1.197465e-05 1
1.446430e-05 5
1.613186e-05 7
9.883328e-06 155
3.393061e-06 1
1.708219e-05 218
4.519486e-05 1
2.750994e-06 75
1.760567e-05 1
1.752425e-05 7
9.836679e-05 1
1.747517e-05 2
9.305455e-06 19557
2.501330e-07 7
1.646354e-05 1
5.071897e-06 106
5.548079e-05 4
1.653479e-06 1
4.647182e-05 1
9.312569e-06 1
1.521359e-06 1
9.123419e-06 4
2.828270e-05 5
5.327061e-06 1
2.147547e-05 1
2.756233e-05 28471
3.804991e-05 1
9.010734e-06 62867
2.164046e-05 243
2.927244e-05 3
5.779806e-06 173
3.205557e-06 1
1.012026e-06 1
4.162484e-05 1
1.561048e-05 188
8.478340e-06 1
1.303910e-05 3
2.656185e-05 1
9.286303e-06 2
3.151518e-05 3
2.704953e-05 179
2.905098e-07 1
6.197229e-05 997
5.011130e-05 1
1.920797e-05 1
1.896450e-06 3
2.144363e-05 1
9.305788e-05 1
1.164029e-05 1
9.326855e-06 1
3.037681e-06 1
3.238281e-05 1
2.978128e-05 1
2.345399e-05 1
1.125815e-06 140235
5.818473e-07 1
1.628131e-05 195
6.028710e-05 1752
4.150834e-06 1
7.124257e-07 2
1.833025e-05 1
1.392657e-06 182
7.070311e-05 1
2.439961e-05 48
2.464685e-05 1
3.702878e-06 23345
2.306708e-05 6
1.527567e-05 1
7.292174e-06 1
1.579545e-05 1
5.962965e-05 5
2.030817e-06 81
3.003749e-05 1
6.811561e-06 6
1.230834e-04 3
3.910781e-06 233
2.335690e-05 263
6.135557e-06 5
6.372024e-06 74
4.144237e-06 4
2.655430e-06 4
1.822883e-06 3
6.234646e-05 2
6.529358e-05 1090
7.369885e-06 1
9.114441e-06 1
3.614630e-06 3
1.753257e-05 6
9.318720e-05 138
2.565928e-06 2
6.608223e-06 2
5.512286e-06 1
2.895935e-06 1
8.817205e-06 1
9.797676e-06 3
1.708124e-05 3
4.835549e-06 1
2.237813e-05 6
7.010144e-06 1
3.876159e-05 1
9.751973e-07 3
1.760891e-06 1801
4.673855e-05 1
5.677060e-05 7
3.324017e-05 1
1.901758e-05 1
3.327595e-05 1
2.152133e-05 1
1.268562e-05 3
4.366989e-06 1
1.808009e-05 3
4.428788e-06 1
2.481088e-05 1
6.157463e-06 1
8.756827e-06 104
2.429333e-05 163
1.159611e-05 1824
4.249826e-06 3
1.073574e-05 1
3.854253e-05 34093
1.305369e-05 5
2.868922e-05 1297
3.733194e-05 1
1.511246e-05 1
1.970335e-05 46885
3.257719e-05 1
5.572376e-06 943
4.813711e-06 1
1.175303e-05 2
3.259007e-06 246
1.761122e-05 110
1.211526e-05 1
6.016376e-06 1
1.227624e-05 1
1.821932e-05 3
8.823123e-06 3
1.165359e-05 1
1.106253e-05 1
1.269844e-05 156
1.040529e-04 3
1.347969e-05 2
1.581759e-05 1
1.105949e-05 1
3.436204e-05 2
7.710207e-06 1
7.385295e-06 1
7.997876e-05 6
1.259875e-05 1
3.306756e-05 1
5.749252e-05 5
5.446008e-06 1
2.432582e-05 2
1.240435e-05 246
1.923653e-05 2
5.660995e-05 7
9.481831e-08 1
4.721234e-05 1
8.120177e-06 1
7.042644e-06 3
6.991160e-06 2
7.327076e-06 1
2.428508e-05 1
1.777567e-05 1
7.931608e-07 493546
4.504333e-06 1
2.918250e-05 3
3.459314e-05 3
4.309641e-06 1
3.704966e-06 1
7.263442e-05 280273
5.827010e-05 1
4.070813e-06 6
2.173671e-06 2
5.196684e-05 1
3.080007e-06 45594
1.217755e-05 2
1.027632e-05 1
3.374187e-07 1
4.326587e-05 3
1.487798e-06 1
2.681402e-06 34
2.495834e-05 4
3.274772e-06 1
1.353681e-05 1
6.339729e-06 1
6.618134e-06 3
1.663329e-05 3
2.022387e-05 1
2.305297e-06 2
7.400617e-07 183
1.202818e-05 2
1.549826e-05 227
5.629243e-05 2
8.300018e-06 5
1.542916e-05 34251
5.525305e-05 1
1.281422e-05 1
6.091724e-06 174
2.847297e-07 1
5.515922e-06 1
2.622377e-05 1
1.436922e-05 1
7.146347e-05 147
1.262676e-05 23962
1.508583e-05 1
1.979769e-06 1
1.919340e-05 2
2.264282e-05 1
2.328033e-06 2
7.830245e-06 1
4.406619e-06 1164
5.145463e-05 437
9.438850e-05 2
9.409438e-06 1
8.200254e-06 6
2.807413e-05 6
9.590632e-06 1
3.846314e-05 1
1.150590e-04 3
3.862657e-06 1
6.220984e-05 6
9.541493e-06 15076
2.407803e-05 6
6.926945e-06 1
9.796227e-06 1
2.075038e-05 1
4.132175e-05 1
3.890049e-06 1
2.968256e-06 42106
6.768031e-05 1
6.937986e-05 1
2.286932e-05 1
8.913849e-07 1
2.296837e-05 160
1.357063e-05 1
1.357355e-05 1
6.671079e-05 1
2.100297e-06 1
1.648062e-05 3
2.784075e-05 1
1.964787e-05 1
2.068174e-06 33916
4.191474e-05 7
5.297383e-06 3
2.583322e-05 1
7.254879e-05 6
1.813270e-05 1
1.238508e-06 1
2.878003e-05 1
1.407478e-04 57060
3.398001e-06 378985
1.193083e-07 1
9.319061e-07 62
9.571764e-06 1962
1.393905e-05 1
9.577747e-06 2
5.244409e-05 1
4.070925e-05 1
5.293818e-05 1
3.684046e-05 1
1.168183e-06 4
5.160491e-05 3
3.130266e-05 3
9.863130e-06 19901
3.152085e-05 1
1.581420e-05 3
2.903988e-05 265
8.727601e-05 1
3.749879e-05 1
8.134849e-05 1
1.091722e-05 254
3.648449e-05 3
1.366814e-05 4
6.225683e-05 1
3.536783e-05 1
2.542476e-05 7
1.019951e-04 2
1.226764e-05 1
5.441081e-06 6
5.557820e-05 39362
3.480543e-05 55096
2.329980e-05 241
7.965210e-06 1
2.446765e-05 1
1.966479e-05 523
1.086253e-05 1
5.840718e-06 1
3.825725e-05 1
1.322425e-05 3
1.896991e-06 3
5.492985e-05 1
1.007547e-05 2
3.489380e-05 2
7.214402e-06 3
1.084597e-05 6
1.535494e-05 5
2.512871e-06 1
1.702986e-05 1
1.109291e-05 4
5.601400e-07 1
1.029346e-05 3
1.625453e-05 1
3.205541e-05 1
2.370658e-05 1330
1.885002e-05 1
2.222338e-05 3
1.760527e-05 1
1.732832e-05 85
3.518086e-06 1
2.055670e-05 889
9.344811e-06 1
7.607575e-06 1
2.032883e-05 1
5.773792e-05 95
7.622202e-05 1361
3.611284e-05 1
1.041145e-05 1
1.364780e-05 1
2.616719e-08 1
8.258402e-06 1
1.405529e-05 4
3.323023e-05 1
2.765407e-05 1
6.183603e-06 1
1.067545e-05 1
1.298950e-05 1
5.978390e-07 266
7.316557e-06 1
1.832819e-05 1
3.274760e-05 1
9.729243e-06 1
4.941197e-05 1
3.207626e-05 87
4.064263e-05 1
2.753329e-05 1598
1.148807e-04 4
3.370082e-05 39305
3.219122e-05 2
3.165736e-05 2
6.310323e-06 713
3.174921e-05 2
2.225596e-05 3
9.086962e-06 1
1.760351e-06 1802
1.106162e-05 1
2.429825e-05 1
3.202741e-05 5
1.956702e-06 122
7.371987e-06 1
1.956526e-05 1
3.222603e-06 3
3.291480e-06 1
1.034094e-04 1
1.017818e-05 3
6.778366e-05 214
2.187985e-05 1
3.189126e-06 7
7.447795e-06 7
1.900022e-05 1
4.605027e-06 1
1.610910e-05 645
1.735903e-05 1
3.802755e-06 1
1.157017e-05 58383
2.126103e-05 1
1.960817e-05 1
1.845118e-05 5
6.734006e-06 3
1.127004e-05 16467
7.041903e-06 3
6.781297e-06 1
3.163871e-05 1
6.555012e-07 46109
4.357260e-05 3
1.839042e-05 1
9.668499e-07 1
3.093614e-05 1
1.114620e-05 1910
4.127420e-06 1
8.141471e-06 1
1.761775e-05 56104
1.302981e-06 5
2.975318e-05 1
1.946922e-06 2
2.561841e-05 1
6.651383e-06 1
1.076797e-05 1
9.506464e-05 1
1.221147e-05 1
1.816634e-06 15018
1.853903e-06 1
4.430391e-05 264
6.510645e-05 1
3.732544e-05 32949
1.322169e-05 1
2.117398e-05 230
5.715848e-05 1
6.385576e-06 1
1.456797e-05 1
1.868274e-05 1
5.425012e-05 3
4.819963e-06 1
3.496111e-06 2
6.455953e-05 148
5.652207e-05 1178
1.829880e-05 2
8.774646e-05 1
3.501945e-05 1
9.614868e-06 1
1.810666e-05 3
2.544417e-06 1
1.489913e-05 1
1.731951e-05 32
9.945411e-05 2
9.346470e-06 44
1.165885e-04 37459
3.779953e-05 7
7.102607e-06 2
1.249517e-05 1
2.806951e-05 219
7.135614e-05 1
5.563807e-05 2
1.167532e-06 1
8.638384e-05 399
3.145375e-05 1
2.496337e-06 1
4.736601e-06 1
3.006105e-05 2003
3.223340e-05 1
2.389366e-05 3
5.305641e-05 2
6.111861e-05 2
9.081522e-06 3
2.265687e-05 1
2.863239e-05 1
7.272549e-06 1
3.398178e-05 3
5.039494e-05 1
2.864022e-06 1
6.684343e-05 226
2.795217e-05 1
5.136830e-05 2
1.678678e-05 2
1.384753e-06 23
4.534977e-05 1652
1.528225e-05 144
3.467954e-05 87
2.221752e-05 1
2.610548e-05 1
2.449102e-05 3
2.455601e-06 4
4.112091e-05 3
1.467266e-05 2
2.698234e-05 1
5.453606e-06 564842
2.000404e-05 4
8.372046e-06 54
3.615290e-05 98
1.063589e-04 71
1.178469e-06 1
7.788823e-06 1
3.286677e-05 1
2.040472e-05 325088
3.059767e-05 144
3.820717e-05 1
1.871877e-05 1
7.390227e-06 1
4.870321e-05 215
9.507927e-06 1
3.300005e-06 7
1.010102e-05 1
2.819656e-06 4
1.771794e-05 2
7.728473e-06 1
4.494376e-06 1
3.806050e-05 228
9.564209e-06 1
3.521935e-05 7
7.511762e-06 1
1.422864e-05 174817
1.424514e-05 1
8.478156e-06 512659
7.122976e-06 1
2.249835e-05 198
5.382836e-06 5
2.928217e-06 1
1.383087e-05 98
2.407534e-06 1
3.219133e-05 7
4.057738e-06 1
2.136679e-05 6
4.459785e-05 5
1.378475e-04 1
2.610741e-05 1
2.303873e-05 181
5.663024e-05 142
3.724675e-06 1
2.982199e-06 1
2.461860e-05 1
3.407878e-05 1
2.695584e-06 219
5.319936e-06 3
1.164847e-05 2
7.696203e-05 517
7.578435e-05 244448
1.260390e-05 1
1.044201e-04 3
1.604349e-06 1
1.157607e-05 1
9.200639e-05 43753
9.000686e-05 1
3.796538e-05 1
1.272783e-06 1
2.616219e-05 53
1.708375e-05 110
3.242185e-06 1
3.147848e-06 1
4.810602e-07 7
9.467855e-05 1
1.447278e-05 1
6.226159e-05 7
2.805170e-05 220
6.763937e-06 118
2.147059e-06 1
1.048511e-05 125
2.334212e-06 7
6.315483e-06 30
7.687104e-06 4
1.739966e-05 1
2.334697e-05 52185
5.581733e-06 1
2.376162e-05 4
1.705283e-05 1
4.557512e-05 117
3.805818e-06 28249
2.613415e-06 3
3.758274e-05 2
5.554013e-06 24
3.735911e-06 1
5.710690e-07 7
2.016216e-06 3
1.155989e-05 3
3.079737e-05 4
3.704691e-06 1
1.867111e-05 1
4.858211e-05 330
9.718876e-07 280
7.807632e-06 1
9.050859e-06 1
1.083673e-04 1
1.359206e-04 1
1.804574e-05 1
8.220957e-06 238
1.117961e-05 1
3.119115e-05 137
1.521790e-05 2
1.741225e-05 1
3.033539e-07 1
1.076454e-05 113
6.987511e-06 277831
6.569653e-05 1
3.538564e-06 1
1.886543e-05 3
9.475516e-05 1
6.897493e-06 1
4.522227e-05 128
1.389246e-05 6
1.087207e-05 1
3.443867e-05 1
4.322617e-05 246
3.571190e-06 3
9.312111e-05 192
1.781511e-07 1
1.313792e-04 2
1.853573e-05 3
1.992230e-05 2
1.357509e-05 1
2.387799e-05 1
8.063794e-07 7
1.853464e-05 1
3.878318e-05 1
2.949891e-05 2
7.631774e-05 210
1.006767e-05 588
1.667361e-05 1687
1.300360e-05 5
5.274406e-05 1
1.183366e-05 3
1.923610e-05 1
2.669430e-06 3
1.199742e-05 218
1.095702e-06 189
1.410304e-05 12195
2.714954e-05 1
6.528611e-06 3
4.656955e-07 160
5.387502e-06 1
5.894175e-05 1
1.191600e-05 30352
4.784739e-07 163109
2.538407e-05 1
4.224454e-07 2
3.438045e-07 1
5.655313e-06 33
3.588420e-05 1
8.776546e-06 1
5.427552e-05 1
3.966624e-05 1
4.342333e-05 1
1.616812e-05 1
2.292972e-05 5
2.435492e-05 2
1.329089e-05 1
2.282503e-07 6
8.411623e-07 6
1.035063e-05 1
3.232050e-06 1
2.716392e-05 2
1.799794e-05 1
7.605967e-06 3
8.131832e-06 2
3.872435e-05 6
1.355306e-05 1
3.020555e-05 3
1.355525e-05 2
2.334145e-05 1
1.165375e-05 1
6.062590e-05 1
1.044042e-04 1
9.553264e-06 3
1.401339e-05 2
1.357265e-06 28
1.000793e-05 3
5.945408e-05 2
4.767193e-05 1
1.019747e-05 165
1.993764e-05 1
8.829212e-06 2
4.049737e-06 1
9.902871e-06 233
8.910244e-05 75
1.322649e-05 6
2.267443e-05 2
1.502157e-05 1
1.652230e-05 250
4.063885e-06 1
9.882454e-06 7
1.573450e-05 94
3.991120e-05 1
4.321504e-06 20102
1.740130e-06 6
3.451047e-05 7
3.096188e-06 1
4.203314e-06 3
3.166491e-05 1
3.087706e-05 2
9.829680e-06 2
9.920558e-06 1
3.350800e-06 1
9.480237e-06 1
1.106902e-05 1
4.447707e-07 3
2.027885e-07 55752
2.988584e-05 6
1.014311e-05 4
2.307434e-05 1
2.433126e-08 201
1.137625e-05 24353
1.695966e-05 1
1.599878e-05 2
2.817332e-06 1
4.792829e-06 2
4.314922e-05 1145
1.262424e-05 1
4.978596e-06 149
1.367890e-05 1
4.105042e-05 1
4.213821e-05 31616
6.952927e-05 114
1.503727e-06 1
4.279858e-05 1
5.277251e-06 1
6.125340e-05 3
3.073778e-05 3
2.843856e-05 2
2.697403e-05 1
5.737133e-05 1
4.359321e-05 1
3.335003e-05 1
3.929986e-06 1
1.514319e-05 1
9.117612e-06 5
1.197736e-05 1
1.513927e-05 133
1.890530e-05 1160
4.705136e-05 1
1.195649e-06 387
2.323583e-06 238
1.195290e-06 1
2.426730e-05 1
2.375910e-05 1
2.244844e-06 7
1.120537e-04 2
2.255682e-05 8597
2.533759e-05 1
5.970154e-05 1
3.189234e-05 2036
2.542811e-06 2
1.461176e-05 1
1.195175e-05 3
5.998077e-05 1
1.154147e-05 1
2.287215e-06 1
1.079248e-05 1
9.957607e-06 5
2.472897e-05 1
3.913521e-06 5
8.435335e-06 3
2.578295e-05 1
2.974771e-05 1
7.723437e-06 1
2.750239e-06 1
8.177586e-07 1
1.452026e-05 2
9.387753e-07 1
2.169737e-05 51
8.243661e-05 1
8.051046e-07 1
1.236697e-05 1
8.285936e-06 1
3.764145e-05 1
6.727561e-06 1
6.116043e-05 1
3.340930e-05 1
3.879384e-07 42
8.713686e-05 166
1.605281e-06 3
2.248516e-05 1
4.295556e-05 2
8.014460e-05 1
3.712427e-05 1
8.394190e-06 1
8.614981e-06 7
1.000836e-05 6
1.710048e-05 1
1.534954e-05 3
1.984491e-05 1
5.034947e-05 1
5.559664e-06 23
5.289173e-05 1
7.128754e-07 6
4.347906e-07 2
1.583409e-05 1
2.376965e-05 881
5.239768e-06 1
3.599429e-05 1
7.705908e-05 1
1.953016e-05 84
5.567649e-06 1
6.782375e-06 1
3.491802e-06 5
3.226957e-06 1
1.753110e-05 1
3.022221e-05 4
2.073787e-05 3
2.232565e-05 1
1.214448e-05 4
3.044527e-09 3
3.754731e-05 1
2.101570e-05 2
2.570030e-05 1
1.223238e-05 251214
1.404087e-05 4
2.564358e-05 2
2.592560e-05 1
4.540870e-05 488
4.693147e-05 3
1.480595e-05 7
3.980165e-06 1
2.674723e-05 1
1.940825e-05 3
1.205906e-05 1
7.214216e-07 6
5.678391e-06 2
1.153366e-05 2
1.237318e-05 5
2.295300e-05 1
4.067914e-06 7
2.500080e-05 1
1.186243e-05 2
3.860174e-06 1
1.791810e-05 2
1.775774e-05 1
2.480002e-05 1
5.970570e-06 1
4.732552e-06 1
1.551094e-05 1194
1.022475e-05 1
5.366884e-06 1
4.931268e-05 253
1.414335e-05 1
2.346854e-05 174
8.759996e-06 1
1.841285e-05 1
3.826767e-05 343
1.052571e-05 45729
1.521677e-05 1
2.011789e-05 7
1.675466e-05 145
2.318513e-05 1
1.390267e-06 2101
4.814026e-05 1
5.796691e-05 117
2.776045e-05 1
6.372025e-07 1
4.981693e-06 1
1.252652e-05 3
2.604654e-05 1
1.034370e-04 6
3.297517e-06 1
3.052476e-05 41
2.224771e-05 3
2.050430e-05 1
4.723372e-05 1
6.198139e-05 3
2.900942e-05 2
9.415816e-05 1
1.126910e-05 260
4.274854e-05 1
5.870781e-06 3
4.016252e-05 1
1.215962e-05 1
6.276453e-05 1
1.026433e-05 129
2.315940e-05 1943
6.199571e-06 76
4.967558e-06 7
5.591855e-05 4
1.153307e-05 4
3.174423e-05 7
3.006583e-05 1
2.908212e-05 1
8.152865e-06 1
1.684514e-05 135
2.006298e-05 2
6.316964e-08 3
1.055760e-05 1
6.001775e-05 1
1.511411e-06 3
3.929261e-06 1
4.054154e-05 2
1.156078e-05 1
4.327801e-06 1
4.947784e-05 1
3.015008e-06 105
2.493418e-05 1
8.447056e-06 1
1.079865e-05 1
2.587207e-06 1
7.248069e-05 3
5.501449e-06 2
2.437204e-05 3
7.378765e-05 1
2.852430e-06 216
5.268474e-05 2
8.914819e-06 1
1.207180e-05 3
1.913283e-05 1
3.930473e-05 1
1.461927e-05 1
8.447569e-06 1
1.002118e-05 1
2.095911e-06 4
6.241597e-06 230
4.379912e-06 121
2.881240e-05 252
5.371287e-05 228
1.054523e-05 1
1.770762e-05 1
1.018161e-05 4
3.893126e-06 3
1.783674e-05 1
3.240058e-06 1
2.528137e-05 1
1.224398e-05 1
2.113747e-05 2
2.711569e-05 1
2.301645e-05 2
9.852724e-07 1
4.512929e-05 1
1.643013e-05 1
8.566468e-05 3
1.399955e-07 2
1.693268e-05 4
6.030797e-05 1
1.060719e-05 7
1.163421e-05 1
3.454638e-05 7
1.899206e-05 663
1.764610e-05 1
5.562341e-05 1
9.538944e-07 1
4.751753e-06 2
1.885234e-06 1
6.863452e-06 4
2.946185e-05 78
3.542132e-07 1
5.936810e-06 1
4.038479e-05 1
4.760439e-06 161
1.251028e-05 4
2.332155e-05 1
5.203976e-06 1
2.847925e-06 301398
1.333577e-05 1
4.257937e-05 7
1.642510e-05 1
1.318962e-05 1
1.353378e-05 1782
3.193824e-05 2
3.778667e-05 25
2.139963e-06 5
8.499148e-06 3
3.775700e-06 97
2.119687e-06 1
2.524282e-06 1
4.714537e-05 1
2.163168e-05 2
1.147017e-05 1
4.692417e-05 77
6.205070e-05 3
8.532990e-06 3
4.530436e-06 1
2.186523e-05 1
3.268402e-05 3
2.275775e-05 1
1.494613e-05 1
4.512585e-06 3
2.627417e-05 1
1.497164e-04 1
9.137874e-05 2
1.052641e-05 39
1.234126e-05 6
3.008190e-05 1
2.504156e-06 1
1.891008e-05 35
9.622433e-06 32
2.874384e-05 1
3.129007e-05 1
6.568090e-06 1
4.755271e-06 189
8.326419e-06 1
3.351606e-05 3
1.951458e-05 3
1.677451e-06 1279
1.760862e-05 1
2.670785e-05 2008
1.683359e-06 1
9.533477e-07 1
4.891305e-05 2
7.065527e-06 1
2.167024e-05 3
4.637361e-06 1
5.641996e-06 1
5.154343e-05 1
2.656200e-05 3
1.226742e-05 1
2.271046e-06 34
9.153505e-06 1
4.869436e-05 1
6.377055e-07 1
2.474773e-05 3
7.678285e-05 2
1.119792e-04 3
7.453290e-06 1
1.618201e-05 1292
2.072556e-05 1
2.397611e-05 1
6.295198e-05 1929
1.781468e-05 2
2.825075e-06 1
7.508787e-05 3
6.301490e-06 25023
4.648892e-05 1
6.753825e-05 4
7.070324e-05 2
6.079443e-06 3
2.625022e-05 3
1.002394e-05 1
2.679643e-05 3
1.770675e-05 3
2.145645e-06 1
4.262415e-05 160
3.000666e-05 3
8.481195e-06 1
1.586288e-05 7
6.711393e-06 3
1.501288e-05 121
4.913788e-06 7
6.670677e-05 3
1.052973e-05 1
6.426343e-05 3
1.087145e-05 1
1.627721e-07 1
3.593795e-05 1
7.774432e-05 38
1.596873e-05 1
2.160964e-06 216
1.540076e-05 172216
5.703695e-06 213
1.221992e-06 1
1.399255e-05 1
2.924036e-05 1
5.630579e-05 1
3.499976e-05 2
1.649642e-05 815
2.611590e-05 1
3.681413e-06 194
1.274879e-05 872
4.683845e-06 1
1.481612e-05 63
2.215723e-05 1
3.558581e-05 3
1.984044e-05 275243
2.970096e-05 1550
4.695023e-07 5
3.766865e-05 1
2.990945e-06 163
1.445456e-06 1
4.014732e-06 1
6.068529e-06 3
4.509409e-05 25
2.614283e-05 1
4.129447e-07 1
9.500075e-06 103
2.759209e-05 1
1.620844e-05 1
1.218770e-05 1
2.676792e-05 1
3.116687e-05 1
5.025119e-05 1
5.110621e-05 261
5.761081e-05 2
2.174357e-05 1
4.784683e-06 1
5.053556e-06 56317
1.493613e-05 1
2.576683e-06 1
4.401636e-05 2
5.119865e-05 1283
9.644409e-06 2
3.906792e-06 1
4.964404e-05 1
2.832217e-05 1
3.100940e-05 3
1.920080e-05 1
9.153834e-06 66512
5.046881e-05 35
1.784048e-05 3
4.366416e-05 5
1.437092e-06 1
1.148949e-04 3
3.440606e-05 1
8.906965e-06 2
7.055357e-06 2
1.562251e-05 1
1.973651e-05 145
5.218601e-06 1
4.434806e-05 22
7.194451e-07 1
3.675004e-05 1
6.415647e-06 3
1.172844e-05 3
3.554615e-05 4
2.125832e-06 250
3.944660e-06 39
4.188724e-06 3
1.323261e-06 4
8.448438e-05 1
3.301729e-05 1
3.229540e-05 1
3.663215e-06 5
3.107161e-05 117
1.971804e-05 1
1.614477e-05 3
3.949410e-05 1
4.080340e-06 121
1.114292e-05 10386
1.218929e-04 1
4.034942e-06 7
1.703848e-05 222
1.961747e-05 1
3.662197e-05 6
1.707542e-05 1
1.019327e-05 1
1.829572e-07 5
9.774567e-06 1
4.113037e-05 2
3.023653e-05 1
7.686576e-05 232
1.900707e-05 1
1.456619e-06 1
1.441496e-05 1
1.361150e-05 1
4.740345e-05 412
1.240910e-05 165
7.913979e-06 1
1.920253e-06 7
5.083047e-05 2
3.783355e-06 1
2.038361e-05 2
1.640054e-05 1
1.753697e-05 1
2.373374e-05 72
2.194047e-05 5
3.269740e-06 1
1.333191e-05 1
2.163881e-05 688
6.286459e-05 1
2.031303e-05 173
3.262559e-06 1854
1.177628e-05 6
4.666658e-05 1
2.106104e-05 3
5.455365e-06 1
5.272403e-06 6
9.040274e-06 2
2.360452e-05 1
1.491787e-06 28
1.072646e-05 2
1.235498e-05 509052
1.137397e-05 1
4.833431e-05 1
1.465100e-05 1
7.069658e-06 1
9.495022e-06 3
1.009956e-05 1
1.106450e-05 1
2.758282e-06 3
1.601863e-05 1
3.361751e-05 1
1.325165e-05 1
8.759380e-06 1
6.218565e-05 5
1.228879e-05 1
2.598035e-05 7
4.675478e-05 1
1.999649e-06 5
1.827292e-05 893
4.281265e-06 1
1.257173e-04 1
2.688029e-05 1
7.663151e-06 1
2.803583e-05 1
1.592875e-05 1
2.285353e-05 2
5.499027e-05 14
5.215600e-06 5
5.879760e-06 1
1.527136e-05 1
2.612718e-05 1
5.831363e-05 1
6.167196e-05 2
1.277356e-05 1
3.820747e-05 5
2.098544e-05 1
6.179962e-06 5
6.242356e-06 1
1.389284e-05 3
2.967145e-05 6
2.900556e-05 2
7.404173e-06 1
5.691922e-05 1
7.056782e-06 1
2.046464e-07 242
1.079567e-06 8001
1.144591e-05 3
5.059515e-05 1
7.162932e-06 107
7.645046e-05 1
1.486586e-05 6
3.552231e-07 1
1.046809e-05 2
1.483524e-06 3
4.944119e-07 127
3.831939e-06 194
5.854478e-05 273
5.446530e-05 2
1.074682e-06 3
2.269771e-05 1333
1.129613e-05 256
3.017382e-05 1
3.354037e-05 1
4.155031e-05 1
6.467177e-06 1
1.320214e-05 1
2.504671e-05 7
3.640345e-06 1
8.221321e-05 1
