2.576143e-04 1
1.866158e-05 1
8.262381e-05 1
1.334097e-04 1
5.715638e-05 692
2.465013e-05 2
1.309055e-05 1
1.055501e-05 1
9.540325e-06 1
1.895441e-05 1
1.606096e-05 1
1.553700e-04 2
1.436534e-06 1
3.112252e-05 1
1.795332e-05 1
4.697693e-05 1
5.368786e-05 1
1.157240e-04 1
1.086179e-04 4
9.538329e-05 2
1.771107e-05 7
7.882162e-05 1
1.089144e-04 31713
4.700987e-06 1
6.990969e-05 1
2.436936e-05 2
5.503606e-05 3
4.971830e-05 1
1.191830e-04 3
2.339832e-05 172
5.196872e-06 2
7.215315e-05 50218
9.592852e-05 1
8.960061e-05 2
7.080150e-06 1
6.707901e-06 2067
5.462974e-05 2046
7.561797e-06 768
6.504066e-05 1
2.016383e-05 19788
4.833928e-05 2
1.691071e-05 1
4.977822e-05 1
1.660112e-05 2
9.538251e-05 1
9.171279e-05 1
1.670830e-04 1
3.454414e-05 1
1.752009e-04 1
1.157229e-04 1693
4.468566e-05 174
2.895919e-05 4
3.055013e-05 3
9.119600e-05 1
1.953969e-05 51509
1.038202e-04 1
5.167261e-05 5
3.501555e-06 105
6.771255e-05 1
4.052661e-05 1
4.747348e-05 2
6.073809e-05 171
3.419545e-05 2
5.048104e-05 6
9.025864e-05 74
1.585654e-05 1
1.093028e-04 1
4.887767e-06 1
2.373106e-05 1
4.502635e-05 1
4.339893e-05 1
9.204269e-06 131
1.357660e-04 1
1.326515e-04 1
1.203644e-05 64601
8.467005e-06 1
1.428368e-05 3
3.276738e-05 3
1.588395e-04 72
8.698622e-06 183
2.201021e-05 3
6.067651e-05 3
1.659600e-05 1
1.118767e-05 1
4.217481e-05 1
1.795867e-06 823
1.042788e-05 1
6.155311e-06 37799
2.762217e-05 5
3.395675e-05 1
2.883753e-04 1
3.169565e-04 1
6.326799e-07 33929
4.925565e-05 7
2.729043e-06 3
4.355178e-05 229
4.481963e-05 168
1.941385e-05 1
1.501163e-04 1
7.000798e-06 3
2.583515e-05 7
2.707806e-05 6
1.870060e-05 6
1.357947e-04 3
4.478014e-05 170
1.292207e-04 1
4.465934e-05 3
3.470989e-05 1
6.492982e-05 1
4.105377e-05 1
3.318173e-05 3
7.706705e-05 1
5.961941e-05 209
6.536457e-05 20
1.205756e-06 1836
3.939985e-05 1
1.083282e-05 1
2.626250e-05 7
8.417139e-05 3
1.208585e-04 1
5.457206e-06 1
8.822949e-06 170
9.422320e-06 1
1.271534e-05 1
3.479200e-05 54
7.301047e-05 36144
4.808484e-06 1
8.899991e-06 1
1.197046e-05 5
9.893851e-05 6
3.665456e-05 2
3.485877e-05 1
2.789936e-06 3
3.481495e-05 1
1.521363e-05 1
1.766481e-06 1
1.636317e-05 2
1.182199e-04 1
2.978272e-05 1
2.048215e-05 1
7.494724e-05 4
1.357563e-05 1
5.589400e-05 1360
5.960959e-05 1
3.056327e-05 1
9.425620e-06 1
3.305782e-05 159
6.585850e-06 1
9.179941e-06 1
5.033931e-05 2
3.400584e-05 2
4.004305e-05 1
1.054993e-05 7
1.926400e-05 1
7.148596e-05 61376
2.610757e-05 7
1.297410e-05 4
8.725735e-05 1
1.317486e-05 1991
1.739469e-07 1
3.519543e-05 2
1.054448e-04 1
5.595386e-06 5
2.777497e-06 1
8.086805e-05 1
2.846062e-05 1
5.027698e-05 2
6.755721e-06 3
6.386729e-05 1
4.704203e-05 2
1.238245e-07 1
5.396846e-05 1
3.247143e-05 1
3.450686e-06 1
3.908366e-05 1
2.033090e-05 1
5.474602e-05 3
2.608360e-05 7
1.911039e-05 1
3.768350e-05 6
6.691614e-06 1
3.234485e-05 1
8.432107e-05 3
1.881388e-06 1
1.574285e-05 3
3.038827e-05 3
2.723693e-05 2
1.771764e-06 3
2.540937e-04 1
3.765512e-06 1
1.864961e-05 6
5.804959e-05 1
1.476917e-04 1
3.021853e-05 1
4.259752e-06 1
2.905986e-05 4
1.317511e-04 3
1.489049e-05 230
4.422687e-06 1
6.721845e-05 1
6.679353e-05 2
3.729030e-05 1
7.941935e-05 3
7.628681e-06 1
1.696660e-05 1
1.098155e-04 1
5.962584e-05 3
8.410626e-05 1
2.159926e-05 3
1.160819e-05 1
6.686110e-05 2
1.465029e-05 252
3.448727e-05 1
7.749181e-06 3
7.717512e-05 3
1.304201e-04 3
1.598597e-05 1
1.692572e-05 2
5.366207e-05 1
6.232038e-05 2
4.522890e-05 3
3.980313e-05 17173
1.219381e-05 1
1.063266e-05 1
5.080043e-05 1
2.546480e-05 1
2.667219e-05 2
1.910042e-05 1
7.593389e-05 1831
1.907424e-05 1
1.525339e-06 1286
3.210859e-05 1
3.369109e-05 1
5.273077e-05 46198
9.361326e-05 2
3.026911e-05 3
1.096523e-04 4
4.126187e-05 1365
2.917976e-05 1
6.640799e-05 1
6.100157e-05 1
1.527967e-06 3
1.148186e-04 1828
6.995909e-05 1
1.152051e-05 6
1.321460e-05 1
1.023253e-04 6
1.826394e-05 6
7.707003e-06 3
1.556099e-04 2
6.901192e-07 4
5.206054e-05 1
5.943064e-07 4
8.533208e-06 1
2.492711e-06 223
9.473090e-05 7
6.981353e-05 6
4.573632e-05 1
6.192933e-05 130
7.602509e-06 706
7.008766e-05 1
1.131954e-04 1
4.830310e-05 1
1.369925e-04 189
8.922389e-06 3
5.074614e-06 2
1.946400e-04 7
4.086245e-05 1659
1.117350e-05 6
4.393412e-06 1
9.897820e-07 1
1.634290e-04 2
6.394319e-06 1
1.138933e-05 1
1.128362e-05 6
7.365735e-05 1
7.390035e-05 1
7.025927e-05 647351
6.942195e-05 6
2.072082e-05 1
2.806026e-05 1
7.313826e-06 3
1.358968e-06 3
2.154177e-05 3
1.109041e-04 17017
3.556293e-05 1
8.075124e-05 3
1.814131e-04 1
1.608752e-05 122
9.466157e-06 1
3.997868e-06 1
5.400653e-05 14565
2.630180e-05 1
4.728398e-06 2
4.670718e-06 1
1.229035e-04 702
2.057075e-05 1
4.276604e-06 1
3.421432e-05 1
7.539532e-07 1
3.799703e-05 1
8.455629e-06 3
4.954210e-05 7
2.657265e-05 2
5.394010e-05 1
8.936052e-07 1
2.500683e-05 2
8.111069e-06 1
9.971168e-06 1
4.260391e-05 1
2.998655e-05 1
1.718375e-04 1
1.276013e-05 4
7.478843e-06 1
2.998702e-05 1
4.607428e-05 2
9.154795e-05 1
2.076307e-05 3
3.046910e-05 3
8.268891e-06 1
5.839619e-05 3
1.523043e-04 2
4.365348e-06 7
3.703587e-05 2
7.230311e-06 1
5.230978e-05 1
8.894882e-06 1
5.975737e-05 1
2.736456e-05 2
3.322037e-05 149
1.397865e-04 3
6.750974e-06 1
5.666093e-05 3
2.770183e-05 5
3.289506e-05 1
2.504066e-05 2
1.255232e-04 378
1.289201e-04 1
7.004880e-05 1
2.863111e-05 1
3.223454e-05 211
3.621781e-05 1
3.584648e-05 2
5.883911e-05 3
9.310230e-05 1
2.109032e-05 1
5.696812e-05 1
5.810205e-05 263
6.770036e-05 2
5.440322e-06 2
3.942614e-06 2
1.799107e-06 818
4.855399e-05 1
5.617213e-05 1211
1.577889e-06 1
1.132753e-05 1
1.296577e-05 1
8.707254e-05 1
3.291805e-05 3
3.158768e-05 1
2.294174e-05 1
1.764379e-04 2
8.520014e-05 171
3.600732e-05 7
1.288594e-05 4
3.476385e-05 56
1.451834e-04 1
3.349328e-05 2
9.465156e-05 1
3.799514e-05 1
3.678530e-05 1
7.851025e-06 3
6.454838e-05 1
3.207363e-05 1
7.980971e-07 21251
1.246984e-05 4
1.904866e-06 637
1.198016e-04 1112
8.021184e-06 254
2.739475e-05 1
6.340544e-05 1
1.222099e-07 5
1.055148e-05 7
9.851923e-05 6
6.977708e-06 3
5.605915e-05 1271
1.591426e-05 138
2.073507e-05 1857
5.737617e-06 5
6.449165e-06 1
7.618854e-05 1
5.585381e-05 1
2.912193e-06 1
1.267505e-04 1
1.809356e-05 1
4.385576e-05 214
9.608800e-06 89
1.968129e-05 5
9.809416e-06 1
7.051628e-05 482307
5.704590e-05 750
2.833761e-05 5
1.054336e-04 1
5.519713e-05 1
4.890282e-05 1
4.633870e-05 1
4.633347e-05 1
1.124658e-04 4
6.895565e-06 1
1.314376e-04 228
4.874678e-05 7
2.190670e-05 1
1.661439e-04 1
1.075004e-04 1
3.806133e-05 5
3.301130e-05 1
6.592398e-05 1
8.752033e-06 3
2.827229e-05 1
1.905183e-05 436512
3.344186e-05 1
4.256707e-06 2
1.972970e-05 41800
2.712118e-06 3
5.187739e-06 6
1.066776e-04 49017
6.486025e-05 2
1.104588e-05 1
6.414501e-06 1
2.753865e-05 5
4.654887e-05 1
6.413968e-05 1
2.078091e-05 1
1.921240e-04 2
6.151704e-05 1
7.749881e-05 3
7.635808e-05 1
3.866087e-05 1
2.222150e-05 262
5.907698e-05 228
1.141906e-05 1
1.532915e-05 3
1.369783e-04 3
1.987345e-05 1
2.199756e-05 440
6.792032e-05 1
3.951213e-05 1
1.304635e-05 4552
9.585388e-06 1
5.250999e-05 1
4.288493e-06 1
5.855232e-05 1
1.722028e-05 23
3.498472e-05 1
1.097767e-05 7
1.855766e-05 6
1.222053e-05 1
2.053577e-05 3
5.775146e-05 384
7.181139e-06 1
7.440065e-05 4
3.306467e-05 3
6.030988e-07 4
7.355626e-05 27291
1.637207e-05 1
2.596050e-05 1
5.939678e-05 217
8.773028e-06 175
1.773019e-06 1
1.992254e-05 4
3.566041e-06 1
1.029790e-05 1
4.331014e-05 241
5.179563e-05 5
2.522757e-05 36
2.279659e-05 218
3.920534e-05 37107
8.488012e-06 1
1.419418e-04 157
1.540581e-04 93
8.232857e-05 231
6.496461e-05 1
6.604923e-06 1
1.434850e-04 1
3.796881e-05 1
3.659586e-06 1
6.621257e-05 1
1.010332e-05 1
5.260960e-06 2
4.122112e-05 1
7.196294e-06 1
4.897055e-06 2
9.278524e-05 2
3.338487e-05 3
1.092369e-04 1
1.826964e-05 1
9.140971e-06 2
6.080810e-05 3
1.038644e-05 11
2.619633e-05 7
1.074182e-05 1
3.370334e-05 1
5.376366e-06 6
4.615447e-05 1
6.472683e-05 2
4.057698e-06 1
4.159835e-05 3
8.792810e-06 1
1.053326e-06 3
1.416241e-05 1
1.235200e-04 1
5.794096e-05 287
5.926057e-05 3
2.558585e-05 1
5.529854e-05 1
2.945993e-05 1
1.175859e-05 1
5.480295e-05 1
1.114314e-04 1
2.141537e-05 1089
3.248655e-05 195
1.348768e-04 203
4.640046e-06 2
9.287626e-06 122
4.690207e-05 70
1.108586e-04 1
1.189157e-04 1
1.121099e-04 4
1.513185e-05 1
1.989859e-05 33215
6.515416e-05 1
3.039894e-06 1
3.101296e-05 1
1.404590e-05 1
1.061928e-05 7
3.510565e-05 36
8.801748e-05 1
9.784364e-05 1
7.931232e-05 3
3.044452e-05 1085
5.781408e-05 1
1.219403e-04 1
9.288440e-05 2
3.703447e-04 1
1.817158e-05 6
5.791028e-05 3
9.276395e-05 1
2.559830e-05 2
2.244740e-05 1
2.142182e-05 1
1.458830e-04 2
6.109602e-05 1
1.022389e-04 1
1.914848e-05 5
5.488209e-05 1
6.076689e-05 1
9.486503e-05 1
9.887451e-05 2
1.564100e-05 1
4.255607e-05 3
2.057208e-05 1
3.656873e-06 1
1.331072e-05 3
4.091497e-05 3
4.217824e-05 1
5.008405e-05 1
5.272650e-05 1
5.542497e-06 1
1.209420e-04 958
8.703829e-07 15739
2.328489e-05 180
3.333062e-04 1
2.037118e-05 4
4.930887e-05 7
1.983645e-05 4
1.220881e-04 1
3.052842e-05 1
2.511151e-05 44
2.494581e-05 1
2.153614e-05 1
5.411725e-05 4
1.490623e-05 229
5.367303e-05 22757
4.935563e-05 1
6.437993e-05 1
1.604738e-04 1
1.428217e-04 3
1.677500e-04 1
3.674311e-05 1
8.533391e-06 3
3.783109e-05 1
6.223589e-05 1
1.356575e-05 1
5.682238e-06 1
1.222019e-04 3
3.798629e-05 5
1.291615e-04 245
1.792542e-05 1
8.154732e-06 240
5.344206e-06 6
2.552272e-05 1
7.405057e-05 19386
1.690082e-05 1
3.423622e-05 88
1.806014e-05 1
1.196993e-05 5
1.574353e-05 1
2.190251e-05 545
1.938006e-05 1
1.052353e-05 1
9.611103e-06 1
4.382587e-05 1
3.706240e-05 6
1.276875e-04 257
9.316431e-05 2
1.297369e-04 1
7.578911e-05 1882
7.328503e-05 1
1.322336e-06 1
1.086774e-05 2
3.337732e-06 2
1.010464e-05 1
6.816913e-05 1
2.472635e-05 1
7.870263e-06 1
1.616391e-04 2
1.709747e-05 1
1.887977e-06 3
6.045683e-05 1
6.378600e-05 1
4.221671e-05 3
9.859706e-05 1
1.753659e-05 1
4.842709e-05 7
1.433244e-04 149
2.844997e-06 1
5.855895e-06 5
5.067204e-05 1
5.142565e-05 542703
4.655367e-05 86
8.964994e-05 2
1.195513e-05 1
1.016419e-04 1
1.389468e-04 176
2.074780e-05 1
1.375866e-04 185
6.318456e-05 2
9.953017e-05 1
3.141601e-05 263
2.960309e-05 1
9.173684e-05 48
9.837392e-05 6
1.157838e-04 3
6.179628e-05 2
8.629916e-05 1
5.799702e-06 5
3.063239e-05 1
1.231906e-07 310567
1.169297e-05 2
2.809831e-05 5
3.717394e-06 2
1.178458e-05 1
5.684444e-05 1
1.703872e-05 2
1.414401e-04 160
2.858821e-05 4
1.349841e-05 3
1.320572e-05 3
1.449457e-05 1
1.056386e-04 1
1.160941e-05 1
1.333439e-05 3
2.000374e-04 2
1.321324e-05 3
3.058963e-05 3
1.884828e-06 1
4.076962e-05 3
9.198613e-05 1
1.169886e-05 2
7.370723e-05 24878
1.744653e-05 1
5.311234e-05 36651
9.718667e-05 2
5.612525e-05 1
2.337695e-05 1
1.056133e-06 1
3.126743e-07 5
2.653397e-05 1
2.657304e-05 1
9.052553e-06 1
7.783087e-05 1
6.788305e-05 2
1.771958e-05 2
1.255210e-05 33774
3.492348e-05 47
8.118675e-06 1
4.933866e-06 2
5.344461e-05 1
5.379704e-05 1
3.081734e-05 1
3.866524e-05 5
8.436300e-05 1
1.302417e-04 237
7.675301e-05 1
6.136904e-05 149
4.904827e-05 1
6.792623e-05 2
1.468653e-05 1
6.375352e-05 2
7.086883e-06 1
1.389560e-05 3
2.040838e-05 1
2.501276e-05 51
2.020910e-04 7
3.732736e-06 1
7.012897e-05 1
4.428752e-06 7
4.585357e-05 119
8.220839e-05 1
3.046867e-06 1
4.017563e-05 4
8.383835e-06 216
5.939627e-05 1
1.290235e-04 1
4.149526e-05 1
8.946674e-05 89
3.205163e-05 222
2.959545e-05 3
8.719843e-07 15604
8.837939e-05 109
7.125035e-05 5
2.534576e-05 27
5.844525e-06 1
9.331532e-05 1
7.818677e-05 3
3.415530e-05 1
2.181764e-05 639
1.185117e-04 1290
1.588185e-05 141
1.536810e-04 1
5.411561e-05 1
1.160961e-05 6
5.292228e-05 1
4.440193e-05 1
1.892718e-05 1
1.454759e-04 1
1.009853e-05 1
1.707125e-05 36
1.408326e-05 788
6.824965e-06 1
2.370025e-05 1
9.417058e-06 2
3.860750e-06 63
9.364233e-05 2
3.758145e-06 1
4.934371e-05 1
1.798819e-05 7
2.544162e-05 1
7.587864e-05 1
7.516463e-05 1
3.294059e-05 3
3.131381e-04 6
8.271625e-05 222
1.882433e-04 1
1.955717e-06 1
2.177029e-05 1
7.553328e-05 3
5.305410e-06 2
4.411002e-05 3
2.968946e-05 1789
4.493615e-05 3
4.715928e-05 1
2.015078e-05 20437
8.561879e-05 1
2.047755e-05 1
2.266143e-05 3
3.233295e-05 1
2.700161e-05 6
2.103683e-06 1
3.306406e-06 1
1.960186e-05 5
5.905757e-06 1
4.967762e-06 6
1.033294e-04 1
5.174082e-05 5
8.380565e-06 1
4.297340e-05 1
2.033841e-05 10970
5.695498e-05 1
2.318635e-05 188
1.659130e-04 1
2.288139e-05 1
4.469938e-05 173
1.351758e-05 1
8.982343e-05 1
2.974334e-05 3
2.910228e-05 4
1.702655e-05 1
5.065039e-05 1
5.804042e-05 265
4.339672e-06 2
8.051878e-06 1
3.263769e-05 1
9.504250e-05 7
2.639236e-06 206
5.872779e-05 1
7.277457e-06 1
5.890006e-05 1
2.106541e-07 1
7.495813e-05 1
8.294123e-07 1
4.094937e-05 3
1.140397e-05 6
9.280150e-06 1
4.713830e-05 1
6.135814e-06 1
1.067950e-04 5
5.364990e-05 23320
5.228088e-05 5
2.127143e-04 1
3.474139e-05 1
1.127564e-05 1
9.430603e-05 7
2.470173e-04 6
9.669589e-05 1
7.251540e-05 1
1.177634e-04 3
5.054798e-05 1
2.276157e-05 1
3.240413e-06 135
8.817082e-06 1
1.293986e-05 10826
1.160621e-05 2
4.615136e-05 105
2.125129e-05 1
4.743549e-05 1
3.809031e-05 1
1.529191e-04 1
4.998762e-05 1
9.165257e-05 1
1.306588e-04 1
7.220105e-05 49433
1.664969e-05 1
1.576047e-05 1
4.766980e-05 1
8.398750e-05 1
1.213393e-05 58735
5.535807e-05 1
4.495405e-05 3
1.152187e-05 6
5.023936e-06 1
1.709631e-05 34
3.250558e-05 1
1.869341e-04 1
1.428088e-05 1
2.469744e-06 1
3.057837e-05 1
6.820574e-05 2
6.122472e-05 3
3.442830e-06 1
3.981575e-06 1
6.973621e-05 1
5.688748e-05 1
8.593356e-05 3
9.950942e-05 2
5.063810e-06 1
3.117258e-05 3
3.232494e-05 1
5.162980e-05 1
7.902205e-05 1
8.115143e-05 1
2.533741e-05 1
5.644536e-05 1066
2.348063e-05 165
2.208097e-05 1
1.008026e-05 1
1.648413e-05 87
1.063643e-04 51512
7.001866e-05 1
2.198293e-05 3
1.937442e-05 5
1.029090e-05 1
6.866743e-06 1
4.139997e-05 1264
1.226945e-04 1
1.140184e-04 1
4.507191e-06 1
4.827940e-05 1
5.617357e-08 5
6.590279e-05 7
1.564272e-05 1
7.878826e-06 1
4.432534e-05 192
7.596590e-05 1820
1.713917e-05 30
1.406908e-05 3
7.370904e-06 3
2.217983e-05 1
9.271714e-05 2
2.034849e-05 4
7.959245e-06 1
2.139893e-05 1107
3.884063e-07 52714
3.376410e-05 2
4.257504e-06 1
9.531484e-05 1
1.032564e-05 17
5.978650e-07 1
2.008385e-05 1
1.469365e-05 1
2.451852e-05 88
1.592021e-05 1
3.531399e-05 2
6.871694e-05 6
5.121375e-06 6
1.121041e-04 1
1.451405e-05 265
8.183434e-06 1
5.381626e-05 1
1.138762e-04 1
7.183901e-05 1
1.140114e-04 1
5.107189e-05 1
1.369564e-04 1
7.863213e-05 1
1.096194e-05 7
2.959358e-05 1
1.143164e-04 3
7.750907e-06 3
3.775679e-05 1
3.695281e-06 1
1.136043e-04 3
4.457155e-05 1
2.989486e-05 1
1.483215e-05 3
1.557309e-05 1
1.057664e-05 7
3.012357e-07 1
4.608216e-05 1
3.696358e-05 1
2.172041e-05 748
8.367984e-06 218
5.296645e-05 1
2.078101e-05 1
4.363286e-05 1
6.149098e-05 145
3.426116e-05 2
9.312080e-05 24
1.418322e-04 1
4.485774e-05 1
2.923596e-05 1
3.013973e-05 1368
1.338810e-05 1707
8.119562e-05 255
1.432791e-06 3
9.739981e-05 2
1.509872e-06 3
9.378247e-06 1
8.328410e-06 3
1.095214e-04 27174
2.739334e-05 1
1.756728e-05 7
6.830097e-06 1
2.075838e-05 1830
7.235511e-05 5
6.941980e-05 1
2.457692e-05 83
3.460348e-05 1
1.785182e-05 7
7.057755e-05 1
6.823319e-05 1
6.011050e-05 1
1.757821e-04 13
2.224769e-06 3
1.747521e-05 1
1.014045e-05 1
3.343118e-05 1
1.289192e-05 1
1.019073e-04 1
2.729723e-06 195
3.588358e-05 1
3.360481e-06 121
1.718617e-05 26
8.779376e-05 1
1.128892e-04 4
7.010933e-05 1
4.926777e-05 1
4.749306e-05 2
2.058542e-05 1
2.966026e-05 1816
1.520847e-06 1294
1.712743e-05 2
3.385408e-05 1
9.068509e-07 1
6.326883e-05 86
6.597081e-06 1
8.389140e-06 1
2.277921e-05 3
7.179421e-06 1347
5.703853e-05 754
3.426118e-05 1
8.671831e-05 3
7.781221e-05 3
1.442588e-06 1428
1.076880e-04 1
1.061216e-04 5
7.920853e-05 1
1.620016e-04 1
2.551690e-05 15
1.072517e-05 1
1.994456e-05 30883
5.974097e-06 1
1.111125e-05 1
5.463329e-07 1
6.008547e-05 1
1.356702e-05 1
4.978278e-06 6
6.564538e-05 1
1.807745e-05 1
1.464442e-05 1
3.421133e-05 89
2.621807e-05 7
1.174818e-04 1
9.067708e-06 1
6.399030e-05 1
2.030263e-05 4
1.672900e-05 2
1.145882e-05 1
2.384205e-05 1
3.021746e-05 3
1.114497e-06 1
3.741340e-05 1
2.430236e-05 104
3.094043e-06 3
3.166887e-05 246
3.623409e-05 7
8.650287e-06 1
4.260535e-05 1
1.761445e-05 1
6.117041e-05 156
3.208605e-06 1
5.047492e-05 6
4.376706e-05 1
2.227537e-05 1
9.926777e-06 1
5.057419e-05 1
1.079084e-04 39401
4.227688e-06 1
6.185788e-05 1
1.984471e-05 4
4.305390e-05 254
2.288946e-05 3
5.824678e-05 3
2.774177e-05 5
6.467009e-05 2
2.447776e-05 91
2.096061e-05 1
1.031317e-04 5
1.351804e-05 1
2.723207e-05 6
7.397293e-06 3
6.988736e-06 1637
1.039470e-04 238309
3.258371e-05 1
6.221814e-05 2
3.830507e-05 103069
6.776596e-06 1962
4.895902e-05 1
1.170559e-04 3
6.051175e-05 178
6.397442e-05 64
4.178064e-04 6
2.392106e-07 1
3.454158e-05 1
5.803411e-06 1
1.563438e-05 163
2.639839e-05 7
1.905251e-05 1
2.721687e-06 3
8.438520e-06 210
3.042576e-05 1
5.235210e-05 1
8.164302e-06 1
9.707376e-06 79
3.155890e-05 1
3.332893e-05 3
8.313143e-06 3
7.502865e-05 1
2.578630e-05 7
6.952829e-05 6
1.050378e-05 1
2.448198e-06 229
7.569178e-05 1
3.101778e-06 152
2.548951e-05 17
1.975143e-04 2
5.532197e-05 1
9.559133e-06 2
2.126117e-05 1
6.110610e-05 158
1.840031e-05 6
1.650571e-06 1
3.819282e-05 1
3.176730e-05 240
8.628528e-05 1
8.913562e-05 1
4.304875e-06 12
1.003795e-04 1
2.288586e-05 3
5.774460e-05 3
1.273006e-04 1
1.495745e-05 3
3.633643e-06 1
2.942468e-05 3
4.378104e-05 3
1.019125e-06 4396
7.484381e-05 4
2.031376e-06 3
1.484163e-04 2
1.239965e-04 3
7.720479e-05 3
1.092350e-04 29299
5.363806e-06 1
1.638229e-06 1
5.108501e-06 6
8.070598e-05 266
1.205377e-05 5
4.874365e-05 1
4.143958e-07 1
8.096744e-06 1
4.168117e-05 1
4.004633e-05 4
9.073943e-05 1
3.302861e-05 1
9.851539e-05 2
6.538617e-06 1
2.839190e-05 1
1.093675e-04 4
5.286049e-05 1
6.681334e-05 1
6.994718e-05 1
1.005667e-05 44
4.817872e-06 2
1.009413e-04 2
4.068133e-05 1
3.060320e-04 6
4.911253e-05 7
7.900753e-05 1
2.745389e-05 1
4.356788e-05 1
1.344640e-05 1
3.585178e-05 7
3.310444e-05 3
4.485473e-05 1
2.249286e-05 1
3.095635e-05 1
9.953455e-06 1
2.260990e-05 3
6.527684e-05 1
2.714280e-05 6
1.192652e-05 5
1.032751e-04 1
1.129971e-05 1
7.888707e-06 3
2.728376e-05 1
7.082158e-06 1494
5.708817e-05 3
4.421123e-05 197
1.480756e-05 3
9.575927e-05 1
6.958325e-05 6
1.181307e-04 1
1.214794e-04 887
3.931770e-05 33341
8.837147e-05 1
2.592398e-05 1
1.582480e-05 146
4.519542e-05 1
1.648721e-06 1
7.205849e-06 1
2.799767e-05 1
2.690262e-05 6
2.505890e-05 2
1.900089e-06 1
4.334248e-06 1
5.623515e-06 1
4.450307e-05 183
5.979012e-06 49832
4.664493e-05 82
6.661097e-05 1
4.580480e-05 1
6.284692e-06 1
1.848408e-06 1
3.488556e-05 1
2.004355e-05 1
7.425205e-05 4
2.408502e-05 2
4.019287e-05 4
5.401064e-05 1
1.049194e-04 1
6.187792e-05 1
1.825728e-05 1
1.087477e-04 1
6.741587e-05 2
4.268968e-05 3
3.121359e-05 381
4.238830e-05 1
2.406596e-06 3
3.392145e-05 1
8.598035e-06 1
2.246726e-06 253
1.497881e-05 222
5.026542e-05 1
1.017490e-05 1
8.153555e-06 3
8.548686e-05 165
3.565134e-05 2
5.910416e-05 1
3.050923e-05 3
1.464295e-05 253
4.658619e-06 1
1.559902e-04 1
8.810915e-05 114
4.634277e-05 2
4.373613e-05 1
1.398905e-05 912
3.923955e-05 1
1.793730e-05 7
9.497360e-05 1
1.248049e-05 1
7.026725e-05 1
3.792142e-06 1
4.627170e-05 2
1.231824e-06 1
4.064095e-05 1823
1.230224e-05 1
2.489429e-06 1
1.121206e-05 1
1.216205e-04 1
1.200388e-04 3
8.434214e-05 1
4.357739e-05 1
3.236344e-05 1
4.394228e-05 210
2.079318e-06 1
6.042281e-05 181
5.459370e-05 2066
5.497283e-05 1858
6.343219e-05 1
7.081176e-06 1496
8.868569e-06 166
5.510953e-05 1
3.234255e-05 1
5.303985e-05 4
3.855820e-05 5
8.734515e-06 3
3.092440e-05 645
5.106487e-05 6
7.650086e-06 635
4.670301e-05 79
2.546212e-05 2
1.047063e-05 7
2.115773e-05 3
9.774171e-05 2
2.382126e-05 140
9.526497e-06 2
6.719334e-06 1
2.006429e-05 1
2.592459e-06 1
4.610444e-05 1
1.612357e-05 2
3.582431e-05 1
6.391643e-05 1
2.506064e-05 2
8.980719e-06 1
1.076954e-04 4
3.065333e-05 1
3.076089e-06 1
3.845667e-06 1
1.812272e-05 2
7.470846e-05 1
2.579140e-05 1
4.597095e-05 1
1.136143e-05 2
3.271565e-06 2
5.756317e-05 1
1.056398e-04 1
2.443291e-05 1
1.684653e-05 56
6.558356e-05 2
5.248928e-05 5
5.174526e-05 1
2.135591e-05 3
2.495426e-04 2
3.725999e-06 79
2.129738e-05 1221
2.268838e-04 2
5.548722e-05 1
4.047007e-05 1
5.547125e-06 1
1.379213e-04 1
6.019732e-05 1
8.986172e-06 3
4.600117e-06 7
2.773041e-05 209949
2.816097e-05 1
5.471713e-05 1
9.314300e-05 2
8.862729e-05 1
1.109117e-05 2
1.216787e-04 1
9.620137e-07 1
1.434133e-05 3
3.567905e-05 1
1.990644e-05 32818
6.524409e-06 12729
1.370136e-05 3
1.074327e-05 1
3.811522e-05 5
2.712741e-05 1
7.333994e-05 4
8.955426e-06 1
2.566583e-05 7
1.131971e-05 1
1.373493e-04 186
5.142154e-05 547050
4.940071e-05 2
2.322132e-04 6
2.018560e-04 1
3.534691e-05 1
2.421741e-05 1
2.085736e-04 2
4.756148e-06 1
2.009415e-05 23291
1.684339e-05 1
6.363448e-05 1
1.414462e-04 3
5.436812e-06 2
2.508295e-05 46
1.208205e-04 3
1.440455e-06 1432
7.397594e-05 20588
4.511187e-05 1
2.650126e-05 1
8.353195e-05 1
9.694206e-06 2
2.322502e-05 185
5.775576e-05 382
9.307237e-06 1
6.076287e-05 1
4.851218e-05 7
1.212473e-05 1
2.421061e-06 3
3.199353e-05 3
2.959308e-05 1
2.300727e-06 3
2.186208e-05 590
9.723748e-05 1
1.339661e-05 1695
9.516677e-05 7
5.103668e-05 2
2.153923e-05 1
1.227995e-04 716
2.246564e-06 1
5.774559e-06 1
9.157969e-06 2
5.975207e-05 3
3.518730e-05 1
1.072669e-05 1
2.425018e-05 1
6.631246e-05 1
6.071757e-05 3
4.758938e-05 2
4.003004e-06 2
3.921572e-05 36773
4.355029e-05 3
1.203040e-05 1
1.540988e-04 93
5.277674e-05 5
6.369344e-05 1
8.112482e-05 1
2.188666e-05 1
4.266507e-05 352
1.040680e-05 9
7.013734e-05 1
1.224770e-05 1
7.756382e-05 1
5.133084e-05 633600
2.853118e-05 4
2.096684e-05 1594
1.463213e-04 1
1.305655e-05 3943
1.139992e-04 1
2.913380e-04 6
6.491794e-05 34
2.527497e-05 32
9.702112e-05 7
3.718176e-05 6
4.486910e-06 1
2.569412e-05 1
7.373192e-05 24488
1.596508e-04 2
1.459924e-05 1
3.947020e-05 1
5.930770e-05 220
1.973484e-05 1
1.351394e-05 1539
1.425455e-05 1
8.376750e-05 1
1.031075e-04 5
4.923203e-05 2
1.639516e-04 52
2.200177e-05 1
3.798708e-06 2
1.690131e-04 34
2.593549e-05 7
6.973632e-05 1
3.960410e-05 1
8.740143e-05 1
1.919686e-04 1
1.538633e-05 1
5.284771e-05 43253
5.102905e-05 2
6.071853e-06 43492
2.723909e-06 1
3.631252e-06 1
1.259389e-04 1
6.164279e-05 1
4.635987e-06 1
7.653813e-05 1
1.408336e-04 1
3.434743e-05 1
6.303035e-06 4
1.259517e-04 3
2.402629e-05 2
1.498687e-04 1
3.947297e-05 28156
1.288463e-06 1694
6.252583e-05 2
2.005351e-05 25360
1.262149e-05 1
5.770808e-05 1
1.188124e-04 1
7.060328e-05 1
1.459720e-05 1
6.590488e-05 1
1.761211e-04 1
1.907628e-05 5
3.262082e-07 5
2.042390e-05 4
7.164930e-05 5
5.336759e-05 1
3.306125e-06 128
1.744190e-05 1
1.506382e-04 1
7.814878e-05 1
2.164078e-05 836
1.105423e-04 1
7.397430e-05 20601
8.449022e-05 185
8.532047e-05 1
5.837392e-05 1
6.637151e-06 5113
6.451818e-05 1
4.452302e-05 1
4.203605e-05 1
3.960160e-05 4
6.837566e-05 1
9.329705e-06 1
3.280088e-05 1
2.070168e-05 1895
3.571632e-06 2
3.338673e-05 3
2.274381e-05 222
1.731637e-04 21
7.479401e-06 1
1.120386e-04 1
8.140584e-05 251
4.450316e-05 3
5.727883e-05 3
2.140536e-05 1
2.357087e-06 240
9.431255e-06 2
4.299935e-05 1
8.312664e-05 214
8.549579e-06 199
9.744180e-06 1
7.519727e-05 1
4.390486e-06 1
2.371862e-06 1
2.137038e-05 1
5.638950e-05 1
2.834118e-06 1
3.532135e-05 23
7.306743e-05 1
3.178637e-05 1
1.897475e-05 584991
1.351522e-05 3
5.687867e-06 183398
6.244334e-05 1
1.839265e-05 2
3.555496e-06 99
1.234815e-04 1
2.355704e-04 1
9.157352e-05 2
8.115636e-05 256
5.990357e-05 199
6.062745e-05 3
5.042969e-06 1
4.371038e-06 7
1.437965e-05 1
1.134596e-05 2
7.957798e-05 1
1.973896e-05 1
2.416342e-04 1
6.761797e-05 1
2.043236e-05 1
3.496770e-06 1
1.109390e-04 16757
1.793833e-06 827
9.373815e-05 1
2.004897e-05 1
2.990592e-05 1586
7.809213e-05 3
3.377103e-05 2
2.805265e-05 56735
5.240784e-05 1
1.526193e-04 1
1.403946e-06 3
2.019358e-05 4
4.147448e-06 2
1.214369e-04 3
7.911964e-05 1
9.937068e-05 1
3.089495e-05 1
6.952002e-05 2
2.124446e-04 1
2.139817e-06 1
6.061297e-06 1
2.694736e-06 1
3.461359e-06 110
2.411671e-05 1
6.554098e-05 15
1.506055e-06 3
1.388737e-05 1046
7.786706e-05 1171
6.814002e-06 1905
5.159912e-05 376055
3.951486e-05 1
2.858553e-05 1
2.330267e-05 179
1.319811e-04 1
1.002016e-04 6
1.005774e-05 44
1.059676e-05 1
8.809466e-06 1
2.013251e-05 4
2.139123e-04 1
1.123119e-05 1
3.128693e-05 314
2.184600e-05 608
6.953820e-05 2
1.636245e-05 98
5.244849e-05 1
3.300417e-05 163
8.821053e-06 1
6.025068e-05 187
2.964129e-05 1
8.835158e-05 1
6.971174e-05 6
9.552371e-05 1
1.573912e-05 3
1.107651e-06 1
2.325886e-05 3
8.783027e-05 119
1.901917e-06 3
2.697308e-06 1
3.309421e-05 3
1.694387e-04 33
7.029362e-05 625225
1.704213e-05 1
3.039921e-05 1
1.927584e-05 65061
1.568878e-05 158
8.025373e-05 3
6.200153e-06 34733
3.557331e-05 1
7.327489e-05 1
1.605248e-07 1
1.457598e-05 259
2.800340e-06 1
2.070429e-05 1
8.481336e-09 1
5.997208e-06 48572
1.023598e-05 1
2.053713e-06 1
3.108701e-05 3
6.136140e-06 39098
1.505852e-05 1
7.316563e-05 4
1.005727e-05 1
1.582633e-04 1
3.239771e-05 200
1.895847e-05 1
2.076202e-05 1826
7.170579e-06 3
3.485656e-05 1
5.461766e-05 2053
3.620818e-05 7
1.531457e-05 3
1.461887e-04 1
5.140057e-05 567213
5.138179e-05 584951
3.103159e-05 1
9.001110e-05 79
5.013230e-05 1
3.832948e-06 66
4.286039e-05 3
1.306514e-04 1
3.991395e-05 1
2.550755e-05 1
2.735618e-05 1
1.064177e-05 2
1.433061e-05 1
9.840795e-05 1
1.114922e-05 1
3.795805e-05 546600
8.805512e-06 3
9.308373e-06 120
1.430960e-04 3
6.373588e-05 1
1.898009e-04 1
2.670877e-05 1
7.954316e-06 261
3.410618e-05 95
7.941927e-05 660
1.600847e-05 129
8.778384e-06 1
1.328989e-05 3
2.790692e-05 62958
2.493661e-05 57
1.281345e-05 1
5.586784e-05 1374
2.300259e-05 1
3.234116e-05 204
4.501215e-06 7
2.191835e-05 528
1.693439e-05 48
3.203700e-05 223
5.121334e-06 2
7.307462e-07 26406
2.229879e-05 3
4.393333e-05 211
6.968303e-05 1
9.560827e-07 4
1.902999e-04 2
5.732643e-05 604
1.298555e-05 4
3.678661e-05 1
2.933653e-05 1
8.785047e-05 2
1.018203e-04 1
3.248034e-05 3
3.879062e-06 61
8.142441e-05 1
5.217601e-05 5
4.738004e-05 2
5.481487e-05 1
2.879359e-05 25383
2.999186e-05 1506
4.689710e-05 70
1.365267e-05 1
4.056438e-05 1
3.629596e-06 1
7.744583e-05 1
7.625011e-05 1721
8.289590e-05 1
1.446903e-06 1421
1.031265e-05 2
9.989487e-05 6
2.385278e-05 1
7.577671e-06 1
4.398366e-06 7
6.238294e-06 4
6.698546e-06 1
1.095568e-05 1
9.429049e-06 108
7.873801e-05 3
1.632981e-05 101
1.554281e-05 1
3.839739e-05 1
2.513400e-05 1
1.050047e-05 2
8.820142e-05 1
6.297593e-05 1
6.289805e-05 99
3.147840e-05 259
7.237631e-07 1
1.133385e-05 2
9.006302e-06 1
4.808283e-06 1
9.351296e-06 2
2.084392e-05 3
1.218580e-04 1
1.054007e-05 1
1.156599e-04 1
1.845821e-05 2
1.100634e-05 1
2.890891e-05 1
1.187840e-04 3
8.658042e-05 3
2.034289e-04 1
2.204805e-05 3
4.763743e-05 1
9.647022e-05 1
7.103069e-05 1
6.680724e-05 2
3.413041e-05 94
2.999134e-06 164
9.529545e-06 98
8.922343e-05 1
2.126151e-06 267
4.095566e-05 3
2.917409e-05 4
7.316918e-06 1138
6.775204e-06 3
5.845980e-05 250
5.469087e-05 3
6.501139e-05 1
1.042386e-05 1
1.171952e-04 3
8.738039e-05 1
2.306463e-05 197
2.924974e-06 1
6.761490e-05 7
5.818565e-05 1
5.826602e-05 257
1.295927e-04 242
1.904668e-06 1
2.991006e-05 1
1.618961e-04 60
3.732671e-06 78
3.799928e-05 1
1.308250e-04 3
1.551698e-05 1
8.637606e-06 190
1.046792e-05 1
3.434439e-05 81
5.055602e-05 1
2.783944e-05 1
5.314792e-05 35751
8.818080e-06 3
9.356004e-06 1
2.495960e-05 2
1.378519e-05 3
7.549456e-05 1985
8.603898e-06 193
2.964965e-05 1
1.035551e-05 1
1.420550e-05 1
1.073806e-04 5
4.056659e-05 1
4.985715e-05 1
3.372836e-05 2
9.181930e-06 1
1.959162e-05 1
2.859253e-05 4
8.732985e-06 180
4.650042e-05 88
1.654115e-06 1
9.369492e-05 1
6.998307e-05 6
1.104129e-05 1
7.795779e-05 3
9.180911e-05 2
3.209226e-05 1
2.196638e-05 3
4.579171e-05 1
5.614789e-05 3
6.115081e-05 1
2.956512e-06 169
5.409885e-05 4
2.026409e-04 7
1.078614e-04 4
9.576619e-05 1
5.757289e-06 1
5.126224e-05 2
2.250445e-05 1
2.104583e-05 1505
1.264175e-05 28463
4.258764e-05 1
8.962278e-05 1
2.789800e-05 5
4.797198e-05 2
3.481320e-05 53
4.328698e-05 1
8.554154e-05 164
4.208948e-05 764
1.043627e-05 1
8.688431e-06 184
5.075309e-05 1
1.510837e-05 210
1.908279e-05 376689
3.906866e-05 41698
4.621706e-06 1
1.498123e-05 3
8.481244e-05 179
1.094432e-05 1
4.724010e-06 7
2.041506e-05 1
5.531823e-05 3
2.307369e-05 3
6.898809e-06 1
1.260216e-05 1
4.391417e-05 1
1.113848e-04 1
2.852524e-05 1
1.908636e-06 1
7.177046e-06 1350
6.212810e-05 2
5.170347e-05 5
2.544880e-05 1
6.308717e-05 1
1.619315e-05 1
2.437448e-05 1
6.186738e-05 1
5.688662e-05 1
1.241557e-05 4
1.381422e-05 3
1.032929e-05 2
1.113166e-05 2
4.330596e-05 3
4.199539e-05 3
8.134517e-06 1
2.733360e-05 1
5.456316e-05 3
1.241942e-05 1
3.050661e-06 1
1.401583e-05 3
2.996134e-05 1
1.384428e-05 1
3.023135e-05 1
5.159785e-06 1
3.815426e-05 1
1.496369e-05 1
5.437426e-05 1
5.627427e-05 1
1.864230e-04 7
1.998621e-05 4
5.921735e-05 3
1.324183e-05 1
5.552191e-05 1560
5.638040e-05 1
2.791330e-05 5
8.024376e-05 1
8.743567e-06 3
1.613683e-06 3
6.526304e-05 1
4.031425e-05 2066
4.888728e-05 7
8.049709e-06 1
1.764580e-05 1
1.577833e-04 1
5.239624e-05 54634
1.187365e-05 354124
1.128409e-05 6
3.359387e-05 127
7.433182e-07 1
5.599569e-05 1305
1.091477e-05 7
2.313478e-05 1
9.623615e-06 1
2.135867e-04 2
1.003238e-04 1
3.695034e-05 1
2.085215e-05 1724
2.309617e-05 1
1.839665e-05 1
2.225333e-05 3
4.359245e-05 3
2.956621e-06 169
9.489409e-05 7
4.487757e-05 1
7.908695e-05 1
4.286565e-05 1
6.046796e-07 1
4.121987e-05 1396
9.650431e-05 7
4.672028e-05 1
4.599465e-05 112
3.024632e-05 1
1.446150e-06 1422
3.537030e-05 1
4.680253e-05 2
9.670789e-05 1
5.990954e-05 199
1.958160e-05 49367
4.928771e-05 7
6.779727e-07 1
1.208050e-05 1
4.856553e-05 7
2.281299e-05 1
8.922087e-06 3
1.828310e-07 1
1.074820e-05 7
5.342975e-05 4
2.820599e-06 3
2.023791e-06 3
3.933600e-05 4
1.062335e-04 1
8.730552e-05 1
2.953345e-05 3
2.571229e-05 7
8.670601e-05 3
3.563629e-05 1
1.211256e-04 1
1.711055e-05 33
2.795623e-05 5
1.811683e-04 1
7.975753e-05 551
8.820463e-06 1
9.666810e-06 84
5.400455e-05 14609
1.140926e-04 3
3.557080e-05 1
1.253601e-05 1
3.004252e-05 1
5.409602e-05 1
2.420259e-05 1
5.141247e-05 1
1.697380e-05 1
7.456475e-05 11238
2.399140e-06 235
1.309753e-05 3
2.902770e-05 15570
3.141297e-05 1
3.360987e-05 1
4.220456e-05 681
3.239232e-05 201
2.324125e-05 1
1.382610e-05 3
8.492024e-05 1
6.313067e-05 91
4.296778e-06 13
1.407625e-05 1
7.228953e-05 1
4.152611e-06 1
2.212650e-05 1
1.227730e-04 1
1.875595e-05 1
6.153553e-06 37902
2.127398e-05 1
6.105866e-05 1
2.644631e-05 1
2.460840e-05 1
1.197162e-05 1
2.325254e-05 3
9.920834e-05 6
2.694003e-05 6
1.531518e-05 1
3.552036e-06 99
1.743918e-05 1
6.285998e-05 1
1.663732e-06 1
6.386815e-06 4
4.602557e-06 2
1.236136e-05 45139
1.961544e-05 1
1.943238e-05 57005
5.930181e-05 1
7.727930e-05 1369
9.387873e-05 1
9.536824e-06 2
3.389790e-05 1
2.321063e-06 1
2.776853e-05 1
7.832753e-05 3
4.409294e-05 1
1.739719e-05 8
6.744251e-05 1
1.922734e-05 1
2.624483e-06 208
1.905980e-06 635
1.629123e-05 1
1.677780e-05 1
3.571057e-05 1
1.261324e-05 1
1.949988e-05 53560
2.730916e-05 1
2.660142e-05 1
9.164511e-05 49
5.453248e-05 2100
5.771894e-05 1
8.392296e-05 3
5.264989e-05 48233
9.681833e-05 7
4.360252e-05 3
4.583156e-06 7
4.861616e-05 2
4.779107e-05 1
1.138166e-04 1
2.573189e-05 1
8.000170e-05 3
3.426852e-05 2
4.255933e-05 427
6.007896e-06 1
6.516555e-05 1
1.994874e-05 30669
1.901673e-05 1
3.600646e-05 2
3.715303e-06 80
3.592835e-05 1
2.140991e-05 1
2.364226e-06 1
4.625608e-05 100
5.566488e-05 1
1.755282e-05 7
4.633637e-05 96
2.708121e-05 1
1.385997e-05 3
1.511840e-05 3
1.211286e-05 1
1.393297e-05 3
6.013401e-06 5
2.327834e-05 181
5.405386e-08 510633
4.053751e-06 1
7.362344e-05 26223
5.534125e-06 577654
2.601312e-05 1
7.220808e-05 1
5.866295e-05 243
6.618525e-05 7
2.414469e-04 6
1.170834e-05 1
4.665832e-05 2
6.578167e-05 1
5.853710e-05 247
8.435515e-06 1
1.396561e-05 1
9.206453e-06 131
3.672903e-05 1
1.524324e-05 198
1.016700e-04 1
8.668641e-06 1
1.660696e-05 2
1.902602e-05 1
7.731863e-05 1
3.866270e-05 1
6.619999e-05 2
1.485342e-04 1
3.547465e-05 1
4.767826e-05 1
7.483564e-05 1
1.265991e-05 1
7.465704e-05 1
2.485583e-05 1
2.222018e-05 3
1.194913e-05 1
7.705639e-06 3
8.881759e-05 1
4.704708e-05 63
9.636517e-05 2
8.915304e-06 3
1.667789e-05 2
2.924760e-06 1
2.082666e-05 1
4.832342e-05 1
5.283480e-05 43579
5.118950e-05 1
1.702134e-05 40
1.555430e-05 1
3.332306e-05 143
1.097451e-05 1
2.926078e-05 1
2.350148e-05 1
1.198622e-05 101882
3.418307e-06 2
1.385462e-05 1
1.904874e-05 5
4.008345e-05 7895
3.134426e-06 1
1.698279e-05 44
7.728758e-05 1366
3.669157e-05 1
4.457087e-06 1
1.621910e-05 1
8.037878e-05 1
4.585383e-05 1
5.182076e-06 1
4.246785e-05 493
2.079212e-05 1
3.403672e-05 1
1.283191e-05 17202
1.671592e-05 67
2.422723e-04 6
2.547057e-05 18
4.657290e-05 2
1.091141e-05 1
1.264806e-04 1
5.683747e-05 1
5.073936e-05 2
4.028665e-06 1
1.224778e-04 1
2.454096e-05 1
2.063379e-05 1
5.697300e-05 3
3.418525e-05 91
6.577602e-05 1
3.984400e-05 1
9.011491e-06 1
9.559421e-06 1
2.642294e-06 1
2.732868e-05 1
1.868332e-05 2
5.725703e-05 3
1.620579e-05 1
1.611876e-05 1
5.789637e-06 1
1.385820e-04 178
1.441615e-04 1
1.227724e-05 5
1.234776e-04 1
5.799206e-06 1
1.713225e-05 1
1.946902e-07 104863
8.164633e-05 245
1.075299e-04 4
7.195900e-05 1
2.739166e-06 3
5.979811e-05 3
7.393585e-05 1
9.226761e-05 1
4.889904e-05 1
1.320562e-05 1950
4.801206e-05 1
2.394209e-05 131
8.020546e-08 5
5.607855e-06 1
5.569732e-06 1
6.894152e-05 1
2.430298e-06 231
6.796655e-05 1
4.120890e-05 1404
8.921787e-06 3
5.364542e-06 1
1.124569e-05 6
2.731119e-05 2
4.666244e-07 46690
2.341184e-05 171
6.113442e-05 1
1.139381e-04 3
9.988262e-05 1
8.092348e-05 1
4.530586e-05 3
3.621788e-05 1
3.514051e-05 34
4.829802e-06 7
4.933281e-05 2
4.910015e-06 2
8.762209e-05 1
7.859629e-05 1
3.216776e-05 1
1.127135e-05 1
3.554107e-05 2
3.110419e-05 480
8.312369e-06 223
4.971951e-05 7
1.942072e-05 5
2.786598e-05 5
1.950701e-05 5
7.150382e-05 1
2.008095e-05 1
3.152025e-06 1
4.518345e-05 1
5.111640e-05 1
1.107768e-05 2
2.884161e-06 1
2.446159e-05 92
1.135783e-05 1
4.081938e-05 1691
4.207012e-06 1
5.581943e-05 1
1.433657e-05 3
1.866327e-05 1
8.714241e-05 2
4.497033e-05 160
6.606517e-05 2
2.876945e-04 1
4.361847e-05 1
1.132950e-05 2
5.165840e-05 1
1.029953e-05 20
3.310409e-05 1
6.482610e-06 1
1.535764e-05 188
7.932087e-06 3
3.687181e-05 1
4.006281e-05 8581
1.174348e-05 1
1.043008e-04 128013
1.468767e-04 1
9.470530e-05 2
4.335142e-05 239
2.843746e-05 1
3.182274e-05 1
1.049139e-05 7
8.629528e-05 3
9.774976e-06 72
1.460291e-05 256
2.280037e-05 217
1.092672e-05 1
2.620511e-05 1
5.849366e-05 1
2.384993e-06 1
1.380734e-04 182
1.160365e-04 1
6.644148e-05 1
2.545862e-06 1
6.714614e-05 2
3.841455e-05 1
2.276930e-05 3
6.128369e-05 1
7.276811e-05 1
5.752318e-05 3
2.311988e-05 1
3.306008e-05 159
8.187615e-05 3
7.300482e-05 1
2.972583e-06 1
1.275739e-04 3
5.442739e-05 1
6.954051e-05 1
5.306351e-05 37869
4.687257e-05 1
2.715289e-06 1
1.604712e-05 2
1.956243e-05 1
1.115540e-05 1
3.951366e-05 1
3.619004e-05 1
4.180253e-05 971
6.088845e-05 1
1.273388e-05 4
8.620704e-05 1
1.677773e-05 1
4.597632e-05 1
6.576689e-05 1
1.223904e-05 1
2.918090e-05 1
1.283846e-04 3
8.777855e-05 1
5.316983e-05 1
1.268171e-06 1
9.126623e-06 139
8.270858e-05 3
6.313166e-05 2
8.597815e-05 3
7.982626e-05 3
4.360178e-05 1
2.699622e-05 2
2.377416e-04 1
5.043457e-05 1
1.797403e-05 1
4.597619e-05 2
3.062980e-05 1
1.913770e-05 5
1.745572e-05 1
1.424842e-05 1
5.180136e-05 5
4.856207e-06 7
3.505388e-05 2
9.517035e-05 7
1.824999e-05 2
1.032908e-04 5
4.908915e-05 7
1.995650e-04 1
9.049210e-05 70
5.533422e-05 1661
2.848817e-05 1
7.730669e-05 1
7.030740e-05 5
1.117975e-05 6
6.751667e-05 1
1.165196e-05 1
1.760641e-05 1
3.735328e-05 6
2.854359e-05 4
5.506874e-05 1806
4.133550e-05 3
1.105694e-04 1
1.240624e-04 3
1.025984e-04 664982
1.866847e-05 1
1.391884e-04 174
1.297077e-05 1
2.010598e-05 22699
4.226867e-05 3
3.135425e-05 1
1.595806e-04 1
6.763402e-05 2
1.036414e-05 1
8.674284e-06 1
4.855904e-05 1
5.113678e-05 6
8.280134e-05 1
1.385111e-04 3
1.931589e-05 1
5.148501e-05 1
6.273383e-05 1
9.667816e-05 1
2.146350e-05 1
1.633864e-05 1
5.966844e-06 1
1.875449e-05 1
6.565731e-05 1
2.683442e-07 5
2.224833e-06 3
4.928734e-05 1
1.313939e-05 1
7.044472e-05 5
1.739311e-05 1
3.841163e-05 1
5.482231e-05 1
9.993669e-07 1
6.909015e-06 1759
1.645684e-04 1
3.891059e-05 5
3.520935e-05 30
2.345585e-05 1
3.149268e-05 258
1.265763e-04 266
1.451009e-04 1
1.658546e-04 45
5.781182e-06 63399
3.566022e-05 1
6.018445e-05 3
1.699971e-05 1
2.870021e-05 1
2.890908e-05 4
5.220530e-05 5
4.020064e-05 1
7.783911e-05 3
2.074169e-05 3
7.091935e-05 5
6.077497e-05 1
1.693137e-05 1
1.549636e-04 1
2.383206e-04 1
5.157152e-05 5
1.908021e-06 632
5.029347e-05 2
6.975133e-06 1
1.559412e-04 1
4.973399e-05 1
4.873814e-05 1
3.607617e-07 5
2.189397e-05 3
8.764303e-05 2
8.090894e-06 1
1.023706e-06 4
2.423848e-05 1
2.312659e-06 3
4.212803e-05 1
1.862238e-06 710
6.343753e-05 2
5.767040e-06 64365
1.896695e-05 599536
1.622092e-05 1
8.795886e-05 1
7.910086e-06 266
1.276786e-04 1
5.145732e-05 5
5.340081e-05 29475
4.627326e-07 1
3.148286e-05 1
2.157198e-05 1
1.028920e-04 1
1.094021e-04 28049
5.543257e-05 1
3.646230e-05 1
8.256214e-06 1
1.565741e-04 1
4.319912e-05 1
1.151690e-05 6
1.172441e-04 3
9.657953e-06 84
8.849108e-06 1
7.805653e-05 3
6.021146e-06 46950
6.780648e-05 2
2.152159e-05 970
1.198346e-04 1
6.048227e-05 3
2.597677e-06 1
2.084348e-05 1
7.428293e-05 1
1.831489e-05 2
1.230032e-04 3
3.565185e-05 2
3.106410e-06 1
4.130823e-05 1331
7.966447e-06 1
1.553931e-06 3
3.055313e-05 985
4.553467e-05 1
3.881729e-05 1
2.387279e-05 1
3.886775e-05 48485
8.453195e-05 184
2.014840e-05 1
1.434364e-04 1
4.347701e-05 1
2.582538e-05 1
4.149799e-05 1192
5.240405e-05 5
9.138232e-05 54
2.871018e-05 4
1.072802e-04 5
5.394432e-05 1
2.941424e-05 1
1.558609e-05 1
6.277860e-05 102
8.210259e-05 236
5.462261e-06 1
7.939212e-05 3
4.326605e-06 1
4.220414e-05 681
5.989751e-05 1
3.783625e-05 1
5.038616e-05 2
2.004015e-07 5
8.616551e-05 1
6.757463e-05 7
7.880051e-05 1
8.545594e-05 166
6.856044e-06 1840
1.194283e-05 1
2.464356e-05 1
1.258077e-05 4
7.928393e-06 1
3.879067e-05 1
1.339414e-05 1
3.848294e-05 1
2.457446e-05 2
7.887126e-05 1
1.012903e-04 1
1.397960e-04 171
4.613022e-05 1
4.354660e-05 230
4.257702e-05 3
8.093606e-05 261
5.216635e-05 1
5.344243e-06 1
1.486049e-04 2
8.687556e-05 1
1.368720e-06 1
2.331207e-05 3
1.174168e-04 1
5.903456e-05 1
1.457243e-05 259
4.697442e-05 67
1.958129e-05 1
4.991788e-08 522261
2.374267e-05 3
8.787583e-05 2
2.575553e-07 1
6.523727e-05 2
2.967874e-05 1
5.185707e-06 6
1.443391e-06 1
5.231480e-05 1
6.976045e-05 2
1.145921e-05 1
2.566088e-05 1
3.029739e-05 1222
1.675845e-04 1
8.377477e-06 1
1.524900e-05 3
3.037565e-05 3
3.260457e-05 188
5.492089e-05 3
7.473557e-05 8557
6.222933e-08 1
1.377613e-05 1
1.082443e-04 4
7.666671e-05 3
2.123027e-04 1
1.506043e-04 2
9.428801e-05 7
3.081104e-05 1
1.149409e-04 3
6.695716e-05 7
3.464930e-05 1
4.342089e-05 236
3.321459e-06 126
4.229734e-06 1
2.891318e-07 60379
7.921892e-06 1
7.759588e-07 1
1.006165e-04 2
3.062877e-05 3
1.234156e-04 1
3.446008e-06 2
2.276806e-05 3
4.577692e-07 1
9.409074e-05 1
9.733874e-05 1
2.502003e-05 51
2.448345e-05 2
1.052017e-04 1
1.144147e-05 1
2.065845e-05 3
3.495760e-05 1
1.928896e-04 2
9.444282e-05 1
1.253581e-05 1
5.000792e-06 6
3.154292e-05 254
6.724730e-05 7
3.549431e-05 2
1.101251e-05 7
7.465895e-06 912
1.692196e-04 1
9.227563e-05 2
5.877623e-06 1
2.604275e-06 1
2.801310e-06 1
1.102877e-05 2
2.559638e-05 1
5.732923e-05 3
1.497011e-05 3
1.457228e-05 1
7.172891e-05 1
6.355253e-05 1
5.510272e-05 1
4.590989e-05 116
3.363088e-05 1
1.618823e-05 2
3.010423e-05 1401
8.194042e-06 3
2.527983e-05 32
3.445562e-05 2
7.539718e-05 3
1.239865e-04 1
8.195413e-05 3
1.782517e-05 2
1.070332e-05 7
7.623191e-06 3
2.870240e-05 1
1.006108e-04 6
4.944846e-05 1
7.970013e-06 1
9.530883e-06 2
2.294981e-05 3
2.948288e-05 3
6.808553e-05 2
2.754791e-06 1
1.214377e-04 3
1.050701e-05 7
6.335480e-05 2
8.092154e-07 20405
2.056023e-05 1
4.294859e-05 3
1.777566e-05 7
4.508185e-05 155
1.616681e-05 2
1.899373e-06 3
1.139279e-05 6
9.603664e-05 7
2.659591e-05 6
1.016785e-04 2
4.486830e-05 1
1.354395e-05 1
6.147423e-05 1
4.571630e-06 1
1.281670e-05 4
5.701319e-05 767
2.878516e-05 4
2.900417e-05 4
9.104264e-06 141
3.167138e-05 1
3.269398e-05 182
4.945383e-05 1
2.851976e-07 1
5.131320e-05 1
7.242172e-06 1251
5.559522e-05 1
1.073237e-05 1
8.680926e-05 3
5.765037e-05 1
8.896866e-06 1
1.290908e-05 4
4.812181e-05 2
4.468147e-06 1
6.661056e-05 1
8.187244e-05 3
7.331877e-05 31132
2.094720e-06 315
2.603966e-05 7
1.696311e-05 1
2.701100e-06 199
1.431258e-05 488
4.345553e-05 1
2.749179e-06 3
1.303302e-06 1
2.429912e-05 104
4.468321e-05 1
1.013474e-04 6
6.549637e-05 1
2.677985e-07 1
6.548781e-06 4
9.945725e-05 6
2.014988e-05 20491
5.808311e-06 1
1.030326e-04 1
1.248317e-04 462
9.751012e-05 1
1.527671e-05 1
2.898297e-05 1
2.210404e-05 322
3.665114e-05 7
8.833311e-05 110
6.930572e-05 1
3.735197e-05 2
1.174297e-04 1
1.555920e-04 1
7.158337e-06 1
1.840183e-05 1
4.059478e-06 1
8.803389e-06 1
2.552767e-05 14
4.121206e-05 3
1.810962e-05 1
5.766326e-06 1
2.445706e-05 1
4.112705e-05 1
2.037406e-05 1
3.969821e-06 1
1.742671e-04 1
3.682582e-05 6
1.453822e-04 137
1.427236e-05 3
9.902562e-06 1
6.554139e-05 1
2.009111e-05 23455
1.525334e-05 1
5.862931e-05 3
3.699846e-05 1
2.979157e-05 1
5.305050e-05 1
3.177761e-05 1
4.718016e-05 57
3.486666e-05 1
5.260263e-05 1
8.102871e-06 1
1.131564e-05 6
1.044540e-04 5
4.686060e-05 72
2.185622e-05 597
5.328872e-06 2
9.964357e-05 6
7.806648e-05 1104
2.281309e-05 3
1.162607e-05 2
5.439663e-05 1
1.052057e-04 5
1.470987e-04 128
1.504027e-05 1
1.642864e-05 1
1.300722e-05 6852
1.634081e-05 2
9.695299e-06 1
7.151514e-05 60873
5.770793e-05 406
2.169815e-05 3
4.564560e-05 2
2.150286e-05 1
1.741238e-07 164012
7.706326e-05 1
8.791612e-05 2
1.470763e-04 2
6.838698e-07 4
9.913376e-06 58
7.807650e-06 1
7.122106e-05 65848
3.601541e-05 1
5.752557e-06 1
4.080757e-05 1699
1.232002e-05 47603
4.157340e-06 1
2.827736e-05 1
7.669868e-06 1
2.507517e-06 1
3.111997e-05 1
5.670899e-06 5
6.698034e-07 1
6.661422e-05 2
5.217253e-05 1
2.309034e-06 1
3.686692e-06 1
6.310586e-05 2
1.037264e-04 1
7.421889e-05 16716
1.452413e-05 3
2.739776e-05 1
3.443417e-05 1
8.181407e-05 1
2.689521e-04 1
6.124684e-05 3
2.841037e-05 1
2.969880e-06 1
4.204426e-05 1
3.952773e-05 26326
2.767681e-05 1
7.194470e-05 53705
1.113379e-04 1
5.140669e-07 5
3.111017e-05 1
4.797063e-05 21
5.589971e-06 1
8.028638e-05 3
7.624618e-05 1
3.156425e-05 253
1.443261e-05 1
9.931149e-07 1
1.178699e-04 1380
8.534847e-05 168
3.825612e-05 1
5.434794e-06 1
5.833313e-06 59811
4.102383e-06 1
2.621611e-05 2
1.021386e-04 1
7.942088e-05 1
1.944565e-05 1
8.554511e-05 3
2.140865e-05 3
3.037247e-06 159
1.639794e-04 1
2.999994e-05 1
5.489980e-06 2
3.681747e-06 2
7.236715e-06 1259
4.718690e-05 57
3.506019e-05 1
8.611677e-05 153
1.631395e-04 1
1.136602e-04 2006
1.010430e-04 1
1.013968e-04 6
3.021176e-05 1301
3.809523e-06 69
2.747400e-05 1
4.474778e-05 171
6.625365e-06 4
8.230132e-05 3
4.522629e-05 3
7.821904e-05 3
3.234543e-05 204
4.829970e-05 2
7.353223e-06 1
5.070899e-05 6
5.828606e-05 1
1.267566e-04 265
1.119603e-05 1
3.060166e-06 1
5.311950e-05 4
2.191688e-04 2
6.106998e-06 4
1.359922e-05 1426
1.892495e-05 1
8.985829e-05 81
1.198516e-04 1
1.011954e-05 1
3.828928e-05 1
9.037887e-05 1
9.620306e-06 1
1.208036e-04 1
4.524280e-05 147
1.417970e-05 1
1.350808e-05 1
1.109721e-05 6
9.695491e-05 2
4.675262e-05 1
1.098514e-05 7
1.080909e-04 37994
1.248013e-05 1
4.072212e-06 39
1.511336e-04 1
4.119763e-06 33
2.945288e-05 3
2.569584e-05 1
3.531776e-06 1
1.119625e-05 2
3.062161e-05 3
3.475198e-05 1
1.263572e-05 1
4.100298e-05 1
1.889192e-05 6
3.141008e-06 3
2.041592e-05 4
3.102018e-06 3
2.358565e-05 3
3.594831e-05 7
5.851615e-06 1
3.054319e-05 3
6.320458e-05 89
5.652944e-06 1
1.153313e-04 3
4.576660e-05 1
4.872350e-06 1
5.238277e-05 1
2.784456e-05 5
4.127308e-05 1
9.184060e-06 2
9.064846e-05 1
7.162483e-05 1
1.851318e-05 6
3.388084e-05 1
2.750611e-05 1
3.446983e-05 1
3.127494e-05 325
2.945939e-05 2005
1.514524e-05 1
6.451294e-05 1
3.935007e-05 1
2.532660e-05 28
1.044475e-05 1
4.103634e-05 3
5.563439e-06 502553
6.578210e-06 1
1.596440e-06 1
1.528778e-05 1
6.007895e-05 193
4.894116e-07 1
6.896499e-06 1778
1.016688e-04 1
4.255104e-07 49853
2.232847e-04 6
1.579664e-05 1
1.496931e-05 1
1.989695e-05 33302
7.368608e-05 4
4.161704e-06 1
9.127607e-06 1
6.393838e-05 65
2.621353e-05 1
2.586322e-05 1
3.604773e-05 1
2.454737e-05 1
3.007360e-05 1
1.102339e-04 1
6.479529e-06 1
3.134823e-05 3
1.128181e-05 2
8.259982e-06 229
1.515990e-05 1
8.197390e-06 236
2.599529e-05 7
8.763133e-05 1
7.118665e-06 1439
8.945850e-06 158
2.270934e-04 2
1.577237e-05 1
6.790900e-06 1
5.946279e-05 1
2.069534e-04 1
2.433854e-05 1
5.833530e-07 4
6.612950e-07 1
2.205266e-05 379
8.928709e-06 1
7.311987e-05 1
3.522503e-05 1
6.743338e-06 3
1.318651e-05 1976
1.485345e-04 2
4.986716e-05 1
5.916046e-05 225
1.083175e-05 1
4.329395e-04 6
1.837193e-06 1
4.605971e-05 2
1.287374e-04 249
2.242177e-05 247
7.810274e-05 1
1.863772e-05 6
2.611536e-05 1
1.013663e-04 2
1.195078e-05 1
8.477935e-05 179
3.888451e-05 5
5.251633e-05 1
1.578652e-06 1
2.933177e-05 1
3.493108e-05 2
8.477197e-06 3
1.864820e-05 6
8.053461e-05 303
4.570594e-05 126
2.673529e-04 1
5.756016e-05 1
1.297138e-05 8958
1.819292e-05 6
1.551569e-05 3
2.161757e-05 863
1.229117e-05 1
1.014180e-04 1
5.423653e-05 1
8.652488e-05 1
2.014237e-05 20862
5.646693e-05 1055
1.417221e-04 1
1.057465e-05 2
1.248704e-04 3
8.745546e-06 1
7.969630e-06 1
1.279520e-05 1
4.398769e-05 3
2.457373e-06 1
2.446929e-05 2
6.031106e-06 1
4.180042e-05 1
4.777221e-05 1
1.978250e-05 39116
1.757463e-05 1
2.988335e-05 1
1.116746e-05 6
9.292510e-05 27
4.816090e-05 1
4.750473e-05 42
3.304404e-06 1
1.212289e-06 1825
1.430253e-05 1
8.758179e-05 124
4.255543e-05 1
3.305705e-05 1
1.764747e-05 7
6.788971e-05 2
5.319933e-05 1
7.650726e-05 1
5.510260e-05 1787
8.519090e-07 1
9.680898e-06 1
7.793104e-06 1
1.330829e-05 1
3.950816e-05 26973
7.141494e-05 62576
2.479395e-07 1
6.724556e-06 1
7.132625e-05 1
1.956625e-05 1
4.061783e-05 1840
1.163123e-05 6
1.585927e-05 143
5.104418e-05 6
1.192419e-05 1
1.353054e-05 1517
1.274533e-04 259
2.302556e-05 1
2.095946e-05 1602
1.018669e-05 2
7.406569e-05 4
6.731596e-05 2
5.583931e-05 1389
5.195011e-05 65996
2.384433e-05 1
7.103895e-05 1
3.177514e-06 1
2.371793e-05 3
1.957976e-04 2
3.409175e-05 2
3.280177e-05 1
1.736785e-05 1
7.891815e-05 823
4.304280e-06 12
6.853964e-05 6
2.061746e-05 1
6.178307e-05 1
1.438519e-04 1
2.373301e-05 1
1.556998e-06 3
3.416680e-05 1
3.770195e-05 1
6.981301e-05 1
2.001548e-05 1
3.003845e-05 3
6.892886e-05 1
2.610327e-05 1
1.975342e-05 4
1.840763e-05 1
2.458315e-05 83
5.348528e-05 4
2.088033e-05 1
2.158368e-05 1
5.508007e-05 1800
9.522449e-06 1
4.996726e-05 1
3.154898e-05 254
