2.613339e-04 1
2.667761e-04 1
1.229143e-05 5
2.755556e-04 7
2.740896e-04 1
1.181331e-05 1
7.161266e-05 2
8.165552e-05 1
1.523475e-05 7
1.125594e-04 4
1.188864e-04 1
6.271390e-05 15
8.187451e-05 2
2.047713e-05 1
2.885496e-04 3
1.071512e-04 1
4.977884e-05 1
1.425784e-04 1736
9.557876e-05 1
9.897406e-05 6
1.767102e-04 3
8.046852e-05 1
6.834024e-04 1
4.782406e-04 2
1.409884e-04 1
3.708638e-04 1
1.837633e-04 125
5.314328e-04 1
7.402413e-05 3
2.738995e-04 1
7.898330e-05 1
1.364854e-05 1
6.452173e-06 1
1.753121e-04 3
6.774916e-06 1
1.996772e-04 10456
1.093715e-05 1
9.378009e-05 202
9.369445e-05 6
2.560685e-04 1
6.709878e-04 3
1.541645e-04 1
1.040800e-04 2
8.293761e-05 1
5.491503e-04 1194
5.906616e-04 1
1.882839e-04 1
5.783513e-05 3
3.731229e-04 1
1.425141e-04 1
2.389613e-05 1
7.324825e-04 1
2.746213e-04 1
3.660764e-04 1
7.973038e-05 1
9.806296e-05 3
1.523118e-04 6
6.937220e-05 1
1.544077e-05 34
5.991069e-04 1
1.760765e-04 1
2.830031e-04 1
1.607552e-04 6
4.006475e-05 1
4.923693e-05 3
7.677763e-05 1
3.929959e-06 1
1.512529e-04 1
4.389941e-06 1
4.945225e-05 2
1.604975e-04 1
2.665081e-04 1
5.049286e-04 1192
2.398435e-04 140
1.301035e-04 3
3.707576e-05 6
2.189976e-04 1
4.653897e-04 1
4.698159e-04 1
8.050859e-05 8
1.010796e-04 1
6.024331e-05 1
8.203876e-05 1
3.703713e-04 3
1.659692e-04 1
2.185940e-04 1
5.707399e-05 241
4.334583e-05 3
4.778835e-05 1
1.173362e-04 2
3.639640e-04 1
9.238649e-05 666
1.530233e-04 1
2.563368e-04 3
2.346151e-05 1
1.891932e-04 1
3.350982e-05 3
2.654353e-04 919
2.221203e-05 6
1.001564e-04 5
4.692974e-05 847
5.118722e-04 205
6.609024e-05 3
9.666214e-05 1
3.061622e-05 1
1.346220e-04 70
1.556960e-04 1
7.665107e-05 1
8.610636e-05 1
3.433311e-05 5
2.590506e-05 1
1.202835e-05 1
1.176899e-04 1
5.097233e-06 1
3.195036e-05 2
1.084632e-04 1
2.134578e-05 791
1.091052e-04 238
2.796126e-04 2
9.440163e-07 1
1.544030e-04 2
1.098906e-04 3
1.070771e-04 1
1.369534e-04 6
8.688356e-05 2
4.774932e-05 5
1.244655e-04 1392
1.312818e-04 2
2.454260e-06 1
8.280118e-05 1654
2.435381e-04 5
4.987054e-04 3
3.419862e-05 113
4.345836e-04 1
8.754278e-05 1
2.017503e-04 7
4.406360e-05 1
5.617653e-05 23
4.098563e-04 198
1.117468e-04 1
2.709980e-05 237131
4.103854e-05 1
9.400005e-05 17815
1.167662e-04 1
6.362430e-05 1629
1.778465e-08 2
1.397661e-04 1
1.494892e-04 1
5.542442e-05 1
1.768343e-04 2
1.253274e-04 1
5.017806e-05 1
3.647897e-04 733
1.979414e-04 5
4.409135e-04 241
8.369698e-05 3
2.363082e-04 10
6.104377e-05 1
8.804830e-05 1
1.739556e-04 1
1.949634e-05 1
2.335718e-05 168
4.509011e-05 249
1.800000e-04 3
4.944903e-05 3
1.994345e-04 6
1.669145e-04 1
4.771118e-05 1
2.683949e-05 169
1.146083e-04 3
2.048906e-05 1
6.992307e-05 1
2.529818e-04 1
2.606915e-04 1357
7.096834e-05 3
3.836571e-04 2
1.441103e-04 3
8.007594e-05 1
1.959082e-05 4
2.178094e-04 210
3.640675e-05 1
2.096918e-04 1
3.046552e-04 1
2.819493e-04 3
2.573009e-04 1
2.124959e-04 445
1.247280e-04 1
4.096640e-05 1
5.521558e-05 1
1.437227e-04 1
5.819927e-05 3
1.376886e-04 1
5.290827e-06 676
2.649018e-05 2
1.258720e-04 89
7.125434e-06 3
4.131997e-05 1
1.859065e-04 1
3.517716e-05 1
1.013010e-04 47
3.271229e-04 1
1.259917e-05 3
2.017094e-06 5
1.438167e-06 3
2.849237e-05 1
1.327462e-04 2
5.121547e-06 170
2.698897e-04 173
3.888449e-05 2
2.070110e-04 1
3.491846e-04 6
1.151231e-04 1
2.380169e-04 234
1.830229e-05 1
1.406963e-04 1
2.587281e-05 1
1.020893e-04 4
1.585305e-04 1
2.258462e-04 1
2.218084e-04 1
2.941225e-04 1
2.972559e-05 1
1.809835e-04 128
9.873688e-05 3
2.797415e-04 1
1.233805e-04 5
4.178508e-05 4
1.841087e-05 4
3.008108e-04 2
1.403921e-04 1
1.062192e-04 1
1.514564e-04 1715
7.984558e-05 7
9.846431e-05 6
4.224086e-05 1
1.787145e-04 451768
1.271468e-04 579
2.384335e-04 1
1.460911e-04 1
2.395448e-04 3
8.183605e-05 37206
9.092018e-04 3
1.154083e-04 1
1.758219e-05 228
1.712551e-04 7
9.645359e-05 1
2.532549e-04 1
8.506860e-06 4
1.218551e-05 2
6.468643e-05 1
3.132447e-05 1
2.167143e-04 468
1.436872e-05 1
4.829074e-05 3
8.413136e-05 6
3.375826e-04 1
1.202435e-05 1480
6.320582e-06 1
2.650317e-05 6
1.039098e-04 1
2.262395e-05 119
3.338570e-04 1
5.667711e-04 3
4.241203e-06 1
1.440492e-05 3
5.308310e-05 5
2.359753e-04 2
1.500882e-04 3
7.856675e-05 1
3.010840e-05 56
1.004159e-04 1
1.411090e-04 1
4.700162e-04 1
1.048532e-05 1
1.025660e-04 1
3.556881e-04 1
9.248692e-05 24
1.741744e-04 3
6.709977e-04 5
1.702725e-04 3
7.623463e-07 2
2.107917e-04 1
2.795017e-04 160
3.184807e-05 2
3.008463e-05 309
5.315352e-05 1
4.510592e-05 1
1.224905e-04 1
1.252522e-04 1665
1.185454e-04 1
5.909226e-05 1
3.222983e-04 53
1.163021e-04 1
5.963522e-04 1
4.062941e-04 1
2.637808e-05 1
1.310007e-04 24
1.313200e-04 1
1.647616e-04 5
4.372453e-05 1
7.743451e-05 1
1.885932e-04 2
3.688561e-04 1
3.076023e-05 1
2.984704e-04 2
3.319660e-04 3
5.151464e-05 1
3.839053e-04 1
9.066017e-05 1397
6.192045e-05 39083
5.579151e-06 1
6.176053e-05 2
1.502298e-04 1
7.495930e-05 3
1.193302e-04 219
2.821096e-05 1
4.809144e-04 2
1.833919e-04 3
2.405313e-04 118
1.232549e-04 1
1.804779e-04 1
3.834683e-05 3
2.537292e-05 2
5.146294e-04 1
1.729538e-04 7
6.296149e-05 5245
1.058407e-05 5
1.309763e-04 3
1.514147e-04 1
1.736411e-04 15359
1.728025e-04 7
4.681017e-05 1
3.132525e-05 1
5.735410e-05 1
1.118696e-04 167
5.587936e-05 1
6.425290e-05 1
1.278300e-04 2
2.108704e-05 152
2.623667e-04 1
3.187055e-05 3
1.393749e-04 1
8.496314e-05 3
2.602242e-04 1
2.879184e-05 1
7.957027e-05 1
4.959525e-05 61430
1.679517e-05 3
1.498123e-05 1
1.482879e-04 1
4.795600e-05 1242
2.206812e-04 1
9.997358e-06 1
1.197997e-04 101
7.197991e-06 1
2.624456e-06 2
4.996394e-05 3
2.474896e-04 496979
3.761839e-06 1
6.942893e-05 316893
1.246626e-04 7
4.315002e-04 494
1.082447e-04 1
8.217092e-04 1
1.950821e-04 2
8.330310e-05 1
8.610053e-05 1
5.667862e-05 1
3.242308e-04 1
7.727354e-05 2
2.955023e-04 3
3.411049e-05 1
2.757551e-04 1
1.718433e-05 1
2.416231e-04 1
7.915135e-05 1
3.048788e-04 1
4.053744e-04 1
2.849813e-04 3
1.585325e-04 7
6.462183e-06 1
1.512706e-04 3
3.668318e-04 1
7.002009e-05 1
9.438471e-05 1
1.087982e-04 232
8.759441e-05 1
2.981000e-05 1
7.363220e-05 1
1.071733e-03 7
3.663495e-04 1
9.057075e-05 1
2.599066e-04 2
8.488547e-05 1
4.333485e-04 234
2.687445e-04 579
2.509893e-05 1
7.824047e-04 173896
2.594779e-04 13201
2.038947e-04 187
2.470829e-04 7
1.659902e-04 1
1.582980e-04 3
2.110108e-04 1
3.174060e-05 1
4.762537e-05 1
2.231904e-04 140
2.652434e-04 1
3.356228e-04 4
1.950872e-04 3
1.547507e-04 1
8.299429e-05 241
3.001494e-05 7
2.939778e-04 4
3.939060e-04 24212
1.312802e-04 1
2.873068e-05 1756
4.596965e-04 325
1.995851e-05 5
1.286294e-05 1
2.358828e-04 7
1.248905e-04 1
1.159217e-04 7
2.060410e-05 1
3.431824e-04 1
2.261317e-04 114
8.145645e-05 1
5.462366e-05 3
5.391318e-04 1
3.832667e-05 1
2.861194e-04 1
2.022100e-04 1263
3.542266e-05 1
4.287069e-05 7
1.232441e-04 1
1.663577e-04 1
8.965944e-05 1
3.144242e-05 2
1.791688e-05 6
7.416228e-05 2
1.381141e-04 1
1.120719e-04 2
1.162413e-04 3
1.966081e-05 1
5.451996e-04 3
2.400906e-05 1
1.242840e-04 3
6.359845e-05 2
2.165163e-05 1
7.886819e-05 1
1.308988e-05 1
4.081210e-05 1
6.524283e-05 1
1.138594e-04 1
4.320420e-05 1
4.488149e-05 1
3.628848e-05 54516
1.231210e-04 2
1.882027e-07 1
2.144677e-05 1
7.949316e-06 1
1.569447e-05 1
1.583907e-05 2106
7.378495e-05 660
2.175549e-04 42718
6.281441e-05 32
9.839071e-05 7
9.740440e-05 1
4.124498e-05 3
2.542238e-05 1
3.915704e-04 1
3.541039e-05 1
1.459743e-04 245
1.700770e-04 4
3.749978e-04 1
9.659452e-05 654
3.903655e-04 1
2.034328e-04 246
5.017572e-05 1
2.385964e-04 4
4.048871e-06 19
4.218444e-04 10325
1.563496e-04 6
2.931107e-04 1
7.427841e-05 2
8.470557e-07 3
2.087973e-04 1
7.590416e-06 3
9.447714e-05 90
2.266489e-04 18
1.597494e-04 2
2.166262e-05 1
2.088543e-05 1
4.527466e-05 3
2.903955e-06 9
9.161648e-06 4
4.847183e-05 1
6.862212e-05 1
2.314386e-04 6
9.776920e-05 1885
1.264466e-04 2
3.700702e-04 1878
9.217446e-06 2
1.850146e-04 2075
7.297463e-05 205
7.200309e-05 6
8.527786e-05 5
6.217128e-04 1
1.199890e-04 3
1.706616e-04 1
3.464022e-05 4
8.939528e-06 5
4.149138e-04 1
1.939521e-05 7
2.309417e-04 5
2.206256e-04 1
2.974029e-04 2
1.511653e-04 3
2.005411e-04 1
1.448342e-04 2
5.790109e-05 1
3.785813e-04 510229
3.566007e-04 64142
3.402179e-04 6
5.477120e-04 2
1.733153e-04 1
6.887291e-05 1
2.399755e-04 436
7.229433e-05 1
1.568829e-04 3
6.120879e-04 2
4.160972e-04 344734
1.303344e-04 2
1.351112e-04 3
4.981961e-04 1
1.333650e-04 1
4.387031e-04 1
2.358223e-04 3
7.844723e-04 1
4.985726e-05 3
3.039170e-06 1
1.400368e-05 2
2.334312e-05 1
1.028316e-04 2
7.309440e-04 1
1.232501e-04 2
1.517466e-04 1
1.523720e-04 1
2.146673e-04 5
1.464042e-04 1
4.848466e-04 1
8.867375e-05 3
5.418088e-05 1
1.604453e-04 120
1.615091e-04 1
6.594714e-05 5
8.037157e-05 159
3.662862e-04 1
4.194030e-05 5
2.576708e-04 2
1.128861e-05 37143
4.566157e-07 3
5.356200e-06 1
2.356251e-05 1
1.666911e-04 1
1.506979e-05 1
9.803415e-05 1
1.898716e-04 7
1.926685e-06 434122
3.046964e-04 1
2.216854e-04 1
9.684056e-05 1
9.050172e-05 3
2.721330e-04 1
1.549020e-05 2
1.587431e-05 2
2.647065e-04 1
2.880008e-04 1
2.134447e-04 3
3.120531e-05 1
8.173923e-05 1
1.918940e-04 149
2.280690e-04 3
6.514759e-05 1
2.412135e-04 2
6.807393e-07 1
2.644089e-04 1
1.982684e-04 2
2.768588e-04 3
2.267218e-04 2
2.657706e-04 7
4.216751e-05 1
3.956550e-05 1
2.740021e-04 3
1.446307e-04 1
3.398620e-04 3
1.333015e-04 84
6.104424e-05 2
4.714353e-04 1
4.597557e-06 2
1.311316e-05 133
1.014180e-04 6
1.512958e-04 1341
2.777075e-05 1
3.847218e-04 2
2.397183e-06 1532
2.577448e-04 1
3.759305e-04 1
5.462131e-05 7
3.340668e-04 3
1.637768e-04 2
2.589592e-04 1208
1.004335e-04 3
1.022305e-04 1
3.037088e-05 2
1.831835e-05 1856
2.729309e-04 1
2.679915e-04 1
5.519009e-05 1
1.659669e-04 4
1.915958e-04 1
1.238399e-04 6
1.877819e-04 58
1.496842e-04 181
3.726689e-05 1
1.212586e-04 1
4.640523e-05 2
6.531092e-05 1
4.711243e-05 156
1.580477e-04 1
1.738766e-04 1
7.229859e-05 568612
9.542772e-06 1
1.133959e-04 5
6.477151e-05 3
4.450695e-05 6
1.020572e-04 1
5.355051e-05 1015
6.793508e-06 4
2.880220e-04 5
1.787862e-04 2
1.090972e-04 7
2.020069e-04 22
2.138122e-05 3
1.785222e-04 1
9.332677e-06 1
6.439244e-04 1
6.350109e-04 3
2.307341e-04 12131
2.790661e-04 1
1.020577e-04 56053
6.580186e-05 4
1.725687e-05 1
1.511844e-04 1
1.752854e-04 2
8.789331e-05 3
3.189669e-04 1
2.037592e-05 55
5.580529e-05 1
1.160329e-04 1
9.422089e-06 2
3.202991e-04 1
2.075788e-04 200
1.966011e-04 7
4.508420e-05 81
2.439762e-04 54656
2.981450e-05 229
4.836217e-04 2
8.197704e-05 24351
2.705170e-05 1
4.196763e-05 2
8.266686e-06 1
6.924621e-05 1
5.047222e-04 184
2.944204e-04 1
6.462035e-05 7
1.299081e-05 772
1.127860e-04 1454
5.680682e-05 1
8.171196e-05 2
9.659819e-04 1
1.391608e-04 374
1.869480e-04 1
3.599203e-06 3
2.625833e-04 4
1.208916e-04 18836
2.588440e-04 1
2.670413e-05 1
3.080027e-05 1
3.378916e-05 186
1.977129e-04 1
2.242077e-05 6
3.174613e-05 1
5.058854e-04 6
1.047934e-04 5
8.514817e-05 1
2.770346e-05 2
1.857757e-04 1
5.732217e-05 1
5.290721e-04 2
3.181077e-05 1
3.124813e-04 1
1.599002e-04 1
1.123472e-04 1
1.186728e-06 206809
4.178511e-05 2
2.424065e-05 1
7.846357e-06 2
2.156886e-05 1
1.236867e-04 1
9.860013e-05 7
9.731902e-05 1
2.394538e-04 5713
3.389558e-04 1
1.177633e-05 1
1.610244e-04 401905
3.625080e-05 6
1.363321e-04 7
8.072199e-07 2
8.954906e-05 1
2.772542e-04 1
2.395292e-05 146
9.837238e-05 7
1.072148e-05 1
7.428519e-05 1
2.641361e-05 7
1.529286e-05 1
6.218477e-05 145
3.066080e-04 1
8.168684e-04 4
7.700391e-05 1
5.993471e-04 619928
9.914086e-05 2
1.861711e-04 424069
2.398650e-04 1
1.526057e-04 1
3.036130e-04 1
2.722221e-04 3
8.142105e-05 1
4.901937e-05 2
3.716544e-04 1
2.076370e-04 1
4.779417e-06 1
5.307288e-06 2
8.890537e-04 251
4.320602e-04 4
1.221722e-04 1
4.261309e-05 2
1.773481e-05 1
6.081429e-05 1
1.108763e-04 1516
1.057184e-04 1
1.824300e-04 1
4.302227e-05 6
1.572219e-05 1
6.416738e-05 6
3.140348e-04 1
1.188750e-04 1
6.567489e-05 1
1.891265e-04 6
5.539181e-06 1
9.118252e-05 1
1.494619e-05 1
2.991032e-05 237
3.704336e-04 1
6.192637e-05 3
5.034752e-05 1
1.061656e-04 1
8.502279e-05 1332
3.288659e-04 1959
2.085069e-04 1
1.028529e-05 1
2.494824e-04 1
1.306929e-04 1
1.455672e-06 5
3.296814e-04 2
4.151809e-05 3
3.934375e-04 1
1.238127e-04 1
3.070500e-05 19496
4.417345e-04 1
3.906493e-06 1
1.839485e-04 1
8.324476e-05 1
1.619338e-04 5
1.589758e-04 1
5.769341e-04 1064
3.928588e-04 2
4.874605e-05 3
1.872014e-04 2
1.720198e-04 3
1.123475e-04 2
2.484773e-05 1
1.815710e-04 1
3.634133e-05 1
8.143099e-05 5
1.086814e-05 2
3.642269e-05 1
5.197469e-05 2
1.373165e-05 1
1.535438e-04 1
7.077342e-05 6
3.373638e-04 2
4.063524e-04 1
1.261888e-04 2
2.361242e-04 1
1.931756e-04 5
6.217118e-05 1
3.657940e-05 1
2.752401e-05 65791
5.977030e-05 3
2.616025e-05 16
1.337675e-04 895
7.475684e-05 1
1.264198e-04 823
2.016042e-04 156
5.072151e-05 1
2.232637e-04 56158
2.697842e-04 1
1.115446e-04 1
8.048208e-05 2
5.828768e-04 2
2.757995e-04 8
4.805953e-05 1
2.305373e-05 3
2.723321e-05 1
4.826219e-05 2
4.463385e-05 54068
4.405184e-04 1
1.949683e-05 1
1.083763e-04 1
4.582402e-05 1
4.146882e-05 2
1.844359e-04 3394
3.279940e-07 1
2.784021e-05 2
4.213274e-04 1
4.305886e-05 1
9.512101e-06 1377
9.858535e-05 3
1.713588e-04 1
1.537090e-05 486207
9.218777e-05 149
6.030318e-05 2014
2.144914e-04 1
5.638707e-05 5
1.597011e-04 1
5.359464e-05 180
2.125195e-04 7
1.717717e-04 1
4.346548e-05 1
4.623570e-05 2
6.002270e-05 1
2.554690e-05 2
4.539056e-05 1
7.843120e-05 1
2.886039e-04 1
3.651194e-05 3
9.850175e-05 2
2.547507e-04 1
5.569544e-05 2
1.267420e-04 1
2.151636e-04 2
1.954780e-05 1
6.131913e-04 1
2.351276e-04 1200
2.509343e-05 1
4.072233e-05 1
1.815897e-05 2038
9.032916e-05 1
6.049790e-05 1704
9.995032e-05 111
1.499019e-04 1
3.268880e-04 1
1.147905e-04 1
1.171927e-04 1
2.770228e-04 2
2.062033e-04 237
1.506593e-04 1
9.613435e-05 1
2.446824e-04 3
1.862750e-04 1
6.935161e-05 1
2.857040e-04 1
2.363468e-05 23
4.822163e-04 63358
2.349209e-04 92
9.740682e-05 1
1.263781e-04 6
2.781530e-05 2023
4.215693e-05 5
1.982551e-04 1
6.427906e-07 3
3.074926e-04 2
5.252155e-05 2
1.415434e-04 2
2.433599e-04 1
1.347542e-05 22
1.923485e-05 2099
8.645345e-05 1
2.413017e-04 4
1.407576e-04 166
7.577269e-05 1
8.927269e-05 5
8.395373e-06 1
9.641193e-05 1
2.012444e-04 121
1.495538e-05 14321
2.190816e-04 6
8.722034e-06 847
1.065679e-04 4
4.240391e-04 1
2.958063e-05 3
2.727361e-04 1
2.763490e-04 2
2.396366e-04 461
8.572831e-05 1849
5.770933e-04 1
2.619829e-04 1
9.095854e-05 2
1.132154e-04 1
4.797993e-04 65045
4.032924e-04 1
1.158576e-04 1
3.158878e-04 1
4.069077e-05 1
2.742606e-04 1
6.124796e-04 2228
1.858100e-05 20
2.397115e-04 1
6.061947e-06 1339
3.907670e-04 1
1.617609e-05 1
1.038893e-04 6833
2.617888e-05 1
3.237288e-05 1
4.037697e-04 1
5.534084e-05 1
1.718455e-04 3
4.155386e-04 151
2.481623e-04 2
2.156907e-05 2
7.085916e-06 21
3.541590e-05 1
4.174577e-05 1
6.377168e-06 1
1.751735e-04 1
1.731156e-04 1
2.289550e-04 3
3.630376e-05 1
1.585200e-04 31615
1.906362e-05 1361
1.394602e-04 1
2.755279e-04 1
3.667894e-04 6
2.011511e-04 1
6.072879e-04 3
5.070886e-04 3
1.412439e-04 6
7.285325e-06 1
2.311727e-05 2100
1.352165e-04 5
6.187311e-05 27994
3.263747e-05 1
1.534091e-04 1
1.036034e-04 1
1.175155e-04 1
2.837137e-04 1
2.318712e-04 7
4.343029e-05 1
1.956378e-04 7
2.832119e-05 513726
8.547266e-05 6
1.696134e-04 24329
2.748750e-06 1
1.256041e-05 2
5.006998e-05 38791
1.974996e-04 2
4.621951e-05 1
1.593178e-04 1
4.323096e-04 1
4.051904e-05 232
5.976392e-05 1
8.119385e-05 3
3.014770e-04 11
1.590584e-04 1
2.597206e-04 3
1.795358e-04 5
1.345017e-04 7
3.102193e-04 3
1.048542e-04 7
2.344818e-04 3
1.017810e-04 3
7.811872e-05 1
1.096712e-04 2
1.535173e-04 1
1.621609e-04 1
4.716780e-04 6
2.119630e-05 3
2.455788e-04 1
1.751300e-04 1
4.293716e-05 2
1.957390e-04 2
8.336037e-05 1
7.125716e-05 157
3.656674e-05 1
1.001815e-04 3
8.388658e-06 3
1.258099e-05 1
1.219542e-04 2
1.701690e-04 1
1.376357e-05 1
2.926140e-04 1
1.212120e-04 2
2.703529e-05 1
3.974561e-05 1
1.888269e-04 1
1.429395e-04 200
4.083849e-04 2
2.922691e-06 32579
2.556988e-05 1
1.013909e-04 1
2.120296e-04 1
1.914872e-04 1
1.820603e-04 55134
7.867360e-05 5
1.085872e-04 6
1.974772e-05 1
1.540290e-05 1
1.660875e-04 4
1.414415e-04 206
2.216881e-05 2
7.146060e-05 2
1.022725e-04 6
3.598304e-04 1
1.622983e-05 1
7.040316e-05 1
2.746595e-04 22
1.863260e-05 2
4.806447e-04 5
1.380730e-04 1321
3.962708e-05 1
2.411995e-04 1
2.384795e-05 1
8.102480e-05 3
2.209502e-04 14
3.423446e-04 1
1.159592e-04 202
2.307621e-05 7
1.640519e-05 96
1.101496e-04 4
3.005464e-06 3
1.606239e-04 1
6.240674e-05 1
6.951383e-05 1
9.933667e-05 1
5.957288e-05 3
3.473251e-04 2
1.816644e-04 1
7.731101e-06 1
2.608706e-04 2
5.178598e-04 2
1.020497e-04 1
3.047148e-04 2
2.053180e-04 1
1.166860e-04 1
2.369300e-04 1
3.555365e-05 3
3.661808e-05 1892
2.328740e-04 1
1.800118e-04 1
1.060733e-04 1
2.082837e-04 1
5.758017e-05 3
4.250065e-04 7
4.099391e-05 1
1.354230e-04 1
1.349529e-04 1644
2.223958e-05 3
3.246856e-05 7
2.248148e-04 1
2.914993e-04 6
4.995139e-04 7
4.040364e-05 2
6.592532e-05 1
3.974278e-05 1
1.364621e-04 1
3.017501e-05 3
4.116900e-05 1
1.651720e-06 1
3.145292e-04 3
7.323935e-05 1
2.566289e-04 1
6.981497e-04 1
9.936714e-06 1
6.085053e-05 1
2.358314e-04 1
1.460247e-04 1
1.105245e-04 1
4.301779e-04 6
2.436873e-05 1
1.486327e-04 1828
5.962878e-04 2
4.685224e-04 1
1.741783e-04 2
1.769725e-05 2
1.565102e-05 1
1.359861e-04 1
2.672029e-06 3
1.076063e-04 1
9.484790e-05 1
4.386664e-05 3
6.214438e-04 1
4.249354e-05 3
5.399823e-05 7
6.434395e-07 1
2.331144e-05 1
1.016857e-04 1
1.022540e-05 2
2.056159e-04 2
1.429352e-04 1
2.909640e-06 1
7.391356e-06 1
1.697674e-05 1
2.661881e-04 2
2.117909e-04 2
1.295929e-05 108
1.542592e-04 1
3.765261e-04 2
3.632881e-04 202
4.847021e-04 1
2.335036e-04 1
6.468066e-05 160
1.343531e-04 6
3.081127e-04 2
1.236357e-05 1
3.189536e-05 3
1.178668e-04 2057
1.111996e-04 1
3.331212e-04 1
1.713384e-05 2
1.110668e-04 1
9.464088e-06 6
2.481313e-05 1
1.220382e-04 1
8.853289e-05 2
2.206910e-04 4
4.324166e-04 114
1.733080e-04 1
3.664406e-05 1
2.265892e-05 1843
3.994581e-04 1
1.910322e-05 204
1.910153e-04 1
2.329888e-04 3
1.201843e-04 3
8.672235e-05 5127
2.933605e-04 2
1.111647e-04 1
1.073267e-03 65
6.240151e-04 56748
3.719548e-04 2
1.063707e-04 4
4.035025e-05 1
1.339782e-04 2
7.056601e-06 1
5.731600e-05 1543
5.009514e-04 1
2.296399e-05 1
2.971627e-06 147
3.609022e-06 1
2.473440e-04 1
8.356199e-06 1
5.299335e-04 3
7.886265e-04 1
5.802010e-05 2
7.110831e-05 216
6.382578e-05 1
1.479489e-04 1
1.633555e-04 67
9.896469e-05 7
3.113591e-04 3
5.821385e-05 1
2.998751e-04 1
2.030582e-05 262
5.033897e-05 1
1.170941e-05 2
1.449527e-05 1
3.253373e-04 3
6.328134e-05 3
1.296874e-04 1
3.015324e-04 3
2.544575e-04 3
9.942104e-05 6
4.050747e-05 1
3.120911e-06 2
2.090817e-04 2
2.841184e-04 1
3.239416e-04 1
1.366771e-04 1
1.603306e-04 1
1.238246e-04 242
5.526722e-04 2
3.950590e-06 1
3.088309e-04 6
1.724294e-04 1
2.107424e-04 1525
2.814655e-04 1
1.963088e-06 7
6.017102e-05 1
3.176119e-05 1
2.228155e-04 1
2.601281e-05 1
1.445377e-04 1
9.324980e-05 35699
1.233381e-04 1
6.242262e-05 1
7.608128e-05 691
2.564514e-04 38
1.134579e-04 1
3.847473e-04 3
6.794049e-05 1
4.800580e-04 6
4.792157e-05 1
2.325959e-04 46178
6.067885e-06 2
8.837776e-05 193
2.780434e-04 4
3.882724e-04 1
8.121536e-05 1
2.997828e-05 1
2.121476e-05 1
4.249426e-05 4
3.686923e-05 2
1.163386e-04 1
2.290506e-04 1
3.823893e-04 1230
4.062637e-04 3
1.006841e-05 2
9.137212e-05 2
3.084062e-04 24
3.736333e-05 2
2.153738e-04 1
3.015405e-04 159
1.159852e-04 1
2.169147e-04 1
9.069260e-06 2
2.968328e-05 1
1.234433e-04 1
6.887660e-06 1
1.222164e-04 1
3.774306e-05 48485
2.090294e-04 1
1.093865e-05 6
2.317430e-05 3
4.217412e-04 1110
1.147693e-04 357208
8.553572e-05 5
1.166095e-04 1
3.547014e-04 3
1.228506e-04 5
2.863437e-04 1
4.460330e-04 1
2.271325e-04 3
1.329944e-05 1
1.357878e-04 1
4.120071e-05 6
2.112294e-04 1
1.804118e-06 1
1.758076e-04 45033
1.268152e-05 1
8.225167e-05 1
2.914457e-05 122
5.849308e-05 1
2.279821e-05 1
7.148305e-05 2
7.494627e-05 184
9.726600e-05 1
1.756490e-04 1
9.532504e-05 1
1.473093e-04 2
4.177315e-05 6346
1.535826e-04 1
6.877247e-06 7
1.619388e-04 1
4.558830e-04 258
1.677807e-04 3
9.171443e-05 1
1.363551e-05 1
1.371356e-04 1
3.449159e-04 3
1.626250e-04 4
1.097319e-05 1
2.343227e-04 375185
1.301384e-04 1
1.179468e-04 10904
1.587229e-04 2
6.244124e-05 29
4.831817e-04 1
3.643917e-05 3
1.221352e-05 1
3.280910e-05 1
2.362620e-05 2079
7.014582e-05 1
2.704112e-04 114
9.570486e-06 1
1.551928e-05 69
2.981838e-05 2
1.181294e-04 1
2.773776e-04 1
1.079464e-05 2
9.261467e-05 6
2.483753e-04 23413
6.542251e-05 1
1.590921e-04 1
1.292351e-04 155
6.122879e-05 381944
9.202874e-06 1
4.488854e-04 2
1.048749e-04 1
2.782697e-04 35
1.487892e-04 1
2.773921e-05 1
1.688156e-06 132
7.269117e-06 1
6.561695e-06 1
6.890211e-05 5
3.054825e-05 44616
3.347715e-04 5
3.254086e-05 8068
5.949047e-05 1
9.771634e-05 7
1.089155e-04 1
2.234917e-04 6
1.356790e-04 3
1.422746e-04 7
2.168782e-04 1
1.470122e-04 1
2.724117e-04 2
1.088666e-04 1
8.284928e-05 2
9.689508e-05 1
5.653179e-05 166
1.586510e-04 3
2.029435e-04 3
1.969917e-04 6
1.998578e-04 158
3.972704e-07 1
8.044629e-05 2
2.895235e-04 291
1.234458e-04 3
2.248290e-05 6
2.951166e-04 1
1.293814e-04 1
6.188523e-05 1
2.071363e-04 1
3.373107e-04 1
3.575737e-05 2
1.418772e-04 1
4.445521e-04 1
3.808022e-04 486
3.155388e-05 2
2.499694e-05 1
3.173892e-05 1
8.196078e-05 3
5.147526e-05 5
1.086480e-05 35
1.480785e-04 262
7.037743e-06 4
6.400263e-05 1
4.739785e-05 1
6.279690e-05 1
1.976889e-04 1
6.014918e-05 1
3.987755e-04 1
3.528844e-05 2
9.940946e-06 1
2.395665e-04 4
6.395298e-04 1
1.888727e-05 2
2.646032e-04 1
7.974192e-05 574
6.767145e-05 1
2.430963e-04 1
2.462806e-05 76
4.044974e-05 3
1.720552e-04 1
1.790661e-06 1
2.225053e-04 1
6.044268e-05 1453
1.001940e-04 1
6.542705e-05 2
4.761478e-04 103063
8.198065e-05 3
3.967453e-04 3
4.316908e-04 1
3.061142e-05 3
1.172165e-04 1
4.699023e-05 1
1.770861e-04 186
8.305532e-05 2
1.011344e-04 1
1.034867e-04 2
5.067522e-06 246
9.124624e-05 1
1.170260e-04 1
1.802171e-04 1
2.058392e-04 4
2.271921e-04 1
3.435049e-04 261
5.535163e-05 47
1.845532e-05 2
5.588311e-04 33011
2.228719e-05 7
4.569831e-05 3
5.952589e-05 1
1.267173e-04 1
1.385270e-04 39974
2.918957e-04 2
4.231666e-05 1
8.680777e-06 1
1.099134e-04 3
3.762393e-04 2
2.903321e-05 1
1.569134e-04 6
1.015907e-04 136
7.102250e-05 1
1.352705e-04 1
7.823359e-05 1
9.962537e-05 171
3.913030e-05 1
1.963224e-04 3
3.198311e-04 3
3.142439e-04 1
1.895265e-04 3
2.040431e-05 1
5.257569e-06 1
4.806594e-05 7
2.611132e-04 4
2.070601e-04 1
2.183727e-06 1
6.960044e-04 96
6.692380e-05 1
4.461469e-05 3
1.030488e-04 146
1.698042e-04 7
8.755400e-05 6
1.409509e-04 778
2.702567e-04 3
1.002533e-04 1
1.006464e-04 1
2.943902e-05 3
3.066050e-05 3
8.143310e-04 1
2.598240e-05 1
5.087133e-05 2
2.140728e-04 1
1.598954e-04 7
9.685277e-05 7
7.602289e-05 1
1.144038e-04 5
1.772966e-04 1
1.686221e-04 4
6.057763e-05 3
1.350311e-04 1
1.636258e-05 1
1.380849e-04 3
4.444895e-05 835
3.970645e-04 1
9.772284e-05 1
2.581449e-05 1
4.018164e-04 6
4.549483e-05 3
8.756373e-05 3
6.950992e-05 148
7.507606e-05 3
5.106563e-05 5
3.134104e-04 1
1.322532e-04 1
7.041142e-05 1
1.626934e-05 1
5.313630e-05 1
1.093156e-04 1
6.609433e-04 2
2.726773e-05 1656
5.122773e-05 54872
4.652683e-05 1
1.925782e-04 1
1.740658e-04 3
5.625092e-05 1
1.339910e-04 2
1.432957e-04 1
4.243824e-05 1
1.757440e-04 1
5.032249e-05 1
9.597569e-05 2
4.458360e-06 1
3.215716e-05 1
2.786979e-04 1693
2.441837e-04 1
1.589448e-04 6
8.198879e-05 3
3.411307e-05 4
3.484443e-05 3
4.934473e-04 1
2.694111e-04 1
1.462490e-04 1
5.723420e-05 7
2.225443e-04 6734
2.630563e-05 1
6.123822e-05 1
4.921703e-06 1
1.214637e-04 148
4.924429e-06 1
2.079389e-04 1
1.171436e-05 118
1.018297e-04 1664
6.833428e-05 1
3.072121e-05 257
2.174113e-04 5
4.571131e-05 1
4.124097e-05 35734
7.687704e-04 1
2.276196e-04 6
9.022090e-05 5
9.176635e-08 750
7.054992e-05 449
4.072641e-05 1
3.268987e-04 1
6.147873e-05 1
9.371748e-05 1
1.239853e-04 1
9.542197e-05 46431
9.713867e-05 1
1.036312e-06 139
1.105751e-04 1
1.345148e-06 1
1.361492e-04 5
1.683566e-04 1
1.775085e-05 3
6.058375e-05 1
4.642931e-05 1
1.219685e-05 1
5.811393e-04 53133
5.131297e-04 15013
3.990671e-05 3
2.618150e-04 60
1.642220e-05 1
1.246907e-04 1
2.429534e-04 3
2.287456e-04 1
4.407275e-05 5
1.283762e-04 1
1.113789e-04 79
4.415343e-04 1
1.064640e-04 3
5.259238e-05 2
3.749055e-06 1
9.066177e-05 7
1.911538e-04 1
3.241963e-04 1
1.119144e-04 2
2.133458e-04 58908
7.383094e-05 229
1.300238e-04 7
1.094285e-04 3
1.898619e-04 6
6.790392e-05 52
1.049743e-04 2
8.234819e-06 1
6.996854e-04 263
2.551317e-04 1
1.469640e-05 1
4.345481e-05 320120
3.784623e-04 74
6.855086e-05 1
1.465806e-04 15
1.820101e-05 2
4.803311e-05 1
1.778273e-04 3
3.856611e-05 1
2.160168e-04 1
4.013739e-05 1
4.899941e-05 1
2.773889e-05 2
5.163039e-05 1758
2.459005e-04 25384
2.663699e-04 1
2.706482e-05 6
9.845873e-05 1
1.910618e-04 3
2.613391e-05 2
1.342828e-06 1
1.727499e-05 2
1.651801e-04 2088
1.521534e-07 1
1.726689e-05 1
3.994790e-05 3
2.657895e-04 1
2.479109e-04 2
1.684132e-06 356039
8.800258e-05 1
4.825722e-05 2
1.134055e-04 3
3.306750e-05 1
1.505288e-04 2
9.542694e-05 7
1.033102e-05 2
1.418945e-05 2
1.087331e-04 963
5.404348e-04 1
5.441661e-06 1
4.458591e-06 5
1.241063e-05 1
4.178417e-05 3
1.459653e-04 1
1.701498e-04 1
4.151287e-04 3
1.712105e-04 3
3.884490e-05 1
1.164591e-05 1
1.495813e-04 1
1.008922e-04 1
2.424174e-04 42312
6.678531e-05 3
3.263398e-04 4
7.309832e-05 2
7.520949e-04 102
3.656292e-04 1
2.757177e-04 213
2.080526e-05 1
1.884233e-04 3
4.605105e-05 1
2.381675e-04 1
1.660306e-05 1
1.119338e-04 1
1.069582e-04 1
9.871064e-05 1
2.870128e-06 1
3.948248e-04 1
2.101717e-04 3
2.704961e-05 44
9.177472e-05 36623
1.433922e-05 2
4.238537e-05 3
4.972152e-05 3
3.940435e-04 1
2.438906e-05 1
1.403942e-05 1
6.245051e-05 3
1.993790e-04 1404
1.663651e-04 172
2.976945e-04 2
7.203401e-06 3
9.098215e-05 1
3.679517e-05 2
3.271983e-04 3
2.426238e-04 1
6.724362e-05 1
1.834289e-04 1
8.344936e-05 3
2.139774e-04 7
2.564588e-04 1
1.910578e-04 1
3.172975e-04 1
2.421886e-04 2
1.606567e-04 1
2.077965e-05 7
8.003983e-05 1
6.017130e-06 1
5.382980e-04 211
2.422583e-04 2
1.061750e-04 1
5.930154e-04 3
1.618542e-04 1
3.874016e-04 7
2.022097e-05 3
8.449625e-05 1
3.768762e-05 1
1.161943e-04 1
1.652431e-05 1
5.267853e-04 3
3.095820e-05 1
2.631732e-04 1
3.760794e-05 9
2.009581e-04 3
4.298102e-07 764
3.411787e-04 1
2.000056e-04 3
2.826489e-05 2
1.305942e-04 2
6.844808e-05 1
7.066836e-05 18
5.365189e-04 1
8.750588e-05 1
8.211780e-05 5
2.540370e-04 616
3.776351e-05 1
3.412643e-06 1
2.663126e-05 1
8.028479e-06 1
9.013903e-05 2
2.118525e-04 219
1.350323e-04 1
3.528793e-04 1149
1.545820e-05 1
1.791567e-04 1
4.791397e-05 1
5.175238e-04 1
6.638972e-05 5
3.862954e-05 3
8.053450e-05 2
1.082532e-04 1
4.198609e-05 1
1.801546e-05 1
2.877358e-04 4
3.313053e-04 7
1.865280e-05 3
3.477535e-04 1
1.376068e-05 1
1.507144e-04 1
1.130581e-05 1
2.663653e-05 1
1.740282e-05 2
4.365407e-05 1
5.128307e-05 1
3.560190e-05 2
1.375662e-04 1
4.518607e-04 1
2.534705e-04 1
3.884507e-05 1
6.546757e-05 1
1.529532e-04 1
6.084390e-05 3
1.319831e-04 1
2.096930e-05 1
2.511809e-05 2
1.434603e-04 1
3.045510e-04 830
1.063953e-04 1769
7.875263e-06 3
1.323410e-04 4
3.480415e-04 3
3.043843e-05 123
1.623966e-04 4
6.785404e-05 2
2.841694e-04 1
3.770364e-05 63
2.171854e-04 1
3.352217e-04 1
1.436062e-04 2
3.703222e-07 1
9.121644e-05 1
4.566534e-05 1
7.626982e-05 387
2.278532e-04 1
6.129370e-05 2
6.900121e-05 35
4.463539e-05 1
3.426499e-05 1889
6.392291e-05 1
8.406391e-04 1
2.313965e-06 430972
8.458088e-05 1
5.579761e-05 1
4.247622e-04 5
2.457849e-04 48901
8.811718e-05 1
2.695740e-04 1
1.962872e-05 1
2.149043e-04 2
1.850203e-05 2
2.447657e-04 1
2.115618e-04 1
7.346478e-04 1
1.881751e-05 7
9.320659e-05 98
1.279841e-04 47
4.683085e-06 1
4.631835e-04 1
2.984857e-04 1
8.022984e-05 1
3.490065e-04 5
7.557906e-05 1
3.134504e-06 143
3.498580e-04 133
6.939775e-04 1
5.186416e-05 1
7.240334e-05 158
4.625993e-06 3
6.041512e-05 3
1.768190e-04 2
8.372746e-05 1
3.017858e-04 1
8.962809e-05 1
1.631106e-05 1
1.263126e-04 1
2.013385e-05 3
2.614915e-04 4
7.833670e-05 40
2.655022e-04 1
3.001640e-04 1
1.638896e-05 1
3.057287e-04 42
3.331023e-04 3
4.743100e-05 1772
8.987391e-05 162
1.960768e-04 2821
1.001406e-04 1
9.854672e-05 9136
2.351136e-04 1
2.192615e-05 78
3.392349e-04 1
1.076639e-04 2
2.899830e-04 1
3.866986e-05 100
4.630566e-05 2
7.009422e-05 1
2.083642e-05 1
1.920905e-04 1
1.566501e-04 5
1.202507e-04 1
9.555176e-05 3
1.536065e-04 1
8.232017e-05 111
2.350588e-05 7
2.150643e-04 2
6.878594e-05 6
8.186333e-05 193
4.037402e-05 1
3.097786e-04 1
1.760271e-05 1
1.362882e-04 99
4.248844e-04 1
1.725072e-05 595799
1.233245e-04 1
6.947473e-05 6
9.056437e-05 1
1.271121e-04 1
3.445902e-06 1
4.166652e-04 3
2.773726e-05 160
3.116258e-04 1
9.630315e-05 1
2.159032e-04 1
6.988551e-04 3
1.085851e-05 3
1.599663e-04 6
3.320749e-05 1
3.899598e-04 3
1.024432e-04 3
6.491537e-05 1
1.623655e-05 662
8.599945e-05 1
2.742071e-05 2
4.403405e-04 2
1.293417e-05 1
1.100857e-04 1
7.689857e-05 3
1.769953e-04 1
3.100832e-04 2
1.565450e-04 1
8.360955e-05 1
6.965883e-05 2
9.053443e-05 1
1.026672e-04 1
2.995103e-04 3
2.064427e-04 732
1.029958e-04 2
3.332863e-05 56
2.870930e-05 6
2.731154e-05 1
1.143991e-04 1
1.335719e-04 1
8.607291e-05 1
4.453141e-05 1
2.437871e-05 1
2.391736e-05 2
1.540954e-04 1
3.855526e-05 251
2.986079e-04 1
3.698897e-04 1
3.779277e-05 3
4.737527e-04 1
8.819332e-05 55
1.420310e-04 1
2.264253e-04 19
1.880138e-05 1
3.645537e-04 1
1.572963e-04 4
1.729861e-04 3
8.428380e-05 295
3.463663e-05 1
8.858443e-05 1
2.335395e-05 1
1.468741e-04 1
8.700839e-05 1064
2.655711e-04 7459
1.727610e-04 1
1.645865e-05 1
1.300325e-04 3
9.953624e-05 1
1.434281e-05 1
3.122329e-05 1
9.869397e-06 1
3.320500e-05 2
3.983997e-05 1
9.957367e-05 759
1.001646e-04 34
1.985852e-04 2
6.277811e-05 1
5.478905e-05 1
3.277805e-05 1
4.255898e-05 2
6.078754e-05 1
4.106801e-06 43733
4.831497e-05 1
9.243638e-05 1
6.334922e-06 1
1.328616e-04 1
1.092831e-04 57647
3.390824e-05 20038
3.216192e-04 1
5.057409e-04 48232
2.450987e-04 3
4.633347e-04 1
1.294020e-04 1
3.613868e-04 1
5.751635e-05 108582
6.074633e-06 1
2.941296e-05 1
1.361877e-04 1
6.208408e-05 2
3.222269e-04 3
1.167559e-04 1
4.924732e-05 1
3.082277e-04 1
2.858308e-05 1
4.766476e-05 1
2.055157e-04 2
8.420145e-05 1
4.871393e-04 3
9.886977e-05 41217
1.435074e-05 1
1.682265e-05 1
1.863301e-05 3
9.502095e-05 1
7.985992e-06 149
1.618603e-04 24858
3.337465e-04 1
4.307605e-05 1
1.131051e-04 1
8.594980e-05 1
1.458218e-04 1
1.237936e-04 1
2.620830e-06 2
4.267469e-05 3
9.158692e-05 241
3.377317e-04 1
4.994909e-07 6
8.111850e-05 1
7.694194e-04 1
7.954391e-05 1
2.130136e-05 1
4.506804e-04 1
3.117231e-04 1
2.632799e-04 3
4.678821e-04 1
6.244327e-05 1
9.083409e-05 1
1.899020e-05 1
2.309839e-04 1
1.389895e-04 3
1.082292e-04 1
4.586020e-05 3
2.902053e-04 1
2.603573e-04 3
3.824625e-04 6
9.705992e-05 2
1.179722e-04 5
1.850094e-04 1
1.214401e-04 2
3.060145e-04 758
3.398858e-05 1
5.756848e-06 1
6.889854e-05 1
1.186790e-06 1
7.305434e-05 1
1.392425e-04 2
1.850950e-04 1
9.827315e-05 1
5.992401e-06 1
1.053515e-04 3
2.453311e-04 569
9.101574e-05 1
2.586909e-05 3
3.934399e-05 1
6.643175e-05 262
1.366523e-05 1
2.439350e-04 2
8.950061e-05 130
3.498483e-05 1
1.958649e-05 1
1.768682e-04 4
5.783042e-05 629714
1.482615e-04 3
6.358674e-04 1
1.714401e-04 2
8.992267e-06 23
1.061520e-04 2
1.266148e-04 1
4.955123e-04 4
1.434907e-04 2
2.474125e-04 6
2.054988e-04 1
7.547974e-05 1
1.315989e-04 6
2.238752e-04 1
5.201145e-04 1
9.105785e-05 1
6.988460e-05 7
2.083060e-05 1
1.069228e-04 5
1.502480e-04 1
2.190756e-04 1
8.615837e-06 2
7.113223e-05 1
7.725212e-05 1
1.860227e-04 24
3.083396e-04 1436
1.563007e-05 352784
4.731112e-05 1
4.104914e-05 129
4.192033e-05 2
5.846398e-05 1
7.470277e-05 1
2.242399e-05 3
3.996148e-05 1
3.196665e-05 1
1.145737e-04 1
2.680627e-04 1
6.108626e-05 126
4.713749e-04 1
4.073013e-05 1
3.288792e-04 1
8.402671e-05 264
1.002822e-05 1
1.515361e-04 1
3.161365e-05 1
2.070304e-04 1
1.106465e-05 2
2.146930e-04 1
2.163836e-04 3
1.579287e-04 1
1.219080e-04 1
1.668896e-05 1
3.348316e-05 2
1.457537e-04 3
1.076348e-04 1
1.201960e-05 167
9.660592e-06 1
3.625549e-06 1
1.410654e-04 2
1.341210e-05 4
9.786199e-05 1
6.079788e-05 1
4.121538e-05 1
6.161985e-04 3
1.086037e-04 1
9.715322e-05 502783
3.571218e-05 38393
1.746587e-04 3
1.994309e-04 1
4.270513e-05 1
1.642182e-04 1
3.436563e-04 1889
1.168277e-04 1
2.376695e-04 40554
4.349040e-04 292002
1.340468e-04 1777
5.389188e-05 109
1.139282e-04 1
3.060191e-05 1
1.928052e-05 51
2.566522e-04 1
4.141493e-05 1
1.613450e-04 10
1.801111e-04 3
1.363907e-04 1
7.557657e-05 1591
4.977462e-05 1
1.930355e-04 1
1.094157e-05 4
2.964462e-05 1
7.755777e-04 6620
4.286649e-05 1
8.126176e-06 1
6.702988e-05 2
1.823672e-04 1
8.014798e-05 1
2.062935e-04 1
2.617521e-04 1
2.891127e-04 44927
1.527233e-04 3
1.399626e-06 2
1.463708e-04 5
4.991065e-05 1
2.332140e-05 1511
1.558544e-04 78
1.829566e-04 1
2.742351e-05 1
1.461159e-04 1115
1.272535e-04 214
1.434287e-04 2
2.799851e-04 9
6.887034e-05 167
2.275209e-05 3
1.331341e-04 462
8.552165e-05 38866
1.805845e-05 1
3.285554e-04 1
4.507010e-05 1
1.856666e-04 2
4.162366e-04 1
2.369869e-04 1
3.349174e-05 1
3.719679e-04 3
6.744006e-05 2
6.760048e-06 5
2.520461e-05 1
1.299638e-05 1
9.457508e-05 1
1.258539e-04 2
3.148992e-05 1
9.449919e-05 4
3.179977e-04 7
2.601393e-05 233
1.350190e-04 1
4.738230e-05 207
4.046648e-05 1236
3.273381e-04 242
6.909516e-05 1
2.597458e-05 1
2.233997e-04 36
1.432267e-05 1
7.518668e-06 2
9.385473e-05 1
1.397081e-04 139
9.662781e-05 1
2.813820e-04 1
4.505641e-04 1
4.598493e-04 3
3.862505e-06 1
5.155260e-05 570263
3.275732e-04 959
1.394435e-04 1
1.395035e-04 1
1.312014e-04 356
6.329424e-05 1
2.373994e-05 3
7.448271e-05 1
6.997080e-05 7
2.560688e-05 5
9.968218e-05 1
5.090690e-05 1
1.481105e-04 159
1.353259e-05 1
5.328950e-04 1
2.693832e-04 2
7.914060e-05 2
3.291581e-04 1
4.514448e-04 227
2.179874e-04 6
5.639682e-06 2
2.774599e-04 62326
4.378321e-04 2
2.677789e-04 1
5.232958e-05 1
9.653448e-05 1
1.210033e-04 35393
1.429468e-04 1
1.024852e-06 5
4.157600e-04 76
2.456646e-04 31925
2.678393e-04 1
5.703450e-05 1
4.495532e-05 1757
1.888739e-04 1
3.614640e-04 1
4.059898e-05 1
2.871516e-06 103
1.981934e-05 1
1.898109e-04 201
1.486903e-04 4
1.168094e-04 2
5.348233e-06 1
4.792424e-05 722
7.677015e-05 1
5.195606e-05 2
6.478098e-05 1
1.138932e-04 1
1.074637e-04 1
7.499314e-05 2
1.525768e-04 182
1.926718e-04 1
1.013857e-04 55
3.032917e-04 52948
2.997028e-05 1
5.187900e-05 1
1.042743e-04 130
9.725941e-05 1
3.517164e-05 1
5.538000e-04 1
1.948572e-04 1
2.631950e-04 5
1.355318e-05 1
2.095326e-05 1
5.407854e-05 1
9.814322e-05 1
5.069976e-04 1
1.221805e-05 5
4.537975e-04 1
6.510517e-04 3
1.946213e-04 61253
8.889620e-05 5
1.675731e-04 1
1.401717e-04 1
9.250836e-05 1
2.242226e-04 1
7.146007e-05 1
5.682948e-04 40
8.081999e-07 1
2.087027e-06 1
1.333566e-04 1220
9.575815e-05 1
2.113437e-05 3
3.823146e-06 43
3.851912e-04 1
3.326877e-04 4
1.245403e-04 3
1.345747e-04 1
7.692413e-07 1
3.277454e-04 139
1.423412e-04 5
1.684605e-04 2
1.195837e-04 1
1.544209e-04 4
2.178042e-05 1
3.911528e-05 3
1.802268e-05 125
4.141071e-06 5
3.651175e-04 1
1.463804e-04 204
2.133053e-04 3
2.195300e-04 1
1.388257e-04 204
5.479318e-04 1
2.083558e-05 1
1.408806e-05 9096
1.998449e-04 1
8.402969e-05 7
1.950150e-04 1
3.688954e-05 1
3.030682e-04 1
2.152938e-05 1
3.174769e-04 4
1.574260e-04 2
6.573172e-07 1
2.032252e-04 1
1.709861e-04 3
1.400404e-04 182
8.207582e-06 69
4.461649e-04 1
1.221968e-04 2
3.745651e-04 185
2.155338e-04 1
2.979909e-04 7
5.657196e-05 669
5.201457e-05 2
2.080714e-04 5
1.991116e-05 1
3.167803e-05 6
7.982799e-05 2
7.779679e-06 2
4.885746e-05 1
1.454526e-04 4
1.449496e-04 1
2.269688e-04 1
3.528419e-05 1
5.866638e-05 2
2.430515e-05 1
2.083101e-04 1
6.325945e-05 1
6.106523e-05 53707
2.355037e-05 3
5.077646e-05 3
2.285586e-04 1
1.841441e-04 3
2.104858e-04 3
5.765608e-04 1
1.231050e-05 2
4.606104e-05 1
3.347151e-04 469183
1.027847e-05 86
9.217337e-05 1
1.743958e-05 1
1.449805e-04 1
4.558908e-05 1
1.003714e-05 1
3.145702e-04 17589
2.268897e-05 3
2.274605e-05 3
4.056052e-05 2
1.270970e-05 599
7.489030e-05 1
1.440965e-04 189
2.264032e-04 6
1.696440e-04 1
2.654972e-04 3
8.093223e-05 1
3.756844e-05 5
5.057346e-04 1
1.199407e-05 5
2.120389e-05 7
1.032293e-04 1
3.519078e-04 1
1.546768e-04 3
5.358867e-05 1
1.523211e-04 2
7.009824e-05 1
2.598332e-04 2
8.182268e-05 1
3.951845e-04 1
2.846517e-05 1
3.841582e-04 52
2.798589e-04 439
3.213450e-05 3
3.281866e-05 3
6.751251e-05 1
5.177680e-04 1
2.495681e-04 100
6.513176e-05 1
1.985291e-04 83
1.766152e-04 46825
5.964716e-05 455
2.927506e-04 1
1.602420e-04 262
5.935043e-05 1
1.968405e-04 1
1.391392e-04 33
3.083273e-04 2
1.694607e-04 1840
4.746288e-04 1
2.971349e-04 3
5.589249e-04 1
2.111953e-05 1
3.038713e-04 1
8.089961e-05 1
7.529980e-05 1
3.556194e-04 1
1.105829e-04 3
2.760801e-04 1
2.140322e-04 1
2.293730e-05 2
2.653319e-04 3
7.792348e-06 1
3.628765e-04 100
3.651275e-06 2
1.619863e-04 7
4.173400e-04 1
2.135164e-04 1
6.162174e-04 14
1.254129e-04 1
1.787671e-04 1
4.960370e-04 1
5.701888e-05 1
1.895291e-04 3
3.132236e-04 1
5.463802e-06 1
2.616890e-04 638422
3.541649e-05 1
1.196518e-04 122
7.291020e-05 1
1.294309e-04 3
1.700228e-04 1
3.964304e-05 1063
3.254988e-05 36881
4.438270e-06 1
2.231568e-04 6
2.093309e-05 108
1.925909e-05 1
1.736968e-04 1
8.713442e-05 3
4.858923e-05 1
2.560313e-06 7
2.117841e-04 219
1.161947e-04 1
1.378398e-04 93
1.692955e-04 1728
6.244827e-05 1
7.722383e-04 2
2.527721e-04 1
2.458167e-04 4
3.503971e-06 1
6.241326e-05 3
9.710335e-05 3
2.164087e-04 3
1.476122e-04 7
2.306813e-04 3
7.773341e-05 2
5.489295e-05 1
2.908349e-04 1
1.745748e-04 7
2.187826e-04 6
3.309319e-04 32272
3.098177e-04 5
8.783422e-05 4
3.028461e-04 1
6.156679e-05 923
2.999057e-04 128
2.058221e-04 81
3.417328e-05 1
7.415929e-05 7
6.760766e-04 2
2.236362e-05 1
1.242061e-06 1
1.486683e-04 5
2.858825e-05 1
1.769705e-05 1
2.676741e-04 7
1.846734e-04 2
1.870547e-04 2
1.655541e-04 2
1.285620e-04 3
3.581087e-04 2
1.215829e-04 1
2.955405e-04 1
8.062364e-04 26840
1.116267e-05 6
1.027185e-04 1
2.232895e-04 1
2.093113e-04 155413
1.576179e-05 3
1.447585e-04 2
4.523309e-06 1
8.283614e-05 4
3.224303e-05 1
2.917032e-05 2024
1.805627e-04 3
1.880938e-04 1
2.647091e-04 1
2.387565e-04 1
5.244915e-05 1
1.171546e-04 1
1.155248e-05 150
2.257416e-04 4
6.550549e-05 1
5.021620e-05 1
4.248606e-05 2
7.119400e-05 1
9.771832e-05 215
8.922990e-04 102
8.698830e-05 1068
7.943083e-06 1237
1.191051e-04 2
8.448476e-05 3
2.194661e-04 7
1.081492e-04 1
7.276795e-05 7
3.407531e-04 1
3.844886e-04 1
6.335338e-05 2088
1.286596e-04 1
1.504621e-04 1
1.681330e-04 259
3.425822e-05 28
1.957421e-04 1
1.579434e-04 3
9.471396e-05 63911
2.085982e-04 1
7.170730e-05 1
1.667646e-04 261
1.495557e-04 2
1.285294e-04 5
3.309810e-04 5
8.537062e-05 7
1.071418e-04 75
1.101643e-04 5
2.569454e-05 1
2.735086e-04 17
5.149058e-04 1
5.389468e-06 1
8.386219e-05 513
6.950996e-05 1
1.643322e-04 1
3.336394e-05 1
4.288270e-06 1
5.269553e-05 2
4.609452e-05 1195
4.823916e-05 3
1.812608e-05 1
3.167131e-04 1
1.834540e-04 1
2.571093e-04 1595
4.514070e-04 1
4.781329e-04 1
2.516723e-04 1
1.970433e-04 1
2.425470e-04 1959
5.748004e-04 1
1.482094e-04 5
1.739739e-05 1
1.527335e-04 1
1.097411e-04 1
4.541238e-05 1
6.655616e-05 1745
9.269991e-05 1
1.997256e-04 3
2.825222e-04 166
1.033534e-04 1
4.628636e-05 1
4.893780e-05 4
7.221872e-05 3
4.684081e-05 1
8.935504e-06 4
1.535708e-03 1
1.151167e-04 2
1.915461e-04 157716
2.375309e-04 1
1.519838e-04 4992
7.402163e-05 1
4.578670e-05 1
5.263792e-04 4
7.826343e-04 1
1.270506e-05 1
1.944862e-04 1
1.444034e-04 6
7.239434e-05 1
2.057590e-05 1
1.582122e-05 1
1.030836e-04 1
4.391514e-04 1
2.275789e-04 1
4.464380e-05 2
4.116080e-05 3
9.631898e-05 5
4.610082e-05 66171
4.079972e-06 5
6.961042e-07 25862
6.778051e-05 1
1.462488e-04 3
3.224592e-04 2
2.480802e-04 3
1.371208e-04 1
8.937987e-06 1
4.895449e-05 3
3.113419e-05 1
1.698711e-04 1
1.240060e-04 1
3.176167e-04 1
4.365253e-06 1
2.498322e-04 52
1.000029e-05 55598
5.243721e-04 1602
1.995895e-04 2
5.405360e-05 2
1.792090e-05 1
6.796377e-05 1
1.305560e-04 2
8.697670e-06 1
1.835589e-04 1
4.089323e-05 28275
3.709205e-05 1
3.634126e-05 2
1.194125e-04 1
2.824101e-04 1
1.688356e-04 1
2.400534e-04 9
3.545280e-04 74
2.365228e-06 58342
2.082599e-04 1
8.005641e-05 1
8.303364e-05 1
3.249933e-04 2
5.183384e-05 784
8.511232e-07 1
3.107439e-05 3
7.025880e-05 1
1.238490e-04 177
4.589165e-05 2
5.568256e-04 2
1.304250e-04 2
2.048594e-04 2
3.736394e-04 1
2.117556e-04 2
2.796717e-04 169
9.227969e-05 1
6.196894e-05 3
6.377859e-06 50508
7.372536e-05 1
1.701905e-04 177
1.480681e-04 1
5.031946e-05 79
1.705665e-04 1
2.694807e-05 1
2.357160e-04 1
7.094161e-05 1
1.596356e-04 3
1.841169e-04 150
1.293775e-04 1291
2.260662e-04 6
1.384958e-05 201543
1.001394e-04 127
2.489595e-04 1
4.354570e-04 1
7.483303e-05 1
5.351693e-05 1
2.091921e-04 1
1.005088e-04 3
5.728828e-07 3
5.722020e-06 1
5.314797e-05 1
6.881811e-04 1
5.022024e-04 1
1.731529e-05 1378
2.095926e-04 5
6.457280e-05 1
1.463275e-04 223
1.615687e-04 1
3.199742e-04 3
7.226603e-04 108
1.359367e-05 122
4.755337e-05 43868
4.634660e-04 2
3.617171e-04 103
4.991965e-04 3
4.031420e-05 3
9.101800e-05 1
5.331758e-05 241
7.612376e-05 45
7.153791e-05 1
8.849084e-05 1
2.137929e-04 1
7.600433e-05 1
1.333058e-04 700
2.221616e-04 1
9.557431e-05 1
2.173354e-04 1865
9.211190e-05 1
8.825587e-05 1
1.319033e-04 2
4.857797e-04 3
1.152778e-05 5
5.134622e-04 3
4.086145e-04 1
8.166797e-05 4
1.102132e-04 1
5.561297e-06 3
4.828428e-04 262
3.323435e-04 1
1.127066e-04 5
1.067501e-04 1
4.757881e-05 1
5.598481e-04 1
4.461648e-05 1
8.469813e-04 1
1.893896e-05 2
1.104270e-04 1
2.547377e-04 4
5.385775e-05 1
5.685143e-05 1
4.089089e-05 2
1.975594e-04 6
4.588332e-04 2
6.978265e-04 1
5.178312e-05 5
9.229169e-07 1
1.682632e-04 1
2.960863e-05 1
1.326911e-04 1
8.614343e-05 3
1.139769e-06 2099
3.016002e-05 92
7.819407e-05 644492
1.680636e-04 1
3.350583e-04 1
1.074206e-04 1
3.435461e-04 2
1.410301e-04 4
2.386144e-04 1
5.065067e-04 1
2.045214e-05 1
1.222500e-04 1
4.168439e-04 2
2.023157e-05 3
5.958579e-05 1
2.757174e-05 2
2.803969e-04 1
5.289052e-05 1
4.346655e-05 1
4.818184e-06 3
5.165175e-04 52
9.507935e-05 1
1.119829e-04 4
4.157085e-04 1
1.592345e-04 7
4.645163e-05 1
8.945146e-05 6
6.789716e-05 4
1.002399e-04 2
3.378876e-05 3
7.086838e-05 2
1.438528e-04 23
9.076099e-06 151
2.464007e-04 1
6.255985e-06 1
3.784034e-05 2
1.430508e-06 1
1.493456e-04 2
6.836804e-05 1
4.408756e-05 270
2.885053e-05 91
3.859664e-04 7
2.933553e-04 124
7.047602e-05 3
1.013846e-04 1
2.322548e-04 1
1.159016e-04 1
1.097594e-04 3
1.801595e-05 1
5.054943e-04 5
8.243525e-05 4
5.914898e-04 1
5.172242e-05 241
2.067477e-06 5
2.843926e-04 2
9.057314e-06 142
1.662962e-05 3
4.108082e-04 556517
1.858942e-05 234
6.698847e-06 4
1.671718e-04 2
4.093996e-06 1
3.019750e-05 3
1.195517e-05 1
1.257357e-04 1
1.621053e-04 2
1.424441e-05 1
8.576877e-05 183
1.674732e-04 1
1.870514e-04 1
2.582146e-05 200
1.603958e-04 1753
1.786210e-04 4
2.827136e-05 5
2.555599e-05 252
1.145547e-04 3
2.931537e-04 3
2.443466e-04 1
4.281459e-05 2
5.594202e-04 26985
5.013898e-05 1
5.630947e-05 337
1.655827e-04 6
8.493059e-05 1
3.817367e-04 3
4.658983e-04 28997
1.526527e-05 1
1.329900e-04 23437
1.878491e-04 1
2.153824e-04 1
1.064065e-04 5
3.733010e-05 4
4.134655e-04 1
1.280393e-04 1
1.144595e-04 53627
5.300530e-05 1
2.679098e-05 1
2.999344e-07 3
6.807922e-05 1
1.767473e-04 21
3.115882e-05 202
6.380657e-05 1718
1.726007e-04 1
3.849746e-04 12305
4.441226e-05 1
3.700017e-04 1
3.688011e-04 2
3.350614e-04 1
2.957027e-05 1
4.075228e-04 1
4.560004e-05 1
1.775320e-04 1
3.403391e-04 1
3.821742e-04 1
3.124630e-04 5
3.727528e-04 1
3.920828e-06 1
1.758914e-04 1
9.978095e-05 1
1.159777e-04 1
9.874634e-05 3
1.044666e-04 1
9.039345e-05 1
5.347882e-04 1
1.009716e-04 2
2.713354e-04 1
1.045037e-04 1973
5.604330e-05 1
1.079665e-05 1
8.153901e-06 1
1.775246e-05 3
6.856863e-05 2
7.612998e-05 1
5.295100e-05 1692
5.617553e-05 1
6.165709e-05 1
9.910665e-05 3
3.880321e-05 1
1.056438e-04 56723
3.479820e-05 2
2.322400e-04 2
1.879171e-04 5
2.205177e-04 7
3.314083e-04 2
2.677781e-04 7
6.130589e-04 3
5.334676e-04 1
6.016031e-05 1
3.293880e-05 1
1.999656e-04 6
1.823857e-05 1
1.016305e-05 144
1.028255e-04 3
1.667978e-04 2
6.531871e-04 7
3.368090e-04 4
4.068165e-05 3
8.532329e-05 1
1.820836e-05 1
2.921609e-04 1
2.184190e-04 1
1.564200e-04 1
3.648198e-04 1
9.744803e-05 23914
2.200044e-04 1
1.755938e-04 1
5.825322e-04 1
2.331264e-04 1
2.120421e-06 38914
1.119121e-04 1
1.309974e-05 1
1.870252e-05 1
3.983553e-06 5
4.239362e-05 113
6.173128e-04 1
6.282266e-06 1
7.736193e-05 1
6.789558e-04 1
6.749095e-05 7
7.482611e-05 4
1.220155e-05 1
1.455849e-04 1
1.594617e-04 1
6.226860e-05 1
5.422379e-05 1
1.038576e-04 6
9.231777e-05 1
7.678420e-05 194
1.253507e-05 3
2.602005e-05 177
6.268114e-07 2
1.529014e-05 3
2.408329e-04 2
1.554567e-04 2
4.545608e-05 5
9.043492e-05 1
1.105178e-05 161
2.830858e-06 1
8.014491e-05 237
2.118891e-05 839
1.065589e-04 2
2.460032e-04 1
2.720622e-05 1
1.237805e-04 2
4.118400e-05 2
4.902979e-05 2
5.638486e-05 1
8.489702e-05 1
3.390593e-05 3
1.080926e-04 1
8.843886e-05 182
5.115830e-05 1
7.938148e-05 1
7.344788e-06 1
3.275682e-05 1
7.808444e-04 1
1.983704e-04 2
5.798105e-05 3
1.944289e-04 3
1.170169e-04 171
6.666280e-05 1
4.540235e-04 260
5.090639e-05 1
8.391971e-07 1
1.620179e-04 4
2.052703e-04 1
4.732073e-05 350
1.882420e-04 120
4.539145e-04 1
3.691535e-05 3
2.453533e-04 1
1.525339e-04 1
4.797169e-05 1
8.578971e-05 1
2.456312e-04 1
9.094629e-05 5
5.475877e-05 2
2.453866e-05 97
7.276624e-05 616368
7.539922e-05 19
5.298362e-04 2
2.248793e-05 1
6.439563e-07 1
5.214328e-05 5
1.276208e-04 1
1.371010e-04 5
6.166900e-04 1
7.733411e-05 1
1.610830e-04 5
3.995003e-04 1
3.253869e-05 2
3.036208e-05 23822
3.315550e-05 2
4.875233e-05 2
3.225283e-04 2
2.575700e-04 98
1.508315e-05 2
1.569689e-04 1
2.273437e-05 1
1.501638e-04 1
5.304515e-04 1
3.732671e-05 53502
2.861224e-04 1
3.616529e-05 1886
2.494453e-05 6
1.182566e-04 1
7.702490e-06 1
4.048602e-04 2
4.402292e-05 3
2.079110e-04 1520
8.123503e-05 1
8.428413e-05 1
1.132202e-04 1
2.178918e-04 3
7.725638e-05 2
8.369422e-05 5
6.099801e-04 3
1.864095e-04 1
9.774234e-05 108098
1.675461e-05 191
5.940515e-05 3
1.890819e-05 1
6.245504e-04 1
2.243186e-07 2022
8.940843e-05 1
3.773061e-05 1
1.409238e-04 1
2.896981e-04 1
1.275305e-04 1
1.142451e-04 2
5.508314e-05 4
1.404272e-04 2
9.784618e-05 1343
4.484184e-04 1
8.514617e-05 3
1.553934e-05 3
2.399965e-04 1
1.422455e-04 1
1.951335e-05 1
3.114930e-04 78
4.583046e-06 1
3.942888e-06 1
2.170890e-05 3
4.716109e-05 1
1.328773e-04 1
3.688668e-05 3
1.286101e-04 2
3.235614e-04 1
8.303546e-05 3
6.456708e-06 1074
1.633772e-04 1
1.187613e-04 3
3.665023e-05 2
4.829515e-05 1
1.934459e-04 1
3.596510e-05 191221
1.345762e-04 3
1.250486e-04 1
2.855197e-04 1
