5.017611e-05 1
5.122101e-05 1
2.359955e-06 5
5.290668e-05 7
5.262520e-05 1
2.268156e-06 1
1.374963e-05 2
1.567786e-05 1
2.925073e-06 7
2.161141e-05 4
2.282619e-05 1
1.204107e-05 15
1.571991e-05 2
3.931609e-06 1
5.540153e-05 3
2.057303e-05 1
9.557538e-06 1
2.737506e-05 1736
1.835112e-05 1
1.900302e-05 6
3.392835e-05 3
1.544996e-05 1
1.312133e-04 1
9.182220e-05 2
2.706977e-05 1
7.120585e-05 1
3.528256e-05 125
1.020351e-04 1
1.421263e-05 3
5.258870e-05 1
1.516479e-05 1
2.620519e-06 1
1.238817e-06 1
3.365993e-05 3
1.300784e-06 1
3.833801e-05 10456
2.099932e-06 1
1.800578e-05 202
1.798934e-05 6
4.916515e-05 1
1.288297e-04 3
2.959958e-05 1
1.998337e-05 2
1.592402e-05 1
1.054369e-04 1194
1.134070e-04 1
3.615051e-05 1
1.110435e-05 3
7.163959e-05 1
2.736270e-05 1
4.588056e-06 1
1.406366e-04 1
5.272728e-05 1
7.028668e-05 1
1.530823e-05 1
1.882809e-05 3
2.924386e-05 6
1.331946e-05 1
2.964629e-06 34
1.150285e-04 1
3.380668e-05 1
5.433660e-05 1
3.086499e-05 6
7.692431e-06 1
9.453491e-06 3
1.474130e-05 1
7.545522e-07 1
2.904056e-05 1
8.428687e-07 1
9.494832e-06 2
3.081553e-05 1
5.116956e-05 1
9.694629e-05 1192
4.604994e-05 140
2.497986e-05 3
7.118545e-06 6
4.204754e-05 1
8.935482e-05 1
9.020465e-05 1
1.545765e-05 8
1.940729e-05 1
1.156672e-05 1
1.575144e-05 1
7.111128e-05 3
3.186610e-05 1
4.197005e-05 1
1.095821e-05 241
8.322399e-06 3
9.175364e-06 1
2.252855e-05 2
6.988108e-05 1
1.773821e-05 666
2.938048e-05 1
4.921667e-05 3
4.504610e-06 1
3.632510e-05 1
6.433886e-06 3
5.096357e-05 919
4.264710e-06 6
1.923002e-05 5
9.010510e-06 847
9.827946e-05 205
1.268933e-05 3
1.855913e-05 1
5.878315e-06 1
2.584743e-05 70
2.989364e-05 1
1.471701e-05 1
1.653242e-05 1
6.591957e-06 5
4.973772e-06 1
2.309443e-06 1
2.259646e-05 1
9.786688e-07 1
6.134469e-06 2
2.082494e-05 1
4.098390e-06 791
2.094821e-05 238
5.368563e-05 2
1.812511e-07 1
2.964538e-05 2
2.109900e-05 3
2.055881e-05 1
2.629504e-05 6
1.668164e-05 2
9.167869e-06 5
2.389738e-05 1392
2.520611e-05 2
4.712179e-07 1
1.589783e-05 1654
4.675931e-05 5
9.575144e-05 3
6.566135e-06 113
8.344005e-05 1
1.680821e-05 1
3.873607e-05 7
8.460212e-06 1
1.078589e-05 23
7.869242e-05 198
2.145539e-05 1
5.203161e-06 237131
7.879400e-06 1
1.804801e-05 17815
2.241911e-05 1
1.221587e-05 1629
3.414652e-09 2
2.683510e-05 1
2.870193e-05 1
1.064149e-05 1
3.395218e-05 2
2.406285e-05 1
9.634187e-06 1
7.003962e-05 733
3.800475e-05 5
8.465539e-05 241
1.606982e-05 3
4.537118e-05 10
1.172040e-05 1
1.690527e-05 1
3.339947e-05 1
3.743298e-06 1
4.484578e-06 168
8.657301e-06 249
3.455999e-05 3
9.494214e-06 3
3.829141e-05 6
3.204758e-05 1
9.160546e-06 1
5.153183e-06 169
2.200480e-05 3
3.933900e-06 1
1.342523e-05 1
4.857251e-05 1
5.005276e-05 1357
1.362592e-05 3
7.366216e-05 2
2.766919e-05 3
1.537458e-05 1
3.761437e-06 4
4.181941e-05 210
6.990095e-06 1
4.026083e-05 1
5.849381e-05 1
5.413426e-05 3
4.940177e-05 1
4.079921e-05 445
2.394777e-05 1
7.865549e-06 1
1.060139e-05 1
2.759476e-05 1
1.117426e-05 3
2.643621e-05 1
1.015839e-06 676
5.086115e-06 2
2.416743e-05 89
1.368083e-06 3
7.933434e-06 1
3.569405e-05 1
6.754015e-06 1
1.944980e-05 47
6.280760e-05 1
2.419040e-06 3
3.872820e-07 5
2.761280e-07 3
5.470535e-06 1
2.548727e-05 2
9.833371e-07 170
5.181883e-05 173
7.465822e-06 2
3.974610e-05 1
6.704345e-05 6
2.210364e-05 1
4.569924e-05 234
3.514039e-06 1
2.701369e-05 1
4.967579e-06 1
1.960114e-05 4
3.043786e-05 1
4.336247e-05 1
4.258722e-05 1
5.647153e-05 1
5.707314e-06 1
3.474884e-05 128
1.895748e-05 3
5.371036e-05 1
2.368905e-05 5
8.022735e-06 4
3.534887e-06 4
5.775568e-05 2
2.695527e-05 1
2.039408e-05 1
2.907962e-05 1715
1.533035e-05 7
1.890515e-05 6
8.110245e-06 1
3.431318e-05 451768
2.441219e-05 579
4.577923e-05 1
2.804949e-05 1
4.599260e-05 3
1.571252e-05 37206
1.745667e-04 3
2.215840e-05 1
3.375780e-06 228
3.288098e-05 7
1.851909e-05 1
4.862494e-05 1
1.633317e-06 4
2.339617e-06 2
1.241979e-05 1
6.014299e-06 1
4.160914e-05 468
2.758794e-06 1
9.271822e-06 3
1.615322e-05 6
6.481586e-05 1
2.308675e-06 1480
1.213552e-06 1
5.088608e-06 6
1.995068e-05 1
4.343798e-06 119
6.410053e-05 1
1.088200e-04 3
8.143109e-07 1
2.765745e-06 3
1.019195e-05 5
4.530726e-05 2
2.881693e-05 3
1.508482e-05 1
5.780813e-06 56
1.927985e-05 1
2.709293e-05 1
9.024310e-05 1
2.013182e-06 1
1.969266e-05 1
6.829212e-05 1
1.775749e-05 24
3.344149e-05 3
1.288316e-04 5
3.269232e-05 3
1.463705e-07 2
4.047201e-05 1
5.366432e-05 160
6.114829e-06 2
5.776249e-06 309
1.020548e-05 1
8.660337e-06 1
2.351818e-05 1
2.404843e-05 1665
2.276072e-05 1
1.134571e-05 1
6.188127e-05 53
2.233000e-05 1
1.144996e-04 1
7.800847e-05 1
5.064591e-06 1
2.515213e-05 24
2.521344e-05 1
3.163423e-05 5
8.395109e-06 1
1.486743e-05 1
3.620989e-05 2
7.082037e-05 1
5.905965e-06 1
5.730632e-05 2
6.373748e-05 3
9.890810e-06 1
7.370981e-05 1
1.740675e-05 1397
1.188873e-05 39083
1.071197e-06 1
1.185802e-05 2
2.884413e-05 1
1.439219e-05 3
2.291140e-05 219
5.416505e-06 1
9.233557e-05 2
3.521124e-05 3
4.618201e-05 118
2.366494e-05 1
3.465176e-05 1
7.362591e-06 3
4.871601e-06 2
9.880885e-05 1
3.320713e-05 7
1.208861e-05 5245
2.032141e-06 5
2.514746e-05 3
2.907163e-05 1
3.333909e-05 15359
3.317809e-05 7
8.987553e-06 1
6.014448e-06 1
1.101199e-05 1
2.147895e-05 167
1.072884e-05 1
1.233656e-05 1
2.454337e-05 2
4.048712e-06 152
5.037440e-05 1
6.119146e-06 3
2.675998e-05 1
1.631292e-05 3
4.996306e-05 1
5.528034e-06 1
1.527749e-05 1
9.522288e-06 61430
3.224673e-06 3
2.876396e-06 1
2.847127e-05 1
9.207552e-06 1242
4.237079e-05 1
1.919493e-06 1
2.300155e-05 101
1.382014e-06 1
5.038956e-07 2
9.593077e-06 3
4.751801e-05 496979
7.222730e-07 1
1.333035e-05 316893
2.393522e-05 7
8.284804e-05 494
2.078298e-05 1
1.577682e-04 1
3.745576e-05 2
1.599419e-05 1
1.653130e-05 1
1.088229e-05 1
6.225231e-05 1
1.483652e-05 2
5.673643e-05 3
6.549213e-06 1
5.294497e-05 1
3.299392e-06 1
4.639163e-05 1
1.519706e-05 1
5.853672e-05 1
7.783189e-05 1
5.471641e-05 3
3.043823e-05 7
1.240739e-06 1
2.904395e-05 3
7.043170e-05 1
1.344386e-05 1
1.812186e-05 1
2.088925e-05 232
1.681813e-05 1
5.723520e-06 1
1.413738e-05 1
2.057728e-04 7
7.033910e-05 1
1.738958e-05 1
4.990208e-05 2
1.629801e-05 1
8.320292e-05 234
5.159895e-05 579
4.818995e-06 1
1.502217e-04 173896
4.981976e-05 13201
3.914779e-05 187
4.743992e-05 7
3.187011e-05 1
3.039321e-05 3
4.051407e-05 1
6.094196e-06 1
9.144071e-06 1
4.285255e-05 140
5.092672e-05 1
6.443957e-05 4
3.745674e-05 3
2.971213e-05 1
1.593490e-05 241
5.762868e-06 7
5.644374e-05 4
7.562995e-05 24212
2.520580e-05 1
5.516291e-06 1756
8.826173e-05 325
3.832034e-06 5
2.469685e-06 1
4.528949e-05 7
2.397897e-05 1
2.225697e-05 7
3.955987e-06 1
6.589102e-05 1
4.341728e-05 114
1.563964e-05 1
1.048774e-05 3
1.035133e-04 1
7.358721e-06 1
5.493492e-05 1
3.882433e-05 1263
6.801150e-06 1
8.231173e-06 7
2.366287e-05 1
3.194068e-05 1
1.721461e-05 1
6.036945e-06 2
3.440042e-06 6
1.423916e-05 2
2.651792e-05 1
2.151780e-05 2
2.231833e-05 3
3.774875e-06 1
1.046783e-04 3
4.609740e-06 1
2.386253e-05 3
1.221090e-05 2
4.157114e-06 1
1.514269e-05 1
2.513258e-06 1
7.835923e-06 1
1.252662e-05 1
2.186101e-05 1
8.295207e-06 1
8.617246e-06 1
6.967389e-06 54516
2.363924e-05 2
3.613491e-08 1
4.117779e-06 1
1.526269e-06 1
3.013338e-06 1
3.041101e-06 2106
1.416671e-05 660
4.177055e-05 42718
1.206037e-05 32
1.889102e-05 7
1.870164e-05 1
7.919036e-06 3
4.881096e-06 1
7.518151e-05 1
6.798796e-06 1
2.802708e-05 245
3.265479e-05 4
7.199959e-05 1
1.854615e-05 654
7.495018e-05 1
3.905909e-05 246
9.633738e-06 1
4.581051e-05 4
7.773832e-07 19
8.099412e-05 10325
3.001913e-05 6
5.627725e-05 1
1.426146e-05 2
1.626347e-07 3
4.008909e-05 1
1.457360e-06 3
1.813961e-05 90
4.351659e-05 18
3.067188e-05 2
4.159223e-06 1
4.010003e-06 1
8.692734e-06 3
5.575593e-07 9
1.759036e-06 4
9.306591e-06 1
1.317545e-05 1
4.443621e-05 6
1.877169e-05 1885
2.427774e-05 2
7.105348e-05 1878
1.769750e-06 2
3.552281e-05 2075
1.401113e-05 205
1.382459e-05 6
1.637335e-05 5
1.193688e-04 1
2.303789e-05 3
3.276702e-05 1
6.650922e-06 4
1.716389e-06 5
7.966346e-05 1
3.723880e-06 7
4.434080e-05 5
4.236011e-05 1
5.710136e-05 2
2.902373e-05 3
3.850388e-05 1
2.780816e-05 2
1.111701e-05 1
7.268761e-05 510229
6.846734e-05 64142
6.532183e-05 6
1.051607e-04 2
3.327654e-05 1
1.322360e-05 1
4.607530e-05 436
1.388051e-05 1
3.012152e-05 3
1.175209e-04 2
7.989067e-05 344734
2.502420e-05 2
2.594135e-05 3
9.565364e-05 1
2.560607e-05 1
8.423100e-05 1
4.527788e-05 3
1.506187e-04 1
9.572593e-06 3
5.835206e-07 1
2.688707e-06 2
4.481879e-06 1
1.974367e-05 2
1.403412e-04 1
2.366402e-05 2
2.913534e-05 1
2.925543e-05 1
4.121613e-05 5
2.810961e-05 1
9.309055e-05 1
1.702536e-05 3
1.040273e-05 1
3.080549e-05 120
3.100976e-05 1
1.266185e-05 5
1.543134e-05 159
7.032694e-05 1
8.052537e-06 5
4.947280e-05 2
2.167413e-06 37143
8.767022e-08 3
1.028390e-06 1
4.524001e-06 1
3.200469e-05 1
2.893400e-06 1
1.882256e-05 1
3.645535e-05 7
3.699236e-07 434122
5.850171e-05 1
4.256360e-05 1
1.859339e-05 1
1.737633e-05 3
5.224954e-05 1
2.974119e-06 2
3.047868e-06 2
5.082365e-05 1
5.529615e-05 1
4.098139e-05 3
5.991420e-06 1
1.569393e-05 1
3.684366e-05 149
4.378924e-05 3
1.250834e-05 1
4.631299e-05 2
1.307020e-07 1
5.076650e-05 1
3.806753e-05 2
5.315689e-05 3
4.353059e-05 2
5.102795e-05 7
8.096161e-06 1
7.596576e-06 1
5.260840e-05 3
2.776909e-05 1
6.525350e-05 3
2.559389e-05 84
1.172049e-05 2
9.051558e-05 1
8.827309e-07 2
2.517727e-06 133
1.947225e-05 6
2.904879e-05 1341
5.331983e-06 1
7.386658e-05 2
4.602591e-07 1532
4.948700e-05 1
7.217866e-05 1
1.048729e-05 7
6.414082e-05 3
3.144515e-05 2
4.972016e-05 1208
1.928323e-05 3
1.962825e-05 1
5.831208e-06 2
3.517123e-06 1856
5.240273e-05 1
5.145437e-05 1
1.059650e-05 1
3.186564e-05 4
3.678639e-05 1
2.377727e-05 6
3.605413e-05 58
2.873937e-05 181
7.155242e-06 1
2.328165e-05 1
8.909804e-06 2
1.253970e-05 1
9.045587e-06 156
3.034516e-05 1
3.338430e-05 1
1.388133e-05 568612
1.832212e-06 1
2.177202e-05 5
1.243613e-05 3
8.545335e-06 6
1.959498e-05 1
1.028170e-05 1015
1.304354e-06 4
5.530023e-05 5
3.432695e-05 2
2.094667e-05 7
3.878532e-05 22
4.105195e-06 3
3.427626e-05 1
1.791874e-06 1
1.236335e-04 1
1.219221e-04 3
4.430095e-05 12131
5.358069e-05 1
1.959508e-05 56053
1.263396e-05 4
3.313318e-06 1
2.902741e-05 1
3.365479e-05 2
1.687552e-05 3
6.124164e-05 1
3.912177e-06 55
1.071462e-05 1
2.227832e-05 1
1.809041e-06 2
6.149743e-05 1
3.985514e-05 200
3.774741e-05 7
8.656166e-06 81
4.684343e-05 54656
5.724384e-06 229
9.285537e-05 2
1.573959e-05 24351
5.193926e-06 1
8.057784e-06 2
1.587204e-06 1
1.329527e-05 1
9.690667e-05 184
5.652872e-05 1
1.240711e-05 7
2.494236e-06 772
2.165491e-05 1454
1.090691e-05 1
1.568870e-05 2
1.854685e-04 1
2.671888e-05 374
3.589402e-05 1
6.910469e-07 3
5.041600e-05 4
2.321118e-05 18836
4.969805e-05 1
5.127194e-06 1
5.913652e-06 1
6.487519e-06 186
3.796087e-05 1
4.304787e-06 6
6.095256e-06 1
9.713000e-05 6
2.012034e-05 5
1.634845e-05 1
5.319065e-06 2
3.566893e-05 1
1.100586e-05 1
1.015818e-04 2
6.107667e-06 1
5.999641e-05 1
3.070084e-05 1
2.157066e-05 1
2.278519e-07 206809
8.022741e-06 2
4.654204e-06 1
1.506501e-06 2
4.141221e-06 1
2.374785e-05 1
1.893123e-05 7
1.868525e-05 1
4.597513e-05 5713
6.507951e-05 1
2.261056e-06 1
3.091669e-05 401905
6.960154e-06 6
2.617577e-05 7
1.549862e-07 2
1.719342e-05 1
5.323280e-05 1
4.598960e-06 146
1.888750e-05 7
2.058524e-06 1
1.426276e-05 1
5.071413e-06 7
2.936229e-06 1
1.193948e-05 145
5.886873e-05 1
1.568387e-04 4
1.478475e-05 1
1.150746e-04 619928
1.903504e-05 2
3.574485e-05 424069
4.605408e-05 1
2.930029e-05 1
5.829369e-05 1
5.226665e-05 3
1.563284e-05 1
9.411718e-06 2
7.135764e-05 1
3.986629e-05 1
9.176480e-07 1
1.018999e-06 2
1.706983e-04 251
8.295556e-05 4
2.345706e-05 1
8.181713e-06 2
3.405084e-06 1
1.167634e-05 1
2.128824e-05 1516
2.029793e-05 1
3.502656e-05 1
8.260276e-06 6
3.018660e-06 1
1.232014e-05 6
6.029468e-05 1
2.282400e-05 1
1.260958e-05 1
3.631228e-05 6
1.063523e-06 1
1.750704e-05 1
2.869668e-06 1
5.742782e-06 237
7.112326e-05 1
1.188986e-05 3
9.666724e-06 1
2.038380e-05 1
1.632438e-05 1332
6.314224e-05 1959
4.003332e-05 1
1.974776e-06 1
4.790062e-05 1
2.509303e-05 1
2.794890e-07 5
6.329883e-05 2
7.971473e-06 3
7.554000e-05 1
2.377204e-05 1
5.895361e-06 19496
8.481302e-05 1
7.500467e-07 1
3.531811e-05 1
1.598299e-05 1
3.109130e-05 5
3.052336e-05 1
1.107713e-04 1064
7.542889e-05 2
9.359241e-06 3
3.594266e-05 2
3.302780e-05 3
2.157072e-05 2
4.770765e-06 1
3.486164e-05 1
6.977535e-06 1
1.563475e-05 5
2.086683e-06 2
6.993156e-06 1
9.979141e-06 2
2.636476e-06 1
2.948041e-05 1
1.358850e-05 6
6.477385e-05 2
7.801965e-05 1
2.422824e-05 2
4.533584e-05 1
3.708971e-05 5
1.193687e-05 1
7.023244e-06 1
5.284610e-06 65791
1.147590e-05 3
5.022768e-06 16
2.568337e-05 895
1.435331e-05 1
2.427261e-05 823
3.870800e-05 156
9.738529e-06 1
4.286663e-05 56158
5.179857e-05 1
2.141657e-05 1
1.545256e-05 2
1.119123e-04 2
5.295350e-05 8
9.227429e-06 1
4.426317e-06 3
5.228777e-06 1
9.266341e-06 2
8.569700e-06 54068
8.457954e-05 1
3.743392e-06 1
2.080825e-05 1
8.798212e-06 1
7.962014e-06 2
3.541169e-05 3394
6.297485e-08 1
5.345320e-06 2
8.089486e-05 1
8.267301e-06 1
1.826323e-06 1377
1.892839e-05 3
3.290089e-05 1
2.951212e-06 486207
1.770005e-05 149
1.157821e-05 2014
4.118235e-05 1
1.082632e-05 5
3.066260e-05 1
1.029017e-05 180
4.080374e-05 7
3.298016e-05 1
8.345372e-06 1
8.877255e-06 2
1.152436e-05 1
4.905005e-06 2
8.714988e-06 1
1.505879e-05 1
5.541194e-05 1
7.010292e-06 3
1.891234e-05 2
4.891214e-05 1
1.069352e-05 2
2.433446e-05 1
4.131140e-05 2
3.753177e-06 1
1.177327e-04 1
4.514451e-05 1200
4.817938e-06 1
7.818687e-06 1
3.486522e-06 2038
1.734320e-05 1
1.161560e-05 1704
1.919046e-05 111
2.878116e-05 1
6.276249e-05 1
2.203977e-05 1
2.250100e-05 1
5.318839e-05 2
3.959104e-05 237
2.892659e-05 1
1.845779e-05 1
4.697901e-05 3
3.576480e-05 1
1.331551e-05 1
5.485518e-05 1
4.537859e-06 23
9.258552e-05 63358
4.510482e-05 92
1.870211e-05 1
2.426460e-05 6
5.340538e-06 2023
8.094131e-06 5
3.806497e-05 1
1.234158e-07 3
5.903858e-05 2
1.008414e-05 2
2.717634e-05 2
4.672511e-05 1
2.587280e-06 22
3.693091e-06 2099
1.659906e-05 1
4.632994e-05 4
2.702545e-05 166
1.454836e-05 1
1.714036e-05 5
1.611912e-06 1
1.851109e-05 1
3.863893e-05 121
2.871433e-06 14321
4.206366e-05 6
1.674631e-06 847
2.046104e-05 4
8.141550e-05 1
5.679481e-06 3
5.236532e-05 1
5.305900e-05 2
4.601023e-05 461
1.645984e-05 1849
1.108019e-04 1
5.030072e-05 1
1.746404e-05 2
2.173735e-05 1
9.212147e-05 65045
7.743214e-05 1
2.224465e-05 1
6.065045e-05 1
7.812628e-06 1
5.265803e-05 1
1.175961e-04 2228
3.567553e-06 20
4.602461e-05 1
1.163894e-06 1339
7.502727e-05 1
3.105809e-06 1
1.994675e-05 6833
5.026345e-06 1
6.215593e-06 1
7.752378e-05 1
1.062544e-05 1
3.299433e-05 3
7.978342e-05 151
4.764715e-05 2
4.141262e-06 2
1.360496e-06 21
6.799852e-06 1
8.015188e-06 1
1.224416e-06 1
3.363332e-05 1
3.323820e-05 1
4.395936e-05 3
6.970322e-06 1
3.043585e-05 31615
3.660215e-06 1361
2.677636e-05 1
5.290137e-05 1
7.042356e-05 6
3.862101e-05 1
1.165993e-04 3
9.736101e-05 3
2.711884e-05 6
1.398782e-06 1
4.438515e-06 2100
2.596156e-05 5
1.187964e-05 27994
6.266394e-06 1
2.945454e-05 1
1.989186e-05 1
2.256298e-05 1
5.447303e-05 1
4.451928e-05 7
8.338617e-06 1
3.756247e-05 7
5.437668e-06 513726
1.641075e-05 6
3.256577e-05 24329
5.277601e-07 1
2.411599e-06 2
9.613437e-06 38791
3.791992e-05 2
8.874147e-06 1
3.058902e-05 1
8.300345e-05 1
7.779656e-06 232
1.147467e-05 1
1.558922e-05 3
5.788358e-05 11
3.053922e-05 1
4.986636e-05 3
3.447086e-05 5
2.582432e-05 7
5.956211e-05 3
2.013201e-05 7
4.502050e-05 3
1.954194e-05 3
1.499880e-05 1
2.105687e-05 2
2.947533e-05 1
3.113490e-05 1
9.056218e-05 6
4.069689e-06 3
4.715113e-05 1
3.362496e-05 1
8.243935e-06 2
3.758189e-05 2
1.600519e-05 1
1.368138e-05 157
7.020814e-06 1
1.923485e-05 3
1.610622e-06 3
2.415551e-06 1
2.341522e-05 2
3.267244e-05 1
2.642605e-06 1
5.618189e-05 1
2.327271e-05 2
5.190776e-06 1
7.631156e-06 1
3.625476e-05 1
2.744438e-05 200
7.840990e-05 2
5.611566e-07 32579
4.909417e-06 1
1.946705e-05 1
4.070968e-05 1
3.676553e-05 1
3.495558e-05 55134
1.510533e-05 5
2.084874e-05 6
3.791562e-06 1
2.957357e-06 1
3.188879e-05 4
2.715677e-05 206
4.256412e-06 2
1.372043e-05 2
1.963631e-05 6
6.908744e-05 1
3.116128e-06 1
1.351741e-05 1
5.273462e-05 22
3.577459e-06 2
9.228378e-05 5
2.651001e-05 1321
7.608399e-06 1
4.631030e-05 1
4.578806e-06 1
1.555676e-05 3
4.242243e-05 14
6.573016e-05 1
2.226416e-05 202
4.430632e-06 7
3.149797e-06 96
2.114872e-05 4
5.770491e-07 3
3.083980e-05 1
1.198209e-05 1
1.334666e-05 1
1.907264e-05 1
1.143799e-05 3
6.668643e-05 2
3.487957e-05 1
1.484371e-06 1
5.008716e-05 2
9.942908e-05 2
1.959354e-05 1
5.850524e-05 2
3.942105e-05 1
2.240370e-05 1
4.549057e-05 1
6.826300e-06 3
7.030671e-06 1892
4.471180e-05 1
3.456226e-05 1
2.036608e-05 1
3.999047e-05 1
1.105539e-05 3
8.160124e-05 7
7.870831e-06 1
2.600122e-05 1
2.591096e-05 1644
4.269999e-06 3
6.233964e-06 7
4.316444e-05 1
5.596786e-05 6
9.590667e-05 7
7.757499e-06 2
1.265766e-05 1
7.630614e-06 1
2.620073e-05 1
5.793603e-06 3
7.904448e-06 1
3.171303e-07 1
6.038961e-05 3
1.406195e-05 1
4.927276e-05 1
1.340447e-04 1
1.907849e-06 1
1.168330e-05 1
4.527962e-05 1
2.803675e-05 1
2.122071e-05 1
8.259415e-05 6
4.678797e-06 1
2.853748e-05 1828
1.144873e-04 2
8.995630e-05 1
3.344224e-05 2
3.397872e-06 2
3.004996e-06 1
2.610934e-05 1
5.130296e-07 3
2.066042e-05 1
1.821080e-05 1
8.422396e-06 3
1.193172e-04 1
8.158760e-06 3
1.036766e-05 7
1.235404e-07 1
4.475796e-06 1
1.952366e-05 1
1.963276e-06 2
3.947825e-05 2
2.744355e-05 1
5.586510e-07 1
1.419140e-06 1
3.259533e-06 1
5.110811e-05 2
4.066385e-05 2
2.488183e-06 108
2.961777e-05 1
7.229301e-05 2
6.975132e-05 202
9.306280e-05 1
4.483269e-05 1
1.241869e-05 160
2.579580e-05 6
5.915764e-05 2
2.373805e-06 1
6.123909e-06 3
2.263043e-05 2057
2.135032e-05 1
6.395926e-05 1
3.289697e-06 2
2.132483e-05 1
1.817105e-06 6
4.764120e-06 1
2.343133e-05 1
1.699832e-05 2
4.237267e-05 4
8.302399e-05 114
3.327515e-05 1
7.035660e-06 1
4.350512e-06 1843
7.669595e-05 1
3.667819e-06 204
3.667494e-05 1
4.473384e-05 3
2.307539e-05 3
1.665069e-05 5127
5.632522e-05 2
2.134361e-05 1
2.060673e-04 65
1.198109e-04 56748
7.141532e-05 2
2.042317e-05 4
7.747248e-06 1
2.572381e-05 2
1.354867e-06 1
1.100467e-05 1543
9.618267e-05 1
4.409087e-06 1
5.705524e-07 147
6.929322e-07 1
4.749004e-05 1
1.604390e-06 1
1.017472e-04 3
1.514163e-04 1
1.113986e-05 2
1.365280e-05 216
1.225455e-05 1
2.840619e-05 1
3.136426e-05 67
1.900122e-05 7
5.978094e-05 3
1.117706e-05 1
5.757601e-05 1
3.898717e-06 262
9.665082e-06 1
2.248208e-06 2
2.783091e-06 1
6.246476e-05 3
1.215002e-05 3
2.489997e-05 1
5.789423e-05 3
4.885584e-05 3
1.908884e-05 6
7.777434e-06 1
5.992149e-07 2
4.014369e-05 2
5.455074e-05 1
6.219679e-05 1
2.624201e-05 1
3.078347e-05 1
2.377433e-05 242
1.061131e-04 2
7.585133e-07 1
5.929554e-05 6
3.310644e-05 1
4.046255e-05 1525
5.404138e-05 1
3.769129e-07 7
1.155284e-05 1
6.098149e-06 1
4.278057e-05 1
4.994459e-06 1
2.775123e-05 1
1.790396e-05 35699
2.368092e-05 1
1.198514e-05 1
1.460761e-05 691
4.923868e-05 38
2.178392e-05 1
7.387147e-05 3
1.304457e-05 1
9.217114e-05 6
9.200941e-06 1
4.465842e-05 46178
1.165034e-06 2
1.696853e-05 193
5.338434e-05 4
7.454830e-05 1
1.559335e-05 1
5.755829e-06 1
4.073233e-06 1
8.158898e-06 4
7.078892e-06 2
2.233702e-05 1
4.397771e-05 1
7.341875e-05 1230
7.800264e-05 3
1.933135e-06 2
1.754345e-05 2
5.921400e-05 24
7.173759e-06 2
4.135178e-05 1
5.789577e-05 159
2.226915e-05 1
4.164763e-05 1
1.741298e-06 2
5.699190e-06 1
2.370111e-05 1
1.322431e-06 1
2.346554e-05 1
7.246667e-06 48485
4.013364e-05 1
2.100221e-06 6
4.449466e-06 3
8.097431e-05 1110
2.203570e-05 357208
1.642286e-05 5
2.238903e-05 1
6.810267e-05 3
2.358731e-05 5
5.497799e-05 1
8.563834e-05 1
4.360943e-05 3
2.553492e-06 1
2.607125e-05 1
7.910536e-06 6
4.055604e-05 1
3.463906e-07 1
3.375506e-05 45033
2.434851e-06 1
1.579232e-05 1
5.595758e-06 122
1.123067e-05 1
4.377255e-06 1
1.372474e-05 2
1.438968e-05 184
1.867507e-05 1
3.372460e-05 1
1.830241e-05 1
2.828338e-05 2
8.020446e-06 6346
2.948786e-05 1
1.320432e-06 7
3.109225e-05 1
8.752954e-05 258
3.221390e-05 3
1.760917e-05 1
2.618018e-06 1
2.633004e-05 1
6.622385e-05 3
3.122400e-05 4
2.106852e-06 1
4.498996e-05 375185
2.498657e-05 1
2.264578e-05 10904
3.047479e-05 2
1.198872e-05 29
9.277089e-05 1
6.996321e-06 3
2.344995e-06 1
6.299347e-06 1
4.536230e-06 2079
1.346800e-05 1
5.191895e-05 114
1.837533e-06 1
2.979701e-06 69
5.725128e-06 2
2.268084e-05 1
5.325649e-05 1
2.072571e-06 2
1.778202e-05 6
4.768805e-05 23413
1.256112e-05 1
3.054568e-05 1
2.481314e-05 155
1.175593e-05 381944
1.766952e-06 1
8.618599e-05 2
2.013598e-05 1
5.342778e-05 35
2.856753e-05 1
5.325929e-06 1
3.241260e-07 132
1.395670e-06 1
1.259845e-06 1
1.322920e-05 5
5.865264e-06 44616
6.427612e-05 5
6.247845e-06 8068
1.142217e-05 1
1.876154e-05 7
2.091177e-05 1
4.291040e-05 6
2.605037e-05 3
2.731671e-05 7
4.164062e-05 1
2.822634e-05 1
5.230304e-05 2
2.090238e-05 1
1.590706e-05 2
1.860386e-05 1
1.085410e-05 166
3.046099e-05 3
3.896515e-05 3
3.782241e-05 6
3.837270e-05 158
7.627592e-08 1
1.544569e-05 2
5.558852e-05 291
2.370159e-05 3
4.316717e-06 6
5.666238e-05 1
2.484123e-05 1
1.188196e-05 1
3.977016e-05 1
6.476365e-05 1
6.865414e-06 2
2.724042e-05 1
8.535400e-05 1
7.311403e-05 486
6.058345e-06 2
4.799413e-06 1
6.093873e-06 1
1.573647e-05 3
9.883249e-06 5
2.086042e-06 35
2.843108e-05 262
1.351247e-06 4
1.228851e-05 1
9.100387e-06 1
1.205701e-05 1
3.795627e-05 1
1.154864e-05 1
7.656490e-05 1
6.775380e-06 2
1.908662e-06 1
4.599676e-05 4
1.227897e-04 1
3.626356e-06 2
5.080382e-05 1
1.531045e-05 574
1.299292e-05 1
4.667448e-05 1
4.728587e-06 76
7.766349e-06 3
3.303459e-05 1
3.438069e-07 1
4.272102e-05 1
1.160499e-05 1453
1.923725e-05 1
1.256199e-05 2
9.142038e-05 103063
1.574029e-05 3
7.617510e-05 3
8.288464e-05 1
5.877392e-06 3
2.250557e-05 1
9.022123e-06 1
3.400054e-05 186
1.594662e-05 2
1.941780e-05 1
1.986945e-05 2
9.729642e-07 246
1.751928e-05 1
2.246899e-05 1
3.460169e-05 1
3.952112e-05 4
4.362088e-05 1
6.595295e-05 261
1.062751e-05 47
3.543422e-06 2
1.072956e-04 33011
4.279141e-06 7
8.774076e-06 3
1.142897e-05 1
2.432973e-05 1
2.659718e-05 39974
5.604397e-05 2
8.124798e-06 1
1.666709e-06 1
2.110337e-05 3
7.223795e-05 2
5.574376e-06 1
3.012738e-05 6
1.950542e-05 136
1.363632e-05 1
2.597194e-05 1
1.502085e-05 1
1.912807e-05 171
7.513017e-06 1
3.769389e-05 3
6.140757e-05 3
6.033483e-05 1
3.638908e-05 3
3.917627e-06 1
1.009453e-06 1
9.228661e-06 7
5.013373e-05 4
3.975553e-05 1
4.192755e-07 1
1.336328e-04 96
1.284937e-05 1
8.566020e-06 3
1.978538e-05 146
3.260240e-05 7
1.681037e-05 6
2.706258e-05 778
5.188928e-05 3
1.924864e-05 1
1.932411e-05 1
5.652292e-06 3
5.886815e-06 3
1.563515e-04 1
4.988620e-06 1
9.767295e-06 2
4.110197e-05 1
3.069991e-05 7
1.859573e-05 7
1.459640e-05 1
2.196552e-05 5
3.404094e-05 1
3.237544e-05 4
1.163090e-05 3
2.592597e-05 1
3.141616e-06 1
2.651231e-05 3
8.534199e-06 835
7.623639e-05 1
1.876278e-05 1
4.956382e-06 1
7.714874e-05 6
8.735008e-06 3
1.681224e-05 3
1.334591e-05 148
1.441460e-05 3
9.804602e-06 5
6.017480e-05 1
2.539262e-05 1
1.351899e-05 1
3.123714e-06 1
1.020217e-05 1
2.098860e-05 1
1.269011e-04 2
5.235405e-06 1656
9.835724e-06 54872
8.933152e-06 1
3.697502e-05 1
3.342064e-05 3
1.080018e-05 1
2.572626e-05 2
2.751277e-05 1
8.148142e-06 1
3.374285e-05 1
9.661918e-06 1
1.842733e-05 2
8.560051e-07 1
6.174174e-06 1
5.351000e-05 1693
4.688327e-05 1
3.051741e-05 6
1.574185e-05 3
6.549709e-06 4
6.690131e-06 3
9.474189e-05 1
5.172694e-05 1
2.807981e-05 1
1.098897e-05 7
4.272851e-05 6734
5.050681e-06 1
1.175774e-05 1
9.449670e-07 1
2.332102e-05 148
9.454904e-07 1
3.992427e-05 1
2.249156e-06 118
1.955131e-05 1664
1.312018e-05 1
5.898473e-06 257
4.174296e-05 5
8.776572e-06 1
7.918266e-06 35734
1.476039e-04 1
4.370295e-05 6
1.732241e-05 5
1.761914e-08 750
1.354558e-05 449
7.819470e-06 1
6.276456e-05 1
1.180392e-05 1
1.799376e-05 1
2.380519e-05 1
1.832102e-05 46431
1.865062e-05 1
1.989719e-07 139
2.123042e-05 1
2.582684e-07 1
2.614065e-05 5
3.232447e-05 1
3.408164e-06 3
1.163208e-05 1
8.914427e-06 1
2.341795e-06 1
1.115787e-04 53133
9.852090e-05 15013
7.662089e-06 3
5.026848e-05 60
3.153062e-06 1
2.394062e-05 1
4.664705e-05 3
4.391915e-05 1
8.461967e-06 5
2.464823e-05 1
2.138474e-05 79
8.477458e-05 1
2.044108e-05 3
1.009774e-05 2
7.198186e-07 1
1.740706e-05 7
3.670154e-05 1
6.224569e-05 1
2.148756e-05 2
4.096240e-05 58908
1.417554e-05 229
2.496457e-05 7
2.101027e-05 3
3.645349e-05 6
1.303755e-05 52
2.015506e-05 2
1.581085e-06 1
1.343396e-04 263
4.898529e-05 1
2.821708e-06 1
8.343323e-06 320120
7.266476e-05 74
1.316177e-05 1
2.814348e-05 15
3.494595e-06 2
9.222358e-06 1
3.414284e-05 3
7.404693e-06 1
4.147523e-05 1
7.706379e-06 1
9.407886e-06 1
5.325866e-06 2
9.913035e-06 1758
4.721289e-05 25384
5.114303e-05 1
5.196445e-06 6
1.890408e-05 1
3.668387e-05 3
5.017711e-06 2
2.578230e-07 1
3.316798e-06 2
3.171458e-05 2088
2.921346e-08 1
3.315243e-06 1
7.669997e-06 3
5.103159e-05 1
4.759889e-05 2
3.233533e-07 356039
1.689649e-05 1
9.265386e-06 2
2.177385e-05 3
6.348961e-06 1
2.890153e-05 2
1.832197e-05 7
1.983556e-06 2
2.724374e-06 2
2.087676e-05 963
1.037635e-04 1
1.044799e-06 1
8.560494e-07 5
2.382841e-06 1
8.022560e-06 3
2.802533e-05 1
3.266877e-05 1
7.970471e-05 3
3.287241e-05 3
7.458220e-06 1
2.236015e-06 1
2.871962e-05 1
1.937130e-05 1
4.654415e-05 42312
1.282278e-05 3
6.265724e-05 4
1.403488e-05 2
1.444022e-04 102
7.020081e-05 1
5.293781e-05 213
3.994610e-06 1
3.617727e-05 3
8.841803e-06 1
4.572816e-05 1
3.187788e-06 1
2.149129e-05 1
2.053598e-05 1
1.895244e-05 1
5.510646e-07 1
7.580637e-05 1
4.035296e-05 3
5.193526e-06 44
1.762075e-05 36623
2.753131e-06 2
8.137992e-06 3
9.546531e-06 3
7.565636e-05 1
4.682699e-06 1
2.695568e-06 1
1.199050e-05 3
3.828077e-05 1404
3.194210e-05 172
5.715735e-05 2
1.383053e-06 3
1.746857e-05 1
7.064672e-06 2
6.282208e-05 3
4.658377e-05 1
1.291078e-05 1
3.521835e-05 1
1.602228e-05 3
4.108367e-05 7
4.924008e-05 1
3.668310e-05 1
6.092112e-05 1
4.650021e-05 2
3.084608e-05 1
3.989692e-06 7
1.536765e-05 1
1.155289e-06 1
1.033532e-04 211
4.651360e-05 2
2.038559e-05 1
1.138590e-04 3
3.107600e-05 1
7.438112e-05 7
3.882426e-06 3
1.622328e-05 1
7.236022e-06 1
2.230931e-05 1
3.172668e-06 1
1.011428e-04 3
5.943974e-06 1
5.052925e-05 1
7.220724e-06 9
3.858395e-05 3
8.252356e-08 764
6.550631e-05 1
3.840108e-05 3
5.426858e-06 2
2.507409e-05 2
1.314203e-05 1
1.356833e-05 18
1.030116e-04 1
1.680113e-05 1
1.576662e-05 5
4.877511e-05 616
7.250594e-06 1
6.552275e-07 1
5.113203e-06 1
1.541468e-06 1
1.730669e-05 2
4.067568e-05 219
2.592621e-05 1
6.775282e-05 1149
2.967974e-06 1
3.439808e-05 1
9.199483e-06 1
9.936457e-05 1
1.274683e-05 5
7.416871e-06 3
1.546262e-05 2
2.078462e-05 1
8.061329e-06 1
3.458969e-06 1
5.524528e-05 4
6.361062e-05 7
3.581337e-06 3
6.676867e-05 1
2.642050e-06 1
2.893717e-05 1
2.170716e-06 1
5.114214e-06 1
3.341342e-06 2
8.381581e-06 1
9.846349e-06 1
6.835564e-06 2
2.641271e-05 1
8.675726e-05 1
4.866634e-05 1
7.458253e-06 1
1.256977e-05 1
2.936702e-05 1
1.168203e-05 3
2.534075e-05 1
4.026105e-06 1
4.822673e-06 2
2.754437e-05 1
5.847380e-05 830
2.042791e-05 1769
1.512050e-06 3
2.540947e-05 4
6.682397e-05 3
5.844179e-06 123
3.118014e-05 4
1.302797e-05 2
5.456052e-05 1
7.239099e-06 63
4.169959e-05 1
6.436257e-05 1
2.757239e-05 2
7.110187e-08 1
1.751356e-05 1
8.767746e-06 1
1.464380e-05 387
4.374782e-05 1
1.176839e-05 2
1.324823e-05 35
8.569995e-06 1
6.578878e-06 1889
1.227320e-05 1
1.614027e-04 1
4.442814e-07 430972
1.623953e-05 1
1.071314e-05 1
8.155434e-05 5
4.719070e-05 48901
1.691850e-05 1
5.175821e-05 1
3.768714e-06 1
4.126163e-05 2
3.552390e-06 2
4.699501e-05 1
4.061986e-05 1
1.410524e-04 1
3.612962e-06 7
1.789567e-05 98
2.457294e-05 47
8.991524e-07 1
8.893122e-05 1
5.730925e-05 1
1.540413e-05 1
6.700926e-05 5
1.451118e-05 1
6.018247e-07 143
6.717275e-05 133
1.332437e-04 1
9.957918e-06 1
1.390144e-05 158
8.881907e-07 3
1.159970e-05 3
3.394925e-05 2
1.607567e-05 1
5.794287e-05 1
1.720859e-05 1
3.131724e-06 1
2.425202e-05 1
3.865699e-06 3
5.020636e-05 4
1.504065e-05 40
5.097642e-05 1
5.763148e-05 1
3.146680e-06 1
5.869990e-05 42
6.395564e-05 3
9.106752e-06 1772
1.725579e-05 162
3.764675e-05 2821
1.922700e-05 1
1.892097e-05 9136
4.514181e-05 1
4.209821e-06 78
6.513311e-05 1
2.067147e-05 2
5.567674e-05 1
7.424614e-06 100
8.890686e-06 2
1.345809e-05 1
4.000592e-06 1
3.688138e-05 1
3.007682e-05 5
2.308813e-05 1
1.834594e-05 3
2.949246e-05 1
1.580547e-05 111
4.513129e-06 7
4.129234e-05 2
1.320690e-05 6
1.571776e-05 193
7.751811e-06 1
5.947749e-05 1
3.379719e-06 1
2.616733e-05 99
8.157781e-05 1
3.312138e-06 595799
2.367830e-05 1
1.333915e-05 6
1.738836e-05 1
2.440552e-05 1
6.616133e-07 1
7.999972e-05 3
5.325555e-06 160
5.983215e-05 1
1.849020e-05 1
4.145342e-05 1
1.341802e-04 3
2.084835e-06 3
3.071352e-05 6
6.375838e-06 1
7.487229e-05 3
1.966909e-05 3
1.246375e-05 1
3.117417e-06 662
1.651189e-05 1
5.264776e-06 2
8.454539e-05 2
2.483361e-06 1
2.113646e-05 1
1.476453e-05 3
3.398309e-05 1
5.953598e-05 2
3.005664e-05 1
1.605303e-05 1
1.337450e-05 2
1.738261e-05 1
1.971210e-05 1
5.750597e-05 3
3.963701e-05 732
1.977519e-05 2
6.399097e-06 56
5.512185e-06 6
5.243815e-06 1
2.196463e-05 1
2.564580e-05 1
1.652600e-05 1
8.550031e-06 1
4.680712e-06 1
4.592134e-06 2
2.958632e-05 1
7.402611e-06 251
5.733271e-05 1
7.101882e-05 1
7.256211e-06 3
9.096052e-05 1
1.693312e-05 55
2.726994e-05 1
4.347366e-05 19
3.609865e-06 1
6.999431e-05 1
3.020089e-05 4
3.321332e-05 3
1.618249e-05 295
6.650234e-06 1
1.700821e-05 1
4.483958e-06 1
2.819983e-05 1
1.670561e-05 1064
5.098965e-05 7459
3.317011e-05 1
3.160060e-06 1
2.496625e-05 3
1.911096e-05 1
2.753820e-06 1
5.994872e-06 1
1.894924e-06 1
6.375360e-06 2
7.649275e-06 1
1.911814e-05 759
1.923161e-05 34
3.812836e-05 2
1.205340e-05 1
1.051950e-05 1
6.293386e-06 1
8.171324e-06 2
1.167121e-05 1
7.885058e-07 43733
9.276475e-06 1
1.774779e-05 1
1.216305e-06 1
2.550943e-05 1
2.098236e-05 57647
6.510382e-06 20038
6.175088e-05 1
9.710225e-05 48232
4.705894e-05 3
8.896026e-05 1
2.484518e-05 1
6.938627e-05 1
1.104314e-05 108582
1.166330e-06 1
5.647289e-06 1
2.614804e-05 1
1.192014e-05 2
6.186757e-05 3
2.241713e-05 1
9.455485e-06 1
5.917973e-05 1
5.487950e-06 1
9.151635e-06 1
3.945902e-05 2
1.616668e-05 1
9.353075e-05 3
1.898300e-05 41217
2.755341e-06 1
3.229950e-06 1
3.577538e-06 3
1.824402e-05 1
1.533311e-06 149
3.107718e-05 24858
6.407932e-05 1
8.270602e-06 1
2.171617e-05 1
1.650236e-05 1
2.799778e-05 1
2.376836e-05 1
5.031994e-07 2
8.193540e-06 3
1.758469e-05 241
6.484449e-05 1
9.590225e-08 6
1.557475e-05 1
1.477285e-04 1
1.527243e-05 1
4.089862e-06 1
8.653063e-05 1
5.985084e-05 1
5.054974e-05 3
8.983337e-05 1
1.198911e-05 1
1.744015e-05 1
3.646118e-06 1
4.434890e-05 1
2.668598e-05 3
2.078001e-05 1
8.805159e-06 3
5.571942e-05 1
4.998859e-05 3
7.343280e-05 6
1.863550e-05 2
2.265066e-05 5
3.552181e-05 1
2.331649e-05 2
5.875479e-05 758
6.525808e-06 1
1.105315e-06 1
1.322852e-05 1
2.278638e-07 1
1.402643e-05 1
2.673456e-05 2
3.553823e-05 1
1.886845e-05 1
1.150541e-06 1
2.022749e-05 3
4.710358e-05 569
1.747502e-05 1
4.966864e-06 3
7.554047e-06 1
1.275490e-05 262
2.623725e-06 1
4.683553e-05 2
1.718412e-05 130
6.717088e-06 1
3.760607e-06 1
3.395870e-05 4
1.110344e-05 629714
2.846621e-05 3
1.220865e-04 1
3.291650e-05 2
1.726515e-06 23
2.038118e-05 2
2.431003e-05 1
9.513836e-05 4
2.755021e-05 2
4.750319e-05 6
3.945578e-05 1
1.449211e-05 1
2.526698e-05 6
4.298403e-05 1
9.986199e-05 1
1.748311e-05 1
1.341784e-05 7
3.999475e-06 1
2.052918e-05 5
2.884761e-05 1
4.206252e-05 1
1.654241e-06 2
1.365739e-05 1
1.483241e-05 1
3.571636e-05 24
5.920120e-05 1436
3.000974e-06 352784
9.083734e-06 1
7.881435e-06 129
8.048703e-06 2
1.122508e-05 1
1.434293e-05 1
4.305406e-06 3
7.672605e-06 1
6.137596e-06 1
2.199815e-05 1
5.146804e-05 1
1.172856e-05 126
9.050399e-05 1
7.820186e-06 1
6.314480e-05 1
1.613313e-05 264
1.925419e-06 1
2.909493e-05 1
6.069820e-06 1
3.974984e-05 1
2.124412e-06 2
4.122105e-05 1
4.154564e-05 3
3.032230e-05 1
2.340634e-05 1
3.204281e-06 1
6.428767e-06 2
2.798470e-05 3
2.066588e-05 1
2.307762e-06 167
1.854834e-06 1
6.961054e-07 1
2.708455e-05 2
2.575123e-06 4
1.878950e-05 1
1.167319e-05 1
7.913352e-06 1
1.183101e-04 3
2.085191e-05 1
1.865342e-05 502783
6.856738e-06 38393
3.353447e-05 3
3.829074e-05 1
8.199385e-06 1
3.152990e-05 1
6.598200e-05 1889
2.243091e-05 1
4.563254e-05 40554
8.350158e-05 292002
2.573699e-05 1777
1.034724e-05 109
2.187422e-05 1
5.875566e-06 1
3.701860e-06 51
4.927721e-05 1
7.951667e-06 1
3.097824e-05 10
3.458134e-05 3
2.618702e-05 1
1.451070e-05 1591
9.556726e-06 1
3.706282e-05 1
2.100782e-06 4
5.691768e-06 1
1.489109e-04 6620
8.230366e-06 1
1.560226e-06 1
1.286974e-05 2
3.501450e-05 1
1.538841e-05 1
3.960835e-05 1
5.025640e-05 1
5.550964e-05 44927
2.932287e-05 3
2.687281e-07 2
2.810319e-05 5
9.582845e-06 1
4.477708e-06 1511
2.992405e-05 78
3.512767e-05 1
5.265314e-06 1
2.805426e-05 1115
2.443268e-05 214
2.753831e-05 2
5.375714e-05 9
1.322311e-05 167
4.368401e-06 3
2.556174e-05 462
1.642016e-05 38866
3.467222e-06 1
6.308263e-05 1
8.653460e-06 1
3.564799e-05 2
7.991743e-05 1
4.550149e-05 1
6.430414e-06 1
7.141784e-05 3
1.294849e-05 2
1.297929e-06 5
4.839286e-06 1
2.495305e-06 1
1.815841e-05 1
2.416394e-05 2
6.046064e-06 1
1.814385e-05 4
6.105556e-05 7
4.994674e-06 233
2.592365e-05 1
9.097402e-06 207
7.769565e-06 1236
6.284892e-05 242
1.326627e-05 1
4.987119e-06 1
4.289274e-05 36
2.749952e-06 1
1.443584e-06 2
1.802011e-05 1
2.682395e-05 139
1.855254e-05 1
5.402534e-05 1
8.650830e-05 1
8.829107e-05 3
7.416009e-07 1
9.898099e-06 570263
6.289406e-05 959
2.677316e-05 1
2.678467e-05 1
2.519067e-05 356
1.215249e-05 1
4.558069e-06 3
1.430068e-05 1
1.343439e-05 7
4.916521e-06 5
1.913898e-05 1
9.774124e-06 1
2.843721e-05 159
2.598257e-06 1
1.023158e-04 1
5.172157e-05 2
1.519500e-05 2
6.319836e-05 1
8.667740e-05 227
4.185357e-05 6
1.082819e-06 2
5.327229e-05 62326
8.406376e-05 2
5.141355e-05 1
1.004728e-05 1
1.853462e-05 1
2.323263e-05 35393
2.744579e-05 1
1.967716e-07 5
7.982592e-05 76
4.716761e-05 31925
5.142515e-05 1
1.095062e-05 1
8.631422e-06 1757
3.626379e-05 1
6.940109e-05 1
7.795004e-06 1
5.513311e-07 103
3.805314e-06 1
3.644370e-05 201
2.854853e-05 4
2.242741e-05 2
1.026861e-06 1
9.201454e-06 722
1.473987e-05 1
9.975564e-06 2
1.243795e-05 1
2.186749e-05 1
2.063303e-05 1
1.439868e-05 2
2.929475e-05 182
3.699299e-05 1
1.946605e-05 55
5.823201e-05 52948
5.754293e-06 1
9.960769e-06 1
2.002067e-05 130
1.867381e-05 1
6.752954e-06 1
1.063296e-04 1
3.741259e-05 1
5.053344e-05 5
2.602210e-06 1
4.023027e-06 1
1.038308e-05 1
1.884350e-05 1
9.734353e-05 1
2.345865e-06 5
8.712912e-05 1
1.250019e-04 3
3.736728e-05 61253
1.706807e-05 5
3.217404e-05 1
2.691297e-05 1
1.776160e-05 1
4.305074e-05 1
1.372033e-05 1
1.091126e-04 40
1.551744e-07 1
4.007093e-07 1
2.560448e-05 1220
1.838557e-05 1
4.057799e-06 3
7.340441e-07 43
7.395671e-05 1
6.387605e-05 4
2.391174e-05 3
2.583835e-05 1
1.476943e-07 1
6.292711e-05 139
2.732951e-05 5
3.234442e-05 2
2.296007e-05 1
2.964881e-05 4
4.181841e-06 1
7.510134e-06 3
3.460354e-06 125
7.950856e-07 5
7.010256e-05 1
2.810503e-05 204
4.095461e-05 3
4.214976e-05 1
2.665454e-05 204
1.052029e-04 1
4.000432e-06 1
2.704908e-06 9096
3.837023e-05 1
1.613370e-05 7
3.744288e-05 1
7.082792e-06 1
5.818909e-05 1
4.133641e-06 1
6.095556e-05 4
3.022578e-05 2
1.262049e-07 1
3.901924e-05 1
3.282933e-05 3
2.688776e-05 182
1.575856e-06 69
8.566366e-05 1
2.346179e-05 2
7.191650e-05 185
4.138249e-05 1
5.721425e-05 7
1.086182e-05 669
9.986797e-06 2
3.994971e-05 5
3.822943e-06 1
6.082182e-06 6
1.532697e-05 2
1.493698e-06 2
9.380633e-06 1
2.792690e-05 4
2.783032e-05 1
4.357801e-05 1
6.774564e-06 1
1.126395e-05 2
4.666589e-06 1
3.999554e-05 1
1.214581e-05 1
1.172452e-05 53707
4.521671e-06 3
9.749081e-06 3
4.388326e-05 1
3.535567e-05 3
4.041327e-05 3
1.106997e-04 1
2.363615e-06 2
8.843719e-06 1
6.426530e-05 469183
1.973466e-06 86
1.769729e-05 1
3.348399e-06 1
2.783625e-05 1
8.753103e-06 1
1.927131e-06 1
6.039748e-05 17589
4.356282e-06 3
4.367242e-06 3
7.787620e-06 2
2.440262e-06 599
1.437894e-05 1
2.766653e-05 189
4.346941e-05 6
3.257165e-05 1
5.097545e-05 3
1.553899e-05 1
7.213141e-06 5
9.710105e-05 1
2.302861e-06 5
4.071147e-06 7
1.982002e-05 1
6.756630e-05 1
2.969794e-05 3
1.028902e-05 1
2.924565e-05 2
1.345886e-05 1
4.988798e-05 2
1.570995e-05 1
7.587543e-05 1
5.465312e-06 1
7.375837e-05 52
5.373291e-05 439
6.169824e-06 3
6.301182e-06 3
1.296240e-05 1
9.941145e-05 1
4.791707e-05 100
1.250530e-05 1
3.811759e-05 83
3.391012e-05 46825
1.145226e-05 455
5.620811e-05 1
3.076646e-05 262
1.139528e-05 1
3.779338e-05 1
2.671473e-05 33
5.919884e-05 2
3.253645e-05 1840
9.112874e-05 1
5.704990e-05 3
1.073136e-04 1
4.054951e-06 1
5.834329e-05 1
1.553272e-05 1
1.445756e-05 1
6.827892e-05 1
2.123191e-05 3
5.300738e-05 1
4.109418e-05 1
4.403961e-06 2
5.094372e-05 3
1.496131e-06 1
6.967229e-05 100
7.010448e-07 2
3.110137e-05 7
8.012927e-05 1
4.099516e-05 1
1.183137e-04 14
2.407928e-05 1
3.432328e-05 1
9.523910e-05 1
1.094763e-05 1
3.638959e-05 3
6.013893e-05 1
1.049050e-06 1
5.024428e-05 638422
6.799965e-06 1
2.297315e-05 122
1.399876e-05 1
2.485073e-05 3
3.264438e-05 1
7.611464e-06 1063
6.249578e-06 36881
8.521478e-07 1
4.284611e-05 6
4.019153e-06 108
3.697745e-06 1
3.334978e-05 1
1.672981e-05 3
9.329132e-06 1
4.915801e-07 7
4.066255e-05 219
2.230938e-05 1
2.646524e-05 93
3.250474e-05 1728
1.199007e-05 1
1.482698e-04 2
4.853224e-05 1
4.719680e-05 4
6.727624e-07 1
1.198335e-05 3
1.864384e-05 3
4.155048e-05 3
2.834155e-05 7
4.429081e-05 3
1.492481e-05 2
1.053945e-05 1
5.584031e-05 1
3.351835e-05 7
4.200627e-05 6
6.353893e-05 32272
5.948499e-05 5
1.686417e-05 4
5.814645e-05 1
1.182082e-05 923
5.758189e-05 128
3.951785e-05 81
6.561269e-06 1
1.423858e-05 7
1.298067e-04 2
4.293815e-06 1
2.384757e-07 1
2.854432e-05 5
5.488943e-06 1
3.397833e-06 1
5.139342e-05 7
3.545729e-05 2
3.591451e-05 2
3.178639e-05 2
2.468391e-05 3
6.875688e-05 2
2.334392e-05 1
5.674377e-05 1
1.547974e-04 26840
2.143233e-06 6
1.972196e-05 1
4.287159e-05 1
4.018777e-05 155413
3.026264e-06 3
2.779362e-05 2
8.684753e-07 1
1.590454e-05 4
6.190662e-06 1
5.600702e-06 2024
3.466804e-05 3
3.611400e-05 1
5.082415e-05 1
4.584125e-05 1
1.007024e-05 1
2.249369e-05 1
2.218075e-06 150
4.334239e-05 4
1.257705e-05 1
9.641510e-06 1
8.157323e-06 2
1.366925e-05 1
1.876192e-05 215
1.713214e-04 102
1.670175e-05 1068
1.525072e-06 1237
2.286818e-05 2
1.622107e-05 3
4.213749e-05 7
2.076465e-05 1
1.397145e-05 7
6.542460e-05 1
7.382182e-05 1
1.216385e-05 2088
2.470264e-05 1
2.888872e-05 1
3.228153e-05 259
6.577579e-06 28
3.758248e-05 1
3.032514e-05 3
1.818508e-05 63911
4.005085e-05 1
1.376780e-05 1
3.201880e-05 261
2.871469e-05 2
2.467764e-05 5
6.354836e-05 5
1.639116e-05 7
2.057122e-05 75
2.115154e-05 5
4.933352e-06 1
5.251365e-05 17
9.886191e-05 1
1.034778e-06 1
1.610154e-05 513
1.334591e-05 1
3.155178e-05 1
6.405877e-06 1
8.233478e-07 1
1.011754e-05 2
8.850147e-06 1195
9.261919e-06 3
3.480207e-06 1
6.080891e-05 1
3.522317e-05 1
4.936499e-05 1595
8.667014e-05 1
9.180152e-05 1
4.832107e-05 1
3.783231e-05 1
4.656903e-05 1959
1.103617e-04 1
2.845621e-05 5
3.340299e-06 1
2.932484e-05 1
2.107029e-05 1
8.719178e-06 1
1.277878e-05 1745
1.779838e-05 1
3.834732e-05 3
5.424427e-05 166
1.984386e-05 1
8.886982e-06 1
9.396058e-06 4
1.386599e-05 3
8.993436e-06 1
1.715617e-06 4
2.948560e-04 1
2.210241e-05 2
3.677684e-05 157716
4.560593e-05 1
2.918088e-05 4992
1.421215e-05 1
8.791046e-06 1
1.010648e-04 4
1.502658e-04 1
2.439372e-06 1
3.734135e-05 1
2.772545e-05 6
1.389971e-05 1
3.950574e-06 1
3.037673e-06 1
1.979205e-05 1
8.431707e-05 1
4.369515e-05 1
8.571611e-06 2
7.902873e-06 3
1.849324e-05 5
8.851357e-06 66171
7.833545e-07 5
1.336520e-07 25862
1.301386e-05 1
2.807978e-05 3
6.191217e-05 2
4.763139e-05 3
2.632720e-05 1
1.716094e-06 1
9.399263e-06 3
5.977765e-06 1
3.261524e-05 1
2.380914e-05 1
6.098240e-05 1
8.381286e-07 1
4.796779e-05 52
1.920057e-06 55598
1.006794e-04 1602
3.832118e-05 2
1.037829e-05 2
3.440813e-06 1
1.304904e-05 1
2.506675e-05 2
1.669953e-06 1
3.524331e-05 1
7.851500e-06 28275
7.121674e-06 1
6.977521e-06 2
2.292721e-05 1
5.422274e-05 1
3.241643e-05 1
4.609024e-05 9
6.806938e-05 74
4.541237e-07 58342
3.998590e-05 1
1.537083e-05 1
1.594246e-05 1
6.239872e-05 2
9.952098e-06 784
1.634156e-07 1
5.966283e-06 3
1.348969e-05 1
2.377901e-05 177
8.811197e-06 2
1.069105e-04 2
2.504160e-05 2
3.933301e-05 2
7.173877e-05 1
4.065707e-05 2
5.369697e-05 169
1.771770e-05 1
1.189804e-05 3
1.224549e-06 50508
1.415527e-05 1
3.267657e-05 177
2.842907e-05 1
9.661336e-06 79
3.274877e-05 1
5.174030e-06 1
4.525747e-05 1
1.362079e-05 1
3.065004e-05 3
3.535045e-05 150
2.484049e-05 1291
4.340470e-05 6
2.659120e-06 201543
1.922677e-05 127
4.780023e-05 1
8.360773e-05 1
1.436794e-05 1
1.027525e-05 1
4.016488e-05 1
1.929770e-05 3
1.099935e-07 3
1.098628e-06 1
1.020441e-05 1
1.321308e-04 1
9.642285e-05 1
3.324536e-06 1378
4.024178e-05 5
1.239798e-05 1
2.809487e-05 223
3.102119e-05 1
6.143506e-05 3
1.387508e-04 108
2.609984e-06 122
9.130247e-06 43868
8.898548e-05 2
6.944968e-05 103
9.584573e-05 3
7.740327e-06 3
1.747546e-05 1
1.023698e-05 241
1.461576e-05 45
1.373528e-05 1
1.699024e-05 1
4.104824e-05 1
1.459283e-05 1
2.559472e-05 700
4.265503e-05 1
1.835027e-05 1
4.172839e-05 1865
1.768549e-05 1
1.694513e-05 1
2.532543e-05 2
9.326971e-05 3
2.213334e-06 5
9.858474e-05 3
7.845398e-05 1
1.568025e-05 4
2.116094e-05 1
1.067769e-06 3
9.270582e-05 262
6.380995e-05 1
2.163967e-05 5
2.049603e-05 1
9.135131e-06 1
1.074908e-04 1
8.566364e-06 1
1.626204e-04 1
3.636280e-06 2
2.120198e-05 1
4.890963e-05 4
1.034069e-05 1
1.091547e-05 1
7.851051e-06 2
3.793140e-05 6
8.809597e-05 2
1.339827e-04 1
9.942360e-06 5
1.772000e-07 1
3.230654e-05 1
5.684856e-06 1
2.547670e-05 1
1.653954e-05 3
2.188357e-07 2099
5.790723e-06 92
1.501326e-05 644492
3.226821e-05 1
6.433120e-05 1
2.062475e-05 1
6.596085e-05 2
2.707777e-05 4
4.581397e-05 1
9.724929e-05 1
3.926811e-06 1
2.347199e-05 1
8.003403e-05 2
3.884461e-06 3
1.144047e-05 1
5.293775e-06 2
5.383621e-05 1
1.015498e-05 1
8.345578e-06 1
9.250914e-07 3
9.917135e-05 52
1.825524e-05 1
2.150071e-05 4
7.981603e-05 1
3.057302e-05 7
8.918713e-06 1
1.717468e-05 6
1.303625e-05 4
1.924606e-05 2
6.487443e-06 3
1.360673e-05 2
2.761973e-05 23
1.742611e-06 151
4.730894e-05 1
1.201149e-06 1
7.265345e-06 2
2.746575e-07 1
2.867436e-05 2
1.312666e-05 1
8.464812e-06 270
5.539301e-06 91
7.410554e-05 7
5.632422e-05 124
1.353140e-05 3
1.946584e-05 1
4.459292e-05 1
2.225310e-05 1
2.107380e-05 3
3.459063e-06 1
9.705491e-05 5
1.582757e-05 4
1.135660e-04 1
9.930705e-06 241
3.969556e-07 5
5.460338e-05 2
1.739004e-06 142
3.192887e-06 3
7.887517e-05 556517
3.569169e-06 234
1.286179e-06 4
3.209699e-05 2
7.860473e-07 1
5.797921e-06 3
2.295392e-06 1
2.414125e-05 1
3.112422e-05 2
2.734927e-06 1
1.646760e-05 183
3.215485e-05 1
3.591387e-05 1
4.957720e-06 200
3.079600e-05 1753
3.429524e-05 4
5.428101e-06 5
4.906750e-06 252
2.199451e-05 3
5.628551e-05 3
4.691454e-05 1
8.220401e-06 2
1.074087e-04 26985
9.626684e-06 1
1.081142e-05 337
3.179188e-05 6
1.630667e-05 1
7.329344e-05 3
8.945248e-05 28997
2.930933e-06 1
2.553408e-05 23437
3.606703e-05 1
4.135342e-05 1
2.043004e-05 5
7.167378e-06 4
7.938537e-05 1
2.458354e-05 1
2.197622e-05 53627
1.017702e-05 1
5.143867e-06 1
5.758741e-08 3
1.307121e-05 1
3.393548e-05 21
5.982494e-06 202
1.225086e-05 1718
3.313933e-05 1
7.391512e-05 12305
8.527153e-06 1
7.104033e-05 1
7.080981e-05 2
6.433178e-05 1
5.677492e-06 1
7.824438e-05 1
8.755209e-06 1
3.408615e-05 1
6.534511e-05 1
7.337745e-05 1
5.999289e-05 5
7.156853e-05 1
7.527989e-07 1
3.377114e-05 1
1.915794e-05 1
2.226771e-05 1
1.895930e-05 3
2.005758e-05 1
1.735554e-05 1
1.026793e-04 1
1.938655e-05 2
5.209640e-05 1
2.006470e-05 1973
1.076031e-05 1
2.072957e-06 1
1.565549e-06 1
3.408472e-06 3
1.316518e-05 2
1.461696e-05 1
1.016659e-05 1692
1.078570e-05 1
1.183816e-05 1
1.902848e-05 3
7.450216e-06 1
2.028362e-05 56723
6.681255e-06 2
4.459008e-05 2
3.608007e-05 5
4.233940e-05 7
6.363040e-05 2
5.141339e-05 7
1.177073e-04 3
1.024258e-04 1
1.155078e-05 1
6.324250e-06 1
3.839340e-05 6
3.501806e-06 1
1.951306e-06 144
1.974249e-05 3
3.202518e-05 2
1.254119e-04 7
6.466732e-05 4
7.810878e-06 3
1.638207e-05 1
3.496005e-06 1
5.609490e-05 1
4.193645e-05 1
3.003264e-05 1
7.004541e-05 1
1.871002e-05 23914
4.224084e-05 1
3.371402e-05 1
1.118462e-04 1
4.476027e-05 1
4.071208e-07 38914
2.148713e-05 1
2.515150e-06 1
3.590884e-06 1
7.648421e-07 5
8.139574e-06 113
1.185241e-04 1
1.206195e-06 1
1.485349e-05 1
1.303595e-04 1
1.295826e-05 7
1.436661e-05 4
2.342698e-06 1
2.795230e-05 1
3.061664e-05 1
1.195557e-05 1
1.041097e-05 1
1.994066e-05 6
1.772501e-05 1
1.474257e-05 194
2.406733e-06 3
4.995849e-06 177
1.203478e-07 2
2.935707e-06 3
4.623991e-05 2
2.984769e-05 2
8.727566e-06 5
1.736351e-05 1
2.121943e-06 161
5.435248e-07 1
1.538782e-05 237
4.068271e-06 839
2.045932e-05 2
4.723261e-05 1
5.223594e-06 1
2.376585e-05 2
7.907327e-06 2
9.413719e-06 2
1.082589e-05 1
1.630023e-05 1
6.509939e-06 3
2.075378e-05 1
1.698026e-05 182
9.822394e-06 1
1.524124e-05 1
1.410199e-06 1
6.289309e-06 1
1.499221e-04 1
3.808713e-05 2
1.113236e-05 3
3.733035e-05 3
2.246724e-05 171
1.279926e-05 1
8.717252e-05 260
9.774027e-06 1
1.611258e-07 1
3.110744e-05 4
3.941191e-05 1
9.085581e-06 350
3.614247e-05 120
8.715159e-05 1
7.087748e-06 3
4.710783e-05 1
2.928650e-05 1
9.210565e-06 1
1.647162e-05 1
4.716120e-05 1
1.746169e-05 5
1.051368e-05 2
4.711422e-06 97
1.397112e-05 616368
1.447665e-05 19
1.017286e-04 2
4.317683e-06 1
1.236396e-07 1
1.001151e-05 5
2.450320e-05 1
2.632339e-05 5
1.184045e-04 1
1.484815e-05 1
3.092794e-05 5
7.670405e-05 1
6.247428e-06 2
5.829520e-06 23822
6.365855e-06 2
9.360447e-06 2
6.192543e-05 2
4.945344e-05 98
2.895965e-06 2
3.013803e-05 1
4.365000e-06 1
2.883145e-05 1
1.018467e-04 1
7.166728e-06 53502
5.493550e-05 1
6.943735e-06 1886
4.789350e-06 6
2.270527e-05 1
1.478878e-06 1
7.773315e-05 2
8.452401e-06 3
3.991892e-05 1520
1.559713e-05 1
1.618255e-05 1
2.173827e-05 1
4.183523e-05 3
1.483322e-05 2
1.606929e-05 5
1.171162e-04 3
3.579063e-05 1
1.876653e-05 108098
3.216885e-06 191
1.140579e-05 3
3.630372e-06 1
1.199137e-04 1
4.306917e-08 2022
1.716642e-05 1
7.244277e-06 1
2.705736e-05 1
5.562203e-05 1
2.448585e-05 1
2.193506e-05 2
1.057596e-05 4
2.696201e-05 2
1.878647e-05 1343
8.609634e-05 1
1.634806e-05 3
2.983554e-06 3
4.607933e-05 1
2.731113e-05 1
3.746564e-06 1
5.980666e-05 78
8.799448e-07 1
7.570344e-07 1
4.168108e-06 3
9.054929e-06 1
2.551244e-05 1
7.082242e-06 3
2.469314e-05 2
6.212380e-05 1
1.594281e-05 3
1.239688e-06 1074
3.136842e-05 1
2.280216e-05 3
7.036844e-06 2
9.272669e-06 1
3.714161e-05 1
6.905298e-06 191221
2.583863e-05 3
2.400934e-05 1
5.481978e-05 1
