1.505464e-04 1
8.872771e-05 2
1.733262e-05 1
3.367804e-05 5
3.245638e-05 64
1.079317e-04 1
6.622136e-05 1
8.549376e-05 241
4.025842e-06 2
1.729488e-04 1
1.157974e-05 1
3.031281e-05 1
2.939511e-05 6
1.114103e-04 2
8.334303e-05 1
2.854557e-05 1
5.510677e-05 2
4.105692e-05 265
1.031521e-05 1
7.456459e-05 1
1.548735e-04 6
3.237149e-05 1
1.583921e-05 37
2.131259e-05 2
1.541553e-05 1
3.548184e-05 1
4.463096e-05 1
2.496461e-05 1
2.938883e-06 1
8.065546e-06 3
1.629202e-05 1
5.920868e-05 3
2.352262e-05 5
1.629910e-05 5
1.745794e-05 4
6.357516e-05 99
2.579113e-07 1
1.072266e-04 2
5.684011e-05 32743
2.341252e-05 7
2.346331e-05 22088
1.240059e-04 3
5.155537e-05 1
2.417455e-06 1
5.847527e-05 1
9.974006e-06 1
2.713545e-06 1
2.019578e-05 2
2.657600e-05 6
2.529205e-05 2
9.124198e-05 2
8.505337e-06 1
5.298818e-05 1
8.660112e-05 3
1.710888e-04 1
1.964368e-05 1
5.959163e-05 1
2.385919e-06 1
8.583894e-05 4
4.127441e-05 102
1.863301e-05 1
2.376012e-06 1
2.377310e-05 1
1.684640e-05 3
6.142601e-05 1
9.030634e-05 3
6.447256e-06 1
3.103980e-05 1
1.644398e-06 1
2.526653e-06 7
4.109220e-05 1
3.468526e-05 3
9.716694e-05 1
3.278740e-05 6
4.237993e-06 1
3.847518e-05 1
2.109812e-05 1
1.165474e-04 997
1.362075e-05 1
2.670687e-05 78
3.840237e-05 3
4.634568e-05 6
3.725655e-05 1
1.364603e-04 3
6.135090e-05 2
1.946613e-06 3
7.670214e-06 2
4.789129e-05 1
5.437158e-07 1
3.638284e-05 3
1.813390e-04 1
3.497588e-06 3
2.936348e-05 1
1.120778e-05 95
3.050321e-05 1
4.818353e-06 1
3.584707e-05 46
5.728256e-05 1
4.299930e-05 5
5.846535e-05 1
6.544493e-06 1
1.537585e-05 1
5.234135e-06 2
4.586460e-05 1
1.038244e-05 1
6.344064e-06 1
6.920016e-05 110
1.641540e-06 205
1.493256e-06 3
1.667259e-05 1
1.627825e-05 2
4.738569e-06 2
4.912257e-05 2
1.653537e-04 1625
4.119697e-05 1
7.968026e-05 3
1.636994e-04 1
3.388990e-05 33999
7.108837e-05 1
5.198497e-05 5
3.335789e-05 1
2.855199e-05 7
1.747284e-05 2
1.538463e-05 224
9.753459e-05 2
6.606687e-05 2
6.886250e-06 2
1.652752e-04 6
1.841563e-05 1
1.723950e-04 2
1.734194e-05 1
1.662641e-05 132
8.060691e-06 2
1.524956e-04 1
3.520296e-07 32
1.050776e-05 40222
7.032215e-07 1
3.675821e-05 1
3.328588e-05 174
9.729482e-06 4
2.581951e-05 1
6.509284e-05 1
2.551947e-05 37826
7.598196e-06 2
1.426900e-05 1
6.103503e-05 1044
1.489539e-06 2
1.167606e-05 209
1.288273e-04 1
3.652706e-05 3
5.827158e-05 1
1.622487e-05 932
4.344822e-06 246
2.028689e-05 3
2.046282e-05 1
8.362386e-06 1
7.907250e-06 1
5.939209e-05 217
1.298445e-04 1
7.218273e-05 1393
3.236633e-05 1
4.643391e-05 1
7.212306e-05 1
6.278392e-05 1
3.192997e-05 1
1.334150e-04 44
1.070017e-05 1
1.187841e-07 56
1.718887e-05 1
4.630580e-05 49
1.001066e-05 1
2.145937e-06 1
2.542851e-06 1
7.282588e-05 1
7.277203e-05 5
4.095473e-05 1
1.426043e-05 1
3.184238e-05 1
2.496299e-05 1
3.164047e-05 3
7.995574e-06 1
5.719319e-05 3
7.222652e-05 1
1.190209e-05 1349
1.373674e-05 116536
1.850938e-05 5
3.722887e-05 1
1.423482e-04 36999
2.185053e-05 1
4.298050e-05 1
4.856770e-06 2
1.684494e-04 1
4.057265e-05 7
3.817131e-05 6
1.380634e-04 1
8.694950e-05 1
1.301568e-05 7
1.087708e-05 376
3.030931e-06 3
1.072864e-04 1
4.617862e-05 1
1.069735e-05 5
4.357085e-05 5
2.454932e-04 1
2.045098e-05 49632
2.693871e-06 7
1.080627e-04 2
4.431243e-05 1
8.846144e-06 1
4.894318e-06 1
1.563040e-04 1
8.734747e-06 39161
1.418758e-05 950
3.393072e-05 1
3.403619e-05 565
1.043000e-04 1
3.642632e-05 1062
2.640641e-05 3
5.322405e-06 814
5.992563e-05 2
7.718362e-06 1
6.899871e-05 16444
1.361797e-04 1
9.620314e-06 2
3.678759e-06 3
8.423699e-05 1
3.072335e-05 1
2.484882e-05 1
3.726079e-05 3
5.023368e-05 1
4.929730e-05 1
1.995089e-05 1
3.368097e-05 5
3.670931e-05 1
3.951828e-06 130
1.760239e-05 6
1.014241e-04 1
3.925576e-05 1
5.353951e-06 1
5.355172e-06 2
7.486206e-06 4
1.087451e-04 1
3.320738e-06 1357
1.592519e-06 1
1.353324e-05 2
7.021680e-05 1
6.029999e-05 6
5.784271e-05 13641
3.320261e-05 1
7.368997e-06 3
2.350353e-05 5
4.066371e-05 7
2.008440e-06 1
3.973557e-05 1
8.824235e-05 3
1.018943e-05 1
3.491817e-05 1
5.515102e-05 1
5.842600e-06 10293
3.977856e-05 168
1.886809e-06 1
2.836832e-05 1
1.040321e-04 30375
2.686394e-06 3
2.320324e-05 1
4.332882e-05 5
4.740738e-06 1
9.410037e-05 7
1.006152e-05 3
2.312246e-05 1
1.608092e-05 1
3.564692e-05 1
6.845245e-05 3
4.855569e-05 17463
3.682771e-05 1
3.581868e-05 2
4.637289e-05 1
4.655930e-05 39
8.957145e-06 2
1.019574e-04 45245
4.851464e-05 314
6.885037e-05 18648
9.448811e-05 1
8.414829e-06 1
1.854638e-05 5
5.672852e-05 1
1.830115e-05 47071
9.885471e-05 1
2.310204e-05 2
1.799269e-05 2
1.061877e-04 1
1.648615e-05 1
2.041551e-05 3
3.609488e-05 187
1.293939e-06 241
1.062371e-05 3
9.415090e-05 1
1.563903e-05 3
1.079442e-04 1
1.118457e-04 4
6.898149e-05 3
4.804263e-05 563
1.080799e-04 1
6.869396e-06 2
2.874528e-05 2
5.438341e-05 3
1.525649e-05 2
3.218122e-05 1
8.099600e-05 5
8.900649e-05 1
1.037618e-05 1
8.364973e-05 1
2.830738e-05 1
2.446316e-06 412
2.785650e-05 1
3.762527e-05 15894
9.690929e-06 1
2.332071e-05 27700
1.913662e-05 4
2.730903e-05 3
8.202263e-05 3
5.971378e-06 4
3.747059e-05 3
6.436225e-07 1
4.155130e-05 3
7.245272e-07 1
1.017166e-04 1
3.165139e-05 1
3.881874e-05 1
2.315929e-06 1
1.915776e-05 3
8.604346e-06 1
5.941776e-05 216
9.876259e-07 1
9.323901e-06 253
4.472616e-05 1
4.003133e-05 1
7.280539e-05 2
1.797937e-06 1
4.629054e-05 1
1.350075e-04 3
6.816646e-05 1
3.882687e-05 426856
8.990588e-05 3
1.239518e-05 1
2.041497e-05 1
1.276470e-05 122
1.196871e-05 1
3.290337e-07 1
5.233860e-05 3
2.540880e-06 1
2.193559e-05 1
1.130140e-04 1446
2.697829e-05 1688
3.869506e-06 1
1.629800e-04 3
6.249917e-05 1
7.445687e-05 2
1.264985e-04 242
1.485401e-04 1
4.273778e-05 6
4.357709e-05 1
1.078799e-04 1
5.089537e-05 3
7.712350e-05 89
3.625820e-05 179
1.706357e-04 1
1.847262e-05 1
5.527225e-05 1
5.177598e-06 1
8.082523e-05 1
3.573315e-05 1
4.638234e-06 1
6.676125e-05 1
3.249945e-05 1
6.306434e-05 15436
2.357614e-05 1
7.835309e-06 6
1.768486e-05 1
6.197629e-05 1
1.552471e-05 1
4.387911e-05 3
2.563256e-05 2
1.556839e-04 2
2.206092e-05 1
2.638025e-05 5704
5.583208e-05 1
7.005597e-06 39295
7.406955e-06 115
2.757773e-05 1193
6.062843e-05 57593
1.354403e-05 3
6.787721e-05 1
2.596631e-05 375
9.594631e-06 1
6.147174e-06 1
1.413209e-05 167
4.022332e-05 747
2.225254e-05 1
1.751474e-04 1
8.202013e-05 2
6.697087e-05 2
5.831686e-05 4741
7.347416e-05 1
1.292273e-04 223
3.596708e-06 977
7.977282e-06 2
4.374549e-05 3
1.522082e-05 6
4.982007e-05 1
3.320418e-05 2
2.233969e-05 1
7.534593e-05 1
4.475256e-06 2
9.219183e-05 1
9.175641e-05 1
3.237466e-05 221
2.095766e-05 1
1.944932e-07 2
3.967598e-05 5
3.956236e-05 1
7.085824e-05 4
5.142102e-05 2
3.019906e-05 1
2.202989e-05 4
3.981874e-05 2
9.216789e-05 1
2.703037e-07 1
5.243636e-06 1
1.905454e-05 1
3.305075e-05 1
6.277675e-05 5
4.843039e-05 20343
2.222497e-07 3
8.682520e-05 610302
3.532418e-05 224
4.911658e-05 1
2.520533e-05 1
1.930241e-05 2
4.499094e-05 3
3.293626e-06 1
9.132661e-05 1
1.676545e-04 252132
2.686453e-05 2
1.734811e-04 61823
9.529316e-06 1
8.257609e-06 1
1.347887e-05 1
2.573794e-05 1
2.102520e-05 5
5.677696e-05 1
6.538645e-05 272616
1.039283e-04 604
3.001453e-06 70
8.197277e-06 6
2.535549e-05 1
9.417271e-05 1
1.362556e-06 1
3.604449e-05 6
1.872151e-05 3
2.395283e-05 1
1.387452e-04 166
5.789595e-05 1
5.681306e-06 1
1.445790e-05 1
4.849960e-05 1
1.651378e-04 1
7.112471e-05 1
7.203366e-05 3
1.348572e-04 2
7.360967e-06 19462
2.900955e-05 1
6.370874e-05 4
6.106187e-05 1
2.695699e-06 2
3.928095e-06 7
2.431011e-06 5
3.068752e-05 2
5.385974e-06 2
3.736007e-05 1
7.500473e-05 1
5.790675e-06 1
1.036747e-04 1
3.636365e-05 174
5.046190e-06 1
8.298594e-05 1
6.762446e-05 148
2.620595e-05 1
1.693181e-04 1
6.142165e-05 1
1.341716e-05 1
1.094438e-04 1
6.009450e-05 1
4.886026e-05 1
2.885177e-05 1
1.107249e-05 11063
2.623245e-05 1
4.731168e-05 5
6.075327e-05 1
3.312466e-05 58281
1.069067e-05 1
1.254038e-04 1
3.820692e-06 33986
7.201101e-06 3
9.686463e-06 1
3.999739e-05 1
9.343616e-06 3
1.054560e-05 7
6.928844e-06 889
8.691017e-05 1
2.228075e-05 161976
1.137469e-05 1
9.878045e-05 2
1.449818e-05 7
6.644316e-06 1
2.994546e-05 1460
7.309971e-05 2
6.800318e-05 1
4.309194e-06 4
1.228360e-05 7
4.743652e-05 43509
2.118827e-05 1
9.730090e-06 1
1.073684e-05 28354
5.646062e-05 2
6.354703e-05 1
1.030104e-04 7
1.456582e-05 1
5.060250e-05 1
5.483404e-05 2
7.361254e-05 3
2.863320e-05 1
1.750951e-05 1768
8.171896e-05 1
6.807725e-05 1
1.112449e-04 1
3.184846e-05 96
5.572969e-05 3
1.464527e-05 1
2.518370e-05 1
2.195233e-05 1
1.035524e-06 1
6.059192e-05 1
6.407684e-05 1
1.437126e-06 3
7.460536e-05 5
4.770148e-05 2
8.693626e-07 7
7.177525e-05 203
2.376038e-05 1
3.088763e-06 61
8.012622e-05 1
7.029050e-06 1
8.444751e-05 4
2.697176e-05 6
7.544217e-05 1
1.554310e-05 1
1.180873e-05 2
7.925291e-06 1
4.246531e-05 1
1.558154e-05 1
8.284004e-05 1
9.761567e-05 4
2.831462e-05 1
2.371534e-05 261
6.947461e-05 4
5.792447e-05 1
2.083606e-05 659
8.543439e-05 1
8.852437e-05 64374
7.260813e-06 3
2.454347e-05 1
2.911529e-07 1
1.005953e-04 1
1.442189e-05 1
1.146673e-06 1
3.325621e-05 1
5.754541e-05 334
3.438306e-05 3
1.875902e-05 1
3.779221e-05 1
9.781420e-05 1
1.327672e-04 2
1.692985e-05 1
2.534495e-05 1
4.800640e-06 1509
1.637792e-06 206
2.336748e-05 130
7.976569e-05 1
4.988100e-05 221
2.874477e-07 3
1.675479e-05 1
4.082057e-06 18363
2.279504e-05 166
6.985881e-05 1
3.434716e-05 3
4.595689e-05 1
2.475400e-05 1
1.934110e-05 1
3.514993e-06 52384
1.400660e-05 24
6.834097e-06 1
4.219830e-05 531299
7.760475e-06 1
8.783588e-05 1
2.285028e-04 7
2.556810e-05 1
1.641192e-05 3
7.184628e-05 204558
1.349825e-05 1
5.294475e-05 1
4.528912e-05 1
6.787345e-05 1
1.310564e-04 211
3.301728e-06 193
2.422484e-06 1
1.102901e-05 1
8.938518e-05 1
5.455055e-06 1
2.849231e-06 1
1.453349e-05 1
8.747705e-05 4
1.535615e-05 1
3.178467e-05 3
1.820619e-06 1
3.448742e-05 1
5.736840e-05 3
1.747527e-04 1259
7.140378e-05 1
5.947739e-05 6
1.082399e-04 245
2.932218e-05 2
5.443168e-05 65
7.961020e-05 1
7.274711e-05 182
5.169910e-05 2
3.257126e-05 1
7.918526e-05 3
7.218347e-05 194
5.238881e-05 2
1.640010e-05 5
3.977870e-05 1
9.726224e-05 1
2.470662e-05 1
3.809234e-05 1
6.100796e-05 50885
6.878248e-05 1
3.562213e-06 1
3.458876e-05 1
8.083222e-05 2
2.732950e-05 1
4.608332e-05 1624
1.246024e-07 1
2.084743e-05 33055
5.163096e-06 1
8.138151e-05 1
9.699712e-06 1
1.238169e-06 3303
9.299840e-05 1
6.182170e-05 2
1.956280e-05 1
2.894540e-05 102
1.764985e-05 2
5.721504e-06 17259
6.872020e-05 364
7.301502e-05 1
1.105772e-04 3
1.001051e-05 1
1.821737e-04 3
1.602994e-04 1854
2.009164e-05 1
9.908146e-05 3
5.569864e-05 1149
3.500724e-05 1
5.362641e-05 1
7.170360e-06 1
6.967823e-05 1
1.402908e-04 1
3.536972e-05 2
7.238819e-05 2
1.953332e-05 1
1.093316e-04 3
3.358515e-05 1
3.419391e-05 3
2.114653e-04 1
1.666367e-04 2
4.895748e-05 2
1.657755e-05 563
4.729750e-05 2
1.329034e-05 4
2.212533e-05 2
2.007125e-05 3
3.710938e-05 1
8.487593e-05 2
1.176743e-05 1
2.511570e-05 3
1.308822e-05 1
4.560936e-06 1831
1.588356e-06 1
9.694361e-05 3
4.097765e-05 1
1.450357e-04 5
1.713501e-05 1
1.505228e-08 1760
4.191039e-06 1
1.542911e-05 2
8.582201e-07 1
4.196467e-05 1
6.778134e-06 1
1.059040e-04 1
1.682684e-05 1
9.152014e-06 4
2.104403e-05 1
7.196185e-05 2
3.349450e-05 2
1.483111e-04 1
1.062938e-04 1
1.571195e-05 160241
1.522916e-04 2
5.776491e-05 1
5.979756e-05 1
2.225554e-06 1
2.972156e-05 1
2.190145e-05 1
1.933104e-05 1
5.733846e-05 1
1.395259e-05 1
3.962837e-05 2
8.863895e-05 63258
1.935747e-05 1
1.410031e-05 1
6.243354e-05 130
1.893997e-05 1
1.818756e-05 172
1.037513e-04 1
1.209743e-05 53971
1.566990e-05 3
6.672017e-06 29
2.078489e-05 3
4.656201e-05 3
2.977235e-05 2
1.262623e-04 243
4.781493e-05 3
5.154568e-05 1
1.022972e-04 1
1.201370e-05 1
9.192482e-06 1
1.061832e-05 3
2.506868e-05 24
3.380737e-05 7
1.538430e-05 1
3.034505e-05 1149
2.822636e-05 143
2.505797e-05 2
3.397069e-05 2
4.726014e-05 1
1.823631e-07 3
3.229060e-05 73
1.648275e-05 3
8.184525e-07 5
1.281824e-04 230
1.097068e-04 1
7.411034e-06 115
3.150356e-05 3
1.107936e-04 1
1.363819e-06 4
7.132999e-05 4
4.881337e-05 3
2.942970e-06 2
3.399103e-04 225
7.408571e-05 7
1.169249e-05 1
6.042944e-05 1
2.503981e-05 56003
1.294336e-04 4
1.753380e-05 66
2.833672e-05 3
4.335189e-05 14
8.970336e-05 2
8.693971e-05 1
3.901444e-05 1515
2.610154e-05 7
1.899517e-05 7
3.114397e-04 4
6.040292e-05 1
2.899962e-05 2
7.501339e-05 1
4.150807e-06 1
1.099149e-04 1
6.571548e-06 3
2.253092e-05 184
1.395778e-05 1
9.161078e-05 1
8.166634e-05 41620
1.009514e-04 1
4.147923e-05 2
8.842818e-05 1
2.109377e-05 22825
3.068552e-05 43494
3.787342e-05 4
7.441257e-05 3
6.243634e-05 1
2.415652e-05 1945
3.606491e-05 1
9.834966e-05 3
1.993417e-05 3
4.253420e-05 3
6.955155e-05 8284
1.108517e-05 1
1.210998e-04 1
1.393143e-05 1
7.310600e-05 1
1.234256e-05 3
1.438727e-04 32377
2.963148e-05 1
2.617052e-06 1
8.174114e-05 2
1.492319e-05 1
6.730089e-05 1
1.215402e-05 171
2.165161e-05 2
1.513683e-04 3
8.884521e-05 34
3.558866e-05 6
6.468979e-05 1
3.922118e-05 1
5.681381e-05 1
7.696892e-05 3
3.169640e-05 1
1.880803e-05 1
4.556069e-05 1
1.076380e-04 1
8.832153e-05 1
4.805216e-05 3
1.494082e-04 115
4.007968e-05 1
5.578864e-05 1108
1.610270e-05 1
2.655828e-05 1
4.363626e-05 3
3.046696e-05 17
5.956630e-05 3
1.186227e-05 1
3.307701e-05 59813
9.119969e-06 4
5.499592e-05 6
6.850988e-05 5
3.761403e-05 1
2.907339e-05 1
1.170726e-04 933
2.610836e-05 1
1.083766e-05 3
2.993198e-05 3
7.717755e-06 1
1.366484e-04 5
5.136624e-07 1
3.378684e-05 1
2.123234e-05 3
1.853262e-05 1
6.052643e-06 1
1.203629e-05 27
1.488159e-05 1
1.934097e-04 146
8.626591e-05 1
1.105241e-04 222
3.419577e-05 1
2.491211e-05 2
6.010231e-06 1
4.700747e-05 2
8.592316e-05 6
8.536119e-05 2092
7.998890e-05 2
6.122798e-06 1
8.656899e-06 3
3.390398e-06 3
3.320111e-05 1
2.788836e-05 1
3.907804e-05 2
1.428097e-04 2
3.802179e-05 3
9.451869e-05 3
3.675609e-05 41402
3.455494e-05 7
1.145616e-04 3
2.134876e-05 1
6.897313e-06 3
1.864375e-05 3
4.775867e-05 35946
4.223634e-05 3
3.253561e-04 226
7.937618e-06 1
2.846671e-05 1
8.261540e-06 1
3.739568e-05 3
1.120850e-05 2
1.869055e-05 1
7.102052e-05 1765
8.359621e-05 3
2.297204e-05 2
1.914814e-05 1
7.614273e-05 1
3.859105e-05 1
4.005037e-06 125
1.010153e-06 4
2.114882e-05 1
4.629043e-05 6
5.901556e-05 1
1.097685e-05 1
3.727985e-05 1
1.224572e-04 18576
4.698288e-05 1
7.106352e-05 1751
9.180226e-06 1
2.997803e-05 1
5.572842e-05 1
6.819565e-05 1
3.078486e-05 3
3.339344e-05 1
5.867508e-06 255
1.008673e-04 3
6.020562e-06 1
6.889394e-06 3
4.667556e-06 2
6.979062e-06 1
2.457737e-05 1
8.051032e-06 6
3.130099e-05 416
4.806595e-05 3
8.863174e-05 37
5.116929e-05 53930
8.769161e-06 745
1.538962e-04 1
5.354607e-05 1
2.698853e-05 1
5.728250e-06 1
7.814887e-05 4
2.597888e-05 2
1.223260e-05 1
7.605678e-05 14138
8.891932e-06 7
4.342420e-05 1
5.786225e-05 3
1.766053e-04 1
1.801251e-04 3
3.441647e-05 3
2.593017e-05 3
6.272648e-05 21164
7.605249e-06 2
9.108266e-05 2
5.710563e-05 1
5.690337e-06 1
2.254773e-05 1
1.701698e-05 1
4.450882e-06 1979
1.001897e-04 1
8.915388e-05 58264
1.070100e-04 1
5.963639e-05 1614
4.518319e-05 2952
1.665907e-05 7
7.659778e-06 4
1.335959e-04 43
9.429178e-06 1
7.177899e-06 29662
4.828125e-05 23792
1.206023e-04 2
1.721559e-05 1
4.362252e-05 2
1.783713e-05 1
2.354246e-05 7
1.556027e-05 422802
6.723782e-05 1
5.421936e-05 6
2.217798e-05 1
5.310981e-05 109
2.673167e-05 1
3.116453e-05 7
1.727303e-05 85
6.601940e-06 1
1.059041e-04 3
7.962331e-05 65255
2.049874e-05 1
1.018055e-04 952
2.415511e-05 1
1.552567e-05 482740
1.603334e-05 1
5.849431e-05 91
2.749236e-04 1
9.487389e-05 1
5.074422e-05 1
1.785639e-05 1
6.414178e-06 1551
3.532168e-05 4
1.319834e-04 3
3.480033e-05 1
3.798153e-05 2
7.457332e-05 1
5.061216e-05 1
8.327700e-06 1
3.177221e-05 100
1.275412e-05 21226
3.578181e-05 2
9.771054e-05 2
4.706339e-05 1
5.650457e-07 163
3.038487e-05 1118
9.372622e-06 1
2.718121e-05 2
4.497576e-06 1
1.052822e-05 2
2.113233e-05 122
2.715549e-05 6
4.279291e-05 1
1.386947e-04 1
4.657450e-06 63
4.091879e-06 17783
1.363048e-07 1
3.338007e-06 2
8.862002e-05 1
1.177776e-04 41832
7.620564e-06 1
8.675722e-05 3
1.548832e-05 1
5.135379e-05 1
6.135809e-05 5
2.682626e-04 1
6.221077e-05 1
2.218554e-04 3
2.334502e-06 1
1.722842e-04 1
1.929144e-04 2
1.139109e-05 4
1.494187e-05 1
3.754806e-05 1
1.005391e-04 25
5.408562e-05 2
1.408394e-05 2
2.664222e-05 82
1.567930e-06 1
6.310931e-05 1
2.452473e-05 6
4.715518e-05 1
1.392685e-04 46822
3.353498e-05 926
3.076804e-05 1
2.330052e-05 1
1.448279e-05 140
1.327639e-04 1
4.440073e-05 22458
4.280571e-05 190
2.304432e-05 1
5.264021e-05 1
3.097976e-05 1
2.076347e-05 36547
3.404571e-05 3
1.638479e-05 1
1.916429e-05 1
2.469944e-05 1
8.167753e-05 41496
4.670228e-05 6
5.947430e-06 2
7.404402e-05 5
3.359021e-05 3
2.371230e-05 12300
5.896905e-05 2
4.693140e-05 1
4.386253e-06 1
1.499826e-05 2
1.181726e-06 1
1.734229e-06 1
3.873211e-05 1
1.153316e-04 1
6.718890e-06 2
2.017859e-05 2
6.332606e-05 1
1.813020e-05 3
9.379840e-05 3
1.818487e-05 5
7.792565e-05 1849
2.704804e-06 1
8.405591e-06 1
4.297474e-05 5
8.935944e-06 3
4.414376e-05 1
1.590570e-05 1
1.730617e-05 1
1.559968e-05 1
4.219576e-05 1
2.861297e-05 1
3.359516e-05 1
1.329069e-05 1
3.298243e-05 1
5.720843e-05 1
1.692484e-05 1
4.324617e-06 1
2.052923e-05 1
7.533607e-05 1
8.438604e-05 2
2.211339e-05 1
6.244286e-05 1
2.358005e-05 1
9.140376e-06 1
1.914708e-06 2
1.050178e-04 7
5.137143e-06 1
9.295834e-05 1
1.081643e-05 1
8.695213e-05 1
5.257570e-05 1
2.826454e-05 1
4.966235e-06 1
2.948118e-05 225
8.093526e-06 1582
1.156600e-05 1737
5.629587e-05 43285
9.931528e-05 1381
6.542189e-05 6
1.932048e-05 2
6.542596e-05 1
2.964164e-05 3
3.415558e-05 480
1.627336e-05 7
1.299053e-05 1
2.586041e-05 1
5.535464e-05 1
3.516526e-06 52291
2.942267e-07 6
4.058514e-07 2
3.276974e-05 1
8.259445e-06 3
2.695285e-05 3
2.210699e-05 2
4.047102e-05 3
1.012769e-05 185
1.125954e-05 2
7.419112e-05 2
8.485618e-07 1
9.911033e-05 1
2.282451e-05 3
7.415623e-05 7
5.616185e-05 2
2.268342e-07 1
1.173654e-05 1
1.502541e-05 1
5.379008e-05 1
1.256178e-05 1
1.058428e-05 147
4.438772e-06 6
1.116391e-04 4
3.388938e-05 3
2.370151e-05 3
1.767637e-05 365993
4.513124e-05 1
1.590941e-05 32
7.308897e-05 174
1.708900e-05 6130
8.019562e-05 5
1.707788e-05 99
2.380939e-06 3
1.588111e-05 1
1.972851e-04 7
1.146355e-04 1
2.243926e-05 62835
3.641375e-05 1
2.295175e-05 5
7.811710e-05 4
6.411738e-05 85
7.991857e-05 2
7.035142e-05 2
6.018840e-05 1
8.826274e-05 196
1.621538e-05 1
9.345760e-06 4
6.073719e-05 1
8.840589e-06 1
1.721091e-05 4
8.137148e-07 30315
3.206187e-06 6
3.338056e-05 3
4.104624e-05 3
3.786249e-05 1
1.217922e-04 1
4.499697e-05 1
1.054416e-04 1
2.225518e-05 1
4.582691e-05 220
9.081192e-06 1
1.328687e-04 6
5.342428e-05 2
3.579386e-05 48
5.714544e-06 3
4.003833e-06 1
1.149798e-05 1816
5.926363e-05 1
7.385641e-05 1
6.083347e-05 22
8.264098e-05 1
6.005909e-05 1
6.561425e-06 192
2.145251e-05 1
9.340865e-05 19055
6.286847e-06 1
5.838330e-06 1
5.029894e-05 1
1.329524e-04 47
8.401282e-05 266
2.513460e-05 173
3.970886e-06 5
1.440601e-04 1
1.350557e-05 2
6.639861e-06 1
1.168791e-05 208
6.002542e-06 1
3.476581e-05 1
4.151164e-05 1
1.305736e-05 3
9.849763e-05 3
2.820604e-05 1
1.944867e-05 4
8.446842e-05 1
2.071733e-05 2
4.887372e-05 3
1.875114e-05 1
3.989150e-05 956
4.437966e-05 1
2.390050e-05 96
6.890286e-06 1
1.868912e-05 1
5.665863e-05 1
4.005747e-05 3
2.242976e-05 37
3.462124e-05 2
1.254101e-05 1
4.484555e-06 1
9.287238e-06 1
1.644929e-05 3
1.436809e-05 1
1.401297e-04 3
7.976971e-07 1
3.639262e-06 1
4.531863e-05 1
8.863484e-05 1
1.980620e-06 1
6.532649e-06 1
8.814663e-05 2
5.590190e-05 1
1.915067e-05 1
2.094055e-05 1
5.637298e-05 7
7.806260e-05 4
6.617499e-06 1
3.595075e-05 1
1.872471e-06 1
3.073272e-05 1
1.112239e-04 1
2.073369e-05 1
6.843539e-06 3
1.973132e-05 2
1.334818e-05 1
5.409410e-05 2
1.905232e-05 1
2.453944e-05 2
2.762997e-05 177
1.007977e-05 3
3.688526e-05 1
8.279920e-05 2
8.250918e-05 1
1.123886e-05 1
1.420568e-04 1
6.986099e-06 3
4.845112e-05 2
6.098385e-05 1
1.736732e-05 1
1.569314e-05 2
3.924272e-05 1
9.203238e-06 1
1.490333e-05 1
5.870789e-05 1
1.405540e-04 157
4.356469e-05 1
5.100008e-05 1
4.585540e-05 1
6.415890e-06 3
7.717697e-05 1
1.370756e-05 1
5.512468e-05 1
5.906516e-05 1852
7.293719e-05 1
3.269736e-05 1
1.070909e-04 1
5.501906e-06 5
1.196568e-05 1
2.993560e-05 46
5.933963e-06 1
2.602506e-05 326
3.715881e-05 1
2.568361e-05 1
3.849480e-05 1
4.070973e-05 127
1.347163e-04 2
3.900397e-05 3
4.995681e-06 31
6.220805e-05 5
4.244492e-05 2
5.317186e-06 40632
5.008218e-05 214
9.149159e-06 7
3.270342e-06 196
2.629806e-05 1
4.750170e-06 1
8.420593e-07 1
4.504840e-05 6291
1.867159e-06 1
2.242827e-05 3
2.074696e-05 148
2.206335e-05 1
1.481434e-05 1
1.446913e-04 1
3.554069e-05 2
5.670425e-05 1
5.443517e-05 218
1.844139e-04 5
2.735881e-05 1
1.675967e-05 1
6.054730e-05 59028
5.964306e-06 2
7.085524e-06 1
9.344480e-06 1
1.416691e-04 787
7.124976e-07 1
2.622608e-05 7
2.278770e-05 1
2.880418e-05 1
2.464630e-06 1
1.362618e-05 1
2.222030e-05 1
9.690188e-07 360
5.224154e-05 3
1.819416e-06 2
6.553108e-05 1
1.606455e-04 6
2.931149e-05 81
2.330318e-05 1
2.145394e-06 837
1.401589e-05 1
3.484555e-05 95
2.961051e-05 1
3.607338e-05 6
1.613455e-05 3
1.146399e-05 1
8.129282e-05 1
3.407002e-05 5
4.120554e-06 4
8.631105e-06 5
2.424972e-05 1
6.058542e-05 1
1.605703e-05 3
6.746032e-05 1
4.771600e-05 3
3.641083e-05 1
1.401580e-05 1138
5.100549e-05 1
3.577584e-05 1
1.660063e-05 7
1.802672e-05 1
6.784719e-05 3
1.117357e-04 2
4.020942e-06 7
4.502522e-05 99
2.656788e-05 6
8.967623e-05 2
4.664341e-05 6
5.195050e-05 5
2.370479e-05 1
2.269719e-05 1
1.996520e-05 1
8.435059e-05 1
3.739001e-05 1
7.458516e-05 1
1.568423e-04 6
1.374174e-05 1
2.214123e-05 1
5.466891e-05 57
2.369046e-05 3
2.001688e-06 1
3.606075e-05 3
1.583193e-06 211
5.627749e-06 2
7.156974e-05 1
8.744224e-06 776
1.952896e-04 1
1.358230e-05 1
6.876687e-06 3
1.224578e-05 1
1.539200e-05 3
2.986030e-06 2
1.396497e-05 1
2.743958e-05 6
3.654694e-06 3
1.023706e-05 1
7.262745e-05 2
9.003740e-06 3
5.074687e-05 63163
3.994542e-05 3
1.658098e-05 560
3.251455e-05 1
1.838510e-05 43384
9.970403e-06 6
1.271467e-04 6
6.354175e-05 4
6.413221e-06 1
1.437204e-04 2
7.742754e-05 3
5.491665e-05 202
1.784987e-05 1
7.747250e-05 4
1.310314e-04 2
3.272323e-05 235029
3.004001e-05 194
8.484523e-05 1
5.825997e-06 1
3.754008e-05 1
1.212150e-04 1
1.616049e-05 1
6.090055e-05 1
1.293821e-05 3
3.980707e-06 1
3.408647e-05 1
5.125646e-06 2
1.834056e-05 3
4.250316e-05 2
1.148284e-04 1
4.113058e-05 1
3.223085e-05 2
8.064143e-05 1
1.446139e-05 1
2.451921e-05 1
1.287827e-04 73
3.272515e-06 1
2.225281e-05 49
5.352255e-05 1
5.650734e-05 1
1.022842e-04 7
3.083356e-06 1
2.548184e-04 3
4.019892e-06 2
9.754141e-06 6
8.164231e-05 5
1.984236e-04 1
5.322143e-05 4
4.424309e-05 1
2.102488e-07 1
5.280984e-07 1
1.948303e-05 1
1.488249e-05 1
7.675676e-05 97
1.415491e-05 5
2.415967e-05 1
6.655755e-06 1
9.758752e-05 1
3.467636e-06 1
2.294930e-04 1
2.364657e-05 1
1.961060e-05 1
1.416615e-05 164
7.576968e-05 1
5.179983e-05 1
1.083541e-05 1
2.203227e-06 3
3.278241e-05 2
6.757843e-06 53209
1.757120e-05 1
4.888989e-05 1
6.298866e-05 1
5.227682e-05 7
2.451202e-06 405
8.857205e-05 3
4.855618e-06 1435
6.665081e-05 172
4.503210e-06 1
1.825345e-04 14
7.856733e-06 1
7.846187e-05 2
2.949216e-05 6
8.225150e-06 43
2.457877e-05 207
7.166214e-05 53
2.026528e-05 1
1.691960e-04 151455
5.008130e-05 1
6.032099e-05 37
4.510112e-05 1
3.331713e-08 1
1.422298e-05 1
4.196960e-05 1
4.855954e-05 7
1.209746e-05 1
1.295665e-05 1
1.164234e-05 2
1.058804e-04 297
4.841083e-05 1
2.337037e-05 25750
2.223716e-05 227261
2.031665e-05 1
2.046346e-05 3
6.588966e-05 1
5.142194e-05 2
1.620362e-05 1
3.381260e-05 1
1.157395e-05 577125
1.525003e-04 4
2.987243e-05 3
3.520602e-05 1
2.534017e-05 2
4.403811e-05 1
8.448567e-05 4
8.793871e-05 1
1.133662e-05 3
1.859629e-05 5
5.733474e-05 23256
4.103578e-05 113
2.892962e-05 1
5.471970e-05 1
1.167338e-05 1
1.044918e-06 4
3.040951e-05 2
1.046668e-06 1
1.594175e-05 1
3.664360e-05 1
4.881143e-05 7
6.654799e-05 5
6.743258e-05 1
3.347219e-05 1
7.992324e-05 1
1.139032e-05 1
2.618523e-05 2
4.838354e-05 1
3.501226e-05 87
2.186621e-05 1
1.706525e-05 7187
1.997544e-06 1
2.519468e-05 16
1.756756e-05 2
1.229254e-05 5
5.909138e-05 2
1.635760e-05 152
6.726311e-05 7
2.927543e-05 1
8.246687e-05 3
1.469432e-04 7
7.385041e-06 3
3.866430e-06 1
1.941678e-05 1
1.928752e-05 4
1.242674e-04 2
1.449167e-04 7
4.770406e-05 7
4.881180e-05 1
2.158397e-05 1
8.632232e-05 227
1.591590e-05 3
6.731784e-05 1
6.758798e-05 1
1.181933e-06 1
5.505653e-05 197
1.470806e-04 7
2.044537e-05 16
3.751093e-06 2
2.558143e-05 1
9.018827e-05 166
5.911374e-05 1
1.370072e-05 181375
2.378521e-05 256
2.313055e-05 3
1.812845e-05 2
1.749769e-05 2
5.999049e-05 1
1.567602e-05 2
2.018247e-04 1
4.676400e-05 31
2.126330e-05 15812
8.242503e-06 1
4.325683e-05 3
2.662581e-04 1
4.754208e-05 3
1.906469e-04 3
2.827907e-05 1
3.415698e-05 2
3.565670e-05 1590
8.159202e-05 1
6.361599e-05 1
1.613695e-04 3
8.417738e-05 3
1.525271e-05 1
1.054720e-05 1
1.406336e-05 172
3.427692e-06 1209
4.742965e-05 1
6.178700e-05 148
1.992165e-05 1
6.566976e-05 1
5.114474e-05 3
1.525314e-04 3
1.740273e-04 1
7.203854e-06 28216
6.382139e-05 1
5.877933e-05 1
1.926494e-05 1
7.904983e-07 1
9.818668e-06 1
3.906672e-05 47
5.885977e-06 2
7.151130e-05 209
3.883812e-05 1628
6.011760e-05 1
5.533590e-05 1
2.776539e-05 169
1.463951e-04 7
7.361261e-06 1
1.545990e-05 1740
4.170435e-05 1
2.361304e-05 4
2.043287e-05 169
3.600597e-05 1
6.404451e-06 1563
1.311703e-04 4
4.295115e-05 1
2.165204e-05 1
9.735762e-05 1
5.682323e-05 1
4.695869e-05 1
4.048480e-05 1
4.944567e-05 2
1.636673e-04 1
7.034438e-06 1
2.059673e-05 5
5.807855e-05 1
1.553050e-05 1
1.079430e-05 1
2.891171e-05 3
9.434208e-07 3
5.832264e-05 1
2.538448e-05 42927
9.885804e-06 1
1.456968e-04 3
1.131449e-04 1
4.664987e-05 1
8.855846e-05 64047
1.385449e-05 1
4.438649e-05 5
7.809999e-06 4
1.440622e-05 711
7.432903e-05 3
5.424516e-05 2
2.800194e-05 3
5.106029e-05 56306
8.702319e-05 1
8.119989e-05 11
1.105804e-04 68
2.872492e-05 16081
1.102574e-04 1
9.890698e-05 1
3.769397e-05 1
2.853202e-05 125
4.272186e-05 1387
6.588017e-05 1
4.971958e-05 6
9.514912e-06 6
3.878549e-05 1
5.619237e-05 1
1.639638e-06 1
3.370682e-05 1
5.227148e-05 1
8.138991e-05 1
1.352646e-06 235
1.058069e-04 1
1.799977e-05 1
4.717935e-05 1
1.568191e-04 1
1.888122e-05 1
2.402462e-06 1
1.980116e-04 1
3.814092e-05 3
1.108609e-04 590915
8.147643e-05 2
3.984087e-05 1
3.868645e-05 2
1.142600e-04 1
2.597416e-05 1
7.701067e-05 4
3.017097e-05 186
6.387318e-06 1
5.090426e-05 2
8.534246e-06 1
5.261466e-05 125
3.283341e-05 2
3.525288e-05 1
3.932491e-05 1
2.969487e-05 3
3.972986e-05 1
2.285561e-05 2
7.511310e-05 3
6.244037e-05 3
4.325134e-05 1
4.131614e-05 254
3.240679e-05 1
2.069132e-04 442
1.887318e-05 1
5.048060e-05 1
2.608831e-06 1
3.532776e-05 2
3.621243e-05 2
1.234539e-05 41541
4.181830e-05 1
3.744890e-06 1
3.240897e-05 1
1.527872e-04 1
3.014856e-05 61697
1.557393e-05 1
1.146120e-04 1
5.765145e-06 1
6.960698e-05 100
2.862220e-05 1
9.103661e-05 1
9.017137e-05 3
2.856827e-07 39
1.330225e-05 1
1.217108e-04 7
2.812392e-05 37355
3.913320e-05 1438
2.089083e-05 139
2.745175e-06 2
7.116469e-05 1
5.401146e-05 2
4.202931e-06 4
2.368434e-05 1
1.257395e-05 1
1.656537e-05 1
3.865858e-05 2
2.713400e-05 1
1.318546e-04 2
6.701048e-05 2
1.039236e-06 3
3.884199e-05 1
5.953431e-05 1
4.479927e-06 1
3.994898e-05 919
8.296442e-05 3
6.027011e-05 63988
1.435154e-04 3
3.972768e-05 51085
1.902671e-06 1
1.597573e-04 1881
4.351320e-05 1
1.567211e-05 1
1.030135e-05 1
4.175760e-06 1
3.800085e-06 2
2.986693e-05 1
4.293327e-05 1
8.523407e-05 2
1.387680e-05 1
2.578138e-05 1
5.384820e-05 1
4.321473e-05 1
6.141270e-05 1
7.312895e-05 1
5.353279e-06 1
1.629055e-07 1
2.612330e-05 1
6.997699e-09 1
1.049639e-05 2
1.374685e-05 1
3.719795e-05 134
5.547989e-05 1
2.618941e-05 4
1.023046e-04 1
7.087681e-05 1
5.428431e-05 1795
1.107452e-04 4
1.327722e-04 2
3.766324e-05 1
2.825960e-05 636
8.828907e-05 2
6.022484e-05 1
6.178801e-05 2
4.380372e-05 2
3.651387e-05 166
9.350493e-06 251
8.924704e-05 2
3.394435e-05 1
7.406900e-05 5
2.211469e-05 1626
5.629466e-05 3
3.676570e-05 154
3.167365e-05 4
1.137174e-04 63993
4.777782e-05 704
1.258392e-05 1
2.655919e-05 87
3.508056e-06 3
3.992420e-05 2
4.015912e-05 5
5.697848e-05 1
2.020475e-05 2
7.636018e-05 2
3.771421e-05 1
1.101272e-04 6
4.529012e-05 2
8.721785e-05 1
1.596336e-04 4
1.586092e-06 1
1.357830e-04 1
1.235455e-04 1
1.521138e-04 9807
8.476814e-05 4
1.584912e-06 1
7.850815e-05 2
3.201641e-05 1
2.222925e-05 1521
5.996171e-05 1
3.237249e-05 68
7.247102e-07 2
3.971672e-05 171
5.771441e-06 1
4.446218e-05 20919
1.933020e-04 147
2.375534e-05 1
1.597432e-05 1
1.608359e-04 1
5.100168e-06 1
5.048178e-05 1
3.719620e-05 1
8.428764e-05 1
7.272866e-06 5
1.166518e-04 12
1.072177e-04 1
5.789068e-05 1
2.072927e-04 1
1.021076e-05 1
9.815410e-05 208
1.044569e-04 1
9.556585e-05 4
5.963430e-06 1
2.516437e-06 2
8.058455e-05 1
3.512584e-05 2
3.241235e-06 1
1.576159e-05 1
3.661692e-05 933
5.724493e-06 4
2.362668e-05 1
9.483300e-05 1
2.225026e-05 1501
6.954821e-06 3
1.269778e-06 1
4.127899e-05 1
2.345292e-06 3
3.094604e-05 1
3.421393e-05 2
8.016590e-05 1
6.017832e-06 1
1.861397e-05 33357
9.727151e-06 1
2.333629e-05 1
1.114351e-05 3
4.257582e-06 1
4.991529e-05 4
4.623049e-06 1
3.087225e-05 1
3.638979e-05 1
2.627800e-05 1
6.132152e-05 161
9.073947e-06 122
4.149457e-05 1
3.130714e-05 3
9.513007e-05 4
1.216155e-05 1052
4.195134e-05 2
5.390622e-05 1
1.327900e-04 2
3.564873e-05 1
1.935098e-06 23
6.672223e-05 1
9.657856e-05 1
1.514441e-04 1
1.229916e-05 1
4.028724e-05 1
8.986060e-05 171
1.644931e-05 35184
3.037262e-05 1
1.681656e-05 1
2.017110e-05 6
1.515348e-05 1
2.517853e-05 3
5.146880e-05 2
4.860457e-05 3
3.719099e-05 1
4.809089e-05 5
8.674408e-05 1
8.236961e-05 1
1.157459e-04 1
2.799705e-06 1
1.073708e-05 1
7.266757e-05 1
3.318538e-05 1
3.217691e-05 1
1.874067e-07 202
4.848962e-05 1
6.127224e-05 949
2.624459e-06 2
1.067744e-04 1
2.783799e-05 1
3.574223e-05 2
2.211004e-05 4
1.957638e-05 1
9.743407e-05 1720
5.900123e-05 2
2.893658e-05 4
2.155509e-05 4
1.601679e-05 1
1.296888e-04 1
4.651255e-05 194
4.753249e-05 3
6.006789e-06 4
5.153236e-05 1
7.261691e-05 31
6.868083e-06 164
4.638160e-06 1
4.508971e-05 2
2.052681e-05 46445
8.140437e-05 1
3.205517e-05 1
9.016435e-06 1
1.205539e-04 1
1.488040e-05 1
1.192208e-04 1
1.781169e-05 1
4.616527e-05 334403
4.749586e-05 3
4.579125e-05 222
4.786102e-05 1
8.894577e-05 1
1.072151e-05 1
1.147290e-04 29
1.036798e-04 32847
1.409247e-05 5
8.167138e-05 3
1.565314e-05 1
1.025830e-05 1
1.717929e-05 1
2.224277e-05 1
3.096289e-05 1
2.169461e-05 2
7.812035e-05 1
8.111700e-06 1
2.716332e-06 1
1.874716e-04 2
4.249407e-05 50
6.925288e-05 7
2.876164e-06 1
1.945607e-05 1
5.170473e-05 156
4.772803e-06 1
1.455307e-05 3
3.371301e-05 797
2.993142e-05 157802
2.397911e-05 2
1.495646e-04 1
7.481988e-05 582
4.338783e-05 2
5.206104e-05 1
8.440725e-06 1
1.052726e-05 1
1.849290e-04 1
1.358060e-04 3
1.223868e-05 1
4.809666e-05 1
4.102134e-05 1
1.128560e-04 1
6.529535e-07 1
9.723637e-05 3
3.054970e-06 2
8.749099e-06 2
2.344553e-04 1
2.266269e-05 3
6.660658e-07 802
4.711635e-05 3
2.318135e-05 5
6.004226e-05 1
2.710138e-05 1
3.269152e-04 1
1.572198e-05 6
5.254976e-06 1
9.605975e-05 4
1.362519e-05 1
8.937230e-07 3
1.408892e-05 1058
2.509585e-05 1123
3.427328e-05 1
1.141718e-05 1
1.413321e-04 1
1.637646e-05 1
2.435674e-05 1
1.993842e-05 1
5.579887e-05 5
2.882082e-05 12715
5.589646e-05 2
2.391852e-05 1
4.054452e-05 28585
4.497903e-06 1
3.138240e-05 1
6.123779e-05 11
1.105581e-04 1
1.938708e-04 1
1.279285e-05 3
1.319108e-04 53
2.179681e-04 1
5.668365e-06 7
4.646164e-05 196
8.171816e-05 2
9.416069e-06 1
1.722288e-05 1
3.542106e-05 1
7.749809e-05 1
5.293372e-05 1
1.113958e-04 1
2.798424e-05 156
9.127143e-05 768
3.931528e-05 3
1.166651e-05 3
1.221218e-04 1
6.391809e-07 155
9.193358e-05 1
2.128286e-05 1
1.258974e-04 2
8.109712e-06 1
1.175021e-04 1
1.026644e-04 809
7.421705e-06 114
3.472295e-05 3
1.245314e-05 2
1.233407e-04 1
6.297154e-06 1
8.765073e-05 1
5.910557e-05 1
3.331317e-06 6
1.105084e-06 260
4.096949e-06 1
1.248800e-04 1
1.373079e-05 1
2.745202e-05 1
3.344260e-05 1
1.916610e-05 1
1.301366e-04 1
1.136746e-04 1
4.570561e-06 1
1.189804e-04 1
1.275749e-05 7
8.615823e-05 77
3.427088e-05 7
2.228028e-05 47
8.118046e-05 1
2.310815e-05 1
2.983625e-06 1
2.026630e-05 181
1.963893e-04 3
1.046945e-04 25751
1.149576e-05 1
9.656936e-06 1
3.519307e-05 1
6.049529e-05 1
2.326369e-05 1
1.850175e-05 1
2.798569e-05 42276
1.929994e-05 3619
2.478475e-05 1
1.556189e-05 1
1.116990e-05 2
8.060462e-05 5
2.910521e-05 1
2.337541e-05 7
9.083244e-05 42360
1.483273e-05 266
7.433200e-06 113
3.365289e-06 3
1.124488e-04 2
3.835438e-05 1
2.812152e-05 1
2.863089e-05 1
5.220164e-05 139
3.873285e-05 1
1.580079e-04 1
3.723555e-05 132
7.635927e-06 4
3.506007e-05 6
4.204752e-06 1
1.400952e-05 1
1.239860e-05 1
2.565650e-05 640
4.870468e-05 1
3.956329e-05 3
2.007807e-04 7
1.371060e-04 3
5.952876e-05 4
9.728509e-05 608925
3.531443e-06 2
7.869299e-05 3
3.679228e-06 2
9.968310e-06 1
3.983022e-05 1
1.222450e-07 209
5.817069e-05 1
2.335894e-05 5
9.558046e-07 122
6.610495e-05 33
3.156542e-05 1
1.052362e-04 2
4.988880e-05 68
3.566500e-06 3
9.938247e-05 2
5.772386e-05 1
1.529270e-04 3
2.449675e-05 59
1.637303e-05 1
5.747096e-05 1
2.715912e-05 2
9.001867e-06 1
9.763700e-05 503356
3.068665e-05 1
1.310268e-05 1
1.558600e-04 89
4.585022e-05 2
1.290205e-04 224
4.391801e-05 5
9.533646e-05 1
1.209239e-05 2
1.450680e-05 30978
1.592247e-05 1
1.545534e-05 1
4.920388e-05 2
8.680141e-06 1
9.660615e-06 1
1.224005e-05 1
2.798377e-06 1
4.010300e-05 40690
1.076434e-05 3
1.189640e-05 1
4.848746e-06 45
8.192906e-05 38658
3.967210e-05 1
1.682170e-05 18224
6.453502e-05 2
8.294092e-05 27396
8.145226e-05 5
6.817420e-05 1
1.130496e-04 1
4.785672e-05 1
2.956559e-05 67
1.280470e-05 1
3.136974e-06 2
8.022328e-06 1
2.685443e-05 4
5.782831e-05 3
1.048147e-05 1
7.919387e-06 2
2.136809e-05 11500
1.327911e-05 6
9.687270e-05 3
5.729746e-05 3
1.015816e-04 3
9.037505e-05 1
3.724150e-05 1
7.444216e-06 7
1.769172e-05 6
2.638148e-05 1
6.685242e-05 1
1.968868e-05 220
1.509675e-04 4
6.020600e-05 3
1.020011e-05 1
9.961743e-07 4
3.232596e-05 3
1.830255e-06 1
8.880913e-05 2
3.721179e-05 2
9.957099e-05 1
1.389662e-05 185
1.805842e-04 1
3.429897e-05 3
7.589683e-05 1
1.636409e-04 1
5.828375e-05 1
1.058906e-05 146
3.580468e-05 2
4.431908e-05 1
1.136333e-05 1
1.148686e-04 28
6.428900e-06 2
3.611151e-05 2
3.437429e-05 3
1.822688e-05 16
2.752045e-05 1
6.434646e-05 4
1.490507e-05 1
1.925191e-04 1
3.839146e-06 644
9.717710e-06 1756
4.557046e-05 1
3.204840e-05 3
2.499456e-05 1
4.934749e-05 6
1.400617e-05 54993
1.892855e-05 3
1.126982e-04 1
6.194395e-05 34563
3.303713e-05 1
9.183158e-05 1
5.512907e-05 1
1.750081e-05 6
2.340544e-05 1
2.375323e-04 1
1.328607e-05 1
8.304737e-06 1319
6.940099e-05 7
1.594849e-05 1
1.500414e-06 2
5.613923e-05 2
3.300909e-05 2
2.096027e-05 134
9.724656e-06 219
3.163700e-05 1
6.390690e-07 1
1.077507e-04 3
7.124867e-05 1
1.734153e-05 1940
1.600446e-04 1
2.340526e-05 3
1.319861e-04 3
8.266574e-06 1
6.762105e-05 1
1.390238e-04 3
1.189714e-05 1
7.149494e-05 210
5.001751e-06 1
4.014222e-05 1
7.410491e-05 39579
8.147377e-05 2
3.591793e-05 3
5.495406e-05 183556
1.036921e-05 165
7.775994e-06 1
2.446061e-05 3
7.400323e-07 1
3.337298e-05 3
6.110122e-05 2
6.819473e-05 1
8.672656e-05 1
1.455604e-04 1
1.280331e-04 1
8.990815e-05 18
4.345958e-05 1
6.653755e-06 1
8.615740e-06 1
3.681660e-05 39605
8.983749e-05 3
3.248552e-05 1
1.962791e-05 1
9.113378e-05 1
6.113386e-05 1
4.852110e-05 1
7.727656e-06 1
3.642390e-05 1
1.609860e-05 3
6.432119e-05 4
3.569466e-05 2
1.356523e-04 1245
3.497012e-06 3
5.915358e-05 4
1.360869e-04 28
5.245074e-06 2
3.728676e-05 1
3.507729e-05 1
3.216459e-05 1
2.060069e-05 1
2.778670e-05 15
7.379163e-05 1
7.188324e-05 1
2.139837e-05 1
8.139305e-05 1
7.835447e-06 1
6.913017e-06 44479
7.494355e-06 1
1.274826e-04 1
2.491106e-05 1
6.264340e-05 1
2.280304e-05 13
3.969747e-05 1
5.367120e-05 2
6.628472e-05 1
1.718362e-07 1
2.999626e-05 1
8.794072e-05 1
1.311044e-05 2
7.744733e-07 643
1.907386e-04 2
4.984332e-05 1
5.425725e-06 3
1.477548e-04 1
1.138007e-04 191
6.461004e-05 1
4.961540e-05 1
3.343103e-05 1
5.248941e-06 1
1.536311e-05 73
3.369753e-06 2
1.695296e-04 1
5.803342e-05 1
5.873405e-05 83
2.643943e-05 1
3.796201e-05 1
5.139292e-05 167
2.338334e-05 1
9.543955e-06 6
1.621304e-05 1
5.649996e-06 1
2.190529e-05 224
1.315624e-04 1
1.351944e-05 1
4.080795e-05 21417
1.031314e-05 2
4.171960e-05 1
3.797834e-05 97
1.575441e-04 2
1.270378e-05 1
2.902175e-05 1
1.269458e-04 1
5.511994e-05 3
2.569763e-06 1
8.185316e-06 1
4.480514e-06 6
1.716992e-05 245
1.106834e-05 1
6.003389e-05 3
1.134695e-04 6
3.746307e-05 1
4.272072e-05 65470
1.717411e-05 1
4.354350e-05 1
5.842263e-05 1
6.121173e-05 973
9.622635e-05 1
1.496365e-04 1
3.146212e-06 365698
2.505529e-05 1
1.208891e-04 490
5.033000e-05 2
1.111845e-05 1
1.234574e-05 155
3.184665e-05 1
6.597125e-06 1315
2.005088e-05 1
6.100479e-05 1
7.255295e-06 472
5.961839e-05 1621
5.859609e-06 1
1.254164e-05 1
3.838642e-05 6
1.126111e-04 2
3.167545e-05 105
1.527334e-04 1
5.460674e-05 212
1.864103e-06 183
1.385465e-05 1
9.331895e-06 1
1.536904e-05 1
4.180359e-06 1
3.960871e-05 1
4.655188e-05 1
3.005486e-05 3
1.090472e-05 2
5.295846e-06 41860
4.945358e-05 3
1.083506e-04 1
4.099572e-05 1
1.337470e-06 1
1.285719e-04 1
1.113002e-05 7
1.158725e-05 1
4.474368e-05 1
5.304869e-05 1
1.315617e-05 6
3.959338e-05 1
4.494826e-05 7
1.577062e-05 66454
1.265552e-05 3
1.752183e-05 1
4.696488e-05 1
7.250464e-05 1
1.112847e-05 1
6.949545e-06 7
1.103997e-04 4
7.645250e-05 1
3.991347e-05 1
2.615433e-05 1
2.599690e-05 1
8.806683e-05 1
1.683421e-05 1
2.032971e-05 1
1.107031e-05 4
7.727451e-05 1
3.631478e-05 176
1.396389e-05 3
1.118068e-05 1
4.154649e-05 1
5.193874e-06 5
4.874953e-06 3
6.933012e-06 1
3.268015e-05 205
7.361445e-05 1
6.767282e-06 1
7.864822e-05 4
3.221526e-05 2
2.858184e-05 2
1.415511e-05 1
1.484222e-05 1
1.514335e-04 1
1.781195e-05 1
4.089157e-06 117
3.094647e-07 3
3.687168e-05 3
4.590322e-05 2
4.930857e-06 1
2.522481e-05 1
6.458863e-05 1
1.298981e-05 3
5.141357e-06 1
3.126138e-05 7
3.224588e-06 1
4.520537e-06 2
2.923434e-05 1
9.220277e-06 1
2.709534e-06 1
3.089066e-05 147
1.036661e-04 1
8.624557e-06 1
7.147573e-05 1
6.534818e-05 1555
7.698299e-05 2433
4.795054e-06 1
4.267422e-05 1
6.434141e-05 1
1.931588e-05 6
8.071462e-05 52507
4.338590e-06 6
2.852633e-05 421
7.210397e-05 1
6.128366e-05 1
1.029646e-05 2
7.125000e-05 1690
3.161524e-05 3
1.931779e-06 1
7.416364e-06 3
4.980992e-07 50570
2.814939e-05 2
1.106685e-04 1
2.975268e-05 1
3.704341e-05 3
3.966211e-06 2
2.200202e-05 4
2.486441e-06 1
7.415632e-07 1
6.945801e-05 1
3.630284e-06 1
1.000242e-05 1
2.389478e-05 1
2.860951e-06 1
6.437560e-06 1520
9.246419e-06 1
5.026594e-05 1
1.923507e-04 3
4.372224e-05 1
8.460571e-06 1
4.742305e-06 3
9.421279e-05 261
3.463458e-05 105
8.277341e-05 3
1.051998e-04 1
2.701161e-05 1
8.867570e-05 37
3.631774e-05 54448
2.047725e-04 1
2.279972e-05 1
1.346540e-06 235
2.546930e-05 1
5.333921e-05 4
5.501371e-05 1
2.951236e-06 228
5.847474e-05 1
1.323370e-05 1
1.451421e-05 1
9.677084e-07 1
4.616381e-05 335750
1.591744e-05 1
1.848912e-05 7
3.363480e-05 1
5.292595e-05 1
7.972876e-07 1
2.111001e-05 1
9.899809e-05 1
5.748368e-05 20438
2.085024e-04 3
2.174895e-06 1
2.329773e-05 1
1.945155e-05 1
1.478015e-05 1
4.105916e-05 3
5.231705e-05 1
3.595063e-05 1
3.269993e-06 6
9.284948e-05 5
3.238238e-05 1
3.715003e-05 574
3.103276e-05 1
2.021066e-06 1013
4.382827e-06 1
2.167224e-05 3
3.766180e-06 744
6.527860e-05 1
9.546769e-06 1
2.611449e-05 1
6.868094e-06 1
3.997407e-05 1
1.037929e-05 3
4.570316e-05 1
2.818783e-05 5
1.600614e-05 55552
8.942952e-06 1
4.975026e-05 2
5.818218e-05 1
1.238058e-04 3
6.100543e-05 170
4.514456e-06 2
5.468724e-06 1
2.281085e-05 47946
2.150059e-05 251
1.222192e-05 5
5.695486e-06 118
8.195132e-05 150
2.581294e-06 1
8.016105e-07 1
6.072593e-05 25
7.660510e-05 1
8.300772e-05 2
2.015815e-05 6
1.196254e-05 1280
1.235808e-06 1
3.297360e-06 1389
4.785217e-06 1
2.502902e-05 2
5.621206e-06 1
8.724184e-06 3
1.547426e-05 1
1.647556e-05 1
1.688244e-04 6
3.803678e-05 6
4.931648e-05 2
1.746241e-05 2
1.061654e-04 15757
1.069046e-04 4
1.177850e-05 1
1.618968e-05 1
5.724080e-05 1
3.906057e-06 28885
3.316617e-05 1
3.874045e-07 1210
2.909791e-05 1
8.147835e-05 2
7.835271e-05 1
8.794354e-06 1
3.300140e-05 3
1.670803e-05 1
5.035263e-05 1533
6.080015e-05 23
1.046768e-04 2
4.423895e-05 2
8.970971e-06 1
1.083826e-04 1
3.589230e-05 1
3.608889e-05 2
2.120504e-05 1
1.644668e-04 6
7.803508e-05 71
2.158690e-06 1
2.076953e-04 23404
2.809252e-05 1
5.611209e-05 2
6.877762e-05 2
2.666513e-05 1
3.135432e-05 1
4.327351e-05 51141
3.806021e-05 3306
5.865532e-06 1
4.163188e-05 1
3.086904e-05 1
5.463381e-05 58
1.314206e-04 6
4.374171e-05 2
2.145164e-05 1
2.951004e-06 2
2.994421e-05 1
1.650260e-05 2
2.076380e-04 2
2.326446e-05 7
2.463179e-05 51
2.242639e-04 4
3.893545e-05 1
2.045865e-05 49305
2.015463e-05 1
1.911262e-05 1
4.988645e-05 1
2.884173e-06 1
5.194654e-05 1
1.909259e-05 261
2.099075e-06 1
4.454188e-05 119
4.847447e-05 3
4.008578e-05 3
3.053623e-05 1001
5.024679e-05 1
9.551682e-05 1
6.659106e-05 21
7.453630e-06 4
9.007807e-05 1
6.207886e-05 1
5.780073e-05 4
1.710487e-05 1
8.884877e-06 5
3.815060e-05 1
9.224487e-06 7
3.730571e-06 1
3.017505e-05 1
1.347162e-06 1
7.320747e-06 1
3.066317e-06 2
5.904696e-05 1
6.404371e-07 7
3.313210e-05 58041
1.220784e-04 7
2.603640e-05 1
3.204235e-06 234783
3.002337e-06 1
2.712648e-06 1
1.667857e-05 128
1.570512e-05 1
6.409250e-05 1
1.145397e-05 3
6.954733e-05 3
1.500730e-06 1
4.561556e-05 1
2.000837e-04 1
5.031938e-05 205
1.639573e-04 1
3.580264e-04 1
8.934512e-05 1
3.145038e-05 1
7.319554e-05 3
8.143811e-05 7
2.366234e-05 1
3.473480e-05 1
1.130251e-04 1
5.465525e-07 1
1.234347e-06 94
1.080005e-06 1
3.577616e-05 6
3.418708e-05 5
3.419109e-05 1
6.345243e-05 7
5.678209e-05 1
6.119134e-07 881
1.113291e-04 1
3.641736e-06 7
6.071063e-05 1
1.757104e-05 6
5.460104e-06 7
5.261508e-05 5
3.955490e-06 25929
2.381146e-05 102
9.242445e-05 7
6.673252e-06 1
5.293313e-05 1
5.196740e-05 147
6.514874e-05 1
1.277515e-04 1
1.287842e-05 1
6.725210e-06 177
1.035984e-04 5
1.570248e-05 47
1.934619e-05 6
1.744924e-05 6
8.448608e-05 1
2.650451e-05 90
3.693470e-07 3
7.230202e-06 1
6.189422e-05 3
6.203708e-05 1
5.223637e-05 1
9.309823e-05 392
5.923234e-05 1
1.862005e-05 1
9.484517e-07 1
5.536685e-05 2
2.560657e-06 1
3.902496e-06 3
1.274159e-04 3
5.765768e-05 3
3.264712e-05 1
5.497504e-05 1
1.823640e-05 1033
5.811506e-06 1
1.570196e-05 1
1.692717e-04 1
2.355029e-05 1
3.618669e-05 1
4.729002e-05 1
1.612654e-05 1
2.839454e-05 1
1.276654e-05 3
2.900925e-05 251
4.158731e-05 2069
1.330713e-05 1
4.096461e-05 1
2.601235e-05 1
7.609832e-05 1
5.271223e-06 5
2.216136e-05 3
3.198590e-05 3
7.427103e-06 1
1.478935e-04 1
7.230704e-05 1
3.566027e-05 55
7.888397e-07 1
9.110919e-08 2
8.914947e-06 1
6.005118e-05 1
2.409612e-05 1
4.261764e-05 1
5.726740e-06 281
5.844905e-05 1
1.008823e-05 35
5.667120e-05 7
2.315845e-05 1
5.456105e-06 1
1.306907e-05 1
3.525836e-05 75
1.745203e-05 2
2.244975e-05 189
3.102932e-05 1
3.828828e-05 83
1.461719e-04 3
6.033351e-05 3
2.095501e-05 3
1.795385e-05 3
4.955546e-05 1
4.200485e-05 1
1.376819e-04 3
2.898202e-05 1
8.032780e-05 56992
6.336545e-05 105
9.996231e-05 1
5.210111e-05 3
1.656438e-04 1
5.932364e-05 1
4.972891e-05 6
3.384853e-05 1
7.496561e-05 2
1.084813e-04 1
6.724550e-05 157
1.867124e-07 1
1.262059e-05 1
9.300034e-06 7
2.446800e-05 3
8.787375e-05 1
3.299524e-05 1
3.458740e-05 1
8.244373e-05 1
1.472854e-05 121
2.290638e-04 10347
8.226493e-05 1
1.343461e-04 1
8.484202e-05 1
1.027602e-04 1
3.529390e-05 6
2.986188e-05 3
5.667979e-06 1
2.033568e-05 3
1.452826e-04 1
8.409258e-07 546
2.189466e-06 1
7.511573e-05 7
1.211430e-05 1
5.811167e-07 1
1.164606e-05 1
6.781615e-05 1
5.009947e-05 3
1.903236e-05 1
5.287542e-05 1
9.022414e-05 1
1.553826e-04 2
2.436109e-04 1
1.364727e-06 1
6.159926e-05 1
5.425037e-05 1
2.164988e-05 2058
4.940700e-05 4
2.685437e-05 1
1.125663e-04 1
2.745229e-05 3
6.398554e-05 241
9.410435e-05 1
8.308358e-05 1
1.221754e-04 1
8.958930e-06 2
4.770900e-05 1
2.493069e-05 1
6.650339e-05 3
1.224100e-05 1
6.201028e-05 142
3.123235e-05 1
2.924124e-05 1
9.312998e-05 385
6.851853e-06 1
6.473645e-05 4
2.027333e-05 1
5.258486e-07 1
8.965925e-05 21
7.035351e-05 6
2.872345e-05 7
6.599078e-05 1
8.526957e-06 1
2.622450e-05 1
2.558505e-06 2
2.065025e-05 155
2.158965e-05 1
1.234964e-04 1
5.089118e-07 3
1.211145e-05 5
1.407082e-05 51878
3.737521e-05 5
8.396857e-05 16191
2.976402e-05 4
1.094564e-05 1
7.467697e-06 1
2.805249e-05 804
4.879807e-06 195
6.426130e-06 262698
2.068522e-05 39823
5.119878e-05 1
6.303723e-07 1
7.604953e-06 1
2.374292e-05 1
3.104028e-05 1
7.352712e-06 1
4.409426e-06 1
8.636791e-05 3
9.018387e-06 1
3.006936e-05 1
1.133174e-05 238
5.531510e-06 1
2.180633e-05 6
1.176903e-05 1
1.900701e-04 39713
1.042283e-04 1
8.713936e-05 1
6.529134e-05 1
1.894954e-05 1
1.489934e-05 1
4.305964e-06 7
6.631082e-05 5
1.466979e-04 1
1.634086e-04 1
1.337567e-05 1
3.721019e-05 3
3.750478e-05 19393
1.581021e-05 2
2.120378e-05 2
7.631628e-05 106
6.736817e-05 154
1.881044e-05 3
1.419216e-04 7
1.104297e-04 1
3.759809e-05 1
4.331727e-05 1
2.105603e-05 5
3.879253e-06 1
2.016265e-06 3
2.995321e-05 1
4.855061e-05 295
4.846169e-06 2
3.192659e-06 261097
1.495094e-05 1
2.264831e-05 1
5.510342e-05 1
1.100913e-04 1
2.133230e-05 1
1.162464e-05 1
1.395708e-05 5
9.841576e-05 1
9.528482e-05 1
3.048833e-05 2
1.369173e-06 2
6.023349e-05 1
6.195452e-06 1
4.357821e-05 2
4.561396e-07 1
7.563115e-06 8251
1.344491e-04 38
2.303528e-05 5
5.785084e-05 1
2.442629e-06 3
1.952482e-05 4
1.109798e-05 4
7.176329e-05 1
7.117618e-05 1
1.278154e-04 4
3.852262e-07 1
2.739775e-05 37
9.706712e-06 1
1.000208e-05 3
3.035457e-05 1
1.129158e-05 3
3.966978e-06 1
8.682340e-05 1
4.134837e-05 1
1.554369e-05 1
1.834103e-04 165
2.629308e-05 103
7.098521e-05 2
1.584732e-05 1
5.365793e-05 1
6.345905e-05 1
6.294363e-05 17480
1.736637e-06 1
5.953040e-07 1
2.709620e-05 1
2.067393e-05 7
7.347847e-05 1
2.477355e-05 1
8.590226e-07 1
3.754861e-05 308
1.323335e-05 84
4.788544e-06 1
3.035965e-05 1
9.170729e-06 1
1.469369e-05 2
5.456166e-05 1
1.962719e-05 2
7.680717e-06 1
1.856617e-05 35444
4.313978e-05 1
3.497052e-05 1
8.455244e-05 1
4.401604e-05 3
2.283717e-05 1
1.808271e-05 5
6.489756e-05 3
3.147237e-05 1
1.575246e-04 2
8.391266e-05 1
6.214309e-05 1
2.788125e-05 2
7.990874e-07 3
2.644673e-06 3
8.768427e-06 746
1.872260e-05 1
5.183708e-05 1
3.625564e-05 3
2.921623e-05 1
3.625222e-05 1
1.335072e-04 3
1.108434e-05 1
5.645445e-05 2
3.997803e-05 1
1.812319e-04 50522
1.127366e-04 176889
1.339560e-04 2
6.173539e-06 74
4.539022e-05 1
1.933038e-04 1
5.084715e-05 1
4.134932e-05 252
3.061451e-05 941
4.802923e-05 1
3.354536e-05 1
5.024122e-05 1589
2.547834e-05 1
1.665365e-06 1
5.076726e-05 1
5.353716e-05 1
9.560757e-05 88
