9.204848e-05 1
3.322570e-05 1
4.529440e-06 3
5.134397e-05 1
1.240705e-05 1
2.445441e-05 1
4.403764e-05 1
2.415063e-05 1
1.166294e-05 908
6.813383e-05 1
1.780667e-06 7
1.586939e-05 2
1.525749e-05 2
1.704759e-05 1
4.877094e-05 1
1.190239e-05 2
3.412230e-06 1
1.303943e-05 1
4.612115e-05 12
1.812637e-05 1
4.989043e-06 1
3.463262e-05 1
7.344080e-07 4
8.202721e-06 3
5.854987e-05 4
7.847579e-05 1
4.370885e-05 1
3.758229e-09 2
8.003553e-06 1703
1.212330e-05 115
2.136277e-07 4
2.359140e-05 1
2.921577e-05 3
3.651014e-05 4
1.681589e-05 3
1.527312e-05 1
2.564014e-05 336165
1.895560e-05 1
3.332765e-06 1
1.754404e-05 3
2.901824e-06 3
8.390328e-06 1
1.628981e-05 1
2.215293e-05 2091
1.090908e-05 1
1.566075e-05 27
1.771250e-05 1870
4.593710e-05 3
5.798725e-06 2
2.319994e-06 2
1.513954e-05 1
1.194515e-05 95
3.910961e-06 1
3.932888e-05 1
3.996186e-05 1
8.670845e-06 3
1.199577e-05 1
3.735339e-07 2406
5.203128e-06 1
1.486179e-05 1
2.067385e-06 3
4.742750e-06 2732
2.249666e-07 3
2.763374e-05 3
2.346090e-05 1
1.160620e-05 1
2.822652e-05 192
1.528377e-05 2
2.265891e-06 26956
4.055722e-05 2009
2.252359e-06 1
1.059314e-05 1
1.967221e-05 1
5.040164e-05 1
3.380700e-05 754
2.352539e-05 1
3.470359e-05 3
7.371554e-06 1
1.327789e-07 5
9.056886e-06 2
1.541713e-05 1
1.001309e-05 1
2.213177e-05 1
2.783497e-05 1
1.819383e-05 1
1.692714e-05 16903
8.351195e-06 134
1.313501e-05 1
9.175072e-06 64122
9.385212e-06 1
1.074476e-04 1
4.104567e-06 1292
3.071742e-05 2
2.452437e-05 7
2.661215e-06 2
2.413310e-06 339
3.949942e-05 1
8.692119e-06 1
3.827803e-05 1
9.688179e-06 1
5.095978e-05 187
7.531268e-05 4
7.085580e-06 252
1.683899e-06 1
3.728179e-06 9
5.104017e-06 197
8.644108e-06 1
5.259613e-06 27051
3.720957e-05 32008
4.096370e-05 3
7.433796e-05 4
1.750629e-06 396
1.550363e-05 1
2.393889e-05 1
3.642404e-05 1
2.150717e-06 1
4.193993e-05 1
2.021163e-05 1
8.685423e-07 1
1.482906e-05 1
1.065643e-05 1
9.426679e-06 2
5.013927e-05 3
9.892801e-05 4
4.807003e-05 1
2.482496e-05 1
3.832477e-05 171
9.658128e-06 1
7.019889e-06 3
3.260514e-05 1
1.447784e-05 3
2.882284e-05 4
1.383128e-05 115
9.584255e-07 1
4.337493e-05 216011
4.369379e-05 7
2.113203e-05 58682
7.746793e-06 1
6.811431e-05 1
1.189200e-06 38
4.632002e-05 2
2.967166e-05 1
1.090888e-05 2
1.549049e-05 137
9.059230e-06 5
2.945841e-05 1
1.405419e-05 32132
1.478583e-05 7
5.093494e-06 1
4.886482e-06 1
2.565774e-05 1
6.984211e-05 4
3.633993e-06 678
2.346201e-05 3
7.211706e-05 3
5.457605e-05 101
2.606556e-05 122
3.275547e-05 1
4.869835e-06 1
1.703711e-05 1
1.415562e-06 1
4.110944e-05 1
4.934274e-05 1
2.213094e-05 1
2.416372e-05 2
9.344793e-07 1
1.713485e-05 7
9.717727e-05 514224
1.336296e-05 3
3.101973e-05 1
9.919371e-06 26
3.899514e-05 10309
2.075046e-05 1997
1.670142e-05 1
1.792339e-06 1
4.815524e-05 1
4.358219e-06 5
1.963230e-05 2
3.644314e-05 2
2.637371e-05 2
8.730676e-06 118
5.772550e-05 1
9.306951e-07 1
4.549924e-05 6
5.700904e-06 5
1.521464e-05 3
1.479946e-05 1
9.936499e-06 1
3.906888e-05 3
9.811329e-07 1
6.973974e-06 312
7.427372e-06 1
3.706492e-05 1
8.161086e-05 1
2.070812e-05 1
3.139692e-05 1
1.112536e-05 6
8.995851e-06 7
3.432432e-05 1635
1.021509e-05 1
4.336319e-05 1
4.032102e-06 7
7.048651e-05 1
3.044329e-05 1
3.500792e-06 3
1.812553e-05 1884
9.874698e-05 1
2.827045e-05 1
3.643564e-05 79
5.312147e-05 285
1.676251e-05 1
8.381969e-06 84
2.739823e-05 5
3.137119e-05 1
5.563460e-05 1
2.842882e-05 1
3.096786e-05 1
8.426075e-06 2
8.070580e-05 247
1.170722e-05 1
1.539141e-04 131
6.538008e-05 1
1.371276e-05 1
8.922963e-06 43
5.355767e-06 1159
1.060732e-05 1
1.339773e-05 2
3.636548e-05 2
1.184390e-06 1
7.916193e-06 1
4.029779e-05 1
6.305956e-06 3
8.924853e-06 1
6.477223e-05 1
4.701758e-06 961
1.492819e-05 3
5.355144e-06 1
9.558205e-06 1
6.594483e-06 246
4.196999e-05 246
1.034309e-05 142
9.082039e-06 1
1.271792e-05 1421
1.270535e-05 28688
5.904832e-06 5
4.557766e-05 1
3.158331e-06 1
1.941586e-05 1
3.104200e-05 1
4.102245e-05 148
1.975356e-05 3
1.989822e-06 1
5.249955e-05 14855
2.389250e-05 1
5.837586e-05 1
1.058255e-05 18
1.256998e-05 1
4.352491e-07 1
5.710738e-06 222
5.215940e-05 1
1.282482e-05 18887
6.367964e-06 2
2.866726e-06 1
5.611383e-05 1890
4.464576e-06 3
2.549346e-05 1
1.292786e-05 395
9.877180e-05 1
5.073419e-06 23
1.328986e-05 3
7.285076e-06 4
1.717141e-05 1
2.250240e-05 1
1.104216e-06 1
4.780312e-05 1
4.311747e-06 1
9.717383e-06 1
2.100368e-05 1
3.149764e-05 74
1.188243e-05 1
1.697243e-05 1
1.069197e-05 1
8.505277e-06 1
3.602276e-05 99
1.210437e-06 3
1.231812e-05 1
8.639352e-06 3
1.628578e-06 1
1.226732e-05 3
5.089337e-05 3
1.934272e-05 1
8.766617e-06 4
6.662112e-06 3
2.334846e-05 1
2.300884e-05 38695
1.552567e-05 7
1.149758e-05 1
6.915277e-06 4
2.471318e-07 1
2.011033e-05 1
4.956429e-06 1
3.764418e-05 1
1.189156e-04 1
3.372564e-05 172
2.412709e-05 2
2.243476e-06 1
9.613624e-06 4
2.163138e-05 2
3.358515e-05 1
3.021365e-05 1
8.008942e-06 9
1.069965e-06 1
9.086770e-06 2
4.989679e-05 2069
3.648229e-05 2
2.797113e-05 1
1.555176e-05 40
1.199206e-05 3
1.541136e-05 3
1.400504e-05 2
6.969657e-05 1
3.937050e-05 215
3.378314e-05 1
3.919289e-05 60712
6.322254e-07 1
6.000070e-05 57956
4.398168e-06 1
3.957097e-06 2
1.512506e-05 1
1.440996e-05 4707
1.290042e-05 3
8.911962e-06 90
5.308580e-05 1
9.333258e-06 49027
3.506425e-05 57
1.466706e-07 1
4.388294e-06 1
1.751584e-05 1
1.278882e-05 21840
1.124217e-05 1
1.231529e-05 1
1.359569e-05 1
2.210013e-06 1
7.668549e-05 1
1.658715e-05 6
6.924353e-06 3
5.532539e-05 6
3.472854e-05 6
1.776813e-05 245346
2.797352e-05 1
5.182235e-05 1998
4.710294e-06 3
3.110618e-06 1
1.123449e-05 2
2.522801e-05 1021
2.872563e-05 1
4.257664e-05 1
5.835321e-05 1
7.619609e-06 1
1.827056e-05 1
1.102061e-05 1
1.896738e-05 1
5.817028e-06 1
7.178416e-06 1
1.610753e-04 1
5.337403e-06 1
2.244491e-05 1
8.554713e-05 3
1.054343e-05 1
4.554989e-05 255
1.474719e-05 1
3.218372e-05 1
7.170974e-05 468
1.649325e-06 1
3.223447e-05 1
7.905758e-05 1
5.012655e-06 3
1.446560e-05 126
7.121651e-06 3
3.900976e-05 1
1.286182e-05 4
4.613442e-06 1
3.888763e-05 2
3.211725e-05 1
2.594810e-05 3
1.110158e-05 2
1.510529e-06 1
5.371804e-05 165
1.910790e-05 146
7.339536e-05 2
1.146251e-05 1
9.210806e-07 5
2.293565e-05 1
4.376169e-05 2
1.878362e-05 45
2.734849e-06 207
3.076996e-05 5
1.273906e-04 1
5.778866e-05 3
7.215202e-06 1
1.833333e-06 1
2.802934e-05 1
1.221875e-04 1
4.766648e-06 1
3.452070e-06 1
2.877131e-05 1219
4.852165e-05 119
1.945081e-05 1
1.603929e-05 4
5.516886e-06 1
8.275722e-06 1
3.611334e-06 3
6.866584e-07 1
2.683646e-05 584
1.045210e-05 1
2.893622e-06 1
2.488012e-05 1
4.055332e-06 3
5.072928e-06 417264
2.967331e-06 1
1.490094e-05 1
6.856311e-06 1
4.229375e-06 1
2.617939e-06 2
4.488779e-06 3
2.621176e-05 1
1.445956e-05 1
4.453392e-05 320331
7.899598e-06 251
1.011107e-04 3
1.863043e-05 1
7.549873e-06 1
5.443861e-05 1
6.854094e-06 381755
2.854806e-05 1
5.731153e-05 1
5.942554e-06 1
1.147069e-05 2
1.353419e-04 3
1.480026e-05 1
4.987915e-05 1441
1.710142e-05 1
3.170722e-05 1
2.626928e-05 2
8.862292e-06 1
4.790038e-05 48
3.328642e-05 106
4.350988e-05 5
1.536010e-06 2
2.121018e-05 3
2.222871e-06 1
3.614972e-05 1
3.999821e-06 1
5.657917e-06 1656
4.613596e-06 109
5.853522e-05 2
7.658927e-06 1
2.971060e-05 36389
1.313285e-05 1
1.724956e-05 3
4.445471e-05 2
7.863179e-06 1
6.062242e-06 1
9.459483e-06 230
2.360721e-06 5
5.255819e-05 1
3.670246e-06 1
1.218460e-04 1
3.159292e-07 1
2.651024e-05 1
4.883118e-06 148
7.326040e-05 2
1.278479e-05 1
1.216081e-05 1
4.442698e-05 1883
1.067791e-05 978
2.021674e-05 2081
1.482544e-05 2
6.397670e-05 244
2.484396e-05 1
4.381793e-06 1
7.787656e-05 224
3.807324e-05 1
3.496011e-05 1
4.534936e-05 261
1.767814e-05 1
4.148014e-06 1
6.584961e-05 2
9.998612e-06 1
2.570853e-05 1
1.031079e-05 6
8.818457e-06 1
1.637422e-05 1
2.356525e-05 1
1.069477e-05 2
1.943796e-05 7
4.997114e-06 2
1.014609e-05 1
1.455744e-05 1
1.999652e-05 1
9.232492e-06 7
3.839511e-06 1
1.741388e-05 1056
4.727115e-05 156
3.115377e-06 40
5.429925e-05 1
1.698820e-05 56
4.131728e-05 7
6.614019e-05 169
3.376578e-05 1
4.050675e-05 3
3.423446e-05 7
8.598178e-05 1
5.377200e-06 5
4.501167e-05 183
6.149676e-05 2
6.489718e-06 1
4.409627e-06 1
1.893304e-05 703
6.757484e-05 6
3.296094e-05 1
1.939848e-05 3
7.358424e-05 38
2.851358e-05 7
5.296686e-05 1
5.017643e-05 1
7.225898e-05 1
5.268853e-05 5
4.384839e-06 1
4.551179e-06 1
8.414531e-06 1
8.291455e-05 2
9.902914e-06 3
3.289878e-05 1
1.541189e-05 1
5.106461e-05 1
7.226026e-06 2
6.370311e-06 1
7.749921e-06 5
2.441349e-05 2
2.428200e-06 3
3.661156e-06 47407
1.644119e-05 1
1.610248e-05 1
5.946402e-06 33888
6.381096e-05 1
9.599690e-06 1
2.861711e-05 53035
4.349445e-05 1
7.618051e-06 3
3.615883e-05 1592
2.763724e-05 1
7.449970e-05 164
2.296150e-05 1
1.655801e-05 2
2.694290e-05 1
1.777450e-05 4
6.771432e-06 7
1.013181e-06 122
5.916866e-06 1
5.870225e-06 4
1.766530e-05 1
7.638801e-07 1
3.914998e-06 2
4.850530e-05 3
2.658980e-05 1
7.372840e-06 1
9.771386e-07 3
3.806349e-05 1
1.282211e-05 1
1.184521e-05 153
4.130136e-05 2
2.881225e-05 293700
9.882683e-05 1
9.686321e-06 5
3.692228e-06 43654
3.999953e-05 1
4.553839e-06 1
4.190123e-05 1
2.964209e-06 3
3.960442e-05 1
2.479750e-05 1
2.356083e-05 1
4.009821e-05 3
2.234040e-05 2
2.644656e-05 352
3.462835e-05 27176
5.218690e-06 3
1.466049e-05 1
3.844486e-05 1
2.687015e-05 298432
1.909879e-05 3
1.136223e-05 867
1.291288e-06 3
2.431855e-05 1
2.740290e-05 1
5.093144e-06 1
9.746523e-07 2
7.492919e-06 3
1.726903e-05 1279
5.266389e-06 5
9.831049e-06 173
2.349850e-05 1
1.673088e-05 129
5.023027e-05 1
2.098607e-05 1
1.864471e-05 2
8.744281e-05 4
1.505247e-05 1
1.505680e-05 5
1.947973e-05 1
2.703384e-06 1
8.820985e-06 1
4.474908e-05 1
4.523138e-06 1435
7.844471e-07 2087
1.115473e-05 7
4.100068e-05 1
3.776625e-05 241
8.509330e-08 1769
1.618762e-05 5
3.470886e-05 1
1.054542e-06 4
4.009706e-05 2
3.233977e-05 21086
1.689507e-05 1
3.943596e-05 1
1.035366e-05 1
2.630370e-05 1
7.251688e-06 1
4.880686e-05 1
3.220646e-05 2
2.660270e-05 1
7.159367e-05 1
7.524725e-06 1
1.405811e-05 1
6.295777e-06 1
2.814797e-05 1
1.916651e-05 1
5.015221e-05 1
3.659334e-05 4
3.316934e-05 1
1.403796e-05 1
2.063502e-05 2
3.091782e-05 1
6.598053e-06 1
1.262469e-05 1
6.096289e-05 1244
2.814003e-05 1
2.155419e-05 1
1.054020e-04 2
1.917312e-06 1
7.086704e-06 506767
2.916998e-05 3
1.981404e-05 255
5.327052e-05 1
4.033025e-06 40
2.996225e-07 40571
1.208499e-05 1
2.700215e-05 1
1.795575e-05 3
2.014852e-05 2
1.678787e-06 3
2.414175e-05 228
7.228654e-06 1
2.914956e-05 1
1.118851e-06 1
2.739497e-05 26
7.321022e-05 1
1.603652e-05 1
1.182193e-05 3
8.087081e-07 1
2.139480e-05 1
1.034437e-05 1
3.969644e-06 1
2.743569e-05 157
3.936589e-05 1
1.146908e-04 1
3.125934e-05 1
2.586139e-05 1
1.629452e-07 3
2.240498e-05 1
5.307672e-05 1
1.849605e-05 1
1.703554e-06 1
2.187020e-05 1
5.178526e-06 1
2.336619e-06 4
3.372781e-05 1
4.457642e-05 6
2.066261e-05 3
5.323796e-06 3
1.040737e-05 1
3.503250e-06 1
1.841256e-05 7
1.345594e-05 2
9.756293e-05 6
7.593204e-05 523
3.831113e-05 28827
1.627152e-05 1
2.986297e-05 1
1.090322e-05 1
1.794056e-05 3
5.359839e-05 647328
5.253492e-06 788
3.870024e-05 4
1.804221e-05 53413
3.459509e-06 1
2.446097e-06 176
2.664840e-05 1
3.182183e-05 3
1.068492e-06 65
1.639640e-05 3
3.426924e-05 1
4.787943e-05 1
6.934115e-06 1
1.342698e-05 1
4.910384e-06 4
1.629130e-05 1
1.491007e-05 1
3.631815e-05 1
2.306914e-05 7683
3.670084e-06 2
2.772918e-05 3
4.366082e-05 3
2.271005e-05 1
1.620857e-06 5
2.520451e-06 1
1.282955e-05 1
6.511411e-05 3
3.561602e-05 5
4.958067e-06 1
5.423202e-05 3
2.647394e-05 3
2.105739e-05 1
2.618715e-05 6
8.256346e-05 4
1.401888e-05 181
1.167796e-05 3
4.005968e-05 1
2.450619e-05 2
1.938093e-05 1
2.738151e-06 1
3.318891e-06 1
3.507826e-05 1
2.957127e-06 6
1.353832e-05 63
3.919663e-05 7
6.052645e-05 2
1.089706e-04 1
2.084936e-05 4
5.684702e-06 2
2.946274e-05 2
4.420911e-05 2
4.832148e-05 1
1.557071e-05 1
5.561904e-06 432788
2.788302e-05 2
1.855550e-05 4
7.997736e-07 54763
7.657027e-06 1
4.102021e-05 1
4.347144e-05 146
6.640487e-06 2
5.158960e-06 1
1.472583e-05 36347
1.819369e-05 1
2.702872e-05 1
7.195767e-05 1700
6.601155e-05 1
9.018978e-06 1
5.527270e-05 7
5.038777e-06 1
6.026641e-06 2
1.860875e-05 1
4.564735e-05 3
1.251763e-05 2
2.274521e-05 1
1.106148e-06 1
2.544649e-05 1
1.083006e-04 1
1.801348e-06 2
3.918042e-06 3
2.372496e-05 1
1.208737e-05 1
1.441943e-05 2
1.994944e-05 1
4.824832e-05 817
6.389215e-06 1
1.160576e-05 186
5.063258e-06 3
2.856144e-05 5
1.516382e-05 1
4.981440e-05 1
7.556796e-05 1
2.732191e-06 1
3.160922e-05 1
3.617713e-06 3
7.856165e-07 2
1.349011e-05 1
7.102869e-06 1
2.431413e-06 1
7.158900e-06 2
8.407909e-07 1
6.285957e-05 1
7.472957e-05 3
7.324707e-07 1
3.730356e-05 1
1.024120e-05 7
4.636044e-05 1
6.771766e-06 5
4.036471e-05 1
5.623381e-06 6
5.341791e-06 1
1.213988e-05 2
7.088348e-06 1942
4.515439e-06 1
8.373712e-06 5
1.281783e-05 1
2.233906e-05 6
4.761787e-05 3
2.839294e-05 1
2.749429e-05 1
3.583891e-06 1
1.156491e-05 1
8.682909e-06 1
2.209935e-05 1
2.781150e-05 1
5.156147e-06 2
2.500811e-05 3
2.553480e-05 1
4.346644e-06 1
1.181203e-05 1
4.725043e-05 1
1.328395e-05 1
2.043868e-05 1
6.847668e-07 1
3.809753e-06 4
2.285992e-07 2
9.044018e-06 1
4.803791e-05 2
2.365892e-05 1
6.979150e-05 7
2.955052e-05 1
3.319597e-05 66
4.704826e-05 1
2.618898e-06 1
2.732614e-05 1
2.480950e-05 2
1.900413e-05 1
9.224630e-06 2
3.942525e-05 7
1.287650e-05 2
2.016717e-05 131
6.578788e-05 1
6.686010e-06 65149
4.035229e-05 1
5.553396e-06 3
2.791338e-05 3
4.545010e-06 211
6.053333e-06 6
5.742207e-05 5
1.208281e-05 1
1.594748e-06 1
2.098442e-05 1
1.603180e-05 1
1.717687e-05 2
3.217337e-05 213
6.213399e-06 1
1.368784e-05 1
8.888322e-06 1
1.032792e-05 1
3.003487e-05 208
1.232667e-05 88
1.562502e-05 1370
2.594139e-06 1
1.343949e-05 2
2.597458e-05 1
6.854369e-06 1
1.533818e-05 1
2.394938e-05 1
3.056535e-06 1
1.208880e-04 1
1.994508e-07 1
3.971326e-05 3
2.022718e-05 170
7.607645e-06 3
2.226369e-05 1
4.420234e-06 1
2.484535e-05 1
1.015944e-06 121
2.046617e-05 2
3.236676e-06 106
1.199964e-06 1
3.981437e-05 7
3.306805e-05 3
1.087958e-05 1
1.205589e-04 1
4.227255e-05 3
1.093722e-05 3
6.951360e-06 1
2.199827e-05 1
9.545178e-07 923
9.050321e-06 48265
1.276680e-05 3
5.376588e-06 1
1.433928e-05 1
6.046085e-06 7
4.528932e-05 1
3.815905e-05 1
3.551932e-06 1
6.094017e-06 1
1.184506e-05 63
1.156217e-05 2
4.212759e-05 1
5.267781e-05 1
7.400798e-05 2
2.200418e-05 1
8.477899e-05 220
1.902430e-06 1
1.448616e-05 213
2.022310e-05 171
5.634618e-06 447
1.847105e-06 167
2.155762e-05 2
4.577099e-06 116
6.401448e-05 2
2.037527e-05 1
1.215900e-05 1
3.186876e-07 1
5.241695e-06 82
6.482497e-06 1
3.501876e-06 1
3.592791e-05 2
3.758642e-06 227
1.081536e-05 1
3.914650e-05 2
1.058135e-05 6
5.166246e-06 1
3.611959e-06 77
2.328963e-05 1
7.496552e-05 1
3.522435e-05 1
1.967858e-05 1
6.375837e-05 1
4.791275e-05 2
2.656721e-05 1
9.777498e-06 137
1.332517e-05 1
3.812283e-06 1
6.691315e-06 229
2.334191e-05 3
4.791114e-05 3
3.970219e-05 602
8.755541e-06 1
1.951101e-05 1
9.020268e-06 1
2.912986e-05 1
3.639046e-05 1
8.804076e-07 3
2.418924e-05 134
4.695838e-06 1
9.155894e-06 52
5.408189e-05 157
1.498793e-05 1
6.421887e-06 1
1.517846e-05 3
1.053370e-05 1
4.745937e-05 3
2.474675e-06 3
1.091924e-06 4
2.560452e-05 1
2.983106e-05 1
1.400753e-06 3
2.628654e-05 1
6.710259e-05 2
8.480168e-06 2
1.751503e-04 3
7.240844e-05 185
6.613250e-05 1
2.093529e-05 1
2.581133e-05 3
3.932065e-06 1
2.356494e-06 2
5.436692e-05 4
5.990830e-05 4
2.455338e-05 1
1.266967e-05 1
1.153579e-05 1
7.429799e-06 1
3.928863e-06 3
2.456217e-05 194
9.206478e-06 1
2.098634e-05 1
5.895114e-05 1
3.436044e-06 1
3.203072e-06 1
1.775723e-05 1
4.886706e-06 103
1.226483e-05 2
2.656651e-05 6
1.240368e-05 1
2.064139e-05 1
3.923227e-05 1
1.706109e-05 63394
1.627824e-05 2
2.821855e-06 55
1.004066e-05 2
4.732559e-05 568
9.185690e-06 7
1.682407e-05 3
1.958815e-06 2
5.567689e-07 1
2.996240e-05 1
9.418988e-06 454
1.136567e-05 860
1.566598e-05 491771
3.941196e-05 1409
5.048070e-05 1
3.771670e-05 1
1.667161e-05 136
6.508875e-06 1
3.495422e-05 4
2.707858e-05 1
7.423773e-06 1
2.844713e-05 1
7.262415e-05 1
2.959229e-05 1
2.444159e-06 4096
3.792133e-05 1
2.222489e-05 1
4.191323e-06 7
1.443789e-05 5
3.609525e-06 1
1.117479e-05 1
7.524686e-06 1
9.662294e-05 5
5.208909e-05 2
1.013728e-05 29510
1.759274e-05 1
4.016274e-05 2
1.042927e-05 1
3.468260e-05 1
9.481035e-06 1
2.262379e-06 2
4.653558e-05 3
4.891693e-07 5
2.053602e-05 1
5.652593e-06 1
1.595219e-07 1
3.185481e-05 3
1.810972e-05 1
7.616802e-06 2
1.516432e-04 3
3.644976e-05 1
1.490910e-05 4
6.657494e-06 3
1.478361e-05 2
4.981859e-05 1
2.358475e-05 1
9.891050e-07 217
1.642784e-05 1
2.417619e-05 1
7.071003e-06 3
1.159979e-05 1
4.799937e-05 1
3.875227e-06 648
3.830583e-05 5
7.433410e-06 42472
4.560112e-06 23961
6.515542e-05 1
4.174595e-05 1
4.959035e-06 179
4.591748e-05 3
3.070464e-05 1
1.098487e-05 3
6.839396e-06 1
2.255301e-05 3
3.468955e-05 1
2.336880e-05 1876
3.726292e-06 99
2.241582e-06 1
6.648854e-05 75
1.221067e-05 1
5.442150e-06 4
7.899490e-05 3
3.027475e-06 4
5.137574e-06 1
1.869599e-05 2
1.230635e-05 1
1.498464e-05 6
6.619943e-06 1
1.108001e-05 1
2.411184e-05 3
4.703611e-05 692
6.198063e-05 3
4.879959e-06 1
5.257499e-05 1
7.280178e-06 3
1.750281e-05 1
5.558568e-05 3
4.200197e-05 65
2.812781e-05 17961
1.137046e-05 1
1.980093e-05 257
7.005023e-05 1
2.262870e-06 7
1.340764e-05 1
1.809867e-05 1
7.135500e-06 2
4.736653e-06 265
4.066659e-05 2
5.070228e-06 114
1.297098e-05 7
7.481873e-06 1
1.344100e-05 1
1.747851e-05 1
9.312622e-07 3
3.306448e-06 1
1.185441e-04 2
5.578608e-05 1
8.119353e-07 4
4.554807e-05 6
9.465607e-06 2
4.195975e-05 1
3.858429e-05 1278
2.137454e-05 289775
8.271521e-06 147409
4.874436e-05 1
6.423479e-05 106
4.828302e-07 2
2.894256e-06 3
8.586751e-06 1
3.578956e-05 21
6.632158e-06 7
2.331277e-05 1
5.269580e-06 53741
5.272414e-06 1
2.190078e-05 3
4.568788e-06 1
3.262480e-05 1
2.542898e-06 375893
8.508950e-05 7
7.571111e-06 4
2.413248e-05 1
1.586330e-05 6
2.418317e-05 7
6.702665e-05 610
3.757452e-06 1
6.282796e-05 1
1.020160e-06 3
2.084870e-05 3
2.267080e-05 1
8.908010e-06 4
4.393537e-05 1
9.794953e-06 3
3.343961e-05 1
4.511164e-05 3
3.825469e-05 2570
7.764038e-05 4
2.078772e-05 1
1.485544e-05 1
1.807405e-05 3
3.248996e-05 1
3.489752e-06 3
1.682459e-05 1
5.625676e-05 1
1.430822e-05 1
1.527606e-05 1
1.109667e-05 1
1.887020e-06 1
3.552538e-05 4
1.504179e-05 56
5.830184e-05 1
2.169038e-05 79
5.977583e-06 3
2.994566e-05 54924
4.146012e-05 1505
1.623105e-05 1
5.800127e-07 1
9.928063e-06 1
7.780804e-06 1
1.720481e-07 1
4.998895e-06 1
1.306132e-05 3
1.856121e-05 1
3.427986e-06 68
1.970160e-06 1
5.085947e-05 1
2.607614e-05 1
4.499532e-05 228
7.518875e-06 923
4.496739e-05 7
1.831698e-05 1
1.018563e-05 1
1.687468e-05 1
2.225101e-05 1
3.640198e-05 1
9.116704e-05 187
9.086199e-06 3
2.935348e-05 1
1.182997e-05 200
2.779455e-05 222
4.577384e-05 1
5.286432e-05 1
1.028646e-05 1
5.020211e-05 2
1.229790e-05 947
4.142688e-06 1
9.082777e-05 5
1.918825e-05 183
9.225136e-06 7
1.016212e-05 214
2.800919e-06 1
3.476697e-05 1
5.196200e-05 6
3.214189e-05 1
3.438773e-06 2
1.550905e-05 3
2.349403e-05 1
8.071558e-06 3
4.121539e-05 1
6.356755e-05 3
2.878310e-05 1
2.608267e-06 1
5.837544e-05 2
3.213628e-05 171
4.855701e-05 3
1.070419e-05 1
2.344397e-05 1
2.291158e-06 3
4.893205e-05 1
9.328600e-07 6
3.671829e-05 577
2.401643e-05 59
2.971392e-06 4
3.245352e-05 5
2.798793e-05 1
3.594826e-06 55468
8.228823e-06 1188
2.858781e-05 1
2.134769e-05 1
2.043513e-05 15776
2.827230e-06 188
1.046889e-06 1
1.657101e-05 1
9.421106e-06 3
9.850138e-06 3
6.955124e-06 1
1.681934e-05 1
2.584397e-05 184
2.673885e-05 1
2.037445e-05 19363
3.548192e-05 2
1.129446e-05 1
4.013750e-06 3
1.787134e-07 173
2.923983e-05 3
6.114933e-06 6
5.131975e-05 1
1.060138e-05 3
3.807872e-05 2
1.303219e-05 2
6.330089e-06 23
2.410994e-06 1
5.196865e-05 1
2.436508e-05 1
4.870594e-06 7
2.314613e-06 1
4.693291e-05 166
5.657178e-05 1
1.282203e-05 1
1.341610e-05 3
9.729239e-06 4
1.676709e-05 1
4.458737e-05 62
9.226542e-06 5
1.503547e-05 1
2.934484e-05 1
1.146750e-05 1
1.032831e-05 1
5.042908e-05 1
4.605051e-05 194
1.105705e-05 1
1.589209e-05 5
3.311310e-05 1
1.347654e-04 1
1.478763e-05 1
1.455554e-05 1
1.527708e-05 1
2.361134e-06 238
1.209367e-05 6
1.356860e-05 2
8.671963e-06 217
2.842618e-05 2
2.160378e-05 1
7.666058e-05 2
2.763411e-05 1
1.475411e-05 1
5.446385e-06 1
5.745631e-05 1
9.530402e-06 264
4.370338e-05 1
3.608367e-05 1
1.608162e-05 248
1.724882e-05 1
6.296979e-08 65
4.514614e-06 1458
2.695613e-06 2
5.177847e-07 388
3.607246e-06 53961
6.273230e-05 1
2.761019e-06 19540
3.226534e-05 3
1.670111e-05 3
3.722509e-05 3
3.049429e-05 5
4.092701e-05 1
2.785275e-05 1
3.716633e-05 1
1.595706e-05 1
9.826736e-06 1
1.832506e-05 2
1.093102e-05 3
6.557576e-06 1
5.996288e-06 216
1.566477e-05 161
1.467050e-05 56
2.527165e-06 1
1.599100e-06 58366
3.635611e-05 2
6.751158e-05 3
1.473777e-05 2
4.540457e-05 2055
7.741268e-05 5
2.117852e-05 3
3.394006e-05 49657
2.794783e-05 1
4.310053e-05 21126
2.362741e-05 1
1.527457e-05 1
2.050060e-07 2
1.590499e-05 3
2.100519e-05 10327
6.040892e-07 5
6.391656e-06 1
1.464921e-06 2
1.313854e-05 1
4.826729e-05 4
1.703212e-05 7
7.322032e-05 1
2.170804e-05 1
1.235447e-05 839
5.315360e-05 89
3.419659e-05 2
3.077546e-05 1
8.498941e-05 4
1.183571e-05 1
1.807168e-05 1
8.809693e-07 1
1.846419e-05 5
3.600562e-05 1
3.838739e-06 1
5.233534e-05 4
5.275143e-05 3
4.603680e-05 1
1.054734e-04 1
5.953476e-06 911
4.034885e-06 1
3.658219e-05 2
9.417619e-06 1
1.005428e-05 1
3.290883e-05 1
1.936831e-05 3
6.606341e-06 3
2.128402e-05 3
7.171912e-06 1
2.485312e-05 1
1.350115e-05 1
3.376592e-05 1
3.779711e-06 5
3.576270e-06 3
1.173493e-05 1
3.745639e-05 3
1.287133e-05 15078
2.229560e-05 1
5.766352e-05 28999
5.902893e-06 232
2.889030e-05 1
5.759775e-05 83
2.276304e-05 1
4.363146e-05 5
2.021678e-05 171
1.574707e-05 6
8.211782e-06 4
4.487762e-05 1668
1.172824e-05 5
2.474834e-05 2
3.494857e-05 1177
1.087966e-06 16
2.589874e-05 1
4.304501e-05 72
8.253468e-06 1
2.088055e-05 1
3.871641e-05 4
4.174438e-05 1
4.975961e-05 3
1.346378e-05 28
1.052702e-05 1
3.399639e-06 1
1.538916e-05 194
1.026312e-05 1
9.484639e-05 1
5.532807e-06 1
8.849952e-07 3
5.998517e-06 1
6.649728e-06 1
1.314113e-05 1
6.918439e-06 2
5.920057e-05 1
5.565391e-07 223
6.628673e-05 1
4.942646e-05 1
3.293552e-05 4
2.181794e-05 1
1.047952e-05 6
4.470807e-06 940
1.012321e-06 1
3.645366e-05 257
1.925631e-05 3
6.205598e-05 1
4.037961e-07 1
7.572366e-06 1
1.804350e-07 2
2.203214e-05 1
3.472779e-06 5
6.964562e-06 2
1.459801e-05 1
1.609105e-06 1457
1.717948e-05 3
3.895479e-05 1
3.353814e-05 1
7.182773e-05 1
1.330867e-05 1596
7.780772e-05 1
4.025786e-05 912
2.989802e-05 37
2.265447e-05 1
4.709781e-05 1
1.093895e-06 1
1.430348e-05 1
3.667036e-05 397105
1.362306e-04 64656
1.547936e-07 3
3.559963e-06 5
1.299376e-05 1
7.479577e-05 5
5.612508e-06 2
9.773626e-06 182
5.462562e-06 1
1.894992e-05 1314
7.738859e-06 1
3.841977e-05 3
1.407911e-05 3
8.461277e-06 5
2.827458e-05 1
3.367525e-05 1
4.998234e-05 7
1.098791e-05 8419
1.350105e-05 1
5.320470e-05 177
1.726239e-05 3
2.357202e-05 1
2.788013e-05 1
2.929415e-05 1
4.990584e-05 2065
1.477609e-06 1
4.019666e-05 313
8.435035e-06 1
2.039926e-05 564
1.370424e-05 1
1.977313e-05 125
5.028948e-05 1
5.593475e-05 2
4.457728e-05 108
8.619586e-06 2
3.178384e-05 1
2.818774e-05 3
2.141737e-05 1
1.985292e-05 1
6.636095e-05 1
2.989017e-05 1
2.931292e-06 623870
1.943151e-05 5
9.093899e-06 1
5.080983e-05 1
1.384618e-05 6
2.928455e-05 6
2.980285e-05 7
3.065806e-05 1
1.220015e-05 1
2.717197e-05 3
4.046896e-05 3
3.783352e-05 3
4.003502e-05 3
3.795576e-06 1
1.587777e-05 1
2.665448e-05 4
1.594240e-05 1
2.423393e-06 7
6.892714e-05 1
2.884560e-05 2
3.615872e-05 1
2.562400e-05 2
8.528261e-06 1
5.136700e-06 1
1.114739e-05 1
1.001283e-05 7
1.218989e-06 3
4.411029e-05 1
4.751687e-06 1
2.713857e-05 2
7.864510e-06 1
7.000380e-06 7
9.062520e-06 47090
4.714462e-06 2
6.103031e-05 47030
3.777075e-06 4
2.405925e-05 1
7.191059e-07 1
6.534978e-06 1
2.393668e-05 1
3.522437e-05 1
1.290316e-05 1
4.427079e-06 7
6.494048e-06 2
1.391147e-05 1
1.128049e-05 1
5.948203e-05 3
3.441936e-05 3
2.819938e-07 15216
3.567855e-05 2
8.747340e-06 3
1.009617e-04 6
2.007548e-05 1
1.277205e-05 4
1.570304e-05 1
5.359306e-05 2
2.282241e-06 1
1.106206e-06 1
1.188823e-05 147
1.127271e-06 1023
1.331783e-05 3
3.430845e-05 3
3.935592e-05 1
9.386777e-06 1
6.202687e-07 1
1.397864e-05 1
1.779361e-05 3
1.042800e-05 1
8.407896e-05 4
5.619870e-05 1
2.342578e-06 1
6.147495e-05 42465
3.565635e-05 1
9.421308e-06 1
4.230557e-05 3
2.585918e-06 1107
2.583346e-06 2
1.962536e-06 1
1.097961e-05 1
5.692452e-06 5
1.381497e-05 3
5.290607e-05 3
6.206048e-05 3
6.215907e-07 3
2.166375e-05 1
7.194889e-05 4
1.084938e-05 1
2.104899e-05 1
3.648458e-06 3
3.687321e-06 107
3.378693e-06 1
2.911461e-05 1
7.948909e-05 1
2.486365e-06 1
5.634356e-05 2
4.082683e-06 1
3.904960e-07 1
2.317242e-05 1
2.226637e-05 1
1.940430e-05 1
2.571116e-05 1
3.229675e-05 4
1.402053e-05 7
4.848177e-05 5
4.423201e-05 1343
1.306396e-05 1
9.433789e-06 1
4.065713e-05 3
2.158331e-05 1
4.235097e-05 1
1.265259e-05 1
6.825336e-05 1
5.413673e-05 156
1.022839e-05 1
1.824422e-05 1
9.448723e-06 3
6.605745e-05 55713
4.772084e-06 34
3.631170e-05 1
5.974721e-06 220
1.908677e-05 1
4.377845e-05 1
2.322500e-05 1
1.688694e-05 1
2.924584e-05 2
5.450962e-05 1
5.371916e-06 148
6.733587e-05 4
4.722289e-05 1
3.603810e-06 3
2.462522e-05 3
2.739441e-06 1
1.928232e-06 194
2.759426e-05 1
4.526968e-05 1
4.183159e-06 3
9.592834e-07 1
2.662156e-06 1
2.434555e-06 1
1.259888e-05 1
3.452988e-05 1
2.083838e-05 1
1.642368e-05 164
1.400637e-05 3
1.683782e-06 1
1.239374e-04 4
2.789425e-05 7
4.478964e-06 2
4.182332e-05 50524
4.090849e-05 1
1.087842e-05 2
1.847564e-05 31
1.253534e-05 1
1.371209e-05 1
2.411666e-05 1
3.438110e-06 1
1.601890e-06 5
2.579574e-05 1
1.821887e-06 127
4.210442e-05 5
1.383073e-05 1
3.205254e-05 1
2.127440e-05 2
2.051024e-05 1
2.050231e-06 1
1.593446e-07 1
2.353177e-05 1
5.938278e-05 2
2.379415e-06 1
1.412772e-05 1
2.077637e-05 1
2.960635e-05 2
4.024130e-05 1
1.267442e-05 1
3.217135e-05 1
1.362807e-07 48
5.938250e-06 1
8.018141e-06 1
1.932840e-05 27115
5.962648e-06 1
2.380046e-05 1
1.753594e-05 1
5.702908e-05 36722
2.993297e-05 1
4.665036e-06 3
3.928749e-05 1
7.391702e-05 1
1.316494e-05 3
2.461719e-06 2102
3.006108e-05 1
3.409433e-05 1
6.485203e-05 1
2.424196e-05 1
2.545645e-07 1
1.130381e-05 1
2.167836e-05 1
1.297813e-05 2
1.073186e-05 1
1.827658e-05 2
2.792826e-07 195
8.553237e-06 1
2.153377e-05 93
6.574098e-06 1
5.621623e-05 1
2.839714e-05 1
5.562591e-05 1
2.876707e-05 2
1.687212e-05 1
8.538020e-06 3
4.896807e-05 1
1.787501e-06 1
8.703091e-06 1
3.612354e-06 1
7.052480e-06 1
1.901781e-06 1
1.689318e-05 3
1.183624e-05 1
7.897082e-06 1948
1.231588e-05 1
7.391311e-06 1
3.991980e-05 6
2.086593e-05 1
1.305204e-06 1111
7.589766e-06 1
1.669815e-05 1
4.435481e-06 2
2.346771e-05 4
1.419005e-06 1
1.402391e-05 226
4.985934e-05 1
3.963275e-06 2
3.197216e-05 1
1.784553e-05 1
9.993558e-05 300686
3.585244e-05 6
1.626915e-05 1
2.335696e-05 2
3.351439e-06 1
6.588633e-05 3
1.282965e-05 1846
2.950043e-05 1
1.439224e-05 1
2.790818e-05 780
2.717271e-06 3
3.523592e-05 6
1.773273e-05 4
1.745514e-05 1
3.602046e-05 2
1.002889e-05 1
1.083715e-05 1
2.744835e-05 47282
9.521787e-07 1
5.207865e-06 1
2.448483e-05 581
3.450015e-06 1
4.434032e-05 1
1.761735e-05 1
4.370709e-06 1
7.065723e-05 1
1.611023e-05 18361
5.531857e-06 1
3.124202e-08 1
3.105778e-05 4
1.092821e-05 13
2.429284e-05 799
2.598180e-06 1071
7.597737e-05 2
7.278590e-06 1
4.689009e-06 1
3.828300e-05 5
1.197756e-07 2
2.470321e-05 1
1.760321e-05 1
9.105661e-06 1
2.917014e-05 1
2.503801e-05 246
1.853421e-05 457699
9.520802e-06 2
3.974188e-07 657676
3.270183e-05 7
1.009998e-05 5
5.989600e-05 1
1.572527e-05 1
1.202387e-05 2
3.717091e-06 1
4.841825e-06 1
4.973839e-05 1
4.625108e-05 1
7.710918e-05 1
3.952855e-05 1
2.554697e-06 2
4.831358e-06 1
1.110069e-05 1
3.034166e-05 1
5.831052e-06 1
1.000153e-05 1
5.907824e-05 56
3.695864e-06 1
1.408035e-06 1
3.654616e-05 1
1.733751e-07 3
3.431068e-05 1
5.408647e-06 1
5.918163e-05 2
5.987859e-06 1
1.082512e-05 1
1.473780e-05 6
9.027014e-06 2
5.307388e-06 1284
6.574183e-08 1
3.024206e-06 1
5.534308e-05 1
7.958026e-06 3
1.586948e-05 1
1.850688e-05 1
2.635508e-05 1
3.739077e-05 1
1.110418e-05 1
1.722577e-05 1
5.739621e-06 28903
4.144235e-05 1
8.661617e-06 1
3.530321e-05 1
1.323785e-06 1
5.489630e-06 28942
6.374139e-07 1
4.513290e-05 2
2.992260e-05 3
1.203761e-05 1
2.791599e-05 1
5.756961e-05 57950
3.234489e-05 1
3.313005e-06 225
5.659930e-06 1
1.208209e-05 1
8.167199e-06 3
3.125703e-05 4
7.470303e-05 1
5.963838e-07 258
6.867521e-06 1
5.221961e-06 1
7.436708e-06 1
2.396408e-05 152
1.607707e-05 1
8.177105e-06 1
1.492700e-05 1
2.116843e-06 1
7.963449e-06 17
5.540866e-05 1
2.366027e-05 1
4.416000e-06 1
4.677819e-05 216
1.125897e-04 2017
9.176046e-06 1
1.873599e-05 1
1.235142e-05 1480
1.004698e-05 4
8.559154e-06 1
1.746978e-05 228
1.047795e-05 3
5.853565e-06 1
1.940715e-07 3
7.936426e-05 168
1.581487e-05 39507
2.547648e-05 1
3.821190e-05 3741
8.160968e-06 2
8.446716e-06 1
7.200466e-06 1
1.718990e-05 213
4.312062e-06 3
7.020914e-06 39
1.266103e-05 3
5.335994e-06 7
1.524202e-05 740
1.854243e-06 1
2.888450e-05 478
4.290467e-05 2
5.854836e-06 1
1.616668e-06 2
2.239520e-05 1
2.534782e-06 68
8.712586e-05 1
1.993526e-05 2
5.070493e-05 1
1.991865e-05 6
1.613632e-05 1
7.236713e-06 1
7.711648e-05 1
7.920078e-07 1
3.978940e-05 17285
7.611082e-06 1
3.115612e-05 1
3.047112e-05 1
2.570606e-05 6
1.316695e-06 1
5.890133e-06 1
5.068193e-06 4
3.810591e-05 2
3.722996e-06 3
3.091624e-05 3
1.430835e-06 4
3.006829e-05 2
1.588522e-05 1
3.949049e-06 1
8.936771e-06 1
1.686369e-06 1
7.299126e-06 1
7.429217e-05 1
8.261799e-07 1
1.652848e-05 1806
1.013713e-05 7
1.589647e-05 1
3.690278e-05 1
2.896107e-06 2
1.084986e-05 426333
3.253709e-05 1
7.566118e-08 1
1.278167e-05 1936
3.386983e-05 1
1.846735e-05 2
1.239603e-05 1
3.207422e-05 3
3.823402e-05 3
3.783258e-06 1
2.641045e-05 1
6.209313e-06 2
1.427900e-05 3
1.546369e-04 4
1.707486e-06 1
9.094644e-05 1
2.026368e-05 1
6.521269e-06 214
3.813425e-05 1
1.439069e-05 1
9.462495e-05 172
3.030073e-06 468
5.986951e-06 1
3.514706e-06 3
2.718159e-05 1
6.470822e-06 2
2.676467e-05 71
5.478556e-05 1
5.216453e-06 5
3.710388e-06 1
2.883471e-05 3
3.249907e-05 1
1.173909e-05 1
1.213828e-05 1
2.937836e-05 1
2.041591e-05 1
2.242627e-06 7
6.035589e-05 1
8.372579e-05 1
6.549543e-06 5
1.096156e-04 1
2.460502e-05 4
1.321644e-05 15
3.365889e-05 3
7.307060e-06 3
6.194116e-07 2
6.927694e-06 3
1.526489e-05 1
6.093343e-05 113
6.078494e-06 1868
3.292347e-05 1
2.252535e-05 1
1.011428e-05 1
4.885748e-07 1749
1.504561e-07 3
6.478079e-06 1
2.582712e-05 372
2.246146e-05 5
2.261272e-05 1
1.428010e-05 2
2.504505e-05 2
3.903469e-05 1
3.869727e-05 1
1.856840e-06 1
1.015713e-05 1
1.914517e-05 98
2.528267e-05 7
6.235980e-06 1
4.257030e-06 1
7.144780e-06 6
2.987837e-06 1
1.634286e-05 1
1.041518e-05 1
7.809911e-05 60394
6.237185e-05 1
1.746200e-05 1617
6.004595e-05 83
1.434126e-05 1
3.240601e-05 3
1.515442e-05 59947
3.795526e-06 1
3.529501e-06 3
6.293531e-05 1
1.027350e-04 2
2.542239e-05 1
6.183542e-05 4
2.802579e-05 251
2.148422e-05 1
1.162654e-05 5
6.331953e-05 52208
2.945844e-06 5
3.171263e-06 2
1.312050e-05 1
3.184548e-05 7
1.852844e-05 1
8.175594e-06 4
3.109167e-07 2
3.005606e-05 3
2.045167e-05 1
2.360928e-05 2
4.647507e-06 1
3.573576e-05 2
2.407470e-06 1
8.645556e-07 568
6.129354e-05 2
6.742591e-05 1
1.744075e-06 1
1.805562e-05 1
7.779104e-07 6
4.666592e-06 1
1.821245e-05 1
2.303268e-05 230
1.224098e-05 1
1.634878e-05 1
6.482240e-05 53
3.208549e-05 3
6.739171e-06 1
3.063995e-05 1
9.662959e-06 1
1.962722e-05 1
2.888001e-08 2
9.585139e-07 1
3.067064e-05 1
2.366890e-05 7
3.091211e-06 1
2.533001e-05 60864
3.827393e-05 1
1.213323e-05 3
1.143656e-05 1
9.847196e-05 113
2.992589e-06 1
8.289224e-06 1
1.256335e-05 145
1.059999e-05 1
8.292877e-06 6
2.656927e-05 1
7.101126e-05 199
3.857700e-06 1
6.839688e-05 1
2.920750e-06 1413
5.636139e-05 45057
2.985405e-05 856
1.598759e-05 1
3.320577e-06 5
5.513478e-05 2
1.294898e-05 1
2.760792e-05 3
8.816101e-06 1
4.531568e-05 1
1.238230e-04 516
4.169490e-06 1
2.235512e-06 6
1.200334e-05 1
7.625832e-06 1
6.265122e-06 3
1.879774e-05 1
4.447458e-06 3
2.249185e-05 1670
3.682392e-05 3
1.984349e-05 1
2.886323e-06 1
7.489451e-06 7
1.135608e-05 42
1.511039e-05 1
5.288925e-06 1
3.316485e-06 3
1.676845e-05 3
5.816687e-05 2
3.188822e-05 3
1.302650e-05 2
1.655376e-05 4
1.993734e-05 7
2.253743e-05 1
7.828683e-06 2
3.924403e-05 3
3.532418e-06 1
1.231655e-05 5
3.266076e-06 145
3.465795e-05 1389
1.265024e-05 1
3.786222e-05 1
1.728354e-05 2
9.738063e-06 2
1.142044e-05 1
3.117690e-05 1
4.303557e-06 1
1.593736e-05 1
3.619392e-05 135
3.513472e-06 1
4.683736e-05 778
1.214938e-06 5
9.720245e-06 6
4.348027e-05 2
3.107699e-05 1
5.293904e-06 1
3.081846e-05 1
9.450454e-05 1
8.634971e-06 1
1.165906e-05 1
1.988429e-05 1267
4.313928e-05 1
3.983314e-05 1159
3.475867e-05 28
1.689347e-05 1
6.046332e-06 509788
2.134928e-05 1
3.560160e-06 3
2.302346e-06 50105
5.763389e-05 1
2.047790e-05 2
1.235821e-05 1
1.936140e-05 1
5.844539e-05 1241
1.379613e-05 1
7.034469e-05 1
1.074578e-04 1
1.556957e-06 2
9.726725e-05 4
1.018152e-05 1
1.582411e-05 2
4.431662e-05 72
7.825931e-05 1
2.687339e-06 2
2.498576e-05 6
1.851861e-07 1
9.350964e-06 1
3.448357e-06 1
1.733118e-05 1
2.584667e-06 1
1.349236e-05 6
1.657380e-05 5
4.956382e-05 4
4.889346e-05 4
3.050303e-05 1
2.016867e-05 86
4.810448e-05 42
2.567285e-05 6
1.652797e-05 1807
1.736094e-05 1
5.244283e-06 7
3.841812e-05 7
1.150114e-06 318
3.137938e-05 1
5.063181e-06 1
5.677973e-05 3
7.162378e-06 1
8.746361e-06 1
9.524531e-06 1
1.359650e-05 1
5.142227e-05 1
3.856422e-05 1
3.876968e-06 2
9.437666e-05 6
1.298562e-05 1556
2.515594e-06 117
1.217801e-05 2
5.305436e-06 1
1.227564e-05 7
4.053699e-07 122
7.937525e-06 3
2.566234e-05 6
2.415643e-05 1
2.604299e-05 1
2.454554e-05 1
7.232521e-05 1
4.526055e-05 1
8.850567e-06 144
9.356237e-06 3
5.002148e-05 2
1.020686e-05 1
3.638368e-05 3
3.808326e-05 1
5.511917e-06 1
2.452726e-05 17
3.234491e-05 48738
1.800820e-05 2
2.751356e-06 20766
3.323835e-05 1
1.267648e-05 1
1.564874e-05 1
4.044865e-06 5
1.070663e-04 1
6.354944e-05 1
1.096014e-05 1
5.406538e-05 1
1.424560e-05 1
3.621090e-05 7
3.158798e-06 1
5.056988e-07 1
2.162759e-06 7
2.378915e-05 1
2.242481e-05 193
3.158224e-05 1
2.443761e-05 1
8.060856e-06 3
4.659752e-05 2
1.285309e-05 1
2.847098e-05 5
1.890987e-05 1
3.502441e-06 1043
3.132685e-05 39
1.243620e-05 1
7.808652e-05 2
8.066606e-07 2
4.495265e-06 1
1.842515e-06 5
7.106495e-05 3
1.795531e-06 1
6.679292e-06 1
7.155710e-06 1
9.530314e-06 1
2.080590e-05 1
4.803489e-06 3
1.104838e-05 3
5.170739e-06 1
1.774977e-05 6
1.539167e-05 104
5.996843e-05 1
2.979035e-05 4
1.405890e-05 31768
1.313139e-04 1
3.920806e-06 1
3.735626e-05 3
1.013420e-05 39
2.518851e-05 2
1.231767e-05 60868
2.230680e-05 1
1.496621e-06 1
3.462347e-05 3
1.983492e-05 1
2.480003e-05 3
2.763322e-05 1
3.329412e-05 106
1.354022e-05 1
6.054077e-07 1
1.720340e-05 7
1.014322e-04 1
1.973174e-05 263
2.293788e-05 1
5.047695e-06 1
8.943150e-06 1
2.225355e-05 1
1.242923e-05 1
1.033050e-05 10
2.114694e-05 129
2.252270e-05 2
2.318123e-05 57429
1.035155e-05 1
2.620073e-07 1
1.256810e-05 1
1.613721e-06 1
2.292877e-05 1
3.400021e-05 1
3.043245e-06 1
8.448674e-06 1
1.037713e-05 182
1.834877e-05 89
2.767881e-05 1
1.580526e-05 1
7.435099e-05 1
1.781926e-07 3
3.442512e-05 1
1.216867e-05 1
3.886711e-05 1
1.135953e-05 131
8.825419e-07 1
3.059999e-05 4
3.455701e-06 1
8.693092e-06 1
2.443451e-06 1
8.463412e-06 1292
5.278631e-07 1
9.724516e-07 1
1.870494e-06 251
1.303105e-05 1
4.632045e-05 1
1.754571e-05 2
1.195563e-05 3
4.775276e-06 2
9.287651e-06 1
2.894669e-05 1
9.958509e-06 3
4.265153e-05 1
2.921986e-05 126
9.265433e-06 170
7.698654e-05 142
6.085141e-05 1
2.070590e-05 2
4.263392e-05 1
1.735293e-05 3
5.559111e-06 1
7.222145e-07 1
1.920294e-07 1
1.768675e-05 446264
7.641254e-05 2
3.870458e-06 1
3.661234e-05 6
1.198302e-06 56257
1.678819e-05 1
2.061084e-06 1
3.453459e-06 242
5.270168e-05 1
3.135172e-05 1
1.155682e-05 1
3.547235e-05 1
2.102925e-05 1
1.244382e-05 251
2.132432e-05 4
3.945121e-05 1385
4.607450e-05 1
3.013157e-05 1
2.460101e-05 1
4.790520e-06 2
1.315987e-05 1
2.586907e-05 1
1.104334e-05 3
1.421383e-07 47
7.316357e-06 4
4.203969e-06 231
4.945900e-06 3
1.190462e-05 1
1.914050e-05 5
6.468286e-06 1
8.988388e-07 12
4.596072e-06 1
3.576786e-05 1
1.047229e-05 1
3.052867e-05 6
5.746477e-05 2
3.423418e-08 1
3.856291e-05 1
5.781906e-06 1977
1.183653e-05 109
2.115051e-06 580
7.329255e-05 3
6.845037e-06 7
1.617552e-06 1
2.677496e-06 1
4.772185e-06 1
2.363940e-05 1
4.026087e-06 3
8.460336e-06 1
1.186138e-05 1
4.593695e-05 1
4.490572e-05 1
4.240266e-05 1
2.532471e-05 1550
1.678847e-08 2
3.290574e-06 1
5.323104e-06 1
3.866850e-05 7
3.334677e-05 6
2.152782e-05 2
6.498029e-05 185
2.283259e-05 3
3.087948e-05 1
1.088577e-05 153
4.518716e-05 1
2.229909e-06 221
3.041750e-05 6
2.813089e-06 1
1.265643e-05 1
7.196969e-06 2
2.061917e-05 1
1.015981e-05 1
1.471687e-06 19641
8.101385e-06 5
5.632011e-06 57
5.324438e-06 4
2.268630e-05 796
3.754254e-05 1
2.830429e-05 1
1.740236e-05 2
7.877305e-06 7
3.570780e-05 249
4.150481e-05 1
3.240632e-05 1
5.150261e-05 1
7.484195e-06 37232
1.689036e-06 1
4.198914e-05 7
6.978302e-06 7
1.264087e-05 1
4.740400e-05 1
7.070482e-05 6
8.175850e-06 1
9.817089e-06 1
3.346907e-05 4
1.787220e-06 6
2.674157e-05 3
1.198717e-05 1
2.472013e-05 1
1.248821e-05 7
8.700081e-06 168
1.076811e-07 1
6.971273e-06 1
2.506476e-05 1
2.480522e-05 2
1.668305e-05 2
6.059458e-06 1
2.146874e-05 3
6.128173e-06 3
4.873234e-05 7
1.044244e-05 1
3.493595e-05 1
1.306221e-05 5
1.280313e-06 7
9.914772e-06 1
2.287202e-06 254
8.908739e-06 299
1.140955e-05 169
1.685723e-05 1
8.697753e-06 1
6.999259e-06 177
1.085148e-05 1
5.539578e-05 2
1.620299e-05 2
4.709147e-05 5
7.798700e-06 5
2.106837e-05 1
2.883505e-05 3
9.230833e-06 862
2.688723e-05 270320
4.933586e-06 1
4.844360e-06 1
1.969559e-05 267
1.053240e-05 2
7.435163e-06 1
5.184698e-05 6
4.072128e-06 256
2.086178e-05 2
9.392663e-05 1492
2.395665e-05 552
2.071000e-05 2
5.240893e-05 62
1.086166e-05 1873
1.847699e-05 2
2.414879e-05 1
2.652759e-06 89
7.704942e-06 1
6.963759e-06 1
5.221063e-06 1
2.407625e-06 356
5.943244e-06 1
3.685666e-06 1
2.054896e-05 3
5.364914e-07 1
3.752165e-05 682
6.655005e-06 2
3.511601e-06 1
1.950329e-05 1
2.192680e-05 13
3.776139e-05 1
7.661906e-05 2
1.948589e-05 17395
3.948830e-06 146
1.209653e-07 65681
6.096210e-05 2
2.389936e-06 1
4.588955e-05 2
3.813542e-05 1
2.639909e-06 951
4.483777e-06 3
2.431821e-05 2039
6.005461e-05 57377
5.757738e-05 1
5.053417e-05 1195
1.039870e-06 26
2.389119e-05 2
1.778479e-05 1760
3.686873e-05 193
4.633005e-06 60
3.652664e-06 1
1.308449e-05 1
4.315641e-05 1
1.034938e-05 97
4.438127e-06 393
5.412837e-05 1
1.733904e-05 1
1.939444e-05 1
6.937838e-05 1
1.502535e-05 2
2.747467e-05 1
4.205243e-05 1
6.854677e-06 1
9.983797e-06 3
5.172442e-06 36927
3.327254e-05 2
9.415225e-06 1
2.080442e-06 1
7.074966e-07 1694
2.139669e-06 1
6.602564e-06 6
7.445823e-06 5
4.070821e-05 49701
9.102013e-06 1
1.667983e-05 4
4.679348e-05 3
4.959515e-05 1
1.026311e-05 1
5.352641e-05 55482
1.641707e-05 3
2.378614e-05 1
1.131617e-04 1
2.947727e-05 1
3.040115e-05 9353
4.960597e-05 3
5.966605e-05 3
1.748834e-05 5
2.372497e-05 1
4.059078e-05 1
2.866649e-05 1
2.722480e-05 1458
3.144901e-05 1
4.410891e-05 1
4.967205e-05 1
1.082749e-05 2
4.168071e-06 14437
1.212173e-05 650
6.171337e-05 3
7.716849e-06 1096
1.006312e-05 1
9.457917e-07 47
6.741468e-06 2
4.045598e-06 172
3.226582e-06 1
2.299579e-05 9
2.308917e-06 1
1.689383e-05 2
4.973526e-06 4
2.437507e-05 74
5.785378e-05 1
8.219908e-06 1
1.372938e-05 1
4.843581e-06 1
1.026797e-05 556
5.359778e-06 240
4.096263e-05 3
9.388462e-06 3
2.814556e-05 6
3.982002e-06 229
1.172155e-05 1
5.785464e-06 1968
3.461792e-05 55335
2.499189e-05 1
6.980986e-06 1
5.204865e-05 1
4.887998e-05 3
1.310220e-05 6
1.823802e-05 40650
7.569892e-06 1438
8.594686e-06 363
3.843993e-05 2
2.173503e-06 233
2.024502e-06 84
5.846158e-06 4
1.989330e-05 4
5.121389e-06 1
4.085175e-05 1
5.742185e-05 1
6.154863e-07 3
1.845986e-05 1
2.933254e-05 1
6.282821e-05 7
7.853724e-06 4
3.823664e-06 1
1.129819e-05 994
8.986228e-07 1
2.243456e-05 170912
9.240977e-06 2
1.808509e-06 1
3.006413e-05 1
1.204279e-05 81
1.028237e-05 1
5.616944e-06 3
3.400791e-05 1
2.500606e-05 1
2.780714e-05 1
5.884239e-06 1
5.047817e-06 73
1.056261e-05 1
1.142930e-04 1
1.246266e-05 1
2.301189e-06 3
9.649402e-06 1
1.865143e-08 1
1.362790e-05 9888
2.184827e-05 1
1.646722e-05 2
1.307703e-04 1
2.528096e-05 1
5.564128e-06 2
1.949258e-05 2
2.378754e-05 1
7.401154e-06 1
7.540817e-06 221
2.312137e-06 1
2.713069e-06 2
7.920818e-05 1
3.692053e-05 1
8.813489e-05 1
1.389116e-05 3
3.894002e-05 1694
4.606550e-05 2
2.337068e-05 4
3.322057e-05 1
1.749778e-05 3
1.577804e-06 2
2.350789e-05 1
4.250189e-06 1
1.958845e-05 3
1.691275e-05 3
3.101754e-05 3
2.491850e-05 1
7.632649e-05 1743
2.165529e-05 1
1.722932e-06 3
4.111541e-05 11857
1.364097e-05 1
4.101567e-05 1
4.795532e-07 1
1.802478e-06 2
1.672478e-06 1
4.178346e-06 1
5.274967e-06 1
1.620479e-05 144
5.094039e-05 1
3.041106e-05 1
8.462072e-06 1
4.139169e-05 3
1.012394e-06 77
5.238472e-05 1
2.952179e-05 61
8.202020e-05 1122
2.250044e-05 2
2.623695e-06 36906
1.286558e-05 150
3.908014e-05 1608
4.922848e-06 1
4.382426e-05 60821
7.985451e-06 1
2.417774e-05 1
3.532285e-05 2
6.915489e-05 1507
2.967140e-05 1656
1.990689e-05 1870
2.885322e-05 3
1.326029e-05 4
2.547214e-06 1
5.410785e-06 7
3.810612e-06 1
1.925380e-05 31757
2.385440e-05 1
1.022412e-05 1
2.320177e-06 1
3.317783e-05 1
5.251893e-06 1
1.187395e-05 1
2.512091e-05 2
4.038881e-06 1
8.093275e-06 1
2.548736e-05 3
2.140917e-05 1
4.496123e-06 1
2.103903e-05 64025
6.395018e-06 40699
7.945093e-06 45904
1.307978e-05 1
1.452033e-05 1
2.671980e-05 1
7.012601e-05 1
1.010524e-05 1
5.507928e-05 61794
2.406496e-06 1
3.675665e-05 1186
6.313516e-06 1
3.311369e-05 3
5.645928e-05 241
2.229424e-05 1
2.418587e-06 958
1.450712e-06 3
9.524314e-05 1
3.616932e-05 181
1.906598e-06 1
1.757374e-05 1
6.167982e-06 1
2.100586e-06 1
4.767674e-06 6
1.878640e-05 179
1.964078e-05 1
4.429233e-06 4
2.056070e-05 3
5.372858e-05 3
1.780801e-05 1
3.226440e-05 2
2.401424e-05 193929
9.957785e-06 155
1.433203e-05 1
3.903062e-05 1
1.720574e-05 1
9.300530e-06 1
1.548214e-05 1
2.796099e-05 3
5.299628e-06 50354
1.458284e-05 1
5.281945e-06 1984
2.102713e-05 997
4.110889e-06 1
2.329627e-05 1
1.146448e-05 1
5.788324e-06 1
1.008816e-05 3
2.158286e-05 223
4.924583e-05 4
2.347052e-05 1
2.992619e-05 3
2.875762e-05 1
7.837328e-06 1
7.295964e-06 4
2.794791e-06 2
5.146880e-05 6
1.795026e-05 2
1.768033e-05 1
3.094384e-05 6
5.533509e-05 1
1.231267e-05 2
8.029866e-06 1
7.050197e-05 250
2.426806e-05 3
1.165402e-05 2
3.509163e-05 145
8.271501e-05 1
5.301640e-07 1
7.388913e-05 1
1.076853e-05 55769
4.701108e-05 549706
5.033904e-06 76
5.553217e-05 1
5.060753e-05 2
1.965216e-05 1
2.708120e-05 227
3.171625e-05 1
2.760305e-06 22
2.870694e-06 1
2.359135e-05 3
1.083382e-06 241
3.958104e-05 6
3.913870e-05 1
2.381252e-05 3
9.605488e-06 3
2.554586e-05 2
6.148904e-05 1
1.254406e-05 1
3.557175e-05 1
1.800682e-05 3
2.824908e-05 3
2.215559e-05 1
4.630649e-06 1
2.788741e-05 1
8.457288e-05 2
1.398137e-05 1
2.273953e-05 1
6.075425e-05 1
1.888161e-05 1
6.727152e-05 1
2.307982e-05 1
1.448250e-05 1
2.680342e-06 1
5.345846e-06 1
8.115150e-05 1
3.085366e-05 1
3.423645e-06 427221
4.233774e-06 6
1.322848e-05 58
1.136931e-06 2
1.725316e-05 1
5.240128e-05 1
1.903683e-05 1
1.680966e-05 1
5.339304e-07 5
1.468934e-05 1
1.207010e-05 1
1.512202e-05 1
1.224664e-05 1
3.343149e-05 1
2.908537e-05 1
4.462352e-05 2
7.232657e-07 230
1.578482e-05 3
8.829629e-07 1
1.523477e-05 54000
9.170851e-06 8872
2.188339e-05 1
1.531731e-05 6
2.905385e-05 62845
1.514749e-05 7
2.044395e-05 1
7.089273e-06 1
5.438533e-05 3
3.900465e-06 1
2.052584e-05 1
5.735132e-06 1
6.962321e-06 1
2.706629e-05 36316
9.012861e-05 1
7.006217e-06 1
1.020687e-07 3
1.632729e-05 1
5.103640e-06 2
8.437873e-05 1
3.096743e-06 2
2.036861e-05 1
1.189262e-04 1
9.801359e-05 1
5.483637e-07 1
6.214547e-07 74
7.078062e-06 1
2.604098e-05 2
7.866383e-06 1
5.871096e-05 6
4.924529e-06 1
8.095310e-05 2
4.059666e-06 2
1.024148e-06 1
8.387632e-06 173
1.278547e-04 1
1.695144e-05 3
4.213291e-06 64733
1.866328e-05 1
1.604377e-05 1
2.252133e-05 2
1.105503e-05 1
1.436407e-05 94
1.884969e-05 2
1.138323e-04 1985
1.667022e-05 3
4.219390e-05 3
2.018814e-05 1
1.035434e-05 65312
7.379997e-06 6
1.855208e-06 5
2.990934e-05 1
2.139021e-05 1
3.871932e-05 2
8.165084e-06 7
2.895570e-05 143
7.492312e-05 2
4.649105e-05 296
8.911922e-07 193
7.789051e-06 3
4.443833e-06 1
2.207751e-05 61164
5.301843e-05 137
2.290070e-06 3
4.431081e-05 2
2.631532e-05 149
8.194702e-06 631
1.136944e-05 1
9.034693e-06 71
3.722365e-06 2
2.193675e-05 7
3.253440e-06 237
1.916746e-05 3
6.242987e-06 7
8.983638e-06 1
4.479782e-06 1
4.052624e-05 1
1.918161e-05 1
2.450806e-05 3
4.521818e-05 5
3.748580e-05 706
2.603382e-05 1
3.483341e-06 1
4.192688e-05 1
1.616155e-05 6
1.712671e-05 1
2.792759e-05 1
1.745631e-05 4
2.305676e-07 3
1.295740e-05 1
2.085695e-05 1
6.322630e-06 3
2.230415e-05 1
1.291133e-05 1
1.847911e-05 1
3.070914e-05 1
2.122216e-05 3
2.523453e-05 1014
2.146031e-06 14596
1.097116e-06 2
3.786605e-05 1
6.970791e-06 320
3.820354e-05 1515
4.746177e-06 5
3.972167e-05 3
3.310621e-05 1
4.416644e-06 1
5.218345e-05 3
5.205309e-06 7
7.393381e-05 5
7.842212e-06 1
1.392632e-05 1
2.476892e-05 2
1.228031e-05 36167
5.022508e-06 1
3.009111e-05 204
6.359211e-05 1
9.078401e-05 83382
9.468012e-06 139
9.195720e-06 1
1.292321e-05 3
4.071802e-05 1
6.957346e-05 2072
5.740304e-05 3
8.487322e-06 7
3.258378e-05 1
2.750785e-05 1
7.110683e-06 1
4.219886e-05 173688
4.710945e-06 2
7.824153e-06 39
5.058954e-06 26
1.424258e-07 2
3.502896e-05 7
2.058405e-05 950
2.543357e-05 1
3.649640e-05 1
2.189930e-05 4
7.008040e-06 1
5.164399e-05 2
7.101466e-05 1
4.501099e-05 4
4.776777e-05 1
7.882878e-06 1
1.170923e-05 1
2.672309e-05 23881
3.274797e-05 62361
1.737677e-06 2
1.230472e-05 3
4.681214e-05 1
7.013803e-06 2
7.870983e-06 53386
6.056121e-07 1
1.533987e-05 6
1.399398e-05 361
4.019509e-05 2
2.395160e-05 64
6.175614e-06 5
1.409460e-06 1
2.918193e-05 3
5.975671e-05 133
5.001136e-05 3
4.766482e-06 1
5.648701e-06 1
6.655103e-06 1
7.692260e-06 1
4.337427e-05 3
4.922751e-06 3
9.105112e-07 1
5.654603e-05 2
6.306402e-05 1
6.746556e-05 1
1.547669e-05 1
6.047827e-05 2
7.041362e-06 55421
9.621618e-06 1921
3.456863e-05 82
3.125963e-08 3
2.676316e-06 1
3.321868e-05 1
1.140114e-05 2
3.016912e-05 1
4.942806e-05 1
2.757356e-06 7
1.295815e-05 1
2.508430e-05 1
4.486142e-06 1
1.670363e-05 1
6.705142e-06 1
4.323055e-07 205
3.158830e-06 1
1.175540e-05 1
5.451269e-05 1
1.492789e-08 1
1.813167e-06 2
3.659621e-06 1
3.711209e-05 1
5.607362e-05 1
7.962997e-06 2
2.667044e-05 26256
1.908053e-05 1
1.660704e-05 1
1.093856e-05 1
