1.182708e-04 1
4.434859e-05 1
1.006835e-04 3
4.214397e-05 2049
2.590643e-04 2
1.502197e-05 1
1.576788e-05 1
4.342325e-05 2
2.967643e-05 3
2.538953e-05 3
4.861305e-05 7
1.632273e-04 1
1.583147e-04 1
8.819725e-05 1
2.563253e-04 1
6.147240e-05 1
4.836051e-05 1
2.804450e-04 1
2.061471e-05 51
1.691773e-04 3
9.803402e-05 17
3.666813e-05 1
1.476927e-04 5
2.146501e-05 1
1.622794e-04 1
1.872164e-04 7
1.966869e-05 1
1.856740e-04 4
3.536989e-04 1
2.181717e-05 1
3.873373e-06 1
1.409477e-04 15
5.994412e-05 2
2.877662e-05 6
3.103110e-05 42757
1.102138e-04 27
6.191641e-05 2
3.720264e-06 574
8.699975e-05 1
3.162791e-05 2
5.227451e-05 35036
7.051676e-04 1
4.782528e-05 3
1.007538e-04 7
3.601142e-05 3
1.912523e-04 38383
7.482705e-05 1
4.394607e-05 5
2.443679e-04 108
2.800317e-04 1
3.276745e-05 1
4.614048e-05 1
3.672300e-04 261
1.273934e-04 1
6.911994e-05 3
1.426798e-04 1
9.098531e-06 1
9.030263e-05 1
1.742303e-04 1
8.254571e-05 7
1.662036e-04 6
2.263504e-04 2079
7.859042e-05 1
4.195658e-05 1
2.737436e-04 2
7.089034e-06 1
1.824353e-04 3
6.122768e-04 40679
9.570269e-05 7
8.033443e-05 1
3.733768e-05 6
1.374003e-04 1
9.543823e-05 3
2.864379e-05 1
9.715464e-05 2
8.310495e-05 1457
5.053799e-05 1
1.742954e-05 51015
7.758229e-05 1
2.502262e-04 1
1.843084e-06 2
4.563458e-05 233965
9.893760e-05 20
3.870079e-05 1
2.032040e-04 1
6.252123e-05 1
1.407524e-05 7
1.320614e-04 1
2.842254e-04 31094
3.626263e-05 1
1.952462e-04 1
5.926588e-05 1
2.872085e-05 1
7.753086e-05 1
1.185874e-04 1
5.781527e-05 3
4.934370e-05 1
1.800624e-04 107
5.326428e-05 159
1.072541e-04 1
3.707123e-04 2
4.592538e-05 6
2.354346e-04 1
7.430040e-06 3
4.421215e-05 1
1.969096e-04 3
1.507567e-04 1
7.335347e-05 2
7.458303e-05 1
3.166756e-04 1
8.937577e-05 1
1.156264e-04 1
3.488777e-05 5
2.330619e-05 114
4.288066e-05 817
1.009589e-04 1
3.183132e-05 1963
6.609973e-05 1990
1.013751e-04 2025
1.405220e-04 1
7.692044e-05 3
1.003370e-05 1
9.012992e-05 238
9.023947e-06 1
9.121393e-05 1
6.212034e-06 1
2.265579e-04 1
2.688690e-05 1
3.944902e-04 3
1.565886e-05 2
1.494290e-04 1
1.279221e-05 1
1.615943e-04 52653
7.660708e-06 1
1.277362e-04 1
5.210806e-05 2
3.421544e-05 1
1.906613e-04 3
1.320587e-04 1726
1.716838e-05 1
4.532196e-05 1
4.723966e-05 1
2.061712e-05 2
3.403554e-05 6
7.416468e-05 214
5.159337e-06 219
2.902766e-04 3
6.074095e-05 1
1.938139e-05 1
1.438975e-04 1
4.379936e-05 1
1.104047e-04 1
1.893284e-04 2
1.052760e-04 1
6.421506e-05 1
3.532715e-05 1
7.092189e-05 3
8.929541e-05 3
3.349854e-05 1
2.114804e-04 2
6.197612e-05 1774
9.065323e-05 3
2.910775e-05 1
2.997395e-05 1
7.785306e-05 1
1.900509e-04 7
1.284907e-04 1
2.477911e-05 4
3.580104e-04 43
7.088264e-05 1
3.204534e-05 3
8.345984e-05 1
2.241935e-04 1
3.434813e-04 1
4.412969e-05 1
6.924833e-05 1
4.666743e-04 1
3.117482e-05 1
2.651661e-04 1
1.517949e-05 60437
1.015854e-05 123
1.531165e-04 2
1.155477e-04 225
9.973423e-05 1
5.994099e-05 1
1.841007e-04 1
7.076951e-04 2
2.379354e-04 1
1.336017e-05 2
1.407804e-06 3
1.882976e-04 1
2.635403e-04 351
2.211384e-05 1
1.516177e-05 1
5.792382e-05 1
6.585870e-05 1641
1.114463e-04 1
1.451522e-04 18504
2.297427e-05 1
5.908829e-06 3
5.091540e-05 1803
3.840852e-05 1
4.692567e-04 1
1.197648e-04 6
9.930385e-05 1
5.686243e-05 2
1.675330e-04 5
9.572551e-05 43391
8.477541e-05 1
6.374225e-05 1
5.673538e-05 267
5.434037e-05 1
1.671026e-04 37
2.136139e-04 1
2.158952e-05 1
7.178940e-05 1
3.161915e-05 1015
2.074030e-06 1
2.024765e-04 1
2.275709e-05 142
1.852845e-05 1402
6.231244e-05 2
1.879872e-04 1
6.568808e-05 1
1.264130e-06 6
5.233336e-06 1
5.636302e-05 1
2.512497e-04 1
2.636056e-05 7
5.030547e-05 1
2.796665e-04 1
8.116170e-05 93
2.073443e-06 21
3.292190e-05 1
4.366439e-05 1
1.304790e-04 1
5.122828e-05 2
1.072213e-04 1
6.716993e-06 6
2.228274e-05 1
7.969927e-05 6
6.232641e-05 1
1.670708e-04 1
3.712342e-05 1
3.962594e-05 2
4.290560e-05 1
2.539066e-04 2
4.114749e-05 84
1.716661e-04 2
1.712417e-04 1
2.054265e-04 1
4.551039e-05 3
1.208078e-04 1
1.117068e-04 7
1.425669e-04 4
1.231648e-05 647
2.739984e-05 1
8.526922e-05 1
7.561179e-05 1
1.210470e-05 56
4.636865e-05 35261
5.089411e-04 4
4.781234e-05 1
1.354875e-04 1
1.581194e-04 6580
2.004949e-04 2
1.224374e-05 196
3.826844e-05 1
1.669207e-04 1
1.589043e-05 1
5.932269e-05 1
3.637195e-05 3
1.019424e-04 2
1.038389e-04 31
3.080277e-04 1
1.955531e-04 58889
6.150803e-05 152
2.711784e-04 193
4.570997e-06 1
6.649631e-05 3
2.479758e-04 1
1.509510e-05 1
1.181826e-05 2
6.897593e-05 1
1.024229e-05 1
1.599035e-04 1
6.907740e-05 1
1.195661e-04 1
5.522993e-05 5
1.091554e-04 7
3.049859e-04 1
4.058461e-06 1
7.543470e-05 238
2.838817e-05 1
1.426187e-05 1
5.576988e-04 4
3.314967e-05 228
6.378592e-05 1
8.269085e-05 1
3.492163e-04 1
2.596773e-04 3
5.438022e-04 14094
1.323769e-04 209
3.733799e-05 1
5.893190e-04 1
1.467851e-04 4
8.736998e-05 75
3.131139e-04 4
2.714595e-04 5
1.260397e-04 2
2.532217e-04 3
2.872206e-05 1
1.766097e-05 1
2.624390e-04 1
5.697589e-05 3
1.683063e-04 1
1.670249e-04 1
7.790789e-05 2
2.430494e-04 1
1.360752e-04 1
1.082299e-05 3
8.876507e-05 3
9.443799e-06 1
6.940108e-06 5
4.759303e-04 3
4.617997e-04 1
1.397074e-04 1
4.729095e-05 3
1.696566e-05 1
8.709018e-06 1
7.329654e-05 1
2.358465e-05 4
1.327509e-05 11355
7.110003e-04 148
1.671615e-04 51
9.732017e-05 6
4.964728e-05 1
1.758746e-04 3
4.350387e-05 238804
4.786043e-04 2
1.542880e-05 3
4.747653e-05 4
1.784454e-07 1
4.731917e-05 1
2.290237e-05 1
5.806100e-05 1
3.895840e-05 4
6.457568e-05 171
1.715556e-04 1
7.056983e-05 3
2.054179e-04 1
6.379769e-05 1
8.283668e-05 6
4.578036e-05 1
8.263295e-05 49182
7.973024e-05 1555
3.344396e-04 3
4.537827e-04 5
3.884127e-05 7
5.462375e-04 2
1.166015e-04 1
3.139797e-04 6
6.070119e-05 2
1.212224e-04 17419
4.605536e-05 55
8.478408e-05 1
7.222165e-05 1
2.072478e-04 1
9.760736e-06 1627
2.583632e-04 3
2.121311e-04 1
7.833632e-07 1
1.807106e-04 1
3.977879e-04 212
8.917137e-05 2064
1.450308e-04 3
1.123386e-04 1
9.173544e-05 1
1.793711e-04 299
2.149224e-05 1
1.504075e-04 1
1.557952e-04 3
1.907749e-04 2
3.278916e-06 3
9.646596e-05 1
3.489642e-05 1
1.743085e-05 1
3.548156e-04 3
7.296431e-05 1
1.313523e-04 1
4.146338e-05 3
1.736152e-05 2
7.461788e-05 3
8.240179e-05 1
8.888574e-06 1
1.134274e-04 1
4.724857e-05 1
1.585747e-05 1
1.879408e-05 1
1.469628e-06 4
2.054312e-04 3
1.308966e-04 2088
4.530877e-06 3
3.374272e-05 1
1.600395e-04 1
3.592080e-04 142
6.980425e-05 155
2.303405e-04 221
3.027905e-04 1
9.571451e-06 1
1.762279e-05 2
2.580826e-04 3
2.977932e-04 1
6.927066e-05 1
6.920370e-05 2
2.403148e-04 3
6.901162e-05 1
7.375685e-05 1
1.297594e-05 1
2.008497e-04 1
3.869083e-05 1
5.687597e-05 1
1.362532e-04 1
1.089971e-04 1
8.485435e-05 1
3.944393e-05 1
6.730846e-05 1
9.725078e-05 2
1.118751e-04 1
2.019087e-04 1
1.082415e-04 3
1.033532e-04 3
1.062999e-06 2
8.625252e-05 43480
1.683052e-04 1
3.975787e-05 1
2.320379e-04 2
3.704914e-04 185
1.719504e-04 1
3.864793e-04 1
1.681613e-05 5
2.047502e-04 1
2.392160e-05 1
5.407224e-05 1
8.103792e-05 2
2.378130e-04 1
1.303388e-04 741
7.401735e-06 2
4.093233e-05 2
1.321532e-05 1
3.322488e-04 1
1.310972e-04 2
2.860451e-04 3
1.483710e-04 1
7.214536e-05 3
1.334134e-04 1
4.854646e-05 1
2.658406e-05 1856
3.023044e-05 1
5.983553e-05 6
1.329745e-05 2
6.424109e-05 2
1.264248e-04 1
3.712240e-05 1
1.697004e-04 1
1.202959e-05 1
1.729836e-05 627
2.488956e-07 1
2.403589e-04 1
6.624962e-05 39961
1.960199e-05 1
2.839240e-04 1
2.690832e-05 157
1.950661e-05 442
3.781252e-05 1
7.172571e-05 1
2.902509e-04 1
5.155807e-06 234
2.185527e-05 7
2.041783e-05 1
7.635314e-05 6
5.246117e-04 1
6.722649e-05 1
1.947938e-04 3
2.360574e-04 3
4.543022e-05 211
1.005797e-05 1
1.095474e-04 1
1.810275e-05 1
9.792394e-05 1
3.044426e-04 4
8.349599e-05 5680
1.150611e-05 2
1.518914e-04 1
1.756424e-04 3
4.244011e-05 57
1.110008e-05 1
5.824459e-05 274
9.303066e-05 184
5.198651e-05 1
1.065705e-04 1
8.792056e-05 7
2.162079e-04 110
4.521390e-05 1
5.460504e-05 1
3.875186e-06 1324
5.382186e-05 3
8.914607e-05 1
8.544849e-05 1
2.285929e-05 1
9.291407e-06 2
4.752579e-05 56622
9.678715e-05 1
1.328777e-04 7245
4.354070e-05 1
4.949949e-05 1
1.217249e-04 1
1.860880e-06 1
1.324607e-04 1
1.831155e-04 1
5.357385e-05 1
7.268290e-05 5
7.372651e-06 2
2.029905e-04 1
2.264760e-04 1
1.001376e-04 1
2.823652e-04 1
1.870511e-04 27005
9.349083e-05 2
2.718698e-04 1
9.752438e-06 43602
1.422636e-04 1
2.963628e-04 1
1.293318e-06 2
2.810677e-04 1
2.066758e-04 1
3.517663e-05 1
5.355794e-05 225
3.372917e-04 1
5.040373e-05 1
3.569226e-05 1
2.259237e-04 225
1.499187e-05 2
7.365007e-05 1
2.256736e-05 155771
1.984283e-04 1
1.036381e-04 2
2.511114e-05 1540
9.121972e-05 50
1.875104e-04 1
2.497614e-06 1
9.171941e-05 3
5.353682e-05 2
6.884913e-05 1
7.620920e-06 1
5.414425e-05 1342
1.174679e-04 175
1.101314e-04 2
1.669806e-04 2
1.530971e-05 3
1.613893e-04 222
4.459656e-05 228
3.441302e-04 62217
2.013519e-04 1
2.052846e-04 1
4.744052e-06 1
3.247995e-05 1
1.159562e-04 1
1.453534e-04 1
1.299334e-04 6
4.398546e-06 1
6.530121e-05 1
7.218136e-04 1
8.604099e-05 1
4.573499e-05 1
2.445149e-04 151
3.191470e-04 1247
1.838516e-05 3
3.693376e-04 944
6.760028e-05 1
1.074225e-04 33021
1.545217e-04 1387
2.068382e-04 1
6.325126e-06 1
1.425489e-04 1
1.038318e-04 246
1.625576e-04 3
8.310713e-05 1
1.881246e-04 1
1.444702e-05 7
3.347120e-05 49
1.173104e-04 610
4.477826e-05 1
2.378213e-04 1
5.824026e-05 96
5.635721e-05 3
1.925896e-04 3
5.062013e-05 1
3.100400e-07 3
1.809791e-04 764
1.095789e-04 1
7.399546e-05 7
4.839848e-04 1
3.281795e-06 1
3.463722e-06 1
3.921322e-04 3
6.014932e-05 1
5.679966e-05 3
3.245220e-05 258
1.674295e-04 2
2.114714e-04 1
1.066978e-04 1
1.016336e-04 4
1.145876e-04 149
2.524507e-05 1
5.531212e-05 2
1.854268e-05 189
1.269295e-04 1
8.746066e-05 3
1.834866e-04 201
1.588432e-04 3
1.372825e-05 1
7.681010e-05 1
1.435757e-04 1
4.532018e-06 1
2.046170e-05 7
1.613960e-04 265
1.054130e-05 1
2.710870e-05 1
6.224235e-05 183
2.276903e-04 140174
5.464554e-06 3
2.111633e-04 1
2.962464e-04 242
4.112921e-05 3
2.211700e-04 131
1.284282e-04 5
6.496278e-05 207
6.287620e-05 1
1.093571e-04 3
3.087575e-05 5
6.831987e-05 3
1.560383e-04 4
2.516791e-04 1
7.365502e-05 2
1.607491e-04 1
1.111449e-04 1
1.679557e-04 1
4.527625e-05 5
7.934259e-05 1
4.371300e-05 24052
5.896464e-04 4
6.344896e-05 1
2.790090e-04 1
1.596327e-04 1
9.877348e-05 180
4.719237e-06 7
3.185526e-05 3
5.838834e-06 1
6.371101e-05 1
6.483287e-05 5
1.355571e-04 1
1.456990e-04 46
2.176680e-05 1
1.543627e-05 140
3.249450e-04 2
2.915439e-05 3
1.848123e-04 1
1.920946e-05 4
1.010784e-04 2
2.983217e-04 1
4.715547e-04 1764
1.630861e-04 3
1.912561e-04 1
6.699701e-04 122
9.816042e-06 1
1.422036e-04 2
5.573381e-05 199
6.913890e-06 1
4.719549e-05 16107
1.471481e-04 1
7.714902e-05 7
2.754128e-05 1
1.862382e-04 1
1.831652e-05 1
8.671934e-05 1
1.284536e-05 1
3.074998e-05 2
3.740439e-05 1
3.489982e-04 3
6.170863e-05 134
2.234236e-04 1
9.674583e-06 7
4.730017e-05 1
1.270665e-04 1
6.846213e-05 3
9.999637e-05 179
1.365712e-04 2
6.081563e-05 1
2.980383e-05 2
3.814690e-04 171
1.198605e-04 178
3.241196e-04 1
1.336882e-06 1
2.414243e-05 2
2.178822e-04 1
2.400498e-04 1
3.002631e-04 1
2.653561e-04 239
1.592832e-04 18883
1.850108e-04 148
5.321454e-06 1
4.007183e-06 51
4.270658e-05 2
7.056424e-05 4
2.183783e-04 1969
2.450172e-05 1
1.274343e-05 1
6.771949e-05 17
2.856391e-05 1
2.909702e-05 1
5.474996e-05 1
1.728102e-05 633
4.011903e-05 3
3.949507e-05 6
1.330540e-04 31
3.398047e-04 526
4.911225e-04 1
1.311324e-04 6
5.321692e-05 1
2.028539e-04 1
6.163694e-05 1
1.219101e-04 6
1.546398e-04 1
9.070325e-05 3
7.036397e-05 1
3.874403e-05 92
5.022027e-05 2
1.150504e-05 1
1.171226e-04 2
1.241147e-05 34566
6.416053e-05 1
2.340250e-04 7855
3.915558e-06 6
1.260104e-04 3
5.008672e-04 1
1.249273e-05 1
1.458992e-04 1984
9.701680e-05 1
4.279339e-05 2
2.826117e-06 100
8.798190e-05 267
2.347551e-05 1
4.493038e-05 1
8.063898e-05 3
5.331851e-06 1
3.186571e-04 1
2.116984e-06 1
1.332715e-04 72
2.766141e-04 1
4.240584e-05 6
5.765827e-05 1
1.094104e-04 2
5.847573e-05 1
1.454500e-04 1
1.506503e-04 608
9.286044e-05 1
2.906110e-05 1
4.395657e-05 1
1.018058e-04 1
3.122311e-04 1
4.574859e-06 1
2.917060e-05 2
8.960624e-05 1
1.163838e-04 1
1.868444e-04 1
2.887330e-05 2
3.241672e-05 173
7.795023e-05 3
2.418991e-05 5
3.059510e-06 2
3.397785e-05 3
1.682930e-05 7
1.075188e-04 1
1.476872e-05 4688
2.373434e-04 1
6.911667e-05 1
7.127223e-05 1
3.770191e-05 5
2.960122e-04 3
6.145204e-05 1
9.577543e-05 1
3.434978e-05 1
1.612324e-04 2
1.776123e-04 3
1.719025e-05 289311
7.529442e-05 211
1.236859e-04 1
6.213781e-05 256
5.773153e-05 609
8.872369e-05 1
4.758119e-05 96
1.622349e-06 1
2.310573e-05 18
4.241378e-04 1
3.706041e-05 1
7.359266e-06 2
2.352532e-04 1
6.112499e-05 1
4.609107e-05 1
1.148986e-05 187
2.210661e-04 1
1.379567e-05 7
4.368887e-05 1
8.646807e-05 1
1.822028e-05 1
1.939129e-04 1
1.975430e-04 1
7.248700e-05 1
5.926880e-06 1
7.986174e-05 1
6.285928e-05 1
5.599499e-04 1
5.242476e-06 3
1.042272e-04 1
2.214921e-04 3
1.545619e-04 4
4.947138e-05 59631
2.911601e-04 1
8.203144e-06 234
8.845058e-06 1
2.747314e-04 4
2.913523e-04 1
4.483537e-05 1
1.102493e-05 6
3.092847e-05 34
7.461125e-05 2
1.006826e-04 2
4.334421e-04 1
3.990697e-05 310652
5.087064e-04 1
1.488719e-04 7
1.205851e-04 4
3.043003e-04 1
2.648176e-04 2
2.550091e-06 1
1.449227e-04 1
2.187956e-04 39429
3.365727e-04 1
3.997820e-05 2
1.538348e-04 3
1.606633e-04 309
5.697752e-05 1
4.999453e-05 1
2.192634e-04 1
1.269239e-04 6
4.951514e-04 161
7.491511e-04 1
1.103913e-04 3
3.156819e-04 1
2.656577e-04 1
1.314021e-04 1
1.560695e-04 7
1.665055e-05 1
1.655451e-04 1
4.189251e-05 2
1.012968e-04 1
2.773684e-05 2
9.260457e-05 1
4.864758e-05 1
1.023251e-04 1
2.696429e-04 1
7.699449e-05 1
3.627546e-05 1
1.247840e-05 1
8.802660e-06 2
2.934748e-04 1
2.968591e-05 1
1.869202e-04 1
4.745568e-04 2
1.553412e-04 482
5.985955e-05 1
5.527426e-05 1
1.449286e-04 153
3.828578e-04 5
1.588449e-05 2
2.053770e-04 178
1.997497e-04 1
1.096268e-04 148
6.701570e-05 1
1.679974e-04 2
9.380411e-05 1
4.342178e-04 80
2.810650e-05 7
1.906717e-04 71
5.264514e-06 2
2.842859e-05 1
1.488311e-04 1
9.191366e-06 3
4.064824e-04 1
1.344167e-04 1
1.722250e-04 2
1.618948e-04 488493
1.050750e-05 4
2.546672e-04 1
1.609667e-04 4
7.087647e-05 289580
1.230265e-04 1
1.714520e-05 4
3.173226e-04 1
7.416404e-05 2
1.214033e-04 1
8.559711e-05 7
1.515911e-04 6
5.992361e-05 1
1.865233e-04 28967
2.303763e-05 3
5.868275e-06 2
2.919777e-04 1
1.079195e-04 2
8.523487e-06 46774
1.570118e-05 2
2.423736e-05 2
2.359504e-05 1
1.410391e-04 1
6.705969e-05 3
7.702693e-05 1
2.274272e-05 1
2.158842e-04 1
2.387607e-05 336
5.697104e-05 7
6.850327e-06 3
2.033432e-05 2
4.029447e-05 7
1.615718e-05 1
1.282040e-04 3
2.167708e-04 1
1.019218e-04 1
3.654263e-05 1
6.018596e-04 74
2.091237e-05 105512
5.004006e-05 1
2.609664e-04 873
1.054431e-06 2
3.556596e-04 2
3.360856e-05 1
9.353884e-05 1
1.339750e-04 1
1.261048e-04 13
5.442685e-05 1
1.417360e-05 3
4.955642e-06 1
9.594419e-05 102
1.212898e-05 1
3.126522e-05 1
3.534498e-05 1
5.580729e-05 1
4.023357e-04 53449
1.791706e-04 1
2.074888e-04 2
1.281780e-04 1
5.526899e-05 1
4.430693e-05 2
4.631004e-04 2
3.906780e-05 3
8.998410e-05 1
8.985970e-05 1
2.366930e-04 3
1.640967e-04 2
9.024138e-05 3
8.345693e-05 1
2.683434e-06 1
6.022746e-05 17
1.449344e-04 1
1.639435e-04 1
1.283678e-04 1
1.725437e-04 1
4.754851e-05 25
4.092682e-05 3
1.753079e-05 1
8.935558e-05 1
3.912741e-05 2
2.362746e-04 5
1.383505e-04 1
3.182269e-04 7
2.118969e-04 15013
7.937507e-05 1
1.730973e-04 6
3.607953e-05 163
9.373186e-05 1
2.690666e-04 1
3.981468e-05 126
2.185890e-05 3
3.221378e-05 3
1.983637e-05 1
6.454112e-05 1
2.507347e-04 1
3.251158e-04 1
5.930616e-05 6
2.028386e-04 3
9.349013e-05 1
5.438853e-05 238
6.033588e-05 159
1.633755e-04 1
4.809484e-04 1
1.316754e-04 1
6.112405e-05 1
1.340227e-04 6
1.077638e-04 1
9.943704e-05 1
3.778695e-04 1610
5.375291e-05 1
2.110534e-05 1
6.355708e-06 2
1.085518e-06 1
4.507767e-05 1
1.933971e-05 6
1.966761e-04 3
6.283419e-06 1
2.330291e-04 1
5.312124e-07 1
5.642240e-05 1
2.456772e-05 6
7.506523e-05 3
8.424503e-05 5
2.837319e-04 1
1.626265e-04 2
1.383387e-04 3
1.362476e-04 3
1.131992e-04 1
1.176425e-04 1
5.720454e-05 1
2.929113e-05 348
4.213518e-05 1
9.868925e-05 1
2.204030e-04 3
1.907896e-04 2
2.053996e-05 2
3.284552e-04 42815
1.015553e-05 3
8.334119e-05 24923
4.124927e-05 1
9.439352e-05 1
2.107692e-04 1
2.088186e-04 74
2.317989e-04 22365
8.719317e-05 554210
4.747446e-05 2
6.773131e-05 1
4.753227e-05 1
1.019726e-06 1
8.406033e-06 1
6.435534e-07 6
4.855992e-06 7
4.961136e-05 1
6.430695e-05 3
3.079078e-05 1
7.207279e-06 1
1.614050e-04 2
7.909744e-05 2
3.507239e-05 1
9.819888e-06 1
1.535563e-04 1
3.811583e-04 1
1.556414e-05 1059
1.975139e-05 1
1.510581e-04 3
1.791918e-04 1
1.138956e-04 171
1.555225e-04 1
8.233833e-05 5
7.828581e-05 1
3.836119e-04 1
4.357225e-05 5
9.411198e-06 158
1.626369e-04 2
1.019757e-04 5
4.536653e-05 1
1.144102e-04 1
7.263020e-05 300907
2.077053e-04 1
8.264148e-05 1
2.142513e-06 2
7.814224e-05 1
3.827967e-04 2
1.312502e-04 1
1.665991e-04 1
5.096147e-05 1
2.734988e-04 3
1.037690e-05 1
1.533974e-04 3
1.138705e-04 57
1.355912e-05 991
1.981007e-04 1
9.905903e-05 1
1.343153e-04 6
4.587702e-05 1
1.639516e-04 2
1.076632e-04 5
5.906264e-06 3
7.535401e-05 2
1.808284e-05 7
9.582039e-05 1
1.285459e-04 1
1.575831e-04 1
1.028098e-04 1569
4.138252e-04 1
7.116686e-05 1
7.893543e-06 1
1.503072e-04 1
1.002358e-04 1007
4.263480e-05 96
3.768825e-05 1757
1.932993e-04 1
7.865696e-06 1
3.601205e-04 1
3.858588e-05 1
5.081577e-05 134
3.070444e-05 1
1.198930e-04 2
2.318066e-05 1
1.756824e-04 3
2.011140e-04 186
1.130933e-04 80
5.566503e-05 1
3.120381e-04 1
1.113458e-05 1
1.731350e-05 3
4.162081e-05 1390
2.787605e-04 5
3.191972e-04 2
1.416002e-05 1
4.539866e-06 1
2.563389e-04 3
8.736421e-05 3
2.041565e-04 1
3.075157e-05 196
4.203641e-05 3
4.622293e-05 1
5.255032e-05 1361
3.632143e-05 1
4.259979e-06 2
5.447033e-05 1
1.005150e-05 1311
1.665726e-05 3
5.415263e-05 1
5.747340e-05 1
2.110680e-04 1
3.078549e-05 1
2.722171e-04 2
1.834158e-05 4
8.242598e-05 1
7.222183e-05 2
2.385535e-04 1
1.059921e-04 5
2.331234e-04 1
2.421944e-04 6
1.557822e-04 2
1.188033e-04 261
5.883145e-05 3
2.689775e-04 4
1.106695e-05 1
3.565850e-04 138438
8.235046e-06 1
5.750399e-06 1
3.154662e-05 35473
5.069024e-05 3
2.575264e-04 1843
1.164388e-05 1
5.198441e-05 2
1.348884e-05 1
4.013779e-05 3
1.821294e-04 36803
1.247951e-06 1
5.284219e-05 1
6.881677e-06 1
1.744607e-06 1
1.137073e-04 23628
1.763487e-05 11
3.329636e-04 3
4.392251e-05 1
1.687345e-05 1
1.028873e-04 5
1.096303e-04 1
2.715815e-06 1
3.657669e-05 1
1.344500e-05 3
5.530938e-05 1
1.306002e-04 2
1.707861e-04 1
8.228784e-06 1
5.904741e-05 6
8.398984e-05 1
1.155664e-04 1
1.028790e-04 6
5.912637e-06 3
7.423892e-05 1
3.123454e-05 1
4.369987e-06 1
3.158313e-04 7
3.507017e-04 1
1.812278e-04 114
1.352484e-04 7
1.193174e-04 2
3.006304e-05 1
1.501143e-05 1
5.651200e-04 38
5.567562e-06 1046
1.546135e-04 2
1.489326e-04 3
3.385142e-05 1
2.110838e-04 7
2.032058e-05 1
2.905156e-05 1
8.110939e-05 3
7.980146e-05 1
2.040112e-04 1
4.472532e-04 1
2.887033e-04 6148
5.249829e-05 1
1.149393e-05 2
1.855309e-04 1
3.953430e-05 1
3.663217e-04 132
8.839633e-05 1
6.546632e-05 3
6.880302e-05 1
2.358824e-04 1
2.062649e-05 79
1.514394e-04 3
6.070248e-05 181
9.578924e-05 2
2.758488e-04 853
5.150247e-05 135
1.227923e-05 3
3.812738e-04 40287
2.587241e-05 4
4.489730e-05 1
1.939135e-04 1906
9.640733e-06 1
1.176237e-04 202
2.810734e-04 2
1.612549e-04 2
1.357155e-04 1
6.806686e-05 5
1.363613e-04 1
5.765009e-05 2
1.121839e-04 1
3.168945e-05 1
3.123845e-05 39827
1.973116e-05 1
1.400230e-04 1
1.521859e-04 2
3.256007e-04 152
2.394149e-04 57151
6.775894e-05 1
2.085354e-04 1
1.341381e-04 2
2.269978e-05 4
1.464101e-04 2
4.867483e-06 1
1.330359e-04 3
4.315924e-04 694
4.910802e-05 876
1.275842e-04 3
1.416134e-04 3
1.626472e-05 7
1.386012e-05 5
5.732363e-05 1
3.916211e-05 1
3.046952e-04 3
4.671139e-04 1
4.430269e-04 7
1.035682e-04 5
2.103870e-04 81
4.945386e-04 1
9.609554e-05 6
3.673997e-05 1
1.970639e-05 1
1.104510e-04 1
1.522013e-04 1
2.807505e-04 3
2.437673e-05 1
9.230474e-05 179
1.142570e-04 38
1.515950e-05 1
9.692755e-06 2
5.430013e-05 4
6.170433e-05 1
1.794384e-04 4
1.052916e-04 1
1.517308e-05 2016
2.878031e-05 2
9.801200e-05 2
3.313428e-04 4
1.215355e-04 3
4.131183e-05 1685
2.989243e-04 193
7.216777e-05 160
1.725716e-05 1
1.774357e-04 1
8.325539e-06 1
2.168755e-04 50
7.884399e-05 3
8.775714e-05 41
5.072738e-04 1
7.285605e-05 1
2.442288e-05 1
3.252395e-04 1
1.691078e-05 1
1.992585e-04 1488
4.955774e-05 2
6.630960e-05 1
2.219990e-04 1
2.845302e-04 1
4.199788e-05 1
8.439794e-05 1
1.242821e-05 1
7.937069e-05 1
2.464006e-04 3
1.348917e-04 1
4.077192e-05 221
1.712191e-04 94
7.709195e-05 2779
1.499448e-04 1
6.232288e-05 1
1.014792e-05 1
2.415520e-04 105
4.169941e-05 3
9.320770e-05 6
1.540253e-05 1
3.792919e-04 1
1.687993e-04 1
1.895801e-05 3
2.765967e-04 1
4.816736e-05 30922
1.143185e-04 138
6.925659e-05 4
1.406318e-05 4
2.521930e-05 1
1.616156e-04 1
6.759486e-05 48
9.596599e-05 1
1.388328e-04 2
5.484371e-05 1
3.988911e-04 1
3.962912e-04 2
3.062614e-05 1
5.126323e-05 1
2.373790e-04 1441
4.549080e-04 38
2.564880e-05 1
8.894877e-06 229
5.750603e-05 54853
4.729626e-04 1
2.224686e-04 1
4.785343e-05 6
1.494599e-04 1
9.924206e-05 59
2.762031e-05 6
2.102471e-05 2
6.834465e-05 1
4.400241e-04 4
3.381631e-05 1
8.762760e-05 1149
1.465110e-05 1
2.069497e-04 3
2.738971e-04 4004
9.137717e-06 1
2.057049e-05 55167
1.158158e-04 1
4.940530e-05 24769
2.143752e-04 3
3.202874e-04 1
3.025789e-04 1
2.570715e-04 3
6.715612e-06 2
2.078207e-05 1
1.738565e-04 1
2.360047e-04 1314
9.049000e-06 1
2.348709e-04 4
1.435961e-04 2
1.015567e-04 73
5.016937e-05 1804
5.597225e-05 1
4.376806e-05 50110
5.129627e-05 1
2.457188e-04 3
3.192018e-05 1
9.537041e-05 1
9.295122e-06 1
1.541815e-05 2
4.567237e-05 1
3.953437e-04 1
4.676499e-05 1
1.294423e-04 1
1.350963e-04 2
4.033033e-05 756
4.178696e-05 7
4.894044e-05 1939
4.463956e-06 19668
4.164862e-05 2
1.728376e-05 17671
1.090049e-05 42011
1.387298e-04 1
1.587990e-04 2
4.320588e-05 1
7.002341e-05 1
6.563888e-06 1
4.075690e-04 1
1.868641e-04 3
8.219397e-05 2
9.892295e-05 2
9.206258e-06 1
8.490927e-06 1
1.313550e-04 1
1.614434e-04 35
9.480636e-06 3
8.497142e-05 54849
6.093082e-05 1
4.485891e-05 1
2.032625e-05 2
8.950899e-05 1
1.606242e-05 1
1.724154e-04 1966
5.987298e-05 1
2.061988e-04 1
9.421562e-05 2
3.118418e-04 1
8.101917e-06 1258
1.165339e-04 57640
6.522939e-05 4
2.721719e-04 1
6.013372e-05 1
4.968796e-05 227
1.759498e-05 12716
7.265176e-05 4
3.860415e-05 4
1.208622e-05 6
6.679470e-05 1
2.656992e-05 1
2.633458e-04 1
9.309851e-05 3
4.117875e-05 2
3.240024e-04 1
6.318355e-05 7
5.081360e-05 1
1.629419e-05 1
7.722763e-06 1
5.542377e-04 1
1.785800e-05 2
2.412375e-05 5
1.445126e-04 1
6.095097e-05 18
3.134778e-06 3
8.127680e-06 1
8.528341e-05 1
6.753567e-05 49
2.347523e-05 38
6.834210e-05 1
9.219563e-06 3
7.902520e-05 29052
3.716125e-05 1
1.140272e-04 3
2.836593e-05 1
1.603890e-04 43
9.087521e-06 46025
2.589634e-04 1
1.297420e-04 1637
2.815458e-04 3
2.099418e-05 1
1.527746e-04 1
5.896090e-05 1
3.861939e-05 27812
2.634512e-04 1
3.937514e-05 53489
2.179139e-05 1
1.095539e-04 3
7.212643e-05 1
3.821633e-05 2
7.093320e-05 1
9.371328e-05 189
7.340215e-05 1
1.585483e-04 1
1.201100e-04 6
9.215385e-05 1
2.935940e-04 1
1.135665e-04 1
7.696046e-05 1
1.555984e-04 2
6.993826e-05 1
2.068896e-04 199
3.157003e-06 7
9.139207e-06 1
2.403418e-05 1
1.492744e-04 2
3.280829e-05 2
2.470828e-04 1
3.200613e-05 6
3.937588e-04 3
1.178700e-04 1
8.625602e-06 2
2.909107e-04 7
1.704200e-04 1
1.042137e-05 1
6.189394e-05 2
4.126489e-05 1
3.599695e-05 3
1.070101e-05 1
5.154014e-04 1289
8.639519e-05 261
9.021528e-05 1
2.610609e-05 1
7.822440e-05 3
1.539296e-04 1
9.014032e-06 1
8.821077e-05 1
1.108065e-05 1
6.179481e-05 1
4.935141e-05 1
1.048847e-04 6
1.898001e-04 6
8.234771e-05 4
1.136158e-05 4
2.400764e-04 1
5.089658e-06 1
9.467679e-05 3
2.332254e-05 1
1.740659e-04 2
2.491884e-05 4
3.896848e-05 49949
5.502852e-05 1
2.992755e-05 1
4.217786e-05 1
1.015995e-04 1
9.157089e-05 1
9.427501e-05 2
2.073492e-06 1
9.998358e-05 1
7.328715e-05 1
8.626783e-07 1
3.593552e-05 5
5.446139e-05 1
3.880646e-05 191
3.008957e-04 88
1.813957e-04 2
8.769459e-05 1
1.311558e-04 629
3.199853e-04 3
6.944202e-06 1
1.196635e-04 1
6.273499e-05 1
4.491875e-06 2
2.429072e-04 1
7.345148e-06 1
1.397070e-04 3
9.939172e-05 1
2.203053e-04 1
2.510687e-05 728
4.445650e-05 7
1.039081e-04 1
1.632949e-04 1
8.279514e-06 1
2.342724e-04 3
9.671502e-06 1
1.061963e-04 1
3.822500e-06 1
2.278459e-04 1
2.102357e-05 1
4.177922e-05 3
5.892550e-05 1
1.513417e-05 1
8.241178e-05 2
2.682169e-05 1
1.395806e-05 1
9.709519e-06 1
7.007487e-05 2
1.196788e-05 1
2.902123e-04 142
1.310060e-04 593530
1.905594e-04 1
1.348262e-05 1
2.046137e-04 1
3.749062e-05 3
1.635912e-04 7821
3.436392e-05 1
1.256726e-04 1
4.342334e-05 2
3.629284e-05 2
3.649001e-05 11767
2.860306e-04 3
1.968150e-06 46725
6.134685e-05 1
4.430436e-05 1
2.623939e-04 7
7.967979e-05 1
1.208509e-04 1
3.457045e-04 3
1.114185e-04 1
8.990553e-05 2
3.452734e-04 1
3.871879e-05 1
2.613453e-05 3
4.935632e-04 2
2.512200e-04 6
1.074614e-04 1
6.052085e-05 2
2.037946e-04 4
1.916577e-04 1
5.632984e-06 1
5.966950e-05 1
5.737368e-05 1
6.757658e-05 1
2.100296e-04 3
9.890466e-05 1
1.661858e-05 1
5.199923e-05 1
5.032288e-04 1
8.211897e-05 1
1.046274e-04 1
1.579595e-05 1
6.863515e-05 1
6.318036e-05 1
1.909336e-07 4
2.949227e-05 1
2.282218e-04 3
9.435357e-05 1
2.272360e-04 1
1.749086e-04 3
2.562734e-04 275
3.426270e-04 1
6.423507e-05 1
1.313572e-04 1
2.767652e-04 1
7.678297e-05 1
3.648008e-05 212
1.270380e-06 1
2.909273e-04 1
1.473437e-04 2
3.434557e-04 1460
1.482171e-04 20203
1.850323e-05 2
2.656830e-05 1455
3.011745e-05 2
4.453292e-05 215
6.048333e-05 3
8.803287e-05 1
3.126279e-04 1228
2.703446e-04 1
6.073440e-05 1
5.281867e-05 1
1.331228e-04 1
1.932080e-05 1
4.755709e-05 2
7.269382e-05 1
5.164454e-04 1
7.461331e-05 3
4.827165e-05 1
2.874860e-05 2
1.448776e-04 1
1.749754e-04 3
2.311369e-04 1
2.820985e-05 1
2.269545e-05 1
5.882838e-05 2
1.381618e-04 170
8.636291e-05 1
1.237091e-04 1
2.587394e-04 3
2.235958e-04 1
3.373948e-04 1
4.479679e-06 6
3.653342e-05 2269
3.658129e-05 1
4.542498e-05 3
1.284373e-04 2
1.673621e-04 1
3.185053e-04 1
4.962368e-05 1
1.410933e-04 2
9.522624e-05 198
1.706408e-05 1
4.478370e-05 181
1.167674e-05 82
3.059088e-04 3
5.788404e-06 201
1.570769e-04 1
1.440587e-04 1
1.142706e-04 5
3.115942e-05 1
1.297724e-04 3
2.996547e-05 3
4.405836e-05 1
1.060675e-06 1
4.092152e-04 1
5.635854e-05 3
2.602460e-04 1
8.198689e-05 1079
2.436503e-04 6
5.135233e-05 1
6.470010e-05 1
1.032478e-04 1
4.920195e-05 266
1.808631e-04 2
5.944644e-05 1
6.121081e-06 1
8.207262e-05 2
3.739209e-05 1
2.585968e-04 2
4.692169e-05 1894
2.138880e-04 2
7.404367e-06 1
5.470387e-05 3
8.946123e-05 1
3.069371e-05 1
5.205827e-05 1493
3.095711e-04 1
1.161676e-04 1
2.717625e-05 3
1.366274e-05 343
3.415869e-06 3
2.250304e-04 1
9.320666e-05 7
1.149745e-04 1
2.956638e-05 3
1.141040e-04 2
3.463299e-04 2
1.353836e-06 1
1.091316e-04 7
1.208671e-04 96
9.892630e-05 3
1.751231e-04 96
6.265953e-04 3
3.066011e-05 1
7.435845e-05 10
8.467494e-05 5
2.296226e-04 2
1.121626e-04 1
4.295319e-05 6
1.318009e-04 6
3.577654e-04 4
5.849916e-05 3
8.255966e-05 1
1.083267e-05 7
1.791545e-04 2
1.314600e-04 3
1.604013e-05 64346
2.223827e-04 47243
1.209333e-04 3
8.232820e-05 6
9.975269e-05 1
6.623871e-05 1
7.485597e-05 261
1.178669e-04 1
3.998472e-06 1
1.529779e-04 3
4.892724e-06 1
1.606561e-07 1440
1.569880e-04 1
3.013481e-04 1
9.054647e-05 6
2.565383e-04 2
6.297237e-06 6
1.983290e-05 1
1.496576e-06 2
3.341536e-04 2
3.248230e-04 1
9.842064e-05 3
1.225353e-04 7
2.091466e-04 1
3.877872e-05 1
7.038668e-06 2
7.130553e-05 7
2.083065e-04 1635
4.908495e-04 148
3.845816e-04 2
7.069366e-06 1
1.940943e-04 1
8.822511e-06 3
9.392529e-05 2
1.041804e-04 57232
4.505098e-05 2
2.058011e-06 1
5.234979e-05 2
7.786109e-04 23124
4.345124e-05 1
1.369382e-05 4
4.795329e-05 1
7.314380e-05 1
1.217542e-04 3
2.968811e-05 5
2.716156e-05 2
1.322738e-05 1
9.628691e-05 1
1.360630e-04 218
8.372181e-05 1
3.478159e-05 1
1.149788e-04 6
2.350327e-04 1
4.558469e-04 23
2.141972e-06 2
2.304976e-04 1
1.892285e-04 1
3.450785e-06 2
4.836504e-05 7
3.897312e-05 3
2.813373e-04 4
1.438720e-04 1
6.325848e-06 1
4.553634e-05 1
3.965114e-05 58
3.111615e-04 1
2.775492e-04 1
1.279117e-04 1
2.176358e-05 1
5.426944e-05 3
1.559502e-05 1
5.854540e-05 6
9.564479e-06 55719
1.166409e-05 55940
3.069692e-06 1
7.837280e-06 1
8.614310e-05 2
4.243836e-05 7
6.869900e-05 1
1.559297e-04 7
1.162871e-04 5
1.321971e-04 1
3.781811e-04 60338
2.552620e-05 1
1.416171e-04 167
1.344168e-04 1
4.086373e-04 3
1.075565e-04 1
2.395012e-04 3
1.180456e-04 5
2.963063e-05 1
4.015703e-04 3
2.293573e-04 3
2.915434e-05 7155
1.691524e-05 1
7.375047e-05 1
3.194015e-06 1
1.969424e-04 65
3.479193e-05 6
2.512985e-04 1
2.072040e-04 1
8.416133e-05 178
9.065719e-05 1
4.976946e-05 1
3.350226e-04 121
3.396032e-04 1
2.961274e-05 2
3.695524e-05 3
7.084294e-05 1
9.976160e-05 240
1.166784e-04 505
2.096512e-04 1
3.142572e-05 1
2.077695e-04 108
7.671901e-05 984
2.897118e-04 1
4.226336e-06 1
4.514627e-05 88
3.091127e-04 1
6.471785e-05 1306
6.554509e-05 1
2.925040e-05 1
5.290241e-05 7
5.211224e-05 4
5.141302e-05 1
8.067924e-06 1
6.846913e-05 1
7.693280e-05 114
1.193343e-05 1
4.406734e-05 7
7.428334e-05 2
4.316689e-05 1
2.972933e-04 2
9.398337e-05 2
1.785435e-05 149
5.718881e-05 1
2.331106e-04 1
2.323710e-04 1
2.102511e-05 1
9.774699e-05 1
9.167599e-05 1
1.515209e-04 1
2.686418e-05 1
1.224943e-04 1
1.666053e-04 1
9.881928e-05 5
3.924581e-05 1
1.051529e-04 1
6.249985e-05 2
8.094018e-05 2
8.253442e-05 1
4.244335e-05 1
1.636207e-05 1
1.904409e-06 6
7.603101e-05 1
1.578014e-04 8098
5.096338e-05 2
1.345008e-05 1
2.321712e-05 2
1.909048e-04 523
4.834594e-05 182
8.709581e-05 1
2.584276e-05 1
9.301051e-05 3
2.971964e-04 1
2.009592e-04 6
5.372222e-05 251
1.951325e-04 1
1.567347e-04 1
1.698895e-04 204
3.664653e-05 1
1.644259e-05 1
1.073345e-04 1201
9.557240e-06 1
6.439854e-05 1
3.929286e-06 1
1.754416e-05 2
3.403954e-05 1
4.322079e-05 2
6.828199e-05 2
1.083828e-05 60885
1.316676e-05 1
6.116272e-05 1
1.019460e-04 1
1.303266e-04 2
8.879785e-05 1730
1.180350e-04 1
2.664898e-04 53203
1.990230e-04 5
6.790352e-05 545
4.993169e-05 1
3.783703e-05 1
4.958416e-04 2
1.385815e-04 63454
1.989684e-04 3
1.064344e-05 1
3.656101e-04 1
9.431290e-05 2
1.652476e-04 5
2.621019e-05 4
1.247307e-04 1
7.485171e-05 5
6.740737e-05 36801
1.311389e-04 1
1.123758e-04 4
8.684476e-05 4
1.177278e-04 3
9.935205e-05 1
4.017339e-04 3
8.067579e-05 2
2.435080e-05 1
2.254326e-05 7017
4.286072e-05 1
1.158221e-04 1
1.431235e-04 1
3.516450e-04 1
1.288148e-04 6
9.848171e-05 2
6.287033e-04 3
5.993168e-06 152
5.189739e-06 1
4.329266e-05 25
1.053191e-05 48220
1.434656e-04 1
2.488147e-04 1
1.483024e-04 3
2.778852e-05 2
5.754168e-05 1
9.834728e-05 6
1.045450e-04 3
1.884708e-04 1
1.902018e-05 1
1.931178e-05 2
9.241487e-05 1
3.423967e-04 1
1.129518e-04 1
1.979861e-05 1
4.467416e-05 1
2.464672e-04 1
6.427038e-05 1
5.880313e-05 3
9.154739e-06 1
1.910104e-04 1
3.956734e-05 476917
5.084029e-05 3
1.444382e-04 1
8.110942e-05 1
2.533026e-05 1
1.131352e-04 1
3.093334e-04 2
7.216841e-05 3
9.339044e-05 4
4.632136e-04 1
1.049539e-04 2
2.164318e-04 5
2.418485e-05 35
9.533015e-05 1
1.146506e-04 3
3.049996e-04 1
1.044081e-05 31928
3.948353e-04 1349
1.746076e-04 2
1.829206e-05 19502
2.980527e-04 5
9.996080e-05 1
1.794445e-04 1
4.038521e-04 1
5.851525e-05 1425
3.250317e-06 5
5.172605e-05 1
7.023766e-05 148
4.657465e-05 5
1.589420e-04 1104
8.863069e-05 2
2.306403e-05 1
2.205390e-04 7
3.212370e-04 1
3.442040e-06 1
1.292406e-05 163
3.048556e-06 1662
4.148542e-05 1
1.115080e-04 1
1.246719e-04 1
1.501003e-04 6
1.554427e-04 1
9.837619e-05 1
5.018885e-04 3
8.700458e-06 1
2.355896e-05 2
5.569202e-05 2
1.281875e-04 2
7.152487e-05 1
2.639697e-04 4
1.387311e-04 1
3.960282e-05 1
2.706027e-05 1
3.262479e-05 4
4.756178e-05 1
1.029799e-04 7
1.811343e-04 2
2.928464e-05 1
3.754601e-04 178
9.321799e-06 1
3.220272e-05 1
2.118815e-05 3
2.716995e-04 2
1.758674e-04 1
5.705467e-04 1
2.731543e-05 1
5.122628e-05 1
3.662691e-05 1
6.642584e-05 3
1.706983e-04 2
7.939825e-05 1
3.722749e-04 1
1.105246e-06 1
1.530956e-04 31067
1.339586e-04 3
6.171156e-04 3
7.931720e-06 1
5.028010e-05 58798
4.347598e-05 1
1.684925e-04 1
1.213378e-04 1
1.768261e-05 4
2.164916e-05 1
7.112312e-05 3
1.755310e-05 3
4.021776e-05 1
7.856303e-05 3
2.567552e-04 1
3.139370e-05 1494
4.454769e-05 1
1.208499e-04 1
5.501211e-05 1
1.054275e-04 1
1.447530e-04 1
1.641262e-04 1
3.198157e-05 56094
9.506529e-05 1
1.990669e-04 3
1.278392e-05 1
7.855352e-07 1
9.430644e-05 5
8.639787e-05 2
2.152450e-04 1
1.600308e-04 1190
3.111379e-05 2
6.289110e-04 3
9.337185e-05 1
1.517427e-05 3
2.289660e-04 7
7.443618e-05 1
1.439847e-04 60
4.142751e-04 53
7.660911e-05 515322
6.597759e-05 7
6.420592e-04 2
4.607000e-05 7
3.942572e-05 4
4.596413e-04 1
2.440438e-04 2
3.443415e-04 2
2.517619e-04 6
1.641638e-04 2
4.536093e-04 1
1.185090e-05 1
4.932137e-05 1
6.948937e-05 1
4.629037e-06 2
6.357284e-05 3
9.424008e-05 239
2.196141e-04 1
2.397910e-04 2
6.455832e-05 1
9.877002e-05 2
8.484673e-06 183
4.095175e-05 102
5.520171e-05 1
3.385628e-05 1
3.573853e-04 1
1.130580e-04 668
1.247600e-04 1
2.252819e-04 3
6.437190e-05 103
7.097597e-05 6
1.588666e-04 1
4.069469e-05 1
1.690545e-05 1
1.907893e-04 1
1.244635e-04 7
3.234197e-05 1
2.270639e-05 1
2.047555e-04 3
1.041320e-04 171
2.582412e-04 1
9.536805e-05 1
1.576950e-04 8600
2.021078e-04 180
2.386830e-04 1
9.455727e-06 1
2.689603e-04 7
2.405059e-05 1
7.770895e-06 3
1.408257e-05 2
2.164321e-04 1
8.226183e-05 1
2.657991e-05 150
4.753843e-05 4
2.309404e-04 1
2.613921e-04 1
4.449681e-06 1
8.898049e-05 1085
1.203728e-04 2
2.439532e-05 1
7.060320e-06 6
2.807158e-04 1
1.510125e-04 2
1.405176e-06 1
3.496648e-05 1
1.860172e-04 4
1.850014e-04 77
2.225884e-05 3
2.747359e-04 3
6.574063e-05 1
1.669212e-05 4
2.784800e-04 1
1.406758e-05 42892
2.848339e-05 1
1.413231e-05 1
2.967504e-04 6
6.058466e-05 3
4.892167e-06 198
3.275575e-05 1
1.865536e-04 2
1.123568e-04 3
6.489040e-05 1
4.475624e-05 1
8.099359e-05 4
7.106556e-05 1
1.536368e-06 1
1.933665e-04 1
3.313375e-04 2
8.043224e-05 1406
9.744643e-05 1
6.246377e-05 1
3.786978e-04 2
3.076163e-05 1
5.334688e-05 1
1.753171e-05 1
6.232636e-05 1484
1.153199e-04 1
1.558567e-05 1
1.912375e-04 20612
1.083988e-04 1
1.051090e-04 968
3.165572e-05 47
1.765911e-04 29
2.929725e-05 1
1.452969e-04 3
3.267022e-05 1
1.054205e-04 1
4.249543e-05 2
7.269140e-05 1
5.635016e-05 6
2.375161e-04 1
1.793425e-05 2
8.020263e-07 41274
1.859738e-04 1
7.197158e-05 1
1.365367e-04 1
1.894899e-04 2
8.482748e-05 4
1.613990e-04 1
3.052583e-04 1
1.792705e-05 2
7.050938e-05 1
1.068302e-04 1
2.155583e-04 5
2.932016e-04 3
2.062122e-04 5790
9.319206e-05 1
1.000487e-05 2
1.370469e-05 200
3.992291e-05 4
1.106625e-05 1
7.050576e-05 101
4.764827e-05 1
1.107303e-04 1
2.010979e-04 28
4.352009e-04 2
3.093696e-05 1
1.308544e-04 671
4.319267e-05 5
3.688691e-06 1
3.192198e-04 121
1.254133e-05 1
1.473375e-04 1
1.987488e-04 1
2.493790e-05 1
5.438709e-05 2
5.356066e-05 1
9.501311e-05 6
2.787054e-05 5
2.459318e-05 1
8.560349e-05 5
3.024469e-04 6
9.799629e-05 2
1.302185e-05 2
1.033903e-04 1
1.857062e-05 1
1.564376e-05 250
6.536645e-05 2
1.557658e-04 193
6.852923e-05 5
3.688293e-05 1
2.889704e-04 1
1.375784e-04 1
4.425851e-06 7
6.602044e-05 1
1.522509e-04 1
4.173100e-05 1
2.003299e-05 267
3.278597e-04 1
3.879687e-05 1
2.779164e-05 6
1.762445e-04 146
1.144798e-05 1
5.447960e-05 1
3.203577e-05 3
4.072053e-04 1
2.085521e-04 183188
2.088311e-04 5
1.475929e-04 1
6.417700e-05 120
1.716349e-04 1
1.353246e-04 1
5.043417e-04 1
6.543966e-05 66310
2.105087e-04 1
2.590688e-04 3
1.309653e-04 1
2.029415e-05 1179
2.754046e-06 1
1.228342e-04 1
6.888062e-05 1
2.035658e-04 1
2.781423e-04 1
3.505636e-04 3
2.101322e-05 3
2.669957e-04 1624
3.516337e-05 69
8.881771e-05 29992
1.569826e-04 1
1.727726e-06 785
4.909086e-05 1
8.362244e-05 6
1.528366e-04 1
1.181013e-04 2
4.864258e-05 1
2.046878e-05 1
7.082668e-05 1
5.717847e-05 2
1.031093e-04 1
5.040172e-05 1
2.910647e-05 1
5.153529e-05 1
3.225154e-04 40649
2.003614e-04 3
2.203802e-06 1
1.449887e-04 1
8.249582e-05 1
2.572019e-05 1
7.676119e-05 6
1.208664e-04 1
1.602008e-04 1
8.750431e-05 1
6.292497e-05 1
3.443481e-04 1
4.733129e-05 2
2.161964e-05 2
3.015777e-04 1156
1.563493e-04 1
5.901943e-05 3
7.721865e-05 1
3.591554e-04 1
2.759327e-04 1
4.690355e-06 586
4.737602e-05 1
7.469419e-06 1
1.121270e-04 1
9.475886e-05 1
3.740946e-05 1
6.256101e-05 2
1.575979e-04 1
6.227674e-05 124
7.199447e-05 3
1.345104e-04 1
2.430601e-04 1135
2.992402e-06 1
1.505195e-04 1
6.990008e-05 5
1.218487e-06 1
1.141908e-04 1
1.323479e-04 1
7.014568e-06 1
4.033973e-05 1
1.917689e-04 4
1.173459e-04 3
2.559268e-05 1
2.426704e-04 4
1.224578e-04 2
2.672386e-04 5
7.257280e-05 1
1.219640e-04 1
2.414174e-04 1
3.968342e-05 1
9.029549e-05 1
1.573355e-04 1
1.790180e-06 1775
1.452250e-04 3
9.581682e-05 1
3.251187e-05 1
1.078781e-04 1
1.547597e-05 153
3.227000e-04 1
1.267740e-04 2
5.822708e-05 24
2.548419e-04 3
4.773600e-04 1
1.018556e-06 1
1.932959e-04 3
5.778627e-05 798
6.234674e-06 1
1.285858e-04 1
2.106655e-04 1
1.498079e-05 36909
3.878526e-05 2
1.234434e-04 69
6.164972e-05 1
1.143715e-04 1
7.928858e-05 5
6.962246e-05 1
1.988342e-04 1
2.971610e-04 1
5.914759e-06 1
2.912579e-05 1
5.911512e-05 1
1.031853e-04 1
9.619694e-05 3
2.328307e-04 5
8.219059e-05 3
2.041524e-04 1
2.035156e-04 1
1.185848e-04 8125
1.388608e-04 1
7.250892e-05 1
7.196044e-05 249
2.391310e-04 3
1.042830e-04 3
2.969466e-05 2
1.170675e-04 3
2.535403e-05 7
1.478555e-04 2
1.921213e-04 3
4.740637e-05 3
6.926030e-05 2
1.818172e-04 6
9.078783e-05 1
2.835933e-05 1
7.972774e-06 1
2.743505e-04 1
6.503422e-04 1
4.139379e-05 1
1.347499e-04 3
2.807382e-04 2
6.057437e-05 140
5.588667e-04 3
4.193124e-04 1
8.309842e-05 1
4.994181e-05 1
2.786497e-04 2
3.413978e-05 34
1.568820e-04 1
2.555565e-04 1
1.423230e-04 1
2.788167e-05 1
1.675805e-04 1
7.751252e-05 1
2.287648e-04 1
3.016309e-04 3
1.402346e-05 1
2.434587e-04 1
1.170673e-04 1
9.800580e-05 4
8.366803e-06 72
4.288176e-05 1
4.066955e-06 1
3.950195e-05 1
2.033339e-05 72
3.983037e-04 1
4.229328e-05 1
5.703340e-05 3
1.751680e-05 3
1.216135e-06 1
2.577884e-04 2
3.956296e-05 783
3.307805e-05 1
2.948309e-04 73
1.113678e-04 2
9.823684e-05 1
1.330026e-04 7
3.288883e-04 1
3.550931e-05 2
2.781087e-04 1
8.090641e-05 2
1.188932e-05 191
8.858160e-06 6
1.479651e-04 1
7.247067e-04 1
1.129323e-04 1096
8.587086e-06 1
8.403988e-05 1
3.432964e-05 1
4.836607e-04 1
1.352615e-04 1
2.536082e-05 3
3.577562e-05 113
2.629892e-05 1
8.100503e-05 1
2.332559e-04 1
1.465919e-04 1
1.771898e-04 1
7.676954e-05 1
1.050820e-05 1
1.569522e-04 1
1.132250e-04 107
1.528768e-05 1
1.107211e-05 715
4.522310e-04 1
4.892429e-06 1
6.035281e-05 29
5.054625e-04 1
2.887355e-05 2
3.855638e-05 1
3.087774e-04 114
6.173247e-05 3
4.008610e-05 5
2.814310e-05 3
2.123546e-04 2
9.556535e-05 1
1.525959e-05 1
5.607660e-04 1
1.133926e-06 1
4.274923e-06 7
9.649270e-05 3
3.260413e-04 1
3.026808e-04 1
5.635877e-05 58
3.213643e-04 1
3.310772e-05 1
5.005387e-06 22
3.104935e-04 3
5.491351e-04 4
1.287788e-04 4
5.146645e-05 5
1.383617e-04 1
9.225287e-05 1873
8.730384e-05 1
1.931789e-04 2
2.485836e-05 4
6.906378e-05 2
7.553496e-06 3
1.342776e-04 2
8.430623e-05 2
2.409419e-04 1
1.055452e-05 1
3.701929e-04 6
2.666351e-05 3
2.808063e-04 1
3.677386e-05 7936
4.680687e-06 2
2.484609e-05 1630
7.844040e-05 1
4.570248e-05 33
1.674830e-04 2
8.687216e-05 1
1.865512e-04 1
2.529859e-05 1
1.820369e-05 1
3.770877e-04 220
1.788313e-06 2
6.228474e-07 2
9.751806e-05 2
4.776076e-05 1
1.536228e-04 138
7.999911e-05 1
1.766552e-05 2
2.254561e-04 913
2.890803e-05 3
4.717376e-06 1
1.168024e-04 6
9.532839e-05 1
8.286577e-05 1
1.114430e-04 21749
1.411040e-04 1
1.443687e-04 3
1.772463e-05 1
2.375522e-04 1
3.370036e-04 1
2.391985e-05 1
3.898696e-05 49695
1.556239e-04 3
1.401490e-04 1
9.460083e-05 1022
1.545939e-04 362
6.513306e-05 1
1.237870e-04 3
9.033609e-05 1
4.971984e-04 2
1.333610e-05 1
1.155986e-05 13
6.528128e-05 1
1.875447e-04 1
3.286641e-05 4
5.588408e-05 1
3.948637e-05 2
1.579323e-04 1
3.303297e-04 4
2.959357e-05 9759
1.935802e-04 3
1.823015e-05 1
5.457339e-05 1
8.873651e-05 2
8.840235e-06 1
9.800597e-05 1
1.126503e-04 13207
9.354216e-05 1
4.920456e-05 1
8.156468e-05 3
5.032469e-04 7
1.024161e-04 1
5.967141e-05 142
2.195041e-05 1
2.620922e-05 1
5.206827e-05 6
2.761320e-05 1
1.660137e-04 14740
3.652767e-05 1
2.051377e-04 9202
2.271922e-05 1
4.117641e-04 3
2.401116e-05 1
8.263357e-06 1
1.062880e-05 1
2.603264e-04 1
4.454520e-05 4
1.312040e-04 1
5.542800e-04 3
2.867616e-05 550
1.586092e-04 1
1.303198e-04 28
1.589694e-04 6
2.087215e-06 1
2.162242e-04 1
3.296960e-05 1
2.897320e-05 2
1.045800e-05 129
9.029245e-05 1
3.427723e-05 1
3.967576e-05 92365
1.636410e-04 1
5.050851e-05 1
1.158683e-04 1
2.884221e-05 1
5.081949e-05 1
5.094493e-04 1
4.743863e-05 1
2.344047e-05 7
1.707640e-04 1
2.324828e-04 11
4.425996e-04 2
8.959879e-05 1167
9.351143e-05 1
1.112361e-04 1
7.318659e-06 1
1.158437e-05 1
1.623033e-06 1845
2.684866e-04 3
5.711711e-04 1
1.796020e-07 1
2.439977e-04 1
4.735701e-05 259
5.450490e-05 62447
7.597708e-05 1
4.765702e-05 1
1.849505e-04 206
1.690145e-04 5
1.841422e-05 3
1.490098e-04 1
2.859255e-05 1
8.696504e-05 7
2.408385e-05 1281
6.886134e-05 128
1.321341e-04 1
6.346505e-06 1
1.372637e-05 1
1.278414e-04 1
6.323710e-05 4
4.395110e-04 16869
4.799667e-05 982
2.044671e-04 1
4.658828e-05 6
3.528812e-05 2090
3.974883e-05 1
6.597511e-04 5
4.505676e-04 1
3.438650e-04 1
3.691961e-05 5
7.901427e-05 4
1.139696e-04 1
2.982303e-04 3
4.912418e-05 1
4.839871e-07 2
2.958346e-05 1
4.062367e-04 1
6.676307e-05 1
2.660887e-05 1
1.182412e-04 1
7.028966e-05 2
2.675373e-04 1
4.800350e-05 2
1.588766e-05 1
1.530465e-04 1
1.515158e-05 1
1.975863e-04 1
1.948622e-04 148
6.679438e-05 1
4.357847e-05 1
1.938654e-05 2273
5.401995e-04 41481
3.127760e-05 1
5.210256e-04 1668
1.444237e-04 3
1.368554e-05 1
2.743689e-05 3
3.080088e-05 3
8.753052e-05 1
5.032835e-05 1
1.816666e-04 1
3.676690e-05 1
2.620427e-04 2
5.332514e-05 1
5.414972e-05 42
9.980304e-05 1
1.349890e-04 1
8.964841e-05 3
1.379619e-04 3
2.193660e-05 1
2.779320e-05 208
1.924966e-04 51777
2.824972e-05 1
1.138931e-04 2
3.370138e-05 130
9.409868e-06 2
1.495608e-04 1
2.395403e-05 256
7.440669e-05 239
1.112138e-04 966
2.062900e-05 1
7.881242e-05 3
2.109006e-06 1
1.086789e-04 1
2.770650e-05 1
3.937125e-05 3
4.516793e-05 3
7.364550e-05 2
7.668694e-06 77
6.055737e-05 1
3.366397e-05 3
7.023037e-05 1
1.410413e-05 1
3.363006e-04 4
1.607824e-05 7
1.387795e-05 66
2.486847e-04 1
4.956635e-05 2
4.733865e-04 1
2.046096e-04 7
1.558047e-06 1
3.887469e-05 1
1.404442e-04 1
1.877283e-04 3
2.678460e-04 3
9.050594e-05 2
5.252728e-05 72
7.946594e-05 3
6.959648e-06 1
1.812135e-04 1
1.365212e-04 1
1.622249e-04 3
9.756674e-05 3
1.085022e-04 262
1.343573e-04 7
1.422558e-05 1
1.107475e-05 2
3.409091e-05 1
4.014772e-05 1
4.179349e-04 250316
4.130426e-04 6
1.827707e-05 1493
9.374532e-05 3
3.073601e-05 2
4.737967e-05 1
1.354202e-04 1
7.000656e-05 123
3.224406e-06 5
8.247869e-05 1
4.078246e-05 1
1.577752e-04 1
5.190261e-04 7
2.201067e-05 1
1.168781e-05 1
2.355641e-04 1
1.999044e-05 3
1.829486e-04 3
9.361791e-05 1
1.683999e-05 1
1.793395e-05 1
3.247534e-04 1
5.042630e-05 1
1.374390e-04 1
1.250004e-04 885
2.645400e-05 1
3.124340e-05 3
1.205016e-04 1
1.947091e-05 1
1.617890e-04 1
7.464052e-05 3
9.618571e-05 3978
2.999408e-05 3
9.553620e-05 251
6.858122e-05 6
1.202409e-04 7
2.127291e-04 1
4.208560e-05 7
1.143165e-05 1
4.086053e-05 1
3.425892e-06 10
6.251671e-07 1
7.128671e-05 1
5.825235e-05 1
1.421798e-05 5
5.732339e-05 1
6.488708e-06 1
4.452515e-05 1
2.572941e-04 1
1.050098e-04 1
1.259727e-04 5
3.493519e-04 519
1.542808e-05 1
4.496439e-05 1
4.947905e-05 1
9.069706e-05 1
7.364075e-05 1
3.173816e-06 1
1.907236e-05 3
1.355617e-05 158133
2.029044e-05 1
1.520434e-06 1
4.638012e-04 1
1.138769e-04 1
2.540480e-05 2
1.809446e-04 1
1.595633e-04 92
2.338617e-05 1318
4.944134e-05 1
8.424180e-06 1
1.715274e-04 1
4.446632e-06 1
5.739906e-05 1
1.761637e-05 5
2.942734e-04 1
1.279265e-04 1
2.604880e-04 1
9.125184e-05 1455
1.710195e-04 1
8.222389e-05 1
6.848649e-05 5
3.055039e-04 1
3.255279e-05 4
2.010413e-04 336
1.580388e-04 1
7.552102e-05 1
2.019639e-04 38
2.693596e-04 1
2.028125e-04 34528
2.862518e-05 3
9.839089e-05 2
7.824535e-05 6
2.461827e-04 1
7.849322e-05 2
1.338304e-04 673
8.170115e-05 2
4.274367e-04 2
3.826772e-04 1
1.513829e-04 1
1.638866e-04 89
6.469900e-05 1
2.228132e-05 1
1.041514e-04 1
8.718547e-06 2
1.711703e-05 1
1.212472e-04 2
4.118357e-05 241
3.822303e-05 374
4.186545e-05 1521
3.340093e-04 1
3.357374e-05 3
2.223400e-05 169
3.016471e-04 1
3.566622e-05 129
1.140961e-04 1
1.729596e-04 1
9.769861e-05 1
1.627600e-04 1714
1.059644e-04 1
3.266476e-04 438
2.179954e-05 5
3.614438e-05 1
3.217856e-05 1
2.634216e-04 2
1.065443e-06 1
3.156976e-05 2048
7.898738e-05 1
7.902037e-05 1
1.632298e-04 1
1.645541e-04 3
1.365533e-06 157
1.148996e-06 4
1.794447e-04 1
3.671516e-05 1
2.269385e-05 14
6.701821e-05 3
3.733700e-05 3
1.860921e-05 3
1.372095e-05 1
8.304900e-05 45402
1.459018e-04 2
2.173706e-05 1
3.051742e-06 645
1.872014e-04 1
2.400196e-04 2
6.544724e-04 1
2.677077e-05 1
1.499300e-05 1
3.533656e-04 3
2.663524e-05 8158
1.061907e-05 7
4.600588e-06 1
6.888199e-05 379913
1.360141e-04 7
2.234633e-05 195
4.402444e-05 29017
2.760200e-05 3
7.983857e-05 1
1.905941e-05 47
4.865218e-05 1
1.664395e-04 1
3.701334e-04 1
2.618084e-05 1
1.376537e-04 473801
2.921991e-05 1
1.191784e-04 7
2.861403e-04 3
7.326308e-05 1
3.500991e-06 1
7.367750e-05 1
1.645096e-04 1
5.712538e-05 1
1.768448e-04 13
1.624484e-04 1
1.164401e-04 2
3.167731e-05 1
3.853243e-05 5
2.368525e-05 5
4.495914e-05 264
2.457853e-04 1
1.643141e-05 2
1.527755e-05 3
6.284833e-05 3
7.715462e-05 889
2.261330e-04 1
9.012335e-05 4
6.347533e-05 2
1.384493e-04 1
1.181702e-04 38
6.905701e-05 1
2.835385e-04 1
6.861758e-05 149252
2.164409e-05 906
5.832626e-05 1
7.621887e-05 1
1.188681e-04 6
2.261510e-04 1
7.643852e-05 2
9.884822e-06 3
7.096588e-05 1
7.542561e-06 1
1.293160e-04 2
2.651558e-04 5
1.701853e-04 2
1.057333e-04 252
3.064324e-05 256
3.057309e-05 1
1.566968e-04 1
4.332236e-04 6
1.052815e-04 3
1.626337e-05 2
1.629057e-04 6
2.481566e-05 3
3.127991e-05 1
7.066320e-05 1
5.295892e-06 29
1.172855e-04 77
5.833122e-05 1
1.300349e-04 1597
1.103066e-04 1
4.229129e-05 1
4.088536e-04 1
1.219169e-04 214
4.258841e-05 25
5.989791e-05 1
2.172450e-04 2
9.632660e-05 7
7.367888e-05 1
3.850366e-04 1
1.185474e-04 26206
1.440516e-04 1
9.332863e-05 50
6.737884e-05 2
2.008889e-04 3
3.456564e-05 1
2.883493e-05 1
4.934166e-04 2
9.171218e-05 1
2.822644e-05 1
1.653931e-05 1
7.019920e-04 1
1.334168e-04 1
1.391439e-04 3
7.232607e-05 1
7.034545e-05 2
