3.417383e-05 1
2.053113e-06 1
2.213401e-05 1
2.258864e-06 1
2.848772e-07 1
5.846084e-06 1
2.170514e-05 223
1.317661e-06 1015
2.564159e-05 251
1.539131e-05 5
2.094860e-06 1
8.629665e-06 14138
4.183789e-06 1
1.140607e-05 2
1.172047e-05 1373
2.527620e-06 1
1.508644e-05 2
4.441264e-06 58
7.252076e-06 5
1.299494e-05 1
1.828656e-05 1
1.485929e-06 1
1.271810e-06 1
7.075570e-06 2
6.205478e-07 1
1.079084e-06 1
1.100939e-05 1111
9.058173e-06 257
3.789985e-06 1
3.056298e-06 1
5.182186e-06 525
5.840975e-06 1
1.736865e-05 3
3.442311e-06 3
3.594574e-06 1
1.394494e-05 1
8.367225e-06 4
1.949943e-05 121
7.950340e-06 3
1.026639e-05 7
1.386021e-06 7
4.260231e-06 1
4.370357e-06 1
6.533588e-06 1560
1.717455e-06 3
1.890622e-06 1
1.563707e-06 1
6.879921e-06 97
6.778975e-06 1
2.222519e-06 1
2.112307e-06 258
4.684912e-07 1
6.433207e-06 1
1.710834e-05 1
3.035826e-06 242
2.346712e-06 1
1.966442e-05 1
1.488793e-05 1
1.012342e-05 1
7.586416e-06 1
9.349006e-07 170
6.523384e-06 1
7.958922e-07 3
6.289871e-06 1
2.540009e-06 1
1.757034e-05 1
3.152306e-05 45748
1.384011e-06 1
1.408828e-06 3
4.570493e-06 1
3.183403e-05 2
4.739840e-06 1
7.801395e-06 1
2.187058e-06 1
3.217259e-06 3
6.122130e-06 1
2.644923e-05 1
9.872243e-06 60
1.902377e-05 3
3.889852e-06 2
2.626003e-06 4
8.184167e-06 1
2.586141e-08 1
2.089452e-06 7
9.793847e-06 892
2.236027e-05 2
5.599219e-06 2037
1.153318e-05 1
2.772960e-05 2
2.471819e-06 1
4.033325e-05 1
8.015066e-06 6
5.082119e-06 81
5.285409e-06 1
1.418037e-05 2
6.020988e-06 1
1.950809e-05 222
6.779476e-06 3
1.266508e-05 2
2.401701e-06 1
1.445926e-06 90
2.567422e-06 3
2.815861e-05 1
1.583518e-05 1
7.267245e-06 232
1.752596e-05 2
8.979667e-06 1
2.070080e-06 41
2.175999e-05 3
2.725471e-06 1
1.315534e-07 6
1.365676e-05 1
1.268036e-06 1
3.798496e-06 253
6.415864e-06 3
1.620928e-05 1
1.277123e-05 3
6.669147e-06 6
1.828268e-05 143
5.323749e-06 4
9.145891e-06 1
4.092473e-06 2
1.042655e-05 1
2.731577e-05 1
3.571348e-07 1
6.285510e-06 1
1.478131e-05 1
1.860208e-05 1
3.270310e-07 181
4.702710e-06 1
2.214273e-05 1
2.972799e-05 1
5.677314e-06 2
9.094139e-06 1
7.136100e-06 4
6.934527e-07 1
6.111385e-06 51789
1.617940e-05 1
1.831140e-05 1
2.712598e-05 1
9.229021e-06 1
4.298391e-06 1
3.578345e-05 3
9.199059e-06 25
8.148951e-06 1
8.317591e-06 979
2.756670e-06 2
2.822036e-06 2
3.491608e-06 1
2.482980e-06 2
4.808951e-06 3
1.406240e-05 573
1.987985e-05 1
1.731039e-06 3
1.108729e-06 1
1.683065e-06 7
1.534706e-05 3
1.332027e-05 1
7.537195e-07 1
2.988517e-06 4
1.485548e-06 1
5.139676e-05 1
4.636460e-06 2
7.195594e-06 6
8.904437e-06 2
1.742191e-05 1407
2.124718e-05 2
7.071767e-06 1
2.075376e-06 5
4.880522e-06 470
1.895302e-06 1
1.481631e-06 2
1.498322e-05 1
3.856849e-07 116
1.526664e-05 1
1.762233e-05 1
3.976453e-06 2010
6.405218e-06 7
1.252746e-05 1
7.535296e-06 1689
1.093922e-05 7
5.701830e-06 1
1.851064e-05 125
8.476102e-07 451830
1.306443e-05 1
1.550013e-06 1
2.424033e-08 176
3.632546e-06 7
2.051807e-05 21
3.746796e-06 2
2.730473e-05 1
3.775477e-05 1
1.217982e-05 2
2.067817e-05 1
1.439277e-06 3
1.198887e-05 1
5.608925e-06 1
2.712863e-06 1
1.281794e-05 1
2.429796e-06 1
5.844818e-06 1
1.412046e-05 5
1.277946e-05 1
5.879904e-06 2
3.176224e-06 1
4.604036e-06 1
1.958671e-05 2
1.095786e-05 1
1.952283e-05 7
1.649792e-05 1
1.506588e-05 1
2.417059e-06 1
2.541852e-05 1
3.713768e-05 1
1.087245e-05 1
1.058417e-06 1
6.990431e-06 1
1.889106e-05 198
1.178034e-05 1
9.651169e-06 1
3.698196e-05 1
2.864171e-06 1
1.424193e-06 1
5.989314e-06 395
1.313101e-05 1
4.227118e-06 3
2.983163e-05 4642
1.249439e-05 1
2.539381e-06 1
6.201068e-06 4
7.243063e-06 2
1.060474e-06 1
2.259095e-06 1
1.805516e-06 193
5.036887e-07 1
1.456384e-06 1
2.325001e-06 4
1.409127e-07 1
6.140202e-06 2
2.844803e-05 2
9.409777e-07 5977
3.197303e-06 110
1.890643e-05 1
3.544231e-06 1
4.008949e-05 21816
2.301948e-05 156
1.154102e-06 1182
8.039764e-06 1
3.496238e-05 1
2.950980e-06 10414
1.735905e-05 1
1.219799e-05 3
6.432499e-06 1
6.259209e-06 1
1.026704e-05 1
9.972501e-06 1
1.557459e-05 3
6.609979e-06 2
7.388558e-06 1
7.405081e-06 96
3.597975e-06 1
1.353197e-05 1
9.441771e-06 1
1.265396e-05 1302
1.425956e-05 7
1.273098e-05 1625
9.822647e-06 1
3.677711e-06 1
2.778368e-05 1
7.405725e-07 1
1.181900e-05 1
9.530415e-06 228
3.618280e-06 185
2.052119e-05 5
3.253677e-06 1
1.326359e-05 223
4.002176e-06 3
4.900987e-06 1
5.856690e-06 3
9.360783e-06 1
6.295247e-07 5
2.858180e-06 1
2.905929e-06 226
1.915464e-05 7
1.553856e-06 1
3.843716e-06 6840
5.500270e-06 1
5.608718e-06 1
4.317497e-06 7
1.056819e-05 1
1.087187e-06 4
2.135154e-05 6
3.977299e-06 1
1.128407e-05 1
2.015828e-06 2
2.900133e-05 1
9.029324e-06 1
6.075931e-06 3
8.166960e-06 1
4.063103e-06 2
3.641452e-06 1
6.062713e-07 237
1.115007e-06 1
8.985214e-06 29478
5.992651e-07 1
9.076221e-06 1
1.640638e-05 1
5.412941e-06 1
9.817915e-06 7
2.771101e-06 3
7.265889e-06 1
5.111743e-06 1
1.169274e-06 4
3.136223e-07 1
3.207995e-06 4
4.138524e-06 1
1.854327e-06 1
1.373089e-06 1118
1.614269e-06 1
1.940152e-05 1
1.651902e-05 3
2.738316e-06 64269
2.555391e-06 169
8.489124e-06 1
8.519443e-07 3
9.992994e-06 1
3.063617e-06 1
3.146866e-05 7
1.160606e-07 126
2.895632e-06 2
6.697545e-06 1
1.115437e-05 7
1.332401e-05 7
2.890069e-05 2
4.946971e-06 1
1.667042e-06 1
3.515361e-06 1
6.680414e-06 2
3.581754e-06 1
6.944172e-06 476
2.076629e-06 3
4.450969e-06 190
1.954837e-06 1
1.752112e-05 3
2.197527e-06 60135
8.148180e-06 1
2.969913e-06 1
1.238565e-05 1
1.644228e-05 124877
1.453287e-05 131
2.933331e-06 1
2.594327e-06 2
9.760372e-06 1
4.286502e-05 2
5.810224e-06 1
2.267327e-06 6
2.054019e-05 583
3.869614e-06 42889
1.015150e-05 7
1.250195e-05 1
1.261284e-05 9
1.083857e-05 7
5.844867e-06 2
1.424424e-05 1
5.826893e-06 3
1.131680e-05 1
9.292851e-06 1
3.322051e-07 4
1.571206e-06 3
9.969330e-06 1
5.003835e-06 7
4.647984e-05 1
5.980907e-06 1
2.038330e-07 1
5.449863e-06 7
5.096577e-06 6
2.768089e-06 1
2.400246e-05 1
2.847635e-06 5
1.868617e-06 1
1.887797e-06 7
9.851383e-07 1
2.254980e-06 1
4.596123e-06 1
2.067210e-05 1
3.932658e-05 2
1.083612e-05 53
4.528625e-06 3
1.265096e-05 2
4.855494e-05 151
4.952954e-06 1
1.550772e-05 1
7.554174e-06 5
1.610058e-06 2
5.913913e-07 416
6.317074e-06 57400
1.089899e-06 1
4.368882e-06 1
1.175136e-05 1
1.292734e-05 1
4.151376e-06 2
1.033480e-05 1
8.081771e-06 1
1.876021e-05 1
1.021959e-05 1
1.916115e-05 1
5.660690e-06 1
2.393384e-05 3
3.299479e-06 1
4.249942e-06 1
1.261777e-05 1
6.734533e-07 1
4.778801e-06 1
2.650835e-05 1
2.250340e-05 249
8.376326e-07 1
1.790536e-05 1
1.346076e-05 61
4.998093e-06 4
2.148688e-05 47710
1.420406e-05 49870
3.474350e-05 1
3.038200e-05 153
1.408701e-05 2
7.579020e-08 3
5.250825e-06 2
1.235425e-05 1
1.366153e-05 2
9.991561e-06 172
3.011342e-06 2
1.497561e-05 1
1.251724e-06 1
2.046971e-05 1
5.966534e-07 4
1.420667e-05 803
1.113003e-05 1
1.670397e-05 5
5.521758e-06 1
6.723014e-06 1
1.047050e-06 1
1.544873e-05 1
4.450154e-06 1
1.612931e-06 1
2.371382e-06 2
1.636191e-06 1
1.683714e-08 1
1.669516e-06 1
4.732160e-06 1
2.992702e-06 225
6.780115e-05 1
4.715002e-06 1
2.714646e-06 237
1.563156e-05 2
2.281511e-06 7
2.453310e-05 1
2.953376e-06 1
7.686985e-06 1
1.428154e-05 23123
5.177080e-07 1
3.759155e-06 1
8.855810e-06 1
1.043087e-05 7
1.691578e-06 1
1.704589e-05 1
2.454430e-06 1
9.893544e-06 1
5.612688e-06 1
1.071290e-05 2
1.581376e-06 1
1.218157e-05 1
4.592938e-06 40
1.372512e-05 44826
1.287379e-06 1
2.010372e-05 1
9.334645e-07 1293
2.424739e-06 1
7.714382e-06 2
2.149633e-05 1
1.398713e-05 163
1.851933e-06 4
4.764132e-06 3
6.237531e-06 1
2.480047e-05 2
1.133797e-05 2
9.925124e-06 1
6.481848e-07 7
8.857238e-06 2
1.289018e-05 1
9.882713e-07 245
1.845264e-06 6
1.293994e-05 3
5.338442e-07 51339
1.135940e-05 1
4.182138e-06 5
3.307441e-06 48600
7.561594e-07 193
1.538826e-05 5
8.294992e-06 1
7.045509e-06 1
6.570981e-06 7
6.203352e-06 215
1.325838e-06 1916
1.117806e-05 3
5.505485e-06 1
6.017146e-07 1
1.431449e-05 3
1.165675e-06 1
8.589557e-06 1
7.662928e-06 27207
5.229961e-06 789
1.277897e-06 3
1.216275e-05 1
1.857385e-05 2
3.203091e-06 1
2.124457e-06 1
1.686787e-05 2
6.696756e-06 1
1.766585e-05 1
4.927033e-06 1
5.478092e-06 2
2.006612e-05 3
5.734605e-07 17546
4.124124e-06 1
7.189330e-07 1
3.825179e-05 3
6.714329e-07 1
1.673199e-06 590381
8.216716e-06 3
2.000678e-06 4
3.503444e-05 75
1.632389e-06 1
2.535701e-06 3
8.892000e-06 1
5.038516e-06 1654
7.567682e-06 1
5.570752e-07 1
2.442112e-07 1582
9.218803e-06 55
4.919385e-06 1
1.259157e-05 248
2.059264e-05 1972
1.409290e-05 3
1.141914e-05 1
2.658196e-06 6
2.168814e-05 1
1.552094e-05 3
1.193687e-06 5
7.278941e-06 1
5.568135e-06 1
8.817348e-06 1
2.295043e-06 1
1.356462e-05 1939
2.998791e-07 3
1.003778e-05 1
6.838827e-06 1
1.308713e-05 34090
2.587829e-06 1065
1.458391e-06 1
1.626373e-06 1
6.550034e-06 1
7.181506e-06 1
6.447173e-07 7
6.628336e-06 2
4.956732e-06 2
3.553712e-06 876
3.322879e-05 168
3.912395e-06 1
5.897433e-06 67
8.604852e-06 1
1.436204e-05 6
2.934500e-06 1
2.265327e-05 6
1.367300e-05 186867
9.987671e-07 1
5.212361e-07 1
1.415691e-05 3
3.734937e-06 3
1.303980e-05 1972
7.936029e-06 1
3.580153e-07 1
9.888211e-06 1
2.362796e-05 1
7.468530e-06 7
1.916195e-07 1
1.505082e-05 1
1.156891e-05 1
2.069546e-06 1
6.289329e-06 1
4.961942e-06 19
6.956653e-07 190
6.056275e-07 1
1.203906e-05 3
1.128147e-05 1
6.201091e-06 7
2.992110e-07 1
7.930844e-06 336
3.971555e-06 1
1.482947e-05 1
3.045352e-06 4
1.105769e-05 3
3.137251e-06 1
1.789268e-05 1
3.039635e-07 1
3.801063e-06 1
1.205270e-05 645
1.127558e-05 181
2.357409e-05 3
6.212847e-06 1
9.466064e-07 1
4.279890e-07 3
2.564599e-07 1
4.299570e-05 1
1.763965e-05 1
1.026313e-05 1
4.218841e-07 1
2.913513e-06 7
2.158082e-05 1
7.894992e-07 409
1.176549e-07 1
3.773662e-06 1
6.971853e-06 1
1.022179e-05 6
8.397406e-06 1
7.556635e-06 2
6.386219e-06 2
9.336087e-06 267
9.389910e-06 1
3.846565e-06 5
1.265658e-05 241124
1.120786e-06 2
1.594357e-05 1
2.061093e-05 2
9.057314e-07 1
5.664204e-07 2
5.616827e-06 117
3.069528e-05 446045
8.772507e-07 1
6.404995e-05 26
5.588642e-06 63911
3.151419e-05 4
3.455611e-06 3
1.425909e-05 1
2.969005e-06 1
8.744999e-07 278
3.358244e-06 1
4.975695e-06 986
1.050207e-05 1
4.186753e-05 6
1.546789e-05 6
1.847986e-06 2
2.534758e-05 1
5.080308e-07 1
3.275524e-06 2
3.222676e-06 1
9.964412e-06 1
5.025499e-06 2
3.488976e-08 3
1.594407e-07 28503
8.619808e-07 1
9.840406e-06 1
7.977795e-06 1
1.868046e-06 1
1.776210e-05 1
7.358019e-06 142
5.409939e-06 180
1.087893e-05 1
7.003951e-06 2
1.658847e-05 3
4.372845e-07 2
3.768442e-06 1
8.083509e-06 3
6.675326e-06 2
1.275717e-05 3
1.682358e-06 3
6.485904e-06 1
6.545621e-06 1
1.246737e-05 2
5.389975e-06 7
1.315198e-05 1
6.657121e-06 1
1.296896e-05 1
6.971648e-06 106
5.574817e-06 1
7.908656e-06 1
1.095199e-06 5
4.670081e-06 1
1.259472e-06 1
1.420840e-05 1
1.172182e-06 1
9.306768e-06 1
7.217589e-06 3
1.709219e-06 49467
2.675533e-05 4
1.181505e-07 1
4.455673e-06 1
1.819058e-05 1
4.669221e-06 36686
1.147247e-05 1
1.400736e-06 2
1.074523e-05 2
8.872996e-06 60
2.830292e-07 1
2.104971e-07 1
1.815500e-06 4
6.974351e-06 1
5.248985e-08 1
1.684397e-05 45018
1.499649e-06 31
2.710637e-07 1
4.826800e-06 4
2.166030e-05 1
2.607293e-05 1
4.946791e-06 21636
3.768242e-06 1
1.268917e-05 6
1.249732e-05 1
8.115385e-06 128
8.478899e-06 7
7.739989e-06 1
4.185254e-05 1907
1.132345e-05 3
3.315694e-05 3
2.830716e-05 68
8.445505e-06 19
3.044100e-06 229324
2.347291e-06 1
6.855783e-06 3
5.232326e-06 1
1.437246e-05 6
1.881557e-05 1
6.885272e-06 2
1.377570e-05 601
2.377988e-05 658183
1.489010e-05 5
4.545612e-07 1
2.273815e-05 1
6.081354e-06 1
2.245430e-05 1
4.024512e-06 69
1.337756e-05 1
6.753584e-07 1
1.014542e-05 1857
1.362808e-05 3
1.958308e-07 1
2.341426e-06 1
4.495551e-06 2
5.796227e-05 6
1.317870e-06 2
6.549930e-06 1
3.739449e-07 6
2.040395e-05 1180
1.703449e-05 3
1.806614e-06 63677
4.560567e-06 1
1.280626e-05 6
4.067112e-06 1
2.018735e-05 1
2.738354e-07 3
6.225379e-06 6
1.179219e-05 2
1.019388e-05 7
4.909136e-06 1
1.265270e-05 3
7.515177e-06 1
1.345296e-05 45674
1.203905e-05 1
3.531103e-05 1
1.382789e-05 217
2.380828e-05 1
4.058753e-06 1
9.343318e-06 1
6.403699e-06 1
6.550955e-05 7
3.424718e-05 1
2.023664e-06 1
3.193376e-05 2
1.143647e-05 1
7.834573e-06 3
2.076381e-06 1
8.682558e-06 3
4.262619e-06 1
6.707049e-06 5
3.699838e-05 4
1.992031e-05 1
1.990604e-05 1
2.041000e-05 1
1.105052e-05 84
4.010781e-06 5
2.604779e-05 1
2.829814e-06 1
6.160308e-06 1
4.809164e-06 35
2.120742e-06 255
2.730352e-05 7
4.710080e-06 169
5.410021e-06 1
1.209505e-05 1
3.251393e-06 1
1.020224e-05 32
6.317944e-07 1
3.998268e-05 1
1.887867e-06 1
1.448722e-06 1
4.992347e-05 1
1.081642e-05 1
3.915604e-06 1
9.087686e-07 3
2.886260e-06 167
2.032232e-06 1
1.280140e-06 35
1.112990e-05 2
1.284024e-05 2
3.402116e-05 61920
3.646070e-06 1
2.626957e-06 1
9.122319e-06 1368
1.873101e-06 7
2.002794e-05 7
2.205318e-05 1
2.887144e-06 1
7.134757e-06 30
2.201251e-06 6
3.536483e-06 1
4.887920e-07 1
1.979796e-06 3
3.450115e-06 3
3.910463e-05 2
4.658445e-05 56
1.434503e-06 1
9.517033e-07 1
6.870280e-06 1
5.096525e-07 1
7.671809e-07 1
2.713041e-05 5
1.062600e-05 1
1.731349e-05 1
1.277096e-05 1
5.152077e-06 1
9.376852e-06 192
9.714380e-07 7
1.996208e-06 2
5.865216e-06 1
1.048365e-05 1
6.564855e-06 1
2.601705e-05 1
2.955911e-06 1
3.227850e-05 2
1.221785e-06 1
3.329493e-06 1
9.888377e-06 21329
7.908736e-06 1
1.343841e-06 2
1.182077e-05 1
2.275189e-06 1
2.283265e-07 3
1.658077e-05 120
3.785033e-06 3
1.825908e-06 16307
2.949182e-06 1
4.356108e-06 121
5.433864e-06 4
5.673901e-07 1
6.837316e-06 1
2.131821e-05 6
1.610163e-05 1
1.622642e-06 1
2.186111e-06 1
4.348407e-06 1
3.237508e-06 1
6.205781e-06 1
2.892489e-05 1
4.079348e-06 3
1.028996e-05 2
3.145542e-06 1
1.299094e-05 1
3.729726e-06 6
4.905532e-06 4
5.178869e-06 2
1.237791e-05 1
2.597264e-06 4
1.061833e-05 1
4.059805e-06 5
4.225231e-07 6
4.111286e-06 1
1.191617e-06 3
5.444676e-06 1
6.607121e-06 2
2.019607e-05 1
8.915991e-07 1
4.056427e-06 159
1.627999e-06 1
4.974993e-06 1
6.790115e-06 1532
2.549653e-06 1
1.387740e-06 2
2.350881e-05 1
2.943899e-06 1
9.057589e-08 1330
4.301219e-06 2
9.841809e-07 429493
1.315994e-05 1
1.395820e-05 2
5.103833e-07 253
1.187861e-05 3
5.700389e-07 1
8.177766e-06 475
6.913922e-06 1
1.021205e-05 2
1.635402e-05 1
6.150412e-06 27
1.138799e-05 1
2.945576e-06 2
1.608537e-05 1
1.401946e-05 3
3.785322e-06 3
8.305539e-07 1
7.409045e-06 1
5.552860e-06 1
1.200390e-05 1
1.094009e-05 170
4.350298e-06 62339
5.443045e-06 1
1.362111e-05 1
3.672213e-06 3
7.644000e-06 3
2.431609e-05 1
1.743929e-05 2
2.714180e-05 3
3.530501e-06 1
1.205248e-05 1
4.847088e-06 7
2.940913e-06 3
2.820402e-07 1
3.120405e-06 4
1.015557e-05 1
1.600425e-05 1
2.287865e-06 1
2.177176e-06 1
1.071180e-06 1
1.329823e-05 7
1.519567e-05 2
9.440996e-06 3
1.014174e-06 3
2.339811e-06 1
4.712362e-06 6
1.862859e-05 1
5.076971e-06 3
9.201043e-06 1
2.426607e-07 3
4.283524e-07 1
6.215193e-06 2
1.183495e-05 1597
5.297260e-06 1
1.142856e-05 5
3.032094e-06 176
1.441878e-05 1
3.165919e-06 123
8.197206e-06 1368
4.618719e-07 897
1.357987e-06 1
9.621418e-07 1
1.743045e-05 2
1.144958e-05 6
4.559764e-06 3
2.040839e-05 1
1.174915e-05 1
4.404112e-06 1
3.005584e-06 1
2.147641e-06 1
1.029707e-05 1
8.444182e-06 1
1.219444e-05 1
2.913218e-06 2
1.173026e-05 3
8.463407e-07 1
1.304473e-05 1
2.054200e-06 1
3.124988e-05 1
2.507045e-07 3
1.117294e-05 1
2.646750e-05 3
1.112134e-06 1
1.547104e-05 2
5.378192e-06 1
8.436200e-06 3
6.818028e-07 1
2.521018e-05 1695
1.344100e-05 165
9.061909e-06 1
1.604499e-07 1
2.149826e-06 2
7.532701e-06 98
2.389164e-06 1
4.365973e-06 2
2.459709e-05 1
8.452018e-06 2
2.343334e-06 1
3.472480e-06 2
1.678601e-06 1476
2.390609e-07 2
2.351281e-05 1
8.138012e-06 5
3.600594e-07 1
7.021918e-06 3
4.178202e-06 1
1.705130e-05 43
1.620028e-05 1
4.814477e-07 1
1.175111e-06 221
6.170867e-06 224
9.732200e-06 53
6.866567e-06 4
1.828567e-05 7
2.228033e-05 1
5.920406e-07 1
1.128535e-05 1
9.775699e-06 4
2.444086e-05 3
1.210866e-05 525
6.061454e-06 53
3.778012e-06 1
1.712817e-05 6
6.278185e-07 7
7.442041e-06 635234
1.196339e-06 1
1.343028e-05 1
1.878409e-06 660
2.437177e-06 5
1.508882e-06 3
1.538030e-05 1
4.791743e-06 1
1.444752e-05 4
4.075744e-06 1
1.644411e-05 1
1.630003e-06 4
1.488240e-05 1
1.723060e-06 1
3.882688e-06 188
5.300786e-06 1
1.915675e-06 1
1.052876e-05 387
1.617752e-05 1
3.603788e-06 1
1.077219e-05 733
3.495949e-06 29
7.557364e-07 1
1.127517e-06 2
1.395368e-06 3
4.212216e-07 3
4.590814e-06 1
1.420202e-05 1
3.599362e-06 2
6.292822e-06 3
3.212806e-06 2
4.674231e-06 1
4.284649e-06 1
7.898087e-06 1
1.480915e-05 282
2.730816e-05 7
8.225138e-06 3
8.716843e-06 1
1.544337e-05 46631
4.627244e-06 3
1.408615e-06 1
9.554352e-06 1
1.795793e-06 3
1.160300e-06 1
1.211555e-08 1
3.469103e-06 2
6.364912e-06 1
2.855444e-05 65826
5.020503e-06 1
8.941234e-06 3
6.876839e-06 97
1.673048e-05 6
3.682319e-06 195
1.799272e-05 5
1.516580e-06 5
1.123529e-06 2
3.547037e-05 3
4.207494e-05 3
1.266011e-05 3
1.116691e-06 1
5.659430e-06 1
6.691829e-07 1
2.261359e-07 5
1.166311e-05 1024
1.487776e-05 24
5.980604e-06 110
1.514853e-05 3
4.069197e-07 3
3.708935e-06 1
4.742343e-06 2
7.694259e-07 1
1.152070e-06 232
4.874544e-06 3
1.913240e-05 1
1.943992e-06 3
8.487914e-06 1
1.888099e-06 1
2.768489e-06 1
5.402897e-07 1
8.277025e-07 1
1.706721e-06 4
9.955783e-06 1
4.497533e-06 241
2.136410e-05 208
2.716914e-06 1
3.595342e-06 2
5.934170e-06 4
1.654691e-05 2
8.252056e-08 1
4.725237e-06 7
8.106502e-07 1
7.901399e-06 1
1.527702e-05 4
2.966175e-05 1
1.093244e-05 4
2.145163e-05 1
1.175061e-05 1
1.089628e-05 1
1.317566e-06 1
1.856469e-05 1
1.524615e-05 1
3.763263e-06 3
1.105832e-05 6
1.155815e-05 135
2.573815e-06 64840
3.386190e-05 3
1.034959e-06 1
1.919794e-05 4
4.192340e-06 3
7.885133e-07 75
5.091573e-06 1
1.393782e-06 1
3.859012e-06 96
5.142140e-06 3
2.280273e-06 5
1.401243e-07 1
9.348473e-06 2
3.758216e-05 1
1.636592e-05 1
4.450675e-06 663991
1.830957e-06 1
1.500899e-06 98
1.261081e-05 1
5.173537e-06 1
2.503430e-06 2
4.059293e-06 91
4.658108e-06 6
2.104004e-07 1
5.401692e-06 1
3.910060e-06 6
1.279176e-06 3
5.633731e-06 1
8.795116e-06 1
9.765270e-06 13
3.076547e-05 3
2.296763e-05 3
2.629172e-06 3
1.113243e-05 205
3.296055e-06 1
1.292506e-06 2
5.581279e-05 1
1.708448e-05 1
1.599982e-05 11128
1.402478e-05 6
1.822212e-06 1977
3.700509e-06 1
1.792511e-06 3
1.382125e-06 3
6.997715e-07 6
2.641478e-05 1
2.508393e-06 1
1.123851e-05 1043
3.562205e-06 1
1.049769e-07 98
4.706476e-06 1
4.605508e-06 1
8.224490e-07 3
6.055027e-06 1
2.091634e-05 3
1.683077e-06 1
1.316854e-05 159260
6.661430e-07 1
2.417704e-06 1
6.974190e-06 842
2.003879e-07 1
3.286826e-05 3
1.948223e-05 1
5.208127e-06 1
9.577241e-06 253
8.031754e-07 1
1.956703e-05 7
7.943276e-06 2
2.655802e-05 1
5.073804e-06 1
1.135507e-05 3
1.229266e-05 1
2.542644e-06 1
1.479129e-05 237
6.348137e-06 1
2.969389e-05 171018
6.206678e-06 1
1.739945e-05 1
1.281853e-06 7
3.714358e-06 250
4.859421e-06 3
1.483547e-06 853
1.656310e-06 1
3.217894e-05 1
2.823671e-06 1
3.510629e-06 124
3.876675e-06 6
2.665763e-07 13515
1.526173e-05 2
6.656872e-06 1
2.634363e-05 126
1.646107e-06 1
2.095886e-05 1
6.971301e-06 2
1.383992e-05 1
1.843208e-05 1
4.339869e-06 43625
3.932182e-05 1
6.371224e-06 1
1.491299e-06 1
2.241975e-06 1
1.635489e-06 3
2.749304e-06 1
1.003568e-05 1
1.296672e-05 6
3.303837e-07 55173
3.987976e-09 1
9.700849e-06 1
6.219543e-06 1
8.171526e-06 1
2.120283e-06 7
1.395763e-05 3
3.917672e-06 1
1.112053e-05 1
1.210975e-05 6
1.464464e-05 1
6.403090e-06 42442
2.038980e-06 1
1.600528e-06 1
2.401413e-05 4
2.623121e-05 3
9.906145e-07 2
1.599243e-05 11591
2.525297e-07 2
1.110814e-06 1
1.458036e-05 1
8.701151e-06 1
2.630966e-05 93
1.338271e-05 72
5.433962e-06 72
6.798394e-06 1
2.316810e-06 68
3.384356e-05 3
1.862122e-05 1
2.150292e-06 1
1.755278e-06 149
1.253788e-06 1
9.737311e-06 1
1.901904e-06 3
4.168390e-06 7
6.312955e-06 1
2.852799e-06 1
5.462402e-06 1
1.233096e-06 1
4.082418e-06 993
2.095312e-06 5
1.664441e-05 1
2.918614e-05 1
7.001572e-06 6
8.293835e-06 1
4.561685e-05 1633
1.046708e-05 1
3.689451e-05 3
4.332101e-06 2
9.540831e-06 1
5.348391e-06 1
5.041761e-07 1
6.806753e-06 1
2.237439e-06 28365
8.147468e-06 1
1.865254e-05 2
5.472757e-06 3
1.325884e-05 1
2.666529e-06 1
4.487821e-06 4
1.951718e-06 60
1.365629e-06 2
1.615226e-06 1
1.359817e-05 2
5.586763e-06 2
1.279449e-06 1
7.518237e-06 1
7.500532e-06 1
2.671130e-06 1
6.341482e-07 1
1.229632e-06 6
2.922329e-06 17
7.256281e-06 1
7.052647e-07 5
1.341313e-05 1
4.179638e-07 1
5.670099e-06 1
4.119684e-06 1
1.398258e-05 3
4.549159e-07 1
8.879819e-06 1
1.081431e-07 1672
9.642324e-06 71
5.089072e-06 1
1.994079e-05 2
1.242015e-05 3
8.103304e-06 232
1.637534e-06 1
2.312860e-05 1
1.904465e-05 1
5.813027e-06 160
7.417112e-06 6
4.948135e-06 1113
1.428819e-05 64537
1.808505e-05 3
1.141901e-05 1
6.440845e-06 967
9.988492e-06 51381
6.726035e-06 2
5.189661e-06 3
1.208888e-06 1
3.703464e-06 7
1.103347e-05 1
1.390630e-05 2
1.965044e-06 1
1.451345e-05 134
8.147680e-07 3498
1.644644e-07 1
1.846876e-05 3
1.899108e-06 1
1.204989e-05 1
2.753750e-07 1
3.940727e-06 1
1.902953e-05 3
8.509983e-06 1
5.195274e-07 1
1.006456e-05 1
1.036108e-05 4
6.078355e-07 2
2.290164e-06 1
4.889310e-06 3
2.520582e-05 1219
2.838650e-06 6
5.630827e-07 3
6.150002e-06 1
2.088081e-06 2
1.360845e-05 1
5.574015e-05 1
2.517253e-05 2
4.332520e-06 1
3.165516e-06 1
1.351850e-06 306
2.281645e-05 1
1.438901e-06 5
1.996200e-05 2
2.439064e-06 6
4.776004e-06 3
6.777781e-06 2
2.075724e-06 1
8.218376e-06 1
5.321250e-06 141
8.806083e-06 1
2.115106e-05 2
2.381812e-06 1
7.267739e-06 1
1.854020e-06 4
2.454923e-05 1
1.835074e-05 6
1.911374e-05 1
6.563037e-07 1
9.162446e-07 1
2.068102e-06 1
3.618937e-06 1
2.446894e-06 1
2.060998e-06 3
1.411228e-05 478548
1.075250e-05 1
4.842613e-06 3
9.467952e-06 1
4.748745e-06 1
5.440576e-06 1
1.249046e-05 1
9.865319e-06 1175
9.726048e-07 1016
1.114049e-05 1
6.909409e-06 1
1.311924e-05 1
1.174286e-05 3
6.670568e-06 1
3.197681e-06 907
1.198592e-05 2
7.572974e-07 42597
1.420965e-05 1
1.480625e-05 1
5.513481e-06 1
1.378453e-05 256
1.537518e-07 1
1.281031e-06 309
1.757690e-05 3
7.633636e-06 3
4.842127e-05 16922
2.336167e-05 1
2.263876e-05 2
1.591305e-05 49
1.207646e-05 1
6.519280e-06 1
1.211912e-07 20486
2.103447e-05 1
1.351321e-06 1
1.864608e-06 166
8.528962e-06 2
4.252320e-06 1
7.056623e-06 7
3.659254e-05 2
1.588912e-05 3
5.632062e-06 462
1.385348e-05 1
6.553698e-06 5
2.926476e-06 1
8.365743e-06 1
1.447779e-06 1
1.237930e-05 1
4.996566e-06 1
4.889930e-06 2
2.263239e-05 1
1.719107e-05 3
3.920310e-05 1
9.994159e-06 7
1.791612e-05 50610
2.306545e-06 9769
1.660709e-06 1
3.816316e-06 1
5.388035e-07 2
2.563077e-05 3
1.368596e-05 1
9.859751e-06 1
5.777685e-06 1
5.415958e-06 54877
1.882445e-05 1
1.199621e-06 2
1.380553e-05 1
1.295186e-05 1
4.957353e-06 2
5.809822e-06 1
5.812014e-06 2
1.229546e-05 1
1.775793e-05 1
5.572380e-06 2
9.400308e-06 1
4.995894e-05 1
5.308224e-06 1
2.343113e-06 4
1.093532e-06 3
2.383219e-06 3
1.032431e-05 4
1.540197e-07 1
2.271490e-05 1767
1.251437e-05 1
4.483807e-06 3
7.579488e-06 1
4.184281e-06 5
2.069059e-05 1
2.804027e-06 2
3.142368e-07 1
1.028645e-05 532
1.159112e-05 5
8.780338e-06 1
1.175911e-06 5
1.102502e-05 1
3.781254e-05 1
1.780281e-06 3
4.194299e-06 76
1.300464e-05 3
3.651687e-06 3
9.165932e-06 134
4.923466e-07 2
1.619331e-06 3
6.187999e-06 185
2.625165e-05 1
1.689240e-06 1
3.258766e-06 611552
4.851738e-06 1
3.668453e-06 3
5.060383e-06 1
7.655107e-06 202250
1.854069e-05 2
3.591489e-06 1
1.577509e-05 131
5.481470e-08 2
1.377585e-06 1
1.273859e-06 3
1.944483e-05 91
3.983486e-06 2
4.338730e-06 5
1.384939e-06 1
2.668503e-06 1
1.594186e-06 1
2.215668e-05 165
3.242988e-07 3
1.180646e-05 1
1.696895e-06 1
2.227126e-06 3
9.294612e-06 1
1.004022e-05 1
8.732984e-06 1
3.079068e-05 2
1.558982e-06 1
7.994685e-06 2
7.557619e-06 22248
2.562912e-06 2
3.312760e-07 33914
4.440453e-06 1
1.189440e-05 3
2.131120e-05 1
1.011302e-05 1
5.126453e-06 1
2.628745e-05 195
5.080150e-06 1
3.055376e-05 1
2.249853e-07 1
1.568807e-06 1
2.515140e-06 2
2.117684e-07 2
2.307346e-06 207
1.878212e-06 228
1.910852e-05 1
2.758066e-05 2026
8.789687e-06 1
1.465462e-05 1
6.569168e-06 3
1.045234e-05 222
9.044496e-06 125
1.588347e-05 1
2.915648e-05 478
1.448373e-05 1
1.246208e-06 38491
1.657690e-05 1
1.800323e-05 724
2.953392e-06 1
3.155277e-06 6
1.292921e-05 135726
1.629654e-06 1
1.187124e-05 3
1.792447e-05 1
4.992723e-06 1
1.902191e-06 217
1.213450e-06 2
1.337348e-06 6
6.125017e-06 1
7.516010e-06 204
1.223380e-05 5
1.016368e-05 1
2.343002e-05 2
1.800863e-05 1
1.589391e-05 1
2.514572e-05 6
5.572919e-06 1
1.424939e-06 3
1.745686e-06 3
1.305035e-05 1
3.561648e-06 1
1.647432e-07 1
1.804929e-05 1
1.043320e-05 5
6.988148e-06 7
7.556882e-08 7
8.093381e-06 2
4.917493e-06 1
3.271200e-06 1
4.060012e-05 3
2.361646e-05 1654
5.731416e-05 167
1.357367e-05 1
4.585289e-07 1
8.282124e-06 4
1.285207e-05 428
6.893603e-06 1
2.038343e-05 1
7.255923e-06 6
2.259138e-06 1
1.679879e-05 1
4.120919e-06 1
1.239361e-07 5
1.082498e-06 4285
1.900436e-05 1
1.145936e-05 1
1.367971e-05 1
8.049593e-06 1
7.457567e-07 1
1.429420e-05 1
2.208621e-06 3
1.540889e-05 5
4.564481e-06 3
2.647001e-06 1
1.942431e-05 7
2.414311e-05 4
1.284487e-06 1
1.159044e-05 1
1.187859e-05 2
1.424710e-05 101404
5.554734e-06 202130
4.247011e-06 2
2.479736e-06 1
4.622408e-06 1
1.766992e-06 373790
1.798227e-05 1
1.829964e-05 2
1.374982e-05 1125
8.973891e-06 1
1.741417e-05 1
9.569186e-06 1
1.114575e-06 216
7.530179e-06 2
2.040825e-06 7
1.560271e-06 3
1.370465e-05 30
1.269161e-05 1
1.885410e-05 1
7.011466e-06 6
1.407148e-06 32469
1.284739e-06 1
2.379146e-05 6
3.681314e-06 1
5.046258e-05 78
1.111428e-05 7
1.888430e-06 1
1.708089e-05 2
2.035552e-05 1
6.954356e-07 41300
1.929047e-05 1744
3.532561e-05 3
1.651176e-05 1
2.162698e-06 3
8.319499e-06 81
1.604307e-05 1
1.436513e-05 3
6.836043e-06 3
1.294256e-05 1206
9.804006e-07 13
2.574128e-05 3
1.655064e-06 44036
3.407616e-05 1
1.980615e-05 158652
1.203533e-05 4
4.318166e-06 1
6.009365e-06 3
5.916399e-05 2
1.636834e-05 2
2.611657e-05 3
3.004872e-06 1
3.325505e-06 162
1.832788e-06 56287
2.218087e-06 1
2.159621e-05 1
5.150974e-06 194
1.357752e-05 1
2.861850e-05 1
3.916852e-07 13961
3.552823e-06 3
9.204781e-06 6
1.427022e-06 133
6.101908e-07 7
2.025026e-06 3
8.099895e-06 96548
2.278917e-05 1
7.033644e-06 3
2.959533e-06 1
1.274728e-05 1
1.518774e-06 3
5.776315e-06 2
2.606238e-06 147
5.914457e-06 1
4.132326e-06 7
1.723012e-05 94
5.140536e-06 1
5.942205e-07 1
4.673131e-06 5
1.585022e-05 1
1.301797e-07 1
1.038056e-05 3
2.981997e-05 1
1.112947e-05 1301
8.237784e-07 2
2.302006e-05 1
1.568338e-05 5
1.448331e-07 2
1.176348e-05 1
2.982390e-05 1
7.344865e-06 2
1.679537e-06 3
6.055947e-06 599
1.845448e-05 1656
4.463670e-06 3
1.477216e-05 1
3.954758e-06 2
9.579415e-07 2
7.358073e-06 176
3.729839e-06 2
8.072650e-06 5
8.199877e-06 1
2.302447e-05 4
1.793113e-05 1
6.863051e-06 3
2.875315e-06 7
1.498276e-05 1
1.009492e-05 1
6.363278e-07 1
1.364167e-05 1
1.343305e-06 1
9.010945e-06 1
4.993623e-06 2
1.227721e-05 1
1.755375e-05 293
7.117751e-06 1
1.289545e-05 1
1.040713e-07 5341
1.612731e-05 1
4.273094e-06 3
9.675803e-06 2
9.400686e-07 1
2.334231e-05 1
3.371670e-05 43748
4.905844e-06 5
2.193173e-05 895
1.261546e-05 1
1.580509e-07 1
5.137759e-06 88490
3.135109e-06 4
7.453072e-06 3
6.343219e-06 1
7.085380e-07 1
1.402143e-05 1
2.452388e-06 3
3.463946e-09 2
4.344952e-06 3
7.669598e-08 1
4.931346e-06 1
4.491807e-06 6
2.017034e-06 98
5.374771e-06 23
3.765097e-06 1
1.594332e-06 1
2.064451e-05 1
2.085440e-05 1
5.289336e-05 3
2.523271e-05 6
1.398564e-05 24533
1.073396e-05 3
1.966048e-06 7
2.382520e-06 1
9.221521e-06 223
4.524830e-06 3
3.600997e-05 1
7.094765e-06 3
1.088896e-05 1
1.057939e-07 2
3.282541e-06 4
1.534658e-05 1
5.940847e-06 4
6.164439e-06 2
6.814582e-06 46
1.150483e-05 1
1.079203e-05 2
1.092345e-05 1
7.984425e-06 4
9.165516e-07 1
1.253868e-05 87
4.042772e-06 3
1.212519e-05 1
9.866811e-06 1
7.505127e-05 1
2.042458e-06 6
1.794099e-06 3
1.642281e-05 6
3.018275e-06 2
1.136799e-05 200
4.951812e-06 3
2.073471e-07 1
2.388652e-05 3
1.544692e-05 1
3.369967e-06 2
5.638527e-06 43
1.141835e-05 1
4.426948e-06 7
5.977479e-06 2
5.932052e-07 1
3.347536e-07 3
3.873450e-06 2
1.304787e-05 1
8.725931e-06 43010
2.175621e-05 38580
2.329663e-06 2
6.881501e-06 2
3.944038e-06 1
1.228367e-06 2
1.786364e-06 101
3.121268e-06 6
8.696683e-06 1
3.582098e-07 266
1.031558e-05 2
3.122126e-05 1
8.583824e-06 1
3.712651e-06 1
1.005773e-05 1134
5.304566e-06 3
1.781677e-06 1
6.427773e-06 1496
3.383239e-06 1
1.977438e-05 1
2.792730e-07 3
5.114796e-06 2
7.397535e-06 1
2.001069e-06 2
4.244132e-07 3
6.836818e-06 1
7.944190e-07 6
2.090205e-05 1
2.983335e-06 1
4.183251e-06 1
7.358258e-06 1
5.981433e-06 1
1.396917e-05 1
9.149264e-07 1
5.264040e-08 22862
8.144469e-06 1
4.227557e-05 1870
8.114461e-06 1
7.228513e-06 1
3.642035e-05 5
2.380716e-06 1
6.560452e-06 1
1.023559e-05 1
9.091704e-07 2
4.994374e-06 1
8.043492e-06 1
9.326006e-06 1
6.549546e-07 1
7.014307e-06 2
2.700583e-06 142
3.074469e-05 3
2.303139e-05 1
3.385677e-06 2
2.888100e-06 2
5.235026e-06 66
3.213998e-05 51
2.291640e-05 3
3.020266e-05 1
1.286624e-05 1
1.356858e-05 1
1.831080e-07 62449
5.549544e-06 1
1.641471e-05 307
8.732421e-06 3
3.027369e-05 1
3.220514e-06 1
8.588722e-06 1
9.783303e-06 2
2.738915e-06 1
1.782680e-06 1
3.048010e-06 203
1.361004e-05 3
8.210022e-06 1
1.049883e-05 2
1.215424e-05 3
6.545643e-06 1
8.760689e-07 132
2.887017e-06 3
7.682482e-06 1
1.212578e-05 1
4.576766e-05 1
4.452234e-06 1
2.186635e-05 2
2.953789e-06 2
2.312185e-05 1
1.061879e-05 1
1.989242e-07 1
1.417761e-06 1
8.648139e-06 6
3.457434e-06 3
2.033649e-06 3
4.473266e-05 46578
5.945147e-07 1349
1.822378e-05 3
1.387293e-06 1
2.760631e-05 222
1.360600e-05 1
8.383635e-06 1
7.376371e-06 1
6.336158e-07 2
6.116868e-07 65
5.573149e-06 7
1.987969e-06 1
7.868603e-06 1
9.116831e-06 1
1.469995e-05 2
4.102710e-06 4
9.892192e-06 5
8.337759e-06 1
9.237748e-07 1
1.324169e-05 1
5.877227e-06 141
8.132369e-06 5
8.225228e-08 1872
1.024997e-06 4
1.512637e-05 2
9.557563e-06 2
7.134143e-06 1
3.701570e-08 34
1.943534e-06 1
1.428020e-05 1
2.460491e-06 6
2.669870e-05 3
2.743695e-06 4
1.736324e-05 537200
9.236641e-06 4
1.242170e-05 1
1.839934e-06 2
3.107478e-06 1
3.185115e-06 1
7.128077e-06 1
3.620406e-06 1
1.598824e-05 3
3.384337e-06 1
5.672217e-07 2
1.258898e-06 13734
1.238844e-05 1
1.956216e-05 3
1.356443e-05 6
2.415377e-06 1
1.152840e-05 1
2.769501e-06 1
2.126798e-05 213
3.161739e-08 3
9.428316e-06 4
5.800889e-06 3
4.781993e-08 1662
7.195825e-06 985
7.239216e-06 1
4.398904e-06 1
8.513776e-06 1
5.270880e-06 2040
4.140181e-06 1
1.968942e-05 2
1.890258e-05 1
1.074716e-05 1
4.771730e-06 1
7.732619e-06 3
1.476948e-05 1
1.518811e-05 1
1.294260e-05 1
7.817350e-07 2
6.010874e-06 1
1.603065e-05 1
1.080782e-05 1
1.005150e-05 2
2.096162e-06 3
2.911141e-06 613
3.086371e-06 87
2.989095e-06 1601
1.416683e-06 4
6.830233e-06 3
2.107498e-05 1
1.556806e-05 220
4.411028e-06 7
4.532009e-06 1
4.030485e-08 1
6.397140e-06 2
2.518763e-06 1
1.668673e-05 3
1.076020e-05 1
2.398361e-05 1
9.540042e-06 1
2.580422e-05 1
1.270370e-07 1526
1.917638e-06 53416
2.636378e-05 260
1.719802e-05 1
1.135311e-05 1
2.510201e-05 1
8.272799e-06 4
3.365938e-06 1
1.927800e-06 172
6.577045e-06 212
1.103317e-05 1
2.101319e-05 1
2.527637e-05 28
1.532894e-06 6
3.037444e-06 1
2.145214e-07 174
3.233100e-05 1
5.195584e-06 1
8.451596e-07 3
1.310773e-05 1
2.999583e-06 19226
1.640703e-05 1
3.701785e-05 52
1.222616e-05 1
2.072718e-06 1
1.623042e-05 1
8.811632e-06 3
2.680457e-05 1
2.483276e-06 1
3.118958e-06 5
1.512959e-05 1
1.734866e-05 2
3.172604e-06 5
7.176585e-07 1
2.457373e-06 1
4.140803e-06 1
2.002674e-05 1
2.202943e-05 1
1.074992e-06 1
2.563516e-05 1
1.046983e-05 58977
1.161193e-06 3
1.785849e-06 1
3.191227e-05 1
7.195148e-07 2
3.173959e-05 4
5.139655e-06 1
4.193019e-06 111
4.467901e-06 1
8.321737e-06 3
1.192302e-05 1882
6.756084e-06 1
5.060293e-06 1
1.553663e-05 1
1.265715e-05 8417
4.743670e-06 1
3.711294e-06 2
2.873287e-05 2062
2.154967e-07 3
2.735546e-06 1
1.745306e-06 1519
4.731458e-06 1
1.986319e-06 3
1.121643e-06 1
1.409402e-05 1
4.772645e-06 2
8.140115e-06 4
2.965702e-06 1
3.945596e-07 2
8.726433e-06 1
1.191261e-06 78
9.765795e-06 5
8.474065e-06 3
5.562796e-06 1
3.458905e-06 1
4.041201e-07 373
1.000057e-05 3
1.366870e-05 1
1.422493e-05 7
6.673864e-06 1019
9.530384e-06 43832
2.388162e-06 1
9.467136e-06 1
1.753687e-05 169
4.112182e-06 6
5.757588e-06 3
2.497196e-06 3
8.717893e-06 1
9.223008e-07 2
1.607260e-05 2
5.657262e-06 4
9.022096e-06 3
7.177545e-06 1
3.521358e-06 5
9.792202e-06 1
2.746622e-05 1
1.025771e-05 1084
1.456803e-05 3
2.639970e-05 1585
1.266227e-05 36
1.297862e-05 1
2.003343e-05 1
1.921911e-06 1
1.345800e-05 1
8.342402e-06 1
8.047704e-07 1
3.410591e-06 1
1.567552e-06 295
1.151226e-05 1
9.592408e-07 3
4.550135e-07 1
1.136047e-06 240
4.797627e-07 6053
6.544954e-06 119
1.582650e-06 2
1.896190e-06 1
2.712745e-06 2
1.115359e-05 1
2.095056e-06 1201
3.195228e-06 7
9.167634e-06 1
1.045881e-06 6
5.671783e-05 1
2.501958e-05 3
1.889847e-06 1
2.995880e-05 1
4.089624e-06 1
6.848751e-06 7
1.728668e-05 1
4.256417e-06 2
1.431565e-05 5
3.130622e-05 2
1.928806e-05 1
2.665357e-06 1
1.307621e-05 468
3.873642e-07 2
4.774773e-06 13
2.211066e-06 479
6.462577e-06 6
1.191404e-05 1
1.103952e-05 1994
4.797810e-07 4
6.956327e-06 6
9.182852e-06 5
1.423691e-05 2
2.286132e-06 2
1.072588e-05 3
1.094196e-06 6
1.021443e-05 1
1.284878e-05 1
9.082522e-06 1
3.658073e-06 1
1.336759e-05 1
2.085731e-05 1
2.046295e-05 1
2.814449e-05 1
4.522876e-05 1
3.075139e-08 1
1.060052e-05 1
5.572786e-06 7
2.042688e-06 1
2.933028e-05 1
1.049429e-05 147
6.158294e-07 198
2.741371e-05 1
1.644252e-07 3
8.733625e-06 3
1.010444e-05 6
2.784543e-05 2
9.847606e-06 1
4.451353e-06 189
5.795371e-07 1
3.293997e-06 5
1.920596e-06 3
4.623417e-06 46235
9.928905e-07 1
1.541250e-05 1
1.108176e-05 1
5.746117e-06 2
1.688225e-05 1
5.649122e-06 7
3.283381e-06 3
5.655916e-06 1
1.074152e-05 1
9.382610e-06 2
1.097437e-05 1
8.852863e-06 6
1.634115e-05 1
2.345735e-05 3
1.465656e-06 2
1.013287e-06 1
2.067229e-07 1
9.396076e-06 60582
3.163808e-07 1
5.908410e-06 1
9.975744e-06 1
1.187228e-05 1
7.636105e-06 1
8.867939e-06 1
2.055064e-06 1
8.342726e-06 4
2.289303e-06 181
1.064564e-06 1
4.018165e-05 1
4.700312e-06 6
4.703262e-07 1
9.224616e-06 1
6.857527e-06 1
5.174425e-06 1
8.141244e-06 2
9.332915e-06 1233
1.033019e-05 1
3.316551e-08 2
8.856664e-06 1
1.333661e-05 1
4.708039e-06 3
3.401924e-05 1
4.861147e-06 1
1.311451e-06 1
1.817202e-06 1532
1.310509e-05 1
1.938939e-05 1
2.553267e-06 6
5.789850e-06 1
7.595408e-06 1
7.716281e-06 1
5.121977e-06 2
1.316994e-05 2
3.785939e-06 1
2.516381e-06 1
5.031185e-06 732
1.497115e-05 1
2.125758e-06 1
6.608238e-06 68
1.445783e-06 1
5.274967e-06 1
9.620426e-06 2
1.092655e-05 3
4.763349e-06 1495
1.479047e-05 4
5.127458e-06 6
2.758490e-06 2
1.529303e-05 14668
1.256991e-05 995
9.691961e-06 24003
5.019103e-06 1
8.106996e-07 1
3.369708e-06 1
6.929512e-06 117
7.777703e-06 1
8.853271e-06 1
5.575854e-06 1
2.040375e-06 3
2.048711e-06 7
1.670675e-06 1
4.424458e-06 199
4.446294e-06 1
1.049445e-05 4
5.553935e-06 4
9.910071e-06 1
1.908224e-07 1
1.014631e-06 1
1.865796e-06 1
2.435727e-06 1
7.779148e-06 72
5.135003e-06 1
1.086205e-05 1946
2.705606e-07 1
5.118207e-06 1
4.604689e-06 1
1.628537e-05 961
1.044814e-05 1
2.141034e-05 6
8.704876e-07 1
3.482052e-06 2
3.566181e-06 332
9.215644e-06 1
3.618482e-06 84
4.810025e-07 1232
4.065317e-06 1
1.035957e-05 3
3.661661e-06 1
1.300124e-05 1
5.373342e-06 259
2.012522e-05 1
3.337614e-06 5
1.524586e-05 2
5.603774e-05 1
1.005484e-05 3
1.310492e-06 256
1.323275e-05 1
6.361491e-06 1280
8.014903e-06 1
3.176054e-06 3
1.754755e-05 1256
1.391457e-05 1
1.635649e-05 2
3.106270e-06 1
3.630912e-06 2
8.185430e-06 3
4.008896e-06 354322
1.882343e-05 48934
1.078007e-05 1
2.687772e-05 3
1.368970e-05 2
3.768175e-05 1895
4.511886e-06 1
3.532746e-07 3
1.419668e-05 7
8.916265e-07 260
2.058406e-05 545
1.012324e-05 7
6.255047e-06 1
3.321811e-05 1
4.358448e-06 1
1.632510e-05 383337
1.402511e-05 21506
2.743242e-06 1
3.748285e-05 1
1.934599e-06 1
8.042457e-06 1
1.690101e-05 1
5.150354e-06 1
9.029143e-06 1
1.631954e-05 77
1.976580e-06 3
4.235571e-06 1
3.559710e-05 1
1.926924e-06 4
1.221358e-06 7
2.449358e-05 3
5.641491e-06 1
4.650982e-07 3
2.534271e-05 1625
7.965885e-06 197
1.658423e-05 2
7.672564e-07 1
5.272011e-06 1
1.359060e-05 1
1.186193e-05 1
1.328071e-06 446154
6.063596e-06 1
3.037809e-05 7
4.738679e-06 1
2.090522e-06 26469
6.127829e-06 5
3.648937e-06 1
1.166095e-05 2
7.796522e-06 3
3.748185e-06 1
8.409333e-06 3
2.136352e-05 2
9.154448e-06 1
5.522234e-06 3
4.321527e-07 1
2.509810e-06 1
1.445601e-05 242
4.342220e-06 1
5.896808e-06 1256
1.834332e-06 2
3.789792e-08 4
3.321599e-07 1
5.322245e-06 1
9.227072e-06 1
1.931938e-05 1
8.332680e-06 1
7.766078e-06 2
3.399132e-05 1
1.091367e-05 1
9.076211e-06 254
1.000041e-05 1
1.329985e-06 1
2.167349e-05 5
2.913128e-06 4
5.374078e-06 1
7.578978e-06 39953
2.507375e-05 103
5.787770e-07 3
7.745839e-06 3
8.195657e-06 2
1.647416e-07 1
3.724351e-06 1
2.079160e-05 285306
2.004942e-05 1
2.326013e-07 1671
2.319897e-05 6
2.321159e-05 80
2.104788e-06 1
1.919833e-05 41
9.714253e-06 3
6.159551e-07 1
3.207654e-06 1
2.966141e-05 1
5.878291e-06 1
7.300730e-06 1
3.481947e-06 2
7.251053e-06 1
1.395578e-05 1
3.190239e-06 2
3.592007e-06 22987
3.497532e-06 2
1.423845e-05 1
8.741184e-06 1
4.426472e-06 1
1.102768e-05 1
6.438264e-06 57337
5.634048e-06 2
1.714390e-05 49281
8.022120e-06 1
8.492337e-06 1
3.528937e-05 1
2.459111e-07 2
6.163212e-05 3
3.765118e-07 1
1.729607e-05 1
2.280459e-05 3
4.036336e-06 1
1.319198e-05 1
3.007380e-05 92
1.287500e-05 208
1.282881e-05 1
4.351162e-06 1
2.166671e-05 258
1.945355e-05 2
1.429546e-05 2
8.150908e-06 2
1.132817e-05 2
9.484894e-06 2
1.209062e-05 2
2.684655e-07 1
2.619336e-06 1
8.407611e-06 1
2.888936e-07 1
1.804026e-05 7
4.703337e-06 1
6.455563e-06 2
1.607117e-05 1
2.256225e-05 1
5.870849e-07 3
1.942617e-05 1
4.950875e-06 1
1.530938e-06 3
1.238856e-05 1
5.209078e-07 1
6.086611e-07 1
2.509507e-06 2
1.097073e-06 1
9.886455e-06 1
1.260353e-05 5
2.118777e-05 3
1.522782e-05 2
1.260725e-06 1
2.062207e-06 1
9.320542e-06 6
1.354737e-05 5
5.066660e-06 1
1.137446e-05 1
1.074443e-05 1
1.794526e-07 1
5.739548e-06 1
1.575835e-05 1
1.074401e-05 4
5.226443e-06 238
1.097344e-06 1
6.015883e-06 1
6.571939e-06 1
4.259979e-06 6
3.856879e-05 1
2.690921e-05 1
2.487964e-06 1
1.581689e-08 56418
1.079939e-05 1
4.098689e-06 1
6.124526e-06 1
2.952810e-06 140
7.531625e-06 1
3.606196e-06 3
5.548538e-06 1
6.433843e-08 60790
5.546511e-07 1
2.619913e-05 3
2.835212e-05 3
4.978074e-06 1
2.553212e-05 6
7.349173e-08 3
5.503733e-06 1
9.999290e-06 1
7.660295e-06 168
1.566267e-05 1
1.165716e-05 3
1.221929e-05 767
1.584954e-06 1
7.538578e-06 1
1.138377e-05 1
6.203789e-06 1
2.377588e-06 2
1.086215e-05 1468
1.919324e-05 1
8.369700e-06 5
3.365811e-05 5
1.893083e-05 6
7.251005e-08 1
2.510484e-05 1
8.064433e-06 1
3.531782e-06 1
4.019807e-06 2
3.146610e-06 2
1.190644e-05 7
2.024062e-06 61
1.509785e-05 1
5.424720e-06 1
4.601519e-06 1
3.776238e-07 1050
1.717397e-06 2
1.091007e-05 2
1.772435e-06 1
1.692890e-05 1
1.956145e-05 523
7.248647e-06 1
3.493824e-05 2
3.619645e-05 3
1.459083e-06 3
2.838229e-05 99
4.956094e-06 19761
5.612849e-06 1
8.007867e-06 1
2.414771e-06 5
1.476070e-05 1794
7.421827e-06 7
4.722658e-06 4
2.494159e-06 1624
2.822577e-06 1
3.579340e-06 4
1.591221e-05 5
4.719251e-06 6
6.466539e-06 1
2.872979e-06 1
7.080958e-06 179
7.672342e-07 1
2.595435e-07 2
1.803461e-06 5
1.869741e-06 29
1.932003e-05 6
1.562973e-07 1
1.149195e-05 3
5.645207e-06 5
1.054603e-05 1
1.374691e-06 90
2.845397e-05 5
6.884766e-06 6
7.021914e-06 1
8.546356e-06 6
1.960674e-05 1
1.300365e-06 1
4.709479e-07 1785
4.257368e-06 2028
1.356272e-05 987
1.354407e-05 2
3.422122e-06 1
1.326563e-06 3
6.000767e-06 8762
9.026098e-06 4
2.130258e-05 1
3.329420e-06 1
5.524770e-06 3
5.131772e-06 47485
2.649283e-05 1064
1.320779e-05 1
1.907527e-06 3
4.459990e-05 2
8.542600e-07 1
1.713871e-05 28607
1.888505e-05 6
4.126147e-06 1
2.197337e-06 1
1.370552e-07 1
1.091143e-06 7
7.160067e-06 1
1.995300e-06 1
1.869654e-05 1
2.060830e-05 151
1.278085e-06 1
1.042360e-05 5
9.522028e-06 65830
3.968511e-06 1
2.119960e-06 4
1.963046e-06 1
4.337880e-07 1
1.121169e-05 1
5.526679e-06 916
1.873926e-06 2
1.232181e-06 3
4.132389e-06 2
1.132779e-05 1
5.012247e-07 1
4.566112e-06 1
7.481903e-07 1
2.127676e-05 2
2.653834e-05 1043
1.922816e-05 1
3.048673e-06 1
1.761752e-06 934
5.856789e-06 1
1.589276e-05 220
8.182088e-06 5
2.005577e-05 17079
1.857940e-05 1
5.868798e-06 3
1.475108e-05 7
1.727683e-06 2
3.231696e-06 2
1.528759e-05 15034
6.449201e-06 1
3.087529e-06 1
6.341681e-06 7
3.617046e-07 1
4.177621e-06 1
2.014437e-06 1
3.274734e-05 2
1.429305e-05 2
9.147062e-07 1
1.890699e-07 1
5.622240e-06 3
1.363395e-05 10133
2.382089e-05 3
2.862809e-05 3
1.709620e-05 1
4.835726e-06 1
1.023165e-05 7
6.483191e-06 6
1.957286e-05 1
3.427000e-06 1
3.177108e-06 84
1.933639e-05 3
2.288614e-06 147
1.691259e-05 1
1.588317e-06 1
2.072812e-06 1
9.257935e-06 1
8.954515e-06 1
4.736094e-06 7
1.376007e-05 1
7.656619e-07 3
1.711459e-05 1
4.279802e-06 1
2.929716e-06 1
1.438623e-05 216
9.369669e-07 2
1.221114e-05 306
1.648102e-05 6
3.105979e-06 11
2.777785e-06 1
2.561927e-05 1
1.384705e-05 4
1.344673e-05 1
1.710058e-06 1
1.316876e-06 51
8.712994e-06 1
3.492679e-05 42
2.400145e-05 3
4.742225e-05 7
7.215694e-06 3
6.572009e-06 3
1.076021e-07 2
3.023355e-06 5
1.093628e-05 1
3.801602e-06 1
3.748745e-06 3
2.984292e-05 1
5.088764e-06 3
1.955747e-06 1
3.111785e-05 1
1.498058e-06 167
3.527399e-06 3
1.576929e-05 1
1.074995e-06 202
7.166188e-07 1
9.227957e-06 256
9.717549e-06 2
7.886733e-07 1
7.973183e-07 1
1.619037e-06 110
6.019636e-06 7
5.310410e-06 1
4.027253e-05 1
5.792466e-07 1
6.072907e-06 58658
4.312048e-06 1
1.411843e-05 1
5.006853e-07 1
2.299489e-06 6
3.822981e-06 1
2.823977e-05 1
1.095423e-05 6146
1.909153e-06 3
2.633100e-05 3
2.380521e-06 1
1.814989e-06 1
1.453115e-06 1
6.918595e-07 1
5.370910e-06 1
1.123124e-05 256
6.357489e-06 6
3.634130e-06 1
3.621672e-06 2
4.463757e-06 1
7.939878e-07 4
1.195570e-05 1
2.713586e-06 1
3.649077e-07 2
1.236155e-05 2
3.900079e-06 2
1.257323e-06 1
3.873286e-05 1
1.440477e-06 228
6.828335e-07 7
3.867396e-06 1
2.039900e-05 1
1.819711e-05 1
3.313379e-06 1
1.871182e-06 1
1.755794e-05 134
3.297043e-05 1
2.438202e-06 7
2.959607e-06 1
5.164123e-06 3
3.598241e-05 25071
3.471496e-05 1423
8.129900e-06 1
4.307473e-06 7
5.734181e-06 1
3.677079e-06 1176
1.557192e-06 1
9.059685e-06 1
4.312407e-06 2
2.066972e-05 1
9.881418e-07 1
7.770256e-07 1
1.599008e-05 5
1.143722e-05 3
1.183382e-05 1
2.513751e-06 1
1.511659e-05 2
4.965939e-08 1
2.142911e-06 1
3.836983e-06 1
1.456147e-05 3
2.399672e-05 1
1.114185e-05 3
2.631228e-06 2
1.918225e-06 3
7.586177e-06 7
1.835133e-05 36
1.248874e-05 1
4.644790e-06 1
1.941797e-05 1
1.284238e-06 100
2.520614e-06 1
1.754532e-06 981
5.654513e-05 3
7.560497e-06 6
1.539866e-06 2
1.194595e-05 1
6.870266e-06 1
8.471204e-06 1
1.003419e-06 7607
1.200845e-05 1218
1.688661e-05 1
1.085858e-05 83
1.922517e-05 241
1.764509e-05 1
6.147827e-06 1658
3.521371e-06 1
1.172281e-05 1
2.166107e-06 3
5.916872e-06 7
4.046244e-06 1
6.485513e-06 1
1.003252e-05 1
3.671207e-06 1
2.099987e-06 7
2.567670e-06 3
2.675180e-05 1
1.391376e-05 3
5.639901e-06 1
1.448531e-05 1
1.526125e-05 6
2.442502e-06 1
5.151672e-06 5
3.790842e-06 6
3.889747e-06 1
4.883256e-06 112
8.827414e-06 205
1.361519e-05 4
7.773839e-06 107
1.348078e-05 660
2.711436e-07 1
8.729754e-06 1
5.506994e-06 1
1.546727e-05 1
8.445051e-06 1
1.153767e-06 2
1.758979e-06 1
7.169604e-06 1558
7.910941e-07 2
7.290404e-06 1122
1.301668e-05 1
4.700101e-07 3
1.180390e-05 62
4.286332e-06 1
1.735918e-06 1
8.992606e-06 1
1.945006e-06 45765
6.477287e-06 7
9.416986e-06 1
6.488002e-06 1
1.383522e-05 57141
6.394499e-06 1
4.433957e-06 1
1.408514e-05 1
2.388188e-05 556412
6.423881e-06 1
2.802229e-06 1
7.773945e-06 1
3.206361e-06 2
1.724087e-05 2
2.026628e-05 1
3.697412e-06 1
3.316129e-06 2
8.531858e-06 1
1.562818e-05 4
4.967240e-06 85
1.122471e-05 660167
8.564720e-06 1
7.684275e-06 1
1.385398e-05 1
8.551883e-06 1
5.857047e-06 7
2.222572e-08 1
5.484294e-06 1
1.390886e-06 1
1.248871e-05 65391
1.371291e-05 714
1.440555e-05 1900
5.067541e-06 2
3.298974e-05 1
1.054048e-05 71
1.326074e-06 1
1.941590e-05 3
6.067866e-06 1
3.559327e-06 3
1.492609e-05 621135
4.111053e-06 3
1.205241e-05 227
1.112698e-05 1
2.420404e-05 2
9.148619e-07 2
9.619735e-06 76
8.383222e-06 1
1.306080e-06 3
2.055901e-05 60315
8.997204e-06 184456
1.319522e-05 2
6.009862e-07 2
2.829609e-05 3
7.257503e-06 2
7.394443e-06 1
3.563673e-05 6668
5.855433e-05 132
2.042261e-05 1
4.423714e-06 1
3.203633e-06 3
2.032905e-06 4
2.794808e-05 3
1.584680e-06 25
5.321518e-06 1
6.300638e-06 2000
3.370681e-07 2
1.163394e-06 2
1.707885e-05 1
1.130202e-05 6
2.881175e-05 55
2.775104e-06 1
1.967076e-06 2
1.652942e-05 1
1.045488e-05 2
1.688725e-06 1
3.113493e-06 1
7.418653e-07 753
2.140900e-05 5
1.855624e-05 1
4.960069e-06 1
2.482938e-06 1
3.035933e-05 221
5.458583e-06 1
1.276687e-05 3
1.292386e-05 1
4.994707e-06 1
4.127702e-06 1
8.808011e-08 1
7.056548e-06 1
5.789202e-06 1
8.837076e-06 1
3.770664e-06 1
1.780270e-05 1
1.148065e-06 1
1.220758e-06 2
9.196116e-06 7
7.242488e-05 1
5.812377e-06 1
2.245535e-05 15
1.299503e-06 2
6.312704e-07 224
2.728147e-05 1
1.093167e-05 6
8.304726e-06 7
2.111354e-05 7
2.236372e-06 28654
5.422716e-07 1
2.529678e-06 1
1.225645e-05 1
5.776841e-06 2
7.847486e-06 1
2.924376e-06 1
7.276775e-07 1
7.535212e-07 1
5.984856e-05 7
1.031476e-05 2
3.002511e-06 1
3.336250e-06 1
4.629485e-06 1
1.747100e-05 1
1.712593e-05 1
1.915237e-05 1882
2.305665e-05 1
1.653788e-06 128
1.430853e-05 1
1.841797e-05 4
2.225418e-06 4
2.007154e-06 1
3.323267e-06 129
3.966071e-06 1
7.114848e-06 1
2.766328e-05 1
2.924446e-05 1
3.066798e-05 1
3.977261e-06 3
8.676575e-06 3
6.431987e-06 3
4.163081e-06 3
6.789710e-06 1
3.843935e-06 202
6.577661e-06 1
1.924365e-06 1
6.488453e-06 48698
4.214254e-06 1
5.089561e-06 1
8.837892e-06 3
2.785954e-05 1
3.131249e-06 170
1.599906e-05 2
2.415159e-05 106
2.285375e-05 1
1.399226e-05 1
7.130517e-06 1
3.033216e-06 2
4.126711e-06 1
1.413638e-05 1
9.666038e-06 1
5.915190e-05 1688
1.067660e-05 81
6.780012e-06 1
1.855247e-05 1
5.542053e-06 1
3.759073e-06 1
1.679682e-06 1
6.843518e-07 3
2.411318e-05 2
8.632633e-06 1
1.506084e-06 1
3.457120e-06 3
1.417314e-06 1775
7.796330e-06 312
8.524529e-06 7
5.140289e-08 678
5.345215e-07 1
6.757340e-07 3
1.263417e-05 3
4.846932e-06 1
1.269373e-05 1
3.549540e-06 143
2.462011e-06 208
1.378761e-05 3
3.205538e-06 1
4.384408e-06 3
4.344829e-06 2
1.535621e-05 3
3.016213e-05 90
1.663026e-06 225
5.956246e-06 3
1.215741e-05 1
2.185171e-05 2
5.773488e-06 1
3.117325e-06 1
1.020110e-05 1
4.466490e-06 1
1.714778e-05 1
1.155525e-05 1
9.177525e-06 1
2.122882e-05 1
9.160850e-06 1
8.814999e-06 3
1.615173e-07 1
4.504145e-06 1
1.537423e-06 5
