8.073950e-05 1
3.027531e-05 1
6.873326e-05 3
2.877028e-05 2049
1.768545e-04 2
1.025499e-05 1
1.076421e-05 1
2.964361e-05 2
2.025911e-05 3
1.733258e-05 3
3.318651e-05 7
1.114298e-04 1
1.080762e-04 1
6.020932e-05 1
1.749848e-04 1
4.196516e-05 1
3.301411e-05 1
1.914505e-04 1
1.407298e-05 51
1.154917e-04 3
6.692456e-05 17
2.503211e-05 1
1.008249e-04 5
1.465345e-05 1
1.107827e-04 1
1.278064e-04 7
1.342716e-05 1
1.267535e-04 4
2.414584e-04 1
1.489385e-05 1
2.644223e-06 1
9.622028e-05 15
4.092185e-05 2
1.964484e-05 6
2.118390e-05 42757
7.523927e-05 27
4.226827e-05 2
2.539700e-06 574
5.939183e-05 1
2.159132e-05 2
3.568606e-05 35036
4.813944e-04 1
3.264872e-05 3
6.878124e-05 7
2.458379e-05 3
1.305616e-04 38383
5.108194e-05 1
3.000052e-05 5
1.668218e-04 108
1.911683e-04 1
2.236925e-05 1
3.149856e-05 1
2.506957e-04 261
8.696722e-05 1
4.718588e-05 3
9.740276e-05 1
6.211264e-06 1
6.164660e-05 1
1.189412e-04 1
5.635120e-05 7
1.134617e-04 6
1.545219e-04 2079
5.365106e-05 1
2.864236e-05 1
1.868756e-04 2
4.839447e-06 1
1.245425e-04 3
4.179810e-04 40679
6.533304e-05 7
5.484164e-05 1
2.548919e-05 6
9.379862e-05 1
6.515250e-05 3
1.955416e-05 1
6.632423e-05 2
5.673298e-05 1457
3.450060e-05 1
1.189857e-05 51015
5.296284e-05 1
1.708211e-04 1
1.258212e-06 2
3.115321e-05 233965
6.754140e-05 20
2.641974e-05 1
1.387206e-04 1
4.268116e-05 1
9.608697e-06 7
9.015391e-05 1
1.940312e-04 31094
2.475529e-05 1
1.332880e-04 1
4.045884e-05 1
1.960677e-05 1
5.292774e-05 1
8.095568e-05 1
3.946855e-05 3
3.368530e-05 1
1.229226e-04 107
3.636175e-05 159
7.321880e-05 1
2.530729e-04 2
3.135173e-05 6
1.607234e-04 1
5.072241e-06 3
3.018216e-05 1
1.344236e-04 3
1.029166e-04 1
5.007597e-05 2
5.091535e-05 1
2.161838e-04 1
6.101386e-05 1
7.893427e-05 1
2.381672e-05 5
1.591036e-05 114
2.927320e-05 817
6.892127e-05 1
2.173018e-05 1963
4.512408e-05 1990
6.920543e-05 2025
9.592969e-05 1
5.251102e-05 3
6.849670e-06 1
6.152869e-05 238
6.160348e-06 1
6.226871e-05 1
4.240749e-06 1
1.546635e-04 1
1.835479e-05 1
2.693053e-04 3
1.068978e-05 2
1.020102e-04 1
8.732814e-06 1
1.103150e-04 52653
5.229710e-06 1
8.720127e-05 1
3.557244e-05 2
2.335774e-05 1
1.301581e-04 3
9.015205e-05 1726
1.172028e-05 1
3.093979e-05 1
3.224894e-05 1
1.407462e-05 2
2.323493e-05 6
5.062975e-05 214
3.522108e-06 219
1.981622e-04 3
4.146582e-05 1
1.323103e-05 1
9.823402e-05 1
2.990037e-05 1
7.536963e-05 1
1.292482e-04 2
7.186842e-05 1
4.383748e-05 1
2.411667e-05 1
4.841601e-05 3
6.095900e-05 3
2.286834e-05 1
1.443706e-04 2
4.230903e-05 1774
6.188594e-05 3
1.987089e-05 1
2.046221e-05 1
5.314769e-05 1
1.297414e-04 7
8.771631e-05 1
1.691588e-05 4
2.444018e-04 43
4.838921e-05 1
2.187629e-05 3
5.697525e-05 1
1.530495e-04 1
2.344832e-04 1
3.012587e-05 1
4.727353e-05 1
3.185830e-04 1
2.128201e-05 1
1.810200e-04 1
1.036253e-05 60437
6.934896e-06 123
1.045275e-04 2
7.888058e-05 225
6.808523e-05 1
4.091972e-05 1
1.256794e-04 1
4.831199e-04 2
1.624305e-04 1
9.120540e-06 2
9.610609e-07 3
1.285445e-04 1
1.799102e-04 351
1.509638e-05 1
1.035044e-05 1
3.954266e-05 1
4.495954e-05 1641
7.608068e-05 1
9.909057e-05 18504
1.568377e-05 1
4.033760e-06 3
3.475825e-05 1803
2.622021e-05 1
3.203459e-04 1
8.175942e-05 6
6.779143e-05 1
3.881809e-05 2
1.143692e-04 5
6.534862e-05 43391
5.787334e-05 1
4.351471e-05 1
3.873135e-05 267
3.709636e-05 1
1.140754e-04 37
1.458271e-04 1
1.473844e-05 1
4.900823e-05 1
2.158534e-05 1015
1.415871e-06 1
1.382240e-04 1
1.553550e-05 142
1.264876e-05 1402
4.253862e-05 2
1.283326e-04 1
4.484306e-05 1
8.629791e-07 6
3.572624e-06 1
3.847715e-05 1
1.715198e-04 1
1.799547e-05 7
3.434187e-05 1
1.909190e-04 1
5.540638e-05 93
1.415470e-06 21
2.247469e-05 1
2.980822e-05 1
8.907365e-05 1
3.497184e-05 2
7.319643e-05 1
4.585467e-06 6
1.521168e-05 1
5.440804e-05 6
4.254816e-05 1
1.140537e-04 1
2.534292e-05 1
2.705131e-05 2
2.929023e-05 1
1.733336e-04 2
2.809002e-05 84
1.171908e-04 2
1.169010e-04 1
1.402378e-04 1
3.106843e-05 3
8.247146e-05 1
7.625853e-05 7
9.732565e-05 4
8.408052e-06 647
1.870496e-05 1
5.821045e-05 1
5.161765e-05 1
8.263474e-06 56
3.165433e-05 35261
3.474371e-04 4
3.263989e-05 1
9.249282e-05 1
1.079428e-04 6580
1.368712e-04 2
8.358395e-06 196
2.612459e-05 1
1.139512e-04 1
1.084787e-05 1
4.049762e-05 1
2.482992e-05 3
6.959270e-05 2
7.088738e-05 31
2.102802e-04 1
1.334976e-04 58889
4.198948e-05 152
1.851245e-04 193
3.120467e-06 1
4.539482e-05 3
1.692848e-04 1
1.030492e-05 1
8.067936e-06 2
4.708757e-05 1
6.992069e-06 1
1.091608e-04 1
4.715684e-05 1
8.162376e-05 1
3.770363e-05 5
7.451676e-05 7
2.082037e-04 1
2.770576e-06 1
5.149676e-05 238
1.937966e-05 1
9.736101e-06 1
3.807224e-04 4
2.263017e-05 228
4.354452e-05 1
5.645029e-05 1
2.383983e-04 1
1.772730e-04 3
3.712357e-04 14094
9.036932e-05 209
2.548940e-05 1
4.023085e-04 1
1.002053e-04 4
5.964457e-05 75
2.137524e-04 4
1.853164e-04 5
8.604311e-05 2
1.728660e-04 3
1.960759e-05 1
1.205656e-05 1
1.791584e-04 1
3.889554e-05 3
1.148971e-04 1
1.140224e-04 1
5.318512e-05 2
1.659217e-04 1
9.289400e-05 1
7.388493e-06 3
6.059696e-05 3
6.446967e-06 1
4.737780e-06 5
3.249017e-04 3
3.152553e-04 1
9.537361e-05 1
3.228395e-05 3
1.158189e-05 1
5.945356e-06 1
5.003710e-05 1
1.610045e-05 4
9.062465e-06 11355
4.853762e-04 148
1.141156e-04 51
6.643724e-05 6
3.389255e-05 1
1.200637e-04 3
2.969864e-05 238804
3.267272e-04 2
1.053273e-05 3
3.241065e-05 4
1.218187e-07 1
3.230322e-05 1
1.563468e-05 1
3.963631e-05 1
2.659560e-05 4
4.408366e-05 171
1.171153e-04 1
4.817567e-05 3
1.402319e-04 1
4.355256e-05 1
5.654984e-05 6
3.125273e-05 1
5.641076e-05 49182
5.442918e-05 1555
2.283107e-04 3
3.097823e-04 5
2.651564e-05 7
3.728982e-04 2
7.959998e-05 1
2.143435e-04 6
4.143868e-05 2
8.275447e-05 17419
3.144046e-05 55
5.787927e-05 1
4.930332e-05 1
1.414812e-04 1
6.663329e-06 1627
1.763759e-04 3
1.448148e-04 1
5.347760e-07 1
1.233651e-04 1
2.715566e-04 212
6.087433e-05 2064
9.900771e-05 3
7.668984e-05 1
6.262472e-05 1
1.224507e-04 299
1.467203e-05 1
1.026782e-04 1
1.063562e-04 3
1.302357e-04 2
2.238407e-06 3
6.585409e-05 1
2.382262e-05 1
1.189946e-05 1
2.422208e-04 3
4.981030e-05 1
8.966983e-05 1
2.830567e-05 3
1.185213e-05 2
5.093914e-05 3
5.625296e-05 1
6.067933e-06 1
7.743312e-05 1
3.225503e-05 1
1.082536e-05 1
1.283009e-05 1
1.003266e-06 4
1.402410e-04 3
8.935871e-05 2088
3.093079e-06 3
2.303503e-05 1
1.092536e-04 1
2.452193e-04 142
4.765303e-05 155
1.572458e-04 221
2.067050e-04 1
6.534111e-06 1
1.203049e-05 2
1.761844e-04 3
2.032935e-04 1
4.728877e-05 1
4.724306e-05 2
1.640549e-04 3
4.711193e-05 1
5.035135e-05 1
8.858243e-06 1
1.371134e-04 1
2.641294e-05 1
3.882733e-05 1
9.301550e-05 1
7.440866e-05 1
5.792724e-05 1
2.692706e-05 1
4.594924e-05 1
6.638986e-05 2
7.637340e-05 1
1.378363e-04 1
7.389284e-05 3
7.055581e-05 3
7.256739e-07 2
5.888172e-05 43480
1.148963e-04 1
2.714137e-05 1
1.584045e-04 2
2.529222e-04 185
1.173848e-04 1
2.638365e-04 1
1.147981e-05 5
1.397761e-04 1
1.633048e-05 1
3.691332e-05 1
5.532188e-05 2
1.623470e-04 1
8.897797e-05 741
5.052918e-06 2
2.794314e-05 2
9.021657e-06 1
2.268152e-04 1
8.949571e-05 2
1.952735e-04 3
1.012880e-04 1
4.925124e-05 3
9.107686e-05 1
3.314105e-05 1
1.814805e-05 1856
2.063731e-05 1
4.084772e-05 6
9.077729e-06 2
4.385525e-05 2
8.630601e-05 1
2.534223e-05 1
1.158488e-04 1
8.212203e-06 1
1.180901e-05 627
1.699127e-07 1
1.640850e-04 1
4.522640e-05 39961
1.338163e-05 1
1.938254e-04 1
1.836941e-05 157
1.331651e-05 442
2.581335e-05 1
4.896475e-05 1
1.981446e-04 1
3.519697e-06 234
1.491986e-05 7
1.393857e-05 1
5.212375e-05 6
3.581349e-04 1
4.589328e-05 1
1.329792e-04 3
1.611485e-04 3
3.101370e-05 211
6.866240e-06 1
7.478435e-05 1
1.235815e-05 1
6.684941e-05 1
2.078328e-04 4
5.699993e-05 5680
7.854836e-06 2
1.036912e-04 1
1.199052e-04 3
2.897245e-05 57
7.577656e-06 1
3.976164e-05 274
6.350893e-05 184
3.548946e-05 1
7.275214e-05 1
6.002043e-05 7
1.475979e-04 110
3.086602e-05 1
3.727704e-05 1
2.645460e-06 1324
3.674239e-05 3
6.085705e-05 1
5.833284e-05 1
1.560527e-05 1
6.342934e-06 2
3.244427e-05 56622
6.607336e-05 1
9.071120e-05 7245
2.972379e-05 1
3.379165e-05 1
8.309757e-05 1
1.270361e-06 1
9.042649e-05 1
1.250068e-04 1
3.657308e-05 1
4.961819e-05 5
5.033063e-06 2
1.385749e-04 1
1.546076e-04 1
6.836058e-05 1
1.927613e-04 1
1.276935e-04 27005
6.382307e-05 2
1.855965e-04 1
6.657664e-06 43602
9.711865e-05 1
2.023170e-04 1
8.829049e-07 2
1.918756e-04 1
1.410907e-04 1
2.401391e-05 1
3.656222e-05 225
2.302578e-04 1
3.440895e-05 1
2.436592e-05 1
1.542306e-04 225
1.023445e-05 2
5.027844e-05 1
1.540598e-05 155771
1.354604e-04 1
7.075029e-05 2
1.714254e-05 1540
6.227266e-05 50
1.280071e-04 1
1.705038e-06 1
6.261378e-05 3
3.654780e-05 2
4.700101e-05 1
5.202548e-06 1
3.696247e-05 1342
8.019141e-05 175
7.518307e-05 2
1.139921e-04 2
1.045143e-05 3
1.101751e-04 222
3.044458e-05 228
2.349262e-04 62217
1.374562e-04 1
1.401410e-04 1
3.238606e-06 1
2.217298e-05 1
7.915941e-05 1
9.922795e-05 1
8.870118e-05 6
3.002740e-06 1
4.457896e-05 1
4.927581e-04 1
5.873732e-05 1
3.122175e-05 1
1.669222e-04 151
2.178710e-04 1247
1.255093e-05 3
2.521345e-04 944
4.614846e-05 1
7.333374e-05 33021
1.054868e-04 1387
1.412016e-04 1
4.317953e-06 1
9.731338e-05 1
7.088248e-05 246
1.109726e-04 3
5.673447e-05 1
1.284264e-04 1
9.862496e-06 7
2.284967e-05 49
8.008388e-05 610
3.056863e-05 1
1.623527e-04 1
3.975869e-05 96
3.847319e-05 3
1.314745e-04 3
3.455667e-05 1
2.116539e-07 3
1.235484e-04 764
7.480589e-05 1
5.051424e-05 7
3.304003e-04 1
2.240372e-06 1
2.364568e-06 1
2.676956e-04 3
4.106194e-05 1
3.877523e-05 3
2.215403e-05 258
1.142985e-04 2
1.443645e-04 1
7.283906e-05 1
6.938187e-05 4
7.822515e-05 149
1.723397e-05 1
3.775974e-05 2
1.265847e-05 189
8.665055e-05 1
5.970648e-05 3
1.252602e-04 201
1.084370e-04 3
9.371817e-06 1
5.243569e-05 1
9.801434e-05 1
3.093857e-06 1
1.396852e-05 7
1.101797e-04 265
7.196196e-06 1
1.850621e-05 1
4.249078e-05 183
1.554366e-04 140174
3.730469e-06 3
1.441541e-04 1
2.022375e-04 242
2.807754e-05 3
1.509854e-04 131
8.767362e-05 5
4.434793e-05 207
4.292349e-05 1
7.465445e-05 3
2.107785e-05 5
4.663970e-05 3
1.065222e-04 4
1.718130e-04 1
5.028183e-05 2
1.097380e-04 1
7.587494e-05 1
1.146577e-04 1
3.090858e-05 5
5.416454e-05 1
2.984141e-05 24052
4.025320e-04 4
4.331449e-05 1
1.904701e-04 1
1.089759e-04 1
6.742936e-05 180
3.221666e-06 7
2.174652e-05 3
3.985977e-06 1
4.349338e-05 1
4.425924e-05 5
9.254030e-05 1
9.946386e-05 46
1.485947e-05 1
1.053783e-05 140
2.218291e-04 2
1.990273e-05 3
1.261652e-04 1
1.311366e-05 4
6.900283e-05 2
2.036543e-04 1
3.219147e-04 1764
1.113335e-04 3
1.305642e-04 1
4.573663e-04 122
6.701084e-06 1
9.707765e-05 2
3.804761e-05 199
4.719882e-06 1
3.221879e-05 16107
1.004531e-04 1
5.266706e-05 7
1.880152e-05 1
1.271386e-04 1
1.250408e-05 1
5.920041e-05 1
8.769100e-06 1
2.099199e-05 2
2.553473e-05 1
2.382494e-04 3
4.212643e-05 134
1.525239e-04 1
6.604515e-06 7
3.229025e-05 1
8.674404e-05 1
4.673682e-05 3
6.826419e-05 179
9.323259e-05 2
4.151680e-05 1
2.034608e-05 2
2.604162e-04 171
8.182474e-05 178
2.212656e-04 1
9.126450e-07 1
1.648123e-05 2
1.487409e-04 1
1.638740e-04 1
2.049796e-04 1
1.811498e-04 239
1.087373e-04 18883
1.263007e-04 148
3.632779e-06 1
2.735570e-06 51
2.915436e-05 2
4.817185e-05 4
1.490796e-04 1969
1.672651e-05 1
8.699514e-06 1
4.622984e-05 17
1.949963e-05 1
1.986357e-05 1
3.737597e-05 1
1.179717e-05 633
2.738792e-05 3
2.696197e-05 6
9.083151e-05 31
2.319734e-04 526
3.352730e-04 1
8.951973e-05 6
3.632942e-05 1
1.384816e-04 1
4.207748e-05 1
8.322398e-05 6
1.055674e-04 1
6.192009e-05 3
4.803514e-05 1
2.644926e-05 92
3.428370e-05 2
7.854104e-06 1
7.995572e-05 2
8.472899e-06 34566
4.380026e-05 1
1.597610e-04 7855
2.673021e-06 6
8.602307e-05 3
3.419253e-04 1
8.528370e-06 1
9.960053e-05 1984
6.623013e-05 1
2.921362e-05 2
1.929296e-06 100
6.006231e-05 267
1.602595e-05 1
3.067247e-05 1
5.504954e-05 3
3.639877e-06 1
2.175366e-04 1
1.445194e-06 1
9.098003e-05 72
1.888352e-04 1
2.894905e-05 6
3.936138e-05 1
7.469081e-05 2
3.991943e-05 1
9.929389e-05 1
1.028439e-04 608
6.339273e-05 1
1.983905e-05 1
3.000768e-05 1
6.949945e-05 1
2.131498e-04 1
3.123104e-06 1
1.991380e-05 2
6.117119e-05 1
7.945135e-05 1
1.275524e-04 1
1.971084e-05 2
2.212982e-05 173
5.321402e-05 3
1.651364e-05 5
2.088626e-06 2
2.319555e-05 3
1.148880e-05 7
7.339952e-05 1
1.008211e-05 4688
1.620264e-04 1
4.718365e-05 1
4.865518e-05 1
2.573784e-05 5
2.020776e-04 3
4.195126e-05 1
6.538270e-05 1
2.344945e-05 1
1.100680e-04 2
1.212500e-04 3
1.173521e-05 289311
5.140099e-05 211
8.443627e-05 1
4.241941e-05 256
3.941139e-05 609
6.056871e-05 1
3.248209e-05 96
1.107524e-06 1
1.577351e-05 18
2.895448e-04 1
2.529991e-05 1
5.023926e-06 2
1.605995e-04 1
4.172799e-05 1
3.146484e-05 1
7.843744e-06 187
1.509145e-04 1
9.417847e-06 7
2.982493e-05 1
5.902887e-05 1
1.243838e-05 1
1.323779e-04 1
1.348560e-04 1
4.948446e-05 1
4.046083e-06 1
5.451895e-05 1
4.291194e-05 1
3.822591e-04 1
3.578863e-06 3
7.115240e-05 1
1.512052e-04 3
1.055142e-04 4
3.377246e-05 59631
1.987653e-04 1
5.600013e-06 234
6.038227e-06 1
1.875500e-04 4
1.988965e-04 1
3.060761e-05 1
7.526354e-06 6
2.111383e-05 34
5.093461e-05 2
6.873262e-05 2
2.958965e-04 1
2.724316e-05 310652
3.472769e-04 1
1.016299e-04 7
8.231940e-05 4
2.077357e-04 1
1.807822e-04 2
1.740862e-06 1
9.893388e-05 1
1.493645e-04 39429
2.297669e-04 1
2.729178e-05 2
1.050179e-04 3
1.096794e-04 309
3.889665e-05 1
3.412960e-05 1
1.496838e-04 1
8.664669e-05 6
3.380234e-04 161
5.114205e-04 1
7.536046e-05 3
2.155055e-04 1
1.813556e-04 1
8.970386e-05 1
1.065434e-04 7
1.136678e-05 1
1.130121e-04 1
2.859862e-05 2
6.915192e-05 1
1.893502e-05 2
6.321805e-05 1
3.321008e-05 1
6.985394e-05 1
1.840762e-04 1
5.256157e-05 1
2.476405e-05 1
8.518588e-06 1
6.009283e-06 2
2.003455e-04 1
2.026558e-05 1
1.276042e-04 1
3.239641e-04 2
1.060462e-04 482
4.086412e-05 1
3.773389e-05 1
9.893789e-05 153
2.613642e-04 5
1.084381e-05 2
1.402040e-04 178
1.363625e-04 1
7.483859e-05 148
4.574938e-05 1
1.146862e-04 2
6.403694e-05 1
2.964260e-04 80
1.918737e-05 7
1.301652e-04 71
3.593909e-06 2
1.940725e-05 1
1.016020e-04 1
6.274639e-06 3
2.774920e-04 1
9.176183e-05 1
1.175722e-04 2
1.105202e-04 488493
7.173121e-06 4
1.738528e-04 1
1.098866e-04 4
4.838501e-05 289580
8.398610e-05 1
1.170446e-05 4
2.166256e-04 1
5.062932e-05 2
8.287798e-05 1
5.843429e-05 7
1.034862e-04 6
4.090785e-05 1
1.273332e-04 28967
1.572702e-05 3
4.006076e-06 2
1.993234e-04 1
7.367303e-05 2
5.818701e-06 46774
1.071867e-05 2
1.654604e-05 2
1.610755e-05 1
9.628266e-05 1
4.577942e-05 3
5.258372e-05 1
1.552570e-05 1
1.473770e-04 1
1.629939e-05 336
3.889223e-05 7
4.676490e-06 3
1.388156e-05 2
2.750769e-05 7
1.102997e-05 1
8.752056e-05 3
1.479822e-04 1
6.957862e-05 1
2.494643e-05 1
4.108695e-04 74
1.427618e-05 105512
3.416068e-05 1
1.781531e-04 873
7.198248e-07 2
2.427970e-04 2
2.294344e-05 1
6.385585e-05 1
9.146026e-05 1
8.608758e-05 13
3.715540e-05 1
9.675846e-06 3
3.383052e-06 1
6.549790e-05 102
8.280053e-06 1
2.134372e-05 1
2.412884e-05 1
3.809777e-05 1
2.746611e-04 53449
1.223138e-04 1
1.416457e-04 2
8.750284e-05 1
3.773030e-05 1
3.024687e-05 2
3.161432e-04 2
2.667029e-05 3
6.142914e-05 1
6.134422e-05 1
1.615824e-04 3
1.120233e-04 2
6.160478e-05 3
5.697326e-05 1
1.831891e-06 1
4.111528e-05 17
9.894189e-05 1
1.119188e-04 1
8.763241e-05 1
1.177898e-04 1
3.245978e-05 25
2.793938e-05 3
1.196769e-05 1
6.100007e-05 1
2.671098e-05 2
1.612968e-04 5
9.444729e-05 1
2.172429e-04 7
1.446549e-04 15013
5.418671e-05 1
1.181678e-04 6
2.463029e-05 163
6.398761e-05 1
1.836828e-04 1
2.718016e-05 126
1.492234e-05 3
2.199127e-05 3
1.354163e-05 1
4.406007e-05 1
1.711682e-04 1
2.219457e-04 1
4.048634e-05 6
1.384711e-04 3
6.382260e-05 1
3.712923e-05 238
4.118929e-05 159
1.115310e-04 1
3.283274e-04 1
8.989040e-05 1
4.172735e-05 1
9.149285e-05 6
7.356673e-05 1
6.788236e-05 1
2.579589e-04 1610
3.669532e-05 1
1.440791e-05 1
4.338830e-06 2
7.410467e-07 1
3.077302e-05 1
1.320257e-05 6
1.342642e-04 3
4.289480e-06 1
1.590812e-04 1
3.626410e-07 1
3.851769e-05 1
1.677157e-05 6
5.124453e-05 3
5.751127e-05 5
1.936943e-04 1
1.110197e-04 2
9.443925e-05 3
9.301172e-05 3
7.727729e-05 1
8.031062e-05 1
3.905163e-05 1
1.999608e-05 348
2.876428e-05 1
6.737186e-05 1
1.504618e-04 3
1.302457e-04 2
1.402195e-05 2
2.242254e-04 42815
6.932843e-06 3
5.689426e-05 24923
2.815950e-05 1
6.443931e-05 1
1.438851e-04 1
1.425535e-04 74
1.582414e-04 22365
5.952387e-05 554210
3.240923e-05 2
4.623790e-05 1
3.244870e-05 1
6.961330e-07 1
5.738518e-06 1
4.393324e-07 6
3.315024e-06 7
3.386803e-05 1
4.390021e-05 3
2.101984e-05 1
4.920169e-06 1
1.101858e-04 2
5.399719e-05 2
2.394275e-05 1
6.703710e-06 1
1.048278e-04 1
2.602040e-04 1
1.062512e-05 1059
1.348362e-05 1
1.031223e-04 3
1.223282e-04 1
7.775272e-05 171
1.061700e-04 1
5.620963e-05 5
5.344311e-05 1
2.618790e-04 1
2.974532e-05 5
6.424711e-06 158
1.110268e-04 2
6.961543e-05 5
3.097022e-05 1
7.810401e-05 1
4.958222e-05 300907
1.417935e-04 1
5.641658e-05 1
1.462622e-06 2
5.334510e-05 1
2.613226e-04 2
8.960012e-05 1
1.137316e-04 1
3.478969e-05 1
1.867085e-04 3
7.083960e-06 1
1.047193e-04 3
7.773559e-05 57
9.256360e-06 991
1.352368e-04 1
6.762430e-05 1
9.169256e-05 6
3.131871e-05 1
1.119243e-04 2
7.349808e-05 5
4.032010e-06 3
5.144167e-05 2
1.234455e-05 7
6.541339e-05 1
8.775398e-05 1
1.075767e-04 1
7.018485e-05 1569
2.825047e-04 1
4.858325e-05 1
5.388659e-06 1
1.026097e-04 1
6.842766e-05 1007
2.910536e-05 96
2.572851e-05 1757
1.319590e-04 1
5.369648e-06 1
2.458422e-04 1
2.634129e-05 1
3.469023e-05 134
2.096090e-05 1
8.184694e-05 2
1.582466e-05 1
1.199325e-04 3
1.372938e-04 186
7.720504e-05 80
3.800066e-05 1
2.130180e-04 1
7.601205e-06 1
1.181935e-05 3
2.841314e-05 1390
1.903005e-04 5
2.179053e-04 2
9.666572e-06 1
3.099215e-06 1
1.749940e-04 3
5.964064e-05 3
1.393708e-04 1
2.099307e-05 196
2.869686e-05 3
3.155486e-05 1
3.587435e-05 1361
2.479543e-05 1
2.908146e-06 2
3.718508e-05 1
6.861827e-06 1311
1.137135e-05 3
3.696819e-05 1
3.923517e-05 1
1.440891e-04 1
2.101623e-05 1
1.858336e-04 2
1.252118e-05 4
5.626947e-05 1
4.930344e-05 2
1.628525e-04 1
7.235728e-05 5
1.591456e-04 1
1.653381e-04 6
1.063473e-04 2
8.110305e-05 261
4.016227e-05 3
1.836220e-04 4
7.555037e-06 1
2.434287e-04 138438
5.621791e-06 1
3.925606e-06 1
2.153583e-05 35473
3.460454e-05 3
1.758047e-04 1843
7.948889e-06 1
3.548802e-05 2
9.208378e-06 1
2.740073e-05 3
1.243337e-04 36803
8.519343e-07 1
3.607360e-05 1
4.697891e-06 1
1.190985e-06 1
7.762419e-05 23628
1.203874e-05 11
2.273031e-04 3
2.998443e-05 1
1.151894e-05 1
7.023770e-05 5
7.484092e-05 1
1.853996e-06 1
2.496969e-05 1
9.178450e-06 3
3.775787e-05 1
8.915643e-05 2
1.165900e-04 1
5.617517e-06 1
4.030970e-05 6
5.733706e-05 1
7.889335e-05 1
7.023204e-05 6
4.036360e-06 3
5.068043e-05 1
2.132278e-05 1
2.983245e-06 1
2.156075e-04 7
2.394123e-04 1
1.237182e-04 114
9.232957e-05 7
8.145404e-05 2
2.052303e-05 1
1.024780e-05 1
3.857886e-04 38
3.800789e-06 1046
1.055495e-04 2
1.016713e-04 3
2.310924e-05 1
1.440998e-04 7
1.387218e-05 1
1.983253e-05 1
5.537068e-05 3
5.447780e-05 1
1.392716e-04 1
3.053248e-04 1
1.970881e-04 6148
3.583883e-05 1
7.846525e-06 2
1.266558e-04 1
2.698875e-05 1
2.500756e-04 132
6.034523e-05 1
4.469168e-05 3
4.696953e-05 1
1.610291e-04 1
1.408102e-05 79
1.033826e-04 3
4.143956e-05 181
6.539212e-05 2
1.883128e-04 853
3.515902e-05 135
8.382622e-06 3
2.602829e-04 40287
1.766223e-05 4
3.064989e-05 1
1.323783e-04 1906
6.581407e-06 1
8.029781e-05 202
1.918794e-04 2
1.100834e-04 2
9.264843e-05 1
4.646698e-05 5
9.308932e-05 1
3.935580e-05 2
7.658424e-05 1
2.163333e-05 1
2.132545e-05 39827
1.346981e-05 1
9.558900e-05 1
1.038922e-04 2
2.222768e-04 152
1.634405e-04 57151
4.625677e-05 1
1.423602e-04 1
9.157162e-05 2
1.549638e-05 4
9.994931e-05 2
3.322869e-06 1
9.081915e-05 3
2.946337e-04 694
3.352441e-05 876
8.709747e-05 3
9.667473e-05 3
1.110338e-05 7
9.461841e-06 5
3.913293e-05 1
2.673467e-05 1
2.080052e-04 3
3.188831e-04 1
3.024397e-04 7
7.070254e-05 5
1.436242e-04 81
3.376050e-04 1
6.560122e-05 6
2.508116e-05 1
1.345290e-05 1
7.540119e-05 1
1.039028e-04 1
1.916590e-04 3
1.664118e-05 1
6.301337e-05 179
7.799945e-05 38
1.034889e-05 1
6.616921e-06 2
3.706889e-05 4
4.212349e-05 1
1.224966e-04 4
7.187906e-05 1
1.035815e-05 2016
1.964736e-05 2
6.690953e-05 2
2.261967e-04 4
8.296824e-05 3
2.820221e-05 1685
2.040656e-04 193
4.926653e-05 160
1.178089e-05 1
1.211294e-04 1
5.683568e-06 1
1.480537e-04 50
5.382416e-05 3
5.990888e-05 41
3.462989e-04 1
4.973640e-05 1
1.667269e-05 1
2.220302e-04 1
1.154442e-05 1
1.360271e-04 1488
3.383142e-05 2
4.526735e-05 1
1.515513e-04 1
1.942393e-04 1
2.867055e-05 1
5.761566e-05 1
8.484325e-06 1
5.418373e-05 1
1.682095e-04 3
9.208607e-05 1
2.783363e-05 221
1.168855e-04 94
5.262811e-05 2779
1.023623e-04 1
4.254575e-05 1
6.927650e-06 1
1.648995e-04 105
2.846680e-05 3
6.362979e-05 6
1.051479e-05 1
2.589299e-04 1
1.152337e-04 1
1.294200e-05 3
1.888234e-04 1
3.288225e-05 30922
7.804146e-05 138
4.727917e-05 4
9.600465e-06 4
1.721638e-05 1
1.103296e-04 1
4.614476e-05 48
6.551278e-05 1
9.477652e-05 2
3.743997e-05 1
2.723097e-04 1
2.705348e-04 2
2.090744e-05 1
3.499570e-05 1
1.620507e-04 1441
3.105506e-04 38
1.750958e-05 1
6.072236e-06 229
3.925745e-05 54853
3.228758e-04 1
1.518719e-04 1
3.266794e-05 6
1.020313e-04 1
6.774925e-05 59
1.885547e-05 6
1.435287e-05 2
4.665662e-05 1
3.003898e-04 4
2.308527e-05 1
5.982044e-05 1149
1.000181e-05 1
1.412777e-04 3
1.869804e-04 4004
6.238015e-06 1
1.404279e-05 55167
7.906360e-05 1
3.372735e-05 24769
1.463468e-04 3
2.186496e-04 1
2.065605e-04 1
1.754941e-04 3
4.584525e-06 2
1.418723e-05 1
1.186860e-04 1
1.611126e-04 1314
6.177451e-06 1
1.603385e-04 4
9.802825e-05 2
6.932939e-05 73
3.424896e-05 1804
3.821039e-05 1
2.987899e-05 50110
3.501825e-05 1
1.677441e-04 3
2.179084e-05 1
6.510620e-05 1
6.345470e-06 1
1.052546e-05 2
3.117901e-05 1
2.698880e-04 1
3.192490e-05 1
8.836591e-05 1
9.222577e-05 2
2.753217e-05 756
2.852656e-05 7
3.341001e-05 1939
3.047394e-06 19668
2.843212e-05 2
1.179904e-05 17671
7.441400e-06 42011
9.470621e-05 1
1.084068e-04 2
2.949522e-05 1
4.780265e-05 1
4.480948e-06 1
2.782338e-04 1
1.275659e-04 3
5.611108e-05 2
6.753140e-05 2
6.284806e-06 1
5.796473e-06 1
8.967166e-05 1
1.102120e-04 35
6.472114e-06 3
5.800715e-05 54849
4.159544e-05 1
3.062369e-05 1
1.387605e-05 2
6.110480e-05 1
1.096528e-05 1
1.177023e-04 1966
4.087329e-05 1
1.407651e-04 1
6.431786e-05 2
2.128840e-04 1
5.530909e-06 1258
7.955380e-05 57640
4.452993e-05 4
1.858027e-04 1
4.105128e-05 1
3.392031e-05 227
1.201150e-05 12716
4.959694e-05 4
2.635377e-05 4
8.250857e-06 6
4.559852e-05 1
1.813840e-05 1
1.797774e-04 1
6.355525e-05 3
2.811136e-05 2
2.211856e-04 1
4.313330e-05 7
3.468875e-05 1
1.112350e-05 1
5.272073e-06 1
3.783596e-04 1
1.219106e-05 2
1.646848e-05 5
9.865391e-05 1
4.160920e-05 18
2.140008e-06 3
5.548496e-06 1
5.822014e-05 1
4.610435e-05 49
1.602576e-05 38
4.665487e-05 1
6.293888e-06 3
5.394787e-05 29052
2.536874e-05 1
7.784258e-05 3
1.936448e-05 1
1.094922e-04 43
6.203747e-06 46025
1.767857e-04 1
8.857055e-05 1637
1.922019e-04 3
1.433203e-05 1
1.042941e-04 1
4.025064e-05 1
2.636417e-05 27812
1.798494e-04 1
2.688010e-05 53489
1.487625e-05 1
7.478882e-05 3
4.923831e-05 1
2.608902e-05 2
4.842373e-05 1
6.397493e-05 189
5.010920e-05 1
1.082357e-04 1
8.199509e-05 6
6.291036e-05 1
2.004269e-04 1
7.752806e-05 1
5.253834e-05 1
1.062218e-04 2
4.774452e-05 1
1.412367e-04 199
2.155180e-06 7
6.239032e-06 1
1.640733e-05 1
1.019047e-04 2
2.239712e-05 2
1.686752e-04 1
2.184952e-05 6
2.688060e-04 3
8.046594e-05 1
5.888411e-06 2
1.985950e-04 7
1.163401e-04 1
7.114324e-06 1
4.225293e-05 2
2.817017e-05 1
2.457392e-05 3
7.305219e-06 1
3.518474e-04 1289
5.897911e-05 261
6.158697e-05 1
1.782176e-05 1
5.340119e-05 3
1.050826e-04 1
6.153579e-06 1
6.021856e-05 1
7.564388e-06 1
4.218526e-05 1
3.369056e-05 1
7.160132e-05 6
1.295702e-04 6
5.621604e-05 4
7.756169e-06 4
1.638922e-04 1
3.474540e-06 1
6.463269e-05 3
1.592152e-05 1
1.188290e-04 2
1.701126e-05 4
2.660248e-05 49949
3.756614e-05 1
2.043054e-05 1
2.879342e-05 1
6.935862e-05 1
6.251240e-05 1
6.435840e-05 2
1.415504e-06 1
6.825546e-05 1
5.003069e-05 1
5.889218e-07 1
2.453198e-05 5
3.717897e-05 1
2.649188e-05 191
2.054115e-04 88
1.238328e-04 2
5.986617e-05 1
8.953569e-05 629
2.184433e-04 3
4.740575e-06 1
8.169025e-05 1
4.282709e-05 1
3.066453e-06 2
1.658246e-04 1
5.014288e-06 1
9.537329e-05 3
6.785141e-05 1
1.503951e-04 1
1.713962e-05 728
3.034897e-05 7
7.093462e-05 1
1.114760e-04 1
5.652148e-06 1
1.599299e-04 3
6.602412e-06 1
7.249665e-05 1
2.609494e-06 1
1.555428e-04 1
1.435209e-05 1
2.852128e-05 3
4.022648e-05 1
1.033159e-05 1
5.625978e-05 2
1.831027e-05 1
9.528702e-06 1
6.628365e-06 1
4.783778e-05 2
8.170072e-06 1
1.981183e-04 142
8.943340e-05 593530
1.300885e-04 1
9.204134e-06 1
1.396829e-04 1
2.559360e-05 3
1.116782e-04 7821
2.345910e-05 1
8.579251e-05 1
2.964367e-05 2
2.477591e-05 2
2.491051e-05 11767
1.952635e-04 3
1.343591e-06 46725
4.187945e-05 1
3.024511e-05 1
1.791276e-04 7
5.439474e-05 1
8.250086e-05 1
2.360009e-04 3
7.606171e-05 1
6.137551e-05 2
2.357066e-04 1
2.643203e-05 1
1.784118e-05 3
3.369391e-04 2
1.714995e-04 6
7.336032e-05 1
4.131557e-05 2
1.391238e-04 4
1.308383e-04 1
3.845450e-06 1
4.073438e-05 1
3.916710e-05 1
4.613228e-05 1
1.433802e-04 3
6.751892e-05 1
1.134495e-05 1
3.549814e-05 1
3.435375e-04 1
5.605988e-05 1
7.142561e-05 1
1.078337e-05 1
4.685493e-05 1
4.313112e-05 1
1.303440e-07 4
2.013339e-05 1
1.557994e-04 3
6.441204e-05 1
1.551264e-04 1
1.194042e-04 3
1.749493e-04 275
2.339000e-04 1
4.385114e-05 1
8.967321e-05 1
1.889384e-04 1
5.241717e-05 1
2.490373e-05 212
8.672462e-07 1
1.986064e-04 1
1.005866e-04 2
2.344658e-04 1460
1.011829e-04 20203
1.263154e-05 2
1.813729e-05 1455
2.056018e-05 2
3.040114e-05 215
4.128996e-05 3
6.009711e-05 1
2.134207e-04 1228
1.845552e-04 1
4.146135e-05 1
3.605754e-05 1
9.087850e-05 1
1.318967e-05 1
3.246564e-05 2
4.962565e-05 1
3.525600e-04 1
5.093602e-05 3
3.295345e-05 1
1.962571e-05 2
9.890311e-05 1
1.194499e-04 3
1.577895e-04 1
1.925792e-05 1
1.549343e-05 1
4.016018e-05 2
9.431846e-05 170
5.895708e-05 1
8.445210e-05 1
1.766328e-04 3
1.526414e-04 1
2.303282e-04 1
3.058127e-06 6
2.494015e-05 2269
2.497283e-05 1
3.101012e-05 3
8.767986e-05 2
1.142525e-04 1
2.174330e-04 1
3.387643e-05 1
9.631966e-05 2
6.500778e-05 198
1.164908e-05 1
3.057234e-05 181
7.971320e-06 82
2.088338e-04 3
3.951550e-06 201
1.072312e-04 1
9.834409e-05 1
7.800874e-05 5
2.127150e-05 1
8.859126e-05 3
2.045643e-05 3
3.007718e-05 1
7.240872e-07 1
2.793576e-04 1
3.847410e-05 3
1.776613e-04 1
5.596971e-05 1079
1.663319e-04 6
3.505653e-05 1
4.416860e-05 1
7.048382e-05 1
3.358853e-05 266
1.234692e-04 2
4.058210e-05 1
4.178658e-06 1
5.602824e-05 2
2.552633e-05 1
1.765354e-04 2
3.203187e-05 1894
1.460142e-04 2
5.054714e-06 1
3.734451e-05 3
6.107220e-05 1
2.095358e-05 1
3.553845e-05 1493
2.113339e-04 1
7.930376e-05 1
1.855232e-05 3
9.327101e-06 343
2.331900e-06 3
1.536207e-04 1
6.362908e-05 7
7.848927e-05 1
2.018399e-05 3
7.789500e-05 2
2.364279e-04 2
9.242189e-07 1
7.450051e-05 7
8.251191e-05 96
6.753369e-05 3
1.195507e-04 96
4.277557e-04 3
2.093064e-05 1
5.076204e-05 10
5.780476e-05 5
1.567557e-04 2
7.656968e-05 1
2.932271e-05 6
8.997608e-05 6
2.442345e-04 4
3.993543e-05 3
5.636073e-05 1
7.395103e-06 7
1.223028e-04 2
8.974339e-05 3
1.095006e-05 64346
1.518133e-04 47243
8.255710e-05 3
5.620272e-05 6
6.809784e-05 1
4.521896e-05 1
5.110167e-05 261
8.046381e-05 1
2.729624e-06 1
1.044329e-04 3
3.340100e-06 1
1.096746e-07 1440
1.071704e-04 1
2.057203e-04 1
6.181306e-05 6
1.751301e-04 2
4.298914e-06 6
1.353926e-05 1
1.021662e-06 2
2.281155e-04 2
2.217458e-04 1
6.718849e-05 3
8.365075e-05 7
1.427774e-04 1
2.647294e-05 1
4.805064e-06 2
4.867791e-05 7
1.422039e-04 1635
3.350866e-04 148
2.625411e-04 2
4.826021e-06 1
1.325017e-04 1
6.022834e-06 3
6.411967e-05 2
7.112046e-05 57232
3.075480e-05 2
1.404935e-06 1
3.573745e-05 2
5.315317e-04 23124
2.966272e-05 1
9.348317e-06 4
3.273611e-05 1
4.993284e-05 1
8.311756e-05 3
2.026708e-05 5
1.854229e-05 2
9.029892e-06 1
6.573186e-05 1
9.288567e-05 218
5.715409e-05 1
2.374423e-05 1
7.849219e-05 6
1.604490e-04 1
3.111915e-04 23
1.462253e-06 2
1.573530e-04 1
1.291800e-04 1
2.355736e-06 2
3.301720e-05 7
2.660565e-05 3
1.920596e-04 4
9.821661e-05 1
4.318446e-06 1
3.108614e-05 1
2.706851e-05 58
2.124196e-04 1
1.894736e-04 1
8.732105e-05 1
1.485727e-05 1
3.704794e-05 3
1.064620e-05 1
3.996699e-05 6
6.529351e-06 55719
7.962686e-06 55940
2.095577e-06 1
5.350249e-06 1
5.880702e-05 2
2.897125e-05 7
4.689852e-05 1
1.064480e-04 7
7.938532e-05 5
9.024657e-05 1
2.581716e-04 60338
1.742589e-05 1
9.667728e-05 167
9.176184e-05 1
2.789631e-04 3
7.342527e-05 1
1.634995e-04 3
8.058581e-05 5
2.022785e-05 1
2.741387e-04 3
1.565746e-04 3
1.990269e-05 7155
1.154747e-05 1
5.034699e-05 1
2.180447e-06 1
1.344460e-04 65
2.375129e-05 6
1.715531e-04 1
1.414513e-04 1
5.745414e-05 178
6.188864e-05 1
3.397595e-05 1
2.287088e-04 121
2.318358e-04 1
2.021563e-05 2
2.522811e-05 3
4.836211e-05 1
6.810392e-05 240
7.965248e-05 505
1.431219e-04 1
2.145329e-05 1
1.418373e-04 108
5.237351e-05 984
1.977766e-04 1
2.885179e-06 1
3.081986e-05 88
2.110209e-04 1
4.418072e-05 1306
4.474545e-05 1
1.996827e-05 1
3.611471e-05 7
3.557529e-05 4
3.509796e-05 1
5.507703e-06 1
4.674159e-05 1
5.251946e-05 114
8.146555e-06 1
3.008331e-05 7
5.071076e-05 2
2.946859e-05 1
2.029522e-04 2
6.415931e-05 2
1.218857e-05 149
3.904089e-05 1
1.591368e-04 1
1.586319e-04 1
1.435314e-05 1
6.672861e-05 1
6.258414e-05 1
1.034383e-04 1
1.833928e-05 1
8.362278e-05 1
1.137359e-04 1
6.746063e-05 5
2.679181e-05 1
7.178439e-05 1
4.266656e-05 2
5.525516e-05 2
5.634350e-05 1
2.897466e-05 1
1.116984e-05 1
1.300077e-06 6
5.190384e-05 1
1.077258e-04 8098
3.479100e-05 2
9.181919e-06 1
1.584955e-05 2
1.303243e-04 523
3.300416e-05 182
5.945741e-05 1
1.764199e-05 1
6.349518e-05 3
2.028861e-04 1
1.371882e-04 6
3.667437e-05 251
1.332104e-04 1
1.069975e-04 1
1.159779e-04 204
2.501737e-05 1
1.122481e-05 1
7.327371e-05 1201
6.524409e-06 1
4.396274e-05 1
2.682393e-06 1
1.197681e-05 2
2.323766e-05 1
2.950539e-05 2
4.661384e-05 2
7.398932e-06 60885
8.988508e-06 1
4.175375e-05 1
6.959513e-05 1
8.896965e-05 2
6.061933e-05 1730
8.057856e-05 1
1.819237e-04 53203
1.358664e-04 5
4.635547e-05 545
3.408670e-05 1
2.583008e-05 1
3.384945e-04 2
9.460494e-05 63454
1.358291e-04 3
7.265920e-06 1
2.495898e-04 1
6.438427e-05 2
1.128090e-04 5
1.789282e-05 4
8.514949e-05 1
5.109876e-05 5
4.601677e-05 36801
8.952414e-05 1
7.671518e-05 4
5.928602e-05 4
8.036882e-05 3
6.782433e-05 1
2.742503e-04 3
5.507467e-05 2
1.662348e-05 1
1.538953e-05 7017
2.925958e-05 1
7.906786e-05 1
9.770567e-05 1
2.400563e-04 1
8.793758e-05 6
6.723018e-05 2
4.291948e-04 3
4.091336e-06 152
3.542862e-06 1
2.955446e-05 25
7.189782e-06 48220
9.793917e-05 1
1.698575e-04 1
1.012411e-04 3
1.897030e-05 2
3.928179e-05 1
6.713841e-05 6
7.136936e-05 3
1.286627e-04 1
1.298444e-05 1
1.318351e-05 2
6.308855e-05 1
2.337428e-04 1
7.710844e-05 1
1.351585e-05 1
3.049756e-05 1
1.682549e-04 1
4.387525e-05 1
4.014294e-05 3
6.249635e-06 1
1.303965e-04 1
2.701130e-05 476917
3.470697e-05 3
9.860312e-05 1
5.537070e-05 1
1.729212e-05 1
7.723365e-05 1
2.111716e-04 2
4.926697e-05 3
6.375454e-05 4
3.162205e-04 1
7.164852e-05 2
1.477508e-04 5
1.651019e-05 35
6.507872e-05 1
7.826814e-05 3
2.082131e-04 1
7.127593e-06 31928
2.695409e-04 1349
1.191988e-04 2
1.248738e-05 19502
2.034706e-04 5
6.823990e-05 1
1.225008e-04 1
2.756963e-04 1
3.994641e-05 1425
2.218883e-06 5
3.531165e-05 1
4.794891e-05 148
3.179496e-05 5
1.085044e-04 1104
6.050522e-05 2
1.574505e-05 1
1.505546e-04 7
2.192978e-04 1
2.349766e-06 1
8.822827e-06 163
2.081148e-06 1662
2.832071e-05 1
7.612281e-05 1
8.510933e-05 1
1.024685e-04 6
1.061156e-04 1
6.715814e-05 1
3.426225e-04 3
5.939513e-06 1
1.608292e-05 2
3.801909e-05 2
8.750931e-05 2
4.882765e-05 1
1.802033e-04 4
9.470709e-05 1
2.703552e-05 1
1.847314e-05 1
2.227186e-05 4
3.246884e-05 1
7.030093e-05 7
1.236543e-04 2
1.999165e-05 1
2.563141e-04 178
6.363681e-06 1
2.198373e-05 1
1.446444e-05 3
1.854802e-04 2
1.200588e-04 1
3.894932e-04 1
1.864733e-05 1
3.497048e-05 1
2.500397e-05 1
4.534671e-05 3
1.165300e-04 2
5.420254e-05 1
2.541397e-04 1
7.545148e-07 1
1.045133e-04 31067
9.144906e-05 3
4.212843e-04 3
5.414721e-06 1
3.432455e-05 58798
2.967960e-05 1
1.150242e-04 1
8.283327e-05 1
1.207133e-05 4
1.477916e-05 1
4.855339e-05 3
1.198292e-05 3
2.745533e-05 1
5.363237e-05 3
1.752782e-04 1
2.143143e-05 1494
3.041122e-05 1
8.250021e-05 1
3.755493e-05 1
7.197182e-05 1
9.881804e-05 1
1.120435e-04 1
2.183275e-05 56094
6.489790e-05 1
1.358963e-04 3
8.727158e-06 1
5.362587e-07 1
6.437986e-05 5
5.898094e-05 2
1.469406e-04 1
1.092477e-04 1190
2.124035e-05 2
4.293366e-04 3
6.374185e-05 1
1.035897e-05 3
1.563075e-04 7
5.081510e-05 1
9.829358e-05 60
2.828118e-04 53
5.229849e-05 515322
4.504070e-05 7
4.383124e-04 2
3.145045e-05 7
2.691462e-05 4
3.137818e-04 1
1.666006e-04 2
2.350705e-04 2
1.718695e-04 6
1.120691e-04 2
3.096640e-04 1
8.090213e-06 1
3.367005e-05 1
4.743808e-05 1
3.160089e-06 2
4.339906e-05 3
6.433456e-05 239
1.499232e-04 1
1.636973e-04 2
4.407181e-05 1
6.742700e-05 2
5.792203e-06 183
2.795639e-05 102
3.768437e-05 1
2.311255e-05 1
2.439750e-04 1
7.718093e-05 668
8.516948e-05 1
1.537925e-04 3
4.394455e-05 103
4.845293e-05 6
1.084529e-04 1
2.778091e-05 1
1.154079e-05 1
1.302455e-04 1
8.496710e-05 7
2.207879e-05 1
1.550090e-05 1
1.397797e-04 3
7.108746e-05 171
1.762927e-04 1
6.510459e-05 1
1.076531e-04 8600
1.379723e-04 180
1.629409e-04 1
6.455110e-06 1
1.836102e-04 7
1.641853e-05 1
5.304931e-06 3
9.613703e-06 2
1.477510e-04 1
5.615741e-05 1
1.814522e-05 150
3.245290e-05 4
1.576553e-04 1
1.784437e-04 1
3.037649e-06 1
6.074402e-05 1085
8.217448e-05 2
1.665387e-05 1
4.819845e-06 6
1.916353e-04 1
1.030912e-04 2
9.592671e-07 1
2.387045e-05 1
1.269877e-04 4
1.262943e-04 77
1.519537e-05 3
1.875530e-04 3
4.487893e-05 1
1.139515e-05 4
1.901090e-04 1
9.603466e-06 42892
1.944466e-05 1
9.647656e-06 1
2.025816e-04 6
4.135913e-05 3
3.339719e-06 198
2.236126e-05 1
1.273539e-04 2
7.670223e-05 3
4.429851e-05 1
3.055360e-05 1
5.529162e-05 4
4.851409e-05 1
1.048827e-06 1
1.320048e-04 1
2.261931e-04 2
5.490841e-05 1406
6.652343e-05 1
4.264194e-05 1
2.585244e-04 2
2.099994e-05 1
3.641814e-05 1
1.196832e-05 1
4.254813e-05 1484
7.872505e-05 1
1.063982e-05 1
1.305514e-04 20612
7.400022e-05 1
7.175440e-05 968
2.161030e-05 47
1.205529e-04 29
2.000026e-05 1
9.918936e-05 3
2.230287e-05 1
7.196709e-05 1
2.901021e-05 2
4.962400e-05 1
3.846838e-05 6
1.621443e-04 1
1.224311e-05 2
5.475166e-07 41274
1.269581e-04 1
4.913260e-05 1
9.320903e-05 1
1.293585e-04 2
5.790890e-05 4
1.101817e-04 1
2.083897e-04 1
1.223820e-05 2
4.813440e-05 1
7.292943e-05 1
1.471544e-04 5
2.001590e-04 3
1.407742e-04 5790
6.361911e-05 1
6.829994e-06 2
9.355734e-06 200
2.725404e-05 4
7.554560e-06 1
4.813193e-05 101
3.252788e-05 1
7.559190e-05 1
1.372828e-04 28
2.970971e-04 2
2.111963e-05 1
8.932996e-05 671
2.948620e-05 5
2.518146e-06 1
2.179207e-04 121
8.561545e-06 1
1.005824e-04 1
1.356792e-04 1
1.702427e-05 1
3.712826e-05 2
3.656408e-05 1
6.486228e-05 6
1.902629e-05 5
1.678895e-05 1
5.843865e-05 5
2.064704e-04 6
6.689880e-05 2
8.889583e-06 2
7.058114e-05 1
1.267754e-05 1
1.067947e-05 250
4.462350e-05 2
1.063361e-04 193
4.678262e-05 5
2.517875e-05 1
1.972705e-04 1
9.392020e-05 1
3.021381e-06 7
4.506995e-05 1
1.039366e-04 1
2.848837e-05 1
1.367586e-05 267
2.238189e-04 1
2.648533e-05 1
1.897243e-05 6
1.203163e-04 146
7.815151e-06 1
3.719141e-05 1
2.186975e-05 3
2.779855e-04 1
1.423715e-04 183188
1.425620e-04 5
1.007567e-04 1
4.381150e-05 120
1.171694e-04 1
9.238157e-05 1
3.442972e-04 1
4.467347e-05 66310
1.437073e-04 1
1.768577e-04 3
8.940561e-05 1
1.385414e-05 1179
1.880096e-06 1
8.385481e-05 1
4.702250e-05 1
1.389676e-04 1
1.898784e-04 1
2.393181e-04 3
1.434502e-05 3
1.822691e-04 1624
2.400486e-05 69
6.063289e-05 29992
1.071668e-04 1
1.179461e-06 785
3.351269e-05 1
5.708625e-05 6
1.043365e-04 1
8.062379e-05 2
3.320667e-05 1
1.397335e-05 1
4.835102e-05 1
3.903383e-05 2
7.038927e-05 1
3.440757e-05 1
1.987002e-05 1
3.518142e-05 1
2.201705e-04 40649
1.367801e-04 3
1.504462e-06 1
9.897895e-05 1
5.631715e-05 1
1.755832e-05 1
5.240231e-05 6
8.251149e-05 1
1.093638e-04 1
5.973627e-05 1
4.295678e-05 1
2.350750e-04 1
3.231150e-05 2
1.475901e-05 2
2.058771e-04 1156
1.067345e-04 1
4.029060e-05 3
5.271460e-05 1
2.451835e-04 1
1.883700e-04 1
3.201949e-06 586
3.234203e-05 1
5.099124e-06 1
7.654535e-05 1
6.468872e-05 1
2.553819e-05 1
4.270832e-05 2
1.075868e-04 1
4.251426e-05 124
4.914823e-05 3
9.182576e-05 1
1.659290e-04 1135
2.042813e-06 1
1.027547e-04 1
4.771845e-05 5
8.318203e-07 1
7.795424e-05 1
9.034951e-05 1
4.788612e-06 1
2.753859e-05 1
1.309142e-04 4
8.010813e-05 3
1.747127e-05 1
1.656630e-04 4
8.359784e-05 2
1.824349e-04 5
4.954303e-05 1
8.326078e-05 1
1.648076e-04 1
2.709055e-05 1
6.164172e-05 1
1.074077e-04 1
1.222096e-06 1775
9.914028e-05 3
6.541095e-05 1
2.219477e-05 1
7.364478e-05 1
1.056493e-05 153
2.202965e-04 1
8.654442e-05 2
3.974968e-05 24
1.739721e-04 3
3.258777e-04 1
6.953340e-07 1
1.319567e-04 3
3.944876e-05 798
4.256204e-06 1
8.778122e-05 1
1.438143e-04 1
1.022689e-05 36909
2.647741e-05 2
8.427070e-05 69
4.208621e-05 1
7.807758e-05 1
5.412767e-05 5
4.752894e-05 1
1.357375e-04 1
2.028619e-04 1
4.037809e-06 1
1.988321e-05 1
4.035592e-05 1
7.044116e-05 1
6.567045e-05 3
1.589457e-04 5
5.610878e-05 3
1.393681e-04 1
1.389333e-04 1
8.095387e-05 8125
9.479561e-05 1
4.949942e-05 1
4.912499e-05 249
1.632467e-04 3
7.119052e-05 3
2.027156e-05 2
7.991811e-05 3
1.730835e-05 7
1.009360e-04 2
1.311548e-04 3
3.236275e-05 3
4.728170e-05 2
1.241205e-04 6
6.197782e-05 1
1.935997e-05 1
5.442747e-06 1
1.872899e-04 1
4.439670e-04 1
2.825816e-05 1
9.198923e-05 3
1.916506e-04 2
4.135210e-05 140
3.815197e-04 3
2.862506e-04 1
5.672852e-05 1
3.409361e-05 1
1.902248e-04 2
2.330609e-05 34
1.070981e-04 1
1.744599e-04 1
9.715916e-05 1
1.903389e-05 1
1.144016e-04 1
5.291522e-05 1
1.561701e-04 1
2.059133e-04 3
9.573349e-06 1
1.662012e-04 1
7.991796e-05 1
6.690530e-05 4
5.711738e-06 72
2.927395e-05 1
2.776375e-06 1
2.696666e-05 1
1.388092e-05 72
2.719086e-04 1
2.887221e-05 1
3.893480e-05 3
1.195814e-05 3
8.302148e-07 1
1.759835e-04 2
2.700832e-05 783
2.258129e-05 1
2.012712e-04 73
7.602706e-05 2
6.706301e-05 1
9.079644e-05 7
2.245211e-04 1
2.424102e-05 2
1.898555e-04 1
5.523211e-05 2
8.116439e-06 191
6.047171e-06 6
1.010108e-04 1
4.947331e-04 1
7.709513e-05 1096
5.862117e-06 1
5.737123e-05 1
2.343570e-05 1
3.301790e-04 1
9.233851e-05 1
1.731299e-05 3
2.442283e-05 113
1.795339e-05 1
5.529943e-05 1
1.592360e-04 1
1.000734e-04 1
1.209616e-04 1
5.240801e-05 1
7.173599e-06 1
1.071461e-04 1
7.729495e-05 107
1.043639e-05 1
7.558563e-06 715
3.087230e-04 1
3.339898e-06 1
4.120085e-05 29
3.450624e-04 1
1.971101e-05 2
2.632115e-05 1
2.107920e-04 114
4.214270e-05 3
2.736545e-05 5
1.921236e-05 3
1.449674e-04 2
6.523928e-05 1
1.041721e-05 1
3.828162e-04 1
7.740935e-07 1
2.918348e-06 7
6.587235e-05 3
2.225775e-04 1
2.066301e-04 1
3.847425e-05 58
2.193847e-04 1
2.260154e-05 1
3.417011e-06 22
2.119635e-04 3
3.748762e-04 4
8.791298e-05 4
3.513443e-05 5
9.445490e-05 1
6.297796e-05 1873
5.959942e-05 1
1.318768e-04 2
1.696997e-05 4
4.714754e-05 2
5.156520e-06 3
9.166685e-05 2
5.755305e-05 2
1.644830e-04 1
7.205216e-06 1
2.527184e-04 6
1.820229e-05 3
1.916971e-04 1
2.510429e-05 7936
3.195349e-06 2
1.696160e-05 1630
5.354865e-05 1
3.119956e-05 33
1.143350e-04 2
5.930473e-05 1
1.273523e-04 1
1.727050e-05 1
1.242705e-05 1
2.574252e-04 220
1.220821e-06 2
4.251972e-07 2
6.657233e-05 2
3.260468e-05 1
1.048731e-04 138
5.461273e-05 1
1.205966e-05 2
1.539114e-04 913
1.973455e-05 3
3.220396e-06 1
7.973712e-05 6
6.507752e-05 1
5.656970e-05 1
7.607844e-05 21749
9.632703e-05 1
9.855572e-05 3
1.210002e-05 1
1.621690e-04 1
2.300611e-04 1
1.632929e-05 1
2.661510e-05 49695
1.062392e-04 3
9.567502e-05 1
6.458083e-05 1022
1.055361e-04 362
4.446417e-05 1
8.450528e-05 3
6.166944e-05 1
3.394208e-04 2
9.104114e-06 1
7.891529e-06 13
4.456535e-05 1
1.280305e-04 1
2.243681e-05 4
3.815020e-05 1
2.695603e-05 2
1.078151e-04 1
2.255051e-04 4
2.020254e-05 9759
1.321508e-04 3
1.244511e-05 1
3.725544e-05 1
6.057746e-05 2
6.034934e-06 1
6.690541e-05 1
7.690262e-05 13207
6.385811e-05 1
3.359031e-05 1
5.568149e-05 3
3.435499e-04 7
6.991607e-05 1
4.073568e-05 142
1.498481e-05 1
1.789216e-05 1
3.554527e-05 6
1.885061e-05 1
1.133320e-04 14740
2.493622e-05 1
1.400407e-04 9202
1.550966e-05 1
2.810976e-04 3
1.639162e-05 1
5.641119e-06 1
7.255925e-06 1
1.777161e-04 1
3.040952e-05 4
8.956861e-05 1
3.783885e-04 3
1.957626e-05 550
1.082772e-04 1
8.896496e-05 28
1.085231e-04 6
1.424872e-06 1
1.476091e-04 1
2.250725e-05 1
1.977904e-05 2
7.139327e-06 129
6.163964e-05 1
2.339992e-05 1
2.708532e-05 92365
1.117122e-04 1
3.448048e-05 1
7.909942e-05 1
1.968962e-05 1
3.469277e-05 1
3.477841e-04 1
3.238477e-05 1
1.600203e-05 7
1.165749e-04 1
1.587083e-04 11
3.021480e-04 2
6.116611e-05 1167
6.383714e-05 1
7.593719e-05 1
4.996204e-06 1
7.908264e-06 1
1.107991e-06 1845
1.832869e-04 3
3.899195e-04 1
1.226083e-07 1
1.665691e-04 1
3.232905e-05 259
3.720868e-05 62447
5.186702e-05 1
3.253386e-05 1
1.262595e-04 206
1.153805e-04 5
1.257077e-05 3
1.017241e-04 1
1.951918e-05 1
5.936813e-05 7
1.644124e-05 1281
4.700934e-05 128
9.020357e-05 1
4.332547e-06 1
9.370534e-06 1
8.727305e-05 1
4.316986e-05 4
3.000395e-04 16869
3.276573e-05 982
1.395829e-04 1
3.180427e-05 6
2.409002e-05 2090
2.713520e-05 1
4.503901e-04 5
3.075875e-04 1
2.347452e-04 1
2.520379e-05 5
5.394041e-05 4
7.780326e-05 1
2.035919e-04 3
3.353544e-05 1
3.304018e-07 2
2.019564e-05 1
2.773242e-04 1
4.557692e-05 1
1.816499e-05 1
8.071931e-05 1
4.798441e-05 2
1.826388e-04 1
3.277039e-05 2
1.084598e-05 1
1.044797e-04 1
1.034348e-05 1
1.348856e-04 1
1.330259e-04 148
4.559830e-05 1
2.974957e-05 1
1.323454e-05 2273
3.687762e-04 41481
2.135217e-05 1
3.556868e-04 1668
9.859325e-05 3
9.342661e-06 1
1.873025e-05 3
2.102673e-05 3
5.975417e-05 1
3.435749e-05 1
1.240177e-04 1
2.509954e-05 1
1.788878e-04 2
3.640330e-05 1
3.696621e-05 42
6.813221e-05 1
9.215247e-05 1
6.119998e-05 3
9.418201e-05 3
1.497538e-05 1
1.897349e-05 208
1.314110e-04 51777
1.928514e-05 1
7.775104e-05 2
2.300681e-05 130
6.423803e-06 2
1.021002e-04 1
1.635262e-05 256
5.079496e-05 239
7.592198e-05 966
1.408273e-05 1
5.380261e-05 3
1.439748e-06 1
7.419144e-05 1
1.891430e-05 1
2.687744e-05 3
3.083464e-05 3
5.027533e-05 2
5.235162e-06 77
4.134050e-05 1
2.298127e-05 3
4.794393e-05 1
9.628422e-06 1
2.295812e-04 4
1.097608e-05 7
9.474017e-06 66
1.697688e-04 1
3.383730e-05 2
3.231652e-04 1
1.396802e-04 7
1.063627e-06 1
2.653845e-05 1
9.587655e-05 1
1.281559e-04 3
1.828495e-04 3
6.178539e-05 2
3.585863e-05 72
5.424875e-05 3
4.751119e-06 1
1.237084e-04 1
9.319845e-05 1
1.107455e-04 3
6.660556e-05 3
7.407083e-05 262
9.172123e-05 7
9.711331e-06 1
7.560362e-06 2
2.327273e-05 1
2.740751e-05 1
2.853102e-04 250316
2.819704e-04 6
1.247715e-05 1493
6.399680e-05 3
2.098245e-05 2
3.234452e-05 1
9.244684e-05 1
4.779114e-05 123
2.201194e-06 5
5.630545e-05 1
2.784083e-05 1
1.077079e-04 1
3.543218e-04 7
1.502595e-05 1
7.978876e-06 1
1.608117e-04 1
1.364681e-05 3
1.248929e-04 3
6.390983e-05 1
1.149610e-05 1
1.224291e-05 1
2.216983e-04 1
3.442435e-05 1
9.382503e-05 1
8.533360e-05 885
1.805926e-05 1
2.132883e-05 3
8.226240e-05 1
1.329214e-05 1
1.104480e-04 1
5.095459e-05 3
6.566278e-05 3978
2.047596e-05 3
6.521938e-05 251
4.681812e-05 6
8.208445e-05 7
1.452231e-04 1
2.873044e-05 7
7.804006e-06 1
2.789412e-05 1
2.338742e-06 10
4.267807e-07 1
4.866506e-05 1
3.976694e-05 1
9.706143e-06 5
3.913276e-05 1
4.429625e-06 1
3.039584e-05 1
1.756461e-04 1
7.168666e-05 1
8.599734e-05 5
2.384909e-04 519
1.053224e-05 1
3.069569e-05 1
3.377770e-05 1
6.191586e-05 1
5.027209e-05 1
2.166658e-06 1
1.302007e-05 3
9.254348e-06 158133
1.385161e-05 1
1.037950e-06 1
3.166216e-04 1
7.773999e-05 1
1.734301e-05 2
1.235249e-04 1
1.089285e-04 92
1.596496e-05 1318
3.375196e-05 1
5.750907e-06 1
1.170960e-04 1
3.035567e-06 1
3.918443e-05 1
1.202611e-05 5
2.008906e-04 1
8.733112e-05 1
1.778265e-04 1
6.229459e-05 1455
1.167493e-04 1
5.613151e-05 1
4.675344e-05 5
2.085573e-04 1
2.222271e-05 4
1.372442e-04 336
1.078879e-04 1
5.155569e-05 1
1.378740e-04 38
1.838828e-04 1
1.384534e-04 34528
1.954146e-05 3
6.716818e-05 2
5.341549e-05 6
1.680607e-04 1
5.358470e-05 2
9.136158e-05 673
5.577465e-05 2
2.917968e-04 2
2.612410e-04 1
1.033440e-04 1
1.118799e-04 89
4.416785e-05 1
1.521071e-05 1
7.110070e-05 1
5.951862e-06 2
1.168523e-05 1
8.277140e-05 2
2.811465e-05 241
2.609359e-05 374
2.858015e-05 1521
2.280170e-04 1
2.291968e-05 3
1.517841e-05 169
2.059244e-04 1
2.434814e-05 129
7.788962e-05 1
1.180738e-04 1
6.669558e-05 1
1.111108e-04 1714
7.233836e-05 1
2.229914e-04 438
1.488182e-05 5
2.467456e-05 1
2.196723e-05 1
1.798292e-04 2
7.273423e-07 1
2.155162e-05 2048
5.392205e-05 1
5.394457e-05 1
1.114315e-04 1
1.123356e-04 3
9.322040e-07 157
7.843811e-07 4
1.225009e-04 1
2.506421e-05 1
1.549234e-05 14
4.575110e-05 3
2.548872e-05 3
1.270389e-05 3
9.366838e-06 1
5.669478e-05 45402
9.960228e-05 2
1.483916e-05 1
2.083322e-06 645
1.277961e-04 1
1.638534e-04 2
4.467865e-04 1
1.827551e-05 1
1.023522e-05 1
2.412309e-04 3
1.818299e-05 8158
7.249287e-06 7
3.140668e-06 1
4.702344e-05 379913
9.285232e-05 7
1.525509e-05 195
3.005401e-05 29017
1.884297e-05 3
5.450313e-05 1
1.301122e-05 47
3.321322e-05 1
1.136227e-04 1
2.526778e-04 1
1.787279e-05 1
9.397158e-05 473801
1.994746e-05 1
8.135909e-05 7
1.953384e-04 3
5.001426e-05 1
2.390010e-06 1
5.029718e-05 1
1.123052e-04 1
3.899759e-05 1
1.207260e-04 13
1.108981e-04 1
7.948981e-05 2
2.162504e-05 1
2.630481e-05 5
1.616913e-05 5
3.069210e-05 264
1.677895e-04 1
1.121718e-05 2
1.042947e-05 3
4.290446e-05 3
5.267089e-05 889
1.543735e-04 1
6.152421e-05 4
4.333249e-05 2
9.451473e-05 1
8.067083e-05 38
4.714292e-05 1
1.935623e-04 1
4.684294e-05 149252
1.477570e-05 906
3.981739e-05 1
5.203208e-05 1
8.114731e-05 6
1.543858e-04 1
5.218203e-05 2
6.748038e-06 3
4.844604e-05 1
5.149055e-06 1
8.827974e-05 2
1.810130e-04 5
1.161798e-04 2
7.218060e-05 252
2.091912e-05 256
2.087123e-05 1
1.069717e-04 1
2.957473e-04 6
7.187214e-05 3
1.110246e-05 2
1.112103e-04 6
1.694082e-05 3
2.135375e-05 1
4.823941e-05 1
3.615329e-06 29
8.006689e-05 77
3.982078e-05 1
8.877046e-05 1597
7.530264e-05 1
2.887086e-05 1
2.791107e-04 1
8.322863e-05 214
2.907369e-05 25
4.089031e-05 1
1.483059e-04 2
6.575896e-05 7
5.029812e-05 1
2.628516e-04 1
8.092833e-05 26206
9.833921e-05 1
6.371234e-05 50
4.599728e-05 2
1.371402e-04 3
2.359681e-05 1
1.968464e-05 1
3.368391e-04 2
6.260885e-05 1
1.926925e-05 1
1.129084e-05 1
4.792265e-04 1
9.107921e-05 1
9.498892e-05 3
4.937460e-05 1
4.802249e-05 2
