9.954449e-06 1
5.227757e-05 266
5.681645e-05 1
3.638048e-05 38
3.025452e-05 154
2.169162e-05 1
1.235466e-04 2
5.718082e-05 2
8.508673e-05 1
4.115531e-05 3
2.628106e-06 1
8.992942e-06 3
8.751781e-05 6
2.827749e-06 1451
2.049348e-05 1
6.519883e-05 1
3.159471e-05 1655
6.327461e-05 1
5.767537e-05 1
5.113068e-05 3
4.729419e-05 416819
3.183559e-05 2
8.390373e-05 37
5.894686e-06 1
1.191693e-04 1
4.848945e-05 1763
2.964562e-05 987
1.252614e-05 1
1.601539e-04 3
9.940703e-05 3
1.516274e-05 1
7.113982e-06 11086
1.302847e-04 1
9.959664e-05 7
2.457360e-04 1
4.636063e-05 1
1.011322e-04 7
1.787971e-04 1
3.626831e-05 1
1.309711e-05 3
1.638151e-04 7
1.485898e-04 811
2.214024e-05 3
1.390600e-04 7
5.120048e-05 61
1.210796e-05 1
1.553335e-04 3
1.349184e-06 1
1.452821e-04 7
6.313762e-05 1
5.718872e-05 101
9.022522e-05 1
8.169314e-05 921
1.270819e-04 1
2.081849e-05 3
1.679604e-05 1
2.336283e-05 1
1.796502e-04 1
4.121653e-05 110
8.167971e-05 1
4.192822e-05 2
7.720462e-06 2
2.079994e-05 1
3.743487e-05 1
1.435145e-05 1
3.404188e-05 254
1.401100e-04 1570
1.599552e-04 1
8.560908e-05 449
1.078354e-05 6
1.310677e-05 31027
3.572985e-05 93
3.494076e-04 1
1.377987e-05 1
3.862549e-04 1
5.314536e-05 554
3.171231e-04 6
2.309976e-04 3
8.883726e-05 2
3.998952e-05 1
9.333681e-05 1
1.052347e-06 1
1.320403e-04 32
1.649578e-04 6
1.482439e-04 1
2.852380e-05 73
2.677906e-06 1
1.499885e-05 5157
2.187717e-05 1
9.276827e-05 1
6.250275e-05 2
1.112294e-04 1
2.588547e-04 66
3.935068e-05 1
5.365591e-05 1
4.559769e-05 3
1.121342e-04 1
1.456868e-04 3
1.454882e-05 1
7.972477e-05 1
5.360208e-05 1
1.335226e-04 1
7.395887e-05 1
4.257099e-04 266
9.169174e-05 28058
1.580220e-05 229
4.975767e-05 1
3.916988e-05 2
2.146705e-05 1311
9.042634e-05 1
1.903261e-04 62
1.175467e-04 1
8.121144e-05 876
1.085315e-04 1
7.487641e-05 3
3.876084e-05 1
6.408883e-05 1
8.189868e-05 1
1.047381e-04 1
5.051551e-05 6
2.476407e-05 1
1.688230e-04 2
1.806050e-05 1
4.706972e-05 60731
6.767925e-05 3
2.217692e-04 1907
6.006710e-05 1
1.578259e-05 1
1.109329e-04 132
6.630491e-05 1
8.496269e-05 1
1.019929e-04 3
1.141374e-04 4
7.795512e-05 1
1.534183e-05 35040
1.466869e-05 3
3.046478e-06 4
5.663705e-05 1
1.092500e-04 1
1.041679e-05 1
1.322641e-04 2
5.606658e-05 3
6.235829e-05 16286
7.834568e-05 1453
8.920656e-05 4
1.935209e-05 1
7.731433e-05 3
2.268967e-04 145
2.474270e-05 1
1.273942e-05 708
1.279420e-04 720
9.085238e-05 3
5.400587e-05 1
3.715030e-05 68
4.201723e-05 1
2.041035e-05 1
3.707960e-05 1
4.178663e-06 6
7.262336e-06 200
1.359045e-04 2
5.074717e-05 1
2.704526e-07 1430
1.490269e-04 1
9.733841e-05 3
6.015542e-06 3
4.161412e-05 1
3.899680e-06 3
8.057970e-05 2
2.946158e-04 6
8.833722e-05 5
6.981315e-05 42084
1.087288e-04 7
2.309100e-05 1
8.905450e-05 1
1.083240e-04 6
8.651677e-05 6
1.752353e-04 1
1.398078e-05 169
1.780257e-04 1
1.477412e-04 2
3.731072e-05 2
2.435438e-04 1
1.501148e-04 1
9.314771e-05 1
2.676582e-04 2
2.225869e-05 1
2.102536e-05 1
1.695600e-05 1
3.872646e-06 1
3.729206e-06 1
4.674142e-05 1
6.210994e-05 2
9.482973e-05 1
1.395759e-04 1
1.610145e-05 1
2.143998e-04 3
1.915263e-04 146
5.992408e-06 7
1.701765e-04 1
1.537734e-04 1
3.792263e-05 1
1.049001e-06 1
1.490130e-04 6
1.406495e-05 3
2.264243e-06 175
4.840668e-06 80
8.315792e-05 1
9.099182e-05 2
5.150507e-05 1
4.426297e-05 6
4.838303e-05 3
2.264086e-05 6
1.749945e-04 3
8.212265e-05 1
1.619946e-04 1
6.034330e-05 32585
1.211142e-04 1
1.785804e-04 156
2.720612e-05 1
7.345038e-06 312096
5.356201e-05 1
1.767189e-05 1
6.615512e-05 4
1.294827e-04 2
1.706635e-04 1
5.245879e-05 1
1.066213e-04 1
1.573382e-04 1
1.056748e-04 1
1.203934e-04 164
5.900262e-06 2088
4.002781e-05 1
6.772772e-06 1
1.721483e-04 46
3.705552e-05 1
2.402148e-04 1
3.350976e-04 1
7.083866e-06 1
2.138723e-05 7
2.265907e-04 494
4.469606e-05 19410
6.907639e-06 1
1.649120e-05 1
1.402589e-04 7
8.667615e-06 13
2.065931e-05 1
4.265408e-05 1
1.973851e-05 2
5.128167e-05 1
1.262865e-05 1
2.063195e-05 3
1.548052e-04 181
1.216843e-04 183
1.091846e-04 3
4.591635e-05 6
5.967996e-06 1
8.940105e-05 51831
3.973053e-05 1
7.321728e-05 5
4.687862e-06 3
2.619820e-04 3
5.872442e-05 1
1.329586e-04 183
2.833477e-05 4
2.482773e-05 1
8.539974e-05 35015
7.215728e-05 2
2.885758e-05 4
1.373383e-04 1
1.127023e-04 2
7.605271e-05 1
3.531316e-05 1
1.353324e-05 3
7.711780e-05 2
2.078929e-05 1
6.770123e-05 3
1.314319e-04 1
1.230259e-05 1
2.389751e-05 1
1.489570e-04 146
3.783422e-05 121
1.812041e-04 2
2.973365e-05 1
2.906344e-05 3
6.209404e-05 6
2.648121e-05 1
2.948615e-04 1
5.222596e-05 1
1.025783e-05 47310
3.703551e-05 1
4.404529e-06 1
1.287722e-04 1
1.099127e-04 1
1.657387e-05 4
2.276815e-04 1
1.566303e-05 1180
3.952457e-05 1
2.350514e-05 1
2.535480e-05 1
5.921704e-05 1
5.517522e-05 1
4.635438e-05 7
1.559816e-04 3
5.091023e-05 1
9.664414e-05 229471
1.490382e-05 1
2.037804e-05 2
6.847436e-06 2
2.886355e-05 1
8.607283e-05 1
2.320507e-05 1
4.805952e-05 1
7.432820e-05 1
6.560676e-05 1
2.332597e-05 257
3.567560e-04 5
2.592233e-06 2
2.903574e-04 4
4.660635e-05 59
9.765100e-05 646206
8.687089e-07 1
6.740318e-05 289302
8.063121e-05 1
5.086448e-05 1
6.560293e-05 1
2.195039e-05 2
1.394353e-05 1
1.370159e-04 1
6.659272e-05 146950
4.942950e-04 1
3.072300e-04 1
7.626805e-05 1
7.836324e-05 1
4.728517e-05 1
2.214653e-05 7
3.068673e-05 5
3.341151e-06 1
7.604672e-06 3
2.033484e-04 3
1.478970e-04 1
9.416886e-05 1998
9.944506e-05 1
1.869659e-04 4
7.416907e-05 3
3.780824e-06 1
2.529604e-04 4
4.461593e-06 3
7.565167e-05 59145
3.954107e-05 2
1.746291e-05 1
1.339145e-04 1
3.030715e-05 1
2.080994e-05 1
2.213509e-04 1
2.964049e-05 92
3.951334e-05 1
3.337240e-05 1
1.983661e-04 5
2.794583e-05 1
1.334786e-05 3
4.111373e-05 1
2.880544e-04 1
5.875895e-05 1
2.350911e-05 1
4.736991e-06 1
5.672818e-05 1
1.603804e-05 25
7.855540e-05 32641
1.913643e-06 1
5.470297e-05 3
2.197230e-04 33068
4.037902e-06 3
1.232035e-04 1
2.977364e-05 5
1.041753e-04 697
6.604631e-05 1
1.263538e-04 2
7.608029e-06 1
1.030811e-04 1
8.283579e-05 2
4.316514e-05 1
6.828613e-05 1
5.493856e-05 1
3.155796e-05 1
6.159881e-05 7
1.196966e-04 3
6.216221e-05 546653
1.753167e-04 1
4.609480e-05 109
3.838516e-05 1
2.790830e-04 3
5.289963e-05 1
2.874607e-05 254
4.476333e-05 1
8.968274e-05 1
4.674686e-04 27098
2.009443e-04 3
8.784409e-05 9110
9.268279e-05 2
4.226670e-05 1
1.406716e-05 1
7.680395e-06 87
5.256976e-04 6
6.256982e-05 1
1.316419e-04 3
4.785863e-05 1
4.651882e-05 1
1.924758e-05 1
1.829080e-05 1
1.371853e-04 1
6.373536e-05 71
3.880471e-05 66526
1.052438e-04 1
4.087971e-04 1139
8.013957e-05 1647
5.733019e-05 1
3.924527e-05 5
7.356369e-05 1
2.056322e-04 2
9.826640e-05 1
5.668664e-05 3
1.481107e-05 1
1.357772e-04 3
4.267098e-05 1
1.149113e-05 458
7.364033e-05 1
1.329269e-05 1
3.391332e-05 1
2.176331e-05 145
1.767525e-06 4148
1.354440e-04 909
2.853511e-05 2
2.227567e-06 1
4.176921e-05 1203
6.866030e-06 145
1.391810e-05 6
1.068912e-05 3
1.664718e-04 1
2.958884e-05 1
2.036531e-04 6
1.041803e-04 2
6.692416e-05 105
2.794065e-05 207
2.403571e-05 2
8.440273e-05 2
7.994855e-05 291
7.564194e-05 1
7.923656e-05 5
1.409758e-04 1
6.319105e-05 2
2.915213e-05 1
1.983209e-05 1
1.547752e-04 221
2.480992e-07 7
7.782790e-06 1
1.323005e-05 1
8.628879e-05 6
2.675148e-05 1
1.153414e-05 230
3.577561e-05 57060
2.722080e-05 1
8.066728e-05 33
1.381603e-04 1
5.125252e-05 3
5.550419e-06 1
1.408309e-04 1084
3.382421e-05 2
9.198780e-05 1
1.759978e-05 1
4.230406e-05 1
1.551255e-05 62226
6.246997e-05 1
3.440203e-04 86
4.705227e-05 1
1.425570e-04 1
3.264223e-04 5
3.763987e-04 44782
6.709375e-05 45285
5.147638e-05 1
1.701717e-04 7
2.530214e-05 5
2.581465e-05 4
1.616851e-06 1
1.357947e-04 1
4.630100e-05 3
7.005169e-05 1
1.014511e-04 100
1.306177e-04 1
4.665193e-05 1
3.683733e-07 1
4.383621e-05 1
1.876328e-04 1
1.467579e-04 2
3.770556e-05 2
1.271196e-04 1
2.168274e-05 2
9.784699e-06 1
1.595991e-05 1
1.668393e-04 1
4.982095e-05 2
1.900931e-05 1
9.242447e-06 1
2.096544e-04 3
1.098179e-05 1
4.537419e-04 213
2.973405e-05 7
1.066627e-04 2
1.145058e-04 1
1.903214e-04 1
6.531543e-05 1
3.872605e-05 1
3.980051e-05 1
1.442813e-05 47133
1.333552e-04 7
9.347061e-05 1
2.236701e-04 1
3.020446e-04 6
2.853552e-04 62737
1.174411e-04 56501
2.119803e-04 221
2.695493e-05 626
1.125784e-04 3
1.330918e-04 74
9.164670e-05 1
4.475708e-05 158
5.875439e-05 1960
1.160960e-04 1
5.174320e-06 1
1.816396e-04 27994
3.285143e-05 270265
5.503111e-05 1
1.607873e-04 248
1.169063e-04 1
1.331323e-05 5
1.116153e-04 1
2.521431e-05 46
7.288583e-05 3
2.224960e-04 1
1.118665e-04 2
3.845529e-05 4
1.985278e-05 1
1.501015e-04 3
1.886320e-04 2
2.032708e-04 2
2.059613e-04 1
3.450544e-05 1
1.404090e-04 6
1.491895e-04 1
2.797938e-04 1
2.367845e-04 2
3.164187e-05 1
6.353908e-05 1
3.673940e-05 4
9.079587e-07 1
7.283034e-06 2
1.098115e-05 56572
1.347113e-05 1
5.996829e-05 2
7.772624e-05 1
6.716733e-05 3
4.011503e-05 2
6.781483e-05 1
6.700500e-05 1
4.159031e-05 1
1.521971e-04 167
1.066466e-04 263
1.674775e-04 1
7.807849e-05 1
5.508743e-05 1
5.203755e-06 136
3.916009e-05 1
1.393879e-04 1
1.225073e-04 7
5.175402e-05 1
1.268278e-05 1
1.831891e-04 2
7.065414e-05 1
5.757470e-05 1
4.719700e-06 1
2.725269e-05 1
2.675577e-04 2
1.077924e-05 1
2.898874e-05 1
6.427775e-05 1
7.047297e-05 176
2.052257e-04 2
8.891086e-05 1
2.315580e-04 125
1.492708e-04 1
1.095473e-04 1
1.323099e-05 1
3.249750e-04 5182
5.068704e-05 1
1.857557e-05 3
2.220362e-04 1
5.178597e-05 7
1.417013e-05 464
1.175251e-05 1
2.346537e-05 4
1.257551e-04 7
8.149455e-05 568146
2.443997e-04 1
1.333395e-04 3
3.091344e-05 1
6.694240e-05 1
1.103924e-04 2
2.738072e-04 1
3.720556e-05 1
1.054270e-04 2
3.980080e-05 182
2.105367e-04 28
2.276779e-04 1
6.003079e-05 1
1.011478e-04 6
7.168816e-06 3
3.212676e-05 194
7.304662e-05 1
1.859778e-05 1
1.235910e-05 1
9.156109e-05 106
1.558669e-05 108
1.328281e-04 1
1.891127e-04 1
4.759063e-05 1335
1.070644e-05 2
8.223692e-06 2
4.856359e-05 3
1.009278e-04 1
1.044291e-04 1
1.673806e-04 1
2.064643e-04 6
3.692585e-05 1
1.713363e-04 1
1.432701e-06 7
1.216277e-04 3
3.713176e-07 1
2.134136e-04 2
9.040312e-05 7
1.618166e-04 2
1.395332e-04 2
1.096183e-04 5
9.483575e-05 1
4.254728e-06 2
1.204139e-04 1
2.091839e-04 1
4.726747e-05 1
1.297649e-05 5
1.823112e-04 1
1.082327e-04 1227
2.824897e-05 1
1.361967e-05 299
2.230263e-05 1
6.759364e-05 1
4.546155e-05 1
3.403505e-05 6
9.523281e-05 1
1.471287e-04 3
6.923815e-05 1
1.065498e-04 224
5.142942e-05 2
1.445900e-04 193
6.054080e-06 1
1.705417e-04 4
2.446683e-05 1
3.579939e-05 1
1.054453e-04 1
2.117975e-05 3
1.748660e-05 1
9.903032e-05 4
8.300397e-06 1
4.480008e-05 1
8.442405e-05 1
2.739548e-04 1307
2.019309e-05 2
1.067499e-04 15
9.710832e-05 1
1.025994e-05 1
3.081202e-05 4
1.132567e-04 2
7.723086e-05 1
7.156170e-05 1
4.953953e-05 1
6.454349e-05 1
1.635698e-04 1
8.397165e-05 1
2.021432e-04 3
5.041018e-05 1
3.676804e-05 1343
5.106119e-05 1
1.180772e-04 1
4.861559e-05 6
7.138859e-05 3
5.136554e-05 7
1.564606e-04 2
1.605097e-04 3
9.449373e-06 4
5.081556e-06 1
2.642972e-04 2
5.363920e-05 1
2.770047e-05 36
1.725804e-04 1
1.694561e-04 3
5.188325e-05 1
5.307371e-05 2
1.804954e-04 2
4.040787e-06 5
8.126719e-05 1
3.712105e-05 6
1.450790e-04 1
3.162712e-04 1
7.897795e-05 1
1.822138e-04 1
2.210618e-05 1
8.256098e-06 3
1.866695e-04 1
5.470906e-07 6
1.899347e-04 1
7.291447e-05 3
1.533112e-05 2
1.817802e-04 1
2.313812e-04 1
1.377391e-05 1
3.378688e-05 2
1.031378e-05 1
6.146097e-05 1
7.714859e-05 1
2.399123e-05 7
2.603812e-05 4
5.901345e-06 111
1.549105e-04 3
1.475867e-05 203
1.365428e-05 2
1.722430e-04 46397
1.604939e-05 1
1.177539e-04 1
1.194436e-05 2
1.046559e-05 1
7.666685e-05 6
4.515665e-05 7
1.348485e-04 4
2.636583e-04 3
4.496610e-05 1
1.536385e-05 1
4.719938e-04 7
3.046349e-05 541
2.218020e-05 1
1.236708e-04 6
3.678495e-05 7
2.659015e-05 1
1.986819e-04 1
6.761812e-05 2
1.600224e-05 1
4.902049e-05 28983
3.937850e-05 3
1.102080e-06 1
6.084087e-05 1
3.295088e-05 1717
4.332484e-05 6
9.140572e-05 157
1.267412e-06 1
3.410973e-05 1
1.049537e-04 1
6.984227e-05 3
8.043882e-06 1
1.977274e-06 1
3.254245e-04 1
3.573285e-05 1
7.916031e-05 54
4.976256e-05 2
5.751879e-05 3
2.672810e-04 1
1.640910e-04 1
9.476138e-06 1
1.453543e-04 3
9.158463e-06 2
7.151501e-05 4
2.063710e-04 3
7.535403e-05 13013
9.398147e-05 3
3.305283e-06 97
4.368417e-05 1
1.190541e-05 2
1.826535e-05 1
2.220347e-04 1
3.565492e-05 1
1.256373e-05 1
3.518589e-05 1
9.216023e-05 5
2.889960e-06 1
8.913523e-06 1
9.651907e-05 1
2.064018e-05 1
6.133291e-05 25
2.851191e-05 6
1.607250e-04 1
8.315959e-05 1
3.214279e-06 2
2.018134e-05 3
8.236380e-05 1
5.992713e-05 1
5.952437e-05 1
1.495704e-04 1
8.170058e-05 66152
2.456530e-05 1
7.555757e-06 595324
4.864070e-05 55
1.107066e-04 1
9.257958e-05 4
3.748842e-04 1
1.369318e-04 2
1.652596e-04 1
5.118462e-05 3
8.939032e-05 1
8.457317e-05 3
1.438306e-04 207
7.658855e-06 1
8.594141e-05 59
2.515552e-05 107
1.741687e-05 1
9.317874e-05 1
4.890050e-05 7
1.778423e-05 1
1.317823e-04 1
1.768373e-04 1
2.445548e-05 225
4.729934e-05 162
3.271219e-05 1803
5.221088e-05 1
1.704283e-04 1
1.106674e-04 1
1.549608e-04 1
2.288791e-05 181
4.319287e-05 1
1.049198e-05 1
4.621613e-05 23230
3.369673e-05 1
9.463155e-05 1
9.107037e-05 2
6.942983e-05 5
8.546104e-06 3
7.276164e-05 4
1.138235e-05 265
3.378384e-04 1
2.026020e-06 1876
1.082662e-04 1
7.074814e-05 2
3.399963e-05 1
1.192712e-04 2
4.528933e-04 1
9.131421e-06 1
4.665309e-05 2
4.800347e-05 3
3.204899e-05 1
3.347099e-04 1
2.821133e-04 3
3.253249e-05 2
9.889063e-05 1
2.330467e-04 1
9.954454e-05 1
8.106883e-05 3
3.217564e-04 129
7.154684e-05 2
2.264485e-04 1
6.173054e-06 2
1.733849e-04 7
7.533933e-05 1
1.352385e-05 7
1.887520e-04 1
1.656453e-05 1
5.564181e-05 3
2.941696e-05 4
1.150063e-05 1
3.110340e-05 4
2.351064e-04 1
1.822196e-04 1
1.008769e-04 1
4.600749e-05 1
4.792416e-05 2
1.766543e-04 243
7.508416e-05 1
1.004998e-04 1
5.794073e-05 1
7.357780e-06 301776
3.468069e-05 1
9.055153e-06 3
1.576889e-04 3
2.234334e-05 1
1.173919e-04 1
2.454147e-05 2
3.627495e-05 6
7.879866e-05 1
1.391681e-05 3
1.556642e-04 1910
1.148220e-04 1
7.137034e-05 2
2.127132e-05 3
1.088356e-05 1
1.660657e-05 1
1.272007e-04 1
1.001223e-04 1
5.211881e-05 3
1.693178e-04 1
1.382502e-04 106
2.270593e-05 265
1.515402e-05 1
4.507315e-05 1
8.315797e-05 6
1.278829e-04 2
1.889794e-04 3
4.039147e-05 1
1.640764e-04 1
6.554721e-05 30
1.052012e-04 6
5.560951e-05 1
1.536109e-04 2
4.986125e-06 1
1.199132e-04 3
3.654304e-05 1
5.831469e-05 208
1.296764e-04 1
1.163807e-04 1
1.557908e-04 3
2.981754e-05 2
2.731539e-05 2
1.420982e-05 864
2.814096e-06 1
2.549379e-05 245
3.238764e-04 2
8.381821e-05 1
4.535633e-04 1
1.073122e-04 1
9.359774e-05 1
2.908072e-05 1
1.980739e-06 1
1.639665e-04 1
3.989347e-05 1
7.159851e-05 1
4.281744e-05 63802
1.174130e-07 1
3.043845e-05 140
1.436746e-04 1
8.053661e-06 1
2.216684e-05 2
2.212808e-06 1
7.030975e-05 3
4.100605e-06 4
3.793503e-05 1
4.697743e-06 2
4.777940e-05 112
1.380027e-04 9
3.776139e-05 3
7.954063e-05 3
1.475423e-04 1
3.370433e-05 1
8.332796e-05 3366
9.061823e-05 1
9.448211e-08 2
2.680430e-06 4
2.245731e-04 1
2.075331e-04 1
8.191948e-05 5
3.254321e-04 2
2.229652e-04 105
2.555685e-04 1
2.708231e-05 220
2.363319e-05 3
2.792685e-06 6
1.291346e-05 3
1.844712e-04 7
5.128435e-05 1
2.988644e-04 1
2.637329e-05 63288
1.854926e-04 1
2.154305e-05 1
9.204888e-05 1
2.347802e-04 1
5.276762e-05 20
6.517714e-06 1
1.719334e-05 638
5.423527e-05 2
3.366343e-04 1
2.595395e-05 2
1.089398e-04 1
4.609562e-05 12631
3.982606e-05 726
3.371805e-04 1
4.195299e-05 1
4.658872e-05 1
4.569426e-05 1
4.639489e-05 1
4.113545e-06 3
6.423013e-05 5
4.819393e-05 3
2.110355e-05 1
2.322650e-05 1
3.542948e-04 1
1.584814e-05 6
2.152170e-04 3
3.495315e-05 1
1.317875e-05 1
3.787720e-05 1
8.521814e-05 2
4.616807e-05 6
9.413201e-05 1
6.823768e-06 60271
3.247722e-05 195
8.714111e-05 63
1.309090e-05 3
7.825932e-05 1
1.301990e-05 1
5.197413e-05 1
4.367535e-05 1
7.103690e-05 6
6.538021e-05 1
2.282197e-05 1
5.132835e-05 1
2.288465e-05 3
5.652624e-06 1796
7.808287e-05 1507
2.060031e-05 1
2.455457e-05 2
5.897411e-05 6
2.075916e-05 354
1.424342e-04 1
1.042333e-05 5
6.840800e-05 1
2.263472e-05 13154
1.660976e-04 2
2.868857e-04 2
1.384810e-04 1
1.679274e-05 1
2.543492e-05 4
2.494455e-05 3
8.993693e-06 1
3.414443e-05 2
1.098649e-04 2
1.831999e-05 4
8.666362e-05 266
1.164585e-05 1
8.242736e-05 2
7.517202e-05 1
3.613031e-05 1
1.432149e-04 1
5.026548e-05 2
1.156691e-05 210
5.892768e-05 10
1.632385e-05 1
3.615886e-06 1
5.719800e-05 121
1.506314e-05 1
5.641412e-05 1
2.311446e-05 1
1.319039e-04 1
6.400385e-05 1
2.119968e-04 1
1.133778e-04 1
6.709708e-05 1
1.441493e-04 3
2.861465e-05 6
1.964973e-05 1
2.114716e-05 1
6.967763e-05 541
2.332417e-05 61882
5.764897e-05 1
2.583302e-04 1
1.209723e-05 103
1.015242e-04 1
1.848516e-04 570
5.538382e-06 2
1.284715e-04 197
8.675942e-06 1
2.859340e-04 1
1.060153e-05 2
9.160777e-07 1
9.951771e-05 1
7.319820e-05 7
5.843256e-07 1
9.891765e-05 3
4.879648e-05 5
3.741770e-05 1
3.258722e-05 1
2.901424e-05 1
2.761176e-05 66554
2.805831e-05 2
7.102162e-06 1
2.281647e-05 1
1.694403e-04 1
1.741614e-04 1
3.527664e-05 45
3.713881e-05 1
3.063395e-05 10088
2.168326e-05 3
5.679545e-05 1
1.204112e-05 338
6.375565e-05 1
1.281841e-04 7
1.025052e-04 1
1.041077e-04 4
5.058329e-05 1
6.577447e-05 3
8.444386e-05 4
8.178841e-05 1
1.902694e-04 1
6.990447e-05 1
3.270598e-05 6
3.941942e-05 407497
3.775442e-05 1
3.673144e-05 1
2.206081e-05 1
1.062520e-05 1
7.297834e-05 2
2.862910e-05 1
5.087515e-05 3
1.516175e-04 249
1.567188e-04 20429
1.107014e-04 1
9.916312e-05 1
3.634960e-05 1
1.452828e-04 2
6.257177e-05 152382
1.806654e-04 1
1.271926e-04 3
1.659270e-04 1
7.021686e-05 111
1.284312e-04 3
2.205034e-04 3
4.542912e-06 1
6.275809e-05 88
2.304762e-04 167
2.053715e-06 1
1.814528e-04 76
9.244778e-05 1
5.373908e-05 1
6.412293e-05 1
3.132559e-05 7
1.099620e-04 846
2.098334e-05 1
1.548045e-04 1
6.831452e-06 781
4.077705e-05 1
1.348048e-04 1
7.891946e-05 1
6.715330e-05 1266
8.973808e-05 1
2.349680e-04 1
9.252485e-05 193
1.343405e-05 6
5.380344e-05 1
1.286964e-04 1
4.993574e-05 6
4.054555e-06 266
1.975926e-04 1
1.041243e-04 1
1.356173e-04 3
8.608654e-06 1
7.952891e-05 2
2.146737e-05 1
4.661336e-05 226
8.158635e-05 1
3.319318e-04 1
7.135568e-05 4
1.923239e-04 2
2.715127e-05 1
1.765659e-05 1
3.487267e-05 2
2.614650e-04 1
1.989559e-05 1
8.352919e-05 160
1.239128e-04 2010
9.658117e-05 2
4.493913e-05 3
5.138944e-05 3
9.286710e-05 2
1.972016e-05 1
1.522033e-04 29924
1.044387e-04 4
2.192071e-05 3
4.483710e-05 1
8.002552e-05 3
4.938980e-05 1
1.932591e-05 1
3.424013e-05 3
3.666618e-05 3
1.182957e-04 2
5.578405e-05 207
2.633912e-04 1
1.597073e-05 2
4.652645e-05 1
3.341427e-04 1
1.503871e-05 7
5.742333e-05 1
9.739533e-05 1
6.186630e-05 1
1.213234e-04 5
1.217861e-04 1
1.273565e-05 3
8.544998e-05 1
3.099931e-04 1
1.313273e-04 2
1.084658e-04 5
6.135623e-05 1
1.758716e-05 6
6.798241e-05 1
6.262279e-06 2
1.378376e-04 4
2.342324e-05 107
2.308768e-05 1
4.293542e-06 5
7.456545e-05 3
6.841270e-08 26142
3.259542e-05 1
3.744932e-05 1
2.368388e-06 230
6.387500e-06 6
2.299714e-05 1
1.072749e-04 1
5.167449e-05 2
2.533136e-04 1
6.203722e-05 4
2.011021e-05 1
1.765755e-04 1
1.890065e-05 1
8.720329e-05 151
4.882677e-05 1
1.196334e-04 1
2.473305e-04 26
4.974712e-06 5
1.533006e-05 1
2.005254e-05 1
7.320136e-05 1
1.308901e-05 5
1.408562e-05 1
3.247672e-05 65887
1.040723e-04 2
1.607851e-04 2
2.507185e-04 2
4.375128e-05 14100
2.649630e-04 3
1.065020e-04 7
1.543943e-05 1
1.589268e-04 1
5.255052e-05 1
4.636902e-04 1
1.361567e-05 7
6.958206e-05 22
9.233911e-05 3
8.730967e-05 1
1.973307e-05 2
4.776692e-05 2
2.516846e-04 1
4.728271e-06 1
4.294869e-05 19170
2.351383e-04 1
3.474072e-05 1
8.721367e-05 4
6.094810e-05 1
6.434537e-05 1
2.858545e-05 1
2.263705e-05 1
7.120694e-06 1
5.134547e-05 1
1.725211e-05 6
1.396348e-05 1
1.683087e-04 1
1.958653e-04 3
7.368905e-05 165
5.326140e-05 1
1.494699e-04 1
1.706401e-04 1
3.329263e-06 2
2.199342e-05 1
1.544870e-04 1
2.736324e-06 3
3.740861e-05 1
5.430555e-05 3
7.201239e-06 3
1.789261e-04 1
2.146095e-06 1
3.993921e-05 1
1.167642e-04 1
6.972825e-05 1
3.704116e-05 1
1.307722e-04 7
5.788486e-05 1
1.742105e-04 1
1.664611e-04 161
8.376575e-06 3
7.999357e-05 1
7.997307e-05 606478
4.560376e-04 1
5.789205e-05 1
3.658313e-05 1
1.111700e-04 2
2.389767e-04 686
1.652833e-04 3
6.879562e-05 3
2.770059e-05 1
2.593475e-04 1
6.012673e-05 1
8.218749e-05 1
6.001879e-05 1
3.989658e-05 1
5.779534e-05 1
8.169208e-05 1
5.886607e-05 158
8.075154e-05 2
1.495283e-04 1
5.970744e-06 3
2.628912e-06 1
5.777686e-05 139
1.130293e-04 6
5.324578e-05 128
1.586965e-05 1
6.146741e-05 1
3.583562e-05 3
9.342452e-05 54
2.346445e-04 1
1.958480e-05 2
1.092937e-04 1
2.284083e-04 1
2.423019e-05 5
4.020508e-05 46035
2.461582e-06 1
3.592426e-05 2
3.912059e-05 1
1.578234e-04 214
7.876342e-05 1
5.173871e-05 1
6.975000e-06 1
1.309313e-04 1
2.409832e-06 3
5.130823e-05 304377
2.910514e-05 5
2.228875e-04 3
7.783628e-05 2
9.457728e-05 1093
3.597233e-05 3
1.598666e-05 1
4.565658e-05 6
4.848064e-05 3
9.180044e-05 5
1.694554e-04 1
2.614147e-05 1224
2.640749e-05 2
2.101212e-05 6
2.252526e-05 6
1.947355e-05 3
1.212122e-05 211
1.134038e-04 167
1.053656e-05 1
1.395027e-05 3
3.000807e-05 131
9.968558e-06 3
1.040460e-05 1
2.536745e-05 1
6.870423e-05 16568
2.335328e-05 1
6.990010e-05 2
1.642976e-04 3
3.322623e-05 1
2.367599e-05 1
2.822988e-05 3
1.228178e-05 1
3.252915e-05 1
7.160002e-05 1
1.598609e-05 2
1.338860e-04 1
4.799132e-05 1
1.346014e-05 1
1.037232e-05 2
1.428521e-04 2
5.388520e-06 1
7.443279e-05 3
6.270976e-06 1
9.124020e-07 1
4.520149e-05 1
2.798617e-04 2
1.745720e-04 7
2.463286e-04 1
1.159108e-04 3
2.687841e-05 265
3.154455e-05 1
1.191313e-04 1
2.452585e-04 1
1.204159e-06 2
1.137970e-04 1
1.966233e-05 4
1.016709e-04 1
7.061961e-05 1
7.049453e-05 1
4.311208e-05 2
8.756225e-05 4
1.529353e-04 4
6.756327e-05 1
1.996948e-05 1
2.620082e-04 1
4.875500e-05 3
1.217002e-04 7
1.367335e-05 6
9.035065e-06 3
8.245375e-05 1
1.276187e-04 2
5.956935e-06 24456
5.981616e-05 1
2.059806e-05 1
1.430545e-04 1158
2.705836e-05 7
1.683609e-04 1
4.300782e-05 1
1.382310e-04 492128
3.449863e-05 4
4.510982e-05 1
8.719841e-05 72
1.682759e-05 7
9.019206e-06 60
1.142965e-04 3
7.148313e-05 1
1.279045e-04 1
1.356125e-05 1
4.006315e-05 1
1.144015e-04 1
5.179217e-06 3
2.238001e-05 1907
1.396398e-04 1
5.017402e-05 230
4.933265e-05 1
1.526364e-05 1
2.207078e-05 1
1.258641e-04 1
2.734441e-05 1
2.018641e-05 3
6.796366e-05 3
1.210345e-04 1
1.564264e-05 1
5.404661e-05 1
1.009258e-05 1
6.076369e-05 3
3.539706e-04 2
3.335052e-05 1
1.339057e-04 1
9.191196e-06 2
6.210955e-06 3
1.039702e-04 1
5.550989e-05 658453
5.369579e-06 1
3.654973e-05 2
2.225790e-04 1
1.229145e-04 2
6.053654e-05 1
2.321207e-04 1
6.830087e-05 5
1.499196e-04 111
3.212339e-06 2
6.854133e-05 1
2.454004e-05 1
1.068720e-04 2
7.301172e-05 1
3.831201e-05 7
1.689945e-04 1
3.070014e-04 4
7.569107e-05 3
3.125403e-04 1
1.308830e-05 1
1.108528e-04 103
1.952897e-05 1
6.906973e-05 1
1.257406e-04 159
1.131335e-05 1
1.491192e-04 1
1.873201e-06 1
1.234670e-04 1
1.790722e-05 3
3.834575e-05 2
1.418648e-04 2
7.450674e-05 2
6.600801e-05 1
2.676716e-06 1
5.831270e-05 12950
1.596895e-05 1
5.289722e-05 1
1.832518e-04 1
1.415592e-04 74
2.152797e-05 1
4.143019e-05 1
1.926679e-04 1
1.326686e-04 155
4.585830e-05 1
3.798755e-06 1
1.086191e-04 1
1.814280e-04 5
1.264556e-04 1
2.237825e-05 7
2.508729e-04 20
1.104562e-04 2
4.257856e-04 1
7.904733e-05 4
5.013373e-05 1
2.748992e-05 1951
2.104648e-05 930
2.191430e-05 1
7.909778e-05 1
1.118583e-05 2
3.707923e-05 1
6.978123e-05 128
3.976263e-06 1
2.987013e-05 184
9.172016e-07 1
2.393584e-04 1
5.907725e-05 1
8.607552e-05 1
2.993491e-05 1
4.897013e-05 1
3.229308e-04 7
1.492287e-04 1
1.124799e-04 1
2.842596e-05 22236
2.813380e-04 244
1.655622e-04 1
6.490983e-05 5
2.751868e-05 2
4.784248e-05 1
1.283485e-04 1930
4.269380e-06 3
9.304681e-05 39
2.444111e-05 216
3.527164e-05 1
3.952169e-05 1
7.856724e-05 2
5.809104e-05 6
2.216626e-05 1
9.576681e-05 464079
8.916949e-05 1
7.061962e-05 1
1.321040e-04 1
5.257631e-05 994
3.595767e-05 2
8.959668e-05 1
1.540062e-04 1
1.218043e-04 724
3.286018e-05 195
1.011750e-04 3
1.095793e-04 2014
2.355986e-04 2
3.280612e-04 233
7.284888e-05 2
5.356535e-05 220
1.643297e-04 5
1.206004e-05 223
7.679189e-05 5
1.035183e-04 5
4.602699e-05 1
2.884081e-04 1
2.511675e-05 2
7.992463e-05 3
8.809626e-05 1
1.401889e-04 3
4.554256e-06 1
1.095305e-04 1
2.844998e-06 5
4.504371e-05 3
1.842079e-05 1
3.849176e-05 75
2.858101e-06 1
4.818507e-05 1
5.467804e-05 1
1.643534e-04 2
4.958196e-05 3
3.981261e-05 2
1.446085e-04 1
6.659284e-05 1
6.544313e-05 4
2.428298e-04 2
1.365546e-05 2
3.001733e-05 3
4.997693e-05 1
1.214821e-04 6
3.417104e-05 1
9.727075e-05 1
1.384956e-05 1
1.570653e-05 1
2.562029e-05 2
2.515882e-05 1
4.188586e-05 1
1.218229e-04 1
6.493287e-05 1378
3.521624e-05 1
2.899375e-05 2
1.770998e-05 1
1.121312e-04 1
3.861388e-04 5
1.312173e-04 1
1.266064e-04 5
3.306878e-06 1
5.824688e-05 1
2.947577e-05 1
5.014131e-05 1
2.362713e-04 4
7.735735e-06 1
8.314077e-05 1
7.663402e-06 2
7.956834e-05 7
6.930900e-05 7
6.514889e-06 1
4.283513e-05 3
2.796889e-04 1
3.069215e-05 1
1.005577e-04 21
9.639641e-05 1
9.380290e-05 1920
5.820291e-05 1
3.949034e-05 1
1.408476e-04 943
1.283650e-04 3
1.341327e-04 165
4.336120e-04 3
1.342584e-04 40361
3.300934e-05 1
1.244327e-05 1
7.246406e-05 1
4.359338e-05 2012
7.285105e-05 1
6.279232e-05 1
1.448399e-04 1
1.231182e-05 1
2.438815e-05 1
1.045101e-04 1345
4.317917e-05 3
1.330873e-04 103
1.148903e-04 3
1.052175e-04 110
1.356871e-04 1
2.025660e-05 44552
1.437916e-04 4
4.905035e-05 1
2.190300e-06 30
1.489472e-04 1
1.549205e-04 3
9.751948e-05 1
5.445025e-05 242
3.137972e-04 3
2.591231e-06 1
1.273795e-04 5
5.612005e-05 1
6.869713e-05 194
2.312582e-04 3
1.964822e-05 1
4.333602e-05 1
2.040738e-04 65528
2.034205e-05 99
1.533658e-04 5
4.300601e-05 2060
6.130712e-05 15679
1.201884e-05 1
6.128811e-05 36
4.908356e-05 1
2.452860e-05 6
6.380550e-05 678
4.249147e-05 110
2.233431e-04 7
7.925532e-05 3
5.205397e-05 585
1.272936e-05 1
2.531058e-05 1
6.161249e-05 197
6.093512e-05 1675
2.769570e-06 1
2.294346e-05 1
3.605221e-04 1
2.367676e-05 2072
2.458339e-05 1
4.354483e-05 1
1.194167e-04 192
1.002656e-04 5
4.827605e-05 1
9.516490e-06 82
2.159559e-06 1
1.034454e-04 1
9.953949e-05 1
7.264799e-05 1
8.529689e-06 4
2.751576e-07 1
2.525264e-04 1182
1.199814e-04 1
5.764660e-05 1
4.106261e-05 1
8.794546e-07 1
2.063209e-05 21
2.362363e-05 22
2.093692e-04 1
2.741387e-05 1
3.214419e-05 1871
6.836065e-05 1
2.925645e-05 1
1.046643e-04 1
1.795363e-04 1
1.282259e-04 3
1.775461e-04 5
3.872305e-05 1
4.265006e-05 1
7.174053e-05 2
5.986037e-05 3
2.112464e-04 3
1.951358e-05 5
1.364368e-04 2
4.852973e-05 1
5.891907e-05 1
1.445062e-04 1
1.776892e-05 5
6.367936e-05 1
1.009222e-04 67
6.470455e-05 3
1.581522e-05 1
1.287905e-04 86
9.295196e-05 3
1.110141e-05 1
2.286881e-04 3
3.991142e-05 4
6.882727e-06 1
9.256693e-05 1
7.614687e-05 3
4.776117e-05 1
1.258469e-04 4
5.305713e-05 1
1.989735e-05 1
1.917337e-04 1
1.000871e-04 1
8.077736e-06 1
1.317562e-04 133
3.214060e-05 52928
1.441264e-06 3
1.021123e-05 176
1.208062e-05 45948
1.124229e-04 1
3.541891e-05 367727
2.800759e-05 1
1.029887e-04 2
1.431720e-04 4
2.727436e-05 1
1.258085e-04 1
5.211267e-06 1
1.171051e-05 3
1.860372e-04 17489
5.606147e-05 6
8.295135e-05 1
1.822045e-05 1
1.348431e-05 1
1.621333e-05 1
6.656372e-05 102
5.438172e-05 1
1.306138e-04 151
5.806132e-05 1
1.570902e-04 1
2.351364e-04 1
7.998921e-06 463778
2.202134e-05 59
3.131557e-05 1
1.933981e-06 1
4.268493e-05 2
1.138108e-04 1
9.839770e-05 2
2.211169e-04 1
1.016141e-04 2
3.693416e-05 645307
1.449759e-05 3
2.561183e-05 6
3.940103e-05 2740
1.089323e-04 1
6.002189e-05 3
1.051792e-04 1
8.535429e-05 6
4.389720e-05 1
1.527224e-04 1
3.192557e-05 5
6.721382e-05 1
1.829603e-05 1
3.506613e-05 1
6.574814e-05 7
5.380309e-05 68
1.864932e-04 1
7.688639e-05 1
5.498002e-05 1
2.214607e-04 2
1.127599e-05 1
1.427751e-05 1
9.789276e-05 2
5.878427e-05 2
7.542683e-05 1
1.169397e-05 5
1.386520e-04 1
1.596654e-05 1
7.913581e-05 6
1.038165e-04 6
2.520318e-04 116
2.344834e-05 165
7.702326e-05 1
2.294899e-04 1
1.207650e-04 6
9.120848e-05 2
5.317683e-06 1
3.493862e-05 1
1.312599e-04 1
1.356305e-04 1
1.307613e-04 362318
9.941694e-05 39363
1.054661e-04 2
3.843224e-05 1
2.040911e-05 1
2.782122e-04 90
1.481814e-05 2
1.995885e-04 6846
1.011307e-04 6
1.217511e-04 21197
1.955985e-05 1
3.227574e-06 1
8.797051e-06 1
1.106345e-04 2
6.769311e-05 6
1.333130e-04 4
3.378012e-05 3
1.504907e-04 1906
2.876467e-05 1
4.603235e-05 5
2.491821e-06 1
5.106959e-05 1
5.062739e-05 6
5.905596e-05 86
2.254000e-04 1
3.650228e-05 1435
3.356619e-05 3
8.636281e-05 1
8.722610e-05 3
3.081017e-04 1
5.558070e-05 1832
1.535583e-05 7
5.297769e-05 1020
7.737894e-05 1
3.821203e-05 849
1.965708e-04 1
4.014871e-06 2
1.675483e-05 1
4.747647e-05 1
1.557283e-04 1
1.368069e-06 1
1.402931e-04 1
3.116124e-05 42
3.369141e-05 2
6.841685e-06 1
2.263703e-04 1
7.461795e-05 2
9.144155e-06 4
3.125984e-05 1
9.092172e-07 2
2.104784e-05 1
4.848612e-04 7
6.348733e-05 1732
6.726507e-05 7
5.120548e-05 3
7.808602e-05 1
1.988930e-05 3
1.220099e-04 2
1.453567e-04 1
2.158863e-05 702
5.587448e-05 2
3.729379e-05 1
4.050724e-05 1
2.095519e-05 100
1.554300e-04 1
5.140735e-05 214
9.281402e-05 1
1.556745e-04 7
2.530753e-04 6
2.989389e-04 1
1.047542e-04 1
3.292141e-05 6
2.721924e-05 1
2.205457e-05 1
1.497295e-04 1
8.178861e-05 1
4.116016e-05 1
5.704816e-05 1
5.506520e-05 1
1.518641e-05 2
1.559346e-04 1
6.533684e-05 7
1.333689e-05 1
1.419693e-04 44308
2.418663e-07 1
1.306930e-05 1
9.752399e-06 261
1.500235e-04 1
1.793383e-04 1
9.850009e-05 1
1.555166e-04 1
2.373955e-05 255
2.531185e-05 2
1.516536e-06 1
3.549134e-05 1
4.651806e-05 6
1.503676e-05 1
1.315773e-05 1
2.284939e-05 2
2.507275e-06 1
2.464126e-05 26246
1.566661e-04 3
2.154914e-05 181
2.258303e-04 5
1.807129e-04 207
3.222870e-05 6
2.357379e-05 1
3.923965e-05 1
7.210868e-06 1
1.058145e-05 1
1.356595e-05 1
8.321645e-05 2
4.673128e-05 2
6.616374e-05 1
5.509917e-05 1
9.109689e-06 482241
4.873863e-05 1
1.162283e-05 1372
1.629862e-04 1506
1.213598e-05 1
1.277381e-04 2
1.771466e-04 3
2.841850e-05 1
1.290412e-04 879
3.958647e-05 1
2.163438e-04 1
3.563939e-04 1
1.500054e-04 258
4.192329e-06 104
4.722561e-05 1
1.498565e-06 1601
1.330910e-04 4
1.519979e-04 2
1.058014e-04 1
1.799014e-04 1
1.845149e-04 33287
5.378964e-06 1
2.438174e-05 1
3.879636e-05 54420
2.948660e-05 47
7.059636e-06 3
3.328820e-05 1
2.387664e-05 1
2.000292e-05 1
1.017087e-04 36013
2.620393e-06 1
1.147679e-05 35
1.203356e-04 214
1.440361e-05 3
5.654961e-05 1
5.559205e-05 1
1.159444e-05 1
1.040096e-05 3
1.125487e-04 1
2.795536e-05 1
1.006988e-04 79
4.749787e-05 1
5.857829e-05 1
9.761406e-06 1
6.696628e-05 1
1.115621e-04 1
9.646090e-05 1
1.069977e-05 3
8.408036e-05 1
1.498218e-05 520054
4.981917e-05 2
1.810740e-04 1
1.987951e-05 1
2.622805e-04 110
6.192932e-05 1284
8.221542e-05 1
6.428037e-05 1
8.830475e-05 1
7.745871e-05 1
1.809834e-04 2
4.527560e-05 1
4.504758e-05 181
8.881607e-06 1
2.374892e-05 3
2.042800e-06 1
1.282711e-04 1
1.279084e-04 3
4.182664e-05 1
7.427208e-05 1
6.554207e-06 1060
8.899377e-06 1
4.353780e-05 1
6.342303e-05 224
8.100951e-06 38448
6.847806e-05 12740
7.537114e-06 1
6.152959e-05 5
1.142204e-04 1
3.279841e-05 7
6.015022e-05 3
6.696809e-05 2006
3.229263e-05 1
2.364006e-04 2
1.201978e-04 3
1.883376e-05 65184
3.364525e-05 136
4.009513e-05 195
6.834101e-05 1
6.580113e-05 2
5.714902e-05 6
5.397438e-05 35
7.280978e-05 2
2.325900e-05 1
1.399927e-04 1
6.953805e-06 3
1.953986e-04 317
1.582864e-04 1
2.916165e-05 2
1.938484e-05 3
2.196760e-04 3
4.723026e-05 1
1.374906e-04 4
5.589957e-05 116
1.518469e-04 3
2.508926e-05 2
1.135802e-04 1
7.012838e-05 43
3.668939e-05 6
2.343497e-05 1
2.782347e-05 1
6.175235e-05 264
7.098293e-05 1
2.825371e-04 1025
1.203907e-05 243
3.671382e-05 6
9.287779e-05 1
1.109623e-04 3
1.256643e-04 52
6.257662e-07 159
2.043657e-05 2
1.781826e-05 11198
3.585177e-05 1
1.649162e-04 1
3.679689e-05 67
1.346501e-04 1
2.578856e-05 1
5.600809e-06 1
2.591430e-05 1
1.484251e-04 1
7.892267e-05 1
4.927252e-04 25625
1.692429e-04 1
9.752948e-05 2
1.580056e-04 2
7.393731e-06 126
1.128598e-04 7
9.707887e-05 139
2.259355e-05 239
6.098832e-05 228
1.316134e-04 1
2.917999e-05 262
8.923837e-05 1
5.057791e-05 3
1.450873e-05 1285
9.051088e-05 1
5.535303e-06 3305
2.188107e-05 1
6.579019e-06 1
3.530006e-05 3
1.439027e-05 1
1.486845e-04 79
3.519318e-06 1
5.489153e-05 1
1.844346e-05 1
3.199236e-05 1
2.131673e-05 1
6.776773e-06 178
4.604063e-05 219
5.471005e-07 1
1.321508e-04 3
6.044270e-05 1
5.285778e-05 3
9.578133e-05 3
1.140648e-04 1
2.658786e-05 2
6.737552e-06 12
2.810232e-04 1
1.060195e-04 2
2.435358e-06 962
6.518464e-05 1
8.673459e-05 36356
7.306594e-05 1
9.307685e-06 6
4.103778e-05 4
5.043483e-06 1
1.623288e-04 1
1.587083e-04 147882
1.819577e-05 1
1.183101e-04 1
5.503576e-05 1
1.565995e-04 1
1.490490e-04 1
3.372121e-05 1
1.638394e-04 1
1.230344e-04 1
1.643947e-05 1
2.675144e-06 2
2.176066e-04 1
6.965851e-05 1
5.050206e-06 162020
1.845866e-05 1
1.968328e-05 6
2.635410e-05 1
7.580992e-05 2
1.044255e-04 1
8.821455e-06 1
5.093288e-05 1
6.370803e-05 1
4.839213e-05 1
5.756629e-05 1
2.033801e-05 148
8.504107e-05 2
9.341711e-05 1
2.662689e-04 1
1.607294e-04 160
3.698721e-05 1
9.470202e-05 1
6.727671e-05 1
1.973798e-04 2
1.005906e-04 1
6.198481e-07 5
1.753739e-04 150
6.107325e-05 1
1.648453e-04 1
1.473436e-04 2
5.608102e-05 1
1.290914e-04 3
1.740242e-05 1
3.099445e-05 1
2.346860e-05 174
3.790077e-05 1
1.816496e-04 1
1.070719e-04 1
1.089065e-04 5
1.375003e-05 1
9.185562e-05 112
3.173499e-04 1
2.457954e-05 27329
1.683189e-04 3
7.403034e-06 1
4.433783e-05 69
1.661602e-05 1
1.107812e-04 1
7.273103e-05 1250
1.406278e-04 1
7.908428e-06 217
1.009143e-05 1406
7.872221e-05 3
9.968399e-05 1
3.419501e-05 4
7.699485e-05 1
5.788420e-05 128
2.557746e-04 1
3.020752e-05 6
1.132700e-05 1
6.100870e-05 1
1.618908e-05 246
2.122673e-05 1
3.703818e-04 1
1.675569e-04 23068
1.266277e-05 2
1.571463e-04 1
1.657503e-04 1
1.092529e-05 1285
4.451496e-05 1
1.823003e-04 3
3.580286e-05 38305
4.185729e-05 1732
3.844244e-05 7
4.985014e-05 2
1.570390e-05 203
9.962527e-05 12
5.573058e-05 2
1.970784e-05 1
2.485575e-04 1
4.566701e-05 946
1.424857e-05 1
5.317240e-05 248
2.735441e-04 1
2.068380e-06 1
6.383194e-05 1
6.121977e-05 2
6.531600e-05 3
4.048357e-05 1
2.107234e-05 6
6.342113e-05 185
1.038677e-04 1
5.831715e-05 3
8.719940e-05 1
3.709283e-05 813
1.034276e-05 2
1.011952e-04 1287
2.039327e-04 1
4.531441e-05 6
6.038017e-05 5
4.616003e-06 49
5.236587e-06 5
3.414045e-05 2
1.004171e-04 1686
2.531995e-05 1
3.369674e-05 2
6.472945e-05 1
7.019284e-06 1
4.102374e-04 1
1.860826e-04 1
5.348163e-05 39910
1.218439e-05 1
2.486882e-04 1
6.663134e-05 1
8.864023e-05 1
3.120422e-04 1
8.961347e-05 71
1.188359e-04 2
3.656067e-05 1
1.875874e-04 1
1.236391e-04 1
9.564226e-05 1
1.375961e-04 6
1.962698e-04 1
7.837410e-05 3
1.875303e-04 1
2.160332e-04 1
6.722589e-05 1
9.171442e-05 1
4.373474e-05 1
3.881914e-05 1
3.931476e-05 2
3.787083e-05 6
4.461338e-05 6
3.389179e-04 36648
2.850200e-05 4
1.116953e-04 331
7.636525e-05 1
8.420686e-05 1
1.117757e-05 2
2.664260e-05 28098
5.730776e-05 530
2.604723e-05 92
4.176299e-05 1
1.347579e-04 1
1.870882e-05 1
1.039845e-04 1
2.163492e-05 3
2.126940e-04 1
4.460600e-05 1
6.374738e-05 1
1.797171e-04 2
4.975071e-06 1
6.857177e-05 2
7.151034e-06 36
9.189759e-06 2
1.722650e-05 3
5.991605e-05 149
7.251464e-05 1
8.332098e-05 1
2.836229e-05 2
2.760144e-05 3
1.346837e-04 1682
1.442148e-04 1
3.051068e-04 14358
7.754652e-05 1
1.554097e-04 396
4.839381e-05 1
1.049018e-04 311
1.361148e-05 1
3.356665e-05 1
1.538714e-05 1
1.990109e-04 230
9.873151e-06 1
2.203363e-04 1
3.114728e-05 2
1.079382e-04 1
5.175804e-05 1
3.492599e-04 34
1.717256e-05 1
1.483490e-04 3
1.656286e-05 6
7.036882e-05 1
9.241458e-06 1
1.262157e-05 4
7.706298e-05 1
3.525910e-05 1
2.059053e-05 7
3.987521e-05 1
6.644816e-05 3
6.517709e-05 1
5.573961e-05 4
1.442700e-04 1
3.556724e-05 1
2.941694e-04 436
1.925969e-06 1
7.175295e-05 6
1.231512e-04 1
3.035917e-05 3
1.253695e-04 1
2.827114e-05 1
2.164307e-05 3
4.278619e-05 2
8.412721e-05 1983
8.925382e-05 1
6.095709e-05 1
2.609050e-04 1
7.279684e-05 1
2.342468e-05 255
6.074115e-06 213
2.495972e-04 61
3.971971e-05 204
1.187873e-04 4
6.859502e-06 1185
2.409577e-05 3
2.157754e-05 1
4.646093e-05 1
2.593139e-04 1
3.277654e-05 1
4.321725e-05 4
3.577128e-05 1
3.520069e-08 1
8.582796e-05 1
2.394042e-05 3
5.807629e-05 1
3.924631e-05 156
5.548130e-05 203
1.669231e-04 3
2.075498e-04 1
3.749205e-05 109
1.429031e-05 3
9.436757e-05 44756
7.723380e-05 1
5.460511e-05 1
3.773518e-05 2
1.165127e-05 1
1.604669e-06 1
6.372607e-05 1
6.676456e-06 3
4.100143e-04 1
4.964303e-05 1
1.910383e-04 1
1.406130e-04 1941
1.192327e-05 1
1.939991e-04 2
3.058493e-06 1
8.697974e-05 1
8.137083e-06 1
1.322547e-04 237
6.131262e-06 1
5.991686e-05 3
1.798201e-05 1
1.491189e-05 1
6.116094e-05 1
9.438093e-05 72
3.407198e-05 1
3.201422e-05 1
1.831594e-07 3
1.177672e-04 2
7.485823e-06 4
7.964399e-05 254
1.123574e-04 1
7.345210e-05 1
4.863900e-05 4
6.576120e-05 2
4.663988e-05 1
6.644229e-05 1
6.502556e-05 3
2.660624e-05 2
1.003685e-04 1
1.999454e-04 48931
1.816451e-04 1
1.487019e-05 1
1.858022e-04 1
4.014398e-05 3
9.912291e-05 1
1.643803e-04 220
1.708906e-04 2
2.212737e-05 16236
8.507425e-05 5
2.925164e-05 1
1.202881e-04 5
7.562844e-06 1
1.193666e-05 2
9.099099e-06 1
3.222456e-04 30755
8.527331e-05 137
7.646010e-05 3
5.646833e-05 1
2.248327e-05 2
8.709995e-06 1
1.148367e-04 6
1.877110e-04 1
1.946003e-05 5
1.550352e-05 1
3.834292e-05 2
1.899999e-05 4
5.175261e-05 227
1.393507e-05 1
1.533399e-05 3
5.664406e-05 2
1.799128e-05 20101
8.342837e-05 1
2.811985e-06 1
1.762671e-05 1
4.916097e-06 1337
2.861096e-05 1
8.418475e-07 1
8.845653e-06 897
1.312745e-04 1
2.814599e-05 1
4.963328e-05 1
6.243359e-05 739
3.885635e-05 1
2.034051e-04 127
3.624858e-06 1
1.757319e-04 1
9.836671e-05 1
1.389878e-04 1
4.592661e-05 39359
8.445862e-05 69
7.437703e-06 3
2.719634e-05 188
1.377924e-04 1
5.060229e-05 5
1.846273e-04 33021
2.496278e-07 3
1.421720e-05 1
2.003954e-05 69
2.285686e-04 4
2.277842e-05 185
2.306470e-05 147
2.968735e-05 1
1.001593e-04 1
3.605667e-06 214
8.383918e-05 3
1.979230e-05 1
2.631617e-04 247
3.517939e-05 1
1.234090e-05 3
1.591470e-04 7
5.681199e-05 5
2.262466e-06 2
3.706372e-05 1
1.588454e-04 31723
3.142801e-04 2
7.245385e-06 1
4.420477e-05 3
7.492623e-05 3
1.111333e-05 1
1.624994e-06 1
1.254101e-04 1
1.664156e-04 53
1.179435e-04 2
3.512625e-05 1
4.999160e-05 56
1.833067e-05 1
1.600432e-04 2
3.123347e-04 1
6.444775e-05 1
3.544664e-05 1
2.138894e-05 4
9.370700e-05 1
5.491544e-05 233
1.884341e-05 5
7.211785e-05 2
5.324145e-05 1
1.073811e-05 817
9.508068e-05 2
2.278832e-05 2
7.672751e-05 2
1.676615e-04 1
1.397380e-06 4
1.671288e-06 1
2.049699e-04 2
1.151283e-05 1
2.802708e-05 1
1.909571e-05 1
6.611953e-05 814
1.229537e-05 1
7.492537e-05 1
2.773208e-05 1
1.878536e-05 3
3.329758e-05 3
4.178587e-05 501750
8.807074e-05 6
2.373992e-05 3
1.269608e-04 1
2.601835e-05 1
2.148144e-05 2
6.582760e-05 3
2.319837e-05 3
1.706189e-05 1
8.967055e-06 1
4.365922e-06 5
3.542264e-05 1
3.203752e-05 24015
7.847818e-05 2
5.501907e-05 1
1.427562e-04 1
3.442336e-05 234
8.417579e-05 1
1.843287e-04 1
1.261471e-05 3
8.927154e-05 6
8.242180e-05 1475
2.423797e-05 1
1.187587e-04 257
1.717031e-04 503
1.332666e-04 3
8.521890e-05 5
2.269732e-04 1
5.001202e-05 1
1.784671e-04 1
1.284997e-04 1
3.368501e-05 1
3.832111e-06 2
1.738457e-04 5324
1.119572e-05 21513
2.007439e-05 1
5.670112e-05 1
1.135542e-05 1
5.705692e-05 1
1.713897e-06 1
2.182991e-04 1
1.330249e-04 35
2.655454e-05 7
1.469174e-04 1233
6.436226e-05 5
3.378651e-05 3
3.079837e-04 1
8.531198e-05 1
7.236011e-05 2
4.169281e-05 1
9.569850e-05 2
2.276654e-04 1296
4.863945e-05 1
6.245961e-05 1
4.201926e-05 1
2.988834e-04 7
1.356155e-04 1
2.119687e-05 4
6.193230e-05 1
2.745355e-04 1157
1.344816e-04 1
5.668429e-06 1
1.196343e-05 1
2.033788e-06 1
5.449241e-05 458
9.732343e-05 1
5.896259e-05 2
7.714958e-05 113
4.414457e-05 4
4.697620e-04 4
1.343674e-04 1
7.404385e-05 1
8.923888e-05 3
3.209036e-05 3
3.514930e-05 68
1.209854e-04 2
3.543523e-05 2
2.960076e-05 1
8.489895e-05 5
2.050439e-05 3
3.880937e-05 1
1.173716e-04 6
7.977573e-05 1
1.626150e-04 1
6.094275e-05 279
5.926582e-06 4
1.470104e-04 7
3.988876e-05 1
2.355712e-06 2
5.840760e-05 2
1.321580e-04 1
9.927476e-06 1
2.139530e-05 1
1.250502e-04 1
2.903397e-04 1
3.483326e-05 4
1.182729e-04 1
9.996724e-05 1
3.312688e-05 5
9.396991e-05 1
7.482839e-05 1
9.875506e-06 1
1.551088e-05 1
1.026685e-04 1
4.584905e-04 1
1.469832e-05 1
1.201592e-05 1
5.629045e-05 256
6.357079e-06 1
1.509038e-05 27801
1.843699e-04 1
2.208849e-05 2
8.419294e-05 2
3.512639e-06 1
1.363361e-06 1
3.634875e-05 1
6.746912e-06 1
2.371168e-05 118
6.915841e-05 1
4.616697e-06 60692
2.386293e-05 1
5.650513e-05 1
1.792941e-04 6
1.807935e-04 1
2.383870e-05 3
1.243369e-04 180
1.554509e-04 3
9.189081e-06 5
1.052824e-04 101776
1.222933e-04 2
1.355338e-04 2
1.087935e-04 1
3.946811e-05 1
1.066797e-04 213
2.705876e-04 10
8.325219e-05 36
1.388485e-04 623060
1.154003e-05 8229
1.232592e-05 1
1.880674e-05 1
1.241445e-05 1
2.512815e-05 2
8.547129e-05 2
3.064108e-05 3
1.298322e-04 127
8.451922e-05 54524
3.493286e-04 1
1.034300e-04 40
6.514096e-05 2
9.621958e-05 1
1.373416e-04 1
1.258193e-04 1
2.135690e-04 1
1.053319e-04 1
1.849178e-06 1
2.018428e-05 6
2.267752e-04 1
3.497057e-06 3
2.354654e-04 1
2.111777e-04 1
2.965137e-05 33
3.116896e-05 3
3.977066e-05 1
1.164634e-04 1
3.689238e-05 1
7.473572e-05 267
1.898294e-04 3
1.071342e-04 3
9.324166e-05 2
4.080236e-06 1
3.396221e-05 3
5.687066e-05 1
3.522255e-05 1
2.149706e-05 3
1.037879e-04 1
2.590085e-04 1
8.727010e-05 1
2.562943e-06 144
5.381674e-05 1
3.775643e-05 1
1.731621e-04 5
6.837631e-05 3
7.000631e-05 104
2.344978e-05 1
5.377179e-05 2
2.651171e-04 37
2.304008e-05 6
4.621364e-05 1
6.266316e-06 11464
1.168194e-04 1
2.106349e-05 3
1.686759e-05 2
1.364859e-04 3
1.163923e-04 1
5.968024e-05 144
6.765560e-05 1
1.768669e-05 1
6.948879e-06 1
1.669212e-04 3
1.188922e-05 1
2.535677e-05 1
5.541144e-05 1
1.735578e-05 121
1.749308e-06 116
1.079888e-04 1
2.208759e-04 1
3.154320e-05 62553
5.571772e-05 2
2.289807e-06 1
1.396995e-05 1
1.143566e-05 7
1.544146e-05 1
2.406687e-06 1
7.610594e-05 5
9.684565e-05 1
4.469418e-06 2
1.213724e-05 1
9.760180e-06 221
1.333731e-04 1
8.458727e-05 2
1.168371e-04 1333
1.528669e-04 1
2.923113e-05 1
1.077021e-04 1
2.596948e-05 1
6.514077e-05 6
7.215795e-05 90
8.238541e-05 1
3.852998e-05 1
1.654419e-04 1
1.045774e-04 1
4.189589e-05 46243
3.873881e-07 1
2.311490e-05 1
1.379970e-04 1
7.017433e-05 1
1.862870e-06 1
8.284024e-06 2
5.477813e-05 3
7.930301e-05 1
3.770701e-05 1
8.029650e-05 1
3.178967e-06 1
1.514392e-05 1
1.448809e-04 1
5.596366e-05 2
5.813506e-05 3
3.028881e-05 1
1.497988e-04 6
2.214207e-04 1
1.219794e-04 2
1.914991e-04 1
1.542896e-04 484
4.561895e-05 3
2.677072e-05 3
4.141360e-05 1
9.129623e-05 4
7.048233e-05 1
2.009807e-04 1
1.488270e-05 1533
1.898852e-05 691
3.038296e-05 1
9.978088e-05 3
1.046352e-04 1
2.029372e-04 1
1.320470e-04 1
2.151389e-05 261
1.529200e-04 1
7.807322e-05 1
8.709441e-06 1
2.290470e-05 2
5.286846e-05 2
1.284844e-04 1
2.471510e-04 3
1.304646e-04 1
4.566436e-06 1
1.065308e-04 4
1.577187e-04 156
4.487537e-05 6
1.872892e-04 4
2.497313e-04 7
5.123831e-05 3
3.449576e-04 4
2.847628e-04 3
7.075678e-05 6
2.966083e-05 5
1.763781e-04 5
9.177293e-06 1
1.613737e-04 1
9.164820e-06 2
2.263770e-05 49786
2.632052e-04 3
4.763741e-05 1
5.765235e-05 51168
7.710781e-05 2
2.475081e-05 3
6.143975e-05 1
4.308911e-05 1
1.495314e-05 1
1.025562e-05 57
2.514707e-05 1
7.312916e-05 1
3.747549e-05 1
3.510355e-05 2
6.907606e-05 37248
2.032753e-04 1
9.423479e-06 1730
2.253578e-06 1
1.882509e-04 1
1.349678e-04 1
5.250990e-05 2
1.396319e-05 71
6.901143e-05 1
1.847779e-05 1
2.996848e-05 172
2.027837e-04 3
1.211734e-05 1
2.245616e-05 253
1.084779e-05 1
1.956143e-04 1840
7.793962e-05 1675
1.522367e-05 2
7.212134e-06 2
3.969809e-05 1
4.703476e-05 1
1.283886e-04 3
3.463548e-05 1
1.364175e-04 1
8.957373e-06 1
2.649871e-05 1
4.469100e-05 6
6.380140e-05 1
9.415280e-07 3
5.751909e-05 892
2.204792e-04 1
1.511790e-04 1
4.106135e-05 431836
2.226206e-04 10392
2.279259e-04 1
1.087720e-04 1
2.664821e-05 1
8.791705e-06 3
8.168935e-06 4
8.238796e-05 1
9.929294e-05 1
1.921285e-04 1
4.015849e-05 1
4.441103e-05 1
2.188078e-05 2
2.779114e-05 7
1.870996e-05 1
5.503946e-06 1
4.534037e-04 1
1.358773e-05 3
1.266766e-05 27772
3.342436e-05 7
3.223476e-05 3
7.298659e-05 268671
1.139589e-04 2
5.275321e-06 1
4.957538e-06 66
5.710712e-05 1978
6.646391e-05 1
3.354630e-05 3
2.435474e-04 2
5.028357e-05 1
2.243592e-05 1
5.630586e-05 187
6.907360e-05 6712
2.002577e-05 1
8.859916e-05 1
3.942385e-04 146
4.390051e-05 1
2.040348e-04 37
3.096324e-05 1
9.235680e-06 2100
3.536136e-05 3
2.861579e-05 3
5.388860e-06 1
1.202579e-04 1
4.516610e-05 1
3.881991e-05 1
3.672896e-05 207
1.048433e-04 1
7.864533e-06 1
1.343522e-04 1
2.753499e-05 1
3.829859e-06 3
6.136436e-05 93
7.015708e-05 1129
1.091442e-05 1
1.577862e-04 96
3.891559e-05 1
2.685939e-06 31610
6.335246e-05 1
3.109423e-04 2
5.341260e-05 3
2.628929e-04 6
2.934579e-06 4
1.801211e-04 1
9.537221e-05 3
4.145258e-05 1
2.262738e-05 1
1.872752e-04 2
9.095550e-05 6
1.791844e-05 1
3.264637e-05 2
6.486129e-05 2
3.013366e-05 79
7.676400e-05 2
1.707372e-04 1
5.963012e-05 3
4.608881e-05 1
1.258817e-04 50
3.300751e-05 1
2.648026e-05 1
1.645216e-04 170
3.592336e-05 5
3.975262e-04 1
1.781575e-05 1
6.023691e-05 1
1.990988e-04 1
2.148047e-04 4
1.218340e-05 1
5.768630e-05 4
7.209304e-06 1
3.474855e-05 3
4.437411e-05 1
7.017377e-05 1
1.412929e-04 1
6.866434e-05 2028
5.874739e-05 1
1.052635e-04 40
2.186710e-05 123
2.606276e-05 19752
1.059027e-04 1
8.550627e-05 1
1.083088e-05 234
1.981160e-04 6
3.144854e-04 6
5.640719e-07 2
4.406831e-04 4
1.277899e-04 1
2.144593e-04 53587
6.766970e-05 1
4.946537e-05 29329
2.597438e-06 123
8.117985e-05 3
3.796041e-06 128
2.685020e-05 36756
6.705833e-05 1
7.705966e-05 1
2.208067e-05 2
7.301068e-05 1747
7.202599e-05 3
2.429143e-05 1
4.160161e-05 38198
3.061380e-04 3
1.738823e-05 130272
1.361734e-04 1
6.562956e-05 3
7.397999e-05 2
3.277660e-05 1
1.442773e-05 3
5.663010e-05 1
2.254628e-05 1
2.975871e-05 2
1.374002e-04 3
5.695774e-05 1
3.513278e-05 1
2.496162e-05 1
6.979406e-05 1
3.382500e-05 4
8.302347e-05 2
8.233593e-05 1
6.645560e-05 1
1.035827e-05 2
2.748135e-04 2
2.645198e-04 1
4.989262e-05 1
9.209758e-05 1
3.092363e-04 3
2.430550e-04 26706
5.121072e-05 3
7.744888e-05 1
9.055394e-05 3
4.182586e-04 1
2.037236e-06 1
3.273501e-05 1
4.243261e-05 1
3.736435e-05 3
2.960619e-05 2
6.070706e-05 243
4.309501e-05 1
1.820787e-04 3
8.695210e-05 2
1.930346e-05 1949
1.430793e-05 49535
1.702651e-04 3
8.920787e-05 1
9.521177e-05 5
3.822039e-05 1
1.045940e-04 1
1.920910e-05 1
1.767601e-04 3
9.011238e-05 2
4.269844e-06 1
2.010635e-06 3
3.151875e-05 7
4.486826e-05 10942
3.732619e-05 1
7.064355e-05 1
6.329874e-05 1
5.069821e-06 219
