6.440357e-05 1
4.665394e-06 1
2.065595e-05 1
3.335243e-05 1
1.428910e-05 692
6.162532e-06 2
3.272637e-06 1
2.638754e-06 1
2.385081e-06 1
4.738602e-06 1
4.015240e-06 1
3.884251e-05 2
3.591334e-07 1
7.780630e-06 1
4.488331e-06 1
1.174423e-05 1
1.342197e-05 1
2.893100e-05 1
2.715447e-05 4
2.384582e-05 2
4.427768e-06 7
1.970541e-05 1
2.722860e-05 31713
1.175247e-06 1
1.747742e-05 1
6.092340e-06 2
1.375902e-05 3
1.242958e-05 1
2.979574e-05 3
5.849579e-06 172
1.299218e-06 2
1.803829e-05 50218
2.398213e-05 1
2.240015e-05 2
1.770038e-06 1
1.676975e-06 2067
1.365744e-05 2046
1.890449e-06 768
1.626016e-05 1
5.040958e-06 19788
1.208482e-05 2
4.227679e-06 1
1.244455e-05 1
4.150279e-06 2
2.384563e-05 1
2.292820e-05 1
4.177075e-05 1
8.636035e-06 1
4.380023e-05 1
2.893074e-05 1693
1.117142e-05 174
7.239798e-06 4
7.637531e-06 3
2.279900e-05 1
4.884922e-06 51509
2.595506e-05 1
1.291815e-05 5
8.753888e-07 105
1.692814e-05 1
1.013165e-05 1
1.186837e-05 2
1.518452e-05 171
8.548863e-06 2
1.262026e-05 6
2.256466e-05 74
3.964135e-06 1
2.732571e-05 1
1.221942e-06 1
5.932764e-06 1
1.125659e-05 1
1.084973e-05 1
2.301067e-06 131
3.394149e-05 1
3.316287e-05 1
3.009110e-06 64601
2.116751e-06 1
3.570921e-06 3
8.191846e-06 3
3.970988e-05 72
2.174655e-06 183
5.502554e-06 3
1.516913e-05 3
4.149000e-06 1
2.796917e-06 1
1.054370e-05 1
4.489668e-07 823
2.606969e-06 1
1.538828e-06 37799
6.905543e-06 5
8.489186e-06 1
7.209384e-05 1
7.923912e-05 1
1.581700e-07 33929
1.231391e-05 7
6.822608e-07 3
1.088795e-05 229
1.120491e-05 168
4.853463e-06 1
3.752907e-05 1
1.750200e-06 3
6.458787e-06 7
6.769514e-06 6
4.675150e-06 6
3.394867e-05 3
1.119504e-05 170
3.230519e-05 1
1.116483e-05 3
8.677473e-06 1
1.623246e-05 1
1.026344e-05 1
8.295432e-06 3
1.926676e-05 1
1.490485e-05 209
1.634114e-05 20
3.014390e-07 1836
9.849964e-06 1
2.708204e-06 1
6.565624e-06 7
2.104285e-05 3
3.021464e-05 1
1.364301e-06 1
2.205737e-06 170
2.355580e-06 1
3.178836e-06 1
8.698001e-06 54
1.825262e-05 36144
1.202121e-06 1
2.224998e-06 1
2.992614e-06 5
2.473463e-05 6
9.163641e-06 2
8.714693e-06 1
6.974839e-07 3
8.703739e-06 1
3.803407e-06 1
4.416203e-07 1
4.090792e-06 2
2.955497e-05 1
7.445679e-06 1
5.120538e-06 1
1.873681e-05 4
3.393907e-06 1
1.397350e-05 1360
1.490240e-05 1
7.640817e-06 1
2.356405e-06 1
8.264456e-06 159
1.646463e-06 1
2.294985e-06 1
1.258483e-05 2
8.501459e-06 2
1.001076e-05 1
2.637482e-06 7
4.816000e-06 1
1.787149e-05 61376
6.526893e-06 7
3.243526e-06 4
2.181434e-05 1
3.293715e-06 1991
4.348673e-08 1
8.798856e-06 2
2.636120e-05 1
1.398847e-06 5
6.943743e-07 1
2.021701e-05 1
7.115155e-06 1
1.256924e-05 2
1.688930e-06 3
1.596682e-05 1
1.176051e-05 2
3.095612e-08 1
1.349211e-05 1
8.117857e-06 1
8.626715e-07 1
9.770914e-06 1
5.082724e-06 1
1.368651e-05 3
6.520900e-06 7
4.777597e-06 1
9.420875e-06 6
1.672903e-06 1
8.086213e-06 1
2.108027e-05 3
4.703470e-07 1
3.935712e-06 3
7.597068e-06 3
6.809232e-06 2
4.429410e-07 3
6.352342e-05 1
9.413779e-07 1
4.662402e-06 6
1.451240e-05 1
3.692294e-05 1
7.554632e-06 1
1.064938e-06 1
7.264966e-06 4
3.293779e-05 3
3.722622e-06 230
1.105672e-06 1
1.680461e-05 1
1.669838e-05 2
9.322576e-06 1
1.985484e-05 3
1.907170e-06 1
4.241650e-06 1
2.745387e-05 1
1.490646e-05 3
2.102657e-05 1
5.399816e-06 3
2.902047e-06 1
1.671527e-05 2
3.662573e-06 252
8.621818e-06 1
1.937295e-06 3
1.929378e-05 3
3.260502e-05 3
3.996492e-06 1
4.231430e-06 2
1.341552e-05 1
1.558010e-05 2
1.130723e-05 3
9.950781e-06 17173
3.048452e-06 1
2.658164e-06 1
1.270011e-05 1
6.366200e-06 1
6.668048e-06 2
4.775104e-06 1
1.898347e-05 1831
4.768559e-06 1
3.813348e-07 1286
8.027148e-06 1
8.422771e-06 1
1.318269e-05 46198
2.340332e-05 2
7.567276e-06 3
2.741307e-05 4
1.031547e-05 1365
7.294939e-06 1
1.660200e-05 1
1.525039e-05 1
3.819917e-07 3
2.870464e-05 1828
1.748977e-05 1
2.880127e-06 6
3.303649e-06 1
2.558131e-05 6
4.565986e-06 6
1.926751e-06 3
3.890247e-05 2
1.725298e-07 4
1.301513e-05 1
1.485766e-07 4
2.133302e-06 1
6.231778e-07 223
2.368272e-05 7
1.745338e-05 6
1.143408e-05 1
1.548233e-05 130
1.900627e-06 706
1.752192e-05 1
2.829884e-05 1
1.207577e-05 1
3.424813e-05 189
2.230597e-06 3
1.268653e-06 2
4.866000e-05 7
1.021561e-05 1659
2.793376e-06 6
1.098353e-06 1
2.474455e-07 1
4.085726e-05 2
1.598580e-06 1
2.847332e-06 1
2.820905e-06 6
1.841434e-05 1
1.847509e-05 1
1.756482e-05 647351
1.735549e-05 6
5.180206e-06 1
7.015064e-06 1
1.828457e-06 3
3.397421e-07 3
5.385443e-06 3
2.772603e-05 17017
8.890733e-06 1
2.018781e-05 3
4.535327e-05 1
4.021881e-06 122
2.366539e-06 1
9.994669e-07 1
1.350163e-05 14565
6.575449e-06 1
1.182100e-06 2
1.167679e-06 1
3.072588e-05 702
5.142687e-06 1
1.069151e-06 1
8.553581e-06 1
1.884883e-07 1
9.499258e-06 1
2.113907e-06 3
1.238553e-05 7
6.643162e-06 2
1.348502e-05 1
2.234013e-07 1
6.251708e-06 2
2.027767e-06 1
2.492792e-06 1
1.065098e-05 1
7.496638e-06 1
4.295938e-05 1
3.190033e-06 4
1.869711e-06 1
7.496755e-06 1
1.151857e-05 2
2.288699e-05 1
5.190768e-06 3
7.617275e-06 3
2.067223e-06 1
1.459905e-05 3
3.807607e-05 2
1.091337e-06 7
9.258969e-06 2
1.807578e-06 1
1.307745e-05 1
2.223721e-06 1
1.493934e-05 1
6.841139e-06 2
8.305093e-06 149
3.494663e-05 3
1.687743e-06 1
1.416523e-05 3
6.925459e-06 5
8.223764e-06 1
6.260164e-06 2
3.138081e-05 378
3.223002e-05 1
1.751220e-05 1
7.157777e-06 1
8.058634e-06 211
9.054452e-06 1
8.961619e-06 2
1.470978e-05 3
2.327558e-05 1
5.272580e-06 1
1.424203e-05 1
1.452551e-05 263
1.692509e-05 2
1.360080e-06 2
9.856535e-07 2
4.497766e-07 818
1.213850e-05 1
1.404303e-05 1211
3.944723e-07 1
2.831881e-06 1
3.241443e-06 1
2.176814e-05 1
8.229512e-06 3
7.896920e-06 1
5.735434e-06 1
4.410946e-05 2
2.130004e-05 171
9.001831e-06 7
3.221486e-06 4
8.690963e-06 56
3.629585e-05 1
8.373320e-06 2
2.366289e-05 1
9.498785e-06 1
9.196325e-06 1
1.962756e-06 3
1.613709e-05 1
8.018406e-06 1
1.995243e-07 21251
3.117461e-06 4
4.762166e-07 637
2.995040e-05 1112
2.005296e-06 254
6.848688e-06 1
1.585136e-05 1
3.055249e-08 5
2.637871e-06 7
2.462981e-05 6
1.744427e-06 3
1.401479e-05 1271
3.978566e-06 138
5.183769e-06 1857
1.434404e-06 5
1.612291e-06 1
1.904714e-05 1
1.396345e-05 1
7.280482e-07 1
3.168762e-05 1
4.523390e-06 1
1.096394e-05 214
2.402200e-06 89
4.920322e-06 5
2.452354e-06 1
1.762907e-05 482307
1.426148e-05 750
7.084402e-06 5
2.635841e-05 1
1.379928e-05 1
1.222570e-05 1
1.158468e-05 1
1.158337e-05 1
2.811644e-05 4
1.723891e-06 1
3.285940e-05 228
1.218669e-05 7
5.476676e-06 1
4.153598e-05 1
2.687510e-05 1
9.515333e-06 5
8.252825e-06 1
1.648099e-05 1
2.188008e-06 3
7.068074e-06 1
4.762958e-06 436512
8.360465e-06 1
1.064177e-06 2
4.932424e-06 41800
6.780295e-07 3
1.296935e-06 6
2.666941e-05 49017
1.621506e-05 2
2.761469e-06 1
1.603625e-06 1
6.884663e-06 5
1.163722e-05 1
1.603492e-05 1
5.195227e-06 1
4.803099e-05 2
1.537926e-05 1
1.937470e-05 3
1.908952e-05 1
9.665219e-06 1
5.555374e-06 262
1.476924e-05 228
2.854765e-06 1
3.832288e-06 3
3.424457e-05 3
4.968362e-06 1
5.499389e-06 440
1.698008e-05 1
9.878033e-06 1
3.261588e-06 4552
2.396347e-06 1
1.312750e-05 1
1.072123e-06 1
1.463808e-05 1
4.305070e-06 23
8.746180e-06 1
2.744417e-06 7
4.639416e-06 6
3.055132e-06 1
5.133942e-06 3
1.443787e-05 384
1.795285e-06 1
1.860016e-05 4
8.266168e-06 3
1.507747e-07 4
1.838907e-05 27291
4.093017e-06 1
6.490125e-06 1
1.484919e-05 217
2.193257e-06 175
4.432547e-07 1
4.980636e-06 4
8.915102e-07 1
2.574476e-06 1
1.082753e-05 241
1.294891e-05 5
6.306892e-06 36
5.699148e-06 218
9.801334e-06 37107
2.122003e-06 1
3.548545e-05 157
3.851452e-05 93
2.058214e-05 231
1.624115e-05 1
1.651231e-06 1
3.587126e-05 1
9.492201e-06 1
9.148964e-07 1
1.655314e-05 1
2.525829e-06 1
1.315240e-06 2
1.030528e-05 1
1.799073e-06 1
1.224264e-06 2
2.319631e-05 2
8.346218e-06 3
2.730922e-05 1
4.567410e-06 1
2.285243e-06 2
1.520202e-05 3
2.596611e-06 11
6.549084e-06 7
2.685455e-06 1
8.425836e-06 1
1.344092e-06 6
1.153862e-05 1
1.618171e-05 2
1.014425e-06 1
1.039959e-05 3
2.198203e-06 1
2.633316e-07 3
3.540603e-06 1
3.088000e-05 1
1.448524e-05 287
1.481514e-05 3
6.396462e-06 1
1.382463e-05 1
7.364982e-06 1
2.939647e-06 1
1.370074e-05 1
2.785784e-05 1
5.353841e-06 1089
8.121637e-06 195
3.371921e-05 203
1.160011e-06 2
2.321907e-06 122
1.172552e-05 70
2.771465e-05 1
2.972893e-05 1
2.802747e-05 4
3.782962e-06 1
4.974647e-06 33215
1.628854e-05 1
7.599735e-07 1
7.753240e-06 1
3.511474e-06 1
2.654821e-06 7
8.776412e-06 36
2.200437e-05 1
2.446091e-05 1
1.982808e-05 3
7.611130e-06 1085
1.445352e-05 1
3.048507e-05 1
2.322110e-05 2
9.258617e-05 1
4.542895e-06 6
1.447757e-05 3
2.319099e-05 1
6.399574e-06 2
5.611850e-06 1
5.355455e-06 1
3.647075e-05 2
1.527401e-05 1
2.555972e-05 1
4.787119e-06 5
1.372052e-05 1
1.519172e-05 1
2.371626e-05 1
2.471863e-05 2
3.910250e-06 1
1.063902e-05 3
5.143021e-06 1
9.142182e-07 1
3.327681e-06 3
1.022874e-05 3
1.054456e-05 1
1.252101e-05 1
1.318163e-05 1
1.385624e-06 1
3.023550e-05 958
2.175957e-07 15739
5.821223e-06 180
8.332655e-05 1
5.092794e-06 4
1.232722e-05 7
4.959112e-06 4
3.052203e-05 1
7.632106e-06 1
6.277877e-06 44
6.236452e-06 1
5.384035e-06 1
1.352931e-05 4
3.726557e-06 229
1.341826e-05 22757
1.233891e-05 1
1.609498e-05 1
4.011845e-05 1
3.570543e-05 3
4.193750e-05 1
9.185778e-06 1
2.133348e-06 3
9.457773e-06 1
1.555897e-05 1
3.391437e-06 1
1.420560e-06 1
3.055047e-05 3
9.496573e-06 5
3.229036e-05 245
4.481356e-06 1
2.038683e-06 240
1.336052e-06 6
6.380679e-06 1
1.851264e-05 19386
4.225206e-06 1
8.559055e-06 88
4.515034e-06 1
2.992483e-06 5
3.935883e-06 1
5.475628e-06 545
4.845015e-06 1
2.630883e-06 1
2.402776e-06 1
1.095647e-05 1
9.265600e-06 6
3.192188e-05 257
2.329108e-05 2
3.243422e-05 1
1.894728e-05 1882
1.832126e-05 1
3.305841e-07 1
2.716935e-06 2
8.344329e-07 2
2.526160e-06 1
1.704228e-05 1
6.181587e-06 1
1.967566e-06 1
4.040979e-05 2
4.274367e-06 1
4.719943e-07 3
1.511421e-05 1
1.594650e-05 1
1.055418e-05 3
2.464926e-05 1
4.384147e-06 1
1.210677e-05 7
3.583111e-05 149
7.112491e-07 1
1.463974e-06 5
1.266801e-05 1
1.285641e-05 542703
1.163842e-05 86
2.241248e-05 2
2.988781e-06 1
2.541048e-05 1
3.473671e-05 176
5.186950e-06 1
3.439664e-05 185
1.579614e-05 2
2.488254e-05 1
7.854002e-06 263
7.400772e-06 1
2.293421e-05 48
2.459348e-05 6
2.894595e-05 3
1.544907e-05 2
2.157479e-05 1
1.449925e-06 5
7.658098e-06 1
3.079766e-08 310567
2.923243e-06 2
7.024579e-06 5
9.293486e-07 2
2.946145e-06 1
1.421111e-05 1
4.259680e-06 2
3.536002e-05 160
7.147052e-06 4
3.374603e-06 3
3.301431e-06 3
3.623643e-06 1
2.640964e-05 1
2.902353e-06 1
3.333597e-06 3
5.000935e-05 2
3.303309e-06 3
7.647409e-06 3
4.712069e-07 1
1.019241e-05 3
2.299653e-05 1
2.924716e-06 2
1.842681e-05 24878
4.361634e-06 1
1.327808e-05 36651
2.429667e-05 2
1.403131e-05 1
5.844237e-06 1
2.640333e-07 1
7.816857e-08 5
6.633492e-06 1
6.643259e-06 1
2.263138e-06 1
1.945772e-05 1
1.697076e-05 2
4.429896e-06 2
3.138025e-06 33774
8.730869e-06 47
2.029669e-06 1
1.233466e-06 2
1.336115e-05 1
1.344926e-05 1
7.704336e-06 1
9.666310e-06 5
2.109075e-05 1
3.256042e-05 237
1.918825e-05 1
1.534226e-05 149
1.226207e-05 1
1.698156e-05 2
3.671633e-06 1
1.593838e-05 2
1.771721e-06 1
3.473900e-06 3
5.102094e-06 1
6.253190e-06 51
5.052274e-05 7
9.331840e-07 1
1.753224e-05 1
1.107188e-06 7
1.146339e-05 119
2.055210e-05 1
7.617169e-07 1
1.004391e-05 4
2.095959e-06 216
1.484907e-05 1
3.225587e-05 1
1.037381e-05 1
2.236668e-05 89
8.012908e-06 222
7.398863e-06 3
2.179961e-07 15604
2.209485e-05 109
1.781259e-05 5
6.336439e-06 27
1.461131e-06 1
2.332883e-05 1
1.954669e-05 3
8.538825e-06 1
5.454409e-06 639
2.962791e-05 1290
3.970462e-06 141
3.842024e-05 1
1.352890e-05 1
2.902401e-06 6
1.323057e-05 1
1.110048e-05 1
4.731795e-06 1
3.636897e-05 1
2.524633e-06 1
4.267812e-06 36
3.520814e-06 788
1.706241e-06 1
5.925062e-06 1
2.354264e-06 2
9.651875e-07 63
2.341058e-05 2
9.395364e-07 1
1.233593e-05 1
4.497048e-06 7
6.360404e-06 1
1.896966e-05 1
1.879116e-05 1
8.235148e-06 3
7.828454e-05 6
2.067906e-05 222
4.706083e-05 1
4.889292e-07 1
5.442572e-06 1
1.888332e-05 3
1.326352e-06 2
1.102750e-05 3
7.422365e-06 1789
1.123404e-05 3
1.178982e-05 1
5.037694e-06 20437
2.140470e-05 1
5.119388e-06 1
5.665358e-06 3
8.083238e-06 1
6.750403e-06 6
5.259207e-07 1
8.266016e-07 1
4.900465e-06 5
1.476439e-06 1
1.241941e-06 6
2.583235e-05 1
1.293520e-05 5
2.095141e-06 1
1.074335e-05 1
5.084602e-06 10970
1.423874e-05 1
5.796587e-06 188
4.147826e-05 1
5.720348e-06 1
1.117484e-05 173
3.379396e-06 1
2.245586e-05 1
7.435835e-06 3
7.275570e-06 4
4.256637e-06 1
1.266260e-05 1
1.451010e-05 265
1.084918e-06 2
2.012969e-06 1
8.159423e-06 1
2.376063e-05 7
6.598091e-07 206
1.468195e-05 1
1.819364e-06 1
1.472502e-05 1
5.266352e-08 1
1.873953e-05 1
2.073531e-07 1
1.023734e-05 3
2.850993e-06 6
2.320038e-06 1
1.178457e-05 1
1.533953e-06 1
2.669875e-05 5
1.341247e-05 23320
1.307022e-05 5
5.317858e-05 1
8.685349e-06 1
2.818910e-06 1
2.357651e-05 7
6.175433e-05 6
2.417397e-05 1
1.812885e-05 1
2.944084e-05 3
1.263699e-05 1
5.690392e-06 1
8.101034e-07 135
2.204271e-06 1
3.234965e-06 10826
2.901552e-06 2
1.153784e-05 105
5.312824e-06 1
1.185887e-05 1
9.522577e-06 1
3.822978e-05 1
1.249691e-05 1
2.291314e-05 1
3.266469e-05 1
1.805026e-05 49433
4.162424e-06 1
3.940117e-06 1
1.191745e-05 1
2.099688e-05 1
3.033483e-06 58735
1.383952e-05 1
1.123851e-05 3
2.880467e-06 6
1.255984e-06 1
4.274078e-06 34
8.126396e-06 1
4.673353e-05 1
3.570221e-06 1
6.174359e-07 1
7.644594e-06 1
1.705143e-05 2
1.530618e-05 3
8.607075e-07 1
9.953938e-07 1
1.743405e-05 1
1.422187e-05 1
2.148339e-05 3
2.487735e-05 2
1.265952e-06 1
7.793146e-06 3
8.081236e-06 1
1.290745e-05 1
1.975551e-05 1
2.028786e-05 1
6.334351e-06 1
1.411134e-05 1066
5.870157e-06 165
5.520242e-06 1
2.520064e-06 1
4.121033e-06 87
2.659108e-05 51512
1.750467e-05 1
5.495732e-06 3
4.843606e-06 5
2.572725e-06 1
1.716686e-06 1
1.034999e-05 1264
3.067362e-05 1
2.850461e-05 1
1.126798e-06 1
1.206985e-05 1
1.404339e-08 5
1.647570e-05 7
3.910681e-06 1
1.969707e-06 1
1.108134e-05 192
1.899147e-05 1820
4.284793e-06 30
3.517269e-06 3
1.842726e-06 3
5.544956e-06 1
2.317928e-05 2
5.087123e-06 4
1.989811e-06 1
5.349731e-06 1107
9.710158e-08 52714
8.441025e-06 2
1.064376e-06 1
2.382871e-05 1
2.581410e-06 17
1.494663e-07 1
5.020961e-06 1
3.673413e-06 1
6.129630e-06 88
3.980052e-06 1
8.828497e-06 2
1.717923e-05 6
1.280344e-06 6
2.802602e-05 1
3.628512e-06 265
2.045858e-06 1
1.345406e-05 1
2.846906e-05 1
1.795975e-05 1
2.850284e-05 1
1.276797e-05 1
3.423911e-05 1
1.965803e-05 1
2.740484e-06 7
7.398394e-06 1
2.857909e-05 3
1.937727e-06 3
9.439198e-06 1
9.238203e-07 1
2.840107e-05 3
1.114289e-05 1
7.473716e-06 1
3.708037e-06 3
3.893273e-06 1
2.644161e-06 7
7.530893e-08 1
1.152054e-05 1
9.240894e-06 1
5.430103e-06 748
2.091996e-06 218
1.324161e-05 1
5.195253e-06 1
1.090821e-05 1
1.537275e-05 145
8.565289e-06 2
2.328020e-05 24
3.545804e-05 1
1.121443e-05 1
7.308991e-06 1
7.534933e-06 1368
3.347024e-06 1707
2.029890e-05 255
3.581978e-07 3
2.434995e-05 2
3.774680e-07 3
2.344562e-06 1
2.082103e-06 3
2.738036e-05 27174
6.848334e-06 1
4.391821e-06 7
1.707524e-06 1
5.189596e-06 1830
1.808878e-05 5
1.735495e-05 1
6.144231e-06 83
8.650871e-06 1
4.462955e-06 7
1.764439e-05 1
1.705830e-05 1
1.502763e-05 1
4.394552e-05 13
5.561923e-07 3
4.368802e-06 1
2.535112e-06 1
8.357794e-06 1
3.222981e-06 1
2.547684e-05 1
6.824307e-07 195
8.970894e-06 1
8.401203e-07 121
4.296543e-06 26
2.194844e-05 1
2.822230e-05 4
1.752733e-05 1
1.231694e-05 1
1.187327e-05 2
5.146356e-06 1
7.415064e-06 1816
3.802117e-07 1294
4.281858e-06 2
8.463520e-06 1
2.267127e-07 1
1.581721e-05 86
1.649270e-06 1
2.097285e-06 1
5.694802e-06 3
1.794855e-06 1347
1.425963e-05 754
8.565294e-06 1
2.167958e-05 3
1.945305e-05 3
3.606470e-07 1428
2.692201e-05 1
2.653040e-05 5
1.980213e-05 1
4.050039e-05 1
6.379226e-06 15
2.681292e-06 1
4.986141e-06 30883
1.493524e-06 1
2.777811e-06 1
1.365832e-07 1
1.502137e-05 1
3.391755e-06 1
1.244569e-06 6
1.641135e-05 1
4.519363e-06 1
3.661106e-06 1
8.552833e-06 89
6.554517e-06 7
2.937045e-05 1
2.266927e-06 1
1.599757e-05 1
5.075658e-06 4
4.182251e-06 2
2.864705e-06 1
5.960512e-06 1
7.554366e-06 3
2.786242e-07 1
9.353350e-06 1
6.075589e-06 104
7.735107e-07 3
7.917219e-06 246
9.058523e-06 7
2.162572e-06 1
1.065134e-05 1
4.403613e-06 1
1.529260e-05 156
8.021512e-07 1
1.261873e-05 6
1.094176e-05 1
5.568843e-06 1
2.481694e-06 1
1.264355e-05 1
2.697710e-05 39401
1.056922e-06 1
1.546447e-05 1
4.961177e-06 4
1.076347e-05 254
5.722366e-06 3
1.456170e-05 3
6.935442e-06 5
1.616752e-05 2
6.119440e-06 91
5.240153e-06 1
2.578292e-05 5
3.379510e-06 1
6.808018e-06 6
1.849323e-06 3
1.747184e-06 1637
2.598675e-05 238309
8.145927e-06 1
1.555453e-05 2
9.576267e-06 103069
1.694149e-06 1962
1.223975e-05 1
2.926398e-05 3
1.512794e-05 178
1.599361e-05 64
1.044516e-04 6
5.980265e-08 1
8.635396e-06 1
1.450853e-06 1
3.908595e-06 163
6.599598e-06 7
4.763128e-06 1
6.804217e-07 3
2.109630e-06 210
7.606441e-06 1
1.308802e-05 1
2.041075e-06 1
2.426844e-06 79
7.889724e-06 1
8.332234e-06 3
2.078286e-06 3
1.875716e-05 1
6.446575e-06 7
1.738207e-05 6
2.625946e-06 1
6.120495e-07 229
1.892295e-05 1
7.754445e-07 152
6.372376e-06 17
4.937859e-05 2
1.383049e-05 1
2.389783e-06 2
5.315294e-06 1
1.527653e-05 158
4.600078e-06 6
4.126427e-07 1
9.548205e-06 1
7.941826e-06 240
2.157132e-05 1
2.228390e-05 1
1.076219e-06 12
2.509486e-05 1
5.721465e-06 3
1.443615e-05 3
3.182516e-05 1
3.739363e-06 3
9.084108e-07 1
7.356171e-06 3
1.094526e-05 3
2.547813e-07 4396
1.871095e-05 4
5.078440e-07 3
3.710409e-05 2
3.099914e-05 3
1.930120e-05 3
2.730876e-05 29299
1.340951e-06 1
4.095572e-07 1
1.277125e-06 6
2.017649e-05 266
3.013441e-06 5
1.218591e-05 1
1.035990e-07 1
2.024186e-06 1
1.042029e-05 1
1.001158e-05 4
2.268486e-05 1
8.257153e-06 1
2.462885e-05 2
1.634654e-06 1
7.097975e-06 1
2.734188e-05 4
1.321512e-05 1
1.670334e-05 1
1.748680e-05 1
2.514168e-06 44
1.204468e-06 2
2.523533e-05 2
1.017033e-05 1
7.650801e-05 6
1.227813e-05 7
1.975188e-05 1
6.863472e-06 1
1.089197e-05 1
3.361601e-06 1
8.962944e-06 7
8.276110e-06 3
1.121368e-05 1
5.623214e-06 1
7.739088e-06 1
2.488364e-06 1
5.652475e-06 3
1.631921e-05 1
6.785699e-06 6
2.981631e-06 5
2.581877e-05 1
2.824928e-06 1
1.972177e-06 3
6.820941e-06 1
1.770539e-06 1494
1.427204e-05 3
1.105281e-05 197
3.701889e-06 3
2.393982e-05 1
1.739581e-05 6
2.953268e-05 1
3.036985e-05 887
9.829426e-06 33341
2.209287e-05 1
6.480995e-06 1
3.956200e-06 146
1.129886e-05 1
4.121801e-07 1
1.801462e-06 1
6.999418e-06 1
6.725655e-06 6
6.264725e-06 2
4.750222e-07 1
1.083562e-06 1
1.405879e-06 1
1.112577e-05 183
1.494753e-06 49832
1.166123e-05 82
1.665274e-05 1
1.145120e-05 1
1.571173e-06 1
4.621019e-07 1
8.721391e-06 1
5.010886e-06 1
1.856301e-05 4
6.021254e-06 2
1.004822e-05 4
1.350266e-05 1
2.622986e-05 1
1.546948e-05 1
4.564321e-06 1
2.718692e-05 1
1.685397e-05 2
1.067242e-05 3
7.803397e-06 381
1.059708e-05 1
6.016490e-07 3
8.480361e-06 1
2.149509e-06 1
5.616815e-07 253
3.744703e-06 222
1.256636e-05 1
2.543724e-06 1
2.038389e-06 3
2.137171e-05 165
8.912836e-06 2
1.477604e-05 1
7.627308e-06 3
3.660739e-06 253
1.164655e-06 1
3.899756e-05 1
2.202729e-05 114
1.158569e-05 2
1.093403e-05 1
3.497261e-06 912
9.809888e-06 1
4.484326e-06 7
2.374340e-05 1
3.120122e-06 1
1.756681e-05 1
9.480355e-07 1
1.156792e-05 2
3.079559e-07 1
1.016024e-05 1823
3.075559e-06 1
6.223572e-07 1
2.803015e-06 1
3.040513e-05 1
3.000969e-05 3
2.108553e-05 1
1.089435e-05 1
8.090859e-06 1
1.098557e-05 210
5.198296e-07 1
1.510570e-05 181
1.364842e-05 2066
1.374321e-05 1858
1.585805e-05 1
1.770294e-06 1496
2.217142e-06 166
1.377738e-05 1
8.085638e-06 1
1.325996e-05 4
9.639551e-06 5
2.183629e-06 3
7.731101e-06 645
1.276622e-05 6
1.912521e-06 635
1.167575e-05 79
6.365530e-06 2
2.617659e-06 7
5.289433e-06 3
2.443543e-05 2
5.955315e-06 140
2.381624e-06 2
1.679834e-06 1
5.016072e-06 1
6.481149e-07 1
1.152611e-05 1
4.030892e-06 2
8.956078e-06 1
1.597911e-05 1
6.265160e-06 2
2.245180e-06 1
2.692386e-05 4
7.663332e-06 1
7.690223e-07 1
9.614166e-07 1
4.530681e-06 2
1.867712e-05 1
6.447851e-06 1
1.149274e-05 1
2.840357e-06 2
8.178913e-07 2
1.439079e-05 1
2.640994e-05 1
6.108227e-06 1
4.211633e-06 56
1.639589e-05 2
1.312232e-05 5
1.293631e-05 1
5.338978e-06 3
6.238566e-05 2
9.314998e-07 79
5.324346e-06 1221
5.672095e-05 2
1.387181e-05 1
1.011752e-05 1
1.386781e-06 1
3.448032e-05 1
1.504933e-05 1
2.246543e-06 3
1.150029e-06 7
6.932603e-06 209949
7.040242e-06 1
1.367928e-05 1
2.328575e-05 2
2.215682e-05 1
2.772794e-06 2
3.041966e-05 1
2.405034e-07 1
3.585333e-06 3
8.919764e-06 1
4.976609e-06 32818
1.631102e-06 12729
3.425340e-06 3
2.685818e-06 1
9.528806e-06 5
6.781853e-06 1
1.833498e-05 4
2.238856e-06 1
6.416458e-06 7
2.829929e-06 1
3.433732e-05 186
1.285538e-05 547050
1.235018e-05 2
5.805331e-05 6
5.046400e-05 1
8.836728e-06 1
6.054351e-06 1
5.214339e-05 2
1.189037e-06 1
5.023537e-06 23291
4.210847e-06 1
1.590862e-05 1
3.536156e-05 3
1.359203e-06 2
6.270737e-06 46
3.020513e-05 3
3.601138e-07 1432
1.849399e-05 20588
1.127797e-05 1
6.625315e-06 1
2.088299e-05 1
2.423551e-06 2
5.806254e-06 185
1.443894e-05 382
2.326809e-06 1
1.519072e-05 1
1.212804e-05 7
3.031184e-06 1
6.052653e-07 3
7.998382e-06 3
7.398270e-06 1
5.751818e-07 3
5.465519e-06 590
2.430937e-05 1
3.349153e-06 1695
2.379169e-05 7
1.275917e-05 2
5.384808e-06 1
3.069988e-05 716
5.616411e-07 1
1.443640e-06 1
2.289492e-06 2
1.493802e-05 3
8.796824e-06 1
2.681672e-06 1
6.062546e-06 1
1.657812e-05 1
1.517939e-05 3
1.189734e-05 2
1.000751e-06 2
9.803930e-06 36773
1.088757e-05 3
3.007600e-06 1
3.852471e-05 93
1.319419e-05 5
1.592336e-05 1
2.028121e-05 1
5.471665e-06 1
1.066627e-05 352
2.601700e-06 9
1.753433e-05 1
3.061926e-06 1
1.939095e-05 1
1.283271e-05 633600
7.132796e-06 4
5.241711e-06 1594
3.658033e-05 1
3.264138e-06 3943
2.849980e-05 1
7.283451e-05 6
1.622948e-05 34
6.318742e-06 32
2.425528e-05 7
9.295440e-06 6
1.121728e-06 1
6.423530e-06 1
1.843298e-05 24488
3.991269e-05 2
3.649811e-06 1
9.867551e-06 1
1.482693e-05 220
4.933710e-06 1
3.378485e-06 1539
3.563638e-06 1
2.094187e-05 1
2.577688e-05 5
1.230801e-05 2
4.098790e-05 52
5.500443e-06 1
9.496771e-07 2
4.225327e-05 34
6.483874e-06 7
1.743408e-05 1
9.901024e-06 1
2.185036e-05 1
4.799215e-05 1
3.846583e-06 1
1.321193e-05 43253
1.275726e-05 2
1.517963e-06 43492
6.809771e-07 1
9.078131e-07 1
3.148474e-05 1
1.541070e-05 1
1.158997e-06 1
1.913453e-05 1
3.520839e-05 1
8.586858e-06 1
1.575759e-06 4
3.148793e-05 3
6.006572e-06 2
3.746717e-05 1
9.868243e-06 28156
3.221157e-07 1694
1.563146e-05 2
5.013377e-06 25360
3.155374e-06 1
1.442702e-05 1
2.970310e-05 1
1.765082e-05 1
3.649299e-06 1
1.647622e-05 1
4.403028e-05 1
4.769070e-06 5
8.155205e-08 5
5.105976e-06 4
1.791233e-05 5
1.334190e-05 1
8.265312e-07 128
4.360475e-06 1
3.765955e-05 1
1.953719e-05 1
5.410194e-06 836
2.763557e-05 1
1.849357e-05 20601
2.112256e-05 185
2.133012e-05 1
1.459348e-05 1
1.659288e-06 5113
1.612955e-05 1
1.113075e-05 1
1.050901e-05 1
9.900400e-06 4
1.709392e-05 1
2.332426e-06 1
8.200219e-06 1
5.175420e-06 1895
8.929079e-07 2
8.346683e-06 3
5.685951e-06 222
4.329094e-05 21
1.869850e-06 1
2.800966e-05 1
2.035146e-05 251
1.112579e-05 3
1.431971e-05 3
5.351339e-06 1
5.892718e-07 240
2.357814e-06 2
1.074984e-05 1
2.078166e-05 214
2.137395e-06 199
2.436045e-06 1
1.879932e-05 1
1.097621e-06 1
5.929655e-07 1
5.342595e-06 1
1.409738e-05 1
7.085294e-07 1
8.830338e-06 23
1.826686e-05 1
7.946592e-06 1
4.743687e-06 584991
3.378804e-06 3
1.421967e-06 183398
1.561083e-05 1
4.598162e-06 2
8.888739e-07 99
3.087037e-05 1
5.889261e-05 1
2.289338e-05 2
2.028909e-05 256
1.497589e-05 199
1.515686e-05 3
1.260742e-06 1
1.092759e-06 7
3.594914e-06 1
2.836489e-06 2
1.989450e-05 1
4.934739e-06 1
6.040856e-05 1
1.690449e-05 1
5.108089e-06 1
8.741924e-07 1
2.773475e-05 16757
4.484583e-07 827
2.343454e-05 1
5.012242e-06 1
7.476481e-06 1586
1.952303e-05 3
8.442758e-06 2
7.013163e-06 56735
1.310196e-05 1
3.815482e-05 1
3.509864e-07 3
5.048396e-06 4
1.036862e-06 2
3.035922e-05 3
1.977991e-05 1
2.484267e-05 1
7.723737e-06 1
1.738000e-05 2
5.311114e-05 1
5.349542e-07 1
1.515324e-06 1
6.736840e-07 1
8.653397e-07 110
6.029177e-06 1
1.638525e-05 15
3.765137e-07 3
3.471841e-06 1046
1.946676e-05 1171
1.703501e-06 1905
1.289978e-05 376055
9.878716e-06 1
7.146382e-06 1
5.825666e-06 179
3.299528e-05 1
2.505039e-05 6
2.514436e-06 44
2.649190e-06 1
2.202366e-06 1
5.033127e-06 4
5.347807e-05 1
2.807798e-06 1
7.821733e-06 314
5.461501e-06 608
1.738455e-05 2
4.090614e-06 98
1.311212e-05 1
8.251042e-06 163
2.205263e-06 1
1.506267e-05 187
7.410324e-06 1
2.208790e-05 1
1.742794e-05 6
2.388093e-05 1
3.934779e-06 3
2.769128e-07 1
5.814715e-06 3
2.195757e-05 119
4.754793e-07 3
6.743271e-07 1
8.273552e-06 3
4.235967e-05 33
1.757341e-05 625225
4.260533e-06 1
7.599802e-06 1
4.818959e-06 65061
3.922196e-06 158
2.006343e-05 3
1.550038e-06 34733
8.893328e-06 1
1.831872e-05 1
4.013121e-08 1
3.643994e-06 259
7.000849e-07 1
5.176073e-06 1
2.120334e-09 1
1.499302e-06 48572
2.558995e-06 1
5.134281e-07 1
7.771754e-06 3
1.534035e-06 39098
3.764631e-06 1
1.829141e-05 4
2.514317e-06 1
3.956583e-05 1
8.099428e-06 200
4.739618e-06 1
5.190504e-06 1826
1.792645e-06 3
8.714141e-06 1
1.365442e-05 2053
9.052045e-06 7
3.828642e-06 3
3.654718e-05 1
1.285014e-05 567213
1.284545e-05 584951
7.757897e-06 1
2.250277e-05 79
1.253308e-05 1
9.582371e-07 66
1.071510e-05 3
3.266284e-05 1
9.978487e-06 1
6.376888e-06 1
6.839045e-06 1
2.660442e-06 2
3.582653e-06 1
2.460199e-05 1
2.787304e-06 1
9.489513e-06 546600
2.201378e-06 3
2.327093e-06 120
3.577400e-05 3
1.593397e-05 1
4.745023e-05 1
6.677193e-06 1
1.988579e-06 261
8.526546e-06 95
1.985482e-05 660
4.002118e-06 129
2.194596e-06 1
3.322473e-06 3
6.976730e-06 62958
6.234152e-06 57
3.203364e-06 1
1.396696e-05 1374
5.750648e-06 1
8.085291e-06 204
1.125304e-06 7
5.479587e-06 528
4.233596e-06 48
8.009250e-06 223
1.280334e-06 2
1.826866e-07 26406
5.574698e-06 3
1.098333e-05 211
1.742076e-05 1
2.390207e-07 4
4.757497e-05 2
1.433161e-05 604
3.246387e-06 4
9.196653e-06 1
7.334132e-06 1
2.196262e-05 2
2.545508e-05 1
8.120086e-06 3
9.697654e-07 61
2.035610e-05 1
1.304400e-05 5
1.184501e-05 2
1.370372e-05 1
7.198398e-06 25383
7.497965e-06 1506
1.172427e-05 70
3.413167e-06 1
1.014110e-05 1
9.073991e-07 1
1.936146e-05 1
1.906253e-05 1721
2.072397e-05 1
3.617259e-07 1421
2.578162e-06 2
2.497372e-05 6
5.963195e-06 1
1.894418e-06 1
1.099591e-06 7
1.559574e-06 4
1.674637e-06 1
2.738919e-06 1
2.357262e-06 108
1.968450e-05 3
4.082452e-06 101
3.885704e-06 1
9.599346e-06 1
6.283501e-06 1
2.625116e-06 2
2.205035e-05 1
1.574398e-05 1
1.572451e-05 99
7.869601e-06 259
1.809408e-07 1
2.833463e-06 2
2.251576e-06 1
1.202071e-06 1
2.337824e-06 2
5.210979e-06 3
3.046449e-05 1
2.635018e-06 1
2.891498e-05 1
4.614552e-06 2
2.751585e-06 1
7.227228e-06 1
2.969601e-05 3
2.164510e-05 3
5.085722e-05 1
5.512011e-06 3
1.190936e-05 1
2.411755e-05 1
1.775767e-05 1
1.670181e-05 2
8.532603e-06 94
7.497835e-07 164
2.382386e-06 98
2.230586e-05 1
5.315377e-07 267
1.023892e-05 3
7.293522e-06 4
1.829229e-06 1138
1.693801e-06 3
1.461495e-05 250
1.367272e-05 3
1.625285e-05 1
2.605965e-06 1
2.929881e-05 3
2.184510e-05 1
5.766157e-06 197
7.312434e-07 1
1.690372e-05 7
1.454641e-05 1
1.456650e-05 257
3.239817e-05 242
4.761671e-07 1
7.477514e-06 1
4.047403e-05 60
9.331678e-07 78
9.499821e-06 1
3.270624e-05 3
3.879245e-06 1
2.159402e-06 190
2.616980e-06 1
8.586097e-06 81
1.263901e-05 1
6.959861e-06 1
1.328698e-05 35751
2.204520e-06 3
2.339001e-06 1
6.239899e-06 2
3.446298e-06 3
1.887364e-05 1985
2.150975e-06 193
7.412414e-06 1
2.588876e-06 1
3.551374e-06 1
2.684514e-05 5
1.014165e-05 1
1.246429e-05 1
8.432091e-06 2
2.295483e-06 1
4.897906e-06 1
7.148132e-06 4
2.183246e-06 180
1.162511e-05 88
4.135287e-07 1
2.342373e-05 1
1.749577e-05 6
2.760323e-06 1
1.948945e-05 3
2.295228e-05 2
8.023065e-06 1
5.491595e-06 3
1.144793e-05 1
1.403697e-05 3
1.528770e-05 1
7.391279e-07 169
1.352471e-05 4
5.066022e-05 7
2.696536e-05 4
2.394155e-05 1
1.439322e-06 1
1.281556e-05 2
5.626113e-06 1
5.261458e-06 1505
3.160437e-06 28463
1.064691e-05 1
2.240569e-05 1
6.974499e-06 5
1.199300e-05 2
8.703301e-06 53
1.082175e-05 1
2.138539e-05 164
1.052237e-05 764
2.609068e-06 1
2.172108e-06 184
1.268827e-05 1
3.777093e-06 210
4.770698e-06 376689
9.767164e-06 41698
1.155426e-06 1
3.745308e-06 3
2.120311e-05 179
2.736079e-06 1
1.181003e-06 7
5.103764e-06 1
1.382956e-05 3
5.768422e-06 3
1.724702e-06 1
3.150541e-06 1
1.097854e-05 1
2.784619e-05 1
7.131309e-06 1
4.771589e-07 1
1.794262e-06 1350
1.553202e-05 2
1.292587e-05 5
6.362199e-06 1
1.577179e-05 1
4.048288e-06 1
6.093619e-06 1
1.546685e-05 1
1.422166e-05 1
3.103893e-06 4
3.453556e-06 3
2.582322e-06 2
2.782914e-06 2
1.082649e-05 3
1.049885e-05 3
2.033629e-06 1
6.833401e-06 1
1.364079e-05 3
3.104855e-06 1
7.626652e-07 1
3.503958e-06 3
7.490334e-06 1
3.461071e-06 1
7.557838e-06 1
1.289946e-06 1
9.538565e-06 1
3.740922e-06 1
1.359357e-05 1
1.406857e-05 1
4.660575e-05 7
4.996552e-06 4
1.480434e-05 3
3.310457e-06 1
1.388048e-05 1560
1.409510e-05 1
6.978326e-06 5
2.006094e-05 1
2.185892e-06 3
4.034208e-07 3
1.631576e-05 1
1.007856e-05 2066
1.222182e-05 7
2.012427e-06 1
4.411449e-06 1
3.944583e-05 1
1.309906e-05 54634
2.968413e-06 354124
2.821022e-06 6
8.398469e-06 127
1.858296e-07 1
1.399892e-05 1305
2.728691e-06 7
5.783694e-06 1
2.405904e-06 1
5.339666e-05 2
2.508094e-05 1
9.237585e-06 1
5.213036e-06 1724
5.774043e-06 1
4.599163e-06 1
5.563332e-06 3
1.089811e-05 3
7.391553e-07 169
2.372352e-05 7
1.121939e-05 1
1.977174e-05 1
1.071641e-05 1
1.511699e-07 1
1.030497e-05 1396
2.412608e-05 7
1.168007e-05 1
1.149866e-05 112
7.561579e-06 1
3.615374e-07 1422
8.842574e-06 1
1.170063e-05 2
2.417697e-05 1
1.497738e-05 199
4.895399e-06 49367
1.232193e-05 7
1.694932e-07 1
3.020124e-06 1
1.214138e-05 7
5.703247e-06 1
2.230522e-06 3
4.570775e-08 1
2.687051e-06 7
1.335744e-05 4
7.051498e-07 3
5.059478e-07 3
9.834001e-06 4
2.655838e-05 1
2.182638e-05 1
7.383362e-06 3
6.428073e-06 7
2.167650e-05 3
8.909071e-06 1
3.028140e-05 1
4.277638e-06 33
6.989057e-06 5
4.529208e-05 1
1.993938e-05 551
2.205116e-06 1
2.416702e-06 84
1.350114e-05 14609
2.852315e-05 3
8.892700e-06 1
3.134002e-06 1
7.510630e-06 1
1.352400e-05 1
6.050648e-06 1
1.285312e-05 1
4.243449e-06 1
1.864119e-05 11238
5.997849e-07 235
3.274383e-06 3
7.256926e-06 15570
7.853243e-06 1
8.402467e-06 1
1.055114e-05 681
8.098080e-06 201
5.810314e-06 1
3.456525e-06 3
2.123006e-05 1
1.578267e-05 91
1.074194e-06 13
3.519063e-06 1
1.807238e-05 1
1.038153e-06 1
5.531624e-06 1
3.069325e-05 1
4.688987e-06 1
1.538388e-06 37902
5.318496e-06 1
1.526467e-05 1
6.611576e-06 1
6.152101e-06 1
2.992905e-06 1
5.813134e-06 3
2.480209e-05 6
6.735007e-06 6
3.828795e-06 1
8.880091e-07 99
4.359794e-06 1
1.571499e-05 1
4.159331e-07 1
1.596704e-06 4
1.150639e-06 2
3.090340e-06 45139
4.903861e-06 1
4.858096e-06 57005
1.482545e-05 1
1.931982e-05 1369
2.346968e-05 1
2.384206e-06 2
8.474475e-06 1
5.802659e-07 1
6.942132e-06 1
1.958188e-05 3
1.102323e-05 1
4.349298e-06 8
1.686063e-05 1
4.806836e-06 1
6.561207e-07 208
4.764950e-07 635
4.072809e-06 1
4.194451e-06 1
8.927642e-06 1
3.153310e-06 1
4.874969e-06 53560
6.827289e-06 1
6.650354e-06 1
2.291128e-05 49
1.363312e-05 2100
1.442973e-05 1
2.098074e-05 3
1.316247e-05 48233
2.420458e-05 7
1.090063e-05 3
1.145789e-06 7
1.215404e-05 2
1.194777e-05 1
2.845414e-05 1
6.432971e-06 1
2.000043e-05 3
8.567129e-06 2
1.063983e-05 427
1.501974e-06 1
1.629139e-05 1
4.987185e-06 30669
4.754183e-06 1
9.001614e-06 2
9.288257e-07 80
8.982087e-06 1
5.352479e-06 1
5.910565e-07 1
1.156402e-05 100
1.391622e-05 1
4.388206e-06 7
1.158409e-05 96
6.770304e-06 1
3.464991e-06 3
3.779601e-06 3
3.028215e-06 1
3.483243e-06 3
1.503350e-06 5
5.819586e-06 181
1.351347e-08 510633
1.013438e-06 1
1.840586e-05 26223
1.383531e-06 577654
6.503280e-06 1
1.805202e-05 1
1.466574e-05 243
1.654631e-05 7
6.036172e-05 6
2.927084e-06 1
1.166458e-05 2
1.644542e-05 1
1.463428e-05 247
2.108879e-06 1
3.491402e-06 1
2.301613e-06 131
9.182258e-06 1
3.810810e-06 198
2.541751e-05 1
2.167160e-06 1
4.151740e-06 2
4.756504e-06 1
1.932966e-05 1
9.665674e-06 1
1.655000e-05 2
3.713356e-05 1
8.868662e-06 1
1.191956e-05 1
1.870891e-05 1
3.164977e-06 1
1.866426e-05 1
6.213958e-06 1
5.555045e-06 3
2.987282e-06 1
1.926410e-06 3
2.220440e-05 1
1.176177e-05 63
2.409129e-05 2
2.228826e-06 3
4.169474e-06 2
7.311900e-07 1
5.206665e-06 1
1.208085e-05 1
1.320870e-05 43579
1.279737e-05 1
4.255336e-06 40
3.888574e-06 1
8.330764e-06 143
2.743628e-06 1
7.315196e-06 1
5.875370e-06 1
2.996556e-06 101882
8.545767e-07 2
3.463655e-06 1
4.762186e-06 5
1.002086e-05 7895
7.836066e-07 1
4.245698e-06 44
1.932189e-05 1366
9.172893e-06 1
1.114272e-06 1
4.054775e-06 1
2.009470e-05 1
1.146346e-05 1
1.295519e-06 1
1.061696e-05 493
5.198031e-06 1
8.509180e-06 1
3.207977e-06 17202
4.178981e-06 67
6.056806e-05 6
6.367642e-06 18
1.164323e-05 2
2.727853e-06 1
3.162016e-05 1
1.420937e-05 1
1.268484e-05 2
1.007166e-06 1
3.061944e-05 1
6.135239e-06 1
5.158447e-06 1
1.424325e-05 3
8.546313e-06 91
1.644401e-05 1
9.961000e-06 1
2.252873e-06 1
2.389855e-06 1
6.605736e-07 1
6.832169e-06 1
4.670831e-06 2
1.431426e-05 3
4.051448e-06 1
4.029691e-06 1
1.447409e-06 1
3.464551e-05 178
3.604037e-05 1
3.069310e-06 5
3.086939e-05 1
1.449801e-06 1
4.283063e-06 1
4.867254e-08 104863
2.041158e-05 245
2.688247e-05 4
1.798975e-05 1
6.847914e-07 3
1.494953e-05 3
1.848396e-05 1
2.306690e-05 1
1.222476e-05 1
3.301406e-06 1950
1.200301e-05 1
5.985523e-06 131
2.005137e-08 5
1.401964e-06 1
1.392433e-06 1
1.723538e-05 1
6.075745e-07 231
1.699164e-05 1
1.030222e-05 1404
2.230447e-06 3
1.341135e-06 1
2.811422e-06 6
6.827799e-06 2
1.166561e-07 46690
5.852961e-06 171
1.528361e-05 1
2.848452e-05 3
2.497066e-05 1
2.023087e-05 1
1.132646e-05 3
9.054469e-06 1
8.785128e-06 34
1.207450e-06 7
1.233320e-05 2
1.227504e-06 2
2.190552e-05 1
1.964907e-05 1
8.041939e-06 1
2.817837e-06 1
8.885266e-06 2
7.776047e-06 480
2.078092e-06 223
1.242988e-05 7
4.855181e-06 5
6.966496e-06 5
4.876753e-06 5
1.787596e-05 1
5.020238e-06 1
7.880063e-07 1
1.129586e-05 1
1.277910e-05 1
2.769420e-06 2
7.210403e-07 1
6.115398e-06 92
2.839458e-06 1
1.020484e-05 1691
1.051753e-06 1
1.395486e-05 1
3.584143e-06 3
4.665817e-06 1
2.178560e-05 2
1.124258e-05 160
1.651629e-05 2
7.192362e-05 1
1.090462e-05 1
2.832375e-06 2
1.291460e-05 1
2.574883e-06 20
8.276022e-06 1
1.620653e-06 1
3.839411e-06 188
1.983022e-06 3
9.217953e-06 1
1.001570e-05 8581
2.935871e-06 1
2.607519e-05 128013
3.671917e-05 1
2.367632e-05 2
1.083785e-05 239
7.109365e-06 1
7.955684e-06 1
2.622847e-06 7
2.157382e-05 3
2.443744e-06 72
3.650727e-06 256
5.700093e-06 217
2.731680e-06 1
6.551278e-06 1
1.462341e-05 1
5.962484e-07 1
3.451834e-05 182
2.900912e-05 1
1.661037e-05 1
6.364655e-07 1
1.678654e-05 2
9.603637e-06 1
5.692324e-06 3
1.532092e-05 1
1.819203e-05 1
1.438080e-05 3
5.779971e-06 1
8.265019e-06 159
2.046904e-05 3
1.825120e-05 1
7.431456e-07 1
3.189348e-05 3
1.360685e-05 1
1.738513e-05 1
1.326588e-05 37869
1.171814e-05 1
6.788222e-07 1
4.011781e-06 2
4.890608e-06 1
2.788851e-06 1
9.878416e-06 1
9.047511e-06 1
1.045063e-05 971
1.522211e-05 1
3.183471e-06 4
2.155176e-05 1
4.194433e-06 1
1.149408e-05 1
1.644172e-05 1
3.059759e-06 1
7.295225e-06 1
3.209616e-05 3
2.194464e-05 1
1.329246e-05 1
3.170427e-07 1
2.281656e-06 139
2.067714e-05 3
1.578291e-05 2
2.149454e-05 3
1.995656e-05 3
1.090045e-05 1
6.749056e-06 2
5.943539e-05 1
1.260864e-05 1
4.493507e-06 1
1.149405e-05 2
7.657450e-06 1
4.784425e-06 5
4.363931e-06 1
3.562105e-06 1
1.295034e-05 5
1.214052e-06 7
8.763469e-06 2
2.379259e-05 7
4.562496e-06 2
2.582271e-05 5
1.227229e-05 7
4.989126e-05 1
2.262303e-05 70
1.383355e-05 1661
7.122043e-06 1
1.932667e-05 1
1.757685e-05 5
2.794937e-06 6
1.687917e-05 1
2.912991e-06 1
4.401602e-06 1
9.338321e-06 6
7.135898e-06 4
1.376718e-05 1806
1.033388e-05 3
2.764236e-05 1
3.101560e-05 3
2.564961e-05 664982
4.667118e-06 1
3.479709e-05 174
3.242693e-06 1
5.026495e-06 22699
1.056717e-05 3
7.838562e-06 1
3.989514e-05 1
1.690851e-05 2
2.591034e-06 1
2.168571e-06 1
1.213976e-05 1
1.278420e-05 6
2.070033e-05 1
3.462778e-05 3
4.828973e-06 1
1.287125e-05 1
1.568346e-05 1
2.416954e-05 1
5.365875e-06 1
4.084660e-06 1
1.491711e-06 1
4.688622e-06 1
1.641433e-05 1
6.708606e-08 5
5.562083e-07 3
1.232184e-05 1
3.284847e-06 1
1.761118e-05 5
4.348277e-06 1
9.602907e-06 1
1.370558e-05 1
2.498417e-07 1
1.727254e-06 1759
4.114210e-05 1
9.727647e-06 5
8.802337e-06 30
5.863963e-06 1
7.873170e-06 258
3.164407e-05 266
3.627522e-05 1
4.146365e-05 45
1.445295e-06 63399
8.915055e-06 1
1.504611e-05 3
4.249926e-06 1
7.175053e-06 1
7.227269e-06 4
1.305133e-05 5
1.005016e-05 1
1.945978e-05 3
5.185423e-06 3
1.772984e-05 5
1.519374e-05 1
4.232842e-06 1
3.874090e-05 1
5.958015e-05 1
1.289288e-05 5
4.770054e-07 632
1.257337e-05 2
1.743783e-06 1
3.898529e-05 1
1.243350e-05 1
1.218453e-05 1
9.019043e-08 5
5.473492e-06 3
2.191076e-05 2
2.022724e-06 1
2.559264e-07 4
6.059619e-06 1
5.781648e-07 3
1.053201e-05 1
4.655594e-07 710
1.585938e-05 2
1.441760e-06 64365
4.741737e-06 599536
4.055229e-06 1
2.198972e-05 1
1.977522e-06 266
3.191965e-05 1
1.286433e-05 5
1.335020e-05 29475
1.156832e-07 1
7.870715e-06 1
5.392996e-06 1
2.572300e-05 1
2.735054e-05 28049
1.385814e-05 1
9.115574e-06 1
2.064054e-06 1
3.914352e-05 1
1.079978e-05 1
2.879226e-06 6
2.931102e-05 3
2.414488e-06 84
2.212277e-06 1
1.951413e-05 3
1.505286e-06 46950
1.695162e-05 2
5.380398e-06 970
2.995865e-05 1
1.512057e-05 3
6.494192e-07 1
5.210871e-06 1
1.857073e-05 1
4.578723e-06 2
3.075081e-05 3
8.912962e-06 2
7.766025e-07 1
1.032706e-05 1331
1.991612e-06 1
3.884828e-07 3
7.638282e-06 985
1.138367e-05 1
9.704322e-06 1
5.968196e-06 1
9.716936e-06 48485
2.113299e-05 184
5.037100e-06 1
3.585909e-05 1
1.086925e-05 1
6.456346e-06 1
1.037450e-05 1192
1.310101e-05 5
2.284558e-05 54
7.177545e-06 4
2.682005e-05 5
1.348608e-05 1
7.353561e-06 1
3.896522e-06 1
1.569465e-05 102
2.052565e-05 236
1.365565e-06 1
1.984803e-05 3
1.081651e-06 1
1.055104e-05 681
1.497438e-05 1
9.459063e-06 1
1.259654e-05 2
5.010036e-08 5
2.154138e-05 1
1.689366e-05 7
1.970013e-05 1
2.136399e-05 166
1.714011e-06 1840
2.985708e-06 1
6.160891e-06 1
3.145191e-06 4
1.982098e-06 1
9.697667e-06 1
3.348536e-06 1
9.620735e-06 1
6.143616e-06 2
1.971782e-05 1
2.532256e-05 1
3.494900e-05 171
1.153255e-05 1
1.088665e-05 230
1.064425e-05 3
2.023401e-05 261
1.304159e-05 1
1.336061e-06 1
3.715123e-05 2
2.171889e-05 1
3.421800e-07 1
5.828017e-06 3
2.935420e-05 1
1.475864e-05 1
3.643108e-06 259
1.174360e-05 67
4.895322e-06 1
1.247947e-08 522261
5.935667e-06 3
2.196896e-05 2
6.438882e-08 1
1.630932e-05 2
7.419685e-06 1
1.296427e-06 6
3.608478e-07 1
1.307870e-05 1
1.744011e-05 2
2.864804e-06 1
6.415221e-06 1
7.574346e-06 1222
4.189611e-05 1
2.094369e-06 1
3.812251e-06 3
7.593913e-06 3
8.151141e-06 188
1.373022e-05 3
1.868389e-05 8557
1.555733e-08 1
3.444033e-06 1
2.706107e-05 4
1.916668e-05 3
5.307567e-05 1
3.765107e-05 2
2.357200e-05 7
7.702761e-06 1
2.873522e-05 3
1.673929e-05 7
8.662324e-06 1
1.085522e-05 236
8.303649e-07 126
1.057433e-06 1
7.228295e-08 60379
1.980473e-06 1
1.939897e-07 1
2.515413e-05 2
7.657192e-06 3
3.085391e-05 1
8.615021e-07 2
5.692015e-06 3
1.144423e-07 1
2.352269e-05 1
2.433468e-05 1
6.255007e-06 51
6.120861e-06 2
2.630042e-05 1
2.860367e-06 1
5.164613e-06 3
8.739401e-06 1
4.822240e-05 2
2.361070e-05 1
3.133953e-06 1
1.250198e-06 6
7.885730e-06 254
1.681182e-05 7
8.873577e-06 2
2.753128e-06 7
1.866474e-06 912
4.230489e-05 1
2.306891e-05 2
1.469406e-06 1
6.510687e-07 1
7.003275e-07 1
2.757192e-06 2
6.399095e-06 1
1.433231e-05 3
3.742527e-06 3
3.643071e-06 1
1.793223e-05 1
1.588813e-05 1
1.377568e-05 1
1.147747e-05 116
8.407721e-06 1
4.047057e-06 2
7.526058e-06 1401
2.048510e-06 3
6.319958e-06 32
8.613906e-06 2
1.884929e-05 3
3.099662e-05 1
2.048853e-05 3
4.456293e-06 2
2.675830e-06 7
1.905798e-06 3
7.175600e-06 1
2.515270e-05 6
1.236211e-05 1
1.992503e-06 1
2.382721e-06 2
5.737454e-06 3
7.370721e-06 3
1.702138e-05 2
6.886978e-07 1
3.035943e-05 3
2.626752e-06 7
1.583870e-05 2
2.023038e-07 20405
5.140058e-06 1
1.073715e-05 3
4.443915e-06 7
1.127046e-05 155
4.041703e-06 2
4.748432e-07 3
2.848197e-06 6
2.400916e-05 7
6.648976e-06 6
2.541963e-05 2
1.121708e-05 1
3.385989e-06 1
1.536856e-05 1
1.142908e-06 1
3.204176e-06 4
1.425330e-05 767
7.196291e-06 4
7.251043e-06 4
2.276066e-06 141
7.917845e-06 1
8.173496e-06 182
1.236346e-05 1
7.129941e-08 1
1.282830e-05 1
1.810543e-06 1251
1.389880e-05 1
2.683093e-06 1
2.170231e-05 3
1.441259e-05 1
2.224216e-06 1
3.227269e-06 4
1.203045e-05 2
1.117037e-06 1
1.665264e-05 1
2.046811e-05 3
1.832969e-05 31132
5.236801e-07 315
6.509914e-06 7
4.240777e-06 1
6.752750e-07 199
3.578146e-06 488
1.086388e-05 1
6.872947e-07 3
3.258255e-07 1
6.074781e-06 104
1.117080e-05 1
2.533686e-05 6
1.637409e-05 1
6.694962e-08 1
1.637195e-06 4
2.486431e-05 6
5.037469e-06 20491
1.452078e-06 1
2.575816e-05 1
3.120791e-05 462
2.437753e-05 1
3.819176e-06 1
7.245743e-06 1
5.526011e-06 322
9.162785e-06 7
2.208328e-05 110
1.732643e-05 1
9.337992e-06 2
2.935742e-05 1
3.889801e-05 1
1.789584e-06 1
4.600458e-06 1
1.014870e-06 1
2.200847e-06 1
6.381917e-06 14
1.030301e-05 3
4.527405e-06 1
1.441581e-06 1
6.114266e-06 1
1.028176e-05 1
5.093514e-06 1
9.924551e-07 1
4.356677e-05 1
9.206456e-06 6
3.634554e-05 137
3.568090e-06 3
2.475640e-06 1
1.638535e-05 1
5.022777e-06 23455
3.813336e-06 1
1.465733e-05 3
9.249614e-06 1
7.447893e-06 1
1.326263e-05 1
7.944403e-06 1
1.179504e-05 57
8.716666e-06 1
1.315066e-05 1
2.025718e-06 1
2.828911e-06 6
2.611351e-05 5
1.171515e-05 72
5.464055e-06 597
1.332218e-06 2
2.491089e-05 6
1.951662e-05 1104
5.703273e-06 3
2.906518e-06 2
1.359916e-05 1
2.630143e-05 5
3.677468e-05 128
3.760067e-06 1
4.107160e-06 1
3.251805e-06 6852
4.085203e-06 2
2.423825e-06 1
1.787878e-05 60873
1.442698e-05 406
5.424537e-06 3
1.141140e-05 2
5.375714e-06 1
4.353096e-08 164012
1.926581e-05 1
2.197903e-05 2
3.676906e-05 2
1.709675e-07 4
2.478344e-06 58
1.951912e-06 1
1.780527e-05 65848
9.003852e-06 1
1.438139e-06 1
1.020189e-05 1699
3.080004e-06 47603
1.039335e-06 1
7.069340e-06 1
1.917467e-06 1
6.268792e-07 1
7.779993e-06 1
1.417725e-06 5
1.674508e-07 1
1.665355e-05 2
1.304313e-05 1
5.772585e-07 1
9.216730e-07 1
1.577647e-05 2
2.593160e-05 1
1.855472e-05 16716
3.631032e-06 3
6.849440e-06 1
8.608543e-06 1
2.045352e-05 1
6.723803e-05 1
1.531171e-05 3
7.102591e-06 1
7.424701e-07 1
1.051106e-05 1
9.881932e-06 26326
6.919203e-06 1
1.798617e-05 53705
2.783448e-05 1
1.285167e-07 5
7.777544e-06 1
1.199266e-05 21
1.397493e-06 1
2.007160e-05 3
1.906154e-05 1
7.891063e-06 253
3.608152e-06 1
2.482787e-07 1
2.946747e-05 1380
2.133712e-05 168
9.564031e-06 1
1.358698e-06 1
1.458328e-06 59811
1.025596e-06 1
6.554027e-06 2
2.553465e-05 1
1.985522e-05 1
4.861413e-06 1
2.138628e-05 3
5.352162e-06 3
7.593118e-07 159
4.099485e-05 1
7.499986e-06 1
1.372495e-06 2
9.204368e-07 2
1.809179e-06 1259
1.179672e-05 57
8.765048e-06 1
2.152919e-05 153
4.078487e-05 1
2.841506e-05 2006
2.526075e-05 1
2.534921e-05 6
7.552940e-06 1301
9.523807e-07 69
6.868501e-06 1
1.118695e-05 171
1.656341e-06 4
2.057533e-05 3
1.130657e-05 3
1.955476e-05 3
8.086358e-06 204
1.207492e-05 2
1.838306e-06 1
1.267725e-05 6
1.457151e-05 1
3.168914e-05 265
2.799007e-06 1
7.650415e-07 1
1.327987e-05 4
5.479220e-05 2
1.526750e-06 4
3.399805e-06 1426
4.731237e-06 1
2.246457e-05 81
2.996291e-05 1
2.529884e-06 1
9.572320e-06 1
2.259472e-05 1
2.405077e-06 1
3.020090e-05 1
1.131070e-05 147
3.544926e-06 1
3.377020e-06 1
2.774302e-06 6
2.423873e-05 2
1.168816e-05 1
2.746286e-06 7
2.702273e-05 37994
3.120034e-06 1
1.018053e-06 39
3.778339e-05 1
1.029941e-06 33
7.363220e-06 3
6.423959e-06 1
8.829440e-07 1
2.799061e-06 2
7.655403e-06 3
8.687994e-06 1
3.158931e-06 1
1.025075e-05 1
4.722981e-06 6
7.852519e-07 3
5.103980e-06 4
7.755046e-07 3
5.896411e-06 3
8.987077e-06 7
1.462904e-06 1
7.635797e-06 3
1.580114e-05 89
1.413236e-06 1
2.883284e-05 3
1.144165e-05 1
1.218088e-06 1
1.309569e-05 1
6.961140e-06 5
1.031827e-05 1
2.296015e-06 2
2.266211e-05 1
1.790621e-05 1
4.628295e-06 6
8.470211e-06 1
6.876529e-06 1
8.617459e-06 1
7.818736e-06 325
7.364848e-06 2005
3.786309e-06 1
1.612824e-05 1
9.837518e-06 1
6.331649e-06 28
2.611188e-06 1
1.025908e-05 3
1.390860e-06 502553
1.644552e-06 1
3.991099e-07 1
3.821944e-06 1
1.501974e-05 193
1.223529e-07 1
1.724125e-06 1778
2.541719e-05 1
1.063776e-07 49853
5.582116e-05 6
3.949160e-06 1
3.742327e-06 1
4.974237e-06 33302
1.842152e-05 4
1.040426e-06 1
2.281902e-06 1
1.598460e-05 65
6.553383e-06 1
6.465804e-06 1
9.011931e-06 1
6.136841e-06 1
7.518399e-06 1
2.755848e-05 1
1.619882e-06 1
7.837057e-06 3
2.820453e-06 2
2.064995e-06 229
3.789975e-06 1
2.049348e-06 236
6.498823e-06 7
2.190783e-05 1
1.779666e-06 1439
2.236462e-06 158
5.677335e-05 2
3.943092e-06 1
1.697725e-06 1
1.486570e-05 1
5.173835e-05 1
6.084636e-06 1
1.458383e-07 4
1.653237e-07 1
5.513165e-06 379
2.232177e-06 1
1.827997e-05 1
8.806257e-06 1
1.685834e-06 3
3.296628e-06 1976
3.713362e-05 2
1.246679e-05 1
1.479011e-05 225
2.707937e-06 1
1.082349e-04 6
4.592983e-07 1
1.151493e-05 2
3.218435e-05 249
5.605442e-06 247
1.952569e-05 1
4.659431e-06 6
6.528840e-06 1
2.534157e-05 2
2.987695e-06 1
2.119484e-05 179
9.721129e-06 5
1.312908e-05 1
3.946629e-07 1
7.332943e-06 1
8.732771e-06 2
2.119299e-06 3
4.662050e-06 6
2.013365e-05 303
1.142649e-05 126
6.683823e-05 1
1.439004e-05 1
3.242844e-06 8958
4.548231e-06 6
3.878923e-06 3
5.404393e-06 863
3.072792e-06 1
2.535451e-05 1
1.355913e-05 1
2.163122e-05 1
5.035592e-06 20862
1.411673e-05 1055
3.543052e-05 1
2.643664e-06 2
3.121759e-05 3
2.186386e-06 1
1.992407e-06 1
3.198801e-06 1
1.099692e-05 3
6.143431e-07 1
6.117323e-06 2
1.507776e-06 1
1.045011e-05 1
1.194305e-05 1
4.945625e-06 39116
4.393658e-06 1
7.470838e-06 1
2.791865e-06 6
2.323127e-05 27
1.204022e-05 1
1.187618e-05 42
8.261009e-07 1
3.030722e-07 1825
3.575633e-06 1
2.189545e-05 124
1.063886e-05 1
8.264262e-06 1
4.411868e-06 7
1.697243e-05 2
1.329983e-05 1
1.912682e-05 1
1.377565e-05 1787
2.129772e-07 1
2.420224e-06 1
1.948276e-06 1
3.327072e-06 1
9.877040e-06 26973
1.785373e-05 62576
6.198487e-08 1
1.681139e-06 1
1.783156e-05 1
4.891562e-06 1
1.015446e-05 1840
2.907808e-06 6
3.964817e-06 143
1.276105e-05 6
2.981047e-06 1
3.382634e-06 1517
3.186333e-05 259
5.756390e-06 1
5.239865e-06 1602
2.546671e-06 2
1.851642e-05 4
1.682899e-05 2
1.395983e-05 1389
1.298753e-05 65996
5.961082e-06 1
1.775974e-05 1
7.943786e-07 1
5.929482e-06 3
4.894941e-05 2
8.522938e-06 2
8.200443e-06 1
4.341963e-06 1
1.972954e-05 823
1.076070e-06 12
1.713491e-05 6
5.154365e-06 1
1.544577e-05 1
3.596296e-05 1
5.933252e-06 1
3.892494e-07 3
8.541700e-06 1
9.425487e-06 1
1.745325e-05 1
5.003869e-06 1
7.509612e-06 3
1.723221e-05 1
6.525818e-06 1
4.938356e-06 4
4.601907e-06 1
6.145787e-06 83
1.337132e-05 4
5.220082e-06 1
5.395921e-06 1
1.377002e-05 1800
2.380612e-06 1
1.249181e-05 1
7.887245e-06 254
