1.001440e-04 1
5.473287e-06 1
1.262745e-05 1
1.143036e-05 3
5.676844e-05 1
6.246619e-06 2
4.312807e-06 1
1.736122e-05 1
1.121323e-05 1
3.836268e-05 2
9.272253e-06 241
2.895990e-05 6
7.353620e-06 1
6.580151e-06 4
3.305721e-05 3
9.491282e-06 301
3.248573e-05 7
2.321845e-05 159
4.178365e-05 1
3.529493e-06 1
5.670724e-05 1
2.824118e-05 1
1.265472e-05 1
6.527459e-06 2
3.105134e-05 1
5.137793e-05 2
2.231045e-05 1
2.486496e-05 651864
1.955396e-05 1
2.373636e-06 248
2.717653e-06 60760
2.582841e-06 1
6.065191e-06 1340
3.223233e-05 1
5.315624e-05 5
1.093149e-05 1
1.727719e-05 2
1.302195e-05 1
8.941325e-06 1
2.227533e-05 1
5.306401e-06 1
1.416137e-05 2
1.219181e-05 5
2.172228e-05 1
1.900714e-05 1742
2.163152e-05 6
6.343820e-06 1
7.133899e-05 4
2.061734e-05 1
1.453401e-05 1
1.022083e-05 7
2.535267e-05 1
1.377778e-06 1
7.200843e-06 7
6.768469e-06 1
1.848142e-05 1
4.767356e-05 1
2.026337e-05 1
1.061543e-05 1
3.947540e-05 1
4.650022e-06 1
8.990474e-06 1
1.733186e-05 59586
1.654545e-05 1
2.604313e-05 2
9.625718e-05 724
6.857421e-06 2024
4.272265e-05 7
6.758456e-05 1
1.766423e-05 1
3.827678e-06 1
4.611763e-05 6740
3.057714e-05 3
1.130787e-05 3
2.196666e-05 144
9.556242e-05 2
3.807037e-06 1
3.512208e-06 1
8.149874e-05 156100
4.147104e-05 1
2.918986e-06 6
1.199269e-05 45433
2.599475e-06 2
1.923556e-05 10662
4.681656e-05 1
3.706410e-05 5
4.437046e-05 1
9.652988e-06 1
2.192510e-05 2
2.676769e-05 2
1.155332e-04 1
2.022434e-05 1
1.113475e-05 356
1.512718e-05 2
2.202114e-05 1
2.488803e-05 144
5.906211e-07 7
1.597836e-05 2
4.637625e-05 1
3.865639e-05 98353
4.737902e-05 3
5.902339e-05 2
7.568330e-05 1
9.159675e-05 256
2.738340e-05 7
8.406425e-07 4
3.435907e-05 2
2.292039e-05 3
2.447609e-05 1
1.610841e-05 1
1.562711e-05 1
9.848861e-06 1
7.742108e-05 1
1.796123e-06 1
1.273526e-05 47
2.824037e-06 1
3.093750e-06 1
5.795256e-06 3
1.017968e-05 1
2.518216e-05 7
8.112647e-06 1
4.253504e-05 1
3.100316e-06 1
6.137239e-06 1
1.445217e-05 1
2.930744e-06 1
1.623020e-05 7
9.804907e-06 1
1.027322e-05 3
3.294324e-05 1
7.506259e-06 25
1.118030e-05 1
7.718633e-06 1
1.091484e-06 1
2.811362e-05 5
7.525744e-05 1
2.100910e-05 1
1.486446e-06 2
1.372658e-05 1
4.948732e-05 1
6.113371e-06 4
2.210381e-05 1035
5.040580e-05 1
1.453775e-05 6
3.552123e-06 1
9.828737e-07 1
3.087313e-05 1
4.694847e-05 7
3.498003e-05 1
6.847015e-06 1
4.439504e-05 654693
1.215011e-06 2
7.485517e-06 7
3.932738e-06 2
3.340639e-05 1
4.950457e-05 3
1.918246e-06 1
5.883469e-06 186
9.700209e-06 4
7.115193e-06 1
1.910480e-05 700
8.646745e-06 6
1.259677e-06 1
1.056484e-05 1
3.669377e-06 1
1.508843e-05 1781
5.876236e-05 1
3.168828e-06 1
7.712494e-05 1
1.629697e-05 1
4.511825e-06 1
2.230195e-06 7
8.179773e-06 3
4.092470e-05 5
2.562791e-06 1
3.637445e-05 3
7.525433e-06 1
5.572699e-06 3
3.064690e-05 46
5.201703e-05 58131
7.979957e-06 2
7.378963e-05 3
1.024516e-05 1
8.056038e-05 1
5.251403e-05 1
2.953620e-05 1
2.636227e-05 1
5.519424e-06 1
5.419736e-05 1
2.409400e-06 1676
7.423420e-05 1
4.395047e-05 2
4.516249e-05 1
1.444274e-05 1
4.974413e-05 3
9.455668e-06 1
2.321423e-05 1423
1.324421e-05 2
1.506270e-05 124
6.574777e-05 1
4.712158e-06 5
3.234227e-06 1
8.096617e-06 2
3.530532e-07 1
1.094660e-05 7
2.622365e-05 3
2.921140e-05 1
4.803037e-06 1993
3.384390e-05 46
4.314563e-06 1
1.700405e-05 5
1.272243e-05 2
1.069764e-05 1
1.725670e-05 245
7.104270e-06 3
8.022793e-06 1882
2.499518e-05 263
7.268330e-05 1
2.569756e-05 1
1.328527e-05 579
2.976951e-06 2
1.829408e-05 1
1.403965e-05 1
4.631667e-05 1
3.386901e-05 3
2.536219e-06 5810
2.474402e-05 1
3.060429e-05 49
4.110510e-05 1217
1.522837e-05 2
1.366844e-05 6
2.232066e-05 3
2.608589e-05 2
3.672462e-06 2
1.423616e-05 1
2.916302e-05 1
1.650971e-05 1
6.864005e-06 430464
2.143980e-06 1
2.631067e-05 1
5.574956e-05 1
5.015790e-06 2
3.103903e-06 1
1.002345e-04 1
9.363198e-06 3
4.505665e-06 1
1.402157e-05 1
2.174808e-05 1
1.712894e-05 259
1.108637e-05 6
3.758975e-05 3
2.913647e-05 209
1.438052e-05 3
1.020065e-04 2
1.670016e-05 3
1.215663e-06 1
1.544495e-05 204
2.344971e-05 38086
9.808625e-06 1
2.374792e-06 1
1.041177e-04 1
7.309721e-07 3
2.829360e-05 77
5.413661e-05 1
7.060473e-06 5
1.333784e-05 1
2.788568e-05 169
2.002776e-05 1
8.679335e-06 4
3.838516e-05 135
2.484540e-05 1
3.058369e-05 4
6.464549e-05 2
6.393232e-06 1397
2.451970e-05 3
1.107864e-05 1
7.814499e-05 1
1.809224e-06 1
3.634744e-06 239
1.905193e-05 1
2.890254e-05 1
4.119098e-05 2065
4.671553e-06 2
3.358180e-05 61
1.321632e-05 1
3.127923e-05 1
8.834048e-05 2
1.680441e-05 1
1.598772e-05 1
3.170484e-06 1
4.652831e-05 3
4.307574e-05 2
1.315815e-06 1
1.241274e-05 1
5.585003e-05 2
4.376808e-06 1
1.868192e-05 1
5.672569e-06 3
5.835366e-07 1
8.485362e-06 1
2.467379e-05 4
1.948400e-05 7
3.817212e-06 2
8.868372e-06 1
1.669022e-07 1
1.942121e-05 1
2.044418e-05 1
7.604351e-05 2
1.786216e-06 1
1.444580e-05 1
2.959874e-06 1
1.605123e-05 1
1.193848e-05 2
2.075939e-05 3
4.746853e-05 45
1.510280e-05 1
2.153195e-05 6
1.440014e-06 261
2.979335e-05 1
1.145821e-05 1
2.722454e-05 1
1.075312e-05 7
8.316250e-05 1
7.203656e-05 7
2.496848e-05 1
2.356525e-05 1
3.325055e-05 1
3.755903e-05 6
2.674081e-05 1
3.139166e-05 1
2.533545e-05 172
8.103894e-06 2
2.460208e-05 1
2.211817e-05 2
5.246137e-05 96
5.845214e-05 1
1.702283e-05 1
2.815914e-05 4
1.028773e-04 1
3.779535e-06 1252
2.838739e-05 1
3.334831e-05 1
2.031354e-05 175
2.792704e-05 1
2.247544e-05 5
1.580147e-05 3
4.016054e-06 3
2.132869e-05 1
1.771802e-05 4
1.434737e-05 6313
6.305908e-07 1
3.228567e-06 5
2.880914e-05 41
5.168000e-05 1
1.054847e-05 1
1.966709e-05 1675
4.119262e-06 1
3.804776e-05 1
3.660588e-06 1
7.124457e-06 3
2.004996e-05 1
3.286155e-05 3
6.947932e-05 3
4.346498e-06 1
3.150905e-05 2
3.176894e-06 1
3.372927e-05 2
1.614171e-05 1
1.864168e-05 10022
9.923004e-05 4
3.527647e-05 1
1.756725e-05 210
5.976581e-06 2
1.767551e-05 261
1.158788e-05 208
2.950805e-05 2
3.428681e-06 4
3.906104e-06 1
3.635752e-05 1
4.426131e-05 7
7.219219e-05 1
2.260148e-06 5
2.184765e-05 7
3.259254e-05 1
1.501092e-05 284036
5.115433e-05 1
4.005392e-05 1
8.612452e-06 1
1.173502e-05 1
2.183082e-05 2
1.502293e-04 1
2.947020e-05 1812
1.090796e-05 1
1.031180e-05 5
2.397784e-06 3
2.548668e-05 96
1.875438e-05 323
9.764823e-06 1
3.723322e-06 1
1.240045e-05 1
6.500663e-06 1
8.476094e-06 1
5.212879e-05 1
3.596392e-05 4
2.954059e-05 7
9.586010e-05 1644
1.952571e-05 1
4.998148e-06 1
5.064833e-05 6
1.840096e-05 1
3.724828e-05 2
6.820232e-05 1
1.553786e-05 1
6.455459e-06 42773
6.342035e-06 16067
1.944240e-05 73
2.048010e-05 2
6.736478e-06 6
1.243066e-06 1
5.255421e-05 1
6.632336e-06 7
2.925464e-05 1
6.125618e-05 1
2.195110e-05 1
2.754055e-05 1
3.104851e-05 1
1.533639e-05 27
3.424799e-06 1
7.407904e-06 2
6.528777e-05 2
5.516984e-05 1
5.048912e-05 2
3.885248e-05 3
2.743667e-06 3
2.053209e-05 1
7.247706e-06 3
1.261600e-05 1
3.304375e-05 1
1.105377e-05 1
7.117669e-05 1
4.012638e-06 1
1.810383e-05 1
8.943012e-06 230
4.757169e-06 1
7.985611e-07 1
2.828478e-05 1
1.399153e-05 1
2.561737e-05 5
2.950545e-05 1
8.489403e-05 1
3.336387e-06 173
2.677191e-06 57
5.093784e-05 1
2.352307e-05 3
8.299363e-06 5
7.904677e-06 1
4.765226e-05 1
2.937077e-05 1009
6.041601e-05 1
5.464265e-05 4
5.869502e-06 4
3.805672e-06 1
3.175598e-06 3
1.437002e-05 1
9.837097e-06 152
1.093031e-05 1
8.077882e-06 1
4.310399e-06 1
1.050183e-06 50266
2.709554e-05 53569
4.290941e-06 4
4.526218e-06 1
8.843692e-06 183
4.821588e-05 1
4.320469e-05 4
1.689575e-06 2086
4.554019e-05 1
1.197508e-05 1
5.893345e-05 1
8.015109e-06 1
5.729653e-05 5
6.207042e-06 2
1.782767e-05 7
4.305850e-05 1
9.784592e-05 4
4.291575e-05 4
9.672800e-06 1
4.203922e-06 1
3.542852e-05 46403
1.272323e-05 1
9.049846e-06 1
3.301433e-05 1
2.851032e-06 1
4.117428e-05 1
2.066659e-05 2061
2.625032e-06 3
7.480064e-06 4
1.209514e-05 36473
6.256097e-05 18
5.712952e-06 3
4.742177e-05 1
2.081286e-05 6
1.084636e-05 1
1.926509e-05 1
3.907405e-05 40
1.784553e-05 3
9.992605e-06 4
2.111087e-06 1
1.585283e-05 2
2.410682e-05 146
9.729966e-06 6
2.113078e-05 1
2.860823e-05 1
5.846834e-07 1
3.019712e-06 4
1.320602e-05 1
4.336992e-05 1
3.501607e-05 5
2.703111e-05 3
9.707786e-06 1
1.113986e-05 1
5.996655e-06 1
1.774978e-06 1
1.777437e-05 1823
1.998768e-06 3
1.000788e-05 3
1.188832e-05 2
4.541235e-05 1
1.050779e-05 5
6.401165e-05 1
5.460653e-05 2
1.165393e-06 1
4.019342e-06 52891
2.369764e-05 180
6.772799e-05 7
1.492760e-05 1
1.532411e-05 1
1.313362e-04 3
7.417952e-05 2
8.437095e-06 2
3.326771e-05 142
1.650748e-04 7
2.877593e-06 1
6.678468e-06 1
6.374536e-05 1
2.646935e-05 1
1.769765e-05 324361
7.516133e-06 1
8.463513e-06 1
1.651898e-05 2
1.004947e-05 56
2.007092e-05 1
1.069349e-05 2
2.447044e-05 1
1.375838e-05 5
1.971326e-05 1
2.355323e-05 4
1.644348e-05 1
8.524193e-06 1603
2.889789e-05 3
1.471247e-05 3
4.288857e-05 4
3.372332e-05 1
2.524531e-05 6
1.773500e-05 1
1.430254e-04 50915
8.734639e-06 1
3.316355e-06 1685
4.096951e-05 1
3.054790e-05 179
2.243793e-06 382
5.726803e-05 1
2.874096e-05 1616
3.654976e-06 2
3.746144e-07 103242
2.329802e-04 7
5.149181e-05 6
1.639711e-05 5
9.378162e-06 1
6.179058e-05 1
2.107514e-05 1
2.471413e-06 2
1.622655e-05 2
1.513236e-06 6
1.896003e-05 2
3.837835e-05 1
9.686858e-06 112
1.984685e-05 1
3.512908e-05 1
1.974102e-05 7
1.181218e-05 1
1.692460e-05 3
6.763220e-05 1077
3.561517e-06 977
6.733529e-06 1
5.425652e-05 24380
1.788184e-05 1
4.267431e-05 1
3.728684e-05 1
1.076913e-05 1
5.208784e-07 1
1.469364e-05 57775
3.009583e-06 2
3.487111e-05 1
3.357335e-05 3
5.343547e-07 3
1.475429e-06 3
1.051444e-05 1
1.878283e-06 7
1.351318e-05 1
1.477668e-05 1
4.167989e-06 1
5.361463e-06 1
4.615983e-05 1
1.404628e-05 1
1.414456e-05 1
1.584179e-05 1380
2.854047e-05 1
6.166947e-05 1
2.885701e-05 1
8.971070e-06 1
1.985673e-06 1
7.990566e-06 1
9.051066e-06 1
7.105798e-07 1
3.023685e-05 5
2.924710e-05 7
5.762632e-06 1
1.937944e-05 1
4.919059e-05 2
7.907070e-07 3
6.813157e-06 209
3.879818e-06 1
3.044087e-06 2
2.089066e-05 1
3.591849e-05 63
3.109736e-05 1
2.919264e-07 2079
1.385489e-05 3
1.761671e-06 3
3.228110e-05 1
2.592958e-06 1
2.213612e-05 65
6.480961e-06 1
5.973938e-06 1
1.973510e-05 1
1.397576e-05 198
9.865256e-06 3
9.698781e-06 1
3.440520e-05 1
1.021336e-05 2
1.262909e-05 1
1.849414e-05 1
2.213636e-06 1371
3.211054e-06 1
1.587894e-06 1
1.918942e-05 6
2.113838e-07 51931
1.286161e-05 1
8.157049e-06 1
9.871737e-06 1
1.675516e-05 1
3.133261e-05 257
2.308420e-05 1
2.052040e-05 1
8.813119e-06 1
3.476793e-05 1
2.245333e-06 1
6.565392e-06 1
2.413461e-05 6
5.861855e-05 415
3.385380e-05 1
3.602117e-05 2
1.293752e-05 1
1.414988e-06 1
1.135628e-05 23342
1.069419e-04 7
4.538594e-05 1
2.216341e-06 1
3.213106e-06 394243
3.942740e-05 1
1.562277e-05 2
4.052815e-05 1
1.495479e-05 3
6.177082e-05 1
9.225343e-06 1
2.619643e-06 4
1.531698e-05 156
3.952834e-05 147
2.515591e-06 1
2.585069e-06 1
4.732443e-05 3
1.268463e-04 19021
8.507673e-06 7
3.750945e-05 1
1.110879e-05 1
2.269215e-06 1
2.534576e-05 1
2.128813e-06 7
6.226564e-06 5
6.015571e-05 909
1.725182e-05 1750
5.405149e-06 1
3.297138e-05 1
9.422869e-06 1
1.318982e-06 7
1.791095e-05 3
9.655982e-06 7
3.693591e-05 140
9.270588e-05 1
3.236719e-06 1
4.881972e-05 1
4.266306e-06 5
1.084616e-05 126
1.677458e-05 3
1.215217e-05 1
8.634873e-06 1
2.974354e-05 4
1.927164e-06 1
3.747774e-05 7
8.305911e-05 51
1.518701e-05 1
3.671338e-05 7
3.582722e-05 1
1.673797e-05 1
2.544849e-05 2
7.152726e-07 1
4.862537e-07 1
3.055898e-05 179
8.956109e-06 2
4.458274e-06 76
1.687255e-05 4
1.963112e-05 3
5.314580e-06 54766
2.196578e-05 3
1.027176e-05 1
1.037271e-05 1
3.704174e-06 1
1.549795e-05 1
4.815720e-05 1
2.623193e-07 1
5.016656e-08 3
3.086421e-05 96
4.629638e-06 1
5.859898e-06 1
1.690009e-05 1
1.249745e-05 1
5.590248e-06 1
2.996748e-05 3
2.329366e-05 2
2.759640e-05 1
8.019023e-06 3
6.484786e-05 1
3.645150e-05 1
1.685642e-05 3
1.176261e-05 6
6.069563e-05 1
3.417294e-05 9151
1.877267e-06 1
8.897987e-06 1
3.682890e-06 1
1.241757e-05 6
6.786289e-06 5
2.174697e-05 1
2.386163e-05 1
2.177780e-05 1
1.982745e-05 3
1.397022e-05 36478
2.157536e-06 2
6.605104e-05 2
3.516374e-05 2
2.075438e-05 1
6.883223e-05 1
1.412462e-05 1
3.243632e-06 3
3.923623e-05 4
5.419658e-06 209
6.728948e-06 2
1.623928e-06 1393
1.193564e-05 1
9.629819e-06 1
3.958022e-06 238
2.646895e-05 1
5.492737e-06 1
4.797352e-05 1
1.172003e-05 1
5.129394e-05 1
7.989582e-06 1
4.061405e-05 3
2.131254e-06 725
1.964152e-05 1
6.415786e-06 1
1.023484e-05 7
4.982122e-06 1
4.196577e-05 1
6.233709e-07 1
9.514175e-06 1
1.106029e-05 7
2.649719e-05 2691
6.239822e-05 1
2.971184e-05 1
2.872697e-05 1
2.352689e-05 3
1.142814e-05 1
1.718902e-05 3
5.074293e-06 2
2.517000e-05 1
2.867745e-06 17
4.691618e-06 1
3.061541e-05 1
2.407979e-05 1
1.248347e-04 6
9.132177e-06 3
3.561625e-05 1
9.642450e-06 246
6.843405e-06 3
1.555498e-05 1
4.188883e-05 2
5.046640e-05 1
8.242089e-06 1
7.501557e-05 3
1.950698e-05 1907
2.916822e-05 1
1.596832e-06 7
1.966309e-05 783
6.716582e-05 2
5.971374e-06 1
2.194669e-07 11392
9.791099e-05 1
5.278372e-05 2
1.074405e-07 2
9.244633e-06 5
1.266179e-05 1
1.488411e-06 3
2.039743e-05 1
6.194972e-05 1
1.748423e-06 1
1.800099e-05 1
2.532798e-05 59218
1.714210e-05 1
1.098046e-05 3
2.602190e-06 1
3.480107e-05 2
2.420875e-05 1115
4.505545e-07 168
3.409395e-05 1
7.731330e-06 114
9.365582e-07 26853
1.376269e-05 2
1.367008e-04 3
7.194662e-06 2
5.628368e-06 1
5.606155e-06 174
7.378556e-06 1
6.212432e-06 1
2.631426e-05 1
5.189956e-05 6
4.832155e-05 3
1.927785e-06 8193
4.057485e-06 5
5.091196e-06 3
3.080126e-05 1
1.217189e-05 252
1.094528e-05 1
4.569997e-06 1
4.447210e-05 6
3.213244e-05 1
4.827720e-05 211
7.860314e-06 1
8.977990e-07 1
1.537662e-05 1
2.396034e-06 24311
1.934514e-05 1
2.468156e-06 228
2.263670e-05 1
3.206375e-05 1
1.695524e-05 1
3.084229e-05 1
1.208153e-05 1
2.886273e-06 7
2.521150e-05 1
3.323597e-05 1
2.346210e-05 2
2.094239e-05 62208
9.577725e-06 6
2.832528e-05 3
6.134252e-06 2
7.076591e-05 1
2.136400e-06 5
2.040926e-06 1
8.526809e-06 1597
6.866035e-05 3
2.643579e-05 23
4.116616e-05 1182
5.692568e-06 1
3.490368e-06 1
4.168460e-05 1785
4.859760e-05 2
3.544923e-05 1
9.596965e-07 1700
7.847816e-06 3
2.607943e-05 1
6.706972e-07 1736
4.503649e-06 1
3.731458e-05 185
8.432042e-05 3
6.138141e-05 38
2.301131e-05 1
3.510779e-05 4
2.605785e-05 7
1.522531e-05 7
1.207348e-05 3
6.088579e-06 382
1.463568e-05 788
5.098773e-07 1
1.030990e-05 3
3.201006e-05 2
7.890115e-05 2
2.594955e-05 1
7.083009e-05 222
3.877264e-07 1
2.832115e-05 3
3.454323e-05 3
1.548351e-05 1
2.873031e-06 1
8.269210e-06 5
1.342044e-05 1
5.345895e-06 1
4.523336e-05 244
1.477147e-06 1
4.537626e-06 3
1.779935e-05 1
4.766394e-06 1
4.684210e-05 64
4.375237e-05 1
8.109399e-05 1881
2.193542e-05 7
4.880645e-06 1
5.997035e-06 1
2.946365e-06 1
2.716203e-05 1
3.627695e-06 1
1.638742e-06 90
3.629552e-06 3
1.995653e-05 1
2.572977e-05 1
4.584588e-05 51665
8.311927e-07 1
4.336010e-06 1
4.997651e-06 1
2.200527e-06 1
8.049346e-06 2
2.697354e-05 3
6.193246e-06 6
4.821257e-06 2
4.043664e-06 1
4.979056e-06 2
9.139199e-07 1
1.906956e-05 48
1.282683e-05 1
3.395007e-05 1
5.487105e-05 1
8.270265e-06 2
8.649260e-06 1
1.735767e-05 7
1.169869e-05 1
3.746420e-06 7
2.849854e-05 1
6.786426e-06 1
9.339779e-06 1
8.026198e-06 1
1.900953e-05 2
9.612392e-06 929
2.001222e-05 1
3.795075e-06 1
4.265406e-06 1
2.543334e-05 2
6.437474e-06 1
1.059313e-05 2
1.749638e-05 2
9.431576e-06 3
5.469487e-05 1
5.058158e-05 1
5.271925e-05 153
4.626563e-05 1
3.134035e-05 1
8.825827e-05 1
4.394818e-05 1
1.871870e-05 1
2.177303e-05 2
2.707350e-06 6
2.336771e-05 1
2.650236e-05 2
8.857790e-06 1
2.826691e-05 1
5.215271e-06 7
3.044379e-05 1
3.859269e-06 4
3.117703e-05 1
5.610302e-05 1
1.040682e-05 1
1.196720e-06 1
2.165948e-05 3
1.342330e-05 7
2.515906e-05 4
3.739281e-06 1
1.091995e-05 1
3.620131e-06 1
4.510875e-05 3
4.725170e-05 1
2.165062e-05 1
4.079977e-06 214
5.907177e-06 25758
4.819266e-05 1
5.149956e-05 2
6.766109e-05 1072
9.897611e-06 1
2.535325e-05 1
3.365930e-05 3
2.587056e-05 7
3.478013e-05 1
1.870987e-05 3
8.573433e-06 100
4.656535e-07 1
4.993283e-05 2
2.848323e-05 1869
7.631627e-06 1
2.007856e-05 1088
6.974107e-05 1
1.108324e-05 1
9.370522e-06 1
3.342920e-06 1
3.422762e-06 29
2.357737e-05 1
2.679813e-05 1
4.562737e-06 1
2.526482e-05 2
1.837213e-05 1
1.573699e-05 1
1.230299e-04 1
1.512817e-05 6
4.291334e-05 1
1.595704e-05 1
1.844998e-05 1
3.124366e-05 1
2.287689e-06 4
1.236617e-05 1
4.932458e-05 3
4.302823e-05 3
1.004435e-05 66317
8.569759e-05 224
3.996002e-06 3
1.012744e-05 1
6.866961e-05 2
3.650333e-06 46
3.629492e-06 7
1.552537e-05 3
3.110166e-06 1
4.982564e-06 1
7.024277e-06 2
4.272926e-06 1658
1.160234e-05 1
2.926844e-05 2
2.340186e-05 3
1.320411e-05 733
1.598462e-05 1
2.902606e-05 1
1.262476e-06 7
1.889410e-05 1
8.835523e-06 1
2.932510e-05 1
1.256622e-05 6
2.143857e-05 1
7.129694e-05 4
1.538677e-05 364
1.491954e-05 1
1.910444e-05 3
3.650567e-06 2
6.707370e-05 1
1.533759e-05 1
1.877526e-05 7
2.970974e-05 170
2.330311e-05 2
5.181971e-05 239
2.111711e-05 3
1.586961e-05 1
5.917796e-06 53
1.185806e-05 1
5.205736e-06 3
1.523393e-05 230
1.346534e-05 1
4.477958e-06 3
1.106197e-04 1
5.075222e-05 2
4.492270e-05 4
1.396999e-05 3
3.627046e-05 4
2.337261e-05 3
1.616928e-05 2
1.178327e-04 1
7.651938e-06 1
7.089574e-05 1
1.227076e-05 1
2.706896e-05 1
3.206580e-06 1
4.094586e-05 1
2.348296e-05 1
2.150585e-05 124
3.991819e-06 3
9.747798e-06 1
6.235956e-07 4
4.818951e-06 1
4.419825e-06 4
2.664807e-05 1
3.195301e-05 2
3.148927e-05 120
1.928320e-05 4
1.928001e-05 1
5.763592e-07 12
6.098556e-05 1
7.117569e-06 3
1.274615e-05 1
1.800025e-05 4
2.819714e-05 1
4.898233e-07 1
6.001286e-06 7
6.480070e-07 3
8.230421e-06 1
6.851781e-05 1
2.304152e-05 2
2.477345e-06 1
2.347519e-05 73
1.668491e-05 1
5.354993e-05 69
1.629439e-05 1
6.834703e-05 2
1.360778e-06 1
1.641566e-05 1
9.373160e-05 1
1.004929e-05 1
2.469818e-05 1
6.572545e-06 125
2.073254e-06 1
1.729995e-05 1
1.207145e-05 2
3.191467e-05 6
1.496524e-05 2
3.616393e-05 1
4.449788e-07 1
1.985375e-05 1
7.398533e-06 1587
4.154372e-05 1
3.984273e-05 1
7.538437e-06 1
8.532417e-06 1
3.960049e-06 60233
1.759743e-06 1
3.894695e-05 4
2.489833e-05 1
5.981734e-05 2
4.756956e-07 3
2.295367e-05 7
1.546552e-05 1
1.768253e-05 197
1.674684e-05 7
1.182965e-05 1
2.522935e-05 1
9.741168e-06 41
1.674342e-05 1
1.919497e-05 1465
3.920733e-05 225
8.702411e-06 79
4.163493e-06 1
1.752912e-05 1
3.845458e-06 1
9.284885e-07 1
3.761524e-06 1
1.790008e-05 1
7.839127e-06 1
2.486424e-05 1
3.095472e-06 51186
2.023428e-05 2
5.867174e-05 1
2.360973e-05 1
3.791436e-05 156
5.104549e-05 3
2.680249e-05 7
2.523099e-05 1
1.823659e-06 3
2.117287e-05 1
1.876137e-05 1
7.143676e-06 2
7.891282e-05 1
8.264620e-06 3
1.741897e-05 1
1.882074e-05 5
5.509588e-06 2
8.349874e-05 48
2.626950e-05 1
1.892850e-05 1
2.093260e-05 1
1.725208e-05 1
6.734329e-06 11935
5.023486e-06 4
1.129904e-06 3
2.558056e-05 1
1.804676e-05 1
6.871788e-06 1
2.125758e-05 6
2.504682e-05 2
4.098485e-05 3
1.343832e-05 2
9.548428e-06 35405
3.258362e-05 1
1.851028e-05 107
7.855940e-06 3
5.564925e-05 212
3.604621e-05 7
2.992093e-05 1
2.109989e-06 2
6.441142e-06 2
4.931311e-05 1
8.854328e-06 2
1.543019e-05 1
4.096430e-06 1
2.954120e-05 3
1.362951e-05 1
6.919582e-06 1
1.880211e-05 2047
1.871378e-05 1
9.165684e-06 1
1.696712e-05 3
3.749674e-06 1
5.964949e-05 1
5.434208e-05 1
3.658879e-05 1
1.301675e-05 199
1.931030e-05 5863
1.392559e-04 7
1.981528e-05 1
4.884793e-06 1771
5.529078e-05 1
8.049210e-06 3
2.566018e-05 83
1.581147e-06 1527
9.129898e-05 1
4.514876e-05 2
4.658015e-05 1
4.795247e-05 3
1.182663e-05 1
1.654535e-05 416440
8.013553e-07 45982
8.023891e-06 3
1.967641e-05 1
6.837663e-06 1175
6.703549e-06 6
1.035460e-04 1
1.723803e-05 1
3.394257e-05 1
1.863146e-06 3
2.155765e-05 1
2.156884e-05 7
1.902357e-06 159
1.597164e-05 1
1.390074e-05 145
2.324881e-05 3
7.398064e-05 2
1.368098e-05 4
2.491044e-06 159
1.919234e-05 1
6.644309e-06 1
3.208665e-05 1
7.770970e-05 1
2.057432e-05 1
1.317073e-05 1
4.087142e-05 1
3.645371e-06 1
3.771145e-05 7
1.340354e-05 1253
3.700619e-07 924
8.792367e-05 1
1.066682e-05 1
1.899958e-05 1
1.210576e-05 1
8.817152e-06 1
2.136935e-06 172
5.247405e-05 1
2.398415e-05 1
1.786848e-05 1
1.593359e-05 7
5.895642e-06 1
1.086111e-05 251
2.136117e-06 109
3.804123e-06 2
6.166368e-05 1
2.574704e-05 1
1.497671e-05 2
1.006638e-06 17007
3.925715e-05 1
5.682791e-06 3
1.212848e-05 3
5.198157e-05 1
2.128482e-05 5
1.018063e-04 1
5.114767e-06 6
2.922871e-05 1
2.746028e-05 424246
1.403711e-05 1
5.487338e-05 102
2.991991e-05 1
1.423903e-04 7
1.002556e-04 1
4.006329e-05 1
1.226789e-05 1
2.154392e-05 1
6.847200e-07 1
2.954651e-06 1
2.955625e-06 1
5.527166e-05 10106
4.262201e-05 21
1.811258e-05 6
9.924680e-06 1
5.057916e-06 3
5.428191e-05 1709
1.968505e-05 1
3.543523e-05 3
5.312290e-05 1
3.025489e-05 8
1.802999e-05 1
1.545132e-06 1
8.304467e-06 1
1.441945e-05 2
4.149031e-05 7
7.611636e-06 1
3.585134e-05 2
1.824237e-05 3
9.517760e-06 139
1.433732e-05 7118
4.230648e-05 5
6.501254e-06 1
3.435935e-05 7
3.749066e-05 61646
4.700517e-05 1
3.054728e-05 1
4.362187e-05 20967
8.569465e-06 3
1.281030e-05 590
6.044671e-05 1
2.917317e-06 1
1.557261e-05 4
3.103158e-06 2
1.769597e-05 1
6.903500e-06 1
1.373346e-05 1
4.489823e-05 129
5.735164e-05 1
1.044694e-05 1
1.993374e-05 396
4.443355e-07 3
1.147290e-05 1
6.494844e-05 1
7.111300e-06 1
1.635740e-05 1
1.188290e-04 1
1.938689e-05 3
2.189357e-05 4
2.942264e-05 1
2.397338e-05 3
3.584346e-05 1
8.352355e-06 1
6.025727e-05 2
1.202446e-05 42654
1.699001e-05 1
1.056733e-05 1
4.961752e-06 1
1.214427e-05 3
4.579868e-05 1
8.018483e-06 1
5.298494e-05 1
2.300314e-05 1
1.187779e-05 1
6.780904e-05 1
8.211127e-06 540
2.135010e-05 11
1.058104e-04 1
1.804393e-05 1
3.408804e-05 1
3.520271e-05 3
8.735953e-06 1
8.981199e-06 1
3.409441e-05 2
2.565714e-05 5
2.831489e-05 3
3.175160e-05 6
1.189754e-05 1
4.350623e-05 4
1.751005e-06 1
4.869547e-05 1
1.525421e-05 100
1.378734e-05 1434
3.223101e-06 346729
1.146951e-05 5
5.822027e-05 1
1.064469e-05 3
2.283599e-05 1
3.342071e-05 6
2.749165e-05 3
9.406712e-05 118
1.690243e-05 11105
1.429344e-05 1
5.216703e-05 1
2.437618e-05 28638
4.712450e-05 2
2.686843e-05 1
1.121773e-04 1894
1.810262e-05 3
1.190054e-05 1
3.610734e-05 1
1.501651e-05 1
6.729785e-05 1
8.078722e-06 25773
3.748212e-06 2
2.165954e-05 1
2.333561e-04 1
1.042951e-05 1
3.289865e-05 14242
4.657206e-07 5
6.845252e-06 1
1.570180e-05 46
2.117403e-06 1
1.255583e-05 3
6.958198e-07 1
3.378724e-05 1
6.435127e-05 64160
5.433749e-06 2
1.756456e-05 1
5.197087e-06 1
3.328529e-05 14
3.443547e-05 271
2.195955e-05 1
3.591803e-06 1
2.216051e-06 155
1.186509e-05 2
1.341570e-04 1
6.735933e-06 1
2.567692e-05 1
4.250323e-05 1
2.423890e-05 1
1.355586e-05 3
1.105459e-05 1421
1.682058e-05 41
1.875108e-06 38
1.953596e-05 2
3.939687e-05 1
1.767708e-05 1
6.117050e-07 1
1.007886e-05 1
3.084368e-07 3
1.464374e-05 61683
6.590852e-05 3
2.907579e-06 1
4.502037e-05 2
8.574489e-07 1
8.640480e-05 1
7.239891e-06 1
1.372952e-05 1
7.168859e-05 149
2.890036e-05 1
1.074309e-05 1
5.927397e-06 115
8.559161e-06 1
9.522399e-06 1
4.118485e-05 1
3.092723e-05 9246
9.451433e-06 1287
2.076127e-05 3
6.564628e-05 562
6.275650e-06 6
3.391670e-05 2
1.458249e-04 1
2.080006e-05 1
4.204686e-05 3
2.289176e-05 3
1.897090e-05 1
6.945496e-06 4
4.025300e-05 1
1.449632e-06 1
2.455749e-05 1
5.152407e-05 2
9.556341e-06 1
4.250953e-05 2
1.497547e-06 891
2.928575e-06 67
3.916316e-05 1
7.098870e-05 2
6.455933e-05 3
1.904122e-05 1
2.686368e-06 1
8.630440e-05 1
2.156632e-05 1
6.891748e-07 240
5.815809e-05 1
9.722833e-06 6
5.254299e-05 1
3.424220e-05 1
5.356394e-05 6
8.147439e-05 1
1.629313e-06 48766
4.425841e-05 6
2.376524e-05 1
6.374875e-06 1
1.703872e-06 1
2.904902e-05 1
4.573763e-06 2
2.433338e-05 1
1.055627e-05 1
1.834535e-05 1
3.204355e-05 45451
1.322665e-05 1
1.447707e-05 5
7.388029e-05 4
4.998363e-06 1
2.234246e-05 2
6.637606e-05 3
4.510784e-06 1
1.828442e-05 5
2.371515e-05 1
1.795857e-05 1
4.448069e-05 2
1.064892e-05 9373
2.866509e-05 1
6.605835e-06 1
2.855735e-05 1
2.100139e-05 172
1.972412e-05 5
5.279331e-05 3
5.618518e-06 1
3.112678e-05 1196
2.039868e-05 3
1.360389e-05 120
2.011177e-05 1
8.158726e-06 1
1.234018e-05 1
1.738597e-05 2
1.091252e-06 3
1.723254e-05 184
1.118290e-05 1
2.943718e-06 3
2.919744e-06 1
1.531117e-05 1393
2.263916e-06 321
1.457470e-05 1
2.470431e-06 1
2.018459e-05 125
2.730777e-06 1
9.611675e-06 2
1.054210e-05 19333
5.651688e-06 1
1.528760e-05 1
2.577355e-05 1
1.041993e-05 1
6.084691e-06 3
4.327755e-05 1
2.377821e-05 1
1.185748e-05 1
9.636348e-06 2
2.405855e-05 1
1.725213e-05 119
5.414111e-05 119
3.947212e-05 213
1.907770e-05 1637
5.247063e-05 1
6.615723e-06 1
4.285404e-05 3
8.748975e-06 3
1.880118e-05 1
1.036250e-05 1
1.548379e-05 1
2.513770e-05 1831
1.823227e-06 1
1.109012e-05 7
1.872284e-05 7
5.509899e-05 1
3.567514e-06 1
8.464474e-06 2
2.622996e-05 1
1.041387e-04 3
1.086232e-05 1
1.673645e-05 1
2.018571e-06 2
1.062316e-05 1
3.531648e-06 3
4.191949e-05 1
1.245097e-04 1
1.282234e-05 1
9.174915e-05 1
1.235544e-05 1
9.609675e-06 1
6.642457e-05 1
5.317561e-06 6
1.596910e-05 1
5.044900e-05 1
2.886348e-05 1
3.838602e-05 2
8.654859e-06 1
4.000004e-05 30964
8.230989e-06 3
4.523928e-05 2
1.665337e-05 1
4.800522e-05 1
4.440977e-05 1
3.538131e-05 3
1.380981e-05 3
5.592103e-05 5
2.585685e-05 2
1.254405e-05 5
6.415633e-05 1
1.252626e-06 3
9.980026e-07 3
1.116433e-06 2
1.022863e-05 1
1.688886e-05 7
7.031796e-07 2
8.991679e-06 96
5.842032e-05 218
1.911752e-05 18273
1.547083e-05 1
6.837843e-06 6
5.235020e-06 1725
1.690126e-07 107
8.132260e-06 1
4.958859e-06 1
4.025378e-05 116
1.403520e-05 1
3.440006e-05 1
1.828464e-05 68
4.069829e-05 1
2.580648e-05 2
2.364566e-06 1
1.798710e-05 5
4.142585e-05 6
3.885002e-06 1
5.028858e-05 1
2.535020e-05 1
2.869771e-05 1
8.798682e-06 1
2.785017e-05 1
4.811474e-05 1
7.022246e-07 1
1.346427e-05 478115
1.272980e-06 235
3.726691e-05 5
9.462521e-06 84
2.440859e-05 1
3.993884e-05 3
3.485836e-05 3
6.687774e-06 1
3.201155e-05 1
1.051758e-05 2
1.300927e-05 1
1.177391e-05 1
2.222588e-05 57
3.709965e-05 1
6.531186e-05 1
3.108853e-05 1
4.996176e-05 1
1.672359e-05 1
2.762825e-05 142836
1.984239e-05 3
2.254491e-05 2
1.252696e-05 3
4.696341e-05 1
1.193094e-05 2
4.262025e-05 4
3.392291e-05 1
4.236223e-06 862
1.276307e-05 1
1.343626e-05 7
2.639020e-05 2
2.402404e-06 1
6.996272e-05 1
2.781964e-07 1
8.504997e-05 1
2.304112e-06 1
7.325945e-05 2
5.638378e-06 56548
4.850134e-05 1162
2.242061e-05 2
1.657538e-05 1
7.992132e-05 2006
9.421050e-06 3
1.280612e-05 54014
1.022912e-05 2
3.793871e-06 1
4.643107e-05 3
2.772221e-05 1
9.780963e-06 1
8.127393e-05 1
1.686475e-06 1
1.323417e-05 1
6.747503e-06 2
2.259657e-05 3
1.180675e-05 240
1.998607e-06 2
3.469482e-05 1
1.108541e-06 3
1.062612e-05 222
1.471204e-05 1
4.082656e-06 395
1.943044e-05 1
1.158322e-06 1
2.276650e-05 1
3.598681e-05 6
6.378957e-05 1
5.387469e-05 946
5.906211e-05 2
1.695820e-05 5
2.591614e-06 1
4.935080e-05 2
5.624796e-06 692
2.013287e-05 66
1.551206e-05 3
2.533020e-05 6
9.613097e-06 1
1.240678e-05 1
3.201631e-06 1
2.176972e-05 1
6.606006e-05 1
1.957636e-05 2
3.400328e-05 1
5.131762e-05 1
1.903382e-05 179
3.222354e-05 1149
3.652418e-05 33
2.817665e-06 8357
3.404116e-05 99
2.152939e-05 1
5.319057e-06 1
8.435176e-06 1
4.694673e-05 61
2.407375e-05 44362
7.109032e-06 1
1.202489e-05 1
7.473595e-05 1741
1.126290e-05 4
1.589017e-05 1
3.426338e-05 1
1.378435e-05 1
1.296978e-05 4
8.191927e-07 1
3.942550e-06 2
5.935511e-05 6
3.611130e-05 1
5.747953e-05 1
3.075980e-06 1
1.564606e-05 1713
1.579610e-05 1
1.726839e-05 117
4.621957e-06 1
5.289416e-05 1
1.575207e-05 1
1.542603e-05 1
2.510299e-05 206115
4.290631e-05 1
1.367385e-05 1
1.637758e-05 2
8.819041e-06 1
1.615920e-05 1
1.210410e-05 3
2.828403e-05 526129
4.836101e-05 41944
3.887696e-06 189
5.073549e-05 39576
7.451123e-06 3
2.591794e-06 1
5.160858e-06 258
1.390961e-05 7
5.759033e-06 1
2.386259e-05 1
4.101791e-06 4
1.828012e-05 2
2.105070e-05 1
9.236477e-07 123
1.591371e-05 1
1.919883e-05 1459
1.525286e-05 597
7.569784e-06 1
1.899053e-05 1
9.107936e-06 1
8.676304e-06 7
3.186288e-06 1
6.679232e-06 43
7.163821e-05 1
1.748164e-05 1
3.222784e-06 1
1.941533e-05 1
7.139705e-05 3
7.653949e-06 1866
1.330152e-05 1
4.138702e-05 1
3.375313e-05 3
3.512176e-05 1
5.289255e-05 1
1.714329e-05 1
6.366095e-06 2
1.718855e-05 1
2.204809e-05 3
1.850019e-05 58751
1.258247e-04 1
1.830357e-05 1
7.245147e-05 1
1.613122e-05 3
1.877857e-05 6
5.185686e-05 1
1.615201e-05 1
6.400002e-05 905
1.492191e-06 1
1.284280e-06 17594
1.697649e-06 1
2.379186e-06 869
4.781056e-05 1
3.420353e-05 8116
5.168178e-06 3
2.573887e-05 203
8.417908e-05 1
4.305402e-05 3
1.217131e-05 252
1.120117e-05 2
3.118332e-06 1
2.646162e-05 2
3.011621e-05 1
3.073013e-05 3
2.760038e-05 3
8.203314e-06 2
3.370833e-05 1
6.493903e-05 1
4.975261e-05 1
3.750886e-05 7
3.788622e-05 1
2.933947e-06 1
5.503201e-06 1
3.701462e-05 1
4.942361e-06 5
1.096849e-04 4
7.352967e-06 1
1.007257e-05 1
1.510023e-05 3
2.711562e-05 225
5.450601e-07 43137
1.086609e-05 1
1.667035e-05 1
4.879332e-05 1
3.901069e-05 3
7.195171e-05 1
3.804385e-05 1
5.805166e-05 6
4.693628e-05 2
2.488130e-05 1
5.974126e-06 1
3.766876e-05 2
8.030515e-06 3
1.827047e-06 4
1.865522e-05 1
3.808009e-05 3
6.340043e-05 195
8.895832e-06 3
3.261937e-05 1
1.884904e-05 1
1.882369e-05 1
2.314006e-05 5
3.783492e-08 1
2.969469e-05 1
3.735384e-05 2
6.374183e-05 126
8.267399e-07 2
2.433089e-05 1
9.462541e-06 1
2.789301e-06 3
3.214052e-06 6
3.146109e-05 3
1.828039e-05 2
1.137394e-05 1
1.745834e-05 1
1.418246e-05 1
1.478065e-05 1
4.898227e-05 1
5.900135e-05 592701
1.195826e-05 1
6.525046e-06 1
3.006747e-05 4
4.931472e-05 7
2.568944e-06 7
1.185480e-05 1
4.145996e-06 1
6.285812e-06 774
8.156353e-05 1
5.906879e-05 1
3.889933e-05 2
1.860374e-05 1
4.627330e-05 1
3.139883e-06 2
5.468230e-05 1
6.130188e-05 5
4.633711e-06 1
7.115619e-05 6
2.017693e-05 1
2.240298e-05 1
6.049557e-06 1
6.782485e-05 195
5.348777e-05 375308
1.898937e-05 183
1.011297e-05 1
5.114807e-06 3
1.193408e-06 1
1.221037e-05 1
9.282808e-06 7
4.981625e-05 1
7.968690e-06 1
2.116646e-05 1
1.851588e-05 43
2.598782e-05 2
5.868662e-06 252
4.499070e-06 2
5.304364e-06 1
2.484758e-05 3
3.462416e-06 1
5.343058e-06 33
2.641097e-05 1
7.850287e-05 1
7.688465e-06 1
1.096007e-05 7
3.559490e-06 31522
4.381702e-06 3
2.091984e-06 1
5.758257e-05 3
2.080528e-05 3
2.062455e-05 7
6.975337e-05 1600
1.101063e-05 1
2.079821e-05 1
1.434304e-05 1
5.084701e-06 1231
7.774773e-07 1
2.344725e-05 1
5.877957e-06 1
7.460224e-06 2
5.426655e-06 3
4.814838e-05 2
3.270299e-05 2
1.848439e-05 1
1.220990e-07 1
1.619720e-05 2
6.488567e-06 1
1.464757e-06 1
2.448453e-05 1
4.902238e-06 1
1.650514e-05 3
3.317102e-05 1
6.650488e-06 2
7.262364e-05 38614
2.045411e-05 1
3.938016e-05 1
4.605871e-05 3
1.077248e-05 438077
1.340345e-05 1
1.208442e-05 1
7.596257e-05 43
4.406111e-06 2
6.607765e-06 1
3.087595e-06 7
4.385051e-05 229
1.825521e-05 35732
7.796129e-05 3
9.944439e-06 2
2.558123e-05 1
7.501755e-07 1
6.770857e-05 3
4.381748e-06 1
1.931386e-05 1
6.731921e-05 1
4.002261e-05 2
1.713979e-05 3
3.796657e-05 4
3.296518e-05 3
7.433366e-07 38
1.231001e-05 1
1.506419e-05 1
5.794240e-05 1
1.679618e-05 7
1.194803e-05 1
1.017928e-05 2
1.716919e-05 2
4.466473e-06 3
2.687521e-05 1
1.513131e-05 2
1.703970e-06 1
1.788712e-06 2
2.469461e-05 1
5.517279e-06 1
1.026059e-05 151
7.826103e-06 224
2.792097e-05 1
7.997112e-05 2
1.745833e-05 50775
7.519382e-05 782
5.687836e-05 3
1.972780e-05 2
6.489577e-05 1
3.025438e-05 71
2.061746e-05 145
2.108274e-05 1
1.259435e-08 3
4.277642e-05 2
2.083250e-06 247
1.184578e-05 3
2.912790e-05 3468
5.469478e-05 1
1.193078e-05 3
3.270995e-05 1
1.442287e-05 1
1.754602e-05 1
5.133106e-06 1
3.291320e-06 1
3.201343e-05 1
3.312421e-05 406
2.592725e-05 162905
4.717837e-05 3
3.688166e-05 555088
2.333126e-05 1
3.674076e-05 386
2.172030e-05 2
7.582638e-06 1
2.168905e-06 1
1.182012e-05 7
6.029979e-05 247
4.075851e-05 1
6.660570e-06 2
7.498072e-06 1
8.823101e-06 2
7.935557e-05 204
4.613980e-05 6288
2.765366e-05 2
2.939503e-06 1
1.052125e-05 2
3.195710e-05 1
7.430259e-06 1
1.167325e-05 69
3.374586e-05 1
1.287484e-05 1
1.644807e-05 6
1.736792e-05 1
9.817895e-05 3
1.015329e-05 167
2.420490e-05 1
5.256014e-05 1
3.023381e-05 1
1.232917e-05 1
1.440471e-05 6
3.445839e-05 1
4.478261e-05 260
1.572387e-05 1
3.260751e-05 3
3.781126e-06 1
7.046865e-06 5
2.195678e-05 1
1.427569e-05 33
3.688021e-06 3
2.833466e-05 74
3.935460e-05 2
1.036407e-05 1086
1.831937e-05 1
1.133723e-05 3
1.854780e-06 1
1.463149e-05 1
1.288844e-05 1
7.280462e-06 1
6.576878e-05 160
9.160215e-06 1
1.832733e-05 1
2.415008e-05 1
5.759887e-06 1
1.490280e-05 7
4.856980e-05 1
1.684233e-05 229
2.708274e-06 1
1.516544e-05 111
6.115117e-08 196
2.992172e-05 1
5.089778e-05 1
7.526243e-06 1
8.019453e-06 992
6.036626e-06 1
2.149483e-05 5
1.025868e-04 6
5.059329e-06 1
1.551211e-06 7
4.479389e-05 4
3.974353e-06 1
4.924205e-05 65326
1.026404e-05 5
1.741394e-06 258
7.159511e-06 1
1.391925e-05 293
1.266473e-05 2
1.528647e-06 1
1.883730e-05 1
1.112551e-04 1
1.355046e-05 1
2.551547e-05 1
1.443722e-05 1
1.324729e-05 1
3.748340e-05 1
1.022505e-05 1
1.683454e-05 7
1.103748e-05 161
2.548084e-05 1
2.080467e-06 3
1.392809e-04 225
5.339571e-05 3
5.562416e-05 1
4.561458e-06 1
2.863110e-05 2
1.287683e-05 2
3.768241e-06 386
3.750213e-05 2
2.666679e-05 34091
1.981897e-05 6
4.070760e-05 1
7.294750e-06 2
2.206367e-05 1
1.214402e-06 1
8.283365e-06 1
1.744922e-05 1
2.953278e-05 7
1.956577e-07 4
2.770513e-05 119
3.001101e-06 116
3.292029e-05 5
1.881561e-05 3
1.868741e-05 3
2.360596e-05 1
4.277829e-05 3
2.834663e-05 1
5.890322e-05 635453
6.129843e-05 5
4.778445e-05 4
8.820179e-06 3
9.928096e-06 1
8.071264e-07 1294
3.370368e-05 245
4.102425e-05 4
4.744013e-05 1
3.372619e-07 3
1.524405e-05 1
3.627256e-05 1
3.334957e-05 1
1.498109e-05 1
5.654803e-08 1
6.067015e-06 1
2.228409e-06 1
1.917757e-05 164
1.061373e-05 1
5.241988e-06 242
3.953539e-05 1
6.325484e-06 233
1.233521e-04 1
3.842965e-05 1
1.565799e-05 1
2.536598e-05 1
7.850197e-06 1
2.565507e-05 1
7.067187e-06 2
3.509480e-05 4
2.997404e-05 1
7.836384e-06 1
2.634196e-06 3
1.147417e-05 1
1.415637e-05 48
3.876468e-05 7
4.017324e-05 1
5.568924e-05 1
1.443126e-05 203
1.465715e-05 3
4.002935e-05 1
5.475930e-06 1
1.315749e-06 1
1.051115e-05 6
4.229130e-05 6
1.151553e-04 1
1.993368e-05 1
1.203405e-05 1
2.258291e-05 1
6.088866e-05 46
5.419086e-05 54
5.003457e-06 34
3.654774e-05 1
5.223413e-06 182
1.062148e-05 2
5.042362e-05 1
2.281800e-06 1
2.949807e-05 2
2.536320e-06 2
3.763210e-05 1
8.884449e-06 176
3.858098e-05 1852
7.402761e-06 3
7.375787e-06 7
2.904453e-05 1
5.270203e-05 217
3.245175e-05 2
1.205521e-05 2073
3.713717e-05 1
1.470944e-05 232
4.932693e-06 2
2.120144e-06 239
1.983611e-05 1
1.165051e-06 3
6.097062e-05 1
9.984828e-06 1
4.517790e-05 4
3.229706e-05 1
1.550444e-05 4
1.604667e-05 4
7.333888e-07 1
2.588062e-05 1
6.745837e-06 1
3.088005e-05 1
9.177369e-06 2
1.070934e-05 1
1.441779e-05 15
2.204255e-05 37280
4.311373e-07 1
9.072394e-05 1
1.557074e-05 2
2.550320e-05 520
1.366277e-05 113
2.008953e-05 1
4.334375e-06 2
1.913659e-05 17044
1.399371e-05 1
3.325710e-05 1
2.164462e-05 20830
1.568630e-05 4
3.075947e-05 2
3.182425e-06 1
2.843402e-06 2
5.910167e-06 1
5.744427e-05 2
1.801931e-05 1
4.381399e-06 218
2.227417e-05 24143
3.665289e-06 1
1.057865e-04 1
9.755629e-06 1
4.534451e-05 22737
9.541246e-06 1
1.393345e-05 204
1.096529e-05 1
2.332629e-05 2
1.573847e-05 1
4.319952e-09 1
2.422281e-05 1
9.696256e-06 21035
2.244565e-06 3
1.498340e-05 1
6.011097e-06 6
8.852122e-06 1
3.948555e-05 1
2.441282e-05 120
4.824175e-05 1
9.742888e-08 1
5.819216e-06 1081
1.147462e-05 1
2.724589e-05 431
1.435660e-05 1
3.828234e-05 2
1.791498e-05 1
1.886907e-07 2
5.369385e-06 1
1.513756e-05 1695
9.968619e-06 1
1.581298e-05 159
2.412420e-05 4
6.791420e-07 1
5.932665e-05 265
1.218508e-05 4
5.644777e-06 1
8.752911e-06 1
4.695141e-05 1
1.626800e-07 5
7.134240e-06 1337
2.102319e-05 1
1.080223e-05 2
3.673321e-05 3
6.508389e-06 1
4.126958e-06 1
2.210978e-05 1
2.822551e-05 3
1.638376e-05 9057
1.487973e-05 1
1.766052e-05 4
4.636168e-06 1
3.198734e-05 1
1.009738e-06 40
4.935177e-06 1
2.115801e-06 1
1.093670e-04 198
1.222124e-05 7
2.232660e-05 1
2.189605e-05 1
1.965492e-05 795
7.001012e-06 1
2.256336e-06 3
4.089948e-05 216
3.256962e-06 3
2.536833e-05 1
1.338070e-05 4
5.595501e-05 1
8.878040e-05 1
4.249912e-05 1
1.591551e-05 147
3.681733e-06 1
3.228798e-05 1
2.764152e-05 120389
2.489221e-05 1
2.971367e-05 1
1.948675e-05 1
7.192068e-06 298
3.868600e-05 1
3.739669e-07 1
2.218340e-07 1
1.727553e-05 1
4.386550e-05 1
2.464758e-05 14721
9.280649e-05 1
1.110727e-04 3
3.015438e-05 534475
2.884393e-05 7
1.665873e-06 1
2.521645e-05 1
5.693121e-06 1
1.335295e-06 2
6.501512e-05 3
1.162230e-05 266
4.209600e-05 105
4.007780e-05 4
3.050844e-06 2
1.828204e-05 1
2.423892e-05 1
4.723900e-05 1
1.482862e-05 4
2.061012e-05 1
1.903193e-05 5
3.706173e-05 2
2.489135e-05 601971
2.919312e-05 15
2.711250e-06 3
3.523130e-05 7
3.031916e-05 1
7.529986e-05 2
1.575548e-05 2
2.946378e-05 1
5.758317e-05 1
3.542081e-05 1
1.468693e-05 4
3.627275e-05 172
9.170410e-05 1
5.165734e-05 1
6.365946e-08 195
1.529510e-05 1
1.391928e-05 1
2.760041e-06 1
5.161680e-06 1
4.108911e-05 2
2.240799e-05 1
2.095423e-05 3
4.654847e-06 2
7.978176e-06 9
3.285775e-05 1
1.428419e-05 4
2.698420e-05 2
1.289752e-06 1
4.960276e-05 1
1.521126e-05 1
2.542956e-05 3
1.895281e-05 1
5.853088e-06 255
2.198652e-06 1
6.617794e-05 3
9.350817e-06 1
5.218499e-06 3
9.881894e-06 1
1.717466e-06 2
1.184190e-05 58717
1.332440e-05 157
5.304956e-05 1
2.367190e-05 1
5.969920e-07 261
6.866503e-06 1
6.441740e-06 212
2.971195e-05 1
2.078474e-05 252671
7.862412e-06 3
4.621174e-05 2
8.575957e-06 2
4.915075e-05 1
2.651695e-05 3
2.818050e-05 1
4.645677e-06 1
7.488589e-06 3
1.766651e-05 1
4.303389e-05 1
4.005335e-05 1
1.402164e-05 1002
7.087939e-06 52082
5.834804e-06 1
4.085785e-07 2
2.468224e-05 1
3.976715e-06 1
9.720411e-06 1
2.379609e-06 1
8.161810e-05 1827
2.754888e-05 1
2.013628e-05 5
1.832690e-05 3
7.478139e-05 2
5.063774e-05 3
6.975511e-05 1600
5.070381e-05 2
1.181846e-05 1
6.883230e-06 1
2.407474e-06 4
3.169977e-06 1
1.380184e-05 10750
1.401757e-05 1
7.843498e-06 3
2.943678e-05 1
1.718842e-05 1
1.197032e-05 1
1.370253e-06 2
7.004920e-05 3
2.657465e-07 3
6.395346e-05 1812
9.517923e-06 3
6.147212e-06 2
1.075089e-05 1
6.220004e-07 2
2.018994e-05 1
6.037170e-06 1
2.487745e-05 145
2.894794e-05 3
5.291729e-05 7
7.857747e-05 1
2.255912e-05 1
1.035730e-05 9
1.475311e-05 1
2.131710e-05 1
4.524360e-06 3
3.002478e-05 2
2.941229e-06 7
3.230073e-05 2
1.260984e-05 3
1.273134e-05 6
8.548970e-08 201394
4.621554e-05 3
1.178508e-05 1
6.398072e-05 1
3.934154e-06 7
1.732355e-05 111
2.753088e-05 1
1.020122e-05 1
2.357332e-05 1
6.195644e-06 3
4.076816e-06 1
1.372863e-05 1543
8.249446e-06 2
6.375317e-06 1
1.473875e-06 1
4.738445e-05 1
1.213650e-06 1
2.947746e-05 1
2.215260e-05 1
1.514437e-05 22881
2.069589e-05 1
5.393841e-06 1
4.171782e-06 1
2.073217e-05 3
7.747701e-05 1
2.791914e-05 7
2.915309e-05 1
5.388264e-05 5
1.822709e-05 1
1.335495e-05 47408
2.278924e-05 4
9.833809e-05 165
6.241876e-06 2
3.230695e-06 195
4.978944e-07 10537
2.809537e-05 1
2.382924e-05 1
1.716556e-05 1
1.167897e-05 1
2.209330e-06 2
9.225067e-06 1
3.984535e-05 4
6.993892e-05 1
1.836120e-05 28635
9.181579e-06 3
4.275079e-06 5
6.027977e-06 2
5.174510e-05 1
2.002437e-05 1164
2.984980e-05 558
7.983948e-05 3
1.375084e-05 3
2.329419e-05 4
1.887555e-05 1
3.216902e-07 1
9.866419e-06 1
2.650818e-06 30125
5.432682e-05 242
2.349879e-05 5
2.155827e-06 1
4.039279e-06 1
1.366891e-05 1
4.013585e-05 248
4.405500e-07 1
2.802810e-05 1
1.136675e-05 1
1.361421e-05 1756
9.435726e-06 1
4.489788e-05 1
9.441383e-06 24
2.128031e-05 2
8.018991e-06 1
1.396844e-05 5
2.987271e-05 4
9.607713e-06 2
6.748516e-06 1
2.281111e-05 2
5.014300e-05 94
1.673786e-05 4
5.204202e-06 28314
5.461847e-05 3
9.815517e-06 6
1.148075e-04 2
2.571259e-05 2081
7.775346e-06 6
4.398119e-05 559
1.667868e-06 1
3.436940e-05 1
9.350886e-05 1
7.869563e-06 3
2.326533e-05 3
4.091693e-05 3
2.681469e-05 1
1.804841e-05 3
2.778067e-05 1
2.024056e-05 1
2.169413e-05 7
3.610169e-05 181
1.412678e-06 204
1.468750e-05 3
1.146920e-05 3
5.757857e-05 1
7.667226e-07 6
6.713930e-06 1
1.879179e-05 1
1.069309e-04 3
3.055068e-05 1
5.383792e-05 3
1.760317e-05 1
5.006065e-06 1
6.713278e-05 1170
6.742166e-06 1
5.422932e-05 2
1.206161e-05 2
6.479216e-06 1
9.080019e-06 1
2.547569e-05 1
4.512631e-05 27348
2.135920e-05 3
1.142582e-05 1
9.370087e-05 1
4.494445e-05 1
7.610355e-06 1
3.152943e-05 1
1.108306e-05 8752
5.256569e-06 1
1.222488e-06 1
3.293293e-05 161
9.798832e-06 1
3.162427e-05 1
4.663072e-05 1
5.264677e-05 2
3.032202e-07 1
9.175241e-06 2
3.056153e-06 1
3.791522e-06 3
5.518428e-06 3
3.094104e-06 2
4.978726e-06 2
1.200451e-05 2
3.872882e-06 1
2.210534e-05 1
2.516471e-07 1
3.791310e-05 30
2.165473e-05 1
2.723382e-06 1
2.516925e-05 1
6.425336e-05 1
1.383499e-05 1
3.338282e-05 1
2.223509e-05 1
3.784353e-06 340
5.422304e-06 1
1.685546e-05 1
2.518965e-05 3
8.740241e-07 5
4.137084e-05 260
2.851341e-05 1
1.737203e-05 1
2.460608e-05 2
8.626176e-06 1
7.808086e-05 6
2.387673e-05 102
4.911306e-05 1
2.466375e-05 1
4.638422e-05 1
2.927053e-06 258
3.271986e-05 1
1.724624e-05 3
9.578900e-06 5
3.381697e-05 3
1.527859e-05 552
1.438321e-06 1
1.621219e-05 1
4.851435e-05 1
1.755146e-05 3
4.204756e-05 1
1.765956e-05 1
7.182752e-06 1
3.958733e-05 1
1.204048e-05 1
2.522412e-05 1
6.760218e-05 1
2.827771e-05 5
1.041739e-05 1
1.077696e-05 2
4.616077e-05 86
2.471720e-05 1
4.482418e-05 1035
1.283059e-05 3
1.119035e-05 1
1.163679e-05 138
2.898052e-05 1
8.957349e-06 3
1.475734e-05 1
1.248732e-05 3
2.763217e-05 1
3.590454e-05 31246
1.308000e-05 1
4.959805e-06 169
1.559378e-05 3
1.270712e-05 1
4.145343e-07 1
1.501519e-05 1
2.160535e-05 1
2.183743e-05 1
2.375857e-06 2
9.374975e-06 5
2.094348e-05 1
3.844309e-05 1
1.304350e-05 1
6.013236e-05 1
2.543726e-06 21
1.458503e-05 1
4.341192e-05 2
2.655754e-05 39214
3.339464e-05 1
1.180244e-05 1
1.018606e-05 35
3.332189e-06 3
1.971638e-05 172
2.195013e-05 3
2.202500e-06 1
2.119978e-06 1
3.685634e-06 622
1.993550e-05 1
2.294319e-05 56
3.101473e-06 222
2.961280e-05 1
7.269895e-06 3
2.338481e-06 192
2.018891e-05 4
1.156878e-05 1
8.282508e-06 1
4.372122e-05 5
7.867920e-05 1
1.473632e-04 1
4.318733e-05 3
2.868495e-06 207
5.586031e-06 1
1.480412e-05 49168
1.602909e-05 1
4.427954e-05 7
7.747274e-06 4
1.576119e-05 1
6.383646e-06 1
1.938838e-06 6710
1.378746e-06 1
3.687275e-05 16
5.059927e-06 1
4.726784e-05 1
6.611794e-07 1
2.497592e-06 1
2.150189e-05 929
3.004092e-06 3
4.120954e-06 40372
1.369050e-05 2
1.875532e-05 3
2.371452e-05 2
2.559402e-05 1
9.895044e-06 1
5.582431e-05 1
2.486186e-05 1
1.510162e-05 1
7.802770e-06 3
9.262707e-06 3
4.862404e-05 4
9.742817e-05 1
1.799642e-05 3
2.350144e-05 1
7.911167e-07 2
3.678050e-05 1
4.176495e-06 2
8.658362e-07 1
3.298434e-05 95
1.856521e-05 2
1.532920e-05 1
1.408122e-05 1
3.707595e-05 1951
2.128086e-07 1
3.149880e-05 1
2.193103e-06 3
8.251565e-05 3
2.298593e-05 3
3.912779e-05 1
3.575745e-05 1
6.603317e-05 93
1.369785e-05 1
8.140427e-06 2
2.145162e-05 1
1.016588e-05 1
5.422187e-07 7
1.404162e-05 1
1.360818e-04 1
1.408415e-05 2
7.566694e-06 3
2.870987e-05 1
1.790760e-05 1
5.741336e-05 3
1.681380e-05 1
1.710830e-05 2
1.731759e-05 1
1.926133e-05 9017
1.199402e-06 1
5.488310e-05 1
3.781682e-05 2
2.087869e-06 1
7.103668e-07 3
3.818983e-05 2
2.574175e-05 2
2.480066e-05 25
3.227972e-05 1
2.531803e-05 3
4.281341e-05 1
1.267254e-06 1
1.157514e-04 7
2.837842e-05 6
8.930525e-05 141
7.507130e-06 1324
8.410126e-05 4
4.024708e-05 1
5.657322e-05 1
7.912820e-05 5
1.241865e-05 1
1.473568e-05 1
7.844164e-06 1
5.183035e-06 1
7.948161e-06 1
1.000005e-05 1
3.528382e-05 1429
1.613186e-05 4
3.043524e-05 1
3.028349e-05 1
1.037808e-06 1
1.512080e-05 1
3.207456e-05 2
2.365327e-05 1
8.515308e-06 1
2.891110e-05 1450
8.425540e-06 1
4.870076e-06 3
4.290634e-06 1
1.965574e-05 3
1.371092e-06 1
8.108962e-07 1
5.888661e-06 3
1.835088e-05 1
8.028928e-05 35259
2.073388e-05 2
8.459433e-06 1
7.058237e-05 1
4.255041e-05 1
7.563881e-06 4
4.322983e-05 1
9.929410e-06 1
2.248921e-05 1
3.032745e-07 2
1.343913e-05 1
7.991917e-07 1
3.096423e-08 1
2.131451e-05 3
2.217088e-05 166450
5.193086e-05 2
6.878628e-07 3
1.683303e-05 4
4.771403e-06 1
2.550072e-05 6
2.345220e-05 1
7.744591e-06 2
7.478599e-07 1
8.877679e-07 5
8.540719e-06 1
7.852625e-06 1
1.138060e-05 1
2.780747e-05 2
2.792788e-05 1526
2.983364e-05 35
1.544687e-06 3
7.362266e-06 1
2.151697e-05 1
5.550123e-06 5
4.848937e-05 3
1.029811e-05 1
1.120691e-05 1
1.472508e-05 230
3.604230e-05 878
9.626917e-06 3
8.787230e-06 1
3.048690e-06 1
7.061371e-06 1517
2.194616e-05 2
1.274738e-05 1
3.086143e-05 1
3.804352e-05 1
1.056196e-05 5
1.468156e-05 1
4.860562e-05 3
5.231586e-05 163
1.605863e-06 1
1.676780e-05 60086
3.529038e-06 2
9.066352e-05 1066
8.187513e-06 2
3.686599e-05 7
8.085746e-06 1
8.286936e-05 1
3.670642e-05 3
2.329952e-05 1
8.592701e-07 1
3.344989e-05 1
2.834293e-05 1
8.657890e-06 3
1.436256e-05 1
2.616483e-05 4
1.034933e-05 10
1.138037e-04 175659
7.918181e-06 1
3.092030e-06 1
3.233546e-05 6
8.276731e-06 1
1.508518e-05 1
5.203713e-06 1
1.139705e-05 59015
5.965724e-07 1
2.286614e-05 1
1.124290e-06 1
5.023305e-06 1
1.346245e-05 1
2.202501e-05 3
6.241061e-05 362
8.502510e-05 1
1.055089e-05 1
1.667123e-05 185
1.862621e-05 1413
1.955584e-05 7
7.419601e-05 1
5.934214e-06 7
2.940827e-05 4
5.508408e-05 1
2.135673e-06 172
9.305835e-06 5
7.322098e-06 1
5.002285e-05 1
1.004000e-05 1
4.837983e-05 1
2.202456e-05 75
3.277544e-07 1
1.852669e-05 232
6.865574e-05 1
1.937043e-05 1
1.268239e-05 2
2.752596e-05 2
2.126042e-05 661794
9.474976e-06 2
1.076689e-05 1
3.857244e-06 1
2.068391e-06 2
1.991692e-07 1
1.918159e-05 2
1.605838e-05 193
1.343591e-05 1
7.405380e-06 1
7.135083e-06 1
1.212255e-05 5
2.854470e-06 1
8.667444e-06 4
1.065262e-05 1
7.590941e-07 97
1.318168e-05 3
1.193046e-05 1
1.275375e-05 44
1.960309e-05 1
8.747486e-05 3
1.829735e-05 1
9.580207e-05 2
6.468944e-06 1
5.260407e-06 3
9.115773e-06 1
6.880294e-08 1
1.780584e-05 1
5.264436e-05 1
2.998043e-05 1
1.036629e-05 1
4.652484e-06 1
5.229345e-06 1
1.297825e-05 1
1.704334e-05 1
4.853612e-05 7
1.962169e-07 1
3.264128e-05 6
5.417405e-05 1
9.584873e-06 3
3.968378e-05 1
1.721333e-05 1
4.824971e-06 1
2.755995e-05 3
1.748299e-05 1
1.336945e-04 1
9.912489e-05 1
9.572349e-06 2
5.720161e-06 5
4.565697e-05 4
5.701967e-06 1
3.168924e-06 3
1.065179e-05 1
6.835092e-06 2
3.854213e-05 6
4.603330e-05 3
2.854441e-06 3
4.834374e-06 268038
5.172758e-05 115
3.893077e-05 1
4.757202e-05 105
8.003500e-05 1
1.450571e-05 1020
5.790000e-06 1
4.449574e-06 3
1.664364e-05 1
2.207004e-05 1
4.624577e-05 2
2.176481e-05 5
3.871370e-05 1
1.194967e-05 1
4.553708e-05 1
8.980024e-07 1
8.132873e-05 1
1.115427e-05 1
9.888200e-06 609297
4.643549e-05 1
1.535088e-05 7
2.024905e-05 1
3.943199e-05 3
1.687610e-05 2
1.778044e-05 1
1.454501e-05 1
1.237929e-05 5
2.647279e-05 1
