3.763660e-05 1
2.218193e-05 2
4.333156e-06 1
8.419510e-06 5
8.114096e-06 64
2.698293e-05 1
1.655534e-05 1
2.137344e-05 241
1.006460e-06 2
4.323720e-05 1
2.894935e-06 1
7.578203e-06 1
7.348778e-06 6
2.785258e-05 2
2.083576e-05 1
7.136392e-06 1
1.377669e-05 2
1.026423e-05 265
2.578801e-06 1
1.864115e-05 1
3.871836e-05 6
8.092873e-06 1
3.959803e-06 37
5.328147e-06 2
3.853884e-06 1
8.870459e-06 1
1.115774e-05 1
6.241151e-06 1
7.347208e-07 1
2.016387e-06 3
4.073006e-06 1
1.480217e-05 3
5.880654e-06 5
4.074774e-06 5
4.364484e-06 4
1.589379e-05 99
6.447782e-08 1
2.680666e-05 2
1.421003e-05 32743
5.853129e-06 7
5.865827e-06 22088
3.100148e-05 3
1.288884e-05 1
6.043638e-07 1
1.461882e-05 1
2.493502e-06 1
6.783861e-07 1
5.048946e-06 2
6.644000e-06 6
6.323012e-06 2
2.281049e-05 2
2.126334e-06 1
1.324704e-05 1
2.165028e-05 3
4.277220e-05 1
4.910919e-06 1
1.489791e-05 1
5.964798e-07 1
2.145974e-05 4
1.031860e-05 102
4.658253e-06 1
5.940031e-07 1
5.943276e-06 1
4.211599e-06 3
1.535650e-05 1
2.257659e-05 3
1.611814e-06 1
7.759951e-06 1
4.110995e-07 1
6.316631e-07 7
1.027305e-05 1
8.671316e-06 3
2.429173e-05 1
8.196850e-06 6
1.059498e-06 1
9.618794e-06 1
5.274529e-06 1
2.913686e-05 997
3.405187e-06 1
6.676716e-06 78
9.600593e-06 3
1.158642e-05 6
9.314139e-06 1
3.411508e-05 3
1.533772e-05 2
4.866533e-07 3
1.917554e-06 2
1.197282e-05 1
1.359290e-07 1
9.095711e-06 3
4.533475e-05 1
8.743970e-07 3
7.340869e-06 1
2.801944e-06 95
7.625802e-06 1
1.204588e-06 1
8.961767e-06 46
1.432064e-05 1
1.074983e-05 5
1.461634e-05 1
1.636123e-06 1
3.843964e-06 1
1.308534e-06 2
1.146615e-05 1
2.595611e-06 1
1.586016e-06 1
1.730004e-05 110
4.103850e-07 205
3.733140e-07 3
4.168147e-06 1
4.069563e-06 2
1.184642e-06 2
1.228064e-05 2
4.133843e-05 1625
1.029924e-05 1
1.992007e-05 3
4.092485e-05 1
8.472474e-06 33999
1.777209e-05 1
1.299624e-05 5
8.339472e-06 1
7.137999e-06 7
4.368210e-06 2
3.846158e-06 224
2.438365e-05 2
1.651672e-05 2
1.721562e-06 2
4.131880e-05 6
4.603908e-06 1
4.309876e-05 2
4.335485e-06 1
4.156602e-06 132
2.015173e-06 2
3.812390e-05 1
8.800741e-08 32
2.626941e-06 40222
1.758054e-07 1
9.189554e-06 1
8.321470e-06 174
2.432371e-06 4
6.454877e-06 1
1.627321e-05 1
6.379868e-06 37826
1.899549e-06 2
3.567251e-06 1
1.525876e-05 1044
3.723848e-07 2
2.919016e-06 209
3.220682e-05 1
9.131766e-06 3
1.456789e-05 1
4.056217e-06 932
1.086205e-06 246
5.071723e-06 3
5.115705e-06 1
2.090597e-06 1
1.976813e-06 1
1.484802e-05 217
3.246112e-05 1
1.804568e-05 1393
8.091583e-06 1
1.160848e-05 1
1.803077e-05 1
1.569598e-05 1
7.982492e-06 1
3.335375e-05 44
2.675042e-06 1
2.969602e-08 56
4.297217e-06 1
1.157645e-05 49
2.502664e-06 1
5.364842e-07 1
6.357127e-07 1
1.820647e-05 1
1.819301e-05 5
1.023868e-05 1
3.565109e-06 1
7.960595e-06 1
6.240747e-06 1
7.910118e-06 3
1.998894e-06 1
1.429830e-05 3
1.805663e-05 1
2.975522e-06 1349
3.434184e-06 116536
4.627346e-06 5
9.307217e-06 1
3.558705e-05 36999
5.462632e-06 1
1.074513e-05 1
1.214192e-06 2
4.211234e-05 1
1.014316e-05 7
9.542827e-06 6
3.451585e-05 1
2.173737e-05 1
3.253919e-06 7
2.719270e-06 376
7.577328e-07 3
2.682160e-05 1
1.154466e-05 1
2.674336e-06 5
1.089271e-05 5
6.137331e-05 1
5.112745e-06 49632
6.734678e-07 7
2.701568e-05 2
1.107811e-05 1
2.211536e-06 1
1.223580e-06 1
3.907601e-05 1
2.183687e-06 39161
3.546894e-06 950
8.482680e-06 1
8.509048e-06 565
2.607500e-05 1
9.106579e-06 1062
6.601602e-06 3
1.330601e-06 814
1.498141e-05 2
1.929590e-06 1
1.724968e-05 16444
3.404492e-05 1
2.405079e-06 2
9.196899e-07 3
2.105925e-05 1
7.680837e-06 1
6.212205e-06 1
9.315197e-06 3
1.255842e-05 1
1.232433e-05 1
4.987722e-06 1
8.420243e-06 5
9.177327e-06 1
9.879570e-07 130
4.400596e-06 6
2.535603e-05 1
9.813940e-06 1
1.338488e-06 1
1.338793e-06 2
1.871551e-06 4
2.718628e-05 1
8.301844e-07 1357
3.981297e-07 1
3.383310e-06 2
1.755420e-05 1
1.507500e-05 6
1.446068e-05 13641
8.300652e-06 1
1.842249e-06 3
5.875882e-06 5
1.016593e-05 7
5.021099e-07 1
9.933893e-06 1
2.206059e-05 3
2.547357e-06 1
8.729542e-06 1
1.378776e-05 1
1.460650e-06 10293
9.944640e-06 168
4.717022e-07 1
7.092080e-06 1
2.600803e-05 30375
6.715984e-07 3
5.800811e-06 1
1.083220e-05 5
1.185185e-06 1
2.352509e-05 7
2.515381e-06 3
5.780616e-06 1
4.020229e-06 1
8.911731e-06 1
1.711311e-05 3
1.213892e-05 17463
9.206927e-06 1
8.954669e-06 2
1.159322e-05 1
1.163983e-05 39
2.239286e-06 2
2.548936e-05 45245
1.212866e-05 314
1.721259e-05 18648
2.362203e-05 1
2.103707e-06 1
4.636595e-06 5
1.418213e-05 1
4.575289e-06 47071
2.471368e-05 1
5.775510e-06 2
4.498172e-06 2
2.654694e-05 1
4.121536e-06 1
5.103878e-06 3
9.023720e-06 187
3.234847e-07 241
2.655927e-06 3
2.353773e-05 1
3.909757e-06 3
2.698605e-05 1
2.796144e-05 4
1.724537e-05 3
1.201066e-05 563
2.701997e-05 1
1.717349e-06 2
7.186320e-06 2
1.359585e-05 3
3.814122e-06 2
8.045306e-06 1
2.024900e-05 5
2.225162e-05 1
2.594046e-06 1
2.091243e-05 1
7.076845e-06 1
6.115790e-07 412
6.964124e-06 1
9.406318e-06 15894
2.422732e-06 1
5.830177e-06 27700
4.784156e-06 4
6.827258e-06 3
2.050566e-05 3
1.492844e-06 4
9.367647e-06 3
1.609056e-07 1
1.038782e-05 3
1.811318e-07 1
2.542916e-05 1
7.912848e-06 1
9.704684e-06 1
5.789822e-07 1
4.789439e-06 3
2.151087e-06 1
1.485444e-05 216
2.469065e-07 1
2.330975e-06 253
1.118154e-05 1
1.000783e-05 1
1.820135e-05 2
4.494843e-07 1
1.157263e-05 1
3.375187e-05 3
1.704161e-05 1
9.706718e-06 426856
2.247647e-05 3
3.098794e-06 1
5.103742e-06 1
3.191174e-06 122
2.992177e-06 1
8.225843e-08 1
1.308465e-05 3
6.352199e-07 1
5.483898e-06 1
2.825349e-05 1446
6.744574e-06 1688
9.673765e-07 1
4.074500e-05 3
1.562479e-05 1
1.861422e-05 2
3.162463e-05 242
3.713502e-05 1
1.068445e-05 6
1.089427e-05 1
2.696997e-05 1
1.272384e-05 3
1.928087e-05 89
9.064550e-06 179
4.265893e-05 1
4.618156e-06 1
1.381806e-05 1
1.294399e-06 1
2.020631e-05 1
8.933287e-06 1
1.159558e-06 1
1.669031e-05 1
8.124861e-06 1
1.576608e-05 15436
5.894035e-06 1
1.958827e-06 6
4.421215e-06 1
1.549407e-05 1
3.881178e-06 1
1.096978e-05 3
6.408141e-06 2
3.892098e-05 2
5.515230e-06 1
6.595062e-06 5704
1.395802e-05 1
1.751399e-06 39295
1.851739e-06 115
6.894431e-06 1193
1.515711e-05 57593
3.386007e-06 3
1.696930e-05 1
6.491577e-06 375
2.398658e-06 1
1.536793e-06 1
3.533023e-06 167
1.005583e-05 747
5.563134e-06 1
4.378684e-05 1
2.050503e-05 2
1.674272e-05 2
1.457921e-05 4741
1.836854e-05 1
3.230683e-05 223
8.991771e-07 977
1.994321e-06 2
1.093637e-05 3
3.805206e-06 6
1.245502e-05 1
8.301046e-06 2
5.584922e-06 1
1.883648e-05 1
1.118814e-06 2
2.304796e-05 1
2.293910e-05 1
8.093665e-06 221
5.239416e-06 1
4.862331e-08 2
9.918994e-06 5
9.890589e-06 1
1.771456e-05 4
1.285526e-05 2
7.549766e-06 1
5.507473e-06 4
9.954684e-06 2
2.304197e-05 1
6.757592e-08 1
1.310909e-06 1
4.763634e-06 1
8.262688e-06 1
1.569419e-05 5
1.210760e-05 20343
5.556242e-08 3
2.170630e-05 610302
8.831045e-06 224
1.227914e-05 1
6.301333e-06 1
4.825602e-06 2
1.124773e-05 3
8.234066e-07 1
2.283165e-05 1
4.191363e-05 252132
6.716133e-06 2
4.337029e-05 61823
2.382329e-06 1
2.064402e-06 1
3.369718e-06 1
6.434486e-06 1
5.256299e-06 5
1.419424e-05 1
1.634661e-05 272616
2.598209e-05 604
7.503633e-07 70
2.049319e-06 6
6.338872e-06 1
2.354318e-05 1
3.406390e-07 1
9.011123e-06 6
4.680378e-06 3
5.988208e-06 1
3.468629e-05 166
1.447399e-05 1
1.420326e-06 1
3.614474e-06 1
1.212490e-05 1
4.128445e-05 1
1.778118e-05 1
1.800842e-05 3
3.371431e-05 2
1.840242e-06 19462
7.252387e-06 1
1.592719e-05 4
1.526547e-05 1
6.739248e-07 2
9.820238e-07 7
6.077527e-07 5
7.671880e-06 2
1.346493e-06 2
9.340017e-06 1
1.875118e-05 1
1.447669e-06 1
2.591869e-05 1
9.090913e-06 174
1.261548e-06 1
2.074649e-05 1
1.690612e-05 148
6.551488e-06 1
4.232953e-05 1
1.535541e-05 1
3.354291e-06 1
2.736095e-05 1
1.502363e-05 1
1.221506e-05 1
7.212942e-06 1
2.768123e-06 11063
6.558113e-06 1
1.182792e-05 5
1.518832e-05 1
8.281165e-06 58281
2.672668e-06 1
3.135094e-05 1
9.551729e-07 33986
1.800275e-06 3
2.421616e-06 1
9.999349e-06 1
2.335904e-06 3
2.636399e-06 7
1.732211e-06 889
2.172754e-05 1
5.570186e-06 161976
2.843671e-06 1
2.469511e-05 2
3.624545e-06 7
1.661079e-06 1
7.486365e-06 1460
1.827493e-05 2
1.700079e-05 1
1.077298e-06 4
3.070899e-06 7
1.185913e-05 43509
5.297068e-06 1
2.432523e-06 1
2.684209e-06 28354
1.411516e-05 2
1.588676e-05 1
2.575259e-05 7
3.641456e-06 1
1.265063e-05 1
1.370851e-05 2
1.840314e-05 3
7.158301e-06 1
4.377377e-06 1768
2.042974e-05 1
1.701931e-05 1
2.781123e-05 1
7.962116e-06 96
1.393242e-05 3
3.661317e-06 1
6.295925e-06 1
5.488082e-06 1
2.588811e-07 1
1.514798e-05 1
1.601921e-05 1
3.592816e-07 3
1.865134e-05 5
1.192537e-05 2
2.173406e-07 7
1.794381e-05 203
5.940094e-06 1
7.721907e-07 61
2.003155e-05 1
1.757263e-06 1
2.111188e-05 4
6.742940e-06 6
1.886054e-05 1
3.885774e-06 1
2.952183e-06 2
1.981323e-06 1
1.061633e-05 1
3.895386e-06 1
2.071001e-05 1
2.440392e-05 4
7.078655e-06 1
5.928835e-06 261
1.736865e-05 4
1.448112e-05 1
5.209014e-06 659
2.135860e-05 1
2.213109e-05 64374
1.815203e-06 3
6.135868e-06 1
7.278823e-08 1
2.514883e-05 1
3.605472e-06 1
2.866682e-07 1
8.314052e-06 1
1.438635e-05 334
8.595765e-06 3
4.689755e-06 1
9.448053e-06 1
2.445355e-05 1
3.319180e-05 2
4.232463e-06 1
6.336239e-06 1
1.200160e-06 1509
4.094480e-07 206
5.841870e-06 130
1.994142e-05 1
1.247025e-05 221
7.186192e-08 3
4.188698e-06 1
1.020514e-06 18363
5.698761e-06 166
1.746470e-05 1
8.586789e-06 3
1.148922e-05 1
6.188501e-06 1
4.835274e-06 1
8.787482e-07 52384
3.501649e-06 24
1.708524e-06 1
1.054957e-05 531299
1.940119e-06 1
2.195897e-05 1
5.712570e-05 7
6.392026e-06 1
4.102981e-06 3
1.796157e-05 204558
3.374564e-06 1
1.323619e-05 1
1.132228e-05 1
1.696836e-05 1
3.276409e-05 211
8.254319e-07 193
6.056210e-07 1
2.757253e-06 1
2.234629e-05 1
1.363764e-06 1
7.123078e-07 1
3.633372e-06 1
2.186926e-05 4
3.839038e-06 1
7.946168e-06 3
4.551548e-07 1
8.621855e-06 1
1.434210e-05 3
4.368818e-05 1259
1.785094e-05 1
1.486935e-05 6
2.705997e-05 245
7.330546e-06 2
1.360792e-05 65
1.990255e-05 1
1.818678e-05 182
1.292478e-05 2
8.142814e-06 1
1.979632e-05 3
1.804587e-05 194
1.309720e-05 2
4.100026e-06 5
9.944675e-06 1
2.431556e-05 1
6.176654e-06 1
9.523086e-06 1
1.525199e-05 50885
1.719562e-05 1
8.905533e-07 1
8.647190e-06 1
2.020806e-05 2
6.832375e-06 1
1.152083e-05 1624
3.115059e-08 1
5.211857e-06 33055
1.290774e-06 1
2.034538e-05 1
2.424928e-06 1
3.095424e-07 3303
2.324960e-05 1
1.545542e-05 2
4.890699e-06 1
7.236350e-06 102
4.412462e-06 2
1.430376e-06 17259
1.718005e-05 364
1.825376e-05 1
2.764431e-05 3
2.502628e-06 1
4.554343e-05 3
4.007484e-05 1854
5.022911e-06 1
2.477036e-05 3
1.392466e-05 1149
8.751811e-06 1
1.340660e-05 1
1.792590e-06 1
1.741956e-05 1
3.507269e-05 1
8.842430e-06 2
1.809705e-05 2
4.883331e-06 1
2.733290e-05 3
8.396286e-06 1
8.548478e-06 3
5.286633e-05 1
4.165918e-05 2
1.223937e-05 2
4.144388e-06 563
1.182437e-05 2
3.322584e-06 4
5.531332e-06 2
5.017813e-06 3
9.277344e-06 1
2.121898e-05 2
2.941859e-06 1
6.278924e-06 3
3.272056e-06 1
1.140234e-06 1831
3.970891e-07 1
2.423590e-05 3
1.024441e-05 1
3.625893e-05 5
4.283752e-06 1
3.763069e-09 1760
1.047760e-06 1
3.857277e-06 2
2.145550e-07 1
1.049117e-05 1
1.694533e-06 1
2.647599e-05 1
4.206709e-06 1
2.288003e-06 4
5.261007e-06 1
1.799046e-05 2
8.373625e-06 2
3.707778e-05 1
2.657345e-05 1
3.927988e-06 160241
3.807291e-05 2
1.444123e-05 1
1.494939e-05 1
5.563885e-07 1
7.430390e-06 1
5.475364e-06 1
4.832760e-06 1
1.433462e-05 1
3.488147e-06 1
9.907093e-06 2
2.215974e-05 63258
4.839367e-06 1
3.525077e-06 1
1.560838e-05 130
4.734994e-06 1
4.546891e-06 172
2.593783e-05 1
3.024356e-06 53971
3.917476e-06 3
1.668004e-06 29
5.196222e-06 3
1.164050e-05 3
7.443089e-06 2
3.156557e-05 243
1.195373e-05 3
1.288642e-05 1
2.557431e-05 1
3.003426e-06 1
2.298121e-06 1
2.654579e-06 3
6.267171e-06 24
8.451842e-06 7
3.846076e-06 1
7.586262e-06 1149
7.056590e-06 143
6.264492e-06 2
8.492672e-06 2
1.181504e-05 1
4.559077e-08 3
8.072651e-06 73
4.120688e-06 3
2.046131e-07 5
3.204560e-05 230
2.742670e-05 1
1.852759e-06 115
7.875889e-06 3
2.769841e-05 1
3.409548e-07 4
1.783250e-05 4
1.220334e-05 3
7.357426e-07 2
8.497757e-05 225
1.852143e-05 7
2.923123e-06 1
1.510736e-05 1
6.259953e-06 56003
3.235840e-05 4
4.383450e-06 66
7.084180e-06 3
1.083797e-05 14
2.242584e-05 2
2.173493e-05 1
9.753611e-06 1515
6.525386e-06 7
4.748793e-06 7
7.785992e-05 4
1.510073e-05 1
7.249906e-06 2
1.875335e-05 1
1.037702e-06 1
2.747873e-05 1
1.642887e-06 3
5.632730e-06 184
3.489444e-06 1
2.290270e-05 1
2.041658e-05 41620
2.523785e-05 1
1.036981e-05 2
2.210704e-05 1
5.273443e-06 22825
7.671380e-06 43494
9.468354e-06 4
1.860314e-05 3
1.560908e-05 1
6.039131e-06 1945
9.016227e-06 1
2.458742e-05 3
4.983542e-06 3
1.063355e-05 3
1.738789e-05 8284
2.771293e-06 1
3.027494e-05 1
3.482857e-06 1
1.827650e-05 1
3.085640e-06 3
3.596819e-05 32377
7.407869e-06 1
6.542629e-07 1
2.043528e-05 2
3.730797e-06 1
1.682522e-05 1
3.038505e-06 171
5.412902e-06 2
3.784206e-05 3
2.221130e-05 34
8.897166e-06 6
1.617245e-05 1
9.805295e-06 1
1.420345e-05 1
1.924223e-05 3
7.924100e-06 1
4.702007e-06 1
1.139017e-05 1
2.690949e-05 1
2.208038e-05 1
1.201304e-05 3
3.735204e-05 115
1.001992e-05 1
1.394716e-05 1108
4.025675e-06 1
6.639569e-06 1
1.090907e-05 3
7.616740e-06 17
1.489157e-05 3
2.965567e-06 1
8.269252e-06 59813
2.279992e-06 4
1.374898e-05 6
1.712747e-05 5
9.403507e-06 1
7.268348e-06 1
2.926814e-05 933
6.527089e-06 1
2.709416e-06 3
7.482994e-06 3
1.929439e-06 1
3.416210e-05 5
1.284156e-07 1
8.446710e-06 1
5.308085e-06 3
4.633156e-06 1
1.513161e-06 1
3.009071e-06 27
3.720397e-06 1
4.835243e-05 146
2.156648e-05 1
2.763103e-05 222
8.548944e-06 1
6.228028e-06 2
1.502558e-06 1
1.175187e-05 2
2.148079e-05 6
2.134030e-05 2092
1.999722e-05 2
1.530700e-06 1
2.164225e-06 3
8.475995e-07 3
8.300277e-06 1
6.972089e-06 1
9.769510e-06 2
3.570243e-05 2
9.505447e-06 3
2.362967e-05 3
9.189022e-06 41402
8.638734e-06 7
2.864040e-05 3
5.337189e-06 1
1.724328e-06 3
4.660938e-06 3
1.193967e-05 35946
1.055908e-05 3
8.133903e-05 226
1.984404e-06 1
7.116677e-06 1
2.065385e-06 1
9.348920e-06 3
2.802125e-06 2
4.672637e-06 1
1.775513e-05 1765
2.089905e-05 3
5.743009e-06 2
4.787036e-06 1
1.903568e-05 1
9.647761e-06 1
1.001259e-06 125
2.525382e-07 4
5.287205e-06 1
1.157261e-05 6
1.475389e-05 1
2.744212e-06 1
9.319963e-06 1
3.061431e-05 18576
1.174572e-05 1
1.776588e-05 1751
2.295056e-06 1
7.494507e-06 1
1.393210e-05 1
1.704891e-05 1
7.696216e-06 3
8.348359e-06 1
1.466877e-06 255
2.521682e-05 3
1.505140e-06 1
1.722348e-06 3
1.166889e-06 2
1.744766e-06 1
6.144343e-06 1
2.012758e-06 6
7.825246e-06 416
1.201649e-05 3
2.215793e-05 37
1.279232e-05 53930
2.192290e-06 745
3.847404e-05 1
1.338652e-05 1
6.747132e-06 1
1.432063e-06 1
1.953722e-05 4
6.494719e-06 2
3.058150e-06 1
1.901419e-05 14138
2.222983e-06 7
1.085605e-05 1
1.446556e-05 3
4.415133e-05 1
4.503127e-05 3
8.604118e-06 3
6.482543e-06 3
1.568162e-05 21164
1.901312e-06 2
2.277066e-05 2
1.427641e-05 1
1.422584e-06 1
5.636932e-06 1
4.254244e-06 1
1.112720e-06 1979
2.504744e-05 1
2.228847e-05 58264
2.675250e-05 1
1.490910e-05 1614
1.129580e-05 2952
4.164766e-06 7
1.914945e-06 4
3.339897e-05 43
2.357295e-06 1
1.794475e-06 29662
1.207031e-05 23792
3.015058e-05 2
4.303898e-06 1
1.090563e-05 2
4.459283e-06 1
5.885614e-06 7
3.890067e-06 422802
1.680946e-05 1
1.355484e-05 6
5.544494e-06 1
1.327745e-05 109
6.682917e-06 1
7.791132e-06 7
4.318257e-06 85
1.650485e-06 1
2.647602e-05 3
1.990583e-05 65255
5.124686e-06 1
2.545138e-05 952
6.038777e-06 1
3.881417e-06 482740
4.008335e-06 1
1.462358e-05 91
6.873090e-05 1
2.371847e-05 1
1.268605e-05 1
4.464099e-06 1
1.603544e-06 1551
8.830421e-06 4
3.299586e-05 3
8.700081e-06 1
9.495383e-06 2
1.864333e-05 1
1.265304e-05 1
2.081925e-06 1
7.943054e-06 100
3.188529e-06 21226
8.945453e-06 2
2.442764e-05 2
1.176585e-05 1
1.412614e-07 163
7.596218e-06 1118
2.343155e-06 1
6.795301e-06 2
1.124394e-06 1
2.632055e-06 2
5.283083e-06 122
6.788872e-06 6
1.069823e-05 1
3.467368e-05 1
1.164363e-06 63
1.022970e-06 17783
3.407619e-08 1
8.345017e-07 2
2.215501e-05 1
2.944440e-05 41832
1.905141e-06 1
2.168931e-05 3
3.872081e-06 1
1.283845e-05 1
1.533952e-05 5
6.706566e-05 1
1.555269e-05 1
5.546384e-05 3
5.836255e-07 1
4.307105e-05 1
4.822861e-05 2
2.847774e-06 4
3.735468e-06 1
9.387014e-06 1
2.513478e-05 25
1.352140e-05 2
3.520984e-06 2
6.660554e-06 82
3.919824e-07 1
1.577733e-05 1
6.131183e-06 6
1.178880e-05 1
3.481713e-05 46822
8.383746e-06 926
7.692009e-06 1
5.825131e-06 1
3.620698e-06 140
3.319098e-05 1
1.110018e-05 22458
1.070143e-05 190
5.761080e-06 1
1.316005e-05 1
7.744940e-06 1
5.190868e-06 36547
8.511428e-06 3
4.096197e-06 1
4.791073e-06 1
6.174860e-06 1
2.041938e-05 41496
1.167557e-05 6
1.486857e-06 2
1.851100e-05 5
8.397554e-06 3
5.928075e-06 12300
1.474226e-05 2
1.173285e-05 1
1.096563e-06 1
3.749566e-06 2
2.954316e-07 1
4.335573e-07 1
9.683029e-06 1
2.883290e-05 1
1.679723e-06 2
5.044649e-06 2
1.583152e-05 1
4.532551e-06 3
2.344960e-05 3
4.546217e-06 5
1.948141e-05 1849
6.762010e-07 1
2.101398e-06 1
1.074369e-05 5
2.233986e-06 3
1.103594e-05 1
3.976424e-06 1
4.326542e-06 1
3.899920e-06 1
1.054894e-05 1
7.153242e-06 1
8.398789e-06 1
3.322672e-06 1
8.245608e-06 1
1.430211e-05 1
4.231210e-06 1
1.081154e-06 1
5.132307e-06 1
1.883402e-05 1
2.109651e-05 2
5.528348e-06 1
1.561071e-05 1
5.895013e-06 1
2.285094e-06 1
4.786771e-07 2
2.625444e-05 7
1.284286e-06 1
2.323958e-05 1
2.704109e-06 1
2.173803e-05 1
1.314393e-05 1
7.066135e-06 1
1.241559e-06 1
7.370294e-06 225
2.023382e-06 1582
2.891501e-06 1737
1.407397e-05 43285
2.482882e-05 1381
1.635547e-05 6
4.830120e-06 2
1.635649e-05 1
7.410410e-06 3
8.538894e-06 480
4.068341e-06 7
3.247632e-06 1
6.465102e-06 1
1.383866e-05 1
8.791314e-07 52291
7.355667e-08 6
1.014628e-07 2
8.192436e-06 1
2.064861e-06 3
6.738213e-06 3
5.526747e-06 2
1.011775e-05 3
2.531924e-06 185
2.814884e-06 2
1.854778e-05 2
2.121404e-07 1
2.477758e-05 1
5.706128e-06 3
1.853906e-05 7
1.404046e-05 2
5.670855e-08 1
2.934136e-06 1
3.756353e-06 1
1.344752e-05 1
3.140446e-06 1
2.646069e-06 147
1.109693e-06 6
2.790977e-05 4
8.472346e-06 3
5.925376e-06 3
4.419092e-06 365993
1.128281e-05 1
3.977352e-06 32
1.827224e-05 174
4.272251e-06 6130
2.004890e-05 5
4.269471e-06 99
5.952347e-07 3
3.970278e-06 1
4.932128e-05 7
2.865888e-05 1
5.609815e-06 62835
9.103439e-06 1
5.737937e-06 5
1.952927e-05 4
1.602934e-05 85
1.997964e-05 2
1.758785e-05 2
1.504710e-05 1
2.206569e-05 196
4.053845e-06 1
2.336440e-06 4
1.518430e-05 1
2.210147e-06 1
4.302728e-06 4
2.034287e-07 30315
8.015468e-07 6
8.345140e-06 3
1.026156e-05 3
9.465623e-06 1
3.044805e-05 1
1.124924e-05 1
2.636041e-05 1
5.563795e-06 1
1.145673e-05 220
2.270298e-06 1
3.321717e-05 6
1.335607e-05 2
8.948464e-06 48
1.428636e-06 3
1.000958e-06 1
2.874496e-06 1816
1.481591e-05 1
1.846410e-05 1
1.520837e-05 22
2.066024e-05 1
1.501477e-05 1
1.640356e-06 192
5.363127e-06 1
2.335216e-05 19055
1.571712e-06 1
1.459582e-06 1
1.257474e-05 1
3.323809e-05 47
2.100321e-05 266
6.283651e-06 173
9.927216e-07 5
3.601503e-05 1
3.376393e-06 2
1.659965e-06 1
2.921978e-06 208
1.500635e-06 1
8.691451e-06 1
1.037791e-05 1
3.264339e-06 3
2.462441e-05 3
7.051511e-06 1
4.862168e-06 4
2.111710e-05 1
5.179333e-06 2
1.221843e-05 3
4.687785e-06 1
9.972876e-06 956
1.109492e-05 1
5.975125e-06 96
1.722571e-06 1
4.672280e-06 1
1.416466e-05 1
1.001437e-05 3
5.607439e-06 37
8.655309e-06 2
3.135252e-06 1
1.121139e-06 1
2.321810e-06 1
4.112322e-06 3
3.592021e-06 1
3.503242e-05 3
1.994243e-07 1
9.098156e-07 1
1.132966e-05 1
2.215871e-05 1
4.951551e-07 1
1.633162e-06 1
2.203666e-05 2
1.397548e-05 1
4.787668e-06 1
5.235138e-06 1
1.409325e-05 7
1.951565e-05 4
1.654375e-06 1
8.987687e-06 1
4.681178e-07 1
7.683180e-06 1
2.780596e-05 1
5.183424e-06 1
1.710885e-06 3
4.932829e-06 2
3.337045e-06 1
1.352353e-05 2
4.763080e-06 1
6.134861e-06 2
6.907493e-06 177
2.519942e-06 3
9.221314e-06 1
2.069980e-05 2
2.062729e-05 1
2.809715e-06 1
3.551420e-05 1
1.746525e-06 3
1.211278e-05 2
1.524596e-05 1
4.341831e-06 1
3.923285e-06 2
9.810681e-06 1
2.300810e-06 1
3.725832e-06 1
1.467697e-05 1
3.513851e-05 157
1.089117e-05 1
1.275002e-05 1
1.146385e-05 1
1.603972e-06 3
1.929424e-05 1
3.426890e-06 1
1.378117e-05 1
1.476629e-05 1852
1.823430e-05 1
8.174340e-06 1
2.677271e-05 1
1.375476e-06 5
2.991421e-06 1
7.483900e-06 46
1.483491e-06 1
6.506265e-06 326
9.289703e-06 1
6.420903e-06 1
9.623700e-06 1
1.017743e-05 127
3.367908e-05 2
9.750992e-06 3
1.248920e-06 31
1.555201e-05 5
1.061123e-05 2
1.329296e-06 40632
1.252054e-05 214
2.287290e-06 7
8.175856e-07 196
6.574515e-06 1
1.187542e-06 1
2.105148e-07 1
1.126210e-05 6291
4.667898e-07 1
5.607069e-06 3
5.186739e-06 148
5.515837e-06 1
3.703585e-06 1
3.617284e-05 1
8.885174e-06 2
1.417606e-05 1
1.360879e-05 218
4.610348e-05 5
6.839701e-06 1
4.189918e-06 1
1.513683e-05 59028
1.491076e-06 2
1.771381e-06 1
2.336120e-06 1
3.541728e-05 787
1.781244e-07 1
6.556519e-06 7
5.696925e-06 1
7.201044e-06 1
6.161575e-07 1
3.406544e-06 1
5.555074e-06 1
2.422547e-07 360
1.306038e-05 3
4.548540e-07 2
1.638277e-05 1
4.016138e-05 6
7.327872e-06 81
5.825796e-06 1
5.363485e-07 837
3.503971e-06 1
8.711388e-06 95
7.402627e-06 1
9.018344e-06 6
4.033637e-06 3
2.865998e-06 1
2.032320e-05 1
8.517506e-06 5
1.030138e-06 4
2.157776e-06 5
6.062431e-06 1
1.514636e-05 1
4.014258e-06 3
1.686508e-05 1
1.192900e-05 3
9.102708e-06 1
3.503951e-06 1138
1.275137e-05 1
8.943961e-06 1
4.150158e-06 7
4.506679e-06 1
1.696180e-05 3
2.793392e-05 2
1.005235e-06 7
1.125631e-05 99
6.641969e-06 6
2.241906e-05 2
1.166085e-05 6
1.298762e-05 5
5.926198e-06 1
5.674297e-06 1
4.991300e-06 1
2.108765e-05 1
9.347503e-06 1
1.864629e-05 1
3.921059e-05 6
3.435435e-06 1
5.535308e-06 1
1.366723e-05 57
5.922615e-06 3
5.004219e-07 1
9.015188e-06 3
3.957982e-07 211
1.406937e-06 2
1.789244e-05 1
2.186056e-06 776
4.882239e-05 1
3.395575e-06 1
1.719172e-06 3
3.061444e-06 1
3.847999e-06 3
7.465076e-07 2
3.491242e-06 1
6.859895e-06 6
9.136735e-07 3
2.559265e-06 1
1.815686e-05 2
2.250935e-06 3
1.268672e-05 63163
9.986354e-06 3
4.145246e-06 560
8.128637e-06 1
4.596274e-06 43384
2.492601e-06 6
3.178668e-05 6
1.588544e-05 4
1.603305e-06 1
3.593011e-05 2
1.935688e-05 3
1.372916e-05 202
4.462468e-06 1
1.936813e-05 4
3.275785e-05 2
8.180806e-06 235029
7.510001e-06 194
2.121131e-05 1
1.456499e-06 1
9.385019e-06 1
3.030375e-05 1
4.040122e-06 1
1.522514e-05 1
3.234553e-06 3
9.951767e-07 1
8.521618e-06 1
1.281412e-06 2
4.585139e-06 3
1.062579e-05 2
2.870709e-05 1
1.028265e-05 1
8.057712e-06 2
2.016036e-05 1
3.615346e-06 1
6.129803e-06 1
3.219568e-05 73
8.181288e-07 1
5.563202e-06 49
1.338064e-05 1
1.412684e-05 1
2.557104e-05 7
7.708391e-07 1
6.370460e-05 3
1.004973e-06 2
2.438535e-06 6
2.041058e-05 5
4.960591e-05 1
1.330536e-05 4
1.106077e-05 1
5.256219e-08 1
1.320246e-07 1
4.870756e-06 1
3.720621e-06 1
1.918919e-05 97
3.538728e-06 5
6.039917e-06 1
1.663939e-06 1
2.439688e-05 1
8.669091e-07 1
5.737324e-05 1
5.911642e-06 1
4.902650e-06 1
3.541538e-06 164
1.894242e-05 1
1.294996e-05 1
2.708853e-06 1
5.508067e-07 3
8.195601e-06 2
1.689461e-06 53209
4.392799e-06 1
1.222247e-05 1
1.574716e-05 1
1.306921e-05 7
6.128004e-07 405
2.214301e-05 3
1.213905e-06 1435
1.666270e-05 172
1.125802e-06 1
4.563362e-05 14
1.964183e-06 1
1.961547e-05 2
7.373039e-06 6
2.056287e-06 43
6.144692e-06 207
1.791554e-05 53
5.066320e-06 1
4.229900e-05 151455
1.252033e-05 1
1.508025e-05 37
1.127528e-05 1
8.329284e-09 1
3.555745e-06 1
1.049240e-05 1
1.213988e-05 7
3.024364e-06 1
3.239162e-06 1
2.910584e-06 2
2.647010e-05 297
1.210271e-05 1
5.842593e-06 25750
5.559290e-06 227261
5.079161e-06 1
5.115865e-06 3
1.647241e-05 1
1.285548e-05 2
4.050904e-06 1
8.453149e-06 1
2.893488e-06 577125
3.812507e-05 4
7.468108e-06 3
8.801506e-06 1
6.335043e-06 2
1.100953e-05 1
2.112142e-05 4
2.198468e-05 1
2.834155e-06 3
4.649072e-06 5
1.433368e-05 23256
1.025895e-05 113
7.232405e-06 1
1.367993e-05 1
2.918344e-06 1
2.612294e-07 4
7.602378e-06 2
2.616669e-07 1
3.985437e-06 1
9.160900e-06 1
1.220286e-05 7
1.663700e-05 5
1.685814e-05 1
8.368048e-06 1
1.998081e-05 1
2.847581e-06 1
6.546307e-06 2
1.209589e-05 1
8.753066e-06 87
5.466552e-06 1
4.266313e-06 7187
4.993860e-07 1
6.298671e-06 16
4.391889e-06 2
3.073136e-06 5
1.477284e-05 2
4.089400e-06 152
1.681578e-05 7
7.318858e-06 1
2.061672e-05 3
3.673580e-05 7
1.846260e-06 3
9.666076e-07 1
4.854196e-06 1
4.821880e-06 4
3.106684e-05 2
3.622918e-05 7
1.192601e-05 7
1.220295e-05 1
5.395994e-06 1
2.158058e-05 227
3.978974e-06 3
1.682946e-05 1
1.689700e-05 1
2.954832e-07 1
1.376413e-05 197
3.677015e-05 7
5.111342e-06 16
9.377731e-07 2
6.395359e-06 1
2.254707e-05 166
1.477843e-05 1
3.425181e-06 181375
5.946301e-06 256
5.782636e-06 3
4.532112e-06 2
4.374423e-06 2
1.499762e-05 1
3.919004e-06 2
5.045619e-05 1
1.169100e-05 31
5.315826e-06 15812
2.060626e-06 1
1.081421e-05 3
6.656451e-05 1
1.188552e-05 3
4.766172e-05 3
7.069767e-06 1
8.539245e-06 2
8.914175e-06 1590
2.039800e-05 1
1.590400e-05 1
4.034239e-05 3
2.104435e-05 3
3.813178e-06 1
2.636800e-06 1
3.515840e-06 172
8.569230e-07 1209
1.185741e-05 1
1.544675e-05 148
4.980412e-06 1
1.641744e-05 1
1.278619e-05 3
3.813284e-05 3
4.350682e-05 1
1.800963e-06 28216
1.595535e-05 1
1.469483e-05 1
4.816234e-06 1
1.976246e-07 1
2.454667e-06 1
9.766681e-06 47
1.471494e-06 2
1.787783e-05 209
9.709529e-06 1628
1.502940e-05 1
1.383398e-05 1
6.941347e-06 169
3.659879e-05 7
1.840315e-06 1
3.864974e-06 1740
1.042609e-05 1
5.903260e-06 4
5.108217e-06 169
9.001492e-06 1
1.601113e-06 1563
3.279258e-05 4
1.073779e-05 1
5.413011e-06 1
2.433940e-05 1
1.420581e-05 1
1.173967e-05 1
1.012120e-05 1
1.236142e-05 2
4.091683e-05 1
1.758609e-06 1
5.149182e-06 5
1.451964e-05 1
3.882625e-06 1
2.698574e-06 1
7.227928e-06 3
2.358552e-07 3
1.458066e-05 1
6.346121e-06 42927
2.471451e-06 1
3.642420e-05 3
2.828622e-05 1
1.166247e-05 1
2.213962e-05 64047
3.463623e-06 1
1.109662e-05 5
1.952500e-06 4
3.601556e-06 711
1.858226e-05 3
1.356129e-05 2
7.000485e-06 3
1.276507e-05 56306
2.175580e-05 1
2.029997e-05 11
2.764510e-05 68
7.181229e-06 16081
2.756436e-05 1
2.472674e-05 1
9.423492e-06 1
7.133006e-06 125
1.068046e-05 1387
1.647004e-05 1
1.242989e-05 6
2.378728e-06 6
9.696373e-06 1
1.404809e-05 1
4.099094e-07 1
8.426706e-06 1
1.306787e-05 1
2.034748e-05 1
3.381614e-07 235
2.645174e-05 1
4.499943e-06 1
1.179484e-05 1
3.920477e-05 1
4.720306e-06 1
6.006154e-07 1
4.950289e-05 1
9.535229e-06 3
2.771523e-05 590915
2.036911e-05 2
9.960218e-06 1
9.671614e-06 2
2.856501e-05 1
6.493540e-06 1
1.925267e-05 4
7.542743e-06 186
1.596830e-06 1
1.272606e-05 2
2.133562e-06 1
1.315366e-05 125
8.208352e-06 2
8.813220e-06 1
9.831229e-06 1
7.423718e-06 3
9.932465e-06 1
5.713903e-06 2
1.877828e-05 3
1.561009e-05 3
1.081284e-05 1
1.032904e-05 254
8.101697e-06 1
5.172831e-05 442
4.718295e-06 1
1.262015e-05 1
6.522079e-07 1
8.831940e-06 2
9.053107e-06 2
3.086348e-06 41541
1.045458e-05 1
9.362224e-07 1
8.102243e-06 1
3.819680e-05 1
7.537139e-06 61697
3.893483e-06 1
2.865300e-05 1
1.441286e-06 1
1.740175e-05 100
7.155550e-06 1
2.275915e-05 1
2.254284e-05 3
7.142067e-08 39
3.325564e-06 1
3.042769e-05 7
7.030981e-06 37355
9.783301e-06 1438
5.222707e-06 139
6.862938e-07 2
1.779117e-05 1
1.350287e-05 2
1.050733e-06 4
5.921085e-06 1
3.143488e-06 1
4.141342e-06 1
9.664644e-06 2
6.783500e-06 1
3.296364e-05 2
1.675262e-05 2
2.598089e-07 3
9.710498e-06 1
1.488358e-05 1
1.119982e-06 1
9.987245e-06 919
2.074110e-05 3
1.506753e-05 63988
3.587885e-05 3
9.931921e-06 51085
4.756677e-07 1
3.993933e-05 1881
1.087830e-05 1
3.918029e-06 1
2.575338e-06 1
1.043940e-06 1
9.500213e-07 2
7.466733e-06 1
1.073332e-05 1
2.130852e-05 2
3.469199e-06 1
6.445346e-06 1
1.346205e-05 1
1.080368e-05 1
1.535318e-05 1
1.828224e-05 1
1.338320e-06 1
4.072637e-08 1
6.530824e-06 1
1.749425e-09 1
2.624097e-06 2
3.436714e-06 1
9.299487e-06 134
1.386997e-05 1
6.547354e-06 4
2.557616e-05 1
1.771920e-05 1
1.357108e-05 1795
2.768629e-05 4
3.319305e-05 2
9.415811e-06 1
7.064900e-06 636
2.207227e-05 2
1.505621e-05 1
1.544700e-05 2
1.095093e-05 2
9.128466e-06 166
2.337623e-06 251
2.231176e-05 2
8.486088e-06 1
1.851725e-05 5
5.528672e-06 1626
1.407367e-05 3
9.191424e-06 154
7.918414e-06 4
2.842936e-05 63993
1.194446e-05 704
3.145979e-06 1
6.639798e-06 87
8.770141e-07 3
9.981051e-06 2
1.003978e-05 5
1.424462e-05 1
5.051189e-06 2
1.909005e-05 2
9.428552e-06 1
2.753180e-05 6
1.132253e-05 2
2.180446e-05 1
3.990839e-05 4
3.965229e-07 1
3.394575e-05 1
3.088636e-05 1
3.802845e-05 9807
2.119204e-05 4
3.962280e-07 1
1.962704e-05 2
8.004103e-06 1
5.557313e-06 1521
1.499043e-05 1
8.093121e-06 68
1.811775e-07 2
9.929180e-06 171
1.442860e-06 1
1.111555e-05 20919
4.832550e-05 147
5.938835e-06 1
3.993580e-06 1
4.020898e-05 1
1.275042e-06 1
1.262045e-05 1
9.299051e-06 1
2.107191e-05 1
1.818216e-06 5
2.916295e-05 12
2.680442e-05 1
1.447267e-05 1
5.182317e-05 1
2.552691e-06 1
2.453853e-05 208
2.611423e-05 1
2.389146e-05 4
1.490858e-06 1
6.291092e-07 2
2.014614e-05 1
8.781461e-06 2
8.103088e-07 1
3.940396e-06 1
9.154229e-06 933
1.431123e-06 4
5.906669e-06 1
2.370825e-05 1
5.562565e-06 1501
1.738705e-06 3
3.174446e-07 1
1.031975e-05 1
5.863229e-07 3
7.736510e-06 1
8.553481e-06 2
2.004147e-05 1
1.504458e-06 1
4.653493e-06 33357
2.431788e-06 1
5.834073e-06 1
2.785878e-06 3
1.064395e-06 1
1.247882e-05 4
1.155762e-06 1
7.718062e-06 1
9.097448e-06 1
6.569499e-06 1
1.533038e-05 161
2.268487e-06 122
1.037364e-05 1
7.826785e-06 3
2.378252e-05 4
3.040387e-06 1052
1.048784e-05 2
1.347656e-05 1
3.319750e-05 2
8.912182e-06 1
4.837745e-07 23
1.668056e-05 1
2.414464e-05 1
3.786102e-05 1
3.074790e-06 1
1.007181e-05 1
2.246515e-05 171
4.112329e-06 35184
7.593154e-06 1
4.204140e-06 1
5.042774e-06 6
3.788370e-06 1
6.294633e-06 3
1.286720e-05 2
1.215114e-05 3
9.297749e-06 1
1.202272e-05 5
2.168602e-05 1
2.059240e-05 1
2.893648e-05 1
6.999264e-07 1
2.684271e-06 1
1.816689e-05 1
8.296345e-06 1
8.044227e-06 1
4.685168e-08 202
1.212241e-05 1
1.531806e-05 949
6.561146e-07 2
2.669360e-05 1
6.959497e-06 1
8.935557e-06 2
5.527511e-06 4
4.894094e-06 1
2.435852e-05 1720
1.475031e-05 2
7.234145e-06 4
5.388773e-06 4
4.004199e-06 1
3.242219e-05 1
1.162814e-05 194
1.188312e-05 3
1.501697e-06 4
1.288309e-05 1
1.815423e-05 31
1.717021e-06 164
1.159540e-06 1
1.127243e-05 2
5.131703e-06 46445
2.035109e-05 1
8.013792e-06 1
2.254109e-06 1
3.013847e-05 1
3.720099e-06 1
2.980520e-05 1
4.452923e-06 1
1.154132e-05 334403
1.187397e-05 3
1.144781e-05 222
1.196525e-05 1
2.223644e-05 1
2.680378e-06 1
2.868224e-05 29
2.591996e-05 32847
3.523119e-06 5
2.041784e-05 3
3.913285e-06 1
2.564575e-06 1
4.294822e-06 1
5.560693e-06 1
7.740722e-06 1
5.423652e-06 2
1.953009e-05 1
2.027925e-06 1
6.790830e-07 1
4.686791e-05 2
1.062352e-05 50
1.731322e-05 7
7.190411e-07 1
4.864016e-06 1
1.292618e-05 156
1.193201e-06 1
3.638268e-06 3
8.428252e-06 797
7.482856e-06 157802
5.994777e-06 2
3.739114e-05 1
1.870497e-05 582
1.084696e-05 2
1.301526e-05 1
2.110181e-06 1
2.631814e-06 1
4.623225e-05 1
3.395150e-05 3
3.059670e-06 1
1.202417e-05 1
1.025534e-05 1
2.821401e-05 1
1.632384e-07 1
2.430909e-05 3
7.637426e-07 2
2.187275e-06 2
5.861383e-05 1
5.665673e-06 3
1.665164e-07 802
1.177909e-05 3
5.795337e-06 5
1.501057e-05 1
6.775345e-06 1
8.172880e-05 1
3.930495e-06 6
1.313744e-06 1
2.401494e-05 4
3.406298e-06 1
2.234308e-07 3
3.522229e-06 1058
6.273963e-06 1123
8.568320e-06 1
2.854296e-06 1
3.533303e-05 1
4.094114e-06 1
6.089186e-06 1
4.984606e-06 1
1.394972e-05 5
7.205206e-06 12715
1.397411e-05 2
5.979631e-06 1
1.013613e-05 28585
1.124476e-06 1
7.845600e-06 1
1.530945e-05 11
2.763952e-05 1
4.846770e-05 1
3.198211e-06 3
3.297769e-05 53
5.449202e-05 1
1.417091e-06 7
1.161541e-05 196
2.042954e-05 2
2.354017e-06 1
4.305721e-06 1
8.855265e-06 1
1.937452e-05 1
1.323343e-05 1
2.784894e-05 1
6.996061e-06 156
2.281786e-05 768
9.828819e-06 3
2.916628e-06 3
3.053044e-05 1
1.597952e-07 155
2.298339e-05 1
5.320715e-06 1
3.147436e-05 2
2.027428e-06 1
2.937551e-05 1
2.566609e-05 809
1.855426e-06 114
8.680738e-06 3
3.113286e-06 2
3.083519e-05 1
1.574289e-06 1
2.191268e-05 1
1.477639e-05 1
8.328292e-07 6
2.762709e-07 260
1.024237e-06 1
3.121999e-05 1
3.432698e-06 1
6.863004e-06 1
8.360650e-06 1
4.791526e-06 1
3.253414e-05 1
2.841866e-05 1
1.142640e-06 1
2.974510e-05 1
3.189372e-06 7
2.153956e-05 77
8.567719e-06 7
5.570071e-06 47
2.029512e-05 1
5.777037e-06 1
7.459062e-07 1
5.066576e-06 181
4.909733e-05 3
2.617362e-05 25751
2.873939e-06 1
2.414234e-06 1
8.798268e-06 1
1.512382e-05 1
5.815922e-06 1
4.625439e-06 1
6.996421e-06 42276
4.824984e-06 3619
6.196188e-06 1
3.890474e-06 1
2.792475e-06 2
2.015115e-05 5
7.276303e-06 1
5.843853e-06 7
2.270811e-05 42360
3.708182e-06 266
1.858300e-06 113
8.413223e-07 3
2.811219e-05 2
9.588594e-06 1
7.030381e-06 1
7.157723e-06 1
1.305041e-05 139
9.683213e-06 1
3.950198e-05 1
9.308889e-06 132
1.908982e-06 4
8.765018e-06 6
1.051188e-06 1
3.502380e-06 1
3.099650e-06 1
6.414126e-06 640
1.217617e-05 1
9.890823e-06 3
5.019516e-05 7
3.427650e-05 3
1.488219e-05 4
2.432127e-05 608925
8.828607e-07 2
1.967325e-05 3
9.198069e-07 2
2.492078e-06 1
9.957555e-06 1
3.056125e-08 209
1.454267e-05 1
5.839736e-06 5
2.389511e-07 122
1.652624e-05 33
7.891355e-06 1
2.630905e-05 2
1.247220e-05 68
8.916249e-07 3
2.484562e-05 2
1.443096e-05 1
3.823174e-05 3
6.124187e-06 59
4.093258e-06 1
1.436774e-05 1
6.789779e-06 2
2.250467e-06 1
2.440925e-05 503356
7.671663e-06 1
3.275670e-06 1
3.896501e-05 89
1.146256e-05 2
3.225513e-05 224
1.097950e-05 5
2.383412e-05 1
3.023096e-06 2
3.626700e-06 30978
3.980617e-06 1
3.863835e-06 1
1.230097e-05 2
2.170035e-06 1
2.415154e-06 1
3.060011e-06 1
6.995942e-07 1
1.002575e-05 40690
2.691085e-06 3
2.974101e-06 1
1.212187e-06 45
2.048226e-05 38658
9.918024e-06 1
4.205425e-06 18224
1.613376e-05 2
2.073523e-05 27396
2.036307e-05 5
1.704355e-05 1
2.826241e-05 1
1.196418e-05 1
7.391397e-06 67
3.201175e-06 1
7.842435e-07 2
2.005582e-06 1
6.713607e-06 4
1.445708e-05 3
2.620367e-06 1
1.979847e-06 2
5.342022e-06 11500
3.319779e-06 6
2.421818e-05 3
1.432437e-05 3
2.539540e-05 3
2.259376e-05 1
9.310375e-06 1
1.861054e-06 7
4.422931e-06 6
6.595369e-06 1
1.671310e-05 1
4.922170e-06 220
3.774187e-05 4
1.505150e-05 3
2.550028e-06 1
2.490436e-07 4
8.081490e-06 3
4.575637e-07 1
2.220228e-05 2
9.302947e-06 2
2.489275e-05 1
3.474155e-06 185
4.514606e-05 1
8.574744e-06 3
1.897421e-05 1
4.091022e-05 1
1.457094e-05 1
2.647264e-06 146
8.951171e-06 2
1.107977e-05 1
2.840832e-06 1
2.871714e-05 28
1.607225e-06 2
9.027877e-06 2
8.593573e-06 3
4.556720e-06 16
6.880112e-06 1
1.608662e-05 4
3.726267e-06 1
4.812977e-05 1
9.597865e-07 644
2.429428e-06 1756
1.139262e-05 1
8.012100e-06 3
6.248640e-06 1
1.233687e-05 6
3.501542e-06 54993
4.732138e-06 3
2.817455e-05 1
1.548599e-05 34563
8.259281e-06 1
2.295790e-05 1
1.378227e-05 1
4.375203e-06 6
5.851361e-06 1
5.938308e-05 1
3.321518e-06 1
2.076184e-06 1319
1.735025e-05 7
3.987123e-06 1
3.751036e-07 2
1.403481e-05 2
8.252272e-06 2
5.240066e-06 134
2.431164e-06 219
7.909249e-06 1
1.597672e-07 1
2.693768e-05 3
1.781217e-05 1
4.335382e-06 1940
4.001115e-05 1
5.851316e-06 3
3.299652e-05 3
2.066643e-06 1
1.690526e-05 1
3.475596e-05 3
2.974285e-06 1
1.787373e-05 210
1.250438e-06 1
1.003556e-05 1
1.852623e-05 39579
2.036844e-05 2
8.979482e-06 3
1.373852e-05 183556
2.592302e-06 165
1.943999e-06 1
6.115152e-06 3
1.850081e-07 1
8.343245e-06 3
1.527530e-05 2
1.704868e-05 1
2.168164e-05 1
3.639009e-05 1
3.200828e-05 1
2.247704e-05 18
1.086490e-05 1
1.663439e-06 1
2.153935e-06 1
9.204151e-06 39605
2.245937e-05 3
8.121379e-06 1
4.906977e-06 1
2.278344e-05 1
1.528347e-05 1
1.213027e-05 1
1.931914e-06 1
9.105974e-06 1
4.024651e-06 3
1.608030e-05 4
8.923664e-06 2
3.391307e-05 1245
8.742529e-07 3
1.478840e-05 4
3.402173e-05 28
1.311269e-06 2
9.321690e-06 1
8.769322e-06 1
8.041149e-06 1
5.150173e-06 1
6.946675e-06 15
1.844791e-05 1
1.797081e-05 1
5.349592e-06 1
2.034826e-05 1
1.958862e-06 1
1.728254e-06 44479
1.873589e-06 1
3.187065e-05 1
6.227764e-06 1
1.566085e-05 1
5.700760e-06 13
9.924367e-06 1
1.341780e-05 2
1.657118e-05 1
4.295906e-08 1
7.499064e-06 1
2.198518e-05 1
3.277610e-06 2
1.936183e-07 643
4.768464e-05 2
1.246083e-05 1
1.356431e-06 3
3.693870e-05 1
2.845017e-05 191
1.615251e-05 1
1.240385e-05 1
8.357757e-06 1
1.312235e-06 1
3.840778e-06 73
8.424383e-07 2
4.238240e-05 1
1.450835e-05 1
1.468351e-05 83
6.609857e-06 1
9.490503e-06 1
1.284823e-05 167
5.845836e-06 1
2.385989e-06 6
4.053261e-06 1
1.412499e-06 1
5.476323e-06 224
3.289061e-05 1
3.379861e-06 1
1.020199e-05 21417
2.578286e-06 2
1.042990e-05 1
9.494586e-06 97
3.938602e-05 2
3.175946e-06 1
7.255437e-06 1
3.173646e-05 1
1.377999e-05 3
6.424408e-07 1
2.046329e-06 1
1.120128e-06 6
4.292480e-06 245
2.767085e-06 1
1.500847e-05 3
2.836737e-05 6
9.365767e-06 1
1.068018e-05 65470
4.293527e-06 1
1.088587e-05 1
1.460566e-05 1
1.530293e-05 973
2.405659e-05 1
3.740913e-05 1
7.865531e-07 365698
6.263824e-06 1
3.022229e-05 490
1.258250e-05 2
2.779612e-06 1
3.086434e-06 155
7.961662e-06 1
1.649281e-06 1315
5.012721e-06 1
1.525120e-05 1
1.813824e-06 472
1.490460e-05 1621
1.464902e-06 1
3.135409e-06 1
9.596606e-06 6
2.815278e-05 2
7.918863e-06 105
3.818335e-05 1
1.365169e-05 212
4.660258e-07 183
3.463662e-06 1
2.332974e-06 1
3.842259e-06 1
1.045090e-06 1
9.902177e-06 1
1.163797e-05 1
7.513715e-06 3
2.726179e-06 2
1.323961e-06 41860
1.236339e-05 3
2.708764e-05 1
1.024893e-05 1
3.343675e-07 1
3.214298e-05 1
2.782504e-06 7
2.896813e-06 1
1.118592e-05 1
1.326217e-05 1
3.289042e-06 6
9.898344e-06 1
1.123706e-05 7
3.942654e-06 66454
3.163880e-06 3
4.380457e-06 1
1.174122e-05 1
1.812616e-05 1
2.782118e-06 1
1.737386e-06 7
2.759993e-05 4
1.911313e-05 1
9.978367e-06 1
6.538583e-06 1
6.499225e-06 1
2.201671e-05 1
4.208552e-06 1
5.082428e-06 1
2.767577e-06 4
1.931863e-05 1
9.078695e-06 176
3.490972e-06 3
2.795169e-06 1
1.038662e-05 1
1.298468e-06 5
1.218738e-06 3
1.733253e-06 1
8.170036e-06 205
1.840361e-05 1
1.691821e-06 1
1.966205e-05 4
8.053816e-06 2
7.145460e-06 2
3.538779e-06 1
3.710554e-06 1
3.785838e-05 1
4.452987e-06 1
1.022289e-06 117
7.736617e-08 3
9.217919e-06 3
1.147580e-05 2
1.232714e-06 1
6.306202e-06 1
1.614716e-05 1
3.247452e-06 3
1.285339e-06 1
7.815345e-06 7
8.061469e-07 1
1.130134e-06 2
7.308585e-06 1
2.305069e-06 1
6.773834e-07 1
7.722664e-06 147
2.591652e-05 1
2.156139e-06 1
1.786893e-05 1
1.633705e-05 1555
1.924575e-05 2433
1.198764e-06 1
1.066856e-05 1
1.608535e-05 1
4.828970e-06 6
2.017865e-05 52507
1.084647e-06 6
7.131582e-06 421
1.802599e-05 1
1.532092e-05 1
2.574114e-06 2
1.781250e-05 1690
7.903810e-06 3
4.829448e-07 1
1.854091e-06 3
1.245248e-07 50570
7.037348e-06 2
2.766714e-05 1
7.438170e-06 1
9.260853e-06 3
9.915527e-07 2
5.500505e-06 4
6.216102e-07 1
1.853908e-07 1
1.736450e-05 1
9.075710e-07 1
2.500606e-06 1
5.973695e-06 1
7.152377e-07 1
1.609390e-06 1520
2.311605e-06 1
1.256649e-05 1
4.808768e-05 3
1.093056e-05 1
2.115143e-06 1
1.185576e-06 3
2.355320e-05 261
8.658646e-06 105
2.069335e-05 3
2.629994e-05 1
6.752902e-06 1
2.216892e-05 37
9.079435e-06 54448
5.119311e-05 1
5.699929e-06 1
3.366351e-07 235
6.367325e-06 1
1.333480e-05 4
1.375343e-05 1
7.378090e-07 228
1.461869e-05 1
3.308426e-06 1
3.628552e-06 1
2.419271e-07 1
1.154095e-05 335750
3.979359e-06 1
4.622280e-06 7
8.408701e-06 1
1.323149e-05 1
1.993219e-07 1
5.277502e-06 1
2.474952e-05 1
1.437092e-05 20438
5.212561e-05 3
5.437238e-07 1
5.824432e-06 1
4.862888e-06 1
3.695038e-06 1
1.026479e-05 3
1.307926e-05 1
8.987656e-06 1
8.174984e-07 6
2.321237e-05 5
8.095595e-06 1
9.287508e-06 574
7.758189e-06 1
5.052664e-07 1013
1.095707e-06 1
5.418059e-06 3
9.415449e-07 744
1.631965e-05 1
2.386692e-06 1
6.528623e-06 1
1.717024e-06 1
9.993517e-06 1
2.594822e-06 3
1.142579e-05 1
7.046958e-06 5
4.001536e-06 55552
2.235738e-06 1
1.243757e-05 2
1.454555e-05 1
3.095145e-05 3
1.525136e-05 170
1.128614e-06 2
1.367181e-06 1
5.702712e-06 47946
5.375147e-06 251
3.055480e-06 5
1.423872e-06 118
2.048783e-05 150
6.453235e-07 1
2.004026e-07 1
1.518148e-05 25
1.915127e-05 1
2.075193e-05 2
5.039537e-06 6
2.990636e-06 1280
3.089521e-07 1
8.243401e-07 1389
1.196304e-06 1
6.257256e-06 2
1.405301e-06 1
2.181046e-06 3
3.868564e-06 1
4.118891e-06 1
4.220610e-05 6
9.509195e-06 6
1.232912e-05 2
4.365601e-06 2
2.654135e-05 15757
2.672616e-05 4
2.944625e-06 1
4.047419e-06 1
1.431020e-05 1
9.765144e-07 28885
8.291542e-06 1
9.685113e-08 1210
7.274476e-06 1
2.036959e-05 2
1.958818e-05 1
2.198589e-06 1
8.250351e-06 3
4.177007e-06 1
1.258816e-05 1533
1.520004e-05 23
2.616919e-05 2
1.105974e-05 2
2.242743e-06 1
2.709566e-05 1
8.973075e-06 1
9.022222e-06 2
5.301260e-06 1
4.111670e-05 6
1.950877e-05 71
5.396724e-07 1
5.192384e-05 23404
7.023129e-06 1
1.402802e-05 2
1.719440e-05 2
6.666282e-06 1
7.838580e-06 1
1.081838e-05 51141
9.515052e-06 3306
1.466383e-06 1
1.040797e-05 1
7.717260e-06 1
1.365845e-05 58
3.285515e-05 6
1.093543e-05 2
5.362910e-06 1
7.377511e-07 2
7.486053e-06 1
4.125651e-06 2
5.190950e-05 2
5.816114e-06 7
6.157949e-06 51
5.606598e-05 4
9.733863e-06 1
5.114664e-06 49305
5.038656e-06 1
4.778155e-06 1
1.247161e-05 1
7.210432e-07 1
1.298663e-05 1
4.773146e-06 261
5.247688e-07 1
1.113547e-05 119
1.211862e-05 3
1.002144e-05 3
7.634057e-06 1001
1.256170e-05 1
2.387921e-05 1
1.664777e-05 21
1.863408e-06 4
2.251952e-05 1
1.551972e-05 1
1.445018e-05 4
4.276218e-06 1
2.221219e-06 5
9.537651e-06 1
2.306122e-06 7
9.326428e-07 1
7.543763e-06 1
3.367906e-07 1
1.830187e-06 1
7.665792e-07 2
1.476174e-05 1
1.601093e-07 7
8.283025e-06 58041
3.051961e-05 7
6.509100e-06 1
8.010588e-07 234783
7.505841e-07 1
6.781621e-07 1
4.169642e-06 128
3.926280e-06 1
1.602313e-05 1
2.863492e-06 3
1.738683e-05 3
3.751825e-07 1
1.140389e-05 1
5.002092e-05 1
1.257985e-05 205
4.098932e-05 1
8.950660e-05 1
2.233628e-05 1
7.862596e-06 1
1.829888e-05 3
2.035953e-05 7
5.915584e-06 1
8.683700e-06 1
2.825629e-05 1
1.366381e-07 1
3.085868e-07 94
2.700012e-07 1
8.944039e-06 6
8.546769e-06 5
8.547772e-06 1
1.586311e-05 7
1.419552e-05 1
1.529783e-07 881
2.783228e-05 1
9.104341e-07 7
1.517766e-05 1
4.392761e-06 6
1.365026e-06 7
1.315377e-05 5
9.888724e-07 25929
5.952864e-06 102
2.310611e-05 7
1.668313e-06 1
1.323328e-05 1
1.299185e-05 147
1.628718e-05 1
3.193787e-05 1
3.219604e-06 1
1.681302e-06 177
2.589961e-05 5
3.925620e-06 47
4.836547e-06 6
4.362311e-06 6
2.112152e-05 1
6.626128e-06 90
9.233674e-08 3
1.807550e-06 1
1.547355e-05 3
1.550927e-05 1
1.305909e-05 1
2.327456e-05 392
1.480808e-05 1
4.655014e-06 1
2.371129e-07 1
1.384171e-05 2
6.401642e-07 1
9.756239e-07 3
3.185398e-05 3
1.441442e-05 3
8.161780e-06 1
1.374376e-05 1
4.559101e-06 1033
1.452876e-06 1
3.925490e-06 1
4.231793e-05 1
5.887571e-06 1
9.046672e-06 1
1.182251e-05 1
4.031635e-06 1
7.098634e-06 1
3.191636e-06 3
7.252312e-06 251
1.039683e-05 2069
3.326783e-06 1
1.024115e-05 1
6.503088e-06 1
1.902458e-05 1
1.317806e-06 5
5.540341e-06 3
7.996475e-06 3
1.856776e-06 1
3.697338e-05 1
1.807676e-05 1
8.915067e-06 55
1.972099e-07 1
2.277730e-08 2
2.228737e-06 1
1.501279e-05 1
6.024031e-06 1
1.065441e-05 1
1.431685e-06 281
1.461226e-05 1
2.522057e-06 35
1.416780e-05 7
5.789613e-06 1
1.364026e-06 1
3.267269e-06 1
8.814590e-06 75
4.363008e-06 2
5.612438e-06 189
7.757329e-06 1
9.572070e-06 83
3.654298e-05 3
1.508338e-05 3
5.238753e-06 3
4.488464e-06 3
1.238887e-05 1
1.050121e-05 1
3.442048e-05 3
7.245505e-06 1
2.008195e-05 56992
1.584136e-05 105
2.499058e-05 1
1.302528e-05 3
4.141094e-05 1
1.483091e-05 1
1.243223e-05 6
8.462131e-06 1
1.874140e-05 2
2.712033e-05 1
1.681138e-05 157
4.667810e-08 1
3.155147e-06 1
2.325009e-06 7
6.116999e-06 3
2.196844e-05 1
8.248810e-06 1
8.646850e-06 1
2.061093e-05 1
3.682136e-06 121
5.726596e-05 10347
2.056623e-05 1
3.358652e-05 1
2.121050e-05 1
2.569005e-05 1
8.823476e-06 6
7.465471e-06 3
1.416995e-06 1
5.083921e-06 3
3.632064e-05 1
2.102314e-07 546
5.473665e-07 1
1.877893e-05 7
3.028576e-06 1
1.452792e-07 1
2.911516e-06 1
1.695404e-05 1
1.252487e-05 3
4.758089e-06 1
1.321885e-05 1
2.255604e-05 1
3.884564e-05 2
6.090272e-05 1
3.411817e-07 1
1.539982e-05 1
1.356259e-05 1
5.412469e-06 2058
1.235175e-05 4
6.713594e-06 1
2.814156e-05 1
6.863072e-06 3
1.599639e-05 241
2.352609e-05 1
2.077089e-05 1
3.054385e-05 1
2.239733e-06 2
1.192725e-05 1
6.232673e-06 1
1.662585e-05 3
3.060251e-06 1
1.550257e-05 142
7.808086e-06 1
7.310309e-06 1
2.328249e-05 385
1.712963e-06 1
1.618411e-05 4
5.068333e-06 1
1.314621e-07 1
2.241481e-05 21
1.758838e-05 6
7.180861e-06 7
1.649769e-05 1
2.131739e-06 1
6.556126e-06 1
6.396262e-07 2
5.162563e-06 155
5.397412e-06 1
3.087410e-05 1
1.272280e-07 3
3.027863e-06 5
3.517704e-06 51878
9.343803e-06 5
2.099214e-05 16191
7.441006e-06 4
2.736410e-06 1
1.866924e-06 1
7.013124e-06 804
1.219952e-06 195
1.606532e-06 262698
5.171305e-06 39823
1.279969e-05 1
1.575931e-07 1
1.901238e-06 1
5.935731e-06 1
7.760070e-06 1
1.838178e-06 1
1.102356e-06 1
2.159198e-05 3
2.254597e-06 1
7.517340e-06 1
2.832936e-06 238
1.382877e-06 1
5.451583e-06 6
2.942257e-06 1
4.751753e-05 39713
2.605707e-05 1
2.178484e-05 1
1.632284e-05 1
4.737384e-06 1
3.724836e-06 1
1.076491e-06 7
1.657771e-05 5
3.667447e-05 1
4.085216e-05 1
3.343916e-06 1
9.302548e-06 3
9.376194e-06 19393
3.952554e-06 2
5.300945e-06 2
1.907907e-05 106
1.684204e-05 154
4.702609e-06 3
3.548040e-05 7
2.760743e-05 1
9.399523e-06 1
1.082932e-05 1
5.264008e-06 5
9.698133e-07 1
5.040662e-07 3
7.488303e-06 1
1.213765e-05 295
1.211542e-06 2
7.981648e-07 261097
3.737734e-06 1
5.662077e-06 1
1.377585e-05 1
2.752282e-05 1
5.333075e-06 1
2.906161e-06 1
3.489270e-06 5
2.460394e-05 1
2.382120e-05 1
7.622083e-06 2
3.422931e-07 2
1.505837e-05 1
1.548863e-06 1
1.089455e-05 2
1.140349e-07 1
1.890779e-06 8251
3.361227e-05 38
5.758820e-06 5
1.446271e-05 1
6.106574e-07 3
4.881205e-06 4
2.774496e-06 4
1.794082e-05 1
1.779405e-05 1
3.195384e-05 4
9.630654e-08 1
6.849438e-06 37
2.426678e-06 1
2.500521e-06 3
7.588642e-06 1
2.822896e-06 3
9.917446e-07 1
2.170585e-05 1
1.033709e-05 1
3.885923e-06 1
4.585258e-05 165
6.573270e-06 103
1.774630e-05 2
3.961830e-06 1
1.341448e-05 1
1.586476e-05 1
1.573591e-05 17480
4.341593e-07 1
1.488260e-07 1
6.774051e-06 1
5.168482e-06 7
1.836962e-05 1
6.193388e-06 1
2.147556e-07 1
9.387153e-06 308
3.308337e-06 84
1.197136e-06 1
7.589912e-06 1
2.292682e-06 1
3.673423e-06 2
1.364042e-05 1
4.906797e-06 2
1.920179e-06 1
4.641544e-06 35444
1.078495e-05 1
8.742630e-06 1
2.113811e-05 1
1.100401e-05 3
5.709292e-06 1
4.520678e-06 5
1.622439e-05 3
7.868092e-06 1
3.938115e-05 2
2.097816e-05 1
1.553577e-05 1
6.970312e-06 2
1.997719e-07 3
6.611683e-07 3
2.192107e-06 746
4.680650e-06 1
1.295927e-05 1
9.063910e-06 3
7.304058e-06 1
9.063055e-06 1
3.337679e-05 3
2.771084e-06 1
1.411361e-05 2
9.994507e-06 1
4.530797e-05 50522
2.818416e-05 176889
3.348899e-05 2
1.543385e-06 74
1.134755e-05 1
4.832594e-05 1
1.271179e-05 1
1.033733e-05 252
7.653628e-06 941
1.200731e-05 1
8.386340e-06 1
1.256030e-05 1589
6.369584e-06 1
4.163412e-07 1
1.269182e-05 1
1.338429e-05 1
2.390189e-05 88
