4.014088e-04 1
4.097681e-04 1
1.887964e-05 5
4.232534e-04 7
4.210016e-04 1
1.814525e-05 1
1.099970e-04 2
1.254229e-04 1
2.340058e-05 7
1.728913e-04 4
1.826095e-04 1
9.632854e-05 15
1.257592e-04 2
3.145287e-05 1
4.432122e-04 3
1.645842e-04 1
7.646030e-05 1
2.190005e-04 1736
1.468090e-04 1
1.520242e-04 6
2.714268e-04 3
1.235997e-04 1
1.049706e-03 1
7.345776e-04 2
2.165582e-04 1
5.696468e-04 1
2.822604e-04 125
8.162807e-04 1
1.137011e-04 3
4.207096e-04 1
1.213183e-04 1
2.096415e-05 1
9.910537e-06 1
2.692794e-04 3
1.040627e-05 1
3.067041e-04 10456
1.679946e-05 1
1.440462e-04 202
1.439147e-04 6
3.933212e-04 1
1.030637e-03 3
2.367967e-04 1
1.598669e-04 2
1.273922e-04 1
8.434949e-04 1194
9.072563e-04 1
2.892040e-04 1
8.883477e-05 3
5.731167e-04 1
2.189016e-04 1
3.670445e-05 1
1.125093e-03 1
4.218183e-04 1
5.622934e-04 1
1.224659e-04 1
1.506247e-04 3
2.339509e-04 6
1.065557e-04 1
2.371703e-05 34
9.202283e-04 1
2.704535e-04 1
4.346928e-04 1
2.469199e-04 6
6.153945e-05 1
7.562793e-05 3
1.179304e-04 1
6.036417e-06 1
2.323245e-04 1
6.742950e-06 1
7.595865e-05 2
2.465242e-04 1
4.093565e-04 1
7.755703e-04 1192
3.683996e-04 140
1.998389e-04 3
5.694836e-05 6
3.363803e-04 1
7.148386e-04 1
7.216372e-04 1
1.236612e-04 8
1.552583e-04 1
9.253373e-05 1
1.260115e-04 1
5.688903e-04 3
2.549288e-04 1
3.357604e-04 1
8.766566e-05 241
6.657919e-05 3
7.340291e-05 1
1.802284e-04 2
5.590487e-04 1
1.419056e-04 666
2.350438e-04 1
3.937334e-04 3
3.603688e-05 1
2.906008e-04 1
5.147109e-05 3
4.077086e-04 919
3.411768e-05 6
1.538402e-04 5
7.208408e-05 847
7.862357e-04 205
1.015146e-04 3
1.484730e-04 1
4.702652e-05 1
2.067795e-04 70
2.391491e-04 1
1.177360e-04 1
1.322594e-04 1
5.273566e-05 5
3.979017e-05 1
1.847554e-05 1
1.807717e-04 1
7.829350e-06 1
4.907575e-05 2
1.665995e-04 1
3.278712e-05 791
1.675857e-04 238
4.294850e-04 2
1.450009e-06 1
2.371631e-04 2
1.687920e-04 3
1.644705e-04 1
2.103604e-04 6
1.334531e-04 2
7.334295e-05 5
1.911790e-04 1392
2.016489e-04 2
3.769743e-06 1
1.271826e-04 1654
3.740745e-04 5
7.660115e-04 3
5.252908e-05 113
6.675204e-04 1
1.344657e-04 1
3.098885e-04 7
6.768170e-05 1
8.628715e-05 23
6.295393e-04 198
1.716431e-04 1
4.162529e-05 237131
6.303520e-05 1
1.443841e-04 17815
1.793529e-04 1
9.772693e-05 1629
2.731722e-08 2
2.146808e-04 1
2.296154e-04 1
8.513190e-05 1
2.716174e-04 2
1.925028e-04 1
7.707349e-05 1
5.603170e-04 733
3.040380e-04 5
6.772431e-04 241
1.285586e-04 3
3.629694e-04 10
9.376322e-05 1
1.352422e-04 1
2.671957e-04 1
2.994638e-05 1
3.587662e-05 168
6.925841e-05 249
2.764799e-04 3
7.595371e-05 3
3.063313e-04 6
2.563806e-04 1
7.328437e-05 1
4.122546e-05 169
1.760384e-04 3
3.147120e-05 1
1.074018e-04 1
3.885801e-04 1
4.004221e-04 1357
1.090074e-04 3
5.892973e-04 2
2.213535e-04 3
1.229966e-04 1
3.009149e-05 4
3.345553e-04 210
5.592076e-05 1
3.220866e-04 1
4.679505e-04 1
4.330741e-04 3
3.952142e-04 1
3.263936e-04 445
1.915822e-04 1
6.292439e-05 1
8.481114e-05 1
2.207581e-04 1
8.939407e-05 3
2.114896e-04 1
8.126710e-06 676
4.068892e-05 2
1.933395e-04 89
1.094467e-05 3
6.346747e-05 1
2.855524e-04 1
5.403212e-05 1
1.555984e-04 47
5.024608e-04 1
1.935232e-05 3
3.098256e-06 5
2.209024e-06 3
4.376428e-05 1
2.038981e-04 2
7.866697e-06 170
4.145506e-04 173
5.972658e-05 2
3.179688e-04 1
5.363476e-04 6
1.768291e-04 1
3.655939e-04 234
2.811231e-05 1
2.161095e-04 1
3.974063e-05 1
1.568091e-04 4
2.435029e-04 1
3.468998e-04 1
3.406977e-04 1
4.517722e-04 1
4.565851e-05 1
2.779907e-04 128
1.516598e-04 3
4.296829e-04 1
1.895124e-04 5
6.418188e-05 4
2.827909e-05 4
4.620455e-04 2
2.156422e-04 1
1.631526e-04 1
2.326370e-04 1715
1.226428e-04 7
1.512412e-04 6
6.488196e-05 1
2.745054e-04 451768
1.952975e-04 579
3.662338e-04 1
2.243959e-04 1
3.679408e-04 3
1.257002e-04 37206
1.396534e-03 3
1.772672e-04 1
2.700624e-05 228
2.630478e-04 7
1.481527e-04 1
3.889996e-04 1
1.306654e-05 4
1.871694e-05 2
9.935835e-05 1
4.811439e-05 1
3.328731e-04 468
2.207035e-05 1
7.417458e-05 3
1.292258e-04 6
5.185269e-04 1
1.846940e-05 1480
9.708414e-06 1
4.070886e-05 6
1.596055e-04 1
3.475038e-05 119
5.128043e-04 1
8.705604e-04 3
6.514488e-06 1
2.212596e-05 3
8.153564e-05 5
3.624581e-04 2
2.305354e-04 3
1.206785e-04 1
4.624651e-05 56
1.542388e-04 1
2.167434e-04 1
7.219448e-04 1
1.610546e-05 1
1.575413e-04 1
5.463370e-04 1
1.420599e-04 24
2.675319e-04 3
1.030652e-03 5
2.615385e-04 3
1.170964e-06 2
3.237761e-04 1
4.293146e-04 160
4.891863e-05 2
4.621000e-05 309
8.164380e-05 1
6.928269e-05 1
1.881455e-04 1
1.923874e-04 1665
1.820857e-04 1
9.076572e-05 1
4.950502e-04 53
1.786400e-04 1
9.159970e-04 1
6.240678e-04 1
4.051673e-05 1
2.012171e-04 24
2.017076e-04 1
2.530739e-04 5
6.716088e-05 1
1.189394e-04 1
2.896791e-04 2
5.665629e-04 1
4.724772e-05 1
4.584505e-04 2
5.098999e-04 3
7.912648e-05 1
5.896785e-04 1
1.392540e-04 1397
9.510981e-05 39083
8.569576e-06 1
9.486417e-05 2
2.307530e-04 1
1.151375e-04 3
1.832912e-04 219
4.333204e-05 1
7.386846e-04 2
2.816899e-04 3
3.694560e-04 118
1.893196e-04 1
2.772141e-04 1
5.890073e-05 3
3.897281e-05 2
7.904708e-04 1
2.656571e-04 7
9.670884e-05 5245
1.625712e-05 5
2.011797e-04 3
2.325730e-04 1
2.667127e-04 15359
2.654247e-04 7
7.190042e-05 1
4.811558e-05 1
8.809589e-05 1
1.718316e-04 167
8.583070e-05 1
9.869246e-05 1
1.963469e-04 2
3.238970e-05 152
4.029952e-04 1
4.895317e-05 3
2.140799e-04 1
1.305034e-04 3
3.997044e-04 1
4.422427e-05 1
1.222199e-04 1
7.617830e-05 61430
2.579738e-05 3
2.301117e-05 1
2.277702e-04 1
7.366041e-05 1242
3.389663e-04 1
1.535594e-05 1
1.840124e-04 101
1.105611e-05 1
4.031165e-06 2
7.674461e-05 3
3.801441e-04 496979
5.778184e-06 1
1.066428e-04 316893
1.914817e-04 7
6.627844e-04 494
1.662638e-04 1
1.262145e-03 1
2.996461e-04 2
1.279536e-04 1
1.322504e-04 1
8.705836e-05 1
4.980185e-04 1
1.186922e-04 2
4.538915e-04 3
5.239371e-05 1
4.235598e-04 1
2.639513e-05 1
3.711330e-04 1
1.215765e-04 1
4.682938e-04 1
6.226551e-04 1
4.377313e-04 3
2.435058e-04 7
9.925913e-06 1
2.323516e-04 3
5.634536e-04 1
1.075509e-04 1
1.449749e-04 1
1.671140e-04 232
1.345450e-04 1
4.578816e-05 1
1.130991e-04 1
1.646182e-03 7
5.627128e-04 1
1.391167e-04 1
3.992166e-04 2
1.303841e-04 1
6.656233e-04 234
4.127916e-04 579
3.855196e-05 1
1.201774e-03 173896
3.985581e-04 13201
3.131823e-04 187
3.795193e-04 7
2.549609e-04 1
2.431457e-04 3
3.241126e-04 1
4.875356e-05 1
7.315257e-05 1
3.428204e-04 140
4.074138e-04 1
5.155166e-04 4
2.996539e-04 3
2.376970e-04 1
1.274792e-04 241
4.610294e-05 7
4.515499e-04 4
6.050396e-04 24212
2.016464e-04 1
4.413033e-05 1756
7.060938e-04 325
3.065627e-05 5
1.975748e-05 1
3.623159e-04 7
1.918318e-04 1
1.780558e-04 7
3.164790e-05 1
5.271281e-04 1
3.473383e-04 114
1.251171e-04 1
8.390195e-05 3
8.281065e-04 1
5.886977e-05 1
4.394794e-04 1
3.105946e-04 1263
5.440920e-05 1
6.584938e-05 7
1.893030e-04 1
2.555255e-04 1
1.377169e-04 1
4.829556e-05 2
2.752033e-05 6
1.139133e-04 2
2.121433e-04 1
1.721424e-04 2
1.785466e-04 3
3.019900e-05 1
8.374266e-04 3
3.687792e-05 1
1.909002e-04 3
9.768722e-05 2
3.325691e-05 1
1.211415e-04 1
2.010606e-05 1
6.268739e-05 1
1.002130e-04 1
1.748881e-04 1
6.636166e-05 1
6.893797e-05 1
5.573911e-05 54516
1.891139e-04 2
2.890793e-07 1
3.294223e-05 1
1.221015e-05 1
2.410670e-05 1
2.432881e-05 2106
1.133337e-04 660
3.341644e-04 42718
9.648294e-05 32
1.511281e-04 7
1.496132e-04 1
6.335229e-05 3
3.904877e-05 1
6.014521e-04 1
5.439037e-05 1
2.242166e-04 245
2.612383e-04 4
5.759967e-04 1
1.483692e-04 654
5.996014e-04 1
3.124727e-04 246
7.706990e-05 1
3.664841e-04 4
6.219066e-06 19
6.479530e-04 10325
2.401530e-04 6
4.502180e-04 1
1.140916e-04 2
1.301078e-06 3
3.207127e-04 1
1.165888e-05 3
1.451169e-04 90
3.481327e-04 18
2.453751e-04 2
3.327379e-05 1
3.208002e-05 1
6.954187e-05 3
4.460475e-06 9
1.407229e-05 4
7.445273e-05 1
1.054036e-04 1
3.554897e-04 6
1.501735e-04 1885
1.942219e-04 2
5.684278e-04 1878
1.415800e-05 2
2.841825e-04 2075
1.120890e-04 205
1.105967e-04 6
1.309868e-04 5
9.549508e-04 1
1.843031e-04 3
2.621361e-04 1
5.320737e-05 4
1.373111e-05 5
6.373076e-04 1
2.979104e-05 7
3.547264e-04 5
3.388809e-04 1
4.568109e-04 2
2.321899e-04 3
3.080311e-04 1
2.224653e-04 2
8.893607e-05 1
5.815009e-04 510229
5.477387e-04 64142
5.225747e-04 6
8.412857e-04 2
2.662123e-04 1
1.057888e-04 1
3.686024e-04 436
1.110441e-04 1
2.409722e-04 3
9.401670e-04 2
6.391254e-04 344734
2.001936e-04 2
2.075308e-04 3
7.652291e-04 1
2.048486e-04 1
6.738480e-04 1
3.622230e-04 3
1.204949e-03 1
7.658075e-05 3
4.668164e-06 1
2.150965e-05 2
3.585503e-05 1
1.579494e-04 2
1.122730e-03 1
1.893122e-04 2
2.330827e-04 1
2.340434e-04 1
3.297290e-04 5
2.248769e-04 1
7.447244e-04 1
1.362029e-04 3
8.322182e-05 1
2.464439e-04 120
2.480780e-04 1
1.012948e-04 5
1.234507e-04 159
5.626155e-04 1
6.442030e-05 5
3.957824e-04 2
1.733931e-05 37143
7.013618e-07 3
8.227122e-06 1
3.619201e-05 1
2.560375e-04 1
2.314720e-05 1
1.505805e-04 1
2.916428e-04 7
2.959389e-06 434122
4.680137e-04 1
3.405088e-04 1
1.487471e-04 1
1.390106e-04 3
4.179963e-04 1
2.379295e-05 2
2.438295e-05 2
4.065892e-04 1
4.423692e-04 1
3.278511e-04 3
4.793136e-05 1
1.255515e-04 1
2.947492e-04 149
3.503139e-04 3
1.000667e-04 1
3.705039e-04 2
1.045616e-06 1
4.061320e-04 1
3.045402e-04 2
4.252551e-04 3
3.482447e-04 2
4.082236e-04 7
6.476929e-05 1
6.077261e-05 1
4.208672e-04 3
2.221527e-04 1
5.220280e-04 3
2.047512e-04 84
9.376395e-05 2
7.241246e-04 1
7.061847e-06 2
2.014181e-05 133
1.557780e-04 6
2.323903e-04 1341
4.265587e-05 1
5.909327e-04 2
3.682073e-06 1532
3.958960e-04 1
5.774293e-04 1
8.389833e-05 7
5.131266e-04 3
2.515612e-04 2
3.977613e-04 1208
1.542658e-04 3
1.570260e-04 1
4.664967e-05 2
2.813699e-05 1856
4.192219e-04 1
4.116350e-04 1
8.477198e-05 1
2.549251e-04 4
2.942911e-04 1
1.902181e-04 6
2.884331e-04 58
2.299150e-04 181
5.724194e-05 1
1.862532e-04 1
7.127843e-05 2
1.003176e-04 1
7.236469e-05 156
2.427613e-04 1
2.670744e-04 1
1.110506e-04 568612
1.465770e-05 1
1.741762e-04 5
9.948904e-05 3
6.836268e-05 6
1.567599e-04 1
8.225359e-05 1015
1.043483e-05 4
4.424019e-04 5
2.746156e-04 2
1.675733e-04 7
3.102826e-04 22
3.284156e-05 3
2.742101e-04 1
1.433499e-05 1
9.890679e-04 1
9.753767e-04 3
3.544076e-04 12131
4.286455e-04 1
1.567606e-04 56053
1.010717e-04 4
2.650655e-05 1
2.322193e-04 1
2.692384e-04 2
1.350041e-04 3
4.899331e-04 1
3.129742e-05 55
8.571692e-05 1
1.782265e-04 1
1.447233e-05 2
4.919794e-04 1
3.188411e-04 200
3.019792e-04 7
6.924933e-05 81
3.747475e-04 54656
4.579507e-05 229
7.428429e-04 2
1.259167e-04 24351
4.155141e-05 1
6.446227e-05 2
1.269763e-05 1
1.063622e-04 1
7.752533e-04 184
4.522297e-04 1
9.925685e-05 7
1.995389e-05 772
1.732392e-04 1454
8.725528e-05 1
1.255096e-04 2
1.483748e-03 1
2.137510e-04 374
2.871522e-04 1
5.528376e-06 3
4.033280e-04 4
1.856894e-04 18836
3.975844e-04 1
4.101755e-05 1
4.730921e-05 1
5.190015e-05 186
3.036870e-04 1
3.443830e-05 6
4.876205e-05 1
7.770400e-04 6
1.609627e-04 5
1.307876e-04 1
4.255252e-05 2
2.853514e-04 1
8.804686e-05 1
8.126547e-04 2
4.886134e-05 1
4.799713e-04 1
2.456067e-04 1
1.725653e-04 1
1.822815e-06 206809
6.418193e-05 2
3.723363e-05 1
1.205201e-05 2
3.312977e-05 1
1.899828e-04 1
1.514498e-04 7
1.494820e-04 1
3.678010e-04 5713
5.206361e-04 1
1.808845e-05 1
2.473335e-04 401905
5.568123e-05 6
2.094062e-04 7
1.239890e-06 2
1.375474e-04 1
4.258624e-04 1
3.679168e-05 146
1.511000e-04 7
1.646819e-05 1
1.141021e-04 1
4.057131e-05 7
2.348983e-05 1
9.551580e-05 145
4.709499e-04 1
1.254710e-03 4
1.182780e-04 1
9.205972e-04 619928
1.522804e-04 2
2.859588e-04 424069
3.684327e-04 1
2.344024e-04 1
4.663495e-04 1
4.181332e-04 3
1.250627e-04 1
7.529375e-05 2
5.708611e-04 1
3.189304e-04 1
7.341184e-06 1
8.151995e-06 2
1.365587e-03 251
6.636445e-04 4
1.876565e-04 1
6.545371e-05 2
2.724067e-05 1
9.341075e-05 1
1.703059e-04 1516
1.623835e-04 1
2.802125e-04 1
6.608221e-05 6
2.414928e-05 1
9.856109e-05 6
4.823574e-04 1
1.825920e-04 1
1.008766e-04 1
2.904982e-04 6
8.508182e-06 1
1.400564e-04 1
2.295734e-05 1
4.594225e-05 237
5.689861e-04 1
9.511891e-05 3
7.733379e-05 1
1.630704e-04 1
1.305950e-04 1332
5.051379e-04 1959
3.202665e-04 1
1.579820e-05 1
3.832050e-04 1
2.007443e-04 1
2.235912e-06 5
5.063906e-04 2
6.377179e-05 3
6.043200e-04 1
1.901763e-04 1
4.716289e-05 19496
6.785041e-04 1
6.000374e-06 1
2.825448e-04 1
1.278639e-04 1
2.487304e-04 5
2.441869e-04 1
8.861708e-04 1064
6.034311e-04 2
7.487393e-05 3
2.875413e-04 2
2.642224e-04 3
1.725658e-04 2
3.816612e-05 1
2.788931e-04 1
5.582028e-05 1
1.250780e-04 5
1.669346e-05 2
5.594524e-05 1
7.983312e-05 2
2.109181e-05 1
2.358433e-04 1
1.087080e-04 6
5.181908e-04 2
6.241572e-04 1
1.938259e-04 2
3.626867e-04 1
2.967177e-04 5
9.549493e-05 1
5.618595e-05 1
4.227688e-05 65791
9.180717e-05 3
4.018214e-05 16
2.054670e-04 895
1.148265e-04 1
1.941809e-04 823
3.096640e-04 156
7.790823e-05 1
3.429331e-04 56158
4.143885e-04 1
1.713326e-04 1
1.236205e-04 2
8.952987e-04 2
4.236280e-04 8
7.381943e-05 1
3.541053e-05 3
4.183021e-05 1
7.413073e-05 2
6.855760e-05 54068
6.766363e-04 1
2.994714e-05 1
1.664660e-04 1
7.038569e-05 1
6.369611e-05 2
2.832935e-04 3394
5.037988e-07 1
4.276256e-05 2
6.471588e-04 1
6.613841e-05 1
1.461059e-05 1377
1.514271e-04 3
2.632071e-04 1
2.360970e-05 486207
1.416004e-04 149
9.262568e-05 2014
3.294588e-04 1
8.661053e-05 5
2.453008e-04 1
8.232137e-05 180
3.264299e-04 7
2.638413e-04 1
6.676298e-05 1
7.101804e-05 2
9.219486e-05 1
3.924004e-05 2
6.971990e-05 1
1.204703e-04 1
4.432955e-04 1
5.608234e-05 3
1.512987e-04 2
3.912971e-04 1
8.554820e-05 2
1.946757e-04 1
3.304912e-04 2
3.002541e-05 1
9.418618e-04 1
3.611561e-04 1200
3.854350e-05 1
6.254950e-05 1
2.789217e-05 2038
1.387456e-04 1
9.292478e-05 1704
1.535237e-04 111
2.302493e-04 1
5.020999e-04 1
1.763181e-04 1
1.800080e-04 1
4.255071e-04 2
3.167283e-04 237
2.314127e-04 1
1.476624e-04 1
3.758321e-04 3
2.861184e-04 1
1.065241e-04 1
4.388414e-04 1
3.630287e-05 23
7.406842e-04 63358
3.608385e-04 92
1.496169e-04 1
1.941168e-04 6
4.272430e-05 2023
6.475304e-05 5
3.045198e-04 1
9.873264e-07 3
4.723087e-04 2
8.067310e-05 2
2.174107e-04 2
3.738009e-04 1
2.069824e-05 22
2.954473e-05 2099
1.327925e-04 1
3.706395e-04 4
2.162036e-04 166
1.163869e-04 1
1.371229e-04 5
1.289529e-05 1
1.480887e-04 1
3.091114e-04 121
2.297147e-05 14321
3.365093e-04 6
1.339704e-05 847
1.636883e-04 4
6.513240e-04 1
4.543585e-05 3
4.189226e-04 1
4.244720e-04 2
3.680818e-04 461
1.316787e-04 1849
8.864153e-04 1
4.024058e-04 1
1.397123e-04 2
1.738988e-04 1
7.369718e-04 65045
6.194571e-04 1
1.779572e-04 1
4.852036e-04 1
6.250103e-05 1
4.212643e-04 1
9.407687e-04 2228
2.854042e-05 20
3.681968e-04 1
9.311150e-06 1339
6.002181e-04 1
2.484647e-05 1
1.595740e-04 6833
4.021076e-05 1
4.972474e-05 1
6.201902e-04 1
8.500354e-05 1
2.639546e-04 3
6.382673e-04 151
3.811772e-04 2
3.313010e-05 2
1.088397e-05 21
5.439882e-05 1
6.412151e-05 1
9.795330e-06 1
2.690666e-04 1
2.659056e-04 1
3.516749e-04 3
5.576258e-05 1
2.434868e-04 31615
2.928172e-05 1361
2.142109e-04 1
4.232109e-04 1
5.633884e-04 6
3.089681e-04 1
9.327942e-04 3
7.788881e-04 3
2.169507e-04 6
1.119026e-05 1
3.550812e-05 2100
2.076925e-04 5
9.503710e-05 27994
5.013115e-05 1
2.356363e-04 1
1.591349e-04 1
1.805039e-04 1
4.357842e-04 1
3.561542e-04 7
6.670893e-05 1
3.004997e-04 7
4.350134e-05 513726
1.312860e-04 6
2.605262e-04 24329
4.222080e-06 1
1.929279e-05 2
7.690749e-05 38791
3.033593e-04 2
7.099317e-05 1
2.447122e-04 1
6.640276e-04 1
6.223725e-05 232
9.179738e-05 1
1.247138e-04 3
4.630686e-04 11
2.443137e-04 1
3.989309e-04 3
2.757669e-04 5
2.065945e-04 7
4.764969e-04 3
1.610561e-04 7
3.601640e-04 3
1.563355e-04 3
1.199904e-04 1
1.684549e-04 2
2.358026e-04 1
2.490792e-04 1
7.244975e-04 6
3.255751e-05 3
3.772091e-04 1
2.689997e-04 1
6.595148e-05 2
3.006551e-04 2
1.280415e-04 1
1.094510e-04 157
5.616651e-05 1
1.538788e-04 3
1.288498e-05 3
1.932441e-05 1
1.873217e-04 2
2.613795e-04 1
2.114084e-05 1
4.494552e-04 1
1.861817e-04 2
4.152621e-05 1
6.104925e-05 1
2.900381e-04 1
2.195550e-04 200
6.272792e-04 2
4.489253e-06 32579
3.927533e-05 1
1.557364e-04 1
3.256774e-04 1
2.941243e-04 1
2.796447e-04 55134
1.208427e-04 5
1.667899e-04 6
3.033249e-05 1
2.365886e-05 1
2.551103e-04 4
2.172541e-04 206
3.405130e-05 2
1.097635e-04 2
1.570905e-04 6
5.526995e-04 1
2.492903e-05 1
1.081392e-04 1
4.218769e-04 22
2.861967e-05 2
7.382702e-04 5
2.120801e-04 1321
6.086719e-05 1
3.704824e-04 1
3.663045e-05 1
1.244541e-04 3
3.393795e-04 14
5.258413e-04 1
1.781133e-04 202
3.544505e-05 7
2.519838e-05 96
1.691898e-04 4
4.616392e-06 3
2.467184e-04 1
9.585675e-05 1
1.067732e-04 1
1.525811e-04 1
9.150394e-05 3
5.334914e-04 2
2.790366e-04 1
1.187497e-05 1
4.006973e-04 2
7.954326e-04 2
1.567483e-04 1
4.680419e-04 2
3.153684e-04 1
1.792296e-04 1
3.639245e-04 1
5.461040e-05 3
5.624537e-05 1892
3.576944e-04 1
2.764981e-04 1
1.629286e-04 1
3.199237e-04 1
8.844314e-05 3
6.528099e-04 7
6.296665e-05 1
2.080098e-04 1
2.072877e-04 1644
3.416000e-05 3
4.987171e-05 7
3.453155e-04 1
4.477429e-04 6
7.672533e-04 7
6.205999e-05 2
1.012613e-04 1
6.104492e-05 1
2.096058e-04 1
4.634882e-05 3
6.323559e-05 1
2.537042e-06 1
4.831169e-04 3
1.124956e-04 1
3.941820e-04 1
1.072358e-03 1
1.526279e-05 1
9.346641e-05 1
3.622370e-04 1
2.242940e-04 1
1.697657e-04 1
6.607532e-04 6
3.743037e-05 1
2.282998e-04 1828
9.158981e-04 2
7.196504e-04 1
2.675379e-04 2
2.718297e-05 2
2.403996e-05 1
2.088747e-04 1
4.104237e-06 3
1.652833e-04 1
1.456864e-04 1
6.737917e-05 3
9.545377e-04 1
6.527008e-05 3
8.294128e-05 7
9.883231e-07 1
3.580637e-05 1
1.561893e-04 1
1.570621e-05 2
3.158260e-04 2
2.195484e-04 1
4.469208e-06 1
1.135312e-05 1
2.607627e-05 1
4.088649e-04 2
3.253108e-04 2
1.990546e-05 108
2.369422e-04 1
5.783441e-04 2
5.580106e-04 202
7.445024e-04 1
3.586615e-04 1
9.934949e-05 160
2.063664e-04 6
4.732611e-04 2
1.899044e-05 1
4.899127e-05 3
1.810434e-04 2057
1.708025e-04 1
5.116741e-04 1
2.631758e-05 2
1.705986e-04 1
1.453684e-05 6
3.811296e-05 1
1.874506e-04 1
1.359865e-04 2
3.389813e-04 4
6.641919e-04 114
2.662012e-04 1
5.628528e-05 1
3.480409e-05 1843
6.135676e-04 1
2.934255e-05 204
2.933995e-04 1
3.578707e-04 3
1.846031e-04 3
1.332055e-04 5127
4.506017e-04 2
1.707489e-04 1
1.648538e-03 65
9.584873e-04 56748
5.713225e-04 2
1.633853e-04 4
6.197798e-05 1
2.057905e-04 2
1.083894e-05 1
8.803738e-05 1543
7.694614e-04 1
3.527269e-05 1
4.564419e-06 147
5.543458e-06 1
3.799203e-04 1
1.283512e-05 1
8.139779e-04 3
1.211330e-03 1
8.911887e-05 2
1.092224e-04 216
9.803640e-05 1
2.272495e-04 1
2.509141e-04 67
1.520098e-04 7
4.782475e-04 3
8.941648e-05 1
4.606081e-04 1
3.118974e-05 262
7.732066e-05 1
1.798566e-05 2
2.226473e-05 1
4.997181e-04 3
9.720014e-05 3
1.991998e-04 1
4.631538e-04 3
3.908467e-04 3
1.527107e-04 6
6.221947e-05 1
4.793719e-06 2
3.211495e-04 2
4.364059e-04 1
4.975743e-04 1
2.099361e-04 1
2.462678e-04 1
1.901946e-04 242
8.489046e-04 2
6.068106e-06 1
4.743643e-04 6
2.648515e-04 1
3.237004e-04 1525
4.323310e-04 1
3.015303e-06 7
9.242268e-05 1
4.878519e-05 1
3.422445e-04 1
3.995567e-05 1
2.220099e-04 1
1.432317e-04 35699
1.894474e-04 1
9.588115e-05 1
1.168609e-04 691
3.939094e-04 38
1.742714e-04 1
5.909718e-04 3
1.043566e-04 1
7.373691e-04 6
7.360753e-05 1
3.572673e-04 46178
9.320272e-06 2
1.357482e-04 193
4.270747e-04 4
5.963864e-04 1
1.247468e-04 1
4.604663e-05 1
3.258587e-05 1
6.527118e-05 4
5.663113e-05 2
1.786961e-04 1
3.518217e-04 1
5.873500e-04 1230
6.240211e-04 3
1.546508e-05 2
1.403476e-04 2
4.737120e-04 24
5.739007e-05 2
3.308142e-04 1
4.631662e-04 159
1.781532e-04 1
3.331810e-04 1
1.393038e-05 2
4.559352e-05 1
1.896089e-04 1
1.057945e-05 1
1.877243e-04 1
5.797333e-05 48485
3.210691e-04 1
1.680177e-05 6
3.559573e-05 3
6.477945e-04 1110
1.762856e-04 357208
1.313829e-04 5
1.791122e-04 1
5.448213e-04 3
1.886985e-04 5
4.398239e-04 1
6.851067e-04 1
3.488755e-04 3
2.042793e-05 1
2.085700e-04 1
6.328429e-05 6
3.244483e-04 1
2.771125e-06 1
2.700405e-04 45033
1.947881e-05 1
1.263386e-04 1
4.476607e-05 122
8.984537e-05 1
3.501804e-05 1
1.097980e-04 2
1.151175e-04 184
1.494006e-04 1
2.697968e-04 1
1.464193e-04 1
2.262671e-04 2
6.416357e-05 6346
2.359029e-04 1
1.056345e-05 7
2.487380e-04 1
7.002363e-04 258
2.577112e-04 3
1.408734e-04 1
2.094414e-05 1
2.106404e-04 1
5.297908e-04 3
2.497920e-04 4
1.685482e-05 1
3.599197e-04 375185
1.998925e-04 1
1.811662e-04 10904
2.437983e-04 2
9.590974e-05 29
7.421671e-04 1
5.597057e-05 3
1.875996e-05 1
5.039478e-05 1
3.628984e-05 2079
1.077440e-04 1
4.153516e-04 114
1.470027e-05 1
2.383761e-05 69
4.580103e-05 2
1.814467e-04 1
4.260519e-04 1
1.658057e-05 2
1.422561e-04 6
3.815044e-04 23413
1.004890e-04 1
2.443655e-04 1
1.985051e-04 155
9.404741e-05 381944
1.413561e-05 1
6.894880e-04 2
1.610878e-04 1
4.274222e-04 35
2.285403e-04 1
4.260743e-05 1
2.593008e-06 132
1.116536e-05 1
1.007876e-05 1
1.058336e-04 5
4.692211e-05 44616
5.142090e-04 5
4.998276e-05 8068
9.137736e-05 1
1.500923e-04 7
1.672941e-04 1
3.432832e-04 6
2.084029e-04 3
2.185337e-04 7
3.331250e-04 1
2.258107e-04 1
4.184244e-04 2
1.672191e-04 1
1.272565e-04 2
1.488308e-04 1
8.683283e-05 166
2.436879e-04 3
3.117212e-04 3
3.025793e-04 6
3.069816e-04 158
6.102074e-07 1
1.235655e-04 2
4.447081e-04 291
1.896127e-04 3
3.453373e-05 6
4.532990e-04 1
1.987299e-04 1
9.505571e-05 1
3.181613e-04 1
5.181092e-04 1
5.492332e-05 2
2.179234e-04 1
6.828320e-04 1
5.849122e-04 486
4.846676e-05 2
3.839530e-05 1
4.875098e-05 1
1.258918e-04 3
7.906600e-05 5
1.668834e-05 35
2.274486e-04 262
1.080997e-05 4
9.830805e-05 1
7.280310e-05 1
9.645604e-05 1
3.036502e-04 1
9.238915e-05 1
6.125192e-04 1
5.420304e-05 2
1.526929e-05 1
3.679741e-04 4
9.823178e-04 1
2.901085e-05 2
4.064306e-04 1
1.224836e-04 574
1.039433e-04 1
3.733959e-04 1
3.782869e-05 76
6.213080e-05 3
2.642768e-04 1
2.750455e-06 1
3.417682e-04 1
9.283996e-05 1453
1.538980e-04 1
1.004960e-04 2
7.313630e-04 103063
1.259223e-04 3
6.094008e-04 3
6.630771e-04 1
4.701914e-05 3
1.800445e-04 1
7.217699e-05 1
2.720043e-04 186
1.275730e-04 2
1.553424e-04 1
1.589556e-04 2
7.783714e-06 246
1.401542e-04 1
1.797519e-04 1
2.768135e-04 1
3.161690e-04 4
3.489671e-04 1
5.276236e-04 261
8.502011e-05 47
2.834738e-05 2
8.583646e-04 33011
3.423313e-05 7
7.019261e-05 3
9.143177e-05 1
1.946378e-04 1
2.127774e-04 39974
4.483518e-04 2
6.499839e-05 1
1.333367e-05 1
1.688269e-04 3
5.779036e-04 2
4.459501e-05 1
2.410190e-04 6
1.560434e-04 136
1.090906e-04 1
2.077755e-04 1
1.201668e-04 1
1.530246e-04 171
6.010414e-05 1
3.015511e-04 3
4.912606e-04 3
4.826786e-04 1
2.911126e-04 3
3.134102e-05 1
8.075626e-06 1
7.382929e-05 7
4.010698e-04 4
3.180443e-04 1
3.354204e-06 1
1.069063e-03 96
1.027950e-04 1
6.852816e-05 3
1.582830e-04 146
2.608192e-04 7
1.344829e-04 6
2.165006e-04 778
4.151142e-04 3
1.539891e-04 1
1.545929e-04 1
4.521834e-05 3
4.709452e-05 3
1.250812e-03 1
3.990896e-05 1
7.813836e-05 2
3.288158e-04 1
2.455993e-04 7
1.487659e-04 7
1.167712e-04 1
1.757242e-04 5
2.723276e-04 1
2.590035e-04 4
9.304724e-05 3
2.074078e-04 1
2.513292e-05 1
2.120984e-04 3
6.827359e-05 835
6.098911e-04 1
1.501023e-04 1
3.965106e-05 1
6.171899e-04 6
6.988007e-05 3
1.344979e-04 3
1.067672e-04 148
1.153168e-04 3
7.843681e-05 5
4.813984e-04 1
2.031409e-04 1
1.081519e-04 1
2.498971e-05 1
8.161736e-05 1
1.679088e-04 1
1.015209e-03 2
4.188324e-05 1656
7.868579e-05 54872
7.146522e-05 1
2.958002e-04 1
2.673651e-04 3
8.640142e-05 1
2.058101e-04 2
2.201022e-04 1
6.518513e-05 1
2.699428e-04 1
7.729534e-05 1
1.474187e-04 2
6.848041e-06 1
4.939339e-05 1
4.280800e-04 1693
3.750662e-04 1
2.441393e-04 6
1.259348e-04 3
5.239767e-05 4
5.352105e-05 3
7.579351e-04 1
4.138155e-04 1
2.246385e-04 1
8.791173e-05 7
3.418281e-04 6734
4.040545e-05 1
9.406191e-05 1
7.559736e-06 1
1.865682e-04 148
7.563923e-06 1
3.193942e-04 1
1.799325e-05 118
1.564105e-04 1664
1.049615e-04 1
4.718778e-05 257
3.339437e-04 5
7.021257e-05 1
6.334612e-05 35734
1.180831e-03 1
3.496236e-04 6
1.385793e-04 5
1.409531e-07 750
1.083647e-04 449
6.255576e-05 1
5.021164e-04 1
9.443133e-05 1
1.439500e-04 1
1.904415e-04 1
1.465681e-04 46431
1.492050e-04 1
1.591775e-06 139
1.698434e-04 1
2.066147e-06 1
2.091252e-04 5
2.585957e-04 1
2.726531e-05 3
9.305664e-05 1
7.131541e-05 1
1.873436e-05 1
8.926300e-04 53133
7.881672e-04 15013
6.129671e-05 3
4.021479e-04 60
2.522449e-05 1
1.915250e-04 1
3.731764e-04 3
3.513532e-04 1
6.769574e-05 5
1.971858e-04 1
1.710780e-04 79
6.781967e-04 1
1.635286e-04 3
8.078190e-05 2
5.758549e-06 1
1.392565e-04 7
2.936123e-04 1
4.979655e-04 1
1.719004e-04 2
3.276992e-04 58908
1.134043e-04 229
1.997166e-04 7
1.680821e-04 3
2.916279e-04 6
1.043004e-04 52
1.612405e-04 2
1.264868e-05 1
1.074717e-03 263
3.918823e-04 1
2.257366e-05 1
6.674659e-05 320120
5.813181e-04 74
1.052941e-04 1
2.251478e-04 15
2.795676e-05 2
7.377886e-05 1
2.731427e-04 3
5.923754e-05 1
3.318019e-04 1
6.165104e-05 1
7.526309e-05 1
4.260693e-05 2
7.930428e-05 1758
3.777031e-04 25384
4.091442e-04 1
4.157156e-05 6
1.512326e-04 1
2.934710e-04 3
4.014169e-05 2
2.062584e-06 1
2.653438e-05 2
2.537166e-04 2088
2.337077e-07 1
2.652194e-05 1
6.135998e-05 3
4.082527e-04 1
3.807911e-04 2
2.586827e-06 356039
1.351720e-04 1
7.412309e-05 2
1.741908e-04 3
5.079169e-05 1
2.312122e-04 2
1.465758e-04 7
1.586845e-05 2
2.179499e-05 2
1.670141e-04 963
8.301079e-04 1
8.358392e-06 1
6.848396e-06 5
1.906273e-05 1
6.418048e-05 3
2.242026e-04 1
2.613502e-04 1
6.376377e-04 3
2.629793e-04 3
5.966576e-05 1
1.788812e-05 1
2.297569e-04 1
1.549704e-04 1
3.723532e-04 42312
1.025822e-04 3
5.012580e-04 4
1.122790e-04 2
1.155218e-03 102
5.616065e-04 1
4.235025e-04 213
3.195688e-05 1
2.894181e-04 3
7.073442e-05 1
3.658253e-04 1
2.550231e-05 1
1.719303e-04 1
1.642879e-04 1
1.516195e-04 1
4.408517e-06 1
6.064509e-04 1
3.228237e-04 3
4.154821e-05 44
1.409660e-04 36623
2.202505e-05 2
6.510394e-05 3
7.637225e-05 3
6.052509e-04 1
3.746159e-05 1
2.156454e-05 1
9.592398e-05 3
3.062461e-04 1404
2.555368e-04 172
4.572588e-04 2
1.106442e-05 3
1.397486e-04 1
5.651738e-05 2
5.025767e-04 3
3.726702e-04 1
1.032862e-04 1
2.817468e-04 1
1.281782e-04 3
3.286693e-04 7
3.939207e-04 1
2.934648e-04 1
4.873690e-04 1
3.720016e-04 2
2.467687e-04 1
3.191754e-05 7
1.229412e-04 1
9.242312e-06 1
8.268257e-04 211
3.721088e-04 2
1.630847e-04 1
9.108717e-04 3
2.486080e-04 1
5.950489e-04 7
3.105941e-05 3
1.297862e-04 1
5.788818e-05 1
1.784745e-04 1
2.538135e-05 1
8.091422e-04 3
4.755180e-05 1
4.042340e-04 1
5.776579e-05 9
3.086716e-04 3
6.601885e-07 764
5.240505e-04 1
3.072087e-04 3
4.341487e-05 2
2.005927e-04 2
1.051362e-04 1
1.085466e-04 18
8.240931e-04 1
1.344090e-04 1
1.261329e-04 5
3.902009e-04 616
5.800475e-05 1
5.241820e-06 1
4.090562e-05 1
1.233174e-05 1
1.384535e-04 2
3.254055e-04 219
2.074097e-04 1
5.420225e-04 1149
2.374379e-05 1
2.751846e-04 1
7.359586e-05 1
7.949165e-04 1
1.019746e-04 5
5.933497e-05 3
1.237010e-04 2
1.662769e-04 1
6.449063e-05 1
2.767175e-05 1
4.419622e-04 4
5.088850e-04 7
2.865070e-05 3
5.341493e-04 1
2.113640e-05 1
2.314974e-04 1
1.736573e-05 1
4.091371e-05 1
2.673073e-05 2
6.705265e-05 1
7.877079e-05 1
5.468451e-05 2
2.113017e-04 1
6.940581e-04 1
3.893307e-04 1
5.966603e-05 1
1.005582e-04 1
2.349362e-04 1
9.345623e-05 3
2.027260e-04 1
3.220884e-05 1
3.858138e-05 2
2.203550e-04 1
4.677904e-04 830
1.634232e-04 1769
1.209640e-05 3
2.032758e-04 4
5.345918e-04 3
4.675343e-05 123
2.494411e-04 4
1.042238e-04 2
4.364842e-04 1
5.791279e-05 63
3.335967e-04 1
5.149005e-04 1
2.205791e-04 2
5.688149e-07 1
1.401085e-04 1
7.014197e-05 1
1.171504e-04 387
3.499826e-04 1
9.414712e-05 2
1.059859e-04 35
6.855996e-05 1
5.263103e-05 1889
9.818559e-05 1
1.291222e-03 1
3.554251e-06 430972
1.299162e-04 1
8.570512e-05 1
6.524347e-04 5
3.775256e-04 48901
1.353480e-04 1
4.140657e-04 1
3.014971e-05 1
3.300931e-04 2
2.841912e-05 2
3.759601e-04 1
3.249589e-04 1
1.128419e-03 1
2.890369e-05 7
1.431653e-04 98
1.965835e-04 47
7.193219e-06 1
7.114498e-04 1
4.584740e-04 1
1.232330e-04 1
5.360740e-04 5
1.160894e-04 1
4.814598e-06 143
5.373820e-04 133
1.065949e-03 1
7.966334e-05 1
1.112115e-04 158
7.105525e-06 3
9.279762e-05 3
2.715940e-04 2
1.286054e-04 1
4.635430e-04 1
1.376687e-04 1
2.505379e-05 1
1.940162e-04 1
3.092560e-05 3
4.016509e-04 4
1.203252e-04 40
4.078114e-04 1
4.610518e-04 1
2.517344e-05 1
4.695992e-04 42
5.116451e-04 3
7.285402e-05 1772
1.380463e-04 162
3.011740e-04 2821
1.538160e-04 1
1.513678e-04 9136
3.611345e-04 1
3.367857e-05 78
5.210649e-04 1
1.653717e-04 2
4.454139e-04 1
5.939691e-05 100
7.112549e-05 2
1.076647e-04 1
3.200474e-05 1
2.950510e-04 1
2.406145e-04 5
1.847051e-04 1
1.467675e-04 3
2.359396e-04 1
1.264438e-04 111
3.610503e-05 7
3.303387e-04 2
1.056552e-04 6
1.257421e-04 193
6.201449e-05 1
4.758199e-04 1
2.703776e-05 1
2.093386e-04 99
6.526225e-04 1
2.649710e-05 595799
1.894264e-04 1
1.067132e-04 6
1.391069e-04 1
1.952442e-04 1
5.292906e-06 1
6.399978e-04 3
4.260444e-05 160
4.786572e-04 1
1.479216e-04 1
3.316274e-04 1
1.073441e-03 3
1.667868e-05 3
2.457082e-04 6
5.100671e-05 1
5.989783e-04 3
1.573527e-04 3
9.971001e-05 1
2.493934e-05 662
1.320951e-04 1
4.211821e-05 2
6.763631e-04 2
1.986689e-05 1
1.690917e-04 1
1.181162e-04 3
2.718647e-04 1
4.762878e-04 2
2.404532e-04 1
1.284243e-04 1
1.069960e-04 2
1.390609e-04 1
1.576968e-04 1
4.600478e-04 3
3.170961e-04 732
1.582016e-04 2
5.119278e-05 56
4.409748e-05 6
4.195052e-05 1
1.757171e-04 1
2.051664e-04 1
1.322080e-04 1
6.840025e-05 1
3.744570e-05 1
3.673707e-05 2
2.366906e-04 1
5.922089e-05 251
4.586617e-04 1
5.681505e-04 1
5.804969e-05 3
7.276842e-04 1
1.354649e-04 55
2.181595e-04 1
3.477893e-04 19
2.887892e-05 1
5.599545e-04 1
2.416071e-04 4
2.657066e-04 3
1.294599e-04 295
5.320187e-05 1
1.360657e-04 1
3.587167e-05 1
2.255987e-04 1
1.336449e-04 1064
4.079172e-04 7459
2.653609e-04 1
2.528048e-05 1
1.997300e-04 3
1.528877e-04 1
2.203056e-05 1
4.795898e-05 1
1.515939e-05 1
5.100288e-05 2
6.119420e-05 1
1.529452e-04 759
1.538529e-04 34
3.050269e-04 2
9.642717e-05 1
8.415598e-05 1
5.034709e-05 1
6.537060e-05 2
9.336966e-05 1
6.308047e-06 43733
7.421180e-05 1
1.419823e-04 1
9.730441e-06 1
2.040754e-04 1
1.678589e-04 57647
5.208305e-05 20038
4.940071e-04 1
7.768180e-04 48232
3.764715e-04 3
7.116821e-04 1
1.987614e-04 1
5.550902e-04 1
8.834511e-05 108582
9.330636e-06 1
4.517831e-05 1
2.091843e-04 1
9.536114e-05 2
4.949406e-04 3
1.793370e-04 1
7.564388e-05 1
4.734378e-04 1
4.390360e-05 1
7.321308e-05 1
3.156722e-04 2
1.293334e-04 1
7.482460e-04 3
1.518640e-04 41217
2.204273e-05 1
2.583960e-05 1
2.862030e-05 3
1.459522e-04 1
1.226648e-05 149
2.486175e-04 24858
5.126346e-04 1
6.616481e-05 1
1.737294e-04 1
1.320189e-04 1
2.239822e-04 1
1.901469e-04 1
4.025595e-06 2
6.554832e-05 3
1.406775e-04 241
5.187560e-04 1
7.672180e-07 6
1.245980e-04 1
1.181828e-03 1
1.221794e-04 1
3.271889e-05 1
6.922450e-04 1
4.788067e-04 1
4.043979e-04 3
7.186669e-04 1
9.591287e-05 1
1.395212e-04 1
2.916894e-05 1
3.547912e-04 1
2.134878e-04 3
1.662401e-04 1
7.044127e-05 3
4.457553e-04 1
3.999087e-04 3
5.874624e-04 6
1.490840e-04 2
1.812053e-04 5
2.841745e-04 1
1.865319e-04 2
4.700383e-04 758
5.220647e-05 1
8.842518e-06 1
1.058282e-04 1
1.822910e-06 1
1.122115e-04 1
2.138765e-04 2
2.843059e-04 1
1.509476e-04 1
9.204328e-06 1
1.618199e-04 3
3.768286e-04 569
1.398002e-04 1
3.973492e-05 3
6.043237e-05 1
1.020392e-04 262
2.098980e-05 1
3.746842e-04 2
1.374729e-04 130
5.373670e-05 1
3.008485e-05 1
2.716696e-04 4
8.882752e-05 629714
2.277297e-04 3
9.766924e-04 1
2.633320e-04 2
1.381212e-05 23
1.630495e-04 2
1.944803e-04 1
7.611069e-04 4
2.204017e-04 2
3.800255e-04 6
3.156462e-04 1
1.159369e-04 1
2.021359e-04 6
3.438723e-04 1
7.988959e-04 1
1.398649e-04 1
1.073428e-04 7
3.199580e-05 1
1.642334e-04 5
2.307809e-04 1
3.365002e-04 1
1.323393e-05 2
1.092591e-04 1
1.186593e-04 1
2.857308e-04 24
4.736096e-04 1436
2.400779e-05 352784
7.266987e-05 1
6.305148e-05 129
6.438963e-05 2
8.980068e-05 1
1.147434e-04 1
3.444325e-05 3
6.138084e-05 1
4.910077e-05 1
1.759852e-04 1
4.117444e-04 1
9.382850e-05 126
7.240319e-04 1
6.256149e-05 1
5.051584e-04 1
1.290650e-04 264
1.540335e-05 1
2.327594e-04 1
4.855856e-05 1
3.179987e-04 1
1.699530e-05 2
3.297684e-04 1
3.323651e-04 3
2.425784e-04 1
1.872507e-04 1
2.563425e-05 1
5.143013e-05 2
2.238776e-04 3
1.653271e-04 1
1.846210e-05 167
1.483867e-05 1
5.568843e-06 1
2.166764e-04 2
2.060098e-05 4
1.503160e-04 1
9.338554e-05 1
6.330682e-05 1
9.464808e-04 3
1.668153e-04 1
1.492274e-04 502783
5.485390e-05 38393
2.682757e-04 3
3.063259e-04 1
6.559508e-05 1
2.522392e-04 1
5.278560e-04 1889
1.794473e-04 1
3.650604e-04 40554
6.680126e-04 292002
2.058959e-04 1777
8.277792e-05 109
1.749937e-04 1
4.700453e-05 1
2.961488e-05 51
3.942177e-04 1
6.361334e-05 1
2.478259e-04 10
2.766507e-04 3
2.094961e-04 1
1.160856e-04 1591
7.645381e-05 1
2.965026e-04 1
1.680626e-05 4
4.553414e-05 1
1.191287e-03 6620
6.584293e-05 1
1.248181e-05 1
1.029579e-04 2
2.801160e-04 1
1.231073e-04 1
3.168668e-04 1
4.020512e-04 1
4.440771e-04 44927
2.345829e-04 3
2.149825e-06 2
2.248255e-04 5
7.666276e-05 1
3.582166e-05 1511
2.393924e-04 78
2.810213e-04 1
4.212252e-05 1
2.244341e-04 1115
1.954614e-04 214
2.203065e-04 2
4.300571e-04 9
1.057848e-04 167
3.494721e-05 3
2.044939e-04 462
1.313613e-04 38866
2.773778e-05 1
5.046611e-04 1
6.922768e-05 1
2.851839e-04 2
6.393395e-04 1
3.640119e-04 1
5.144331e-05 1
5.713427e-04 3
1.035879e-04 2
1.038343e-05 5
3.871428e-05 1
1.996244e-05 1
1.452673e-04 1
1.933116e-04 2
4.836851e-05 1
1.451508e-04 4
4.884445e-04 7
3.995740e-05 233
2.073892e-04 1
7.277922e-05 207
6.215652e-05 1236
5.027914e-04 242
1.061302e-04 1
3.989695e-05 1
3.431419e-04 36
2.199961e-05 1
1.154867e-05 2
1.441609e-04 1
2.145916e-04 139
1.484203e-04 1
4.322027e-04 1
6.920664e-04 1
7.063285e-04 3
5.932807e-06 1
7.918479e-05 570263
5.031525e-04 959
2.141852e-04 1
2.142774e-04 1
2.015254e-04 356
9.721995e-05 1
3.646455e-05 3
1.144054e-04 1
1.074751e-04 7
3.933217e-05 5
1.531118e-04 1
7.819299e-05 1
2.274977e-04 159
2.078606e-05 1
8.185267e-04 1
4.137726e-04 2
1.215600e-04 2
5.055868e-04 1
6.934192e-04 227
3.348286e-04 6
8.662551e-06 2
4.261784e-04 62326
6.725101e-04 2
4.113084e-04 1
8.037824e-05 1
1.482770e-04 1
1.858610e-04 35393
2.195663e-04 1
1.574173e-06 5
6.386074e-04 76
3.773409e-04 31925
4.114012e-04 1
8.760499e-05 1
6.905138e-05 1757
2.901103e-04 1
5.552088e-04 1
6.236003e-05 1
4.410649e-06 103
3.044251e-05 1
2.915496e-04 201
2.283883e-04 4
1.794193e-04 2
8.214886e-06 1
7.361163e-05 722
1.179190e-04 1
7.980451e-05 2
9.950358e-05 1
1.749399e-04 1
1.650642e-04 1
1.151895e-04 2
2.343580e-04 182
2.959439e-04 1
1.557284e-04 55
4.658561e-04 52948
4.603435e-05 1
7.968615e-05 1
1.601653e-04 130
1.493905e-04 1
5.402363e-05 1
8.506368e-04 1
2.993007e-04 1
4.042675e-04 5
2.081768e-05 1
3.218421e-05 1
8.306464e-05 1
1.507480e-04 1
7.787483e-04 1
1.876692e-05 5
6.970330e-04 1
1.000015e-03 3
2.989383e-04 61253
1.365446e-04 5
2.573923e-04 1
2.153038e-04 1
1.420928e-04 1
3.444059e-04 1
1.097627e-04 1
8.729009e-04 40
1.241395e-06 1
3.205674e-06 1
2.048358e-04 1220
1.470845e-04 1
3.246239e-05 3
5.872352e-06 43
5.916537e-04 1
5.110084e-04 4
1.912939e-04 3
2.067068e-04 1
1.181555e-06 1
5.034169e-04 139
2.186361e-04 5
2.587553e-04 2
1.836805e-04 1
2.371904e-04 4
3.345472e-05 1
6.008107e-05 3
2.768283e-05 125
6.360685e-06 5
5.608204e-04 1
2.248403e-04 204
3.276369e-04 3
3.371981e-04 1
2.132363e-04 204
8.416232e-04 1
3.200345e-05 1
2.163927e-05 9096
3.069618e-04 1
1.290696e-04 7
2.995430e-04 1
5.666233e-05 1
4.655127e-04 1
3.306913e-05 1
4.876445e-04 4
2.418063e-04 2
1.009639e-06 1
3.121539e-04 1
2.626347e-04 3
2.151021e-04 182
1.260685e-05 69
6.853093e-04 1
1.876943e-04 2
5.753320e-04 185
3.310599e-04 1
4.577140e-04 7
8.689453e-05 669
7.989438e-05 2
3.195977e-04 5
3.058355e-05 1
4.865746e-05 6
1.226158e-04 2
1.194959e-05 2
7.504507e-05 1
2.234152e-04 4
2.226426e-04 1
3.486241e-04 1
5.419651e-05 1
9.011156e-05 2
3.733271e-05 1
3.199644e-04 1
9.716651e-05 1
9.379620e-05 53707
3.617337e-05 3
7.799265e-05 3
3.510660e-04 1
2.828454e-04 3
3.233062e-04 3
8.855974e-04 1
1.890892e-05 2
7.074975e-05 1
5.141224e-04 469183
1.578773e-05 86
1.415783e-04 1
2.678719e-05 1
2.226900e-04 1
7.002482e-05 1
1.541705e-05 1
4.831799e-04 17589
3.485026e-05 3
3.493793e-05 3
6.230096e-05 2
1.952210e-05 599
1.150315e-04 1
2.213322e-04 189
3.477553e-04 6
2.605732e-04 1
4.078036e-04 3
1.243119e-04 1
5.770513e-05 5
7.768084e-04 1
1.842289e-05 5
3.256917e-05 7
1.585601e-04 1
5.405304e-04 1
2.375835e-04 3
8.231219e-05 1
2.339652e-04 2
1.076709e-04 1
3.991038e-04 2
1.256796e-04 1
6.070034e-04 1
4.372250e-05 1
5.900670e-04 52
4.298633e-04 439
4.935859e-05 3
5.040946e-05 3
1.036992e-04 1
7.952916e-04 1
3.833366e-04 100
1.000424e-04 1
3.049408e-04 83
2.712810e-04 46825
9.161804e-05 455
4.496649e-04 1
2.461317e-04 262
9.116225e-05 1
3.023470e-04 1
2.137179e-04 33
4.735908e-04 2
2.602916e-04 1840
7.290299e-04 1
4.563992e-04 3
8.585087e-04 1
3.243961e-05 1
4.667463e-04 1
1.242618e-04 1
1.156605e-04 1
5.462314e-04 1
1.698553e-04 3
4.240590e-04 1
3.287535e-04 1
3.523169e-05 2
4.075498e-04 3
1.196905e-05 1
5.573783e-04 100
5.608358e-06 2
2.488109e-04 7
6.410342e-04 1
3.279613e-04 1
9.465099e-04 14
1.926343e-04 1
2.745862e-04 1
7.619128e-04 1
8.758100e-05 1
2.911167e-04 3
4.811114e-04 1
8.392400e-06 1
4.019543e-04 638422
5.439972e-05 1
1.837852e-04 122
1.119901e-04 1
1.988058e-04 3
2.611550e-04 1
6.089171e-05 1063
4.999662e-05 36881
6.817183e-06 1
3.427689e-04 6
3.215323e-05 108
2.958196e-05 1
2.667982e-04 1
1.338385e-04 3
7.463305e-05 1
3.932641e-06 7
3.253004e-04 219
1.784751e-04 1
2.117219e-04 93
2.600379e-04 1728
9.592054e-05 1
1.186158e-03 2
3.882579e-04 1
3.775744e-04 4
5.382099e-06 1
9.586677e-05 3
1.491507e-04 3
3.324038e-04 3
2.267324e-04 7
3.543265e-04 3
1.193985e-04 2
8.431557e-05 1
4.467225e-04 1
2.681468e-04 7
3.360501e-04 6
5.083115e-04 32272
4.758799e-04 5
1.349134e-04 4
4.651716e-04 1
9.456659e-05 923
4.606551e-04 128
3.161428e-04 81
5.249015e-05 1
1.139087e-04 7
1.038454e-03 2
3.435052e-05 1
1.907806e-06 1
2.283546e-04 5
4.391154e-05 1
2.718266e-05 1
4.111474e-04 7
2.836583e-04 2
2.873160e-04 2
2.542911e-04 2
1.974712e-04 3
5.500550e-04 2
1.867514e-04 1
4.539501e-04 1
1.238379e-03 26840
1.714587e-05 6
1.577757e-04 1
3.429727e-04 1
3.215022e-04 155413
2.421011e-05 3
2.223490e-04 2
6.947802e-06 1
1.272363e-04 4
4.952530e-05 1
4.480561e-05 2024
2.773443e-04 3
2.889120e-04 1
4.065932e-04 1
3.667300e-04 1
8.056189e-05 1
1.799495e-04 1
1.774460e-05 150
3.467392e-04 4
1.006164e-04 1
7.713208e-05 1
6.525858e-05 2
1.093540e-04 1
1.500953e-04 215
1.370571e-03 102
1.336140e-04 1068
1.220058e-05 1237
1.829455e-04 2
1.297686e-04 3
3.371000e-04 7
1.661172e-04 1
1.117716e-04 7
5.233968e-04 1
5.905746e-04 1
9.731079e-05 2088
1.976211e-04 1
2.311097e-04 1
2.582522e-04 259
5.262063e-05 28
3.006598e-04 1
2.426011e-04 3
1.454806e-04 63911
3.204068e-04 1
1.101424e-04 1
2.561504e-04 261
2.297175e-04 2
1.974211e-04 5
5.083869e-04 5
1.311293e-04 7
1.645698e-04 75
1.692124e-04 5
3.946682e-05 1
4.201092e-04 17
7.908953e-04 1
8.278222e-06 1
1.288123e-04 513
1.067673e-04 1
2.524143e-04 1
5.124702e-05 1
6.586782e-06 1
8.094033e-05 2
7.080118e-05 1195
7.409535e-05 3
2.784165e-05 1
4.864713e-04 1
2.817854e-04 1
3.949199e-04 1595
6.933611e-04 1
7.344121e-04 1
3.865686e-04 1
3.026584e-04 1
3.725523e-04 1959
8.828935e-04 1
2.276497e-04 5
2.672239e-05 1
2.345987e-04 1
1.685623e-04 1
6.975342e-05 1
1.022303e-04 1745
1.423871e-04 1
3.067786e-04 3
4.339542e-04 166
1.587509e-04 1
7.109585e-05 1
7.516846e-05 4
1.109280e-04 3
7.194749e-05 1
1.372493e-05 4
2.358848e-03 1
1.768193e-04 2
2.942147e-04 157716
3.648475e-04 1
2.334471e-04 4992
1.136972e-04 1
7.032837e-05 1
8.085184e-04 4
1.202126e-03 1
1.951497e-05 1
2.987308e-04 1
2.218036e-04 6
1.111977e-04 1
3.160459e-05 1
2.430139e-05 1
1.583364e-04 1
6.745366e-04 1
3.495612e-04 1
6.857288e-05 2
6.322299e-05 3
1.479460e-04 5
7.081085e-05 66171
6.266836e-06 5
1.069216e-06 25862
1.041109e-04 1
2.246382e-04 3
4.952974e-04 2
3.810511e-04 3
2.106176e-04 1
1.372875e-05 1
7.519410e-05 3
4.782212e-05 1
2.609220e-04 1
1.904731e-04 1
4.878592e-04 1
6.705029e-06 1
3.837423e-04 52
1.536045e-05 55598
8.054356e-04 1602
3.065694e-04 2
8.302633e-05 2
2.752650e-05 1
1.043923e-04 1
2.005340e-04 2
1.335962e-05 1
2.819465e-04 1
6.281200e-05 28275
5.697339e-05 1
5.582017e-05 2
1.834177e-04 1
4.337819e-04 1
2.593314e-04 1
3.687220e-04 9
5.445551e-04 74
3.632990e-06 58342
3.198872e-04 1
1.229666e-04 1
1.275397e-04 1
4.991898e-04 2
7.961678e-05 784
1.307325e-06 1
4.773027e-05 3
1.079175e-04 1
1.902321e-04 177
7.048958e-05 2
8.552841e-04 2
2.003328e-04 2
3.146641e-04 2
5.739101e-04 1
3.252566e-04 2
4.295758e-04 169
1.417416e-04 1
9.518429e-05 3
9.796392e-06 50508
1.132422e-04 1
2.614126e-04 177
2.274326e-04 1
7.729068e-05 79
2.619902e-04 1
4.139224e-05 1
3.620597e-04 1
1.089663e-04 1
2.452004e-04 3
2.828036e-04 150
1.987239e-04 1291
3.472376e-04 6
2.127296e-05 201543
1.538142e-04 127
3.824019e-04 1
6.688619e-04 1
1.149435e-04 1
8.220201e-05 1
3.213191e-04 1
1.543816e-04 3
8.799480e-07 3
8.789022e-06 1
8.163528e-05 1
1.057046e-03 1
7.713828e-04 1
2.659629e-05 1378
3.219342e-04 5
9.918382e-05 1
2.247590e-04 223
2.481695e-04 1
4.914804e-04 3
1.110006e-03 108
2.087987e-05 122
7.304198e-05 43868
7.118838e-04 2
5.555974e-04 103
7.667658e-04 3
6.192262e-05 3
1.398036e-04 1
8.189581e-05 241
1.169261e-04 45
1.098822e-04 1
1.359219e-04 1
3.283859e-04 1
1.167426e-04 1
2.047577e-04 700
3.412403e-04 1
1.468021e-04 1
3.338271e-04 1865
1.414839e-04 1
1.355610e-04 1
2.026034e-04 2
7.461577e-04 3
1.770668e-05 5
7.886779e-04 3
6.276319e-04 1
1.254420e-04 4
1.692875e-04 1
8.542152e-06 3
7.416466e-04 262
5.104796e-04 1
1.731173e-04 5
1.639682e-04 1
7.308104e-05 1
8.599267e-04 1
6.853091e-05 1
1.300963e-03 1
2.909024e-05 2
1.696159e-04 1
3.912771e-04 4
8.272550e-05 1
8.732379e-05 1
6.280840e-05 2
3.034512e-04 6
7.047677e-04 2
1.071861e-03 1
7.953888e-05 5
1.417600e-06 1
2.584523e-04 1
4.547885e-05 1
2.038136e-04 1
1.323163e-04 3
1.750685e-06 2099
4.632579e-05 92
1.201061e-04 644492
2.581456e-04 1
5.146496e-04 1
1.649980e-04 1
5.276868e-04 2
2.166222e-04 4
3.665117e-04 1
7.779943e-04 1
3.141449e-05 1
1.877759e-04 1
6.402722e-04 2
3.107569e-05 3
9.152378e-05 1
4.235020e-05 2
4.306897e-04 1
8.123984e-05 1
6.676462e-05 1
7.400731e-06 3
7.933708e-04 52
1.460419e-04 1
1.720057e-04 4
6.385282e-04 1
2.445841e-04 7
7.134970e-05 1
1.373974e-04 6
1.042900e-04 4
1.539685e-04 2
5.189954e-05 3
1.088538e-04 2
2.209578e-04 23
1.394089e-05 151
3.784715e-04 1
9.609193e-06 1
5.812276e-05 2
2.197260e-06 1
2.293948e-04 2
1.050133e-04 1
6.771850e-05 270
4.431441e-05 91
5.928443e-04 7
4.505938e-04 124
1.082512e-04 3
1.557267e-04 1
3.567434e-04 1
1.780248e-04 1
1.685904e-04 3
2.767250e-05 1
7.764393e-04 5
1.266205e-04 4
9.085284e-04 1
7.944564e-05 241
3.175645e-06 5
4.368271e-04 2
1.391203e-05 142
2.554309e-05 3
6.310014e-04 556517
2.855335e-05 234
1.028943e-05 4
2.567759e-04 2
6.288378e-06 1
4.638337e-05 3
1.836314e-05 1
1.931300e-04 1
2.489937e-04 2
2.187942e-05 1
1.317408e-04 183
2.572388e-04 1
2.873110e-04 1
3.966176e-05 200
2.463680e-04 1753
2.743619e-04 4
4.342481e-05 5
3.925400e-05 252
1.759561e-04 3
4.502841e-04 3
3.753163e-04 1
6.576321e-05 2
8.592694e-04 26985
7.701347e-05 1
8.649135e-05 337
2.543350e-04 6
1.304534e-04 1
5.863475e-04 3
7.156198e-04 28997
2.344746e-05 1
2.042727e-04 23437
2.885362e-04 1
3.308273e-04 1
1.634403e-04 5
5.733903e-05 4
6.350830e-04 1
1.966684e-04 1
1.758097e-04 53627
8.141614e-05 1
4.115094e-05 1
4.606993e-07 3
1.045697e-04 1
2.714838e-04 21
4.785995e-05 202
9.800689e-05 1718
2.651147e-04 1
5.913210e-04 12305
6.821723e-05 1
5.683226e-04 1
5.664785e-04 2
5.146543e-04 1
4.541993e-05 1
6.259551e-04 1
7.004167e-05 1
2.726892e-04 1
5.227609e-04 1
5.870196e-04 1
4.799431e-04 5
5.725482e-04 1
6.022391e-06 1
2.701691e-04 1
1.532635e-04 1
1.781417e-04 1
1.516744e-04 3
1.604606e-04 1
1.388443e-04 1
8.214347e-04 1
1.550924e-04 2
4.167712e-04 1
1.605176e-04 1973
8.608251e-05 1
1.658366e-05 1
1.252439e-05 1
2.726778e-05 3
1.053214e-04 2
1.169357e-04 1
8.133274e-05 1692
8.628561e-05 1
9.470529e-05 1
1.522278e-04 3
5.960173e-05 1
1.622689e-04 56723
5.345004e-05 2
3.567206e-04 2
2.886406e-04 5
3.387152e-04 7
5.090432e-04 2
4.113072e-04 7
9.416584e-04 3
8.194063e-04 1
9.240624e-05 1
5.059400e-05 1
3.071472e-04 6
2.801445e-05 1
1.561045e-05 144
1.579399e-04 3
2.562014e-04 2
1.003295e-03 7
5.173386e-04 4
6.248702e-05 3
1.310566e-04 1
2.796804e-05 1
4.487592e-04 1
3.354916e-04 1
2.402611e-04 1
5.603632e-04 1
1.496802e-04 23914
3.379267e-04 1
2.697121e-04 1
8.947694e-04 1
3.580822e-04 1
3.256966e-06 38914
1.718970e-04 1
2.012120e-05 1
2.872707e-05 1
6.118737e-06 5
6.511660e-05 113
9.481924e-04 1
9.649561e-06 1
1.188279e-04 1
1.042876e-03 1
1.036661e-04 7
1.149329e-04 4
1.874158e-05 1
2.236184e-04 1
2.449331e-04 1
9.564457e-05 1
8.328774e-05 1
1.595253e-04 6
1.418001e-04 1
1.179405e-04 194
1.925386e-05 3
3.996679e-05 177
9.627823e-07 2
2.348566e-05 3
3.699193e-04 2
2.387815e-04 2
6.982053e-05 5
1.389080e-04 1
1.697554e-05 161
4.348198e-06 1
1.231026e-04 237
3.254616e-05 839
1.636745e-04 2
3.778609e-04 1
4.178875e-05 1
1.901268e-04 2
6.325862e-05 2
7.530975e-05 2
8.660715e-05 1
1.304018e-04 1
5.207951e-05 3
1.660302e-04 1
1.358421e-04 182
7.857915e-05 1
1.219300e-04 1
1.128159e-05 1
5.031447e-05 1
1.199377e-03 1
3.046970e-04 2
8.905890e-05 3
2.986428e-04 3
1.797379e-04 171
1.023941e-04 1
6.973802e-04 260
7.819221e-05 1
1.289007e-06 1
2.488595e-04 4
3.152953e-04 1
7.268465e-05 350
2.891398e-04 120
6.972127e-04 1
5.670199e-05 3
3.768627e-04 1
2.342920e-04 1
7.368452e-05 1
1.317730e-04 1
3.772896e-04 1
1.396935e-04 5
8.410948e-05 2
3.769138e-05 97
1.117689e-04 616368
1.158132e-04 19
8.138285e-04 2
3.454146e-05 1
9.891169e-07 1
8.009207e-05 5
1.960256e-04 1
2.105871e-04 5
9.472359e-04 1
1.187852e-04 1
2.474235e-04 5
6.136324e-04 1
4.997942e-05 2
4.663616e-05 23822
5.092684e-05 2
7.488358e-05 2
4.954034e-04 2
3.956275e-04 98
2.316772e-05 2
2.411042e-04 1
3.492000e-05 1
2.306516e-04 1
8.147735e-04 1
5.733383e-05 53502
4.394840e-04 1
5.554988e-05 1886
3.831480e-05 6
1.816421e-04 1
1.183102e-05 1
6.218652e-04 2
6.761921e-05 3
3.193513e-04 1520
1.247770e-04 1
1.294604e-04 1
1.739062e-04 1
3.346818e-04 3
1.186658e-04 2
1.285543e-04 5
9.369295e-04 3
2.863250e-04 1
1.501322e-04 108098
2.573508e-05 191
9.124632e-05 3
2.904297e-05 1
9.593095e-04 1
3.445534e-07 2022
1.373313e-04 1
5.795421e-05 1
2.164589e-04 1
4.449762e-04 1
1.958868e-04 1
1.754805e-04 2
8.460770e-05 4
2.156961e-04 2
1.502917e-04 1343
6.887707e-04 1
1.307845e-04 3
2.386843e-05 3
3.686347e-04 1
2.184891e-04 1
2.997251e-05 1
4.784533e-04 78
7.039559e-06 1
6.056275e-06 1
3.334487e-05 3
7.243943e-05 1
2.040995e-04 1
5.665794e-05 3
1.975452e-04 2
4.969904e-04 1
1.275425e-04 3
9.917504e-06 1074
2.509474e-04 1
1.824173e-04 3
5.629475e-05 2
7.418136e-05 1
2.971329e-04 1
5.524239e-05 191221
2.067090e-04 3
1.920747e-04 1
4.385583e-04 1
