6.515181e-04 1
1.171913e-05 1
5.836964e-05 155
3.118922e-04 1
1.810246e-04 214
1.090097e-04 1
2.579099e-04 1
8.492875e-04 1
4.443478e-06 1
3.652316e-04 1
1.304688e-04 4
2.010269e-05 1
4.211946e-04 1
2.270699e-04 3
1.893786e-04 357
2.834948e-04 1033
1.628532e-04 1
7.908016e-04 242
3.204259e-04 7
1.902569e-04 1
4.134623e-04 1
2.490555e-04 1
1.281735e-04 1
5.450643e-04 6
1.013288e-04 1
2.451829e-04 1
8.798517e-05 6
8.527070e-06 77
1.199762e-04 1
1.376622e-04 1
3.046956e-04 1
4.849812e-05 1
6.562928e-05 3
2.208331e-04 3
2.386291e-04 1
1.750242e-04 3
2.174521e-04 1
3.570896e-04 1
7.758829e-05 1
1.511030e-05 2
1.819892e-04 3
8.393033e-05 113
1.032069e-05 1
1.928682e-04 38630
5.112288e-04 3
1.125964e-04 1
5.654613e-05 7
4.923118e-04 1
7.167920e-04 3
2.377037e-04 243
1.498149e-05 1924
5.801244e-05 1
4.639414e-05 46
2.749661e-04 2
6.938604e-05 6
1.993421e-04 2
2.185573e-04 1
4.484189e-04 1771
1.670062e-04 3
3.690744e-05 1
1.320097e-04 35
1.921240e-04 1
1.566488e-04 4
3.765113e-04 3
8.367954e-04 1
2.902981e-04 7
2.380484e-05 1
2.334387e-04 1
4.588633e-05 1
1.384847e-04 178
1.920510e-04 1
6.107176e-04 1
1.392551e-04 1
2.986733e-04 1
1.135901e-04 2
1.030617e-05 6
8.686991e-05 64712
2.018493e-04 1
3.127297e-05 1
3.579503e-04 3
3.917605e-04 1
5.729105e-05 6
1.922292e-04 41987
3.792333e-05 1287
1.146163e-04 1
7.143042e-04 1175
2.205242e-04 1
1.032111e-04 50611
7.710055e-04 6
3.553205e-04 6
8.091660e-04 1
2.498045e-04 2
5.202178e-04 3
2.479864e-04 1170
7.218369e-05 221
2.035825e-04 1
1.270019e-04 766
6.029390e-05 1
1.008644e-04 1
6.761161e-04 1
7.662609e-05 1
1.759387e-04 15573
1.403379e-05 2
1.394981e-04 2
3.221678e-04 1107
8.721355e-04 1
1.183810e-04 1
6.353267e-05 1
6.505201e-04 1
1.927086e-04 1
8.813315e-05 1
4.784294e-04 1
3.595399e-04 1
8.705951e-05 2
2.074294e-05 1
2.457265e-04 6
3.003134e-04 2
6.411073e-06 1
2.446782e-04 1
2.680430e-05 3
3.466519e-05 1
3.999152e-04 2
1.000087e-03 7
6.156983e-05 4
5.856912e-04 1
6.779508e-05 29716
6.417145e-04 1
4.301010e-04 2
1.068155e-04 1
1.107300e-04 1
5.843827e-05 615675
7.138367e-05 2
2.276276e-04 129
2.097959e-04 2
1.865711e-04 2
7.624876e-05 1808
1.634279e-04 1
1.097263e-04 1
1.100880e-04 2
3.421189e-05 214
1.290417e-05 1
3.078861e-05 1
1.218747e-04 1
3.584905e-04 1
4.464056e-04 1
9.186009e-05 1
8.087314e-05 2
1.572796e-04 6
6.833010e-05 752
3.577973e-04 1
2.931326e-05 6
1.778966e-05 1
8.372940e-04 5
1.762663e-04 1
1.503330e-04 1
9.534610e-05 1
7.847638e-04 2
1.561235e-04 262
3.747363e-06 262576
1.498274e-05 1
2.489980e-04 1
2.351247e-04 49086
4.684619e-05 7
7.740740e-05 1
2.784402e-05 2
3.705758e-04 1
2.572684e-05 1
1.823360e-04 1
1.691984e-04 1
8.790411e-06 503
1.129961e-04 1165
5.085799e-05 37193
4.567604e-04 1
4.239772e-04 1
2.158275e-04 112
1.354372e-04 1
2.250733e-04 68
1.119134e-03 1
3.959994e-05 1280
1.124427e-05 1
4.495141e-04 1
4.258539e-05 1
2.505125e-04 1
8.932490e-05 201
1.925228e-06 1
1.564288e-04 180
1.919942e-04 1
7.682419e-05 1
7.282869e-05 3
6.433089e-04 7
1.102360e-05 3
7.431654e-04 1
8.844250e-05 1
1.425905e-04 1
2.277015e-05 1
2.004834e-04 1
2.837228e-04 3
1.472737e-04 1
3.962778e-04 1
3.291190e-05 1
2.340563e-05 51
9.931519e-04 68
1.037933e-04 4
1.482002e-04 4
2.462324e-04 1
1.408817e-04 4
3.602389e-04 2030
8.649098e-05 1
1.200424e-05 1
6.310352e-04 1
3.468250e-04 26
1.215886e-04 1
5.223829e-05 3
1.646347e-04 3
5.497317e-05 14820
6.380169e-09 5
1.699101e-05 5
8.515829e-05 97
4.160053e-04 2
1.093747e-04 2
3.420184e-05 1
8.759001e-06 1
2.184486e-05 1
2.576379e-04 1
4.245569e-04 1
5.317888e-05 1
1.390964e-04 2
3.893599e-05 1431
3.706754e-04 3
3.723146e-05 1
5.086610e-05 1
1.451360e-04 1
3.119361e-04 140
3.045172e-04 4
3.430222e-05 1
1.466351e-04 418
2.691167e-05 4
2.094393e-04 7
2.132683e-04 6
1.500314e-05 198
6.686688e-05 4
5.112360e-05 2
6.594248e-04 1635
1.027456e-04 190
6.496603e-05 1
2.820890e-04 42400
4.401709e-04 1
8.103640e-05 6
1.587479e-04 3
1.289666e-04 1
6.550121e-05 1
8.890645e-05 1
1.856084e-04 1
1.515791e-05 5
1.734068e-04 2
4.572734e-04 5
9.859135e-05 241
5.345268e-05 1
2.609586e-04 1
3.080618e-05 1
1.064478e-04 144
5.955971e-05 2
1.797000e-04 3
3.823476e-04 1
4.582118e-05 1
1.025515e-04 2
3.288033e-04 1777
5.104199e-05 212
3.683911e-05 1
1.503388e-04 1
2.231071e-06 347
4.556884e-05 165
2.264711e-05 1
1.832770e-04 88
4.377657e-04 1
8.323210e-05 1
9.141442e-04 149
9.611888e-06 1
2.445378e-04 1876
1.756490e-04 7
2.970860e-04 1
8.463343e-06 184
3.473690e-05 3
8.845359e-06 1
1.568321e-04 1
9.929884e-06 1
3.506988e-04 2
9.614845e-05 1
3.416539e-04 3
1.413135e-03 6
1.683633e-06 1
5.210932e-05 1
2.886303e-04 1
6.551248e-05 6
5.985578e-05 7
4.131158e-05 2
1.593863e-04 124
3.440809e-04 1
1.581157e-04 3
7.251906e-05 1
2.377542e-05 3
2.922275e-04 1
3.311534e-06 173
3.359971e-04 3
1.763951e-04 1
8.858180e-05 1
2.682553e-05 1
6.644719e-04 10575
1.536206e-04 1
2.735504e-05 1
3.220077e-04 1
7.032056e-05 1
2.030474e-04 3
2.099484e-05 1
3.220839e-04 330887
5.790638e-04 1
1.095201e-04 2
1.804357e-04 6
1.633275e-04 112
9.135413e-05 1
2.557125e-04 1
1.120543e-04 1
3.744565e-04 1
2.255888e-04 250
2.697965e-04 688
2.668012e-04 7
4.352841e-05 1
1.463853e-04 1
2.056309e-04 1
9.044629e-05 1
4.510421e-04 1
4.794846e-04 1
1.562408e-04 1
8.881831e-04 5
2.144687e-04 2
3.617465e-04 1
5.264108e-04 1
8.550657e-05 1
1.053264e-04 158
3.985252e-05 1
3.714048e-05 7
3.797247e-05 1
3.347822e-04 1
2.886530e-04 1
1.398263e-04 1
6.582291e-04 1
1.713281e-04 1
7.735011e-04 4
4.308915e-04 3
1.486832e-04 1
9.309005e-05 1
2.297010e-04 1101
1.959899e-04 2
1.338448e-04 1
1.870789e-04 2
4.893011e-05 165
2.357073e-04 1
3.502017e-05 1
2.167942e-04 1
2.848970e-04 1
9.952607e-05 1
8.304345e-05 3
1.089419e-04 2
1.412940e-04 3
7.604525e-05 3
6.634936e-05 1
2.217233e-04 6
1.073232e-04 625
4.515184e-04 6
3.422832e-04 3
6.488896e-05 22719
1.794399e-04 2
2.003836e-04 3
3.644174e-04 109
6.871582e-04 2
4.211652e-05 60
2.530176e-04 165
1.940733e-05 3
2.063207e-04 1
5.926333e-04 1
1.499341e-04 1
2.954319e-04 1
2.422453e-04 5
1.041151e-04 1
7.433387e-05 1
1.289099e-04 1
1.158870e-04 6
1.772617e-04 1
5.248051e-04 4
1.388277e-04 1
3.568747e-05 2
1.524311e-05 1
9.253866e-05 1
2.102169e-04 1
6.785801e-05 123
2.281523e-04 1
1.109540e-04 1
7.214897e-04 1
2.385787e-05 2
3.095140e-04 1
4.927249e-05 266
1.348298e-04 2
8.266074e-05 1
2.569010e-04 5
2.205143e-04 1
6.961870e-04 1
2.260995e-04 2
1.810493e-04 2
2.050294e-04 2
5.213861e-06 1
6.876418e-05 1
1.428480e-04 1
5.376175e-05 1
7.995843e-06 1
3.527283e-04 1
6.962657e-04 2
1.041327e-04 1
3.193601e-05 1
1.296565e-04 1
1.528193e-04 4346
1.040703e-04 1
3.377414e-04 1
2.369909e-04 3
7.038113e-05 246
1.159107e-04 1
9.252447e-07 1
2.159293e-04 1
3.557701e-04 1
3.443818e-04 1
2.255459e-04 12
8.737091e-05 2
4.783106e-04 4
1.824735e-04 1
1.648886e-05 1
2.350078e-04 3
6.156911e-05 1009
1.579748e-04 1
4.761449e-04 5993
4.564444e-04 4
3.082276e-04 2
5.007518e-04 1
6.486732e-05 2
3.357972e-05 2
2.591438e-04 1
3.505176e-05 7
4.931882e-05 3
9.424954e-05 5
2.498108e-04 1
2.861973e-04 1
1.073875e-04 6
2.519254e-05 1
1.377778e-06 3
2.914472e-04 1
7.820745e-05 38142
2.221116e-05 2
2.801005e-04 3
1.334985e-04 1631
3.996506e-04 160
2.142142e-04 6
2.591054e-04 1
3.347981e-06 1
2.322636e-04 1
4.995830e-04 1
7.330094e-04 261
1.644753e-04 2
8.507721e-05 1
1.313193e-04 1
1.492968e-04 3
6.806299e-04 1
2.672305e-04 1
1.827186e-04 1
6.334370e-05 1
4.938002e-04 1
2.272052e-04 1
3.919699e-05 3
8.849000e-05 1
2.269380e-04 1
1.149167e-04 1
5.177376e-04 172
3.135661e-04 2
5.304192e-05 235
2.213809e-04 2
4.115327e-04 5
6.689006e-05 1
3.381619e-04 3
5.456513e-04 1
1.133960e-04 348
4.686312e-05 1
1.832898e-05 1
5.781818e-04 7
1.864976e-03 1345
7.672468e-04 3
1.333873e-04 1
2.355597e-06 1816
3.403600e-04 1
8.150655e-05 6
6.478024e-05 1473
6.111906e-05 5
7.118279e-05 49
3.199876e-06 1
2.799883e-04 1
1.586058e-05 1
3.581705e-04 276
2.121883e-04 3
6.869511e-05 1
1.064981e-04 1
8.482941e-05 1
3.890606e-04 1
2.860251e-04 174
7.633573e-05 1
1.692533e-04 2
6.905378e-04 5
3.244365e-04 1
1.947963e-04 1
9.793301e-05 4
8.841395e-05 3
8.624996e-05 1
2.288841e-04 41
1.648206e-04 3
2.687719e-04 1
1.761180e-04 4
1.320234e-04 1
1.883153e-04 18
7.837535e-05 1
2.761134e-04 1
4.007812e-04 3
1.324910e-05 1
4.586066e-04 2
4.608536e-04 3
2.632423e-04 3
7.345144e-04 2
2.848111e-04 1
6.251040e-04 1
6.663027e-05 1
9.311775e-05 4
8.055050e-04 1651
1.755925e-04 1
9.369211e-05 1
2.714505e-04 4
4.088755e-05 1
7.355679e-05 6
3.857600e-04 2
1.354046e-04 1
1.231429e-03 2
6.436390e-04 39
2.238264e-04 1
3.411509e-04 584
1.961545e-04 37939
6.377344e-05 1
2.361629e-06 1
7.916631e-05 1
2.109734e-04 4
4.493645e-05 3
1.632251e-04 1
7.578406e-04 7
1.935721e-04 6
1.780619e-04 1
1.097175e-04 1343
9.077766e-05 235
2.555219e-05 11421
4.103128e-04 1
5.435961e-04 1
1.160789e-04 1
4.814823e-04 1
2.998899e-04 1
3.273141e-04 5
1.302977e-05 4
4.210826e-04 1
1.392965e-04 3
2.409395e-04 1
1.276302e-04 1
9.234634e-05 2
3.565480e-04 1125
1.011446e-03 750
9.220402e-05 1
3.904091e-04 2
4.367757e-04 64
1.477180e-04 3
2.351072e-05 4
1.098783e-04 1
5.575394e-05 1856
3.815219e-04 1
1.620711e-04 2
9.376216e-05 1
5.919621e-05 3
3.945015e-04 1
6.349257e-05 1
5.146059e-04 7
6.279820e-05 41571
3.114198e-04 1
1.707473e-05 1
6.300907e-06 1
3.674055e-04 1
4.905132e-04 1
3.939494e-04 1
2.334960e-05 1
8.608104e-04 1
5.549110e-05 1
2.296972e-04 1477
3.477316e-04 917
1.879959e-04 1
1.077348e-03 100
2.357463e-04 124
1.598083e-04 1
2.031540e-04 159
2.827368e-04 1
9.989679e-05 1
3.644198e-04 83
5.103734e-04 56
8.385561e-05 5
2.921052e-04 3
2.256495e-04 1
2.282174e-04 1
2.229136e-04 1
2.851738e-05 1
9.169622e-05 6
2.818688e-05 3
6.484770e-04 1
3.131777e-05 1
1.188040e-04 1
3.771057e-04 2
1.713862e-04 8581
4.940508e-04 1
1.189406e-05 7
1.823256e-04 2
4.004962e-05 252
9.986296e-05 1
9.007249e-05 1
1.781870e-04 27
4.283528e-04 6
3.044869e-04 1
1.053206e-04 1
3.627859e-04 2
5.011283e-04 1
6.606098e-05 69
2.390931e-04 47
2.142421e-04 3
4.040705e-04 3
6.473674e-05 40560
2.443350e-04 2
2.223516e-04 3
1.052777e-04 2
3.823339e-05 1
1.658436e-04 7898
4.696425e-04 7
3.669864e-05 461901
1.411905e-04 1
1.534159e-05 219
9.660653e-05 1
5.886008e-07 3
1.130568e-04 400258
2.725812e-04 1
8.476173e-05 1
2.523276e-04 2
3.418241e-04 1
6.597447e-05 3
5.076396e-05 7
1.053308e-05 1180
7.245009e-04 3
1.163364e-04 3
5.941243e-04 1
2.464494e-04 1
4.325357e-05 1581
2.582842e-04 7
5.641405e-05 211
1.557419e-04 1
1.360638e-04 1
5.738467e-06 1
6.185370e-06 1
8.518857e-05 29111
6.319893e-04 5
1.185325e-04 1
1.392791e-04 1
2.818267e-04 1
4.848874e-05 13
2.484156e-04 1
1.715152e-04 1
1.177615e-04 41442
8.074209e-05 3
8.444619e-05 212
2.319924e-05 3
1.343095e-04 3
7.844487e-04 1
2.266849e-05 2
2.515472e-05 1
1.086926e-04 170
3.573578e-04 1
2.005562e-05 3
3.360687e-04 3
5.040781e-04 45959
5.913559e-04 220
1.738071e-04 3
1.615980e-04 1
4.538291e-04 1
2.203801e-04 67407
7.636961e-05 1
2.428646e-04 3
3.851601e-04 2
4.533368e-05 1
1.952707e-04 5
5.261336e-05 4080
1.005309e-03 1
9.554855e-05 1
4.657193e-05 1
2.263263e-04 1
8.087078e-05 1
4.592229e-04 3
3.232204e-04 30
4.274733e-05 1
8.530573e-05 61089
5.462190e-05 1
2.966517e-05 585
3.555895e-04 3
2.999353e-05 205
7.037006e-05 1
2.846298e-04 1
1.554125e-04 1
5.116755e-04 3
1.780257e-04 270
2.866134e-04 3
1.321774e-04 2
4.304023e-06 49
1.313089e-04 1
8.352660e-04 7
2.295511e-04 1
6.336178e-04 1
3.602309e-04 127
2.383928e-07 1
2.413379e-04 1
5.515787e-05 1
3.644328e-04 3
1.698845e-04 2
7.040076e-05 3
3.045256e-05 171
6.691062e-04 114
3.623327e-05 4
3.448698e-04 167
1.046749e-05 6
2.954286e-04 7
1.191069e-04 1
1.862766e-04 1
2.164674e-04 1
1.255213e-04 1
2.793694e-04 1
2.784471e-05 1
2.244611e-04 1
4.648102e-05 13393
9.753918e-05 1
6.024572e-04 2
1.932818e-04 1
4.403183e-05 3
9.098386e-05 7
2.374088e-04 5
3.867723e-04 1
7.299932e-05 1
1.092526e-03 1
5.250420e-04 236
1.795367e-04 1
3.663613e-04 1
3.170352e-04 3
2.191087e-04 1
8.990321e-05 2
5.250682e-04 130
1.063022e-05 2
2.650437e-04 88
3.345879e-04 1
3.413348e-04 1
1.306346e-04 1
9.736008e-04 2
1.036497e-04 2
1.334245e-04 1
3.024511e-04 1
3.086211e-04 2
1.179868e-04 2
3.392562e-05 1
7.864838e-05 1
4.199273e-05 6
4.531599e-05 57650
1.300039e-05 1
1.429149e-04 1
6.456502e-04 1
6.750194e-04 1
9.051889e-05 1
5.074244e-04 3
2.233232e-04 1
1.030666e-04 1
1.624625e-04 147
1.361590e-04 1
4.434762e-04 1
1.192322e-04 1
4.800854e-04 49
2.585237e-04 1
1.544896e-05 1807
3.537832e-04 101
7.887648e-05 1
6.885865e-06 1
2.049309e-04 1
2.561683e-04 1
3.781845e-05 3
2.319830e-04 4
3.652638e-04 35152
6.051786e-04 1
1.896288e-04 1
1.822003e-04 4
1.986097e-04 1
2.799723e-04 1
2.804404e-04 233
9.858631e-06 2
1.248875e-04 194
1.310623e-05 1
7.376918e-04 552917
1.847158e-04 1
5.518165e-05 1
7.765292e-05 171
3.001394e-04 228
2.709187e-04 1
1.939884e-06 252
4.067695e-05 2
2.644058e-04 1
1.633856e-04 1
5.633822e-04 1
4.480674e-05 230
4.342228e-05 7
2.098802e-04 3
6.759183e-04 2
5.013092e-04 1
2.789341e-04 1
3.857621e-04 3
2.410695e-04 1
1.337359e-04 1
3.715023e-05 2
7.329035e-04 1
6.291069e-04 5
2.119562e-04 3
2.433996e-04 2
1.300351e-04 1
1.396884e-04 1
3.006929e-04 1
1.668611e-05 6
2.926848e-04 1
2.662942e-04 1
4.953673e-05 1
5.479199e-04 5125
2.999587e-06 100
2.941298e-05 6
7.906598e-04 4
3.201181e-04 1
2.692836e-04 1
3.445687e-04 1
2.026970e-04 1
1.849080e-03 2
9.975864e-05 1
5.074577e-05 4
1.099197e-04 2
8.429019e-04 1
4.404373e-04 2
4.507327e-04 22
1.871956e-04 3
2.181022e-04 3
1.630303e-04 1
2.638756e-04 1
9.640913e-05 1
1.672642e-04 1298
3.223875e-04 1
3.111923e-04 223
2.714544e-04 1
2.326991e-04 3
1.624065e-04 6
6.275766e-04 1464
9.456599e-05 1
3.778434e-04 2
4.558771e-05 1
3.738467e-04 1
1.451950e-04 1
4.116089e-04 1
4.353633e-04 28056
4.671773e-04 2
1.174366e-03 1
2.779656e-04 1
3.845799e-04 1
1.893844e-04 1
5.444501e-04 170
2.001870e-04 1
7.528087e-05 5
1.594601e-04 2
2.068943e-04 1
4.326911e-04 209
1.781750e-04 1
2.771882e-04 1
1.034973e-04 1
9.090852e-05 233
4.867754e-04 1
2.715545e-04 1
3.730953e-04 3
1.035379e-04 1
6.852337e-05 1
1.274099e-05 106
4.422542e-04 4
3.388766e-04 1
1.371001e-04 1457
1.962041e-04 1
9.864847e-05 1
3.477739e-05 6
3.230824e-04 84
1.316576e-04 2
5.707272e-05 1
6.577066e-05 126
4.961226e-04 1
1.128993e-04 2
1.260667e-04 21
9.897797e-05 157
1.282476e-05 1
2.130520e-03 1
6.907178e-05 1
7.307646e-06 1
4.583399e-04 2
7.400147e-06 1
7.643275e-04 940
4.404468e-04 2
2.044520e-04 61530
1.625582e-04 3
2.067529e-04 1
4.744541e-04 1
1.490724e-04 2
8.242481e-04 7
2.107752e-05 2
9.715810e-05 3
2.120561e-04 1
4.310226e-05 3
1.184276e-04 1
2.052028e-04 1
6.345462e-05 2
2.976645e-04 37223
3.069258e-04 1
3.602363e-04 5
2.391628e-04 899
2.469196e-04 4
1.379485e-04 51
5.816506e-04 3
6.450064e-04 761
1.257237e-04 264
1.017125e-04 70
1.997184e-05 1
5.349977e-05 1
5.972178e-04 3
8.190555e-05 1
4.123301e-05 3
3.587130e-04 213
5.139168e-04 1
3.318912e-04 442
2.195004e-04 5
2.556643e-05 1
3.205189e-04 255
3.809822e-04 1
4.175853e-05 3
2.431190e-04 1
4.933090e-05 2
8.714900e-05 1
2.638078e-04 1
1.366650e-04 1
6.851932e-05 140
3.709916e-04 1
5.264070e-04 1
1.798955e-04 1
1.815165e-04 2
2.444167e-04 1
2.756905e-04 102
5.115422e-04 2
1.769490e-04 1909
1.581688e-05 7
5.040220e-04 1
1.619744e-04 179
7.407364e-04 1
2.342638e-05 1
3.472310e-04 3
4.993952e-05 1
2.757385e-04 1304
7.655356e-05 3
4.121146e-05 4
2.156290e-04 1
3.406948e-04 4
1.507009e-04 1
2.848412e-04 1
4.406617e-04 131
5.023113e-04 2
1.070810e-04 1
2.489738e-04 1076
3.413100e-04 24
1.609608e-04 109
2.721994e-04 2
1.771807e-04 1
2.738925e-04 5
3.376304e-04 14
9.018292e-05 4818
1.444996e-04 141
3.945964e-05 5
4.695493e-06 1
8.572380e-04 506837
9.498285e-05 1
1.749140e-04 294
4.122347e-05 3
2.973128e-05 2071
5.878110e-04 226
4.270147e-05 1
1.115050e-04 110
9.124118e-05 1599
1.301145e-06 1
1.617003e-04 1
5.637409e-05 2
2.764933e-04 1
2.722595e-06 2
7.794490e-04 1
1.468442e-04 25496
4.644704e-04 3
4.064928e-05 190
3.677520e-04 1
2.522549e-04 1
1.319535e-03 61159
2.055040e-04 140
1.210131e-04 79
1.578634e-04 1
2.756138e-04 1
1.020047e-04 13
5.828426e-05 1
4.559832e-04 5
3.406211e-04 2691
5.989510e-04 929
5.972531e-05 7
5.274063e-05 1
3.645879e-04 1023
1.163405e-04 79
8.666994e-07 7
2.361010e-04 1579
1.145318e-04 3
1.077017e-05 24618
1.576269e-04 3
1.339158e-04 3
3.565780e-04 1874
1.500487e-04 2
6.245175e-04 1
2.116567e-05 3
1.468128e-04 3
7.507553e-05 1
5.240681e-05 3
3.787184e-04 1
1.520570e-04 1
1.144419e-04 1
2.008019e-05 1
2.563067e-04 1
1.068440e-03 1
4.483232e-05 1
1.317696e-03 11826
8.838697e-04 1
2.510293e-04 5
5.795982e-04 1
2.606782e-04 195
5.688616e-04 1
5.515129e-05 1
3.538550e-04 101
5.870551e-05 480
3.098442e-04 71
2.213817e-04 2
5.594462e-04 2
1.847207e-04 1
1.058340e-04 2
3.956912e-04 2
5.529846e-05 3
7.722060e-05 1
9.763412e-05 1
1.808293e-04 1
1.738530e-04 5
9.619796e-05 2
3.315639e-04 1
4.915591e-04 1
2.049378e-04 1
2.493714e-04 242
3.045256e-04 1
1.528998e-04 1
6.189351e-04 231
8.239470e-06 7
3.989674e-05 149
1.007400e-04 1
8.083332e-05 1297
1.631644e-05 1
1.058871e-04 1
9.704026e-05 16079
1.405240e-03 1
1.188177e-04 1
6.395292e-04 1
9.063421e-05 1335
8.199926e-05 6
4.298145e-04 2
2.638711e-05 3
1.154949e-04 1
5.470073e-05 2
3.435895e-04 1
2.664321e-04 4
5.766788e-06 4
8.750881e-04 1
6.053340e-04 1
2.530743e-04 4
6.372913e-05 1
3.192175e-05 1
1.518484e-05 1498
3.410159e-04 1
6.738747e-05 1
2.659673e-05 1
2.442304e-05 1
1.277708e-03 13908
6.173888e-04 1
6.388136e-04 1
1.549336e-04 3
1.942369e-04 1
8.614527e-05 1
7.570443e-05 3
2.769534e-04 1
2.975369e-04 1
6.962463e-06 1
2.531429e-04 1
4.915120e-05 1
5.558554e-05 9105
1.326524e-04 1
2.675965e-05 527
6.243511e-05 2
6.320455e-06 1
3.477839e-04 1
3.011273e-04 1
6.863251e-05 1
1.552771e-04 1
7.426909e-05 22468
8.890329e-05 3
3.209842e-04 2
2.583689e-04 1
2.283641e-04 2
1.040608e-04 11184
3.449088e-05 1
1.392250e-04 1
2.437517e-05 5
1.227401e-04 3
1.336383e-04 44
2.737293e-04 194
4.257466e-04 46759
2.198719e-04 4
1.443149e-04 7
4.271106e-04 1187
8.991946e-04 2
2.365206e-04 10024
9.426099e-05 5
7.230448e-05 1
5.725074e-04 4
1.303700e-04 1
3.356433e-04 4
7.800068e-04 1
1.288952e-04 1
6.685872e-05 1
5.937755e-04 1
1.513466e-04 1
7.498864e-05 1
7.962903e-04 1
1.823873e-04 1596
2.737439e-04 1
5.681841e-05 1
1.709414e-04 1
1.851190e-04 2
6.181001e-05 1
2.390243e-04 1
1.774554e-04 1
1.365815e-03 1
2.666113e-05 6
5.483603e-04 3
1.029967e-03 1056
1.087884e-04 6
3.118758e-05 3
7.897469e-04 1
4.920842e-04 1
2.347571e-04 1
6.902442e-06 27
1.483067e-04 75
5.506457e-04 1
2.644227e-04 1160
7.936034e-06 3
4.097789e-04 1
3.657409e-04 1
2.519052e-04 172
1.420448e-04 1
4.589087e-04 6
2.901299e-04 63185
7.890406e-04 1
2.522831e-04 1
1.266474e-04 1
1.870341e-04 3
3.073999e-04 1
8.550440e-05 251
2.166273e-04 1
1.094062e-04 1
2.650814e-04 1
6.840303e-05 2
1.332403e-04 2
4.751779e-04 1
2.231068e-04 2
2.575972e-04 2
2.308413e-04 1
1.888075e-05 1
3.745098e-05 5
3.695201e-04 1113
7.871429e-04 1
3.261454e-04 484500
1.596779e-04 1
2.550052e-05 1
1.276411e-04 4
2.536804e-05 3
1.574281e-04 1
1.360626e-04 4
4.783878e-04 988
2.294944e-04 1
1.197571e-05 2
1.175629e-04 1
1.196927e-04 2
1.667984e-04 79
3.131858e-04 1
5.156625e-04 7
1.309410e-04 1
5.091119e-05 1
6.983598e-04 1
2.182204e-04 1
5.391437e-04 3
8.013178e-05 7
1.873589e-04 604
4.760605e-04 5
4.249934e-04 47
9.766599e-06 81
7.659915e-05 1
7.533523e-05 1
2.307470e-05 1
4.187293e-04 1571
3.654446e-04 1
4.504154e-04 1
3.980813e-05 857
3.760908e-04 3
1.292477e-04 1
9.120369e-05 1
2.055489e-04 4
4.280298e-04 1
2.356405e-04 1
1.094501e-05 1
4.624398e-04 1
7.199215e-05 1
8.565516e-05 1
3.867473e-04 74
2.387858e-04 1
4.134620e-05 2
2.503727e-04 1
4.228404e-04 1
2.211448e-05 1
4.501708e-04 50086
3.055732e-05 1
2.059675e-04 1
4.730711e-04 2
1.510390e-04 1
2.574674e-04 1
5.301727e-05 1
2.278504e-04 6
2.300557e-04 3
9.212892e-05 1
5.145343e-05 1
3.488745e-06 5
5.014534e-05 1
2.920787e-04 2
5.802787e-05 19342
2.084314e-04 3
3.507483e-04 1
2.078078e-05 1
1.713169e-04 1
2.980267e-05 1
1.777498e-04 1
2.929966e-04 108
4.731785e-04 1
2.943166e-04 3
2.343017e-04 5
2.116355e-04 1
8.694623e-06 6
7.375923e-05 1
1.986698e-04 3
4.718453e-04 123
3.533945e-04 2
5.651561e-04 26
8.521138e-05 1
2.541452e-04 237
7.023694e-04 1
2.560391e-04 419474
1.065231e-04 1
2.236601e-04 1
2.592467e-04 2
7.049872e-05 1
2.109014e-04 44
9.067538e-05 1
4.939132e-04 1
2.796488e-04 1
3.461043e-05 1
1.639233e-04 27
4.034499e-04 60219
4.371655e-05 141
4.691875e-04 1
4.801201e-04 1
2.495202e-04 1
3.135674e-04 1
6.731557e-04 1
2.824068e-05 1
5.186043e-04 6
1.444216e-04 41012
3.778634e-04 3
2.625085e-04 955
2.528963e-04 23048
1.193244e-04 1
6.325238e-07 3
3.808554e-04 7
3.988657e-05 1
2.803123e-04 3
2.866060e-05 1
4.768827e-04 1
2.216451e-04 1
4.545351e-04 2
5.673094e-04 1
4.530052e-04 175
3.547007e-05 1
5.587130e-04 41970
1.359432e-03 1
5.211887e-04 3
1.429913e-04 210
2.664994e-04 1
6.853562e-04 28898
4.002088e-04 1
2.084183e-04 1
1.138213e-04 2
6.990422e-04 188
3.972528e-05 7
5.644508e-05 1
1.481862e-04 1
3.104250e-05 3
3.531352e-04 1
4.230092e-04 1
2.511368e-04 124
2.994536e-05 126
1.837202e-05 1
2.211956e-04 1
1.203540e-04 3
1.673501e-05 1
2.144897e-04 6
7.249730e-04 136
5.233312e-04 1
5.226949e-04 1
3.178628e-04 53882
1.619420e-04 1
2.558992e-05 1
2.630313e-04 1
3.678249e-04 1
3.549125e-04 123
7.985286e-04 2
1.250142e-04 245
1.850938e-04 4
5.091094e-05 1
8.711245e-06 1
4.135940e-04 2
1.360540e-04 3
6.354185e-05 3
5.728722e-04 1157
3.739047e-04 1240
8.953185e-05 787
4.613765e-06 3
7.160245e-04 9608
1.296469e-05 1
5.847207e-05 6
2.669897e-05 7
2.075546e-06 1
7.891501e-05 1
2.034660e-04 4
1.129638e-04 1
3.139848e-04 2
3.089891e-04 1
4.167992e-04 1
3.214051e-05 1
1.409652e-04 1
3.656444e-04 1
2.170188e-04 23
1.079020e-04 127
3.498596e-04 1160
6.291391e-05 731
5.340839e-04 246128
1.508221e-04 1
2.047896e-04 1
2.325328e-04 5
2.516679e-04 1
2.065359e-04 1
8.243378e-04 2
6.466380e-04 2
4.192796e-05 2
7.423527e-04 2
8.170515e-04 1
4.234507e-04 1
5.823926e-04 1680
8.505615e-05 204
1.496816e-04 1480
1.164698e-04 1
2.529154e-04 1
2.007526e-05 2
8.416338e-05 3
3.527791e-04 106
7.930636e-04 1
7.193605e-04 1
4.909828e-04 1
8.924848e-04 1
1.717076e-04 1
3.895090e-04 7
2.248527e-04 1
6.222071e-05 1
2.362485e-04 1
2.615768e-04 1
1.509930e-06 4
1.597459e-04 1
3.151176e-04 1
6.942129e-05 607543
3.160961e-04 3
1.775863e-04 1
2.567401e-04 1
7.163764e-05 1
6.005686e-05 183
5.488107e-04 1
8.462950e-04 3
5.012158e-04 1
4.224095e-04 1
4.815977e-04 257
1.687091e-04 3
3.123055e-04 1
6.339460e-05 1007
6.452889e-05 2
2.679464e-04 1
9.216686e-05 1
3.597156e-04 1
1.293308e-05 1
8.806077e-06 2
1.832408e-04 1
6.059635e-04 7
1.253262e-05 1
1.218701e-04 7
1.271701e-05 1
4.395604e-06 2027
7.554294e-04 1
1.554402e-04 1
1.416576e-04 1
3.061736e-05 359
1.559163e-04 3
3.193614e-05 1
3.655196e-04 1
2.289077e-05 3
2.760327e-04 1
7.522774e-05 1
3.084926e-04 1338
3.492339e-05 3
9.814795e-04 125
9.420836e-05 3
2.927617e-04 2
1.055767e-03 1
4.249387e-04 4
1.989243e-04 1
1.112907e-04 1
6.760395e-06 2
9.905212e-05 4
6.046088e-05 2
7.593912e-04 1
6.643789e-05 3
1.735071e-04 1
4.868012e-04 1
2.444800e-06 1792
2.386121e-04 2
6.461073e-04 1
2.103736e-05 1
1.742748e-04 1
3.966969e-04 58675
1.102819e-04 1
5.643013e-05 1
2.671206e-04 2
3.534384e-05 2
1.043288e-03 7
4.237487e-04 131
5.839792e-04 20
3.156151e-04 5
1.260407e-04 1
1.235012e-04 3
3.398509e-05 1822
3.671923e-05 2
2.615286e-04 1
3.672983e-04 1
8.366806e-05 63
2.634549e-04 204
5.974000e-04 17787
1.603847e-05 1
3.704889e-04 54875
2.651718e-05 1
1.856208e-04 1
2.974117e-04 1
2.518458e-04 1
1.809757e-04 647
1.687921e-04 2
6.191328e-05 3
2.895035e-04 2
3.267565e-05 1
3.912970e-04 1
1.865637e-04 7
2.666426e-04 1
3.227989e-05 1
1.318442e-03 1
5.041792e-05 142
2.844100e-04 1
2.383464e-04 1
6.592090e-05 1
1.633283e-04 3
1.452798e-04 266
4.702870e-05 1868
1.573776e-04 1
7.929298e-05 1217
3.593796e-05 1
2.892948e-04 1
3.087036e-04 2
2.188317e-04 142
3.241948e-04 78
1.129555e-04 1
2.750837e-04 7
2.973334e-04 1
1.581217e-04 3
1.684177e-05 279349
3.057062e-04 1
3.706858e-04 1
2.624239e-04 1
1.366269e-05 1
6.525940e-05 4
2.497327e-04 1
4.199788e-04 11
1.214611e-04 1
9.282351e-05 2
5.921354e-04 329
4.288552e-04 24171
6.102815e-04 1
1.039115e-03 2
4.564483e-04 2
1.832583e-04 3
6.924886e-05 1
1.915131e-04 3
2.135744e-04 1689
2.575927e-04 5
3.990014e-04 1
1.291642e-04 1
1.090148e-04 3
2.248539e-05 1
1.650027e-04 45791
2.507468e-04 4
3.950525e-04 2
1.330202e-05 1
4.274868e-04 7
1.619117e-04 1
8.915962e-04 1
3.512084e-04 139
9.090869e-05 1
1.633480e-04 2
2.786310e-04 6
2.257823e-04 2
3.992618e-04 2
4.519917e-05 1
2.280731e-06 1
4.900309e-04 7
1.358504e-03 411
5.245530e-04 3
1.698249e-06 1
3.011294e-04 1
1.253894e-04 55
4.657343e-05 1
1.009583e-03 1
6.881628e-05 1
8.297196e-05 1
1.997643e-04 1
1.027448e-05 1
2.588375e-04 1
3.853963e-05 170
1.776113e-04 165
1.244152e-03 181
1.241259e-04 3
7.544048e-06 11795
1.034171e-05 17
7.403016e-05 1
1.379315e-05 348
2.984615e-04 1
7.992500e-05 1
4.841338e-05 1
2.648138e-04 350869
2.412504e-04 1
5.798524e-05 240
1.102728e-04 6
6.730142e-04 3
1.010615e-04 84028
1.669682e-04 1
6.191978e-04 1
4.260681e-04 1
1.425694e-04 20039
4.526422e-05 5
3.662519e-04 1
1.802948e-04 1
1.151708e-03 1838
2.137927e-04 1
7.285805e-05 1
3.753433e-05 3
5.519011e-04 2
8.072990e-05 1
5.527683e-04 48824
6.314853e-05 54873
6.362257e-04 3
7.536411e-04 1
2.116112e-05 1
2.317143e-04 6
3.979453e-04 219
1.184601e-06 1
1.289035e-05 1
5.578355e-05 2
6.623597e-05 1
1.292598e-03 1
2.509900e-04 30868
2.736694e-04 1
3.496278e-05 1970
3.365353e-04 3
3.621520e-05 1
2.305628e-04 1
2.023651e-04 1
4.231671e-05 1
3.040624e-04 65225
3.638528e-04 2
5.314100e-04 1
1.498219e-04 1
1.037888e-04 1
1.251496e-04 5
1.499987e-04 3
1.121796e-05 1
1.024528e-04 1
2.301101e-05 4
2.111184e-04 1
1.207787e-04 1
4.868415e-06 775
4.241901e-05 6
1.662210e-04 1
1.439482e-04 67
2.410580e-04 1
3.574742e-04 138
1.079672e-04 2
6.995439e-05 2
5.393417e-05 1
7.628946e-04 1
2.586425e-04 553
9.613729e-05 1086
1.179211e-04 1
5.791575e-05 135
8.488011e-05 2
5.616892e-04 1
8.059190e-05 4
4.452328e-04 118
4.023358e-05 1
4.592329e-04 1
2.412249e-04 5
3.981489e-04 55424
2.558627e-04 1
1.971957e-05 89
7.195992e-04 1
1.742588e-04 222
3.228868e-04 1
1.033357e-04 1
3.633060e-05 6
4.037408e-04 10167
5.239652e-04 1
6.047549e-05 1236
1.546023e-04 2
6.334033e-05 82
4.312970e-05 1
6.461279e-05 1
1.921484e-05 1
5.342249e-05 1
1.415688e-04 5
3.868133e-04 1
1.127837e-04 1
4.829740e-05 1
1.285683e-04 1
1.031509e-03 1
8.829142e-04 7
4.104660e-04 2
2.342532e-04 1389
1.608779e-04 2
3.833485e-04 1
2.330917e-04 1
4.758555e-04 1
3.415494e-04 262
1.302234e-04 636
1.006118e-04 1
2.100409e-04 1
4.944209e-05 157
1.814888e-04 1
6.413944e-04 4
7.977299e-04 79
5.775178e-05 5
1.497048e-04 1
8.169211e-04 5
8.351810e-05 1
9.693660e-05 1
1.343789e-04 2
5.514580e-05 1
1.156822e-04 1
2.771352e-05 21578
3.164164e-05 1
3.811367e-05 1
1.407816e-04 1
2.175834e-04 3
3.466993e-04 1
3.422409e-04 46
3.506995e-05 1
1.027975e-04 1
2.739377e-04 1
6.881834e-05 4
1.196568e-04 5
4.923007e-04 1
2.126439e-04 1
2.897438e-04 1
1.853600e-04 1
1.355185e-03 3
6.620695e-04 96
7.676020e-05 2
6.522077e-04 7
1.413406e-06 1
3.966066e-05 232
2.878852e-04 1
2.568256e-04 6
1.632005e-04 1
8.606924e-05 3
9.026457e-04 3
9.060672e-05 1
1.023992e-03 166
3.094219e-04 1
1.611834e-04 1
7.035097e-05 34
2.388396e-05 1
1.000483e-04 5
7.236296e-04 1
2.303483e-05 3
7.022316e-04 7
4.366327e-04 1
3.472748e-05 1
9.774009e-05 1
3.484558e-04 3
1.552028e-04 1
8.497645e-05 72
3.443350e-04 1
4.613363e-05 1
2.275402e-05 3
2.047480e-05 4
2.666127e-06 1
6.841288e-05 1
8.001922e-05 2
6.962264e-06 159
1.573838e-04 1
1.271023e-05 7
1.693974e-05 111
2.088328e-04 714
7.321714e-05 1
1.561297e-04 1
3.044822e-05 3
8.522111e-05 2
6.409299e-05 2
1.521558e-04 89
2.758103e-04 181
3.544782e-04 555518
7.116165e-05 182
1.144288e-04 1
3.024842e-05 94
1.486052e-04 1
4.958325e-04 3
1.327869e-04 2
7.136131e-05 1
2.641899e-04 1
5.514447e-05 1986
1.445499e-04 194
1.113541e-05 82
5.492163e-04 3
1.970654e-04 1
5.166880e-04 1
6.766062e-05 3
2.149214e-04 1
4.953742e-04 1
1.382565e-04 1
2.214949e-04 3
2.725434e-04 3
3.991594e-05 4
6.894823e-05 1
4.878836e-04 7
1.162960e-04 2
2.895237e-04 2
7.571353e-05 7
3.548276e-04 3
4.168105e-04 1
4.800164e-05 1
1.561236e-04 1693
6.213106e-04 1
4.926877e-04 44
3.874488e-05 3
2.704484e-04 3
1.981821e-05 1
5.627778e-04 1
1.435785e-04 490
1.170951e-06 4
2.894838e-04 234
5.759113e-04 2
1.806105e-04 6
8.173496e-05 1
1.640996e-04 1
1.503091e-04 36501
1.049044e-03 1
1.216338e-03 1
2.744277e-04 2
2.207313e-04 1
1.802688e-04 1
1.373943e-04 216
3.055309e-05 3
8.841436e-05 619
2.568905e-04 1
1.672367e-04 1302
1.564745e-04 126
4.834725e-05 1
6.609478e-05 1
1.493286e-04 9730
5.515109e-05 6
5.349027e-06 1
2.260263e-04 1857
6.484481e-05 193
6.141855e-04 159
1.569332e-04 121
2.876360e-04 3
2.010960e-04 1
3.177447e-04 2
4.659052e-04 3
3.009039e-05 1
1.125540e-04 1
3.682722e-04 2
3.751784e-05 1
6.441636e-05 1
2.681561e-05 2
2.867910e-04 1
1.045439e-04 1
1.778161e-05 1
1.091365e-04 22300
1.066660e-04 1
3.662486e-04 2
2.747754e-04 3
1.238838e-04 3
1.455263e-04 1
1.935085e-04 2
7.884262e-04 1
1.408375e-04 1
7.434449e-05 1
2.111190e-04 61533
3.615239e-05 1
3.585354e-04 36121
3.764042e-06 7
1.904653e-07 3
4.547637e-05 1
1.138324e-04 1
7.134511e-05 2
3.252779e-04 1
3.201708e-04 2
3.001597e-04 175
2.949940e-04 1
1.648660e-04 1
3.426632e-04 1
7.324851e-05 1
5.830720e-05 1
1.117906e-04 213
9.179464e-05 4
4.678775e-04 1
6.735388e-05 4
2.642183e-04 1
1.787354e-04 5
1.301476e-04 272
2.609268e-04 5
3.738668e-05 1
5.007630e-04 3
5.778644e-04 7
2.185198e-04 3
1.262592e-03 1
5.524430e-04 3
3.704171e-04 686
1.648138e-04 1
1.002367e-04 1
9.890930e-05 17941
7.679664e-05 2
3.919746e-04 1
2.160032e-04 5
9.085226e-05 919
6.419489e-05 2
1.182021e-04 1
5.371280e-04 1
9.301635e-04 1
1.693808e-04 1
1.209999e-04 238
1.061319e-04 3
3.384241e-05 1
8.214509e-05 84
1.065219e-04 1
8.503426e-05 6
9.265357e-05 1
3.852888e-05 250
2.552479e-04 1
5.926246e-04 1
2.955475e-05 2335
1.165955e-04 1
1.413730e-04 3
2.708837e-04 1
1.059525e-04 3
1.325364e-03 2
1.118694e-04 1
1.555405e-04 2
3.052564e-04 1
4.740333e-04 1
2.081606e-04 1
1.124756e-04 19
1.717939e-04 1
1.289680e-04 44975
4.921173e-04 1
7.634966e-05 37510
5.561176e-04 44944
2.473935e-04 1
1.063004e-04 6
4.073700e-04 2
1.272264e-03 2
6.197706e-05 22
9.639453e-05 2
1.183302e-05 1
1.270624e-05 2
1.680359e-04 5
1.238871e-04 1
4.581298e-04 1
1.030707e-04 1
2.727050e-05 198
2.588591e-05 1
5.970492e-04 2
1.790214e-04 1
3.070870e-04 1
4.252907e-04 5
4.127221e-04 1
3.189585e-04 1
2.750203e-04 51907
9.030891e-04 1
5.923559e-04 4
3.127953e-04 1
2.806855e-04 73
6.633555e-06 1
3.221727e-04 61
1.150723e-04 1
4.185464e-05 1
2.003394e-04 1
4.753869e-04 722
2.272691e-05 3
3.312939e-04 858
2.027722e-04 2
2.205177e-05 1
5.331857e-05 72
3.395831e-05 1
2.206670e-04 1
6.161297e-05 7
1.994045e-05 2
5.050085e-04 1
4.006225e-04 50
2.755145e-04 5
2.443567e-05 7
3.755582e-04 3
9.287186e-05 1
2.282312e-04 72
2.491602e-04 1
2.007401e-05 1
3.807250e-05 1
4.478726e-04 1
1.959701e-04 1
1.032189e-03 163
3.980872e-04 1
6.368147e-04 1
1.213396e-04 1
5.328601e-05 1
2.051374e-04 6
6.334269e-05 1
1.331727e-04 1
1.113414e-04 1
2.112594e-04 1
2.122857e-04 1
8.287942e-05 1
1.134144e-04 5
6.989280e-04 2
5.853667e-04 4
5.147523e-05 1
2.001899e-04 2
3.820161e-04 5
6.549155e-05 68693
6.043219e-04 1
3.065007e-04 3
1.623782e-04 3
2.567730e-05 1
8.550438e-04 2
8.120585e-05 2
2.716160e-04 2
3.352129e-05 27271
3.613201e-04 1
5.920681e-04 60
2.522555e-05 4
2.678904e-04 1
3.600370e-05 1
7.464991e-05 2
1.020393e-05 1
3.671160e-04 1
7.808636e-05 2
4.987172e-05 13678
4.728999e-04 1
4.873223e-05 3
1.619641e-05 63016
5.755599e-05 1
2.445173e-04 2
3.272184e-04 1
1.038133e-04 29536
6.029925e-06 1
2.344074e-04 240
4.174998e-04 1
2.464488e-04 76
4.969242e-05 1
1.030349e-04 3
1.124908e-04 1
6.581001e-05 3
7.460504e-04 3
2.534558e-04 196916
2.682289e-04 1
9.846814e-05 3
2.875279e-04 7
5.257528e-04 1
6.126653e-04 1
1.973867e-04 1
5.122076e-04 1
3.856528e-05 5
2.543045e-05 1
5.243861e-04 34573
1.501420e-04 21078
5.787031e-05 1783
5.250489e-05 5106
2.959178e-04 415
2.543657e-04 1
6.364718e-06 90
3.658086e-04 6
1.135277e-04 5
1.885701e-04 5
7.807182e-06 1
3.237200e-04 1
1.745799e-04 1
2.783690e-04 2
3.928930e-05 3
1.975523e-04 1
8.953795e-06 1
2.148248e-04 1
4.522909e-05 1
2.031850e-04 1730
1.146010e-03 6
5.658037e-05 1
1.809758e-04 3
1.615036e-05 3
1.872164e-04 2
1.091066e-03 1
7.750434e-04 1
1.717392e-03 1
1.307215e-04 2
7.588410e-05 5
3.764564e-04 1
7.605151e-06 2
4.096441e-04 1
1.789303e-04 3
1.525101e-04 1
1.265624e-04 1
1.490757e-05 3
2.488873e-04 1
5.725320e-05 1
5.265110e-04 64725
4.105034e-04 1
3.765271e-04 3
3.278169e-04 1
5.810617e-05 3
1.203327e-05 2
3.368672e-04 1
4.872049e-04 6
3.072925e-05 1
7.135330e-05 1
6.829377e-05 1
2.048989e-04 3
5.354320e-05 2
8.846353e-05 1
3.193379e-04 1
2.066205e-04 1
4.255983e-04 1630
4.146962e-04 1
2.750561e-04 3
3.826346e-05 1
2.477713e-06 1
1.661104e-04 59
4.709337e-05 1
3.999564e-04 1
1.716128e-06 29713
1.125348e-04 3
1.822589e-04 532657
1.056649e-04 4
6.311188e-05 1
6.453417e-05 1
1.167300e-04 1
1.863532e-04 1
1.457075e-04 1
3.495249e-04 3
5.621374e-04 3
4.194422e-04 26505
6.086896e-04 1
2.781043e-05 651
4.541689e-05 1
5.695718e-04 1
3.993264e-06 5
1.226546e-04 219
1.614939e-04 17263
2.882850e-04 135
1.668514e-04 1
7.327504e-05 205
1.481212e-04 954
2.492113e-04 137
3.183850e-04 2842
2.202357e-04 2
1.055697e-04 49133
1.619628e-04 3
1.921059e-04 1
6.813706e-06 1
4.796670e-05 6
4.455181e-05 7
2.204202e-04 1
4.218390e-05 2
5.043246e-05 3
5.735951e-04 7
1.693599e-04 1
3.543132e-04 510
4.243551e-05 1
5.501355e-04 1
4.238230e-05 4
3.554758e-04 1
2.130875e-04 1
5.756873e-04 1
1.261571e-04 153
3.620230e-04 2
1.549108e-04 1
3.799043e-05 1
8.493721e-04 1281
6.663515e-04 1
2.544175e-04 1
2.379089e-04 3
4.335178e-05 173
8.076257e-04 1
3.388141e-05 34
4.446063e-05 1
9.026520e-06 1
2.250419e-04 1
2.604912e-04 143
2.892782e-04 76
1.951024e-04 1
9.959770e-05 3
2.060801e-04 1
1.509381e-04 1
1.126659e-04 2
1.639001e-05 1
1.475906e-04 1
1.827867e-04 1
3.652696e-04 51608
9.171382e-04 7
1.218377e-03 210
5.138400e-05 1
4.577648e-04 241
3.226417e-04 2
1.432035e-05 3
2.520361e-04 26567
1.182665e-05 1
3.606330e-05 589
2.488867e-05 212
1.086257e-04 1153
8.053316e-04 1
5.915006e-04 3
4.572233e-04 163
2.175964e-04 1251
6.346917e-05 159
2.366082e-04 2
2.983210e-05 22
6.713635e-05 1
5.174800e-04 2
5.982753e-04 1
3.232080e-04 1
8.485971e-05 3
5.951418e-04 2
8.425158e-05 5
4.553741e-04 1
5.048287e-04 1
1.429711e-04 2
3.202356e-04 1
7.337420e-04 6
1.331755e-04 65736
2.129553e-05 1
1.307558e-05 1
9.001558e-04 1
1.854256e-05 2
3.632885e-06 6
2.625813e-04 1
3.793327e-05 1
3.917839e-05 52373
8.728824e-05 1
1.572738e-05 1
5.338366e-05 1
1.455514e-04 6
4.177846e-04 1
2.421821e-04 1
6.620548e-04 1
1.976253e-04 1
2.009926e-04 1
2.974701e-04 1
8.099744e-05 2
1.681405e-04 1
6.768712e-05 1
1.789679e-06 5
2.213258e-04 150
2.047272e-04 1
9.097429e-05 1273
1.320307e-04 3
1.021701e-04 1893
6.121321e-04 241
1.290438e-04 1
2.134446e-04 1
3.543972e-05 1860
9.434153e-05 5
3.671647e-05 1
9.499073e-05 3
5.501901e-04 1
6.310861e-05 3
3.367821e-04 1
2.172370e-04 260
5.467548e-04 3
1.545519e-06 1
3.474588e-04 1310
7.103016e-05 1
2.326579e-04 66
4.394732e-04 1
1.370554e-04 3
1.376214e-04 5
5.503404e-04 1
1.935453e-04 1
1.391347e-04 1
3.247509e-04 1
1.094146e-05 3
6.776091e-05 1
4.501479e-05 1
6.341470e-05 1
1.446885e-04 3
5.900071e-05 252
5.467257e-04 1
1.775727e-04 7
4.175824e-04 1
2.377608e-05 3
8.373582e-05 1
2.276283e-04 1
7.011567e-04 1
7.528502e-04 1
1.852019e-04 4
7.205770e-04 1
5.043730e-04 1
8.254598e-05 18096
1.382987e-04 259
2.497917e-04 1
1.582191e-06 1
3.765846e-04 1
5.086616e-04 1
1.129404e-04 66
3.985237e-04 1
4.099412e-04 4
6.746199e-04 4
3.818197e-04 1
2.585199e-04 1
1.518925e-04 1
8.919163e-05 1
2.155970e-04 1
3.516893e-05 1
1.758543e-04 633979
4.902660e-05 3
3.010500e-04 3
1.678792e-04 1967
2.365600e-04 1
1.179651e-05 2
1.501108e-05 1
2.541921e-04 1
3.360531e-05 1
4.230208e-04 3
6.918037e-05 1
2.584613e-05 1
6.147575e-05 2
5.441475e-05 2
1.965554e-04 107
1.621208e-04 1
1.823531e-04 123
2.059656e-04 21031
3.205707e-04 1
6.730600e-04 2
4.606614e-06 1
1.605925e-04 1
8.281457e-05 1
1.233081e-04 2
1.391236e-03 58232
1.331071e-04 1
3.412081e-04 1
2.506123e-04 921
1.492315e-06 1
1.170577e-04 18
3.278340e-04 3
4.171377e-04 1
7.236794e-04 1
3.029085e-06 258
6.767286e-05 2
4.568314e-04 111
5.543242e-04 231
2.505364e-04 553
3.655693e-04 5
2.719198e-04 1
5.871564e-04 1
7.515940e-05 1
1.814318e-04 1
2.011000e-04 1
1.390923e-05 7
4.272231e-04 146
9.138206e-05 1
1.656905e-04 758
5.515299e-05 1
9.473483e-05 1
2.386816e-05 1
2.090481e-04 218
5.088733e-05 7
2.262883e-05 5
1.939806e-04 1
2.405528e-04 90
3.240614e-04 1
6.377935e-05 1
2.117033e-04 1
9.245407e-05 160
1.374713e-04 1
6.468348e-04 2
3.356487e-04 2
8.990397e-06 68
2.086458e-04 2
3.758842e-04 1
2.885623e-05 1
1.658597e-04 168
6.426233e-04 27306
2.781514e-04 220
7.883263e-05 1
3.723421e-04 1
2.939880e-04 2
8.709008e-05 230
3.478962e-05 1
1.986915e-04 1
1.440506e-04 59874
3.771197e-04 3
1.740610e-04 1
5.042048e-04 1
2.227876e-04 139
6.590120e-05 1
3.295391e-05 2
4.205222e-04 1
1.008994e-04 2
1.128791e-04 11067
1.805562e-04 1
2.469442e-05 1
4.113413e-06 3
1.752250e-04 2
2.490689e-04 1
1.339087e-04 460456
5.072016e-05 1
5.594590e-04 1
9.956359e-05 1
3.031430e-04 1
4.098273e-04 1
2.174213e-04 153
8.851394e-05 1
4.659398e-05 3
2.866760e-04 42415
1.270443e-04 1
5.172195e-05 16
5.147071e-04 14603
5.774044e-05 5
9.893154e-05 25
2.395724e-04 1
4.206361e-04 1
1.356376e-05 1
1.259038e-05 1
7.099593e-05 6
1.973647e-04 1
1.829022e-04 2
4.656082e-05 1
4.563798e-05 5
5.964112e-05 1
5.467685e-05 2
6.200376e-05 1
1.253513e-03 3
1.186134e-04 1
6.664130e-05 1
5.418581e-04 1
6.684931e-04 247
2.298088e-04 4
1.029347e-04 1
2.820801e-04 1
4.409959e-05 1
1.061248e-04 175
5.008037e-05 1
2.402853e-04 3
2.413058e-04 688
1.257833e-04 1334
1.748383e-04 679
3.511834e-05 146
2.752526e-04 4
2.844337e-05 46884
1.270801e-05 2
3.553169e-05 336
1.727327e-05 1
3.637846e-04 1
3.190140e-04 1
3.345951e-04 2
4.112753e-05 1
2.481341e-04 6
1.152261e-05 2
6.265637e-05 3
2.770726e-04 1
2.863563e-04 1
4.664285e-04 6
5.151363e-04 1
5.137064e-04 1
3.219660e-04 1
1.671443e-04 1
1.031912e-04 1
9.836942e-04 1
1.504977e-04 6
4.799580e-05 1280
5.995801e-04 3
2.031670e-04 1
2.634228e-05 3071
2.899224e-05 1
9.315242e-05 72
3.476677e-04 1
9.312154e-05 1
1.468036e-04 1
1.526443e-04 1
2.152589e-05 7
2.715735e-04 1
1.318830e-05 2
1.113155e-05 1
1.070169e-04 1
2.159892e-04 5
4.215058e-06 33589
1.707445e-04 3
4.473411e-04 112
1.315510e-04 1
7.748121e-04 1
3.972757e-06 1
1.156734e-04 1
1.643636e-04 3
2.672325e-04 7
9.709049e-05 1
5.231928e-04 1
5.648361e-04 2147
3.338285e-05 1
5.803522e-05 7
2.744363e-04 1
5.152575e-04 2
3.734066e-05 190
5.590769e-05 3
8.372463e-05 7
9.180012e-06 6
2.788224e-04 1
4.378598e-04 4
1.189633e-04 22
4.349486e-04 1
4.193347e-04 1
4.247418e-06 1
4.316957e-05 7
5.284965e-04 5
7.641821e-05 1
2.702563e-05 1
6.041080e-05 1
5.997614e-05 1
3.097787e-05 1
2.025342e-05 2
2.542344e-05 70
5.112117e-04 2
6.568041e-04 1
1.386351e-04 17
4.654909e-04 7
1.680283e-04 1
4.218314e-04 1
8.638444e-05 1
1.622349e-04 1
4.136293e-04 7
8.309269e-04 1
3.571669e-04 3
9.636715e-05 1
7.980386e-05 1
5.828551e-05 23
4.376151e-04 34
6.772208e-04 50911
3.198746e-04 1
1.684614e-04 1
4.469356e-04 7
1.162105e-03 1
1.048313e-04 1
1.492401e-04 1
1.077247e-04 1
3.462223e-04 2
1.999051e-05 1
1.986734e-04 1
1.729174e-05 1
7.367388e-05 1
1.923759e-04 1
7.217953e-04 1
3.508561e-04 1
5.338358e-04 38867
5.109910e-04 1
4.015109e-04 3
2.976536e-04 162
3.936467e-05 1
3.767743e-05 1
9.572364e-04 6
5.271986e-04 3
1.271404e-05 186
3.679532e-04 1
3.427209e-04 1
8.376193e-05 1
1.634338e-04 2
4.660908e-04 3
1.291316e-04 1
1.749191e-04 2
4.427644e-04 1
4.533834e-04 1
3.048574e-06 3
3.247390e-05 4
1.658766e-04 733
1.385290e-04 1
2.643332e-04 225
1.979365e-04 1
3.792841e-06 5
1.001280e-04 1502
8.989972e-05 1
4.814847e-04 3
6.565419e-04 1
1.449109e-04 1
2.342336e-04 6
3.274180e-05 1
7.876717e-05 2
4.067311e-04 1
1.608325e-04 163
4.352165e-04 44818
1.416854e-04 144
3.621262e-04 1
9.960062e-04 1
1.837519e-04 1
6.715398e-05 3
1.327321e-04 1
1.575272e-04 5
3.332377e-04 352
3.611447e-04 1
7.423815e-04 3
5.040059e-05 116
2.116253e-04 3
4.830078e-05 462
1.734654e-04 1
6.060777e-05 1
5.354331e-04 1
1.134359e-04 1
1.948664e-04 3
2.648482e-04 222
3.473876e-04 76
5.294412e-04 466138
1.017846e-04 1
1.096008e-04 1
1.044764e-04 1
3.109169e-05 1749
6.821702e-05 7
4.288999e-04 2
7.806001e-05 3
4.367982e-04 3
4.088806e-05 265
3.263283e-04 121
1.680039e-04 1
7.506840e-05 1288
3.014486e-04 5
9.602470e-04 1
2.456833e-04 55
5.981961e-04 1
8.943167e-05 1
1.962777e-04 1
7.435767e-05 190
3.652226e-04 4
7.702346e-04 1627
1.490216e-05 1
3.497865e-05 1
9.773023e-04 1
1.330323e-04 1
3.534388e-05 1
1.191398e-04 1
1.430560e-05 2
5.769687e-04 1
4.856309e-04 3
4.929653e-04 1
2.463521e-04 1
6.076666e-05 2
1.926351e-04 1
1.623661e-04 6
5.826884e-05 2
4.883585e-04 1
7.983999e-04 17944
2.583555e-04 24
3.024971e-06 19
1.288968e-04 1
2.543632e-04 2073
9.221716e-05 1
6.476767e-06 3
3.605343e-05 1
1.885208e-04 1
6.655793e-05 1
2.098304e-04 105
1.985520e-04 1
1.184651e-03 1
1.984653e-04 1
2.757201e-05 1083
9.619503e-05 1
6.820214e-04 1
6.690933e-05 1
2.235892e-04 6
2.409967e-04 300051
3.093201e-05 1
1.038990e-03 1
2.971060e-04 2
1.918832e-04 2
3.230782e-06 1
6.657497e-04 1
2.910343e-04 1
3.375175e-04 3
1.208063e-04 1381
1.170288e-04 1
7.180109e-05 2
2.924525e-04 1
6.553835e-04 1
4.797422e-05 1
6.120851e-04 1
1.015980e-04 1
1.380875e-04 129
2.385406e-05 1
3.161194e-04 1
2.177962e-04 1
2.484530e-04 57849
6.477106e-04 4
2.028527e-04 1
7.192390e-04 324285
8.538423e-05 4
4.254218e-04 1
1.711976e-04 1
8.486960e-04 1
1.608600e-04 1
1.204985e-04 3
3.876094e-04 1
2.116571e-04 7
3.196659e-04 1
4.618401e-04 1
2.834595e-04 53931
1.198149e-04 251
5.272532e-05 35971
4.507210e-04 102
8.528669e-05 1
5.606471e-04 1
1.462998e-04 1
4.795883e-05 1
2.875284e-05 1
3.628869e-04 1
5.348769e-04 1
4.867841e-05 249
1.449487e-04 1
1.431546e-05 2
3.342362e-04 1
1.537105e-04 1
4.959296e-05 1
7.832583e-05 3
4.840887e-04 5
6.330749e-05 1
1.267724e-04 120
9.340285e-05 68
1.450019e-04 3
5.672169e-04 1
3.536789e-04 1
5.395654e-04 2
2.346686e-07 46
8.033333e-06 218
5.942638e-04 1
1.758359e-04 1
4.300974e-04 1
7.093548e-04 2
2.193385e-04 3
1.407102e-04 1
2.674293e-04 5
7.051889e-06 1
2.589435e-04 1
8.671434e-05 1
4.395814e-05 1
4.215129e-04 1
4.464767e-04 1
6.903682e-04 1
1.595123e-04 1
4.635186e-05 7
1.831893e-05 3
1.544803e-04 2
1.062611e-04 444673
1.004129e-04 1
2.507501e-06 273
2.812424e-04 7
1.002701e-05 2
1.509014e-04 2
3.784700e-04 186
2.102030e-04 1
1.119114e-04 1
1.031947e-04 6
1.660659e-04 3
1.038345e-04 4
1.982144e-04 1
1.279478e-05 1
1.659860e-06 2
2.841500e-04 1
4.724685e-05 1
1.257583e-04 1
3.751806e-05 1
6.514057e-05 1
1.011903e-04 1
3.054456e-04 1
7.584420e-04 3174
3.319796e-04 2
4.339142e-04 1
6.398822e-05 570867
3.738185e-04 1
3.905508e-04 1
2.910594e-05 1
6.993392e-04 6
6.410042e-04 1
1.230909e-04 1388
4.188490e-05 1
4.769619e-04 1
3.843277e-04 1
7.674333e-05 104
4.262932e-05 6
5.175106e-05 3
2.986049e-04 1
4.098016e-04 3
8.956509e-05 1
5.988773e-04 1
3.856596e-05 1140
2.900906e-04 1
3.451884e-04 1
1.740765e-04 1
9.781635e-05 2
1.474667e-04 7
3.577769e-04 2
7.135925e-04 1
1.974863e-05 3
4.524086e-04 1984
3.602349e-05 2
8.845470e-05 1
1.121854e-04 1
3.526898e-04 3
3.870017e-04 47
6.912941e-04 1
1.371186e-04 1
1.451273e-04 1
7.270386e-04 1
9.659703e-05 1
1.319269e-04 2
1.169017e-04 1
4.290404e-05 1
1.082711e-04 3
6.036542e-06 1
1.140504e-04 2
2.450238e-04 1
2.071009e-04 1660
5.035989e-05 1
1.574365e-04 1135
1.768217e-04 7
2.038350e-04 2
5.510741e-05 1
1.888015e-04 120
1.365161e-04 2
3.124220e-04 3
3.675583e-04 475
3.013813e-04 3
3.716796e-05 3
1.372175e-04 3
7.109950e-05 3
4.602165e-05 51
2.905101e-05 168
1.800680e-04 6
8.026265e-05 1
4.895493e-04 1
2.303794e-04 3
3.382478e-06 7
2.649900e-04 3
6.935974e-05 1
6.870750e-05 675
9.317583e-05 1
3.715273e-05 3
1.016369e-04 3
1.333639e-04 7
2.217108e-04 41
1.788467e-04 3
2.445724e-04 1
2.458576e-04 3
4.664142e-04 1
5.450420e-04 3
8.233799e-04 1
1.679777e-04 2
7.651690e-05 1
5.154015e-04 1
4.303187e-04 1
4.008736e-04 1
5.117439e-04 2
6.160764e-05 2
1.605228e-04 1
4.464404e-05 1
2.052031e-04 2
4.041244e-04 5
1.570521e-04 5
4.754772e-04 5
1.047747e-04 1
3.791142e-05 1
1.089657e-07 3
7.863039e-04 1
1.466663e-05 1
5.509629e-04 1
4.486491e-04 5
4.042185e-06 6
2.270814e-04 213
3.687108e-04 3
2.802301e-06 130
3.371755e-04 1
3.213905e-05 1
1.428077e-04 1
1.037791e-03 2
1.685413e-04 222
2.498218e-04 213
4.727609e-04 2
7.898585e-04 674
8.745848e-05 1
4.278600e-04 171
8.947069e-04 1
4.777806e-05 2
5.552121e-05 1
2.739940e-04 86
5.019959e-04 1
1.340008e-04 1
1.529373e-04 1
8.583612e-05 1100
5.418675e-05 1
5.419412e-04 1
3.839355e-05 6
4.634752e-05 1
6.088373e-04 1
2.523369e-04 384
5.229892e-05 1
2.763617e-04 63386
9.274960e-05 1
3.039756e-04 7
1.218933e-04 2
3.000563e-04 2
1.554144e-03 2
7.916246e-04 281
5.740157e-04 1
8.411786e-05 1
5.394545e-04 3
7.424316e-05 1
1.125769e-04 3
2.605962e-04 1
3.890095e-04 6
5.254949e-06 2
2.691000e-04 3
6.279883e-05 249
1.076481e-04 6
1.872441e-04 2
7.257666e-04 1
2.210971e-04 1
2.974524e-04 1
1.093885e-05 3
3.371407e-04 1
4.753082e-04 4
7.856025e-05 2
5.645727e-04 27
7.804386e-04 1
2.214793e-04 16
7.221466e-04 1
3.040504e-04 1670
1.415904e-04 409
3.575839e-05 1
1.932802e-04 1
2.690028e-05 30128
3.069739e-04 2
3.764242e-04 1
5.102924e-04 189
8.875332e-05 1
1.858598e-04 26611
3.729244e-04 3
6.236758e-05 2
2.083590e-04 1
8.104758e-04 3
1.676471e-04 2
1.291456e-03 1
2.481405e-04 1
1.234562e-03 3
3.292613e-05 1
8.789782e-05 3
3.729985e-04 1
3.051079e-04 2
3.636847e-05 1
1.362194e-04 255
4.666627e-05 3
1.336604e-04 1
1.426390e-04 1
2.131783e-05 1
2.461391e-04 1
1.642742e-04 1
3.492745e-04 11536
8.084311e-05 1
1.536014e-04 1
4.859289e-05 3
2.686576e-05 3
4.179986e-05 2
2.498701e-04 1
7.820548e-04 1
3.087700e-04 1
4.670372e-05 3
3.021283e-04 1440
9.403511e-05 1
3.785417e-04 1
2.163770e-05 135
1.775307e-04 3
1.449561e-04 3
7.133272e-05 5
4.141314e-04 1787
7.465299e-05 1
1.106112e-04 7
4.689403e-04 2
3.499292e-06 1
3.573220e-04 86
6.513046e-04 1
2.813523e-04 459
5.681891e-04 1
1.829559e-04 1
1.102370e-03 1
1.517967e-04 5
1.486880e-05 1
2.384499e-04 184
1.814172e-04 3
1.355804e-04 1
3.231961e-04 3
1.682259e-04 3
2.169998e-05 1
3.807070e-04 5
2.051868e-04 3
1.824929e-05 3
1.032929e-03 1
3.531499e-04 1
6.456413e-05 1
4.243088e-04 76
9.127710e-05 1
2.093037e-04 1
1.697583e-04 1
1.834006e-04 2
3.675378e-05 1
1.151096e-04 4
2.659270e-04 1
6.671783e-06 1
2.067031e-05 47169
7.454793e-05 1
9.503622e-05 1
8.204868e-04 1
9.272353e-05 1
1.038541e-04 96
3.555990e-05 1
1.941409e-04 1
1.115667e-05 3801
2.482238e-04 1
2.724076e-04 5
1.605090e-05 1
5.502752e-06 1
