2.120827e-04 1
3.814821e-06 1
1.900053e-05 155
1.015274e-04 1
5.892727e-05 214
3.548494e-05 1
8.395504e-05 1
2.764608e-04 1
1.446445e-06 1
1.188905e-04 1
4.247031e-05 4
6.543845e-06 1
1.371076e-04 1
7.391597e-05 3
6.164667e-05 357
9.228347e-05 1033
5.301213e-05 1
2.574224e-04 242
1.043053e-04 7
6.193260e-05 1
1.345906e-04 1
8.107275e-05 1
4.172314e-05 1
1.774298e-04 6
3.298462e-05 1
7.981213e-05 1
2.864100e-05 6
2.775739e-06 77
3.905474e-05 1
4.481190e-05 1
9.918477e-05 1
1.578715e-05 1
2.136370e-05 3
7.188579e-05 3
7.767874e-05 1
5.697403e-05 3
7.078518e-05 1
1.162401e-04 1
2.525660e-05 1
4.918717e-06 2
5.924129e-05 3
2.732107e-05 113
3.359600e-06 1
6.278261e-05 38630
1.664156e-04 3
3.665249e-05 1
1.840694e-05 7
1.602577e-04 1
2.333307e-04 3
7.737752e-05 243
4.876787e-06 1924
1.888426e-05 1
1.510226e-05 46
8.950720e-05 2
2.258660e-05 6
6.489001e-05 2
7.114495e-05 1
1.459697e-04 1771
5.436398e-05 3
1.201414e-05 1
4.297190e-05 35
6.254035e-05 1
5.099246e-05 4
1.225623e-04 3
2.723943e-04 1
9.449808e-05 7
7.748973e-06 1
7.598915e-05 1
1.493696e-05 1
4.507967e-05 178
6.251662e-05 1
1.988013e-04 1
4.533045e-05 1
9.722437e-05 1
3.697593e-05 2
3.354874e-06 6
2.827797e-05 64712
6.570617e-05 1
1.018000e-05 1
1.165203e-04 3
1.275262e-04 1
1.864943e-05 6
6.257462e-05 41987
1.234483e-05 1287
3.730999e-05 1
2.325209e-04 1175
7.178522e-05 1
3.359737e-05 50611
2.509783e-04 6
1.156642e-04 6
2.634004e-04 1
8.131658e-05 2
1.693417e-04 3
8.072475e-05 1170
2.349729e-05 221
6.627036e-05 1
4.134177e-05 766
1.962692e-05 1
3.283345e-05 1
2.200899e-04 1
2.494339e-05 1
5.727171e-05 15573
4.568290e-06 2
4.540954e-05 2
1.048723e-04 1107
2.838983e-04 1
3.853548e-05 1
2.068121e-05 1
2.117579e-04 1
6.273065e-05 1
2.868918e-05 1
1.557388e-04 1
1.170377e-04 1
2.833968e-05 2
6.752258e-06 1
7.998911e-05 6
9.775827e-05 2
2.086938e-06 1
7.964786e-05 1
8.725359e-06 3
1.128424e-05 1
1.301807e-04 2
3.255491e-04 7
2.004226e-05 4
1.906547e-04 1
2.206871e-05 29716
2.088914e-04 1
1.400068e-04 2
3.477066e-05 1
3.604493e-05 1
1.902287e-05 615675
2.323687e-05 2
7.409751e-05 129
6.829293e-05 2
6.073278e-05 2
2.482056e-05 1808
5.319917e-05 1
3.571819e-05 1
3.583593e-05 2
1.113668e-05 214
4.200576e-06 1
1.002233e-05 1
3.967276e-05 1
1.166961e-04 1
1.453143e-04 1
2.990237e-05 1
2.632589e-05 2
5.119777e-05 6
2.224287e-05 752
1.164705e-04 1
9.542076e-06 6
5.790905e-06 1
2.725566e-04 5
5.737834e-05 1
4.893653e-05 1
3.103714e-05 1
2.554570e-04 2
5.082144e-05 262
1.219845e-06 262576
4.877195e-06 1
8.105404e-05 1
7.653799e-05 49086
1.524941e-05 7
2.519772e-05 1
9.063809e-06 2
1.206302e-04 1
8.374621e-06 1
5.935417e-05 1
5.507760e-05 1
2.861462e-06 503
3.678257e-05 1165
1.655534e-05 37193
1.486850e-04 1
1.380134e-04 1
7.025634e-05 112
4.408762e-05 1
7.326606e-05 68
3.643015e-04 1
1.289061e-05 1280
3.660245e-06 1
1.463262e-04 1
1.386243e-05 1
8.154704e-05 1
2.907712e-05 201
6.267017e-07 1
5.092084e-05 180
6.249810e-05 1
2.500787e-05 1
2.370725e-05 3
2.094105e-04 7
3.588412e-06 3
2.419158e-04 1
2.878988e-05 1
4.641617e-05 1
7.412158e-06 1
6.526153e-05 1
9.235767e-05 3
4.794066e-05 1
1.289967e-04 1
1.071351e-05 1
7.619021e-06 51
3.232916e-04 68
3.378689e-05 4
4.824225e-05 4
8.015376e-05 1
4.585991e-05 4
1.172653e-04 2030
2.815462e-05 1
3.907630e-06 1
2.054151e-04 1
1.128988e-04 26
3.957963e-05 1
1.700465e-05 3
5.359201e-05 3
1.789491e-05 14820
2.076878e-09 5
5.530928e-06 5
2.772080e-05 97
1.354184e-04 2
3.560374e-05 2
1.113341e-05 1
2.851237e-06 1
7.110958e-06 1
8.386652e-05 1
1.382021e-04 1
1.731083e-05 1
4.527878e-05 2
1.267448e-05 1431
1.206626e-04 3
1.211962e-05 1
1.655797e-05 1
4.724478e-05 1
1.015417e-04 140
9.912669e-05 4
1.116609e-05 1
4.773278e-05 418
8.760308e-06 4
6.817685e-05 7
6.942326e-05 6
4.883835e-06 198
2.176656e-05 4
1.664180e-05 2
2.146565e-04 1635
3.344584e-05 190
2.114780e-05 1
9.182584e-05 42400
1.432848e-04 1
2.637904e-05 6
5.167574e-05 3
4.198133e-05 1
2.132201e-05 1
2.894090e-05 1
6.041939e-05 1
4.934215e-06 5
5.644751e-05 2
1.488520e-04 5
3.209354e-05 241
1.739996e-05 1
8.494745e-05 1
1.002805e-05 1
3.465099e-05 144
1.938793e-05 2
5.849611e-05 3
1.244621e-04 1
1.491575e-05 1
3.338264e-05 2
1.070323e-04 1777
1.661523e-05 212
1.199190e-05 1
4.893841e-05 1
7.262601e-07 347
1.483361e-05 165
7.372105e-06 1
5.966047e-05 88
1.425019e-04 1
2.709378e-05 1
2.975730e-04 149
3.128870e-06 1
7.960215e-05 1876
5.717742e-05 7
9.670769e-05 1
2.754994e-06 184
1.130758e-05 3
2.879349e-06 1
5.105211e-05 1
3.232384e-06 1
1.141598e-04 2
3.129832e-05 1
1.112154e-04 3
4.600050e-04 6
5.480576e-07 1
1.696267e-05 1
9.395518e-05 1
2.132568e-05 6
1.948430e-05 7
1.344778e-05 2
5.188358e-05 124
1.120055e-04 1
5.146995e-05 3
2.360647e-05 1
7.739396e-06 3
9.512615e-05 1
1.077973e-06 173
1.093741e-04 3
5.742028e-05 1
2.883522e-05 1
8.732269e-06 1
2.162995e-04 10575
5.000672e-05 1
8.904637e-06 1
1.048202e-04 1
2.289081e-05 1
6.609615e-05 3
6.834257e-06 1
1.048450e-04 330887
1.884973e-04 1
3.565108e-05 2
5.873558e-05 6
5.316651e-05 112
2.973767e-05 1
8.323974e-05 1
3.647600e-05 1
1.218934e-04 1
7.343385e-05 250
8.782438e-05 688
8.684937e-05 7
1.416940e-05 1
4.765148e-05 1
6.693713e-05 1
2.944215e-05 1
1.468236e-04 1
1.560822e-04 1
5.085963e-05 1
2.891221e-04 5
6.981402e-05 2
1.177560e-04 1
1.713577e-04 1
2.783417e-05 1
3.428593e-05 158
1.297283e-05 1
1.209000e-05 7
1.236083e-05 1
1.089786e-04 1
9.396257e-05 1
4.551638e-05 1
2.142673e-04 1
5.577088e-05 1
2.517907e-04 4
1.402642e-04 3
4.839949e-05 1
3.030275e-05 1
7.477248e-05 1101
6.379880e-05 2
4.356927e-05 1
6.089807e-05 2
1.592777e-05 165
7.672764e-05 1
1.139980e-05 1
7.057101e-05 1
9.273992e-05 1
3.239781e-05 1
2.703237e-05 3
3.546287e-05 2
4.599413e-05 3
2.475431e-05 3
2.159810e-05 1
7.217556e-05 6
3.493594e-05 625
1.469786e-04 6
1.114203e-04 3
2.112271e-05 22719
5.841144e-05 2
6.522905e-05 3
1.186255e-04 109
2.236843e-04 2
1.370981e-05 60
8.236249e-05 165
6.317492e-06 3
6.716168e-05 1
1.929145e-04 1
4.880668e-05 1
9.616924e-05 1
7.885590e-05 5
3.389163e-05 1
2.419722e-05 1
4.196284e-05 1
3.772362e-05 6
5.770236e-05 1
1.708350e-04 4
4.519132e-05 1
1.161701e-05 2
4.961949e-06 1
3.012326e-05 1
6.842998e-05 1
2.208920e-05 123
7.426834e-05 1
3.611784e-05 1
2.348599e-04 1
7.766233e-06 2
1.007532e-04 1
1.603922e-05 266
4.388989e-05 2
2.690779e-05 1
8.362662e-05 5
7.178200e-05 1
2.266234e-04 1
7.360010e-05 2
5.893532e-05 2
6.674133e-05 2
1.697220e-06 1
2.238417e-05 1
4.649999e-05 1
1.750057e-05 1
2.602813e-06 1
1.148204e-04 1
2.266490e-04 2
3.389736e-05 1
1.039584e-05 1
4.220589e-05 1
4.974586e-05 4346
3.387705e-05 1
1.099419e-04 1
7.714547e-05 3
2.291052e-05 246
3.773134e-05 1
3.011864e-07 1
7.028949e-05 1
1.158106e-04 1
1.121034e-04 1
7.341988e-05 12
2.844105e-05 2
1.557000e-04 4
5.939892e-05 1
5.367468e-06 1
7.649992e-05 3
2.004203e-05 1009
5.142410e-05 1
1.549951e-04 5993
1.485822e-04 4
1.003345e-04 2
1.630051e-04 1
2.111566e-05 2
1.093090e-05 2
8.435672e-05 1
1.141008e-05 7
1.605430e-05 3
3.068019e-05 5
8.131861e-05 1
9.316318e-05 1
3.495688e-05 6
8.200697e-06 1
4.484954e-07 3
9.487212e-05 1
2.545815e-05 38142
7.230196e-06 2
9.117853e-05 3
4.345656e-05 1631
1.300946e-04 160
6.973118e-05 6
8.434421e-05 1
1.089837e-06 1
7.560664e-05 1
1.626247e-04 1
2.386098e-04 261
5.354014e-05 2
2.769440e-05 1
4.274717e-05 1
4.859921e-05 3
2.215592e-04 1
8.698911e-05 1
5.947872e-05 1
2.061970e-05 1
1.607423e-04 1
7.396001e-05 1
1.275944e-05 3
2.880534e-05 1
7.387306e-05 1
3.740777e-05 1
1.685344e-04 172
1.020723e-04 2
1.726625e-05 235
7.206411e-05 2
1.339625e-04 5
2.177411e-05 1
1.100787e-04 3
1.776209e-04 1
3.691275e-05 348
1.525492e-05 1
5.966465e-06 1
1.882102e-04 7
6.070886e-04 1345
2.497548e-04 3
4.342035e-05 1
7.667959e-07 1816
1.107943e-04 1
2.653208e-05 6
2.108732e-05 1473
1.989553e-05 5
2.317148e-05 49
1.041626e-06 1
9.114203e-05 1
5.162951e-06 1
1.165920e-04 276
6.907170e-05 3
2.236169e-05 1
3.466736e-05 1
2.761374e-05 1
1.266473e-04 1
9.310714e-05 174
2.484887e-05 1
5.509549e-05 2
2.247844e-04 5
1.056108e-04 1
6.341025e-05 1
3.187923e-05 4
2.878058e-05 3
2.807616e-05 1
7.450656e-05 41
5.365254e-05 3
8.749085e-05 1
5.733007e-05 4
4.297637e-05 1
6.130056e-05 18
2.551281e-05 1
8.988065e-05 1
1.304626e-04 3
4.312857e-06 1
1.492860e-04 2
1.500175e-04 3
8.569085e-05 3
2.390998e-04 2
9.271194e-05 1
2.034844e-04 1
2.168954e-05 1
3.031177e-05 4
2.622087e-04 1651
5.715903e-05 1
3.049873e-05 1
8.836281e-05 4
1.330975e-05 1
2.394427e-05 6
1.255729e-04 2
4.407703e-05 1
4.008559e-04 2
2.095179e-04 39
7.286017e-05 1
1.110517e-04 584
6.385238e-05 37939
2.075958e-05 1
7.687593e-07 1
2.577028e-05 1
6.867625e-05 4
1.462775e-05 3
5.313317e-05 1
2.466929e-04 7
6.301176e-05 6
5.796284e-05 1
3.571535e-05 1343
2.955002e-05 235
8.317770e-06 11421
1.335653e-04 1
1.769518e-04 1
3.778611e-05 1
1.567325e-04 1
9.762041e-05 1
1.065476e-04 5
4.241460e-06 4
1.370711e-04 1
4.534393e-05 3
7.843083e-05 1
4.154628e-05 1
3.006066e-05 2
1.160638e-04 1125
3.292469e-04 750
3.001433e-05 1
1.270863e-04 2
1.421796e-04 64
4.808528e-05 3
7.653229e-06 4
3.576766e-05 1
1.814907e-05 1856
1.241933e-04 1
5.275752e-05 2
3.052154e-05 1
1.926960e-05 3
1.284184e-04 1
2.066816e-05 1
1.675150e-04 7
2.044212e-05 41571
1.013736e-04 1
5.558180e-06 1
2.051077e-06 1
1.195981e-04 1
1.596723e-04 1
1.282387e-04 1
7.600782e-06 1
2.802117e-04 1
1.806351e-05 1
7.477123e-05 1477
1.131939e-04 917
6.119657e-05 1
3.506994e-04 100
7.674032e-05 124
5.202095e-05 1
6.613084e-05 159
9.203672e-05 1
3.251849e-05 1
1.186263e-04 83
1.661372e-04 56
2.729675e-05 5
9.508634e-05 3
7.345361e-05 1
7.428952e-05 1
7.256304e-05 1
9.283000e-06 1
2.984903e-05 6
9.175418e-06 3
2.110928e-04 1
1.019459e-05 1
3.867316e-05 1
1.227558e-04 2
5.578978e-05 8581
1.608238e-04 1
3.871766e-06 7
5.935079e-05 2
1.303699e-05 252
3.250748e-05 1
2.932047e-05 1
5.800358e-05 27
1.394377e-04 6
9.911682e-05 1
3.428403e-05 1
1.180944e-04 2
1.631277e-04 1
2.150423e-05 69
7.782979e-05 47
6.974025e-05 3
1.315334e-04 3
2.107316e-05 40560
7.953614e-05 2
7.238007e-05 3
3.427008e-05 2
1.244576e-05 1
5.398553e-05 7898
1.528784e-04 7
1.194617e-05 461901
4.596044e-05 1
4.994009e-06 219
3.144744e-05 1
1.916018e-07 3
3.680234e-05 400258
8.873087e-05 1
2.759171e-05 1
8.213787e-05 2
1.112709e-04 1
2.147606e-05 3
1.652473e-05 7
3.428736e-06 1180
2.358401e-04 3
3.786992e-05 3
1.933998e-04 1
8.022442e-05 1
1.407994e-05 1581
8.407690e-05 7
1.836395e-05 211
5.069723e-05 1
4.429162e-05 1
1.867991e-06 1
2.013467e-06 1
2.773066e-05 29111
2.057257e-04 5
3.858478e-05 1
4.533824e-05 1
9.174045e-05 1
1.578410e-05 13
8.086444e-05 1
5.583176e-05 1
3.833381e-05 41442
2.628323e-05 3
2.748899e-05 212
7.551834e-06 3
4.372055e-05 3
2.553544e-04 1
7.379065e-06 2
8.188386e-06 1
3.538170e-05 170
1.163274e-04 1
6.528522e-06 3
1.093974e-04 3
1.640879e-04 45959
1.924987e-04 220
5.657783e-05 3
5.260351e-05 1
1.477308e-04 1
7.173833e-05 67407
2.485990e-05 1
7.905750e-05 3
1.253776e-04 2
1.475706e-05 1
6.356468e-05 5
1.712674e-05 4080
3.272489e-04 1
3.110304e-05 1
1.516013e-05 1
7.367393e-05 1
2.632512e-05 1
1.494866e-04 3
1.052150e-04 30
1.391515e-05 1
2.776879e-05 61089
1.778057e-05 1
9.656631e-06 585
1.157518e-04 3
9.763520e-06 205
2.290692e-05 1
9.265292e-05 1
5.059001e-05 1
1.665610e-04 3
5.795108e-05 270
9.329864e-05 3
4.302648e-05 2
1.401049e-06 49
4.274378e-05 1
2.718965e-04 7
7.472368e-05 1
2.062558e-04 1
1.172626e-04 127
7.760181e-08 1
7.856052e-05 1
1.795503e-05 1
1.186305e-04 3
5.530093e-05 2
2.291691e-05 3
9.912944e-06 171
2.178080e-04 114
1.179469e-05 4
1.122623e-04 167
3.407385e-06 6
9.616818e-05 7
3.877177e-05 1
6.063693e-05 1
7.046465e-05 1
4.085979e-05 1
9.094055e-05 1
9.064033e-06 1
7.306677e-05 1
1.513054e-05 13393
3.175103e-05 1
1.961124e-04 2
6.291725e-05 1
1.433328e-05 3
2.961714e-05 7
7.728152e-05 5
1.259025e-04 1
2.376280e-05 1
3.556401e-04 1
1.709121e-04 236
5.844295e-05 1
1.192582e-04 1
1.032016e-04 3
7.132445e-05 1
2.926537e-05 2
1.709206e-04 130
3.460359e-06 2
8.627726e-05 88
1.089153e-04 1
1.111116e-04 1
4.252427e-05 1
3.169273e-04 2
3.374013e-05 2
4.343245e-05 1
9.845414e-05 1
1.004626e-04 2
3.840716e-05 2
1.104349e-05 1
2.560169e-05 1
1.366951e-05 6
1.475130e-05 57650
4.231898e-06 1
4.652179e-05 1
2.101726e-04 1
2.197329e-04 1
2.946578e-05 1
1.651772e-04 3
7.269637e-05 1
3.355031e-05 1
5.288493e-05 147
4.432258e-05 1
1.443607e-04 1
3.881256e-05 1
1.562778e-04 49
8.415486e-05 1
5.028959e-06 1807
1.151638e-04 101
2.567594e-05 1
2.241492e-06 1
6.670928e-05 1
8.338810e-05 1
1.231069e-05 3
7.551528e-05 4
1.189010e-04 35152
1.969982e-04 1
6.172811e-05 1
5.930999e-05 4
6.465161e-05 1
9.113682e-05 1
9.128918e-05 233
3.209190e-06 2
4.065347e-05 194
4.266351e-06 1
2.401341e-04 552917
6.012885e-05 1
1.796278e-05 1
2.527764e-05 171
9.770164e-05 228
8.818970e-05 1
6.314727e-07 252
1.324119e-05 2
8.606959e-05 1
5.318540e-05 1
1.833926e-04 1
1.458553e-05 230
1.413486e-05 7
6.832038e-05 3
2.200255e-04 2
1.631866e-04 1
9.079887e-05 1
1.255736e-04 3
7.847316e-05 1
4.353382e-05 1
1.209317e-05 2
2.385753e-04 1
2.047874e-04 5
6.899616e-05 3
7.923164e-05 2
4.232914e-05 1
4.547148e-05 1
9.788179e-05 1
5.431676e-06 6
9.527500e-05 1
8.668431e-05 1
1.612524e-05 1
1.783593e-04 5125
9.764281e-07 100
9.574539e-06 6
2.573762e-04 4
1.042051e-04 1
8.765742e-05 1
1.121643e-04 1
6.598209e-05 1
6.019140e-04 2
3.247352e-05 1
1.651881e-05 4
3.578115e-05 2
2.743821e-04 1
1.433715e-04 2
1.467229e-04 22
6.093605e-05 3
7.099681e-05 3
5.306975e-05 1
8.589701e-05 1
3.138318e-05 1
5.444797e-05 1298
1.049438e-04 1
1.012996e-04 223
8.836407e-05 1
7.574839e-05 3
5.286670e-05 6
2.042892e-04 1464
3.078320e-05 1
1.229959e-04 2
1.483975e-05 1
1.216949e-04 1
4.726398e-05 1
1.339873e-04 1
1.417198e-04 28056
1.520759e-04 2
3.822805e-04 1
9.048360e-05 1
1.251888e-04 1
6.164857e-05 1
1.772299e-04 170
6.516503e-05 1
2.450549e-05 5
5.190757e-05 2
6.734841e-05 1
1.408500e-04 209
5.799968e-05 1
9.023053e-05 1
3.369052e-05 1
2.959262e-05 233
1.584555e-04 1
8.839666e-05 1
1.214503e-04 3
3.370375e-05 1
2.230579e-05 1
4.147457e-06 106
1.439630e-04 4
1.103114e-04 1
4.462895e-05 1457
6.386853e-05 1
3.211213e-05 1
1.132076e-05 6
1.051700e-04 84
4.285728e-05 2
1.857836e-05 1
2.140972e-05 126
1.614982e-04 1
3.675107e-05 2
4.103734e-05 21
3.221939e-05 157
4.174728e-06 1
6.935287e-04 1
2.248430e-05 1
2.378791e-06 1
1.491992e-04 2
2.408902e-06 1
2.488045e-04 940
1.433746e-04 2
6.655338e-05 61530
5.291609e-05 3
6.730237e-05 1
1.544447e-04 1
4.852616e-05 2
2.683099e-04 7
6.861173e-06 2
3.162698e-05 3
6.902869e-05 1
1.403069e-05 3
3.855064e-05 1
6.679779e-05 1
2.065580e-05 2
9.689599e-05 37223
9.991074e-05 1
1.172644e-04 5
7.785246e-05 899
8.037748e-05 4
4.490512e-05 51
1.893394e-04 3
2.099630e-04 761
4.092567e-05 264
3.310955e-05 70
6.501251e-06 1
1.741529e-05 1
1.944068e-04 3
2.666196e-05 1
1.342220e-05 3
1.167685e-04 213
1.672906e-04 1
1.080375e-04 442
7.145194e-05 5
8.322405e-06 1
1.043356e-04 255
1.240177e-04 1
1.359327e-05 3
7.914030e-05 1
1.605823e-05 2
2.836882e-05 1
8.587492e-05 1
4.448732e-05 1
2.230446e-05 140
1.207655e-04 1
1.713564e-04 1
5.855973e-05 1
5.908740e-05 2
7.956274e-05 1
8.974299e-05 102
1.665176e-04 2
5.760059e-05 1909
5.148723e-06 7
1.640697e-04 1
5.272605e-05 179
2.411251e-04 1
7.625775e-06 1
1.130309e-04 3
1.625635e-05 1
8.975863e-05 1304
2.491978e-05 3
1.341519e-05 4
7.019175e-05 1
1.109033e-04 4
4.905629e-05 1
9.272175e-05 1
1.434446e-04 131
1.635128e-04 2
3.485708e-05 1
8.104615e-05 1076
1.111035e-04 24
5.239610e-05 109
8.860658e-05 2
5.767602e-05 1
8.915772e-05 5
1.099057e-04 14
2.935642e-05 4818
4.703764e-05 141
1.284493e-05 5
1.528481e-06 1
2.790488e-04 506837
3.091890e-05 1
5.693814e-05 294
1.341910e-05 3
9.678152e-06 2071
1.913447e-04 226
1.390022e-05 1
3.629721e-05 110
2.970091e-05 1599
4.235500e-07 1
5.263681e-05 1
1.835094e-05 2
9.000432e-05 1
8.862613e-07 2
2.537269e-04 1
4.780084e-05 25496
1.511948e-04 3
1.323219e-05 190
1.197109e-04 1
8.211421e-05 1
4.295360e-04 61159
6.689584e-05 140
3.939230e-05 79
5.138782e-05 1
8.971805e-05 1
3.320465e-05 13
1.897274e-05 1
1.484320e-04 5
1.108793e-04 2691
1.949710e-04 929
1.944183e-05 7
1.716817e-05 1
1.186810e-04 1023
3.787124e-05 79
2.821287e-07 7
7.685579e-05 1579
3.728250e-05 3
3.505915e-06 24618
5.131083e-05 3
4.359238e-05 3
1.160736e-04 1874
4.884399e-05 2
2.032935e-04 1
6.889868e-06 3
4.779062e-05 3
2.443865e-05 1
1.705951e-05 3
1.232807e-04 1
4.949772e-05 1
3.725323e-05 1
6.536520e-06 1
8.343317e-05 1
3.477995e-04 1
1.459385e-05 1
4.289376e-04 11826
2.877180e-04 1
8.171526e-05 5
1.886713e-04 1
8.485618e-05 195
1.851763e-04 1
1.795289e-05 1
1.151872e-04 101
1.910987e-05 480
1.008607e-04 71
7.206436e-05 2
1.821114e-04 2
6.013043e-05 1
3.445116e-05 2
1.288057e-04 2
1.800080e-05 3
2.513691e-05 1
3.178194e-05 1
5.886369e-05 1
5.659276e-05 5
3.131444e-05 2
1.079310e-04 1
1.600127e-04 1
6.671154e-05 1
8.117560e-05 242
9.912943e-05 1
4.977208e-05 1
2.014763e-04 231
2.682119e-06 7
1.298722e-05 149
3.279297e-05 1
2.631293e-05 1297
5.311340e-06 1
3.446845e-05 1
3.158863e-05 16079
4.574350e-04 1
3.867764e-05 1
2.081801e-04 1
2.950332e-05 1335
2.669247e-05 6
1.399136e-04 2
8.589553e-06 3
3.759599e-05 1
1.780623e-05 2
1.118455e-04 1
8.672921e-05 4
1.877210e-06 4
2.848594e-04 1
1.970488e-04 1
8.238096e-05 4
2.074516e-05 1
1.039119e-05 1
4.942980e-06 1498
1.110078e-04 1
2.193602e-05 1
8.657791e-06 1
7.950208e-06 1
4.159205e-04 13908
2.009729e-04 1
2.079471e-04 1
5.043412e-05 3
6.322815e-05 1
2.804208e-05 1
2.464337e-05 3
9.015410e-05 1
9.685445e-05 1
2.266427e-06 1
8.240328e-05 1
1.599974e-05 1
1.809425e-05 9105
4.318112e-05 1
8.710825e-06 527
2.032393e-05 2
2.057440e-06 1
1.132109e-04 1
9.802320e-05 1
2.234131e-05 1
5.054592e-05 1
2.417614e-05 22468
2.893987e-05 3
1.044870e-04 2
8.410447e-05 1
7.433728e-05 2
3.387395e-05 11184
1.122750e-05 1
4.532063e-05 1
7.934625e-06 5
3.995447e-05 3
4.350205e-05 44
8.910458e-05 194
1.385894e-04 46759
7.157288e-05 4
4.697750e-05 7
1.390334e-04 1187
2.927066e-04 2
7.699238e-05 10024
3.068392e-05 5
2.353661e-05 1
1.863631e-04 4
4.243814e-05 1
1.092589e-04 4
2.539085e-04 1
4.195808e-05 1
2.176391e-05 1
1.932863e-04 1
4.926649e-05 1
2.441036e-05 1
2.592091e-04 1
5.937086e-05 1596
8.910934e-05 1
1.849558e-05 1
5.564500e-05 1
6.026008e-05 2
2.012045e-05 1
7.780738e-05 1
5.776542e-05 1
4.446013e-04 1
8.678752e-06 6
1.785027e-04 3
3.352758e-04 1056
3.541288e-05 6
1.015221e-05 3
2.570791e-04 1
1.601837e-04 1
7.641831e-05 1
2.246889e-06 27
4.827691e-05 75
1.792467e-04 1
8.607510e-05 1160
2.583344e-06 3
1.333916e-04 1
1.190563e-04 1
8.200038e-05 172
4.623856e-05 1
1.493843e-04 6
9.444331e-05 63185
2.568492e-04 1
8.212341e-05 1
4.122636e-05 1
6.088350e-05 3
1.000651e-04 1
2.783346e-05 251
7.051669e-05 1
3.561401e-05 1
8.628952e-05 1
2.226661e-05 2
4.337248e-05 2
1.546803e-04 1
7.262592e-05 2
8.385325e-05 2
7.514365e-05 1
6.146077e-06 1
1.219107e-05 5
1.202865e-04 1113
2.562314e-04 1
1.061671e-04 484500
5.197849e-05 1
8.300950e-06 1
4.154984e-05 4
8.257826e-06 3
5.124612e-05 1
4.429120e-05 4
1.557252e-04 988
7.470519e-05 1
3.898342e-06 2
3.826919e-05 1
3.896245e-05 2
5.429636e-05 79
1.019485e-04 1
1.678589e-04 7
4.262402e-05 1
1.657265e-05 1
2.273307e-04 1
7.103530e-05 1
1.755025e-04 3
2.608456e-05 7
6.098921e-05 604
1.549676e-04 5
1.383442e-04 47
3.179231e-06 81
2.493462e-05 1
2.452319e-05 1
7.511294e-06 1
1.363051e-04 1571
1.189598e-04 1
1.466196e-04 1
1.295838e-05 857
1.224254e-04 3
4.207283e-05 1
2.968870e-05 1
6.691046e-05 4
1.393326e-04 1
7.670588e-05 1
3.562829e-06 1
1.505338e-04 1
2.343494e-05 1
2.788254e-05 1
1.258943e-04 74
7.772976e-05 1
1.345905e-05 2
8.150153e-05 1
1.376434e-04 1
7.198723e-06 1
1.465400e-04 50086
9.947045e-06 1
6.704671e-05 1
1.539945e-04 2
4.916633e-05 1
8.381100e-05 1
1.725822e-05 1
7.417005e-05 6
7.488791e-05 3
2.998988e-05 1
1.674916e-05 1
1.135659e-06 5
1.632335e-05 1
9.507772e-05 2
1.888928e-05 19342
6.784877e-05 3
1.141759e-04 1
6.764576e-06 1
5.576723e-05 1
9.701391e-06 1
5.786128e-05 1
9.537651e-05 108
1.540295e-04 1
9.580618e-05 3
7.627007e-05 5
6.889175e-05 1
2.830281e-06 6
2.401016e-05 1
6.467117e-05 3
1.535955e-04 123
1.150373e-04 2
1.839701e-04 26
2.773808e-05 1
8.272956e-05 237
2.286359e-04 1
8.334606e-05 419474
3.467550e-05 1
7.280602e-05 1
8.439019e-05 2
2.294880e-05 1
6.865280e-05 44
2.951673e-05 1
1.607790e-04 1
9.103151e-05 1
1.126642e-05 1
5.336046e-05 27
1.313314e-04 60219
1.423065e-05 141
1.527303e-04 1
1.562891e-04 1
8.122401e-05 1
1.020727e-04 1
2.191262e-04 1
9.192931e-06 1
1.688165e-04 6
4.701224e-05 41012
1.230024e-04 3
8.545200e-05 955
8.232301e-05 23048
3.884259e-05 1
2.058997e-07 3
1.239764e-04 7
1.298391e-05 1
9.124749e-05 3
9.329623e-06 1
1.552352e-04 1
7.215009e-05 1
1.479606e-04 2
1.846710e-04 1
1.474626e-04 175
1.154625e-05 1
1.818727e-04 41970
4.425234e-04 1
1.696578e-04 3
4.654665e-05 210
8.675112e-05 1
2.230977e-04 28898
1.302763e-04 1
6.784450e-05 1
3.705120e-05 2
2.275528e-04 188
1.293141e-05 7
1.837405e-05 1
4.823771e-05 1
1.010498e-05 3
1.149529e-04 1
1.376983e-04 1
8.175025e-05 124
9.747839e-06 126
5.980474e-06 1
7.200379e-05 1
3.917773e-05 3
5.447596e-06 1
6.982086e-05 6
2.359938e-04 136
1.703552e-04 1
1.701481e-04 1
1.034710e-04 53882
5.271548e-05 1
8.330052e-06 1
8.562216e-05 1
1.197347e-04 1
1.155314e-04 123
2.599377e-04 2
4.069473e-05 245
6.025189e-05 4
1.657257e-05 1
2.835692e-06 1
1.346335e-04 2
4.428841e-05 3
2.068420e-05 3
1.864818e-04 1157
1.217138e-04 1240
2.914448e-05 787
1.501877e-06 3
2.330809e-04 9608
4.220277e-06 1
1.903388e-05 6
8.691072e-06 7
6.756334e-07 1
2.568848e-05 1
6.623244e-05 4
3.677207e-05 1
1.022086e-04 2
1.005824e-04 1
1.356768e-04 1
1.046240e-05 1
4.588711e-05 1
1.190249e-04 1
7.064415e-05 23
3.512436e-05 127
1.138866e-04 1160
2.047979e-05 731
1.738554e-04 246128
4.909574e-05 1
6.666328e-05 1
7.569428e-05 5
8.192314e-05 1
6.723172e-05 1
2.683391e-04 2
2.104941e-04 2
1.364842e-05 2
2.416513e-04 2
2.659673e-04 1
1.378420e-04 1
1.895809e-04 1680
2.768755e-05 204
4.872448e-05 1480
3.791335e-05 1
8.232925e-05 1
6.534916e-06 2
2.739693e-05 3
1.148369e-04 106
2.581587e-04 1
2.341668e-04 1
1.598251e-04 1
2.905224e-04 1
5.589440e-05 1
1.267933e-04 7
7.319425e-05 1
2.025414e-05 1
7.690380e-05 1
8.514871e-05 1
4.915137e-07 4
5.200062e-05 1
1.025773e-04 1
2.259808e-05 607543
1.028959e-04 3
5.780805e-05 1
8.357425e-05 1
2.331954e-05 1
1.954976e-05 183
1.786493e-04 1
2.754867e-04 3
1.631562e-04 1
1.375031e-04 1
1.567701e-04 257
5.491832e-05 3
1.016619e-04 1
2.063626e-05 1007
2.100550e-05 2
8.722213e-05 1
3.000223e-05 1
1.170949e-04 1
4.209987e-06 1
2.866562e-06 2
5.964870e-05 1
1.972538e-04 7
4.079629e-06 1
3.967127e-05 7
4.139650e-06 1
1.430861e-06 2027
2.459080e-04 1
5.059903e-05 1
4.611251e-05 1
9.966589e-06 359
5.075400e-05 3
1.039588e-05 1
1.189842e-04 1
7.451421e-06 3
8.985438e-05 1
2.448820e-05 1
1.004208e-04 1338
1.136829e-05 3
3.194920e-04 125
3.066678e-05 3
9.530002e-05 2
3.436742e-04 1
1.383264e-04 4
6.475399e-05 1
3.622745e-05 1
2.200649e-06 2
3.224353e-05 4
1.968128e-05 2
2.471976e-04 1
2.162692e-05 3
5.648017e-05 1
1.584639e-04 1
7.958335e-07 1792
7.767321e-05 2
2.103214e-04 1
6.848100e-06 1
5.673008e-05 1
1.291331e-04 58675
3.589904e-05 1
1.836918e-05 1
8.695333e-05 2
1.150516e-05 2
3.396119e-04 7
1.379390e-04 131
1.900974e-04 20
1.027393e-04 5
4.102887e-05 1
4.020221e-05 3
1.106285e-05 1822
1.195287e-05 2
8.513301e-05 1
1.195632e-04 1
2.723570e-05 63
8.576005e-05 204
1.944662e-04 17787
5.220857e-06 1
1.206019e-04 54875
8.631893e-06 1
6.042344e-05 1
9.681370e-05 1
8.198107e-05 1
5.891135e-05 647
5.494534e-05 2
2.015406e-05 3
9.423943e-05 2
1.063661e-05 1
1.273753e-04 1
6.073037e-05 7
8.679772e-05 1
1.050778e-05 1
4.291804e-04 1
1.641208e-05 142
9.258138e-05 1
7.758673e-05 1
2.145863e-05 1
5.316676e-05 3
4.729162e-05 266
1.530882e-05 1868
5.122969e-05 1
2.581152e-05 1217
1.169856e-05 1
9.417149e-05 1
1.004895e-04 2
7.123429e-05 142
1.055322e-04 78
3.676938e-05 1
8.954549e-05 7
9.678821e-05 1
5.147191e-05 3
5.482346e-06 279349
9.951375e-05 1
1.206660e-04 1
8.542444e-05 1
4.447492e-06 1
2.124330e-05 4
8.129318e-05 1
1.367118e-04 11
3.953813e-05 1
3.021599e-05 2
1.927524e-04 329
1.396013e-04 24171
1.986593e-04 1
3.382535e-04 2
1.485834e-04 2
5.965440e-05 3
2.254195e-05 1
6.234151e-05 3
6.952292e-05 1689
8.385179e-05 5
1.298833e-04 1
4.204565e-05 1
3.548657e-05 3
7.319464e-06 1
5.371183e-05 45791
8.162332e-05 4
1.285978e-04 2
4.330083e-06 1
1.391558e-04 7
5.270564e-05 1
2.902331e-04 1
1.143256e-04 139
2.959267e-05 1
5.317316e-05 2
9.070018e-05 6
7.349683e-05 2
1.299680e-04 2
1.471327e-05 1
7.424253e-07 1
1.595153e-04 7
4.422213e-04 411
1.707529e-04 3
5.528155e-07 1
9.802390e-05 1
4.081685e-05 55
1.516062e-05 1
3.286403e-04 1
2.240113e-05 1
2.700910e-05 1
6.502743e-05 1
3.344556e-06 1
8.425700e-05 1
1.254545e-05 170
5.781617e-05 165
4.049973e-04 181
4.040556e-05 3
2.455745e-06 11795
3.366442e-06 17
2.409836e-05 1
4.489957e-06 348
9.715544e-05 1
2.601725e-05 1
1.575956e-05 1
8.620242e-05 350869
7.853204e-05 1
1.887540e-05 240
3.589609e-05 6
2.190802e-04 3
3.289764e-05 84028
5.435164e-05 1
2.015618e-04 1
1.386940e-04 1
4.640931e-05 20039
1.473445e-05 5
1.192226e-04 1
5.868972e-05 1
3.749049e-04 1838
6.959397e-05 1
2.371681e-05 1
1.221821e-05 3
1.796553e-04 2
2.627926e-05 1
1.799376e-04 48824
2.055616e-05 54873
2.071047e-04 3
2.453259e-04 1
6.888386e-06 1
7.542784e-05 6
1.295395e-04 219
3.856125e-07 1
4.196076e-06 1
1.815871e-05 2
2.156119e-05 1
4.207675e-04 1
8.170247e-05 30868
8.908509e-05 1
1.138111e-05 1970
1.095492e-04 3
1.178880e-05 1
7.505301e-05 1
6.587404e-05 1
1.377497e-05 1
9.897865e-05 65225
1.184417e-04 2
1.729850e-04 1
4.877016e-05 1
3.378543e-05 1
4.073880e-05 5
4.882770e-05 3
3.651678e-06 1
3.335051e-05 1
7.490562e-06 4
6.872344e-05 1
3.931600e-05 1
1.584771e-06 775
1.380827e-05 6
5.410841e-05 1
4.685813e-05 67
7.846939e-05 1
1.163653e-04 138
3.514558e-05 2
2.277161e-05 2
1.755670e-05 1
2.483381e-04 1
8.419353e-05 553
3.129469e-05 1086
3.838578e-05 1
1.885278e-05 135
2.763024e-05 2
1.828415e-04 1
2.623434e-05 4
1.449325e-04 118
1.309687e-05 1
1.494899e-04 1
7.852373e-05 5
1.296058e-04 55424
8.328865e-05 1
6.419132e-06 89
2.342445e-04 1
5.672488e-05 222
1.051064e-04 1
3.363792e-05 1
1.182637e-05 6
1.314260e-04 10167
1.705616e-04 1
1.968603e-05 1236
5.032628e-05 2
2.061860e-05 82
1.403961e-05 1
2.103281e-05 1
6.254831e-06 1
1.739013e-05 1
4.608358e-05 5
1.259158e-04 1
3.671344e-05 1
1.572181e-05 1
4.185166e-05 1
3.357776e-04 1
2.874070e-04 7
1.336152e-04 2
7.625431e-05 1389
5.236911e-05 2
1.247879e-04 1
7.587619e-05 1
1.549009e-04 1
1.111814e-04 262
4.239045e-05 636
3.275123e-05 1
6.837269e-05 1
1.609443e-05 157
5.907839e-05 1
2.087873e-04 4
2.596777e-04 79
1.879941e-05 5
4.873202e-05 1
2.659248e-04 5
2.718688e-05 1
3.155488e-05 1
4.374312e-05 2
1.795111e-05 1
3.765697e-05 1
9.021327e-06 21578
1.030001e-05 1
1.240679e-05 1
4.582735e-05 1
7.082794e-05 3
1.128579e-04 1
1.114065e-04 46
1.141600e-05 1
3.346273e-05 1
8.917244e-05 1
2.240180e-05 4
3.895078e-05 5
1.602541e-04 1
6.922001e-05 1
9.431764e-05 1
6.033854e-05 1
4.411410e-04 3
2.155174e-04 96
2.498704e-05 2
2.123072e-04 7
4.600929e-07 1
1.291037e-05 232
9.371264e-05 1
8.360209e-05 6
5.312517e-05 1
2.801733e-05 3
2.938300e-04 3
2.949437e-05 1
3.333306e-04 166
1.007233e-04 1
5.246857e-05 1
2.290071e-05 34
7.774726e-06 1
3.256780e-05 5
2.355565e-04 1
7.498318e-06 3
2.285910e-04 7
1.421330e-04 1
1.130452e-05 1
3.181643e-05 1
1.134296e-04 3
5.052173e-05 1
2.766160e-05 72
1.120882e-04 1
1.501746e-05 1
7.406908e-06 3
6.664973e-06 4
8.678798e-07 1
2.226982e-05 1
2.604792e-05 2
2.266362e-06 159
5.123171e-05 1
4.137444e-06 7
5.514238e-06 111
6.797944e-05 714
2.383371e-05 1
5.082348e-05 1
9.911530e-06 3
2.774125e-05 2
2.086361e-05 2
4.952987e-05 89
8.978201e-05 181
1.153901e-04 555518
2.316460e-05 182
3.724895e-05 1
9.846492e-06 94
4.837408e-05 1
1.614038e-04 3
4.322491e-05 2
2.322959e-05 1
8.599931e-05 1
1.795067e-05 1986
4.705400e-05 194
3.624807e-06 82
1.787813e-04 3
6.414888e-05 1
1.681927e-04 1
2.202494e-05 3
6.996138e-05 1
1.612546e-04 1
4.500536e-05 1
7.210122e-05 3
8.871856e-05 3
1.299347e-05 4
2.244409e-05 1
1.588163e-04 7
3.785679e-05 2
9.424600e-05 2
2.464633e-05 7
1.155038e-04 3
1.356805e-04 1
1.562553e-05 1
5.082147e-05 1693
2.022495e-04 1
1.603801e-04 44
1.261226e-05 3
8.803660e-05 3
6.451241e-06 1
1.831959e-04 1
4.673778e-05 490
3.811691e-07 4
9.423300e-05 234
1.874711e-04 2
5.879248e-05 6
2.660643e-05 1
5.341784e-05 1
4.892873e-05 36501
3.414858e-04 1
3.959433e-04 1
8.933192e-05 2
7.185262e-05 1
5.868124e-05 1
4.472472e-05 216
9.945666e-06 3
2.878072e-05 619
8.362320e-05 1
5.443903e-05 1302
5.093571e-05 126
1.573804e-05 1
2.151523e-05 1
4.860956e-05 9730
1.795283e-05 6
1.741220e-06 1
7.357626e-05 1857
2.110834e-05 193
1.999302e-04 159
5.108501e-05 121
9.363151e-05 3
6.546093e-05 1
1.034325e-04 2
1.516618e-04 3
9.795050e-06 1
3.663866e-05 1
1.198803e-04 2
1.221284e-05 1
2.096887e-05 1
8.729039e-06 2
9.335643e-05 1
3.403122e-05 1
5.788284e-06 1
3.552619e-05 22300
3.472201e-05 1
1.192215e-04 2
8.944511e-05 3
4.032677e-05 3
4.737185e-05 1
6.299106e-05 2
2.566491e-04 1
4.584555e-05 1
2.420068e-05 1
6.872362e-05 61533
1.176835e-05 1
1.167107e-04 36121
1.225274e-06 7
6.200043e-08 3
1.480351e-05 1
3.705482e-05 1
2.322432e-05 2
1.058847e-04 1
1.042223e-04 2
9.770825e-05 175
9.602670e-05 1
5.366733e-05 1
1.115440e-04 1
2.384391e-05 1
1.898021e-05 1
3.639018e-05 213
2.988107e-05 4
1.523039e-04 1
2.192509e-05 4
8.600856e-05 1
5.818209e-05 5
4.236575e-05 272
8.493711e-05 5
1.217014e-05 1
1.630088e-04 3
1.881069e-04 7
7.113275e-05 3
4.110002e-04 1
1.798317e-04 3
1.205785e-04 686
5.365034e-05 1
3.262914e-05 1
3.219704e-05 17941
2.499891e-05 2
1.275959e-04 1
7.031355e-05 5
2.957430e-05 919
2.089677e-05 2
3.847725e-05 1
1.748464e-04 1
3.027876e-04 1
5.513697e-05 1
3.938800e-05 238
3.454813e-05 3
1.101641e-05 1
2.673994e-05 84
3.467508e-05 1
2.768042e-05 6
3.016067e-05 1
1.254195e-05 250
8.308852e-05 1
1.929117e-04 1
9.620687e-06 2335
3.795426e-05 1
4.601987e-05 3
8.817830e-05 1
3.448975e-05 3
4.314337e-04 2
3.641581e-05 1
5.063167e-05 2
9.936733e-05 1
1.543077e-04 1
6.776063e-05 1
3.661314e-05 19
5.592250e-05 1
4.198178e-05 44975
1.601944e-04 1
2.485340e-05 37510
1.810279e-04 44944
8.053173e-05 1
3.460301e-05 6
1.326074e-04 2
4.141483e-04 2
2.017482e-05 22
3.137843e-05 2
3.851896e-06 1
4.136144e-06 2
5.469918e-05 5
4.032784e-05 1
1.491308e-04 1
3.355166e-05 1
8.877117e-06 198
8.426404e-06 1
1.943520e-04 2
5.827521e-05 1
9.996322e-05 1
1.384410e-04 5
1.343496e-04 1
1.038276e-04 1
8.952484e-05 51907
2.939743e-04 1
1.928242e-04 4
1.018214e-04 1
9.136897e-05 73
2.159360e-06 1
1.048739e-04 61
3.745842e-05 1
1.362456e-05 1
6.521466e-05 1
1.547483e-04 722
7.398084e-06 3
1.078431e-04 858
6.600657e-05 2
7.178309e-06 1
1.735630e-05 72
1.105414e-05 1
7.183171e-05 1
2.005630e-05 7
6.491031e-06 2
1.643908e-04 1
1.304110e-04 50
8.968572e-05 5
7.954320e-06 7
1.222520e-04 3
3.023172e-05 1
7.429402e-05 72
8.110682e-05 1
6.534507e-06 1
1.239339e-05 1
1.457919e-04 1
6.379234e-05 1
3.359992e-04 163
1.295857e-04 1
2.072965e-04 1
3.949858e-05 1
1.734571e-05 1
6.677649e-05 6
2.061937e-05 1
4.335050e-05 1
3.624395e-05 1
6.876933e-05 1
6.910343e-05 1
2.697898e-05 1
3.691875e-05 5
2.275156e-04 2
1.905490e-04 4
1.675626e-05 1
6.516600e-05 2
1.243542e-04 5
2.131887e-05 68693
1.967194e-04 1
9.977235e-05 3
5.285748e-05 3
8.358496e-06 1
2.783346e-04 2
2.643420e-05 2
8.841668e-05 2
1.091188e-05 27271
1.176172e-04 1
1.927305e-04 60
8.211443e-06 4
8.720391e-05 1
1.171995e-05 1
2.430010e-05 2
3.321592e-06 1
1.195039e-04 1
2.541874e-05 2
1.623428e-05 13678
1.539388e-04 1
1.586336e-05 3
5.272268e-06 63016
1.873567e-05 1
7.959549e-05 2
1.065164e-04 1
3.379341e-05 29536
1.962866e-06 1
7.630450e-05 240
1.359049e-04 1
8.022423e-05 76
1.617592e-05 1
3.354001e-05 3
3.661808e-05 1
2.142253e-05 3
2.428550e-04 3
8.250516e-05 196916
8.731409e-05 1
3.205343e-05 3
9.359633e-05 7
1.711435e-04 1
1.994353e-04 1
6.425347e-05 1
1.667342e-04 1
1.255380e-05 5
8.278140e-06 1
1.706986e-04 34573
4.887436e-05 21078
1.883799e-05 1783
1.709144e-05 5106
9.632741e-05 415
8.280134e-05 1
2.071848e-06 90
1.190783e-04 6
3.695562e-05 5
6.138348e-05 5
2.541400e-06 1
1.053776e-04 1
5.682938e-05 1
9.061491e-05 2
1.278949e-05 3
6.430739e-05 1
2.914647e-06 1
6.992995e-05 1
1.472301e-05 1
6.614095e-05 1730
3.730500e-04 6
1.841809e-05 1
5.891138e-05 3
5.257278e-06 3
6.094284e-05 2
3.551649e-04 1
2.522928e-04 1
5.590468e-04 1
4.255259e-05 2
2.470186e-05 5
1.225444e-04 1
2.475635e-06 2
1.333477e-04 1
5.824553e-05 3
4.964520e-05 1
4.119870e-05 1
4.852724e-06 3
8.101801e-05 1
1.863711e-05 1
1.713903e-04 64725
1.336274e-04 1
1.225674e-04 3
1.067112e-04 1
1.891477e-05 3
3.917080e-06 2
1.096573e-04 1
1.585953e-04 6
1.000301e-05 1
2.322699e-05 1
2.223105e-05 1
6.669885e-05 3
1.742943e-05 2
2.879672e-05 1
1.039511e-04 1
6.725929e-05 1
1.385411e-04 1630
1.349922e-04 1
8.953649e-05 3
1.245555e-05 1
8.065473e-07 1
5.407240e-05 59
1.532987e-05 1
1.301942e-04 1
5.586353e-07 29713
3.663242e-05 3
5.932906e-05 532657
3.439612e-05 4
2.054423e-05 1
2.100722e-05 1
3.799806e-05 1
6.066187e-05 1
4.743082e-05 1
1.137776e-04 3
1.829874e-04 3
1.365372e-04 26505
1.981411e-04 1
9.052875e-06 651
1.478414e-05 1
1.854075e-04 1
1.299891e-06 5
3.992664e-05 219
5.256962e-05 17263
9.384276e-05 135
5.431362e-05 1
2.385255e-05 205
4.821652e-05 954
8.112346e-05 137
1.036410e-04 2842
7.169131e-05 2
3.436515e-05 49133
5.272225e-05 3
6.253448e-05 1
2.218003e-06 1
1.561416e-05 6
1.450254e-05 7
7.175135e-05 1
1.373174e-05 2
1.641682e-05 3
1.867171e-04 7
5.513019e-05 1
1.153363e-04 510
1.381364e-05 1
1.790806e-04 1
1.379632e-05 4
1.157148e-04 1
6.936443e-05 1
1.873982e-04 1
4.106675e-05 153
1.178460e-04 2
5.042668e-05 1
1.236668e-05 1
2.764883e-04 1281
2.169113e-04 1
8.281820e-05 1
7.744432e-05 3
1.411191e-05 173
2.628990e-04 1
1.102910e-05 34
1.447286e-05 1
2.938320e-06 1
7.325584e-05 1
8.479532e-05 143
9.416606e-05 76
6.350990e-05 1
3.242113e-05 3
6.708337e-05 1
4.913349e-05 1
3.667509e-05 2
5.335289e-06 1
4.804383e-05 1
5.950089e-05 1
1.189029e-04 51608
2.985476e-04 7
3.966071e-04 210
1.672656e-05 1
1.490120e-04 241
1.050266e-04 2
4.661572e-06 3
8.204299e-05 26567
3.849822e-06 1
1.173936e-05 589
8.101781e-06 212
3.535992e-05 1153
2.621522e-04 1
1.925458e-04 3
1.488357e-04 163
7.083217e-05 1251
2.066054e-05 159
7.702090e-05 2
9.710969e-06 22
2.185428e-05 1
1.684505e-04 2
1.947511e-04 1
1.052109e-04 1
2.762360e-05 3
1.937311e-04 2
2.742565e-05 5
1.482337e-04 1
1.643322e-04 1
4.654008e-05 2
1.042433e-04 1
2.388483e-04 6
4.335138e-05 65736
6.932140e-06 1
4.256375e-06 1
2.930195e-04 1
6.035988e-06 2
1.182580e-06 6
8.547568e-05 1
1.234807e-05 1
1.275338e-05 52373
2.841414e-05 1
5.119589e-06 1
1.737749e-05 1
4.738001e-05 6
1.359976e-04 1
7.883531e-05 1
2.155126e-04 1
6.433115e-05 1
6.542729e-05 1
9.683271e-05 1
2.636635e-05 2
5.473323e-05 1
2.203357e-05 1
5.825778e-07 5
7.204616e-05 150
6.664297e-05 1
2.961403e-05 1273
4.297875e-05 3
3.325849e-05 1893
1.992617e-04 241
4.200645e-05 1
6.948065e-05 1
1.153637e-05 1860
3.071013e-05 5
1.195198e-05 1
3.092146e-05 3
1.790983e-04 1
2.054317e-05 3
1.096296e-04 1
7.071517e-05 260
1.779801e-04 3
5.030988e-07 1
1.131051e-04 1310
2.312180e-05 1
7.573499e-05 66
1.430577e-04 1
4.461438e-05 3
4.479862e-05 5
1.791473e-04 1
6.300303e-05 1
4.529124e-05 1
1.057132e-04 1
3.561675e-06 3
2.205759e-05 1
1.465325e-05 1
2.064281e-05 1
4.709912e-05 3
1.920596e-05 252
1.779706e-04 1
5.780361e-05 7
1.359318e-04 1
7.739611e-06 3
2.725776e-05 1
7.409777e-05 1
2.282411e-04 1
2.450684e-04 1
6.028709e-05 4
2.345628e-04 1
1.641839e-04 1
2.687044e-05 18096
4.501911e-05 259
8.131241e-05 1
5.150360e-07 1
1.225861e-04 1
1.655799e-04 1
3.676444e-05 66
1.297278e-04 1
1.334444e-04 4
2.196028e-04 4
1.242903e-04 1
8.415362e-05 1
4.944417e-05 1
2.903374e-05 1
7.018130e-05 1
1.144822e-05 1
5.724423e-05 633979
1.595918e-05 3
9.799805e-05 3
5.464818e-05 1967
7.700522e-05 1
3.840011e-06 2
4.886418e-06 1
8.274482e-05 1
1.093923e-05 1
1.377021e-04 3
2.251965e-05 1
8.413454e-06 1
2.001164e-05 2
1.771314e-05 2
6.398289e-05 107
5.277370e-05 1
5.935974e-05 123
6.704608e-05 21031
1.043524e-04 1
2.190951e-04 2
1.499549e-06 1
5.227621e-05 1
2.695787e-05 1
4.013934e-05 2
4.528762e-04 58232
4.332913e-05 1
1.110703e-04 1
8.157952e-05 921
4.857797e-07 1
3.810473e-05 18
1.067168e-04 3
1.357870e-04 1
2.355727e-04 1
9.860301e-07 258
2.202893e-05 2
1.487081e-04 111
1.804441e-04 231
8.155481e-05 553
1.190004e-04 5
8.851557e-05 1
1.911316e-04 1
2.446595e-05 1
5.905983e-05 1
6.546224e-05 1
4.527744e-06 7
1.390700e-04 146
2.974676e-05 1
5.393570e-05 758
1.795345e-05 1
3.083816e-05 1
7.769584e-06 1
6.804951e-05 218
1.656489e-05 7
7.366155e-06 5
6.314472e-05 1
7.830496e-05 90
1.054887e-04 1
2.076151e-05 1
6.891384e-05 1
3.009573e-05 160
4.474978e-05 1
2.105582e-04 2
1.092606e-04 2
2.926562e-06 68
6.791854e-05 2
1.223581e-04 1
9.393304e-06 1
5.399078e-05 168
2.091873e-04 27306
9.054406e-05 220
2.566166e-05 1
1.212051e-04 1
9.569922e-05 2
2.834963e-05 230
1.132475e-05 1
6.467823e-05 1
4.689146e-05 59874
1.227603e-04 3
5.666047e-05 1
1.641292e-04 1
7.252201e-05 139
2.145221e-05 1
1.072718e-05 2
1.368887e-04 1
3.284487e-05 2
3.674451e-05 11067
5.877480e-05 1
8.038547e-06 1
1.339001e-06 3
5.703938e-05 2
8.107710e-05 1
4.359006e-05 460456
1.651047e-05 1
1.821156e-04 1
3.241002e-05 1
9.867935e-05 1
1.334073e-04 1
7.077516e-05 153
2.881313e-05 1
1.516731e-05 3
9.331902e-05 42415
4.135556e-05 1
1.683657e-05 16
1.675479e-04 14603
1.879572e-05 5
3.220428e-05 25
7.798581e-05 1
1.369258e-04 1
4.415288e-06 1
4.098432e-06 1
2.311066e-05 6
6.424631e-05 1
5.953849e-05 2
1.515652e-05 1
1.485611e-05 5
1.941443e-05 1
1.779845e-05 2
2.018351e-05 1
4.080445e-04 3
3.861113e-05 1
2.169313e-05 1
1.763861e-04 1
2.176084e-04 247
7.480755e-05 4
3.350739e-05 1
9.182296e-05 1
1.435533e-05 1
3.454582e-05 175
1.630220e-05 1
7.821787e-05 3
7.855006e-05 688
4.094508e-05 1334
5.691351e-05 679
1.143175e-05 146
8.960044e-05 4
9.258909e-06 46884
4.136723e-06 2
1.156630e-05 336
5.622810e-06 1
1.184195e-04 1
1.038457e-04 1
1.089177e-04 2
1.338787e-05 1
8.077281e-05 6
3.750851e-06 2
2.039595e-05 3
9.019292e-05 1
9.321495e-05 1
1.518322e-04 6
1.676876e-04 1
1.672221e-04 1
1.048066e-04 1
5.440895e-05 1
3.359089e-05 1
3.202130e-04 1
4.899012e-05 6
1.562363e-05 1280
1.951758e-04 3
6.613510e-05 1
8.574961e-06 3071
9.437579e-06 1
3.032305e-05 72
1.131731e-04 1
3.031300e-05 1
4.778762e-05 1
4.968889e-05 1
7.007127e-06 7
8.840283e-05 1
4.293068e-06 2
3.623553e-06 1
3.483621e-05 1
7.030897e-05 5
1.372089e-06 33589
5.558091e-05 3
1.456189e-04 112
4.282258e-05 1
2.522175e-04 1
1.293215e-06 1
3.765411e-05 1
5.350378e-05 3
8.698973e-05 7
3.160498e-05 1
1.703102e-04 1
1.838659e-04 2147
1.086681e-05 1
1.889167e-05 7
8.933472e-05 1
1.677270e-04 2
1.215516e-05 190
1.819912e-05 3
2.725411e-05 7
2.988285e-06 6
9.076249e-05 1
1.425325e-04 4
3.872503e-05 22
1.415848e-04 1
1.365022e-04 1
1.382623e-06 1
1.405259e-05 7
1.720366e-04 5
2.487572e-05 1
8.797405e-06 1
1.966497e-05 1
1.952348e-05 1
1.008394e-05 1
6.592909e-06 2
8.275858e-06 70
1.664100e-04 2
2.138034e-04 1
4.512862e-05 17
1.515270e-04 7
5.469671e-05 1
1.373149e-04 1
2.811994e-05 1
5.281083e-05 1
1.346449e-04 7
2.704840e-04 1
1.162653e-04 3
3.136951e-05 1
2.597782e-05 1
1.897315e-05 23
1.424528e-04 34
2.204495e-04 50911
1.041258e-04 1
5.483770e-05 1
1.454869e-04 7
3.782894e-04 1
3.412477e-05 1
4.858077e-05 1
3.506665e-05 1
1.127026e-04 2
6.507327e-06 1
6.467232e-05 1
5.628823e-06 1
2.398238e-05 1
6.262235e-05 1
2.349594e-04 1
1.142110e-04 1
1.737747e-04 38867
1.663382e-04 1
1.307002e-04 3
9.689244e-05 162
1.281402e-05 1
1.226479e-05 1
3.116004e-04 6
1.716141e-04 3
4.138684e-06 186
1.197764e-04 1
1.115628e-04 1
2.726625e-05 1
5.320112e-05 2
1.517223e-04 3
4.203502e-05 1
5.693981e-05 2
1.441290e-04 1
1.475857e-04 1
9.923744e-07 3
1.057093e-05 4
5.399631e-05 733
4.509409e-05 1
8.604597e-05 225
6.443246e-05 1
1.234649e-06 5
3.259376e-05 1502
2.926423e-05 1
1.567333e-04 3
2.137181e-04 1
4.717151e-05 1
7.624792e-05 6
1.065814e-05 1
2.564036e-05 2
1.323994e-04 1
5.235434e-05 163
1.416721e-04 44818
4.612156e-05 144
1.178796e-04 1
3.242208e-04 1
5.981507e-05 1
2.186002e-05 3
4.320706e-05 1
5.127837e-05 5
1.084758e-04 352
1.175601e-04 1
2.416606e-04 3
1.640644e-05 116
6.888846e-05 3
1.572291e-05 462
5.646661e-05 1
1.972909e-05 1
1.742946e-04 1
3.692576e-05 1
6.343306e-05 3
8.621361e-05 222
1.130819e-04 76
1.723442e-04 466138
3.313300e-05 1
3.567734e-05 1
3.400925e-05 1
1.012099e-05 1749
2.220606e-05 7
1.396159e-04 2
2.541016e-05 3
1.421869e-04 3
1.330992e-05 265
1.062266e-04 121
5.468877e-05 1
2.443633e-05 1288
9.812780e-05 5
3.125804e-04 1
7.997504e-05 55
1.947253e-04 1
2.911187e-05 1
6.389248e-05 1
2.420497e-05 190
1.188876e-04 4
2.507274e-04 1627
4.850964e-06 1
1.138628e-05 1
3.181322e-04 1
4.330479e-05 1
1.150517e-05 1
3.878248e-05 1
4.656771e-06 2
1.878153e-04 1
1.580830e-04 3
1.604705e-04 1
8.019273e-05 1
1.978081e-05 2
6.270675e-05 1
5.285353e-05 6
1.896772e-05 2
1.589709e-04 1
2.598958e-04 17944
8.410009e-05 24
9.846911e-07 19
4.195861e-05 1
8.280054e-05 2073
3.001861e-05 1
2.108323e-06 3
1.173614e-05 1
6.136746e-05 1
2.166599e-05 1
6.830418e-05 105
6.463282e-05 1
3.856285e-04 1
6.460459e-05 1
8.975263e-06 1083
3.131349e-05 1
2.220122e-04 1
2.178038e-05 1
7.278293e-05 6
7.844946e-05 300051
1.006901e-05 1
3.382130e-04 1
9.671420e-05 2
6.246197e-05 2
1.051687e-06 1
2.167154e-04 1
9.473774e-05 1
1.098690e-04 3
3.932495e-05 1381
3.809530e-05 1
2.337275e-05 2
9.519937e-05 1
2.133410e-04 1
1.561661e-05 1
1.992464e-04 1
3.307228e-05 1
4.495037e-05 129
7.764992e-06 1
1.029034e-04 1
7.089721e-05 1
8.087662e-05 57849
2.108433e-04 4
6.603278e-05 1
2.341273e-04 324285
2.779434e-05 4
1.384837e-04 1
5.572837e-05 1
2.762682e-04 1
5.236327e-05 1
3.922476e-05 3
1.261749e-04 1
6.889879e-05 7
1.040579e-04 1
1.503386e-04 1
9.227197e-05 53931
3.900225e-05 251
1.716319e-05 35971
1.467191e-04 102
2.776259e-05 1
1.825023e-04 1
4.762362e-05 1
1.561160e-05 1
9.359647e-06 1
1.181272e-04 1
1.741136e-04 1
1.584584e-05 249
4.718381e-05 1
4.659980e-06 2
1.088008e-04 1
5.003598e-05 1
1.614354e-05 1
2.549669e-05 3
1.575809e-04 5
2.060791e-05 1
4.126706e-05 120
3.040457e-05 68
4.720114e-05 3
1.846409e-04 1
1.151299e-04 1
1.756398e-04 2
7.638953e-08 46
2.615017e-06 218
1.934453e-04 1
5.723824e-05 1
1.400057e-04 1
2.309098e-04 2
7.139926e-05 3
4.580411e-05 1
8.705382e-05 5
2.295537e-06 1
8.429150e-05 1
2.822732e-05 1
1.430929e-05 1
1.372112e-04 1
1.453375e-04 1
2.247292e-04 1
5.192459e-05 1
1.508850e-05 7
5.963194e-06 3
5.028656e-05 2
3.459019e-05 444673
3.268649e-05 1
8.162437e-07 273
9.155026e-05 7
3.264000e-06 2
4.912155e-05 2
1.231999e-04 186
6.842546e-05 1
3.642949e-05 1
3.359203e-05 6
5.405793e-05 3
3.380029e-05 4
6.452292e-05 1
4.164967e-06 1
5.403190e-07 2
9.249676e-05 1
1.537983e-05 1
4.093693e-05 1
1.221291e-05 1
2.120461e-05 1
3.293956e-05 1
9.942891e-05 1
2.468887e-04 3174
1.080663e-04 2
1.412481e-04 1
2.082950e-05 570867
1.216857e-04 1
1.271324e-04 1
9.474589e-06 1
2.276495e-04 6
2.086602e-04 1
4.006865e-05 1388
1.363441e-05 1
1.552610e-04 1
1.251067e-04 1
2.498155e-05 104
1.387673e-05 6
1.684605e-05 3
9.720211e-05 1
1.333990e-04 3
2.915530e-05 1
1.949470e-04 1
1.255402e-05 1140
9.443053e-05 1
1.123660e-04 1
5.666553e-05 1
3.184126e-05 2
4.800349e-05 7
1.164638e-04 2
2.322892e-04 1
6.428591e-06 3
1.472684e-04 1984
1.172640e-05 2
2.879385e-05 1
3.651870e-05 1
1.148079e-04 3
1.259771e-04 47
2.250306e-04 1
4.463497e-05 1
4.724197e-05 1
2.366662e-04 1
3.144434e-05 1
4.294495e-05 2
3.805395e-05 1
1.396616e-05 1
3.524450e-05 3
1.965020e-06 1
3.712579e-05 2
7.976036e-05 1
6.741564e-05 1660
1.639319e-05 1
5.124885e-05 1135
5.755916e-05 7
6.635255e-05 2
1.793861e-05 1
6.145881e-05 120
4.443883e-05 2
1.016999e-04 3
1.196479e-04 475
9.810588e-05 3
1.209894e-05 3
4.466715e-05 3
2.314437e-05 3
1.498101e-05 51
9.456710e-06 168
5.861588e-05 6
2.612716e-05 1
1.593585e-04 1
7.499329e-05 3
1.101067e-06 7
8.625978e-05 3
2.257804e-05 1
2.236572e-05 675
3.033068e-05 1
1.209399e-05 3
3.308493e-05 3
4.341272e-05 7
7.217149e-05 41
5.821832e-05 3
7.961340e-05 1
8.003178e-05 3
1.518275e-04 1
1.774225e-04 3
2.680273e-04 1
5.468025e-05 2
2.490785e-05 1
1.677739e-04 1
1.400777e-04 1
1.304927e-04 1
1.665833e-04 2
2.005457e-05 2
5.225351e-05 1
1.453257e-05 1
6.679789e-05 2
1.315509e-04 5
5.112373e-05 5
1.547777e-04 5
3.410635e-05 1
1.234096e-05 1
3.547060e-08 3
2.559583e-04 1
4.774294e-06 1
1.793499e-04 1
1.460446e-04 5
1.315815e-06 6
7.391971e-05 213
1.200230e-04 3
9.122073e-07 130
1.097576e-04 1
1.046193e-05 1
4.648689e-05 1
3.378227e-04 2
5.486370e-05 222
8.132221e-05 213
1.538935e-04 2
2.571154e-04 674
2.846956e-05 1
1.392773e-04 171
2.912457e-04 1
1.555275e-05 2
1.807331e-05 1
8.919074e-05 86
1.634101e-04 1
4.362006e-05 1
4.978428e-05 1
2.794144e-05 1100
1.763892e-05 1
1.764131e-04 1
1.249790e-05 6
1.508708e-05 1
1.981892e-04 1
8.214093e-05 384
1.702439e-05 1
8.996150e-05 63386
3.019193e-05 1
9.895039e-05 7
3.967879e-05 2
9.767457e-05 2
5.059064e-04 2
2.576903e-04 281
1.868541e-04 1
2.738212e-05 1
1.756037e-04 3
2.416769e-05 1
3.664613e-05 3
8.482948e-05 1
1.266307e-04 6
1.710595e-06 2
8.759767e-05 3
2.044233e-05 249
3.504171e-05 6
6.095185e-05 2
2.362522e-04 1
7.197171e-05 1
9.682695e-05 1
3.560824e-06 3
1.097463e-04 1
1.547227e-04 4
2.557300e-05 2
1.837802e-04 27
2.540490e-04 1
7.209613e-05 16
2.350738e-04 1
9.897475e-05 1670
4.609063e-05 409
1.164010e-05 1
6.291672e-05 1
8.756602e-06 30128
9.992639e-05 2
1.225339e-04 1
1.661108e-04 189
2.889105e-05 1
6.050124e-05 26611
1.213947e-04 3
2.030195e-05 2
6.782519e-05 1
2.638268e-04 3
5.457261e-05 2
4.203959e-04 1
8.077490e-05 1
4.018756e-04 3
1.071814e-05 1
2.861257e-05 3
1.214188e-04 1
9.931898e-05 2
1.183870e-05 1
4.434224e-05 255
1.519084e-05 3
4.350923e-05 1
4.643197e-05 1
6.939398e-06 1
8.012339e-05 1
5.347467e-05 1
1.136961e-04 11536
2.631612e-05 1
5.000045e-05 1
1.581800e-05 3
8.745365e-06 3
1.360672e-05 2
8.133791e-05 1
2.545751e-04 1
1.005111e-04 1
1.520303e-05 3
9.834906e-05 1440
3.061039e-05 1
1.232232e-04 1
7.043523e-06 135
5.778994e-05 3
4.718623e-05 3
2.322029e-05 5
1.348084e-04 1787
2.430110e-05 1
3.600625e-05 7
1.526498e-04 2
1.139093e-06 1
1.163157e-04 86
2.120132e-04 1
9.158602e-05 459
1.849574e-04 1
5.955595e-05 1
3.588443e-04 1
4.941299e-05 5
4.840105e-06 1
7.762043e-05 184
5.905509e-05 3
4.413424e-05 1
1.052071e-04 3
5.476104e-05 3
7.063796e-06 1
1.239281e-04 5
6.679259e-05 3
5.940523e-06 3
3.362398e-04 1
1.149576e-04 1
2.101697e-05 1
1.381214e-04 76
2.971260e-05 1
6.813273e-05 1
5.525987e-05 1
5.970072e-05 2
1.196412e-05 1
3.747056e-05 4
8.656478e-05 1
2.171804e-06 1
6.728615e-06 47169
2.426690e-05 1
3.093627e-05 1
2.670855e-04 1
3.018344e-05 1
3.380666e-05 96
1.157549e-05 1
6.319691e-05 1
3.631729e-06 3801
8.080201e-05 1
8.867435e-05 5
5.224904e-06 1
1.791260e-06 1
