9.721141e-06 1
5.105231e-05 266
5.548482e-05 1
3.552781e-05 38
2.954543e-05 154
2.118323e-05 1
1.206509e-04 2
5.584064e-05 2
8.309251e-05 1
4.019073e-05 3
2.566510e-06 1
8.782170e-06 3
8.546661e-05 6
2.761474e-06 1451
2.001316e-05 1
6.367073e-05 1
3.085421e-05 1655
6.179161e-05 1
5.632360e-05 1
4.993230e-05 3
4.618573e-05 416819
3.108944e-05 2
8.193724e-05 37
5.756530e-06 1
1.163763e-04 1
4.735298e-05 1763
2.895080e-05 987
1.223256e-05 1
1.564003e-04 3
9.707717e-05 3
1.480736e-05 1
6.947248e-06 11086
1.272311e-04 1
9.726234e-05 7
2.399765e-04 1
4.527406e-05 1
9.876190e-05 7
1.746065e-04 1
3.541827e-05 1
1.279015e-05 3
1.599756e-04 7
1.451072e-04 811
2.162133e-05 3
1.358007e-04 7
5.000047e-05 61
1.182418e-05 1
1.516929e-04 3
1.317562e-06 1
1.418770e-04 7
6.165783e-05 1
5.584836e-05 101
8.811056e-05 1
7.977846e-05 921
1.241034e-04 1
2.033056e-05 3
1.640238e-05 1
2.281527e-05 1
1.754397e-04 1
4.025052e-05 110
7.976534e-05 1
4.094553e-05 2
7.539513e-06 2
2.031245e-05 1
3.655749e-05 1
1.401508e-05 1
3.324403e-05 254
1.368262e-04 1570
1.562063e-04 1
8.360262e-05 449
1.053080e-05 6
1.279958e-05 31027
3.489243e-05 93
3.412184e-04 1
1.345690e-05 1
3.772021e-04 1
5.189977e-05 554
3.096905e-04 6
2.255836e-04 3
8.675514e-05 2
3.905227e-05 1
9.114923e-05 1
1.027683e-06 1
1.289456e-04 32
1.610916e-04 6
1.447694e-04 1
2.785527e-05 73
2.615142e-06 1
1.464731e-05 5157
2.136442e-05 1
9.059402e-05 1
6.103784e-05 2
1.086224e-04 1
2.527878e-04 66
3.842840e-05 1
5.239835e-05 1
4.452899e-05 3
1.095060e-04 1
1.422723e-04 3
1.420784e-05 1
7.785622e-05 1
5.234579e-05 1
1.303932e-04 1
7.222546e-05 1
4.157323e-04 266
8.954272e-05 28058
1.543184e-05 229
4.859147e-05 1
3.825184e-05 2
2.096391e-05 1311
8.830698e-05 1
1.858654e-04 62
1.147917e-04 1
7.930804e-05 876
1.059878e-04 1
7.312150e-05 3
3.785238e-05 1
6.258675e-05 1
7.997918e-05 1
1.022833e-04 1
4.933156e-05 6
2.418366e-05 1
1.648662e-04 2
1.763721e-05 1
4.596652e-05 60731
6.609302e-05 3
2.165715e-04 1907
5.865927e-05 1
1.541269e-05 1
1.083329e-04 132
6.475089e-05 1
8.297138e-05 1
9.960244e-05 3
1.114623e-04 4
7.612805e-05 1
1.498225e-05 35040
1.432489e-05 3
2.975076e-06 4
5.530962e-05 1
1.066894e-04 1
1.017265e-05 1
1.291642e-04 2
5.475252e-05 3
6.089676e-05 16286
7.650945e-05 1453
8.711578e-05 4
1.889853e-05 1
7.550228e-05 3
2.215788e-04 145
2.416279e-05 1
1.244084e-05 708
1.249433e-04 720
8.872303e-05 3
5.274010e-05 1
3.627959e-05 68
4.103245e-05 1
1.993198e-05 1
3.621054e-05 1
4.080726e-06 6
7.092125e-06 200
1.327193e-04 2
4.955778e-05 1
2.641139e-07 1430
1.455341e-04 1
9.505704e-05 3
5.874553e-06 3
4.063879e-05 1
3.808281e-06 3
7.869111e-05 2
2.877107e-04 6
8.626681e-05 5
6.817690e-05 42084
1.061805e-04 7
2.254981e-05 1
8.696728e-05 1
1.057851e-04 6
8.448903e-05 6
1.711282e-04 1
1.365310e-05 169
1.738532e-04 1
1.442785e-04 2
3.643625e-05 2
2.378357e-04 1
1.465965e-04 1
9.096456e-05 1
2.613849e-04 2
2.173701e-05 1
2.053258e-05 1
1.655860e-05 1
3.781881e-06 1
3.641803e-06 1
4.564592e-05 1
6.065423e-05 2
9.260716e-05 1
1.363046e-04 1
1.572407e-05 1
2.093748e-04 3
1.870374e-04 146
5.851961e-06 7
1.661880e-04 1
1.501694e-04 1
3.703382e-05 1
1.024415e-06 1
1.455205e-04 6
1.373531e-05 3
2.211175e-06 175
4.727215e-06 80
8.120890e-05 1
8.885920e-05 2
5.029792e-05 1
4.322556e-05 6
4.724905e-05 3
2.211022e-05 6
1.708931e-04 3
8.019790e-05 1
1.581978e-04 1
5.892900e-05 32585
1.182756e-04 1
1.743949e-04 156
2.656847e-05 1
7.172889e-06 312096
5.230665e-05 1
1.725771e-05 1
6.460461e-05 4
1.264479e-04 2
1.666636e-04 1
5.122928e-05 1
1.041223e-04 1
1.536506e-04 1
1.031980e-04 1
1.175717e-04 164
5.761975e-06 2088
3.908966e-05 1
6.614035e-06 1
1.681136e-04 46
3.618704e-05 1
2.345848e-04 1
3.272437e-04 1
6.917838e-06 1
2.088597e-05 7
2.212800e-04 494
4.364849e-05 19410
6.745741e-06 1
1.610469e-05 1
1.369716e-04 7
8.464468e-06 13
2.017510e-05 1
4.165438e-05 1
1.927589e-05 2
5.007976e-05 1
1.233267e-05 1
2.014839e-05 3
1.511770e-04 181
1.188323e-04 183
1.066256e-04 3
4.484019e-05 6
5.828121e-06 1
8.730571e-05 51831
3.879935e-05 1
7.150125e-05 5
4.577991e-06 3
2.558418e-04 3
5.734806e-05 1
1.298423e-04 183
2.767067e-05 4
2.424583e-05 1
8.339818e-05 35015
7.046609e-05 2
2.818123e-05 4
1.341194e-04 1
1.100608e-04 2
7.427022e-05 1
3.448551e-05 1
1.321605e-05 3
7.531035e-05 2
2.030205e-05 1
6.611448e-05 3
1.283515e-04 1
1.201424e-05 1
2.333742e-05 1
1.454658e-04 146
3.694748e-05 121
1.769571e-04 2
2.903677e-05 1
2.838227e-05 3
6.063871e-05 6
2.586055e-05 1
2.879506e-04 1
5.100191e-05 1
1.001741e-05 47310
3.616749e-05 1
4.301298e-06 1
1.257541e-04 1
1.073366e-04 1
1.618542e-05 4
2.223452e-04 1
1.529593e-05 1180
3.859821e-05 1
2.295424e-05 1
2.476054e-05 1
5.782914e-05 1
5.388205e-05 1
4.526795e-05 7
1.523258e-04 3
4.971702e-05 1
9.437904e-05 229471
1.455452e-05 1
1.990043e-05 2
6.686950e-06 2
2.818706e-05 1
8.405550e-05 1
2.266120e-05 1
4.693313e-05 1
7.258613e-05 1
6.406910e-05 1
2.277927e-05 257
3.483946e-04 5
2.531478e-06 2
2.835521e-04 4
4.551402e-05 59
9.536231e-05 646206
8.483485e-07 1
6.582342e-05 289302
7.874142e-05 1
4.967235e-05 1
6.406536e-05 1
2.143593e-05 2
1.361673e-05 1
1.338046e-04 1
6.503196e-05 146950
4.827100e-04 1
3.000293e-04 1
7.448052e-05 1
7.652660e-05 1
4.617693e-05 1
2.162747e-05 7
2.996751e-05 5
3.262842e-06 1
7.426438e-06 3
1.985824e-04 3
1.444306e-04 1
9.196178e-05 1998
9.711431e-05 1
1.825839e-04 4
7.243073e-05 3
3.692211e-06 1
2.470316e-04 4
4.357024e-06 3
7.387858e-05 59145
3.861433e-05 2
1.705362e-05 1
1.307759e-04 1
2.959683e-05 1
2.032221e-05 1
2.161630e-04 1
2.894579e-05 92
3.858724e-05 1
3.259024e-05 1
1.937169e-04 5
2.729085e-05 1
1.303502e-05 3
4.015012e-05 1
2.813031e-04 1
5.738179e-05 1
2.295811e-05 1
4.625967e-06 1
5.539861e-05 1
1.566214e-05 25
7.671426e-05 32641
1.868792e-06 1
5.342087e-05 3
2.145733e-04 33068
3.943264e-06 3
1.203159e-04 1
2.907582e-05 5
1.017337e-04 697
6.449834e-05 1
1.233924e-04 2
7.429716e-06 1
1.006651e-04 1
8.089432e-05 2
4.215346e-05 1
6.668568e-05 1
5.365094e-05 1
3.081833e-05 1
6.015509e-05 7
1.168912e-04 3
6.070529e-05 546653
1.712078e-04 1
4.501445e-05 109
3.748550e-05 1
2.725420e-04 3
5.165980e-05 1
2.807233e-05 254
4.371419e-05 1
8.758080e-05 1
4.565123e-04 27098
1.962347e-04 3
8.578524e-05 9110
9.051054e-05 2
4.127607e-05 1
1.373746e-05 1
7.500386e-06 87
5.133766e-04 6
6.110334e-05 1
1.285566e-04 3
4.673694e-05 1
4.542853e-05 1
1.879646e-05 1
1.786211e-05 1
1.339700e-04 1
6.224157e-05 71
3.789522e-05 66526
1.027772e-04 1
3.992160e-04 1139
7.826130e-05 1647
5.598652e-05 1
3.832546e-05 5
7.183954e-05 1
2.008127e-04 2
9.596328e-05 1
5.535805e-05 3
1.446393e-05 1
1.325949e-04 3
4.167088e-05 1
1.122180e-05 458
7.191439e-05 1
1.298115e-05 1
3.311848e-05 1
2.125323e-05 145
1.726098e-06 4148
1.322695e-04 909
2.786632e-05 2
2.175358e-06 1
4.079024e-05 1203
6.705107e-06 145
1.359190e-05 6
1.043859e-05 3
1.625701e-04 1
2.889535e-05 1
1.988799e-04 6
1.017386e-04 2
6.535563e-05 105
2.728579e-05 207
2.347237e-05 2
8.242454e-05 2
7.807476e-05 291
7.386909e-05 1
7.737946e-05 5
1.376716e-04 1
6.171001e-05 2
2.846888e-05 1
1.936727e-05 1
1.511477e-04 221
2.422843e-07 7
7.600381e-06 1
1.291997e-05 1
8.426640e-05 6
2.612450e-05 1
1.126381e-05 230
3.493712e-05 57060
2.658282e-05 1
7.877664e-05 33
1.349222e-04 1
5.005129e-05 3
5.420331e-06 1
1.375302e-04 1084
3.303146e-05 2
8.983184e-05 1
1.718728e-05 1
4.131256e-05 1
1.514898e-05 62226
6.100583e-05 1
3.359573e-04 86
4.594948e-05 1
1.392158e-04 1
3.187718e-04 5
3.675768e-04 44782
6.552124e-05 45285
5.026991e-05 1
1.661833e-04 7
2.470912e-05 5
2.520961e-05 4
1.578956e-06 1
1.326120e-04 1
4.521582e-05 3
6.840985e-05 1
9.907335e-05 100
1.275564e-04 1
4.555852e-05 1
3.597396e-07 1
4.280879e-05 1
1.832352e-04 1
1.433183e-04 2
3.682183e-05 2
1.241403e-04 1
2.117455e-05 2
9.555370e-06 1
1.558585e-05 1
1.629290e-04 1
4.865327e-05 2
1.856378e-05 1
9.025827e-06 1
2.047406e-04 3
1.072440e-05 1
4.431074e-04 213
2.903716e-05 7
1.041627e-04 2
1.118220e-04 1
1.858608e-04 1
6.378460e-05 1
3.781841e-05 1
3.886769e-05 1
1.408997e-05 47133
1.302297e-04 7
9.127989e-05 1
2.184278e-04 1
2.949655e-04 6
2.786672e-04 62737
1.146886e-04 56501
2.070121e-04 221
2.632318e-05 626
1.099399e-04 3
1.299724e-04 74
8.949873e-05 1
4.370809e-05 158
5.737734e-05 1960
1.133750e-04 1
5.053047e-06 1
1.773825e-04 27994
3.208148e-05 270265
5.374132e-05 1
1.570188e-04 248
1.141663e-04 1
1.300120e-05 5
1.089993e-04 1
2.462335e-05 46
7.117757e-05 3
2.172812e-04 1
1.092447e-04 2
3.755399e-05 4
1.938748e-05 1
1.465835e-04 3
1.842109e-04 2
1.985066e-04 2
2.011341e-04 1
3.369672e-05 1
1.371182e-04 6
1.456929e-04 1
2.732361e-04 1
2.312349e-04 2
3.090026e-05 1
6.204988e-05 1
3.587832e-05 4
8.866784e-07 1
7.112338e-06 2
1.072378e-05 56572
1.315540e-05 1
5.856279e-05 2
7.590453e-05 1
6.559309e-05 3
3.917483e-05 2
6.622542e-05 1
6.543457e-05 1
4.061554e-05 1
1.486300e-04 167
1.041471e-04 263
1.635522e-04 1
7.624852e-05 1
5.379631e-05 1
5.081792e-06 136
3.824227e-05 1
1.361210e-04 1
1.196360e-04 7
5.054103e-05 1
1.238552e-05 1
1.788956e-04 2
6.899818e-05 1
5.622530e-05 1
4.609082e-06 1
2.661395e-05 1
2.612869e-04 2
1.052661e-05 1
2.830931e-05 1
6.277124e-05 1
6.882126e-05 176
2.004157e-04 2
8.682701e-05 1
2.261309e-04 125
1.457723e-04 1
1.069797e-04 1
1.292089e-05 1
3.173584e-04 5182
4.949907e-05 1
1.814020e-05 3
2.168322e-04 1
5.057224e-05 7
1.383802e-05 464
1.147707e-05 1
2.291540e-05 4
1.228077e-04 7
7.958453e-05 568146
2.386716e-04 1
1.302143e-04 3
3.018890e-05 1
6.537344e-05 1
1.078051e-04 2
2.673899e-04 1
3.633355e-05 1
1.029561e-04 2
3.886797e-05 182
2.056022e-04 28
2.223417e-04 1
5.862382e-05 1
9.877711e-05 6
7.000797e-06 3
3.137379e-05 194
7.133459e-05 1
1.816189e-05 1
1.206944e-05 1
8.941513e-05 106
1.522138e-05 108
1.297149e-04 1
1.846804e-04 1
4.647523e-05 1335
1.045551e-05 2
8.030949e-06 2
4.742538e-05 3
9.856230e-05 1
1.019815e-04 1
1.634576e-04 1
2.016253e-04 6
3.606040e-05 1
1.673206e-04 1
1.399122e-06 7
1.187770e-04 3
3.626148e-07 1
2.084117e-04 2
8.828430e-05 7
1.580240e-04 2
1.362628e-04 2
1.070491e-04 5
9.261304e-05 1
4.155008e-06 2
1.175917e-04 1
2.042812e-04 1
4.615964e-05 1
1.267236e-05 5
1.780383e-04 1
1.056960e-04 1227
2.758689e-05 1
1.330046e-05 299
2.177991e-05 1
6.600941e-05 1
4.439604e-05 1
3.323735e-05 6
9.300079e-05 1
1.436804e-04 3
6.761539e-05 1
1.040525e-04 224
5.022405e-05 2
1.412012e-04 193
5.912188e-06 1
1.665447e-04 4
2.389339e-05 1
3.496035e-05 1
1.029739e-04 1
2.068335e-05 3
1.707675e-05 1
9.670930e-05 4
8.105857e-06 1
4.375008e-05 1
8.244536e-05 1
2.675340e-04 1307
1.971982e-05 2
1.042480e-04 15
9.483235e-05 1
1.001948e-05 1
3.008987e-05 4
1.106022e-04 2
7.542076e-05 1
6.988447e-05 1
4.837845e-05 1
6.303075e-05 1
1.597361e-04 1
8.200356e-05 1
1.974055e-04 3
4.922869e-05 1
3.590628e-05 1343
4.986445e-05 1
1.153098e-04 1
4.747616e-05 6
6.971542e-05 3
5.016166e-05 7
1.527935e-04 2
1.567477e-04 3
9.227903e-06 4
4.962457e-06 1
2.581027e-04 2
5.238204e-05 1
2.705124e-05 36
1.685355e-04 1
1.654845e-04 3
5.066724e-05 1
5.182979e-05 2
1.762650e-04 2
3.946081e-06 5
7.936249e-05 1
3.625103e-05 6
1.416787e-04 1
3.088586e-04 1
7.712690e-05 1
1.779432e-04 1
2.158807e-05 1
8.062596e-06 3
1.822944e-04 1
5.342681e-07 6
1.854831e-04 1
7.120554e-05 3
1.497180e-05 2
1.775197e-04 1
2.259582e-04 1
1.345109e-05 1
3.299500e-05 2
1.007205e-05 1
6.002048e-05 1
7.534042e-05 1
2.342894e-05 7
2.542785e-05 4
5.763033e-06 111
1.512798e-04 3
1.441277e-05 203
1.333425e-05 2
1.682060e-04 46397
1.567323e-05 1
1.149940e-04 1
1.166441e-05 2
1.022030e-05 1
7.486997e-05 6
4.409829e-05 7
1.316880e-04 4
2.574788e-04 3
4.391220e-05 1
1.500376e-05 1
4.609315e-04 7
2.974950e-05 541
2.166036e-05 1
1.207723e-04 6
3.592280e-05 7
2.596694e-05 1
1.940253e-04 1
6.603332e-05 2
1.562718e-05 1
4.787157e-05 28983
3.845557e-05 3
1.076250e-06 1
5.941491e-05 1
3.217860e-05 1717
4.230941e-05 6
8.926339e-05 157
1.237707e-06 1
3.331028e-05 1
1.024938e-04 1
6.820534e-05 3
7.855353e-06 1
1.930932e-06 1
3.177973e-04 1
3.489536e-05 1
7.730499e-05 54
4.859625e-05 2
5.617070e-05 3
2.610166e-04 1
1.602451e-04 1
9.254041e-06 1
1.419476e-04 3
8.943812e-06 2
6.983888e-05 4
2.015342e-04 3
7.358792e-05 13013
9.177878e-05 3
3.227816e-06 97
4.266032e-05 1
1.162638e-05 2
1.783726e-05 1
2.168308e-04 1
3.481926e-05 1
1.226926e-05 1
3.436123e-05 1
9.000022e-05 5
2.822226e-06 1
8.704612e-06 1
9.425691e-05 1
2.015642e-05 1
5.989542e-05 25
2.784366e-05 6
1.569580e-04 1
8.121054e-05 1
3.138945e-06 2
1.970834e-05 3
8.043340e-05 1
5.852258e-05 1
5.812927e-05 1
1.460649e-04 1
7.978572e-05 66152
2.398955e-05 1
7.378669e-06 595324
4.750068e-05 55
1.081119e-04 1
9.040974e-05 4
3.660978e-04 1
1.337224e-04 2
1.613863e-04 1
4.998498e-05 3
8.729523e-05 1
8.259098e-05 3
1.404596e-04 207
7.479350e-06 1
8.392716e-05 59
2.456593e-05 107
1.700866e-05 1
9.099486e-05 1
4.775439e-05 7
1.736742e-05 1
1.286936e-04 1
1.726927e-04 1
2.388230e-05 225
4.619076e-05 162
3.194550e-05 1803
5.098719e-05 1
1.664339e-04 1
1.080737e-04 1
1.513289e-04 1
2.235148e-05 181
4.218054e-05 1
1.024607e-05 1
4.513294e-05 23230
3.290696e-05 1
9.241362e-05 1
8.893591e-05 2
6.780257e-05 5
8.345805e-06 3
7.105629e-05 4
1.111558e-05 265
3.299203e-04 1
1.978536e-06 1876
1.057287e-04 1
6.908999e-05 2
3.320276e-05 1
1.164758e-04 2
4.422787e-04 1
8.917404e-06 1
4.555965e-05 2
4.687839e-05 3
3.129784e-05 1
3.268652e-04 1
2.755013e-04 3
3.177001e-05 2
9.657288e-05 1
2.275846e-04 1
9.721146e-05 1
7.916878e-05 3
3.142152e-04 129
6.986996e-05 2
2.211411e-04 1
6.028373e-06 2
1.693212e-04 7
7.357356e-05 1
1.320688e-05 7
1.843281e-04 1
1.617630e-05 1
5.433770e-05 3
2.872750e-05 4
1.123109e-05 1
3.037442e-05 4
2.295961e-04 1
1.779489e-04 1
9.851259e-05 1
4.492919e-05 1
4.680094e-05 2
1.725139e-04 243
7.332437e-05 1
9.814438e-05 1
5.658274e-05 1
7.185332e-06 301776
3.386786e-05 1
8.842923e-06 3
1.539930e-04 3
2.181967e-05 1
1.146405e-04 1
2.396628e-05 2
3.542476e-05 6
7.695182e-05 1
1.359064e-05 3
1.520158e-04 1910
1.121308e-04 1
6.969760e-05 2
2.077278e-05 3
1.062848e-05 1
1.621736e-05 1
1.242195e-04 1
9.777567e-05 1
5.089728e-05 3
1.653494e-04 1
1.350100e-04 106
2.217376e-05 265
1.479885e-05 1
4.401675e-05 1
8.120895e-05 6
1.248857e-04 2
1.845502e-04 3
3.944480e-05 1
1.602309e-04 1
6.401095e-05 30
1.027355e-04 6
5.430617e-05 1
1.500106e-04 2
4.869263e-06 1
1.171028e-04 3
3.568656e-05 1
5.694794e-05 208
1.266371e-04 1
1.136530e-04 1
1.521395e-04 3
2.911869e-05 2
2.667518e-05 2
1.387678e-05 864
2.748140e-06 1
2.489628e-05 245
3.162856e-04 2
8.185372e-05 1
4.429329e-04 1
1.047970e-04 1
9.140404e-05 1
2.839914e-05 1
1.934315e-06 1
1.601235e-04 1
3.895846e-05 1
6.992042e-05 1
4.181390e-05 63802
1.146611e-07 1
2.972505e-05 140
1.403072e-04 1
7.864904e-06 1
2.164730e-05 2
2.160946e-06 1
6.866186e-05 3
4.004497e-06 4
3.704593e-05 1
4.587640e-06 2
4.665957e-05 112
1.347683e-04 9
3.687636e-05 3
7.767640e-05 3
1.440843e-04 1
3.291439e-05 1
8.137496e-05 3366
8.849436e-05 1
9.226768e-08 2
2.617607e-06 4
2.193097e-04 1
2.026690e-04 1
7.999949e-05 5
3.178048e-04 2
2.177395e-04 105
2.495786e-04 1
2.644757e-05 220
2.307929e-05 3
2.727231e-06 6
1.261080e-05 3
1.801476e-04 7
5.008238e-05 1
2.918598e-04 1
2.575517e-05 63288
1.811451e-04 1
2.103813e-05 1
8.989149e-05 1
2.292775e-04 1
5.153088e-05 20
6.364956e-06 1
1.679037e-05 638
5.296413e-05 2
3.287444e-04 1
2.534566e-05 2
1.063866e-04 1
4.501525e-05 12631
3.889264e-05 726
3.292778e-04 1
4.096972e-05 1
4.549680e-05 1
4.462330e-05 1
4.530751e-05 1
4.017134e-06 3
6.272473e-05 5
4.706439e-05 3
2.060894e-05 1
2.268213e-05 1
3.459911e-04 1
1.547670e-05 6
2.101728e-04 3
3.413393e-05 1
1.286987e-05 1
3.698945e-05 1
8.322084e-05 2
4.508601e-05 6
9.192579e-05 1
6.663836e-06 60271
3.171603e-05 195
8.509874e-05 63
1.278408e-05 3
7.642511e-05 1
1.271475e-05 1
5.075599e-05 1
4.265171e-05 1
6.937197e-05 6
6.384786e-05 1
2.228708e-05 1
5.012534e-05 1
2.234829e-05 3
5.520141e-06 1796
7.625280e-05 1507
2.011749e-05 1
2.397907e-05 2
5.759190e-05 6
2.027262e-05 354
1.390959e-04 1
1.017903e-05 5
6.680468e-05 1
2.210422e-05 13154
1.622047e-04 2
2.801618e-04 2
1.352354e-04 1
1.639916e-05 1
2.483879e-05 4
2.435991e-05 3
8.782904e-06 1
3.334417e-05 2
1.072900e-04 2
1.789062e-05 4
8.463244e-05 266
1.137290e-05 1
8.049547e-05 2
7.341018e-05 1
3.528350e-05 1
1.398583e-04 1
4.908739e-05 2
1.129581e-05 210
5.754656e-05 10
1.594126e-05 1
3.531138e-06 1
5.585742e-05 121
1.471010e-05 1
5.509191e-05 1
2.257271e-05 1
1.288124e-04 1
6.250376e-05 1
2.070281e-04 1
1.107205e-04 1
6.552449e-05 1
1.407708e-04 3
2.794399e-05 6
1.918919e-05 1
2.065152e-05 1
6.804456e-05 541
2.277751e-05 61882
5.629783e-05 1
2.522756e-04 1
1.181370e-05 103
9.914477e-05 1
1.805192e-04 570
5.408576e-06 2
1.254605e-04 197
8.472599e-06 1
2.792324e-04 1
1.035306e-05 2
8.946071e-07 1
9.718526e-05 1
7.148261e-05 7
5.706305e-07 1
9.659926e-05 3
4.765282e-05 5
3.654072e-05 1
3.182346e-05 1
2.833422e-05 1
2.696461e-05 66554
2.740069e-05 2
6.935705e-06 1
2.228170e-05 1
1.654690e-04 1
1.700794e-04 1
3.444984e-05 45
3.626837e-05 1
2.991597e-05 10088
2.117505e-05 3
5.546431e-05 1
1.175891e-05 338
6.226137e-05 1
1.251797e-04 7
1.001027e-04 1
1.016677e-04 4
4.939774e-05 1
6.423288e-05 3
8.246471e-05 4
7.987150e-05 1
1.858099e-04 1
6.826609e-05 1
3.193943e-05 6
3.849552e-05 407497
3.686955e-05 1
3.587054e-05 1
2.154376e-05 1
1.037617e-05 1
7.126791e-05 2
2.795811e-05 1
4.968276e-05 3
1.480639e-04 249
1.530457e-04 20429
1.081069e-04 1
9.683898e-05 1
3.549765e-05 1
1.418777e-04 2
6.110525e-05 152382
1.764310e-04 1
1.242115e-04 3
1.620380e-04 1
6.857116e-05 111
1.254211e-04 3
2.153354e-04 3
4.436437e-06 1
6.128720e-05 88
2.250744e-04 167
2.005581e-06 1
1.772000e-04 76
9.028104e-05 1
5.247957e-05 1
6.262005e-05 1
3.059139e-05 7
1.073847e-04 846
2.049154e-05 1
1.511762e-04 1
6.671340e-06 781
3.982134e-05 1
1.316453e-04 1
7.706979e-05 1
6.557939e-05 1266
8.763485e-05 1
2.294609e-04 1
9.035630e-05 193
1.311919e-05 6
5.254242e-05 1
1.256801e-04 1
4.876537e-05 6
3.959526e-06 266
1.929615e-04 1
1.016839e-04 1
1.324388e-04 3
8.406889e-06 1
7.766495e-05 2
2.096423e-05 1
4.552086e-05 226
7.967417e-05 1
3.241521e-04 1
6.968328e-05 4
1.878163e-04 2
2.651492e-05 1
1.724277e-05 1
3.405534e-05 2
2.553369e-04 1
1.942929e-05 1
8.157147e-05 160
1.210086e-04 2010
9.431755e-05 2
4.388586e-05 3
5.018500e-05 3
9.069052e-05 2
1.925797e-05 1
1.486360e-04 29924
1.019909e-04 4
2.140694e-05 3
4.378623e-05 1
7.814992e-05 3
4.823222e-05 1
1.887296e-05 1
3.343763e-05 3
3.580682e-05 3
1.155231e-04 2
5.447661e-05 207
2.572179e-04 1
1.559642e-05 2
4.543599e-05 1
3.263112e-04 1
1.468624e-05 7
5.607747e-05 1
9.511263e-05 1
6.041631e-05 1
1.184799e-04 5
1.189317e-04 1
1.243716e-05 3
8.344724e-05 1
3.027276e-04 1
1.282493e-04 2
1.059236e-04 5
5.991820e-05 1
1.717496e-05 6
6.638907e-05 1
6.115507e-06 2
1.346070e-04 4
2.287426e-05 107
2.254656e-05 1
4.192913e-06 5
7.281783e-05 3
6.680927e-08 26142
3.183147e-05 1
3.657160e-05 1
2.312879e-06 230
6.237793e-06 6
2.245814e-05 1
1.047607e-04 1
5.046337e-05 2
2.473766e-04 1
6.058323e-05 4
1.963887e-05 1
1.724370e-04 1
1.845766e-05 1
8.515946e-05 151
4.768239e-05 1
1.168295e-04 1
2.415337e-04 26
4.858117e-06 5
1.497076e-05 1
1.958256e-05 1
7.148571e-05 1
1.278224e-05 5
1.375548e-05 1
3.171555e-05 65887
1.016331e-04 2
1.570167e-04 2
2.448423e-04 2
4.272586e-05 14100
2.587529e-04 3
1.040059e-04 7
1.507757e-05 1
1.552019e-04 1
5.131887e-05 1
4.528225e-04 1
1.329655e-05 7
6.795123e-05 22
9.017491e-05 3
8.526335e-05 1
1.927058e-05 2
4.664738e-05 2
2.457857e-04 1
4.617452e-06 1
4.194208e-05 19170
2.296272e-04 1
3.392649e-05 1
8.516960e-05 4
5.951963e-05 1
6.283728e-05 1
2.791547e-05 1
2.210650e-05 1
6.953803e-06 1
5.014206e-05 1
1.684776e-05 6
1.363621e-05 1
1.643640e-04 1
1.912747e-04 3
7.196197e-05 165
5.201309e-05 1
1.459667e-04 1
1.666407e-04 1
3.251233e-06 2
2.147795e-05 1
1.508662e-04 1
2.672191e-06 3
3.653184e-05 1
5.303277e-05 3
7.032460e-06 3
1.747325e-04 1
2.095796e-06 1
3.900313e-05 1
1.140276e-04 1
6.809399e-05 1
3.617301e-05 1
1.277072e-04 7
5.652818e-05 1
1.701274e-04 1
1.625597e-04 161
8.180249e-06 3
7.811872e-05 1
7.809870e-05 606478
4.453492e-04 1
5.653521e-05 1
3.572571e-05 1
1.085644e-04 2
2.333757e-04 686
1.614095e-04 3
6.718322e-05 3
2.705136e-05 1
2.532690e-04 1
5.871751e-05 1
8.026122e-05 1
5.861210e-05 1
3.896150e-05 1
5.644076e-05 1
7.977742e-05 1
5.748639e-05 158
7.885893e-05 2
1.460237e-04 1
5.830805e-06 3
2.567297e-06 1
5.642271e-05 139
1.103801e-04 6
5.199783e-05 128
1.549771e-05 1
6.002677e-05 1
3.499572e-05 3
9.123488e-05 54
2.291450e-04 1
1.912578e-05 2
1.067322e-04 1
2.230550e-04 1
2.366230e-05 5
3.926277e-05 46035
2.403888e-06 1
3.508229e-05 2
3.820370e-05 1
1.541245e-04 214
7.691741e-05 1
5.052609e-05 1
6.811524e-06 1
1.278626e-04 1
2.353352e-06 3
5.010569e-05 304377
2.842299e-05 5
2.176636e-04 3
7.601199e-05 2
9.236063e-05 1093
3.512923e-05 3
1.561197e-05 1
4.458650e-05 6
4.734438e-05 3
8.964887e-05 5
1.654838e-04 1
2.552878e-05 1224
2.578857e-05 2
2.051965e-05 6
2.199732e-05 6
1.901714e-05 3
1.183713e-05 211
1.107459e-04 167
1.028961e-05 1
1.362331e-05 3
2.930475e-05 131
9.734920e-06 3
1.016074e-05 1
2.477290e-05 1
6.709397e-05 16568
2.280594e-05 1
6.826182e-05 2
1.604469e-04 3
3.244749e-05 1
2.312108e-05 1
2.756824e-05 3
1.199393e-05 1
3.176675e-05 1
6.992189e-05 1
1.561141e-05 2
1.307480e-04 1
4.686652e-05 1
1.314466e-05 1
1.012922e-05 2
1.395040e-04 2
5.262227e-06 1
7.268828e-05 3
6.124000e-06 1
8.910176e-07 1
4.414208e-05 1
2.733024e-04 2
1.704805e-04 7
2.405553e-04 1
1.131941e-04 3
2.624844e-05 265
3.080523e-05 1
1.163391e-04 1
2.395102e-04 1
1.175937e-06 2
1.111299e-04 1
1.920149e-05 4
9.928803e-05 1
6.896446e-05 1
6.884231e-05 1
4.210164e-05 2
8.551001e-05 4
1.493508e-04 4
6.597976e-05 1
1.950145e-05 1
2.558674e-04 1
4.761230e-05 3
1.188479e-04 7
1.335288e-05 6
8.823305e-06 3
8.052124e-05 1
1.246276e-04 2
5.817319e-06 24456
5.841422e-05 1
2.011529e-05 1
1.397016e-04 1158
2.642418e-05 7
1.644150e-04 1
4.199983e-05 1
1.349912e-04 492128
3.369007e-05 4
4.405256e-05 1
8.515469e-05 72
1.643319e-05 7
8.807819e-06 60
1.116177e-04 3
6.980775e-05 1
1.249068e-04 1
1.324341e-05 1
3.912417e-05 1
1.117202e-04 1
5.057829e-06 3
2.185548e-05 1907
1.363670e-04 1
4.899807e-05 230
4.817641e-05 1
1.490589e-05 1
2.155350e-05 1
1.229141e-04 1
2.670353e-05 1
1.971329e-05 3
6.637076e-05 3
1.181977e-04 1
1.527601e-05 1
5.277989e-05 1
9.856031e-06 1
5.933955e-05 3
3.456744e-04 2
3.256886e-05 1
1.307673e-04 1
8.975777e-06 2
6.065386e-06 3
1.015334e-04 1
5.420888e-05 658453
5.243730e-06 1
3.569310e-05 2
2.173623e-04 1
1.200337e-04 2
5.911771e-05 1
2.266804e-04 1
6.670007e-05 5
1.464059e-04 111
3.137050e-06 2
6.693489e-05 1
2.396489e-05 1
1.043672e-04 2
7.130051e-05 1
3.741408e-05 7
1.650337e-04 1
2.998061e-04 4
7.391706e-05 3
3.052151e-04 1
1.278154e-05 1
1.082547e-04 103
1.907126e-05 1
6.745091e-05 1
1.227936e-04 159
1.104820e-05 1
1.456242e-04 1
1.829298e-06 1
1.205733e-04 1
1.748752e-05 3
3.744702e-05 2
1.385398e-04 2
7.276049e-05 2
6.446094e-05 1
2.613980e-06 1
5.694600e-05 12950
1.559468e-05 1
5.165744e-05 1
1.789568e-04 1
1.382414e-04 74
2.102341e-05 1
4.045917e-05 1
1.881523e-04 1
1.295592e-04 155
4.478350e-05 1
3.709721e-06 1
1.060733e-04 1
1.771758e-04 5
1.234918e-04 1
2.185376e-05 7
2.449930e-04 20
1.078674e-04 2
4.158062e-04 1
7.719466e-05 4
4.895872e-05 1
2.684563e-05 1951
2.055321e-05 930
2.140068e-05 1
7.724393e-05 1
1.092366e-05 2
3.621018e-05 1
6.814574e-05 128
3.883069e-06 1
2.917005e-05 184
8.957047e-07 1
2.337484e-04 1
5.769263e-05 1
8.405813e-05 1
2.923331e-05 1
4.782239e-05 1
3.153621e-04 7
1.457312e-04 1
1.098437e-04 1
2.775973e-05 22236
2.747441e-04 244
1.616818e-04 1
6.338851e-05 5
2.687371e-05 2
4.672117e-05 1
1.253404e-04 1930
4.169316e-06 3
9.086603e-05 39
2.386827e-05 216
3.444497e-05 1
3.859540e-05 1
7.672582e-05 2
5.672953e-05 6
2.164674e-05 1
9.352227e-05 464079
8.707958e-05 1
6.896447e-05 1
1.290079e-04 1
5.134405e-05 994
3.511491e-05 2
8.749676e-05 1
1.503966e-04 1
1.189495e-04 724
3.209002e-05 195
9.880373e-05 3
1.070110e-04 2014
2.300767e-04 2
3.203722e-04 233
7.114148e-05 2
5.230991e-05 220
1.604782e-04 5
1.177739e-05 223
7.499208e-05 5
1.010921e-04 5
4.494823e-05 1
2.816485e-04 1
2.452808e-05 2
7.805140e-05 3
8.603150e-05 1
1.369033e-04 3
4.447516e-06 1
1.069634e-04 1
2.778318e-06 5
4.398799e-05 3
1.798905e-05 1
3.758961e-05 75
2.791114e-06 1
4.705573e-05 1
5.339652e-05 1
1.605014e-04 2
4.841988e-05 3
3.887950e-05 2
1.412193e-04 1
6.503207e-05 1
6.390931e-05 4
2.371385e-04 2
1.333541e-05 2
2.931380e-05 3
4.880559e-05 1
1.186349e-04 6
3.337016e-05 1
9.499097e-05 1
1.352496e-05 1
1.533841e-05 1
2.501981e-05 2
2.456916e-05 1
4.090416e-05 1
1.189677e-04 1
6.341101e-05 1378
3.439086e-05 1
2.831420e-05 2
1.729490e-05 1
1.095031e-04 1
3.770886e-04 5
1.281419e-04 1
1.236390e-04 5
3.229373e-06 1
5.688172e-05 1
2.878493e-05 1
4.896612e-05 1
2.307337e-04 4
7.554429e-06 1
8.119216e-05 1
7.483791e-06 2
7.770346e-05 7
6.768457e-05 7
6.362197e-06 1
4.183118e-05 3
2.731337e-04 1
2.997281e-05 1
9.820090e-05 21
9.413712e-05 1
9.160439e-05 1920
5.683878e-05 1
3.856478e-05 1
1.375465e-04 943
1.253564e-04 3
1.309889e-04 165
4.234492e-04 3
1.311118e-04 40361
3.223568e-05 1
1.215163e-05 1
7.076568e-05 1
4.257166e-05 2012
7.114361e-05 1
6.132063e-05 1
1.414452e-04 1
1.202326e-05 1
2.381655e-05 1
1.020606e-04 1345
4.216716e-05 3
1.299681e-04 103
1.121975e-04 3
1.027515e-04 110
1.325069e-04 1
1.978183e-05 44552
1.404215e-04 4
4.790073e-05 1
2.138965e-06 30
1.454562e-04 1
1.512896e-04 3
9.523387e-05 1
5.317407e-05 242
3.064426e-04 3
2.530499e-06 1
1.243941e-04 5
5.480473e-05 1
6.708704e-05 194
2.258381e-04 3
1.918772e-05 1
4.232033e-05 1
1.992908e-04 65528
1.986529e-05 99
1.497713e-04 5
4.199806e-05 2060
5.987024e-05 15679
1.173715e-05 1
5.985167e-05 36
4.793317e-05 1
2.395371e-05 6
6.231006e-05 678
4.149558e-05 110
2.181085e-04 7
7.739778e-05 3
5.083395e-05 585
1.243101e-05 1
2.471737e-05 1
6.016844e-05 197
5.950695e-05 1675
2.704658e-06 1
2.240572e-05 1
3.520724e-04 1
2.312184e-05 2072
2.400722e-05 1
4.252425e-05 1
1.166179e-04 192
9.791563e-05 5
4.714458e-05 1
9.293447e-06 82
2.108944e-06 1
1.010209e-04 1
9.720653e-05 1
7.094530e-05 1
8.329774e-06 4
2.687085e-07 1
2.466078e-04 1182
1.171693e-04 1
5.629551e-05 1
4.010021e-05 1
8.588424e-07 1
2.014853e-05 21
2.306995e-05 22
2.044621e-04 1
2.677136e-05 1
3.139081e-05 1871
6.675844e-05 1
2.857075e-05 1
1.022112e-04 1
1.753284e-04 1
1.252206e-04 3
1.733849e-04 5
3.781547e-05 1
4.165045e-05 1
7.005911e-05 2
5.845739e-05 3
2.062953e-04 3
1.905623e-05 5
1.332390e-04 2
4.739232e-05 1
5.753816e-05 1
1.411193e-04 1
1.735246e-05 5
6.218688e-05 1
9.855681e-05 67
6.318804e-05 3
1.544455e-05 1
1.257720e-04 86
9.077340e-05 3
1.084122e-05 1
2.233282e-04 3
3.897599e-05 4
6.721413e-06 1
9.039739e-05 1
7.436217e-05 3
4.664177e-05 1
1.228973e-04 4
5.181360e-05 1
1.943100e-05 1
1.872400e-04 1
9.774135e-05 1
7.888414e-06 1
1.286682e-04 133
3.138730e-05 52928
1.407485e-06 3
9.971900e-06 176
1.179748e-05 45948
1.097880e-04 1
3.458878e-05 367727
2.735116e-05 1
1.005749e-04 2
1.398165e-04 4
2.663512e-05 1
1.228598e-04 1
5.089128e-06 1
1.143605e-05 3
1.816769e-04 17489
5.474753e-05 6
8.100718e-05 1
1.779341e-05 1
1.316827e-05 1
1.583333e-05 1
6.500363e-05 102
5.310715e-05 1
1.275526e-04 151
5.670050e-05 1
1.534084e-04 1
2.296254e-04 1
7.811446e-06 463778
2.150522e-05 59
3.058161e-05 1
1.888653e-06 1
4.168450e-05 2
1.111433e-04 1
9.609150e-05 2
2.159344e-04 1
9.923257e-05 2
3.606851e-05 645307
1.415780e-05 3
2.501155e-05 6
3.847757e-05 2740
1.063792e-04 1
5.861512e-05 3
1.027140e-04 1
8.335380e-05 6
4.286836e-05 1
1.491430e-04 1
3.117732e-05 5
6.563849e-05 1
1.786721e-05 1
3.424427e-05 1
6.420717e-05 7
5.254208e-05 68
1.821223e-04 1
7.508437e-05 1
5.369143e-05 1
2.162702e-04 2
1.101171e-05 1
1.394288e-05 1
9.559840e-05 2
5.740651e-05 2
7.365902e-05 1
1.141989e-05 5
1.354023e-04 1
1.559232e-05 1
7.728107e-05 6
1.013833e-04 6
2.461248e-04 116
2.289877e-05 165
7.521803e-05 1
2.241112e-04 1
1.179346e-04 6
8.907078e-05 2
5.193050e-06 1
3.411974e-05 1
1.281835e-04 1
1.324517e-04 1
1.276966e-04 362318
9.708685e-05 39363
1.029943e-04 2
3.753149e-05 1
1.993077e-05 1
2.716916e-04 90
1.447084e-05 2
1.949106e-04 6846
9.876043e-05 6
1.188976e-04 21197
1.910142e-05 1
3.151928e-06 1
8.590870e-06 1
1.080415e-04 2
6.610655e-05 6
1.301885e-04 4
3.298840e-05 3
1.469636e-04 1906
2.809050e-05 1
4.495347e-05 5
2.433418e-06 1
4.987265e-05 1
4.944081e-05 6
5.767184e-05 86
2.201171e-04 1
3.564676e-05 1435
3.277948e-05 3
8.433869e-05 1
8.518173e-05 3
3.008806e-04 1
5.427803e-05 1832
1.499593e-05 7
5.173603e-05 1020
7.556537e-05 1
3.731643e-05 849
1.919637e-04 1
3.920772e-06 2
1.636214e-05 1
4.636374e-05 1
1.520784e-04 1
1.336005e-06 1
1.370050e-04 1
3.043090e-05 42
3.290177e-05 2
6.681333e-06 1
2.210647e-04 1
7.286909e-05 2
8.929838e-06 4
3.052719e-05 1
8.879074e-07 2
2.055453e-05 1
4.734972e-04 7
6.199935e-05 1732
6.568855e-05 7
5.000535e-05 3
7.625588e-05 1
1.942315e-05 3
1.191503e-04 2
1.419499e-04 1
2.108265e-05 702
5.456492e-05 2
3.641971e-05 1
3.955786e-05 1
2.046406e-05 100
1.517871e-04 1
5.020249e-05 214
9.063869e-05 1
1.520258e-04 7
2.471438e-04 6
2.919325e-04 1
1.022991e-04 1
3.214982e-05 6
2.658129e-05 1
2.153767e-05 1
1.462202e-04 1
7.987169e-05 1
4.019547e-05 1
5.571110e-05 1
5.377461e-05 1
1.483048e-05 2
1.522799e-04 1
6.380551e-05 7
1.302430e-05 1
1.386419e-04 44308
2.361976e-07 1
1.276299e-05 1
9.523827e-06 261
1.465073e-04 1
1.751351e-04 1
9.619150e-05 1
1.518717e-04 1
2.318316e-05 255
2.471861e-05 2
1.480992e-06 1
3.465951e-05 1
4.542779e-05 6
1.468433e-05 1
1.284934e-05 1
2.231385e-05 2
2.448511e-06 1
2.406373e-05 26246
1.529942e-04 3
2.104408e-05 181
2.205374e-04 5
1.764774e-04 207
3.147334e-05 6
2.302128e-05 1
3.831997e-05 1
7.041863e-06 1
1.033344e-05 1
1.324800e-05 1
8.126607e-05 2
4.563602e-05 2
6.461302e-05 1
5.380778e-05 1
8.896181e-06 482241
4.759632e-05 1
1.135042e-05 1372
1.591663e-04 1506
1.185155e-05 1
1.247442e-04 2
1.729948e-04 3
2.775244e-05 1
1.260168e-04 879
3.865867e-05 1
2.112733e-04 1
3.480409e-04 1
1.464896e-04 258
4.094071e-06 104
4.611876e-05 1
1.463442e-06 1601
1.299716e-04 4
1.484354e-04 2
1.033216e-04 1
1.756849e-04 1
1.801903e-04 33287
5.252895e-06 1
2.381029e-05 1
3.788707e-05 54420
2.879551e-05 47
6.894176e-06 3
3.250800e-05 1
2.331703e-05 1
1.953410e-05 1
9.932490e-05 36013
2.558978e-06 1
1.120780e-05 35
1.175153e-04 214
1.406603e-05 3
5.522423e-05 1
5.428911e-05 1
1.132269e-05 1
1.015719e-05 3
1.099108e-04 1
2.730016e-05 1
9.833865e-05 79
4.638464e-05 1
5.720536e-05 1
9.532623e-06 1
6.539676e-05 1
1.089474e-04 1
9.420010e-05 1
1.044899e-05 3
8.210972e-05 1
1.463103e-05 520054
4.865154e-05 2
1.768301e-04 1
1.941359e-05 1
2.561333e-04 110
6.047785e-05 1284
8.028849e-05 1
6.277380e-05 1
8.623511e-05 1
7.564327e-05 1
1.767416e-04 2
4.421445e-05 1
4.399177e-05 181
8.673445e-06 1
2.319231e-05 3
1.994921e-06 1
1.252648e-04 1
1.249105e-04 3
4.084633e-05 1
7.253133e-05 1
6.400593e-06 1060
8.690798e-06 1
4.251738e-05 1
6.193655e-05 224
7.911085e-06 38448
6.687311e-05 12740
7.360463e-06 1
6.008749e-05 5
1.115433e-04 1
3.202969e-05 7
5.874044e-05 3
6.539852e-05 2006
3.153577e-05 1
2.308600e-04 2
1.173807e-04 3
1.839234e-05 65184
3.285669e-05 136
3.915540e-05 195
6.673927e-05 1
6.425892e-05 2
5.580959e-05 6
5.270936e-05 35
7.110330e-05 2
2.271386e-05 1
1.367116e-04 1
6.790825e-06 3
1.908189e-04 317
1.545766e-04 1
2.847817e-05 2
1.893051e-05 3
2.145273e-04 3
4.612330e-05 1
1.342682e-04 4
5.458942e-05 116
1.482880e-04 3
2.450123e-05 2
1.109182e-04 1
6.848475e-05 43
3.582948e-05 6
2.288571e-05 1
2.717135e-05 1
6.030503e-05 264
6.931927e-05 1
2.759152e-04 1025
1.175690e-05 243
3.585334e-05 6
9.070096e-05 1
1.083616e-04 3
1.227191e-04 52
6.110998e-07 159
1.995758e-05 2
1.740065e-05 11198
3.501150e-05 1
1.610510e-04 1
3.593447e-05 67
1.314943e-04 1
2.518414e-05 1
5.469540e-06 1
2.530693e-05 1
1.449464e-04 1
7.707292e-05 1
4.811770e-04 25625
1.652763e-04 1
9.524363e-05 2
1.543024e-04 2
7.220440e-06 126
1.102147e-04 7
9.480358e-05 139
2.206401e-05 239
5.955890e-05 228
1.285287e-04 1
2.849609e-05 262
8.714685e-05 1
4.939249e-05 3
1.416868e-05 1285
8.838953e-05 1
5.405569e-06 3305
2.136824e-05 1
6.424824e-06 1
3.447272e-05 3
1.405300e-05 1
1.451997e-04 79
3.436834e-06 1
5.360501e-05 1
1.801119e-05 1
3.124253e-05 1
2.081712e-05 1
6.617942e-06 178
4.496156e-05 219
5.342778e-07 1
1.290535e-04 3
5.902607e-05 1
5.161892e-05 3
9.353645e-05 3
1.113914e-04 1
2.596470e-05 2
6.579641e-06 12
2.744367e-04 1
1.035347e-04 2
2.378279e-06 962
6.365688e-05 1
8.470175e-05 36356
7.135345e-05 1
9.089536e-06 6
4.007596e-05 4
4.925276e-06 1
1.585243e-04 1
1.549886e-04 147882
1.776931e-05 1
1.155372e-04 1
5.374586e-05 1
1.529292e-04 1
1.455557e-04 1
3.293087e-05 1
1.599994e-04 1
1.201508e-04 1
1.605417e-05 1
2.612445e-06 2
2.125065e-04 1
6.802589e-05 1
4.931842e-06 162020
1.802603e-05 1
1.922195e-05 6
2.573643e-05 1
7.403312e-05 2
1.019780e-04 1
8.614702e-06 1
4.973914e-05 1
6.221487e-05 1
4.725794e-05 1
5.621708e-05 1
1.986133e-05 148
8.304792e-05 2
9.122765e-05 1
2.600282e-04 1
1.569623e-04 160
3.612032e-05 1
9.248244e-05 1
6.569992e-05 1
1.927537e-04 2
9.823306e-05 1
6.053204e-07 5
1.712636e-04 150
5.964184e-05 1
1.609817e-04 1
1.438902e-04 2
5.476662e-05 1
1.260659e-04 3
1.699455e-05 1
3.026802e-05 1
2.291856e-05 174
3.701247e-05 1
1.773922e-04 1
1.045624e-04 1
1.063540e-04 5
1.342776e-05 1
8.970275e-05 112
3.099120e-04 1
2.400346e-05 27329
1.643739e-04 3
7.229525e-06 1
4.329867e-05 69
1.622658e-05 1
1.081848e-04 1
7.102640e-05 1250
1.373318e-04 1
7.723074e-06 217
9.854916e-06 1406
7.687716e-05 3
9.734764e-05 1
3.339357e-05 4
7.519028e-05 1
5.652754e-05 128
2.497799e-04 1
2.949953e-05 6
1.106152e-05 1
5.957881e-05 1
1.580965e-05 246
2.072923e-05 1
3.617010e-04 1
1.636297e-04 23068
1.236599e-05 2
1.534632e-04 1
1.618656e-04 1
1.066922e-05 1285
4.347164e-05 1
1.780276e-04 3
3.496373e-05 38305
4.087626e-05 1732
3.754144e-05 7
4.868178e-05 2
1.533584e-05 203
9.729030e-05 12
5.442440e-05 2
1.924594e-05 1
2.427320e-04 1
4.459669e-05 946
1.391462e-05 1
5.192617e-05 248
2.671329e-04 1
2.019902e-06 1
6.233588e-05 1
5.978494e-05 2
6.378516e-05 3
3.953473e-05 1
2.057846e-05 6
6.193470e-05 185
1.014333e-04 1
5.695034e-05 3
8.515566e-05 1
3.622347e-05 813
1.010036e-05 2
9.882348e-05 1287
1.991531e-04 1
4.425236e-05 6
5.896501e-05 5
4.507816e-06 49
5.113854e-06 5
3.334028e-05 2
9.806357e-05 1686
2.472651e-05 1
3.290697e-05 2
6.321236e-05 1
6.854770e-06 1
4.006224e-04 1
1.817213e-04 1
5.222816e-05 39910
1.189882e-05 1
2.428595e-04 1
6.506967e-05 1
8.656272e-05 1
3.047287e-04 1
8.751316e-05 71
1.160507e-04 2
3.570378e-05 1
1.831909e-04 1
1.207413e-04 1
9.340064e-05 1
1.343712e-04 6
1.916698e-04 1
7.653721e-05 3
1.831351e-04 1
2.109699e-04 1
6.565028e-05 1
8.956486e-05 1
4.270970e-05 1
3.790932e-05 1
3.839332e-05 2
3.698324e-05 6
4.356775e-05 6
3.309745e-04 36648
2.783398e-05 4
1.090774e-04 331
7.457544e-05 1
8.223326e-05 1
1.091560e-05 2
2.601817e-05 28098
5.596461e-05 530
2.543675e-05 92
4.078417e-05 1
1.315995e-04 1
1.827033e-05 1
1.015474e-04 1
2.112785e-05 3
2.077090e-04 1
4.356055e-05 1
6.225330e-05 1
1.755050e-04 2
4.858468e-06 1
6.696462e-05 2
6.983432e-06 36
8.974374e-06 2
1.682276e-05 3
5.851177e-05 149
7.081508e-05 1
8.136814e-05 1
2.769755e-05 2
2.695453e-05 3
1.315271e-04 1682
1.408348e-04 1
2.979559e-04 14358
7.572903e-05 1
1.517673e-04 396
4.725958e-05 1
1.024432e-04 311
1.329246e-05 1
3.277993e-05 1
1.502651e-05 1
1.943466e-04 230
9.641749e-06 1
2.151722e-04 1
3.041727e-05 2
1.054084e-04 1
5.054496e-05 1
3.410741e-04 34
1.677008e-05 1
1.448721e-04 3
1.617467e-05 6
6.871955e-05 1
9.024861e-06 1
1.232575e-05 4
7.525682e-05 1
3.443271e-05 1
2.010794e-05 7
3.894064e-05 1
6.489078e-05 3
6.364950e-05 1
5.443321e-05 4
1.408887e-04 1
3.473363e-05 1
2.872749e-04 436
1.880829e-06 1
7.007124e-05 6
1.202649e-04 1
2.964763e-05 3
1.224311e-04 1
2.760854e-05 1
2.113581e-05 3
4.178339e-05 2
8.215547e-05 1983
8.716194e-05 1
5.952841e-05 1
2.547900e-04 1
7.109066e-05 1
2.287566e-05 255
5.931753e-06 213
2.437473e-04 61
3.878878e-05 204
1.160032e-04 4
6.698732e-06 1185
2.353102e-05 3
2.107182e-05 1
4.537200e-05 1
2.532362e-04 1
3.200834e-05 1
4.220435e-05 4
3.493289e-05 1
3.437567e-08 1
8.381637e-05 1
2.337932e-05 3
5.671513e-05 1
3.832647e-05 156
5.418096e-05 203
1.630108e-04 3
2.026853e-04 1
3.661333e-05 109
1.395539e-05 3
9.215583e-05 44756
7.542363e-05 1
5.332530e-05 1
3.685076e-05 2
1.137819e-05 1
1.567060e-06 1
6.223249e-05 1
6.519976e-06 3
4.004046e-04 1
4.847952e-05 1
1.865608e-04 1
1.373173e-04 1941
1.164382e-05 1
1.894523e-04 2
2.986809e-06 1
8.494115e-05 1
7.946370e-06 1
1.291549e-04 237
5.987560e-06 1
5.851256e-05 3
1.756056e-05 1
1.456239e-05 1
5.972748e-05 1
9.216887e-05 72
3.327342e-05 1
3.126389e-05 1
1.788666e-07 3
1.150070e-04 2
7.310374e-06 4
7.777734e-05 254
1.097241e-04 1
7.173057e-05 1
4.749903e-05 4
6.421992e-05 2
4.554676e-05 1
6.488505e-05 1
6.350152e-05 3
2.598265e-05 2
9.801613e-05 1
1.952592e-04 48931
1.773878e-04 1
1.452167e-05 1
1.814474e-04 1
3.920311e-05 3
9.679971e-05 1
1.605277e-04 220
1.668854e-04 2
2.160876e-05 16236
8.308032e-05 5
2.856606e-05 1
1.174688e-04 5
7.385590e-06 1
1.165689e-05 2
8.885839e-06 1
3.146930e-04 30755
8.327471e-05 137
7.466806e-05 3
5.514485e-05 1
2.195632e-05 2
8.505854e-06 1
1.121452e-04 6
1.833115e-04 1
1.900394e-05 5
1.514015e-05 1
3.744426e-05 2
1.855468e-05 4
5.053966e-05 227
1.360847e-05 1
1.497460e-05 3
5.531647e-05 2
1.756961e-05 20101
8.147302e-05 1
2.746079e-06 1
1.721358e-05 1
4.800876e-06 1337
2.794039e-05 1
8.221167e-07 1
8.638333e-06 897
1.281977e-04 1
2.748632e-05 1
4.847000e-05 1
6.097030e-05 739
3.794565e-05 1
1.986378e-04 127
3.539901e-06 1
1.716132e-04 1
9.606124e-05 1
1.357303e-04 1
4.485021e-05 39359
8.247912e-05 69
7.263382e-06 3
2.655893e-05 188
1.345629e-04 1
4.941630e-05 5
1.803001e-04 33021
2.437771e-07 3
1.388398e-05 1
1.956986e-05 69
2.232116e-04 4
2.224455e-05 185
2.252412e-05 147
2.899155e-05 1
9.781183e-05 1
3.521159e-06 214
8.187420e-05 3
1.932842e-05 1
2.569939e-04 247
3.435487e-05 1
1.205166e-05 3
1.554170e-04 7
5.548045e-05 5
2.209440e-06 2
3.619504e-05 1
1.551225e-04 31723
3.069141e-04 2
7.075572e-06 1
4.316872e-05 3
7.317015e-05 3
1.085286e-05 1
1.586909e-06 1
1.224708e-04 1
1.625153e-04 53
1.151792e-04 2
3.430298e-05 1
4.881993e-05 56
1.790105e-05 1
1.562922e-04 2
3.050143e-04 1
6.293725e-05 1
3.461586e-05 1
2.088764e-05 4
9.151074e-05 1
5.362836e-05 233
1.840176e-05 5
7.042759e-05 2
5.199360e-05 1
1.048643e-05 817
9.285222e-05 2
2.225422e-05 2
7.492921e-05 2
1.637320e-04 1
1.364629e-06 4
1.632117e-06 1
2.001659e-04 2
1.124299e-05 1
2.737019e-05 1
1.864816e-05 1
6.456986e-05 814
1.200719e-05 1
7.316931e-05 1
2.708211e-05 1
1.834508e-05 3
3.251717e-05 3
4.080651e-05 501750
8.600659e-05 6
2.318352e-05 3
1.239851e-04 1
2.540855e-05 1
2.097797e-05 2
6.428477e-05 3
2.265466e-05 3
1.666200e-05 1
8.756890e-06 1
4.263596e-06 5
3.459243e-05 1
3.128664e-05 24015
7.663885e-05 2
5.372956e-05 1
1.394104e-04 1
3.361656e-05 234
8.220292e-05 1
1.800085e-04 1
1.231905e-05 3
8.717924e-05 6
8.049004e-05 1475
2.366989e-05 1
1.159753e-04 257
1.676789e-04 503
1.301432e-04 3
8.322158e-05 5
2.216535e-04 1
4.883987e-05 1
1.742843e-04 1
1.254880e-04 1
3.289552e-05 1
3.742295e-06 2
1.697711e-04 5324
1.093332e-05 21513
1.960390e-05 1
5.537219e-05 1
1.108928e-05 1
5.571965e-05 1
1.673727e-06 1
2.131827e-04 1
1.299072e-04 35
2.593217e-05 7
1.434740e-04 1233
6.285377e-05 5
3.299463e-05 3
3.007653e-04 1
8.331248e-05 1
7.066417e-05 2
4.071563e-05 1
9.345556e-05 2
2.223295e-04 1296
4.749947e-05 1
6.099571e-05 1
4.103443e-05 1
2.918783e-04 7
1.324371e-04 1
2.070007e-05 4
6.048076e-05 1
2.681011e-04 1157
1.313296e-04 1
5.535575e-06 1
1.168304e-05 1
1.986122e-06 1
5.321524e-05 458
9.504241e-05 1
5.758065e-05 2
7.534138e-05 113
4.310993e-05 4
4.587519e-04 4
1.312181e-04 1
7.230845e-05 1
8.714734e-05 3
3.133824e-05 3
3.432549e-05 68
1.181498e-04 2
3.460472e-05 2
2.890699e-05 1
8.290913e-05 5
2.002382e-05 3
3.789978e-05 1
1.146207e-04 6
7.790598e-05 1
1.588037e-04 1
5.951441e-05 279
5.787677e-06 4
1.435648e-04 7
3.895386e-05 1
2.300500e-06 2
5.703868e-05 2
1.290605e-04 1
9.694801e-06 1
2.089385e-05 1
1.221193e-04 1
2.835349e-04 1
3.401686e-05 4
1.155009e-04 1
9.762425e-05 1
3.235047e-05 5
9.176749e-05 1
7.307460e-05 1
9.644048e-06 1
1.514734e-05 1
1.002622e-04 1
4.477446e-04 1
1.435382e-05 1
1.173429e-05 1
5.497115e-05 256
6.208085e-06 1
1.473670e-05 27801
1.800487e-04 1
2.157079e-05 2
8.221967e-05 2
3.430311e-06 1
1.331407e-06 1
3.549683e-05 1
6.588781e-06 1
2.315594e-05 118
6.753751e-05 1
4.508493e-06 60692
2.330364e-05 1
5.518079e-05 1
1.750919e-04 6
1.765562e-04 1
2.327998e-05 3
1.214228e-04 180
1.518075e-04 3
8.973712e-06 5
1.028149e-04 101776
1.194270e-04 2
1.323573e-04 2
1.062437e-04 1
3.854307e-05 1
1.041794e-04 213
2.642457e-04 10
8.130097e-05 36
1.355942e-04 623060
1.126956e-05 8229
1.203703e-05 1
1.836596e-05 1
1.212349e-05 1
2.453921e-05 2
8.346806e-05 2
2.992293e-05 3
1.267893e-04 127
8.253830e-05 54524
3.411412e-04 1
1.010059e-04 40
6.361422e-05 2
9.396443e-05 1
1.341226e-04 1
1.228704e-04 1
2.085635e-04 1
1.028632e-04 1
1.805838e-06 1
1.971121e-05 6
2.214602e-04 1
3.415095e-06 3
2.299467e-04 1
2.062283e-04 1
2.895642e-05 33
3.043844e-05 3
3.883853e-05 1
1.137338e-04 1
3.602771e-05 1
7.298410e-05 267
1.853802e-04 3
1.046232e-04 3
9.105631e-05 2
3.984605e-06 1
3.316622e-05 3
5.553775e-05 1
3.439702e-05 1
2.099322e-05 3
1.013554e-04 1
2.529380e-04 1
8.522470e-05 1
2.502874e-06 144
5.255541e-05 1
3.687151e-05 1
1.691036e-04 5
6.677374e-05 3
6.836554e-05 104
2.290018e-05 1
5.251151e-05 2
2.589035e-04 37
2.250008e-05 6
4.513051e-05 1
6.119449e-06 11464
1.140815e-04 1
2.056982e-05 3
1.647225e-05 2
1.332870e-04 3
1.136644e-04 1
5.828148e-05 144
6.606992e-05 1
1.727216e-05 1
6.786015e-06 1
1.630090e-04 3
1.161057e-05 1
2.476247e-05 1
5.411274e-05 1
1.694901e-05 121
1.708308e-06 116
1.054578e-04 1
2.156991e-04 1
3.080391e-05 62553
5.441184e-05 2
2.236140e-06 1
1.364252e-05 1
1.116764e-05 7
1.507955e-05 1
2.350280e-06 1
7.432221e-05 5
9.457583e-05 1
4.364666e-06 2
1.185277e-05 1
9.531426e-06 221
1.302472e-04 1
8.260476e-05 2
1.140987e-04 1333
1.492841e-04 1
2.854602e-05 1
1.051778e-04 1
2.536082e-05 1
6.361403e-05 6
7.046675e-05 90
8.045450e-05 1
3.762694e-05 1
1.615644e-04 1
1.021264e-04 1
4.091395e-05 46243
3.783087e-07 1
2.257314e-05 1
1.347627e-04 1
6.852962e-05 1
1.819209e-06 1
8.089867e-06 2
5.349427e-05 3
7.744435e-05 1
3.682326e-05 1
7.841455e-05 1
3.104460e-06 1
1.478898e-05 1
1.414852e-04 1
5.465201e-05 2
5.677252e-05 3
2.957892e-05 1
1.462878e-04 6
2.162311e-04 1
1.191205e-04 2
1.870108e-04 1
1.506734e-04 484
4.454975e-05 3
2.614328e-05 3
4.044297e-05 1
8.915647e-05 4
6.883040e-05 1
1.962703e-04 1
1.453389e-05 1533
1.854347e-05 691
2.967086e-05 1
9.744226e-05 3
1.021828e-04 1
1.981809e-04 1
1.289522e-04 1
2.100966e-05 261
1.493359e-04 1
7.624338e-05 1
8.505314e-06 1
2.236787e-05 2
5.162936e-05 2
1.254730e-04 1
2.413584e-04 3
1.274068e-04 1
4.459410e-06 1
1.040339e-04 4
1.540222e-04 156
4.382360e-05 6
1.828996e-04 4
2.438782e-04 7
5.003741e-05 3
3.368727e-04 4
2.780887e-04 3
6.909842e-05 6
2.896565e-05 5
1.722442e-04 5
8.962201e-06 1
1.575915e-04 1
8.950020e-06 2
2.210713e-05 49786
2.570363e-04 3
4.652091e-05 1
5.630112e-05 51168
7.530059e-05 2
2.417071e-05 3
5.999975e-05 1
4.207921e-05 1
1.460267e-05 1
1.001526e-05 57
2.455768e-05 1
7.141519e-05 1
3.659716e-05 1
3.428081e-05 2
6.745709e-05 37248
1.985110e-04 1
9.202616e-06 1730
2.200759e-06 1
1.838388e-04 1
1.318045e-04 1
5.127920e-05 2
1.363593e-05 71
6.739397e-05 1
1.804471e-05 1
2.926609e-05 172
1.980309e-04 3
1.183334e-05 1
2.192985e-05 253
1.059354e-05 1
1.910296e-04 1840
7.611291e-05 1675
1.486687e-05 2
7.043100e-06 2
3.876766e-05 1
4.593238e-05 1
1.253795e-04 3
3.382371e-05 1
1.332203e-04 1
8.747435e-06 1
2.587764e-05 1
4.364356e-05 6
6.230606e-05 1
9.194610e-07 3
5.617099e-05 892
2.153117e-04 1
1.476357e-04 1
4.009898e-05 431836
2.174029e-04 10392
2.225839e-04 1
1.062226e-04 1
2.602364e-05 1
8.585650e-06 3
7.977475e-06 4
8.045699e-05 1
9.696576e-05 1
1.876255e-04 1
3.921728e-05 1
4.337015e-05 1
2.136795e-05 2
2.713978e-05 7
1.827145e-05 1
5.374948e-06 1
4.427771e-04 1
1.326927e-05 3
1.237076e-05 27772
3.264098e-05 7
3.147926e-05 3
7.127597e-05 268671
1.112880e-04 2
5.151680e-06 1
4.841345e-06 66
5.576868e-05 1978
6.490616e-05 1
3.276005e-05 3
2.378393e-04 2
4.910504e-05 1
2.191008e-05 1
5.498619e-05 187
6.745468e-05 6712
1.955641e-05 1
8.652262e-05 1
3.849985e-04 146
4.287160e-05 1
1.992527e-04 37
3.023754e-05 1
9.019219e-06 2100
3.453258e-05 3
2.794511e-05 3
5.262558e-06 1
1.174393e-04 1
4.410752e-05 1
3.791006e-05 1
3.586812e-05 207
1.023860e-04 1
7.680208e-06 1
1.312033e-04 1
2.688963e-05 1
3.740097e-06 3
5.992613e-05 93
6.851277e-05 1129
1.065861e-05 1
1.540881e-04 96
3.800351e-05 1
2.622988e-06 31610
6.186764e-05 1
3.036546e-04 2
5.216074e-05 3
2.567314e-04 6
2.865799e-06 4
1.758995e-04 1
9.313692e-05 3
4.048104e-05 1
2.209705e-05 1
1.828859e-04 2
8.882373e-05 6
1.749847e-05 1
3.188122e-05 2
6.334110e-05 2
2.942740e-05 79
7.496485e-05 2
1.667355e-04 1
5.823254e-05 3
4.500860e-05 1
1.229313e-04 50
3.223389e-05 1
2.585963e-05 1
1.606656e-04 170
3.508141e-05 5
3.882092e-04 1
1.739820e-05 1
5.882510e-05 1
1.944324e-04 1
2.097702e-04 4
1.189785e-05 1
5.633428e-05 4
7.040335e-06 1
3.393414e-05 3
4.333409e-05 1
6.852907e-05 1
1.379813e-04 1
6.705502e-05 2028
5.737050e-05 1
1.027964e-04 40
2.135459e-05 123
2.545192e-05 19752
1.034206e-04 1
8.350222e-05 1
1.057703e-05 234
1.934727e-04 6
3.071147e-04 6
5.508515e-07 2
4.303546e-04 4
1.247948e-04 1
2.094329e-04 53587
6.608369e-05 1
4.830603e-05 29329
2.536561e-06 123
7.927720e-05 3
3.707071e-06 128
2.622089e-05 36756
6.548665e-05 1
7.525358e-05 1
2.156316e-05 2
7.129949e-05 1747
7.033788e-05 3
2.372210e-05 1
4.062657e-05 38198
2.989629e-04 3
1.698070e-05 130272
1.329819e-04 1
6.409137e-05 3
7.224609e-05 2
3.200840e-05 1
1.408958e-05 3
5.530283e-05 1
2.201786e-05 1
2.906124e-05 2
1.341799e-04 3
5.562279e-05 1
3.430936e-05 1
2.437658e-05 1
6.815826e-05 1
3.303223e-05 4
8.107761e-05 2
8.040618e-05 1
6.489805e-05 1
1.011550e-05 2
2.683725e-04 2
2.583201e-04 1
4.872326e-05 1
8.993904e-05 1
3.019886e-04 3
2.373584e-04 26706
5.001047e-05 3
7.563367e-05 1
8.843158e-05 3
4.084557e-04 1
1.989488e-06 1
3.196779e-05 1
4.143809e-05 1
3.648862e-05 3
2.891230e-05 2
5.928424e-05 243
4.208497e-05 1
1.778113e-04 3
8.491416e-05 2
1.885103e-05 1949
1.397259e-05 49535
1.662745e-04 3
8.711706e-05 1
9.298024e-05 5
3.732460e-05 1
1.021426e-04 1
1.875888e-05 1
1.726172e-04 3
8.800037e-05 2
4.169770e-06 1
1.963510e-06 3
3.078003e-05 7
4.381666e-05 10942
3.645136e-05 1
6.898785e-05 1
6.181517e-05 1
4.950997e-06 219
