5.018213e-05 1
2.957590e-05 2
5.777541e-06 1
1.122601e-05 5
1.081879e-05 64
3.597724e-05 1
2.207379e-05 1
2.849792e-05 241
1.341947e-06 2
5.764960e-05 1
3.859914e-06 1
1.010427e-05 1
9.798370e-06 6
3.713678e-05 2
2.778101e-05 1
9.515190e-06 1
1.836892e-05 2
1.368564e-05 265
3.438402e-06 1
2.485486e-05 1
5.162448e-05 6
1.079050e-05 1
5.279738e-06 37
7.104197e-06 2
5.138511e-06 1
1.182728e-05 1
1.487699e-05 1
8.321535e-06 1
9.796277e-07 1
2.688515e-06 3
5.430675e-06 1
1.973623e-05 3
7.840872e-06 5
5.433033e-06 5
5.819312e-06 4
2.119172e-05 99
8.597043e-08 1
3.574221e-05 2
1.894670e-05 32743
7.804172e-06 7
7.821103e-06 22088
4.133531e-05 3
1.718512e-05 1
8.058184e-07 1
1.949176e-05 1
3.324669e-06 1
9.045148e-07 1
6.731928e-06 2
8.858667e-06 6
8.430683e-06 2
3.041399e-05 2
2.835112e-06 1
1.766273e-05 1
2.886704e-05 3
5.702961e-05 1
6.547892e-06 1
1.986388e-05 1
7.953064e-07 1
2.861298e-05 4
1.375814e-05 102
6.211004e-06 1
7.920041e-07 1
7.924368e-06 1
5.615466e-06 3
2.047534e-05 1
3.010211e-05 3
2.149085e-06 1
1.034660e-05 1
5.481327e-07 1
8.422175e-07 7
1.369740e-05 1
1.156175e-05 3
3.238898e-05 1
1.092913e-05 6
1.412664e-06 1
1.282506e-05 1
7.032705e-06 1
3.884915e-05 997
4.540249e-06 1
8.902289e-06 78
1.280079e-05 3
1.544856e-05 6
1.241885e-05 1
4.548677e-05 3
2.045030e-05 2
6.488711e-07 3
2.556738e-06 2
1.596376e-05 1
1.812386e-07 1
1.212761e-05 3
6.044634e-05 1
1.165863e-06 3
9.787826e-06 1
3.735925e-06 95
1.016774e-05 1
1.606118e-06 1
1.194902e-05 46
1.909419e-05 1
1.433310e-05 5
1.948845e-05 1
2.181498e-06 1
5.125285e-06 1
1.744712e-06 2
1.528820e-05 1
3.460815e-06 1
2.114688e-06 1
2.306672e-05 110
5.471800e-07 205
4.977520e-07 3
5.557529e-06 1
5.426084e-06 2
1.579523e-06 2
1.637419e-05 2
5.511790e-05 1625
1.373232e-05 1
2.656009e-05 3
5.456647e-05 1
1.129663e-05 33999
2.369612e-05 1
1.732832e-05 5
1.111930e-05 1
9.517332e-06 7
5.824280e-06 2
5.128210e-06 224
3.251153e-05 2
2.202229e-05 2
2.295417e-06 2
5.509174e-05 6
6.138544e-06 1
5.746502e-05 2
5.780647e-06 1
5.542136e-06 132
2.686897e-06 2
5.083186e-05 1
1.173432e-07 32
3.502588e-06 40222
2.344072e-07 1
1.225274e-05 1
1.109529e-05 174
3.243161e-06 4
8.606502e-06 1
2.169761e-05 1
8.506491e-06 37826
2.532732e-06 2
4.756335e-06 1
2.034501e-05 1044
4.965131e-07 2
3.892021e-06 209
4.294243e-05 1
1.217569e-05 3
1.942386e-05 1
5.408289e-06 932
1.448274e-06 246
6.762298e-06 3
6.820940e-06 1
2.787462e-06 1
2.635750e-06 1
1.979736e-05 217
4.328149e-05 1
2.406091e-05 1393
1.078878e-05 1
1.547797e-05 1
2.404102e-05 1
2.092797e-05 1
1.064332e-05 1
4.447166e-05 44
3.566723e-06 1
3.959469e-08 56
5.729622e-06 1
1.543527e-05 49
3.336886e-06 1
7.153123e-07 1
8.476170e-07 1
2.427529e-05 1
2.425734e-05 5
1.365158e-05 1
4.753478e-06 1
1.061413e-05 1
8.320996e-06 1
1.054682e-05 3
2.665191e-06 1
1.906440e-05 3
2.407551e-05 1
3.967363e-06 1349
4.578912e-06 116536
6.169794e-06 5
1.240962e-05 1
4.744940e-05 36999
7.283510e-06 1
1.432683e-05 1
1.618923e-06 2
5.614978e-05 1
1.352422e-05 7
1.272377e-05 6
4.602113e-05 1
2.898317e-05 1
4.338558e-06 7
3.625694e-06 376
1.010310e-06 3
3.576213e-05 1
1.539287e-05 1
3.565782e-06 5
1.452362e-05 5
8.183108e-05 1
6.816994e-06 49632
8.979571e-07 7
3.602091e-05 2
1.477081e-05 1
2.948715e-06 1
1.631439e-06 1
5.210134e-05 1
2.911582e-06 39161
4.729193e-06 950
1.131024e-05 1
1.134540e-05 565
3.476667e-05 1
1.214211e-05 1062
8.802136e-06 3
1.774135e-06 814
1.997521e-05 2
2.572787e-06 1
2.299957e-05 16444
4.539323e-05 1
3.206771e-06 2
1.226253e-06 3
2.807900e-05 1
1.024112e-05 1
8.282939e-06 1
1.242026e-05 3
1.674456e-05 1
1.643243e-05 1
6.650295e-06 1
1.122699e-05 5
1.223644e-05 1
1.317276e-06 130
5.867462e-06 6
3.380805e-05 1
1.308525e-05 1
1.784650e-06 1
1.785057e-06 2
2.495402e-06 4
3.624838e-05 1
1.106913e-06 1357
5.308395e-07 1
4.511081e-06 2
2.340560e-05 1
2.010000e-05 6
1.928090e-05 13641
1.106754e-05 1
2.456332e-06 3
7.834509e-06 5
1.355457e-05 7
6.694798e-07 1
1.324519e-05 1
2.941412e-05 3
3.396476e-06 1
1.163939e-05 1
1.838367e-05 1
1.947533e-06 10293
1.325952e-05 168
6.289363e-07 1
9.456106e-06 1
3.467737e-05 30375
8.954646e-07 3
7.734414e-06 1
1.444294e-05 5
1.580246e-06 1
3.136679e-05 7
3.353841e-06 3
7.707488e-06 1
5.360306e-06 1
1.188231e-05 1
2.281748e-05 3
1.618523e-05 17463
1.227590e-05 1
1.193956e-05 2
1.545763e-05 1
1.551977e-05 39
2.985715e-06 2
3.398581e-05 45245
1.617155e-05 314
2.295012e-05 18648
3.149604e-05 1
2.804943e-06 1
6.182127e-06 5
1.890951e-05 1
6.100385e-06 47071
3.295157e-05 1
7.700681e-06 2
5.997562e-06 2
3.539592e-05 1
5.495382e-06 1
6.805171e-06 3
1.203163e-05 187
4.313130e-07 241
3.541236e-06 3
3.138363e-05 1
5.213009e-06 3
3.598140e-05 1
3.728192e-05 4
2.299383e-05 3
1.601421e-05 563
3.602662e-05 1
2.289799e-06 2
9.581760e-06 2
1.812780e-05 3
5.085495e-06 2
1.072707e-05 1
2.699867e-05 5
2.966883e-05 1
3.458728e-06 1
2.788324e-05 1
9.435793e-06 1
8.154387e-07 412
9.285499e-06 1
1.254176e-05 15894
3.230310e-06 1
7.773569e-06 27700
6.378875e-06 4
9.103011e-06 3
2.734088e-05 3
1.990459e-06 4
1.249020e-05 3
2.145408e-07 1
1.385043e-05 3
2.415091e-07 1
3.390554e-05 1
1.055046e-05 1
1.293958e-05 1
7.719763e-07 1
6.385919e-06 3
2.868115e-06 1
1.980592e-05 216
3.292086e-07 1
3.107967e-06 253
1.490872e-05 1
1.334378e-05 1
2.426846e-05 2
5.993124e-07 1
1.543018e-05 1
4.500249e-05 3
2.272215e-05 1
1.294229e-05 426856
2.996863e-05 3
4.131725e-06 1
6.804989e-06 1
4.254899e-06 122
3.989569e-06 1
1.096779e-07 1
1.744620e-05 3
8.469599e-07 1
7.311865e-06 1
3.767132e-05 1446
8.992765e-06 1688
1.289835e-06 1
5.432667e-05 3
2.083306e-05 1
2.481896e-05 2
4.216617e-05 242
4.951336e-05 1
1.424593e-05 6
1.452570e-05 1
3.595996e-05 1
1.696512e-05 3
2.570783e-05 89
1.208607e-05 179
5.687858e-05 1
6.157541e-06 1
1.842408e-05 1
1.725866e-06 1
2.694174e-05 1
1.191105e-05 1
1.546078e-06 1
2.225375e-05 1
1.083315e-05 1
2.102145e-05 15436
7.858713e-06 1
2.611770e-06 6
5.894953e-06 1
2.065876e-05 1
5.174904e-06 1
1.462637e-05 3
8.544188e-06 2
5.189464e-05 2
7.353640e-06 1
8.793416e-06 5704
1.861069e-05 1
2.335199e-06 39295
2.468985e-06 115
9.192575e-06 1193
2.020948e-05 57593
4.514676e-06 3
2.262574e-05 1
8.655436e-06 375
3.198210e-06 1
2.049058e-06 1
4.710698e-06 167
1.340777e-05 747
7.417512e-06 1
5.838246e-05 1
2.734004e-05 2
2.232362e-05 2
1.943895e-05 4741
2.449139e-05 1
4.307578e-05 223
1.198903e-06 977
2.659094e-06 2
1.458183e-05 3
5.073608e-06 6
1.660669e-05 1
1.106806e-05 2
7.446563e-06 1
2.511531e-05 1
1.491752e-06 2
3.073061e-05 1
3.058547e-05 1
1.079155e-05 221
6.985887e-06 1
6.483108e-08 2
1.322533e-05 5
1.318745e-05 1
2.361941e-05 4
1.714034e-05 2
1.006635e-05 1
7.343298e-06 4
1.327291e-05 2
3.072263e-05 1
9.010123e-08 1
1.747879e-06 1
6.351512e-06 1
1.101692e-05 1
2.092558e-05 5
1.614346e-05 20343
7.408323e-08 3
2.894173e-05 610302
1.177473e-05 224
1.637219e-05 1
8.401777e-06 1
6.434135e-06 2
1.499698e-05 3
1.097875e-06 1
3.044220e-05 1
5.588484e-05 252132
8.954844e-06 2
5.782705e-05 61823
3.176439e-06 1
2.752536e-06 1
4.492958e-06 1
8.579314e-06 1
7.008399e-06 5
1.892565e-05 1
2.179548e-05 272616
3.464278e-05 604
1.000484e-06 70
2.732426e-06 6
8.451829e-06 1
3.139090e-05 1
4.541853e-07 1
1.201483e-05 6
6.240504e-06 3
7.984277e-06 1
4.624839e-05 166
1.929865e-05 1
1.893769e-06 1
4.819298e-06 1
1.616653e-05 1
5.504594e-05 1
2.370824e-05 1
2.401122e-05 3
4.495241e-05 2
2.453656e-06 19462
9.669849e-06 1
2.123625e-05 4
2.035396e-05 1
8.985664e-07 2
1.309365e-06 7
8.103370e-07 5
1.022917e-05 2
1.795325e-06 2
1.245336e-05 1
2.500158e-05 1
1.930225e-06 1
3.455825e-05 1
1.212122e-05 174
1.682063e-06 1
2.766198e-05 1
2.254149e-05 148
8.735318e-06 1
5.643938e-05 1
2.047388e-05 1
4.472388e-06 1
3.648127e-05 1
2.003150e-05 1
1.628675e-05 1
9.617256e-06 1
3.690831e-06 11063
8.744151e-06 1
1.577056e-05 5
2.025109e-05 1
1.104155e-05 58281
3.563558e-06 1
4.180125e-05 1
1.273564e-06 33986
2.400367e-06 3
3.228821e-06 1
1.333246e-05 1
3.114539e-06 3
3.515199e-06 7
2.309615e-06 889
2.897006e-05 1
7.426915e-06 161976
3.791562e-06 1
3.292682e-05 2
4.832726e-06 7
2.214772e-06 1
9.981820e-06 1460
2.436657e-05 2
2.266773e-05 1
1.436398e-06 4
4.094532e-06 7
1.581217e-05 43509
7.062757e-06 1
3.243363e-06 1
3.578946e-06 28354
1.882021e-05 2
2.118234e-05 1
3.433679e-05 7
4.855274e-06 1
1.686750e-05 1
1.827801e-05 2
2.453751e-05 3
9.544401e-06 1
5.836503e-06 1768
2.723965e-05 1
2.269242e-05 1
3.708164e-05 1
1.061615e-05 96
1.857656e-05 3
4.881756e-06 1
8.394566e-06 1
7.317442e-06 1
3.451748e-07 1
2.019731e-05 1
2.135895e-05 1
4.790421e-07 3
2.486845e-05 5
1.590049e-05 2
2.897875e-07 7
2.392508e-05 203
7.920125e-06 1
1.029588e-06 61
2.670874e-05 1
2.343017e-06 1
2.814917e-05 4
8.990587e-06 6
2.514739e-05 1
5.181033e-06 1
3.936243e-06 2
2.641764e-06 1
1.415510e-05 1
5.193848e-06 1
2.761335e-05 1
3.253856e-05 4
9.438206e-06 1
7.905113e-06 261
2.315820e-05 4
1.930816e-05 1
6.945352e-06 659
2.847813e-05 1
2.950812e-05 64374
2.420271e-06 3
8.181158e-06 1
9.705097e-08 1
3.353177e-05 1
4.807296e-06 1
3.822242e-07 1
1.108540e-05 1
1.918180e-05 334
1.146102e-05 3
6.253006e-06 1
1.259740e-05 1
3.260473e-05 1
4.425573e-05 2
5.643284e-06 1
8.448318e-06 1
1.600213e-06 1509
5.459307e-07 206
7.789161e-06 130
2.658856e-05 1
1.662700e-05 221
9.581589e-08 3
5.584930e-06 1
1.360686e-06 18363
7.598347e-06 166
2.328627e-05 1
1.144905e-05 3
1.531896e-05 1
8.251335e-06 1
6.447032e-06 1
1.171664e-06 52384
4.668866e-06 24
2.278032e-06 1
1.406610e-05 531299
2.586825e-06 1
2.927863e-05 1
7.616760e-05 7
8.522701e-06 1
5.470641e-06 3
2.394876e-05 204558
4.499418e-06 1
1.764825e-05 1
1.509637e-05 1
2.262448e-05 1
4.368546e-05 211
1.100576e-06 193
8.074947e-07 1
3.676338e-06 1
2.979506e-05 1
1.818352e-06 1
9.497437e-07 1
4.844496e-06 1
2.915902e-05 4
5.118717e-06 1
1.059489e-05 3
6.068730e-07 1
1.149581e-05 1
1.912280e-05 3
5.825091e-05 1259
2.380126e-05 1
1.982580e-05 6
3.607996e-05 245
9.774061e-06 2
1.814389e-05 65
2.653673e-05 1
2.424904e-05 182
1.723303e-05 2
1.085709e-05 1
2.639509e-05 3
2.406116e-05 194
1.746294e-05 2
5.466701e-06 5
1.325957e-05 1
3.242075e-05 1
8.235538e-06 1
1.269745e-05 1
2.033599e-05 50885
2.292749e-05 1
1.187404e-06 1
1.152959e-05 1
2.694407e-05 2
9.109834e-06 1
1.536111e-05 1624
4.153412e-08 1
6.949143e-06 33055
1.721032e-06 1
2.712717e-05 1
3.233237e-06 1
4.127232e-07 3303
3.099947e-05 1
2.060723e-05 2
6.520932e-06 1
9.648466e-06 102
5.883282e-06 2
1.907168e-06 17259
2.290673e-05 364
2.433834e-05 1
3.685908e-05 3
3.336837e-06 1
6.072457e-05 3
5.343312e-05 1854
6.697215e-06 1
3.302715e-05 3
1.856621e-05 1149
1.166908e-05 1
1.787547e-05 1
2.390120e-06 1
2.322608e-05 1
4.676358e-05 1
1.178991e-05 2
2.412940e-05 2
6.511108e-06 1
3.644387e-05 3
1.119505e-05 1
1.139797e-05 3
7.048844e-05 1
5.554558e-05 2
1.631916e-05 2
5.525851e-06 563
1.576583e-05 2
4.430112e-06 4
7.375109e-06 2
6.690417e-06 3
1.236979e-05 1
2.829198e-05 2
3.922478e-06 1
8.371899e-06 3
4.362741e-06 1
1.520312e-06 1831
5.294521e-07 1
3.231454e-05 3
1.365922e-05 1
4.834524e-05 5
5.711670e-06 1
5.017425e-09 1760
1.397013e-06 1
5.143035e-06 2
2.860734e-07 1
1.398822e-05 1
2.259378e-06 1
3.530132e-05 1
5.608946e-06 1
3.050671e-06 4
7.014676e-06 1
2.398728e-05 2
1.116483e-05 2
4.943704e-05 1
3.543127e-05 1
5.237317e-06 160241
5.076388e-05 2
1.925497e-05 1
1.993252e-05 1
7.418514e-07 1
9.907187e-06 1
7.300485e-06 1
6.443680e-06 1
1.911282e-05 1
4.650863e-06 1
1.320946e-05 2
2.954632e-05 63258
6.452490e-06 1
4.700103e-06 1
2.081118e-05 130
6.313325e-06 1
6.062521e-06 172
3.458378e-05 1
4.032475e-06 53971
5.223301e-06 3
2.224006e-06 29
6.928296e-06 3
1.552067e-05 3
9.924118e-06 2
4.208742e-05 243
1.593831e-05 3
1.718189e-05 1
3.409907e-05 1
4.004568e-06 1
3.064161e-06 1
3.539439e-06 3
8.356228e-06 24
1.126912e-05 7
5.128101e-06 1
1.011502e-05 1149
9.408787e-06 143
8.352656e-06 2
1.132356e-05 2
1.575338e-05 1
6.078770e-08 3
1.076353e-05 73
5.494250e-06 3
2.728175e-07 5
4.272747e-05 230
3.656893e-05 1
2.470345e-06 115
1.050119e-05 3
3.693121e-05 1
4.546064e-07 4
2.377666e-05 4
1.627112e-05 3
9.809902e-07 2
1.133034e-04 225
2.469524e-05 7
3.897498e-06 1
2.014315e-05 1
8.346604e-06 56003
4.314453e-05 4
5.844600e-06 66
9.445573e-06 3
1.445063e-05 14
2.990112e-05 2
2.897990e-05 1
1.300481e-05 1515
8.700514e-06 7
6.331723e-06 7
1.038132e-04 4
2.013431e-05 1
9.666541e-06 2
2.500446e-05 1
1.383602e-06 1
3.663830e-05 1
2.190516e-06 3
7.510306e-06 184
4.652592e-06 1
3.053693e-05 1
2.722211e-05 41620
3.365047e-05 1
1.382641e-05 2
2.947606e-05 1
7.031257e-06 22825
1.022851e-05 43494
1.262447e-05 4
2.480419e-05 3
2.081211e-05 1
8.052174e-06 1945
1.202164e-05 1
3.278322e-05 3
6.644723e-06 3
1.417807e-05 3
2.318385e-05 8284
3.695057e-06 1
4.036659e-05 1
4.643809e-06 1
2.436867e-05 1
4.114187e-06 3
4.795758e-05 32377
9.877159e-06 1
8.723505e-07 1
2.724705e-05 2
4.974397e-06 1
2.243363e-05 1
4.051340e-06 171
7.217203e-06 2
5.045609e-05 3
2.961507e-05 34
1.186289e-05 6
2.156326e-05 1
1.307373e-05 1
1.893794e-05 1
2.565631e-05 3
1.056547e-05 1
6.269343e-06 1
1.518690e-05 1
3.587932e-05 1
2.944051e-05 1
1.601739e-05 3
4.980272e-05 115
1.335989e-05 1
1.859621e-05 1108
5.367566e-06 1
8.852758e-06 1
1.454542e-05 3
1.015565e-05 17
1.985543e-05 3
3.954090e-06 1
1.102567e-05 59813
3.039990e-06 4
1.833197e-05 6
2.283663e-05 5
1.253801e-05 1
9.691131e-06 1
3.902419e-05 933
8.702786e-06 1
3.612554e-06 3
9.977326e-06 3
2.572585e-06 1
4.554947e-05 5
1.712208e-07 1
1.126228e-05 1
7.077447e-06 3
6.177542e-06 1
2.017548e-06 1
4.012095e-06 27
4.960530e-06 1
6.446991e-05 146
2.875530e-05 1
3.684137e-05 222
1.139859e-05 1
8.304037e-06 2
2.003410e-06 1
1.566916e-05 2
2.864105e-05 6
2.845373e-05 2092
2.666297e-05 2
2.040933e-06 1
2.885633e-06 3
1.130133e-06 3
1.106704e-05 1
9.296119e-06 1
1.302601e-05 2
4.760324e-05 2
1.267393e-05 3
3.150623e-05 3
1.225203e-05 41402
1.151831e-05 7
3.818720e-05 3
7.116252e-06 1
2.299104e-06 3
6.214585e-06 3
1.591956e-05 35946
1.407878e-05 3
1.084520e-04 226
2.645873e-06 1
9.488902e-06 1
2.753847e-06 1
1.246523e-05 3
3.736167e-06 2
6.230183e-06 1
2.367351e-05 1765
2.786540e-05 3
7.657345e-06 2
6.382715e-06 1
2.538091e-05 1
1.286368e-05 1
1.335012e-06 125
3.367176e-07 4
7.049607e-06 1
1.543014e-05 6
1.967185e-05 1
3.658949e-06 1
1.242662e-05 1
4.081908e-05 18576
1.566096e-05 1
2.368784e-05 1751
3.060075e-06 1
9.992675e-06 1
1.857614e-05 1
2.273188e-05 1
1.026162e-05 3
1.113115e-05 1
1.955836e-06 255
3.362243e-05 3
2.006854e-06 1
2.296465e-06 3
1.555852e-06 2
2.326354e-06 1
8.192457e-06 1
2.683677e-06 6
1.043366e-05 416
1.602198e-05 3
2.954391e-05 37
1.705643e-05 53930
2.923054e-06 745
5.129872e-05 1
1.784869e-05 1
8.996176e-06 1
1.909417e-06 1
2.604962e-05 4
8.659626e-06 2
4.077533e-06 1
2.535226e-05 14138
2.963977e-06 7
1.447473e-05 1
1.928742e-05 3
5.886844e-05 1
6.004169e-05 3
1.147216e-05 3
8.643390e-06 3
2.090883e-05 21164
2.535083e-06 2
3.036089e-05 2
1.903521e-05 1
1.896779e-06 1
7.515909e-06 1
5.672326e-06 1
1.483627e-06 1979
3.339658e-05 1
2.971796e-05 58264
3.567000e-05 1
1.987880e-05 1614
1.506106e-05 2952
5.553022e-06 7
2.553259e-06 4
4.453196e-05 43
3.143059e-06 1
2.392633e-06 29662
1.609375e-05 23792
4.020077e-05 2
5.738530e-06 1
1.454084e-05 2
5.945710e-06 1
7.847486e-06 7
5.186756e-06 422802
2.241261e-05 1
1.807312e-05 6
7.392659e-06 1
1.770327e-05 109
8.910556e-06 1
1.038818e-05 7
5.757677e-06 85
2.200647e-06 1
3.530135e-05 3
2.654110e-05 65255
6.832914e-06 1
3.393517e-05 952
8.051702e-06 1
5.175223e-06 482740
5.344446e-06 1
1.949810e-05 91
9.164120e-05 1
3.162463e-05 1
1.691474e-05 1
5.952131e-06 1
2.138059e-06 1551
1.177389e-05 4
4.399447e-05 3
1.160011e-05 1
1.266051e-05 2
2.485777e-05 1
1.687072e-05 1
2.775900e-06 1
1.059074e-05 100
4.251372e-06 21226
1.192727e-05 2
3.257018e-05 2
1.568780e-05 1
1.883486e-07 163
1.012829e-05 1118
3.124207e-06 1
9.060402e-06 2
1.499192e-06 1
3.509407e-06 2
7.044110e-06 122
9.051829e-06 6
1.426430e-05 1
4.623157e-05 1
1.552483e-06 63
1.363960e-06 17783
4.543492e-08 1
1.112669e-06 2
2.954001e-05 1
3.925919e-05 41832
2.540188e-06 1
2.891907e-05 3
5.162775e-06 1
1.711793e-05 1
2.045270e-05 5
8.942087e-05 1
2.073692e-05 1
7.395179e-05 3
7.781673e-07 1
5.742806e-05 1
6.430481e-05 2
3.797032e-06 4
4.980624e-06 1
1.251602e-05 1
3.351304e-05 25
1.802854e-05 2
4.694645e-06 2
8.880739e-06 82
5.226432e-07 1
2.103644e-05 1
8.174911e-06 6
1.571839e-05 1
4.642284e-05 46822
1.117833e-05 926
1.025601e-05 1
7.766841e-06 1
4.827598e-06 140
4.425464e-05 1
1.480024e-05 22458
1.426857e-05 190
7.681440e-06 1
1.754674e-05 1
1.032659e-05 1
6.921158e-06 36547
1.134857e-05 3
5.461596e-06 1
6.388098e-06 1
8.233147e-06 1
2.722584e-05 41496
1.556743e-05 6
1.982477e-06 2
2.468134e-05 5
1.119674e-05 3
7.904101e-06 12300
1.965635e-05 2
1.564380e-05 1
1.462084e-06 1
4.999421e-06 2
3.939087e-07 1
5.780764e-07 1
1.291070e-05 1
3.844387e-05 1
2.239630e-06 2
6.726198e-06 2
2.110869e-05 1
6.043401e-06 3
3.126613e-05 3
6.061622e-06 5
2.597522e-05 1849
9.016013e-07 1
2.801864e-06 1
1.432491e-05 5
2.978648e-06 3
1.471459e-05 1
5.301899e-06 1
5.768722e-06 1
5.199893e-06 1
1.406525e-05 1
9.537656e-06 1
1.119839e-05 1
4.430229e-06 1
1.099414e-05 1
1.906948e-05 1
5.641614e-06 1
1.441539e-06 1
6.843077e-06 1
2.511202e-05 1
2.812868e-05 2
7.371130e-06 1
2.081429e-05 1
7.860017e-06 1
3.046792e-06 1
6.382361e-07 2
3.500592e-05 7
1.712381e-06 1
3.098611e-05 1
3.605478e-06 1
2.898404e-05 1
1.752523e-05 1
9.421513e-06 1
1.655412e-06 1
9.827059e-06 225
2.697842e-06 1582
3.855335e-06 1737
1.876529e-05 43285
3.310509e-05 1381
2.180730e-05 6
6.440159e-06 2
2.180865e-05 1
9.880547e-06 3
1.138519e-05 480
5.424454e-06 7
4.330175e-06 1
8.620136e-06 1
1.845155e-05 1
1.172175e-06 52291
9.807556e-08 6
1.352838e-07 2
1.092325e-05 1
2.753148e-06 3
8.984284e-06 3
7.368996e-06 2
1.349034e-05 3
3.375898e-06 185
3.753179e-06 2
2.473037e-05 2
2.828539e-07 1
3.303678e-05 1
7.608171e-06 3
2.471874e-05 7
1.872062e-05 2
7.561139e-08 1
3.912181e-06 1
5.008470e-06 1
1.793003e-05 1
4.187261e-06 1
3.528093e-06 147
1.479591e-06 6
3.721303e-05 4
1.129646e-05 3
7.900502e-06 3
5.892122e-06 365993
1.504375e-05 1
5.303136e-06 32
2.436299e-05 174
5.696335e-06 6130
2.673187e-05 5
5.692627e-06 99
7.936463e-07 3
5.293705e-06 1
6.576171e-05 7
3.821185e-05 1
7.479754e-06 62835
1.213792e-05 1
7.650583e-06 5
2.603903e-05 4
2.137246e-05 85
2.663952e-05 2
2.345047e-05 2
2.006280e-05 1
2.942091e-05 196
5.405126e-06 1
3.115253e-06 4
2.024573e-05 1
2.946863e-06 1
5.736970e-06 4
2.712383e-07 30315
1.068729e-06 6
1.112685e-05 3
1.368208e-05 3
1.262083e-05 1
4.059740e-05 1
1.499899e-05 1
3.514721e-05 1
7.418393e-06 1
1.527564e-05 220
3.027064e-06 1
4.428956e-05 6
1.780809e-05 2
1.193129e-05 48
1.904848e-06 3
1.334611e-06 1
3.832661e-06 1816
1.975454e-05 1
2.461880e-05 1
2.027782e-05 22
2.754699e-05 1
2.001970e-05 1
2.187142e-06 192
7.150836e-06 1
3.113622e-05 19055
2.095616e-06 1
1.946110e-06 1
1.676631e-05 1
4.431745e-05 47
2.800427e-05 266
8.378201e-06 173
1.323629e-06 5
4.802004e-05 1
4.501857e-06 2
2.213287e-06 1
3.895971e-06 208
2.000847e-06 1
1.158860e-05 1
1.383721e-05 1
4.352453e-06 3
3.283254e-05 3
9.402015e-06 1
6.482890e-06 4
2.815614e-05 1
6.905777e-06 2
1.629124e-05 3
6.250380e-06 1
1.329717e-05 956
1.479322e-05 1
7.966834e-06 96
2.296762e-06 1
6.229707e-06 1
1.888621e-05 1
1.335249e-05 3
7.476585e-06 37
1.154041e-05 2
4.180336e-06 1
1.494852e-06 1
3.095746e-06 1
5.483096e-06 3
4.789362e-06 1
4.670989e-05 3
2.658990e-07 1
1.213087e-06 1
1.510621e-05 1
2.954495e-05 1
6.602068e-07 1
2.177550e-06 1
2.938221e-05 2
1.863397e-05 1
6.383557e-06 1
6.980184e-06 1
1.879099e-05 7
2.602087e-05 4
2.205833e-06 1
1.198358e-05 1
6.241570e-07 1
1.024424e-05 1
3.707462e-05 1
6.911232e-06 1
2.281180e-06 3
6.577105e-06 2
4.449393e-06 1
1.803137e-05 2
6.350773e-06 1
8.179814e-06 2
9.209991e-06 177
3.359923e-06 3
1.229509e-05 1
2.759973e-05 2
2.750306e-05 1
3.746286e-06 1
4.735226e-05 1
2.328700e-06 3
1.615037e-05 2
2.032795e-05 1
5.789108e-06 1
5.231046e-06 2
1.308091e-05 1
3.067746e-06 1
4.967777e-06 1
1.956930e-05 1
4.685134e-05 157
1.452156e-05 1
1.700003e-05 1
1.528513e-05 1
2.138630e-06 3
2.572566e-05 1
4.569187e-06 1
1.837489e-05 1
1.968839e-05 1852
2.431240e-05 1
1.089912e-05 1
3.569695e-05 1
1.833969e-06 5
3.988561e-06 1
9.978534e-06 46
1.977988e-06 1
8.675020e-06 326
1.238627e-05 1
8.561204e-06 1
1.283160e-05 1
1.356991e-05 127
4.490544e-05 2
1.300132e-05 3
1.665227e-06 31
2.073602e-05 5
1.414831e-05 2
1.772395e-06 40632
1.669406e-05 214
3.049720e-06 7
1.090114e-06 196
8.766020e-06 1
1.583390e-06 1
2.806864e-07 1
1.501613e-05 6291
6.223864e-07 1
7.476092e-06 3
6.915653e-06 148
7.354450e-06 1
4.938113e-06 1
4.823045e-05 1
1.184690e-05 2
1.890142e-05 1
1.814506e-05 218
6.147131e-05 5
9.119602e-06 1
5.586558e-06 1
2.018243e-05 59028
1.988102e-06 2
2.361841e-06 1
3.114827e-06 1
4.722304e-05 787
2.374992e-07 1
8.742025e-06 7
7.595900e-06 1
9.601392e-06 1
8.215433e-07 1
4.542059e-06 1
7.406766e-06 1
3.230063e-07 360
1.741385e-05 3
6.064721e-07 2
2.184369e-05 1
5.354851e-05 6
9.770496e-06 81
7.767728e-06 1
7.151313e-07 837
4.671962e-06 1
1.161518e-05 95
9.870169e-06 1
1.202446e-05 6
5.378182e-06 3
3.821331e-06 1
2.709761e-05 1
1.135667e-05 5
1.373518e-06 4
2.877035e-06 5
8.083241e-06 1
2.019514e-05 1
5.352344e-06 3
2.248677e-05 1
1.590533e-05 3
1.213694e-05 1
4.671934e-06 1138
1.700183e-05 1
1.192528e-05 1
5.533543e-06 7
6.008905e-06 1
2.261573e-05 3
3.724522e-05 2
1.340314e-06 7
1.500841e-05 99
8.855959e-06 6
2.989208e-05 2
1.554780e-05 6
1.731683e-05 5
7.901597e-06 1
7.565729e-06 1
6.655067e-06 1
2.811686e-05 1
1.246334e-05 1
2.486172e-05 1
5.228078e-05 6
4.580581e-06 1
7.380410e-06 1
1.822297e-05 57
7.896820e-06 3
6.672293e-07 1
1.202025e-05 3
5.277309e-07 211
1.875916e-06 2
2.385658e-05 1
2.914741e-06 776
6.509652e-05 1
4.527434e-06 1
2.292229e-06 3
4.081926e-06 1
5.130665e-06 3
9.953434e-07 2
4.654990e-06 1
9.146527e-06 6
1.218231e-06 3
3.412353e-06 1
2.420915e-05 2
3.001247e-06 3
1.691562e-05 63163
1.331514e-05 3
5.526994e-06 560
1.083818e-05 1
6.128366e-06 43384
3.323468e-06 6
4.238224e-05 6
2.118058e-05 4
2.137740e-06 1
4.790681e-05 2
2.580918e-05 3
1.830555e-05 202
5.949958e-06 1
2.582417e-05 4
4.367713e-05 2
1.090774e-05 235029
1.001334e-05 194
2.828174e-05 1
1.941999e-06 1
1.251336e-05 1
4.040500e-05 1
5.386829e-06 1
2.030018e-05 1
4.312737e-06 3
1.326902e-06 1
1.136216e-05 1
1.708549e-06 2
6.113518e-06 3
1.416772e-05 2
3.827612e-05 1
1.371019e-05 1
1.074362e-05 2
2.688048e-05 1
4.820462e-06 1
8.173071e-06 1
4.292757e-05 73
1.090838e-06 1
7.417603e-06 49
1.784085e-05 1
1.883578e-05 1
3.409472e-05 7
1.027785e-06 1
8.493946e-05 3
1.339964e-06 2
3.251380e-06 6
2.721410e-05 5
6.614122e-05 1
1.774048e-05 4
1.474770e-05 1
7.008292e-08 1
1.760328e-07 1
6.494342e-06 1
4.960828e-06 1
2.558559e-05 97
4.718304e-06 5
8.053222e-06 1
2.218585e-06 1
3.252917e-05 1
1.155879e-06 1
7.649765e-05 1
7.882190e-06 1
6.536867e-06 1
4.722051e-06 164
2.525656e-05 1
1.726661e-05 1
3.611805e-06 1
7.344090e-07 3
1.092747e-05 2
2.252614e-06 53209
5.857066e-06 1
1.629663e-05 1
2.099622e-05 1
1.742561e-05 7
8.170672e-07 405
2.952402e-05 3
1.618539e-06 1435
2.221694e-05 172
1.501070e-06 1
6.084483e-05 14
2.618911e-06 1
2.615396e-05 2
9.830719e-06 6
2.741717e-06 43
8.192923e-06 207
2.388738e-05 53
6.755094e-06 1
5.639867e-05 151455
1.669377e-05 1
2.010700e-05 37
1.503371e-05 1
1.110571e-08 1
4.740994e-06 1
1.398987e-05 1
1.618651e-05 7
4.032486e-06 1
4.318882e-06 1
3.880779e-06 2
3.529347e-05 297
1.613694e-05 1
7.790123e-06 25750
7.412386e-06 227261
6.772215e-06 1
6.821153e-06 3
2.196322e-05 1
1.714065e-05 2
5.401205e-06 1
1.127087e-05 1
3.857985e-06 577125
5.083343e-05 4
9.957478e-06 3
1.173534e-05 1
8.446724e-06 2
1.467937e-05 1
2.816189e-05 4
2.931290e-05 1
3.778874e-06 3
6.198763e-06 5
1.911158e-05 23256
1.367859e-05 113
9.643206e-06 1
1.823990e-05 1
3.891125e-06 1
3.483059e-07 4
1.013650e-05 2
3.488892e-07 1
5.313916e-06 1
1.221453e-05 1
1.627048e-05 7
2.218266e-05 5
2.247753e-05 1
1.115740e-05 1
2.664108e-05 1
3.796775e-06 1
8.728410e-06 2
1.612785e-05 1
1.167075e-05 87
7.288736e-06 1
5.688418e-06 7187
6.658480e-07 1
8.398227e-06 16
5.855852e-06 2
4.097515e-06 5
1.969713e-05 2
5.452534e-06 152
2.242104e-05 7
9.758477e-06 1
2.748896e-05 3
4.898107e-05 7
2.461680e-06 3
1.288810e-06 1
6.472261e-06 1
6.429173e-06 4
4.142245e-05 2
4.830557e-05 7
1.590135e-05 7
1.627060e-05 1
7.194658e-06 1
2.877411e-05 227
5.305298e-06 3
2.243928e-05 1
2.252933e-05 1
3.939775e-07 1
1.835218e-05 197
4.902686e-05 7
6.815123e-06 16
1.250364e-06 2
8.527145e-06 1
3.006276e-05 166
1.970458e-05 1
4.566908e-06 181375
7.928402e-06 256
7.710182e-06 3
6.042816e-06 2
5.832564e-06 2
1.999683e-05 1
5.225338e-06 2
6.727491e-05 1
1.558800e-05 31
7.087768e-06 15812
2.747501e-06 1
1.441894e-05 3
8.875269e-05 1
1.584736e-05 3
6.354896e-05 3
9.426355e-06 1
1.138566e-05 2
1.188557e-05 1590
2.719734e-05 1
2.120533e-05 1
5.378985e-05 3
2.805913e-05 3
5.084238e-06 1
3.515733e-06 1
4.687786e-06 172
1.142564e-06 1209
1.580988e-05 1
2.059567e-05 148
6.640550e-06 1
2.188992e-05 1
1.704825e-05 3
5.084379e-05 3
5.800909e-05 1
2.401285e-06 28216
2.127380e-05 1
1.959311e-05 1
6.421646e-06 1
2.634994e-07 1
3.272889e-06 1
1.302224e-05 47
1.961992e-06 2
2.383710e-05 209
1.294604e-05 1628
2.003920e-05 1
1.844530e-05 1
9.255129e-06 169
4.879838e-05 7
2.453754e-06 1
5.153299e-06 1740
1.390145e-05 1
7.871013e-06 4
6.810956e-06 169
1.200199e-05 1
2.134817e-06 1563
4.372344e-05 4
1.431705e-05 1
7.217348e-06 1
3.245254e-05 1
1.894108e-05 1
1.565290e-05 1
1.349493e-05 1
1.648189e-05 2
5.455578e-05 1
2.344813e-06 1
6.865576e-06 5
1.935952e-05 1
5.176833e-06 1
3.598099e-06 1
9.637237e-06 3
3.144736e-07 3
1.944088e-05 1
8.461495e-06 42927
3.295268e-06 1
4.856561e-05 3
3.771496e-05 1
1.554996e-05 1
2.951949e-05 64047
4.618164e-06 1
1.479550e-05 5
2.603333e-06 4
4.802075e-06 711
2.477634e-05 3
1.808172e-05 2
9.333980e-06 3
1.702010e-05 56306
2.900773e-05 1
2.706663e-05 11
3.686013e-05 68
9.574972e-06 16081
3.675248e-05 1
3.296899e-05 1
1.256466e-05 1
9.510674e-06 125
1.424062e-05 1387
2.196006e-05 1
1.657319e-05 6
3.171637e-06 6
1.292850e-05 1
1.873079e-05 1
5.465459e-07 1
1.123561e-05 1
1.742383e-05 1
2.712997e-05 1
4.508819e-07 235
3.526898e-05 1
5.999925e-06 1
1.572645e-05 1
5.227303e-05 1
6.293741e-06 1
8.008206e-07 1
6.600386e-05 1
1.271364e-05 3
3.695363e-05 590915
2.715881e-05 2
1.328029e-05 1
1.289548e-05 2
3.808668e-05 1
8.658054e-06 1
2.567022e-05 4
1.005699e-05 186
2.129106e-06 1
1.696809e-05 2
2.844749e-06 1
1.753822e-05 125
1.094447e-05 2
1.175096e-05 1
1.310830e-05 1
9.898291e-06 3
1.324329e-05 1
7.618537e-06 2
2.503770e-05 3
2.081346e-05 3
1.441711e-05 1
1.377205e-05 254
1.080226e-05 1
6.897108e-05 442
6.291060e-06 1
1.682687e-05 1
8.696105e-07 1
1.177592e-05 2
1.207081e-05 2
4.115131e-06 41541
1.393943e-05 1
1.248297e-06 1
1.080299e-05 1
5.092907e-05 1
1.004952e-05 61697
5.191310e-06 1
3.820400e-05 1
1.921715e-06 1
2.320233e-05 100
9.540733e-06 1
3.034554e-05 1
3.005712e-05 3
9.522756e-08 39
4.434085e-06 1
4.057026e-05 7
9.374641e-06 37355
1.304440e-05 1438
6.963610e-06 139
9.150584e-07 2
2.372156e-05 1
1.800382e-05 2
1.400977e-06 4
7.894780e-06 1
4.191318e-06 1
5.521790e-06 1
1.288619e-05 2
9.044666e-06 1
4.395153e-05 2
2.233683e-05 2
3.464119e-07 3
1.294733e-05 1
1.984477e-05 1
1.493309e-06 1
1.331633e-05 919
2.765481e-05 3
2.009004e-05 63988
4.783847e-05 3
1.324256e-05 51085
6.342235e-07 1
5.325243e-05 1881
1.450440e-05 1
5.224038e-06 1
3.433783e-06 1
1.391920e-06 1
1.266695e-06 2
9.955645e-06 1
1.431109e-05 1
2.841136e-05 2
4.625599e-06 1
8.593795e-06 1
1.794940e-05 1
1.440491e-05 1
2.047090e-05 1
2.437632e-05 1
1.784426e-06 1
5.430183e-08 1
8.707765e-06 1
2.332566e-09 1
3.498796e-06 2
4.582285e-06 1
1.239932e-05 134
1.849330e-05 1
8.729805e-06 4
3.410155e-05 1
2.362560e-05 1
1.809477e-05 1795
3.691505e-05 4
4.425740e-05 2
1.255441e-05 1
9.419866e-06 636
2.942969e-05 2
2.007495e-05 1
2.059600e-05 2
1.460124e-05 2
1.217129e-05 166
3.116831e-06 251
2.974901e-05 2
1.131478e-05 1
2.468967e-05 5
7.371562e-06 1626
1.876489e-05 3
1.225523e-05 154
1.055788e-05 4
3.790581e-05 63993
1.592594e-05 704
4.194639e-06 1
8.853064e-06 87
1.169352e-06 3
1.330807e-05 2
1.338637e-05 5
1.899283e-05 1
6.734918e-06 2
2.545339e-05 2
1.257140e-05 1
3.670906e-05 6
1.509671e-05 2
2.907262e-05 1
5.321118e-05 4
5.286972e-07 1
4.526101e-05 1
4.118182e-05 1
5.070460e-05 9807
2.825605e-05 4
5.283041e-07 1
2.616938e-05 2
1.067214e-05 1
7.409750e-06 1521
1.998724e-05 1
1.079083e-05 68
2.415701e-07 2
1.323891e-05 171
1.923814e-06 1
1.482073e-05 20919
6.443400e-05 147
7.918447e-06 1
5.324774e-06 1
5.361198e-05 1
1.700056e-06 1
1.682726e-05 1
1.239873e-05 1
2.809588e-05 1
2.424289e-06 5
3.888393e-05 12
3.573923e-05 1
1.929689e-05 1
6.909756e-05 1
3.403587e-06 1
3.271803e-05 208
3.481898e-05 1
3.185528e-05 4
1.987810e-06 1
8.388123e-07 2
2.686152e-05 1
1.170861e-05 2
1.080412e-06 1
5.253862e-06 1
1.220564e-05 933
1.908164e-06 4
7.875559e-06 1
3.161100e-05 1
7.416753e-06 1501
2.318274e-06 3
4.232595e-07 1
1.375966e-05 1
7.817639e-07 3
1.031535e-05 1
1.140464e-05 2
2.672197e-05 1
2.005944e-06 1
6.204658e-06 33357
3.242384e-06 1
7.778764e-06 1
3.714504e-06 3
1.419194e-06 1
1.663843e-05 4
1.541016e-06 1
1.029075e-05 1
1.212993e-05 1
8.759332e-06 1
2.044051e-05 161
3.024649e-06 122
1.383152e-05 1
1.043571e-05 3
3.171002e-05 4
4.053850e-06 1052
1.398378e-05 2
1.796874e-05 1
4.426334e-05 2
1.188291e-05 1
6.450327e-07 23
2.224074e-05 1
3.219285e-05 1
5.048137e-05 1
4.099720e-06 1
1.342908e-05 1
2.995353e-05 171
5.483105e-06 35184
1.012421e-05 1
5.605521e-06 1
6.723699e-06 6
5.051161e-06 1
8.392844e-06 3
1.715627e-05 2
1.620152e-05 3
1.239700e-05 1
1.603030e-05 5
2.891469e-05 1
2.745654e-05 1
3.858197e-05 1
9.332352e-07 1
3.579028e-06 1
2.422252e-05 1
1.106179e-05 1
1.072564e-05 1
6.246891e-08 202
1.616321e-05 1
2.042408e-05 949
8.748195e-07 2
3.559146e-05 1
9.279329e-06 1
1.191408e-05 2
7.370015e-06 4
6.525459e-06 1
3.247802e-05 1720
1.966708e-05 2
9.645526e-06 4
7.185031e-06 4
5.338931e-06 1
4.322959e-05 1
1.550418e-05 194
1.584416e-05 3
2.002263e-06 4
1.717745e-05 1
2.420564e-05 31
2.289361e-06 164
1.546053e-06 1
1.502990e-05 2
6.842271e-06 46445
2.713479e-05 1
1.068506e-05 1
3.005478e-06 1
4.018462e-05 1
4.960132e-06 1
3.974026e-05 1
5.937231e-06 1
1.538842e-05 334403
1.583195e-05 3
1.526375e-05 222
1.595367e-05 1
2.964859e-05 1
3.573838e-06 1
3.824298e-05 29
3.455994e-05 32847
4.697491e-06 5
2.722379e-05 3
5.217713e-06 1
3.419434e-06 1
5.726429e-06 1
7.414257e-06 1
1.032096e-05 1
7.231536e-06 2
2.604012e-05 1
2.703900e-06 1
9.054441e-07 1
6.249054e-05 2
1.416469e-05 50
2.308429e-05 7
9.587214e-07 1
6.485355e-06 1
1.723491e-05 156
1.590934e-06 1
4.851025e-06 3
1.123767e-05 797
9.977141e-06 157802
7.993036e-06 2
4.985485e-05 1
2.493996e-05 582
1.446261e-05 2
1.735368e-05 1
2.813575e-06 1
3.509086e-06 1
6.164300e-05 1
4.526867e-05 3
4.079559e-06 1
1.603222e-05 1
1.367378e-05 1
3.761868e-05 1
2.176512e-07 1
3.241212e-05 3
1.018323e-06 2
2.916366e-06 2
7.815178e-05 1
7.554231e-06 3
2.220219e-07 802
1.570545e-05 3
7.727116e-06 5
2.001409e-05 1
9.033793e-06 1
1.089717e-04 1
5.240660e-06 6
1.751659e-06 1
3.201992e-05 4
4.541730e-06 1
2.979077e-07 3
4.696306e-06 1058
8.365284e-06 1123
1.142443e-05 1
3.805728e-06 1
4.711070e-05 1
5.458819e-06 1
8.118914e-06 1
6.646142e-06 1
1.859962e-05 5
9.606942e-06 12715
1.863215e-05 2
7.972841e-06 1
1.351484e-05 28585
1.499301e-06 1
1.046080e-05 1
2.041260e-05 11
3.685269e-05 1
6.462360e-05 1
4.264282e-06 3
4.397026e-05 53
7.265602e-05 1
1.889455e-06 7
1.548721e-05 196
2.723939e-05 2
3.138690e-06 1
5.740961e-06 1
1.180702e-05 1
2.583270e-05 1
1.764457e-05 1
3.713193e-05 1
9.328081e-06 156
3.042381e-05 768
1.310509e-05 3
3.888837e-06 3
4.070725e-05 1
2.130603e-07 155
3.064453e-05 1
7.094286e-06 1
4.196581e-05 2
2.703237e-06 1
3.916735e-05 1
3.422146e-05 809
2.473902e-06 114
1.157432e-05 3
4.151048e-06 2
4.111358e-05 1
2.099051e-06 1
2.921691e-05 1
1.970186e-05 1
1.110439e-06 6
3.683612e-07 260
1.365650e-06 1
4.162666e-05 1
4.576930e-06 1
9.150672e-06 1
1.114753e-05 1
6.388701e-06 1
4.337886e-05 1
3.789154e-05 1
1.523520e-06 1
3.966013e-05 1
4.252496e-06 7
2.871941e-05 77
1.142363e-05 7
7.426761e-06 47
2.706015e-05 1
7.702716e-06 1
9.945416e-07 1
6.755435e-06 181
6.546310e-05 3
3.489815e-05 25751
3.831919e-06 1
3.218979e-06 1
1.173102e-05 1
2.016510e-05 1
7.754563e-06 1
6.167251e-06 1
9.328562e-06 42276
6.433312e-06 3619
8.261584e-06 1
5.187298e-06 1
3.723300e-06 2
2.686821e-05 5
9.701737e-06 1
7.791805e-06 7
3.027748e-05 42360
4.944242e-06 266
2.477733e-06 113
1.121763e-06 3
3.748292e-05 2
1.278479e-05 1
9.373841e-06 1
9.543631e-06 1
1.740055e-05 139
1.291095e-05 1
5.266931e-05 1
1.241185e-05 132
2.545309e-06 4
1.168669e-05 6
1.401584e-06 1
4.669840e-06 1
4.132866e-06 1
8.552168e-06 640
1.623489e-05 1
1.318776e-05 3
6.692688e-05 7
4.570201e-05 3
1.984292e-05 4
3.242836e-05 608925
1.177148e-06 2
2.623100e-05 3
1.226409e-06 2
3.322770e-06 1
1.327674e-05 1
4.074833e-08 209
1.939023e-05 1
7.786315e-06 5
3.186015e-07 122
2.203498e-05 33
1.052181e-05 1
3.507873e-05 2
1.662960e-05 68
1.188833e-06 3
3.312749e-05 2
1.924129e-05 1
5.097565e-05 3
8.165583e-06 59
5.457677e-06 1
1.915699e-05 1
9.053039e-06 2
3.000622e-06 1
3.254567e-05 503356
1.022888e-05 1
4.367561e-06 1
5.195334e-05 89
1.528341e-05 2
4.300684e-05 224
1.463934e-05 5
3.177882e-05 1
4.030795e-06 2
4.835601e-06 30978
5.307490e-06 1
5.151780e-06 1
1.640129e-05 2
2.893380e-06 1
3.220205e-06 1
4.080015e-06 1
9.327922e-07 1
1.336767e-05 40690
3.588114e-06 3
3.965468e-06 1
1.616249e-06 45
2.730969e-05 38658
1.322403e-05 1
5.607234e-06 18224
2.151167e-05 2
2.764697e-05 27396
2.715075e-05 5
2.272473e-05 1
3.768321e-05 1
1.595224e-05 1
9.855196e-06 67
4.268233e-06 1
1.045658e-06 2
2.674109e-06 1
8.951476e-06 4
1.927610e-05 3
3.493823e-06 1
2.639796e-06 2
7.122696e-06 11500
4.426371e-06 6
3.229090e-05 3
1.909915e-05 3
3.386053e-05 3
3.012502e-05 1
1.241383e-05 1
2.481405e-06 7
5.897241e-06 6
8.793825e-06 1
2.228414e-05 1
6.562894e-06 220
5.032250e-05 4
2.006867e-05 3
3.400037e-06 1
3.320581e-07 4
1.077532e-05 3
6.100849e-07 1
2.960304e-05 2
1.240393e-05 2
3.319033e-05 1
4.632206e-06 185
6.019474e-05 1
1.143299e-05 3
2.529894e-05 1
5.454695e-05 1
1.942792e-05 1
3.529686e-06 146
1.193489e-05 2
1.477303e-05 1
3.787776e-06 1
3.828952e-05 28
2.142967e-06 2
1.203717e-05 2
1.145810e-05 3
6.075626e-06 16
9.173482e-06 1
2.144882e-05 4
4.968356e-06 1
6.417302e-05 1
1.279715e-06 644
3.239237e-06 1756
1.519015e-05 1
1.068280e-05 3
8.331521e-06 1
1.644916e-05 6
4.668723e-06 54993
6.309517e-06 3
3.756607e-05 1
2.064798e-05 34563
1.101238e-05 1
3.061053e-05 1
1.837636e-05 1
5.833604e-06 6
7.801814e-06 1
7.917745e-05 1
4.428690e-06 1
2.768246e-06 1319
2.313366e-05 7
5.316165e-06 1
5.001382e-07 2
1.871308e-05 2
1.100303e-05 2
6.986755e-06 134
3.241552e-06 219
1.054567e-05 1
2.130230e-07 1
3.591690e-05 3
2.374956e-05 1
5.780510e-06 1940
5.334820e-05 1
7.801754e-06 3
4.399536e-05 3
2.755525e-06 1
2.254035e-05 1
4.634128e-05 3
3.965713e-06 1
2.383165e-05 210
1.667250e-06 1
1.338074e-05 1
2.470164e-05 39579
2.715792e-05 2
1.197264e-05 3
1.831802e-05 183556
3.456403e-06 165
2.591998e-06 1
8.153536e-06 3
2.466774e-07 1
1.112433e-05 3
2.036707e-05 2
2.273158e-05 1
2.890885e-05 1
4.852012e-05 1
4.267771e-05 1
2.996938e-05 18
1.448653e-05 1
2.217918e-06 1
2.871913e-06 1
1.227220e-05 39605
2.994583e-05 3
1.082851e-05 1
6.542636e-06 1
3.037793e-05 1
2.037795e-05 1
1.617370e-05 1
2.575885e-06 1
1.214130e-05 1
5.366201e-06 3
2.144040e-05 4
1.189822e-05 2
4.521742e-05 1245
1.165671e-06 3
1.971786e-05 4
4.536231e-05 28
1.748358e-06 2
1.242892e-05 1
1.169243e-05 1
1.072153e-05 1
6.866897e-06 1
9.262233e-06 15
2.459721e-05 1
2.396108e-05 1
7.132789e-06 1
2.713102e-05 1
2.611816e-06 1
2.304339e-06 44479
2.498118e-06 1
4.249420e-05 1
8.303686e-06 1
2.088113e-05 1
7.601013e-06 13
1.323249e-05 1
1.789040e-05 2
2.209491e-05 1
5.727874e-08 1
9.998752e-06 1
2.931357e-05 1
4.370147e-06 2
2.581578e-07 643
6.357952e-05 2
1.661444e-05 1
1.808575e-06 3
4.925161e-05 1
3.793356e-05 191
2.153668e-05 1
1.653847e-05 1
1.114368e-05 1
1.749647e-06 1
5.121038e-06 73
1.123251e-06 2
5.650986e-05 1
1.934447e-05 1
1.957802e-05 83
8.813142e-06 1
1.265400e-05 1
1.713097e-05 167
7.794448e-06 1
3.181318e-06 6
5.404348e-06 1
1.883332e-06 1
7.301764e-06 224
4.385414e-05 1
4.506481e-06 1
1.360265e-05 21417
3.437714e-06 2
1.390653e-05 1
1.265945e-05 97
5.251470e-05 2
4.234595e-06 1
9.673916e-06 1
4.231528e-05 1
1.837331e-05 3
8.565878e-07 1
2.728439e-06 1
1.493505e-06 6
5.723306e-06 245
3.689446e-06 1
2.001130e-05 3
3.782315e-05 6
1.248769e-05 1
1.424024e-05 65470
5.724703e-06 1
1.451450e-05 1
1.947421e-05 1
2.040391e-05 973
3.207545e-05 1
4.987884e-05 1
1.048737e-06 365698
8.351765e-06 1
4.029638e-05 490
1.677667e-05 2
3.706149e-06 1
4.115245e-06 155
1.061555e-05 1
2.199042e-06 1315
6.683628e-06 1
2.033493e-05 1
2.418432e-06 472
1.987280e-05 1621
1.953203e-06 1
4.180546e-06 1
1.279547e-05 6
3.753704e-05 2
1.055848e-05 105
5.091113e-05 1
1.820225e-05 212
6.213677e-07 183
4.618216e-06 1
3.110632e-06 1
5.123013e-06 1
1.393453e-06 1
1.320290e-05 1
1.551729e-05 1
1.001829e-05 3
3.634905e-06 2
1.765282e-06 41860
1.648453e-05 3
3.611686e-05 1
1.366524e-05 1
4.458233e-07 1
4.285730e-05 1
3.710006e-06 7
3.862417e-06 1
1.491456e-05 1
1.768290e-05 1
4.385389e-06 6
1.319779e-05 1
1.498275e-05 7
5.256872e-06 66454
4.218507e-06 3
5.840609e-06 1
1.565496e-05 1
2.416821e-05 1
3.709491e-06 1
2.316515e-06 7
3.679990e-05 4
2.548417e-05 1
1.330449e-05 1
8.718110e-06 1
8.665633e-06 1
2.935561e-05 1
5.611403e-06 1
6.776571e-06 1
3.690102e-06 4
2.575817e-05 1
1.210493e-05 176
4.654629e-06 3
3.726892e-06 1
1.384883e-05 1
1.731291e-06 5
1.624984e-06 3
2.311004e-06 1
1.089338e-05 205
2.453815e-05 1
2.255761e-06 1
2.621607e-05 4
1.073842e-05 2
9.527280e-06 2
4.718371e-06 1
4.947405e-06 1
5.047784e-05 1
5.937315e-06 1
1.363052e-06 117
1.031549e-07 3
1.229056e-05 3
1.530107e-05 2
1.643619e-06 1
8.408270e-06 1
2.152954e-05 1
4.329936e-06 3
1.713786e-06 1
1.042046e-05 7
1.074863e-06 1
1.506846e-06 2
9.744780e-06 1
3.073426e-06 1
9.031778e-07 1
1.029689e-05 147
3.455537e-05 1
2.874852e-06 1
2.382524e-05 1
2.178273e-05 1555
2.566100e-05 2433
1.598351e-06 1
1.422474e-05 1
2.144714e-05 1
6.438627e-06 6
2.690487e-05 52507
1.446197e-06 6
9.508776e-06 421
2.403466e-05 1
2.042789e-05 1
3.432152e-06 2
2.375000e-05 1690
1.053841e-05 3
6.439264e-07 1
2.472121e-06 3
1.660331e-07 50570
9.383130e-06 2
3.688952e-05 1
9.917559e-06 1
1.234780e-05 3
1.322070e-06 2
7.334006e-06 4
8.288136e-07 1
2.471877e-07 1
2.315267e-05 1
1.210095e-06 1
3.334141e-06 1
7.964926e-06 1
9.536503e-07 1
2.145853e-06 1520
3.082140e-06 1
1.675531e-05 1
6.411691e-05 3
1.457408e-05 1
2.820190e-06 1
1.580768e-06 3
3.140426e-05 261
1.154486e-05 105
2.759114e-05 3
3.506659e-05 1
9.003870e-06 1
2.955857e-05 37
1.210591e-05 54448
6.825749e-05 1
7.599906e-06 1
4.488468e-07 235
8.489766e-06 1
1.777974e-05 4
1.833790e-05 1
9.837454e-07 228
1.949158e-05 1
4.411234e-06 1
4.838069e-06 1
3.225695e-07 1
1.538794e-05 335750
5.305813e-06 1
6.163040e-06 7
1.121160e-05 1
1.764198e-05 1
2.657625e-07 1
7.036670e-06 1
3.299936e-05 1
1.916123e-05 20438
6.950081e-05 3
7.249650e-07 1
7.765909e-06 1
6.483850e-06 1
4.926718e-06 1
1.368639e-05 3
1.743902e-05 1
1.198354e-05 1
1.089998e-06 6
3.094983e-05 5
1.079413e-05 1
1.238334e-05 574
1.034425e-05 1
6.736886e-07 1013
1.460942e-06 1
7.224079e-06 3
1.255393e-06 744
2.175953e-05 1
3.182256e-06 1
8.704831e-06 1
2.289365e-06 1
1.332469e-05 1
3.459763e-06 3
1.523439e-05 1
9.395944e-06 5
5.335381e-06 55552
2.980984e-06 1
1.658342e-05 2
1.939406e-05 1
4.126859e-05 3
2.033514e-05 170
1.504819e-06 2
1.822908e-06 1
7.603616e-06 47946
7.166863e-06 251
4.073974e-06 5
1.898495e-06 118
2.731711e-05 150
8.604314e-07 1
2.672035e-07 1
2.024198e-05 25
2.553503e-05 1
2.766924e-05 2
6.719382e-06 6
3.987514e-06 1280
4.119362e-07 1
1.099120e-06 1389
1.595072e-06 1
8.343008e-06 2
1.873735e-06 1
2.908061e-06 3
5.158085e-06 1
5.491854e-06 1
5.627480e-05 6
1.267893e-05 6
1.643883e-05 2
5.820802e-06 2
3.538847e-05 15757
3.563487e-05 4
3.926167e-06 1
5.396559e-06 1
1.908027e-05 1
1.302019e-06 28885
1.105539e-05 1
1.291348e-07 1210
9.699302e-06 1
2.715945e-05 2
2.611757e-05 1
2.931451e-06 1
1.100047e-05 3
5.569342e-06 1
1.678421e-05 1533
2.026672e-05 23
3.489226e-05 2
1.474632e-05 2
2.990324e-06 1
3.612754e-05 1
1.196410e-05 1
1.202963e-05 2
7.068347e-06 1
5.482226e-05 6
2.601169e-05 71
7.195632e-07 1
6.923178e-05 23404
9.364172e-06 1
1.870403e-05 2
2.292587e-05 2
8.888375e-06 1
1.045144e-05 1
1.442450e-05 51141
1.268674e-05 3306
1.955177e-06 1
1.387729e-05 1
1.028968e-05 1
1.821127e-05 58
4.380686e-05 6
1.458057e-05 2
7.150547e-06 1
9.836681e-07 2
9.981404e-06 1
5.500868e-06 2
6.921266e-05 2
7.754819e-06 7
8.210598e-06 51
7.475463e-05 4
1.297848e-05 1
6.819552e-06 49305
6.718209e-06 1
6.370874e-06 1
1.662882e-05 1
9.613910e-07 1
1.731551e-05 1
6.364195e-06 261
6.996918e-07 1
1.484729e-05 119
1.615816e-05 3
1.336193e-05 3
1.017874e-05 1001
1.674893e-05 1
3.183894e-05 1
2.219702e-05 21
2.484543e-06 4
3.002602e-05 1
2.069295e-05 1
1.926691e-05 4
5.701624e-06 1
2.961626e-06 5
1.271687e-05 1
3.074829e-06 7
1.243524e-06 1
1.005835e-05 1
4.490541e-07 1
2.440249e-06 1
1.022106e-06 2
1.968232e-05 1
2.134790e-07 7
1.104403e-05 58041
4.069281e-05 7
8.678799e-06 1
1.068078e-06 234783
1.000779e-06 1
9.042161e-07 1
5.559523e-06 128
5.235040e-06 1
2.136417e-05 1
3.817990e-06 3
2.318244e-05 3
5.002433e-07 1
1.520519e-05 1
6.669456e-05 1
1.677313e-05 205
5.465243e-05 1
1.193421e-04 1
2.978171e-05 1
1.048346e-05 1
2.439851e-05 3
2.714604e-05 7
7.887445e-06 1
1.157827e-05 1
3.767505e-05 1
1.821842e-07 1
4.114491e-07 94
3.600015e-07 1
1.192539e-05 6
1.139569e-05 5
1.139703e-05 1
2.115081e-05 7
1.892736e-05 1
2.039711e-07 881
3.710971e-05 1
1.213912e-06 7
2.023688e-05 1
5.857015e-06 6
1.820035e-06 7
1.753836e-05 5
1.318497e-06 25929
7.937152e-06 102
3.080815e-05 7
2.224417e-06 1
1.764438e-05 1
1.732247e-05 147
2.171625e-05 1
4.258383e-05 1
4.292805e-06 1
2.241737e-06 177
3.453281e-05 5
5.234160e-06 47
6.448729e-06 6
5.816414e-06 6
2.816203e-05 1
8.834838e-06 90
1.231157e-07 3
2.410067e-06 1
2.063141e-05 3
2.067903e-05 1
1.741212e-05 1
3.103274e-05 392
1.974411e-05 1
6.206685e-06 1
3.161506e-07 1
1.845562e-05 2
8.535522e-07 1
1.300832e-06 3
4.247197e-05 3
1.921923e-05 3
1.088237e-05 1
1.832501e-05 1
6.078801e-06 1033
1.937169e-06 1
5.233986e-06 1
5.642391e-05 1
7.850095e-06 1
1.206223e-05 1
1.576334e-05 1
5.375514e-06 1
9.464845e-06 1
4.255514e-06 3
9.669749e-06 251
1.386244e-05 2069
4.435711e-06 1
1.365487e-05 1
8.670783e-06 1
2.536611e-05 1
1.757074e-06 5
7.387121e-06 3
1.066197e-05 3
2.475701e-06 1
4.929784e-05 1
2.410235e-05 1
1.188676e-05 55
2.629466e-07 1
3.036973e-08 2
2.971649e-06 1
2.001706e-05 1
8.032041e-06 1
1.420588e-05 1
1.908913e-06 281
1.948302e-05 1
3.362742e-06 35
1.889040e-05 7
7.719484e-06 1
1.818702e-06 1
4.356358e-06 1
1.175279e-05 75
5.817344e-06 2
7.483250e-06 189
1.034311e-05 1
1.276276e-05 83
4.872398e-05 3
2.011117e-05 3
6.985004e-06 3
5.984618e-06 3
1.651849e-05 1
1.400162e-05 1
4.589398e-05 3
9.660674e-06 1
2.677593e-05 56992
2.112182e-05 105
3.332077e-05 1
1.736704e-05 3
5.521458e-05 1
1.977455e-05 1
1.657630e-05 6
1.128284e-05 1
2.498854e-05 2
3.616044e-05 1
2.241517e-05 157
6.223747e-08 1
4.206863e-06 1
3.100011e-06 7
8.155999e-06 3
2.929125e-05 1
1.099841e-05 1
1.152913e-05 1
2.748124e-05 1
4.909515e-06 121
7.635461e-05 10347
2.742164e-05 1
4.478203e-05 1
2.828067e-05 1
3.425340e-05 1
1.176463e-05 6
9.953961e-06 3
1.889326e-06 1
6.778561e-06 3
4.842752e-05 1
2.803086e-07 546
7.298221e-07 1
2.503858e-05 7
4.038101e-06 1
1.937056e-07 1
3.882021e-06 1
2.260538e-05 1
1.669982e-05 3
6.344119e-06 1
1.762514e-05 1
3.007471e-05 1
5.179419e-05 2
8.120363e-05 1
4.549089e-07 1
2.053309e-05 1
1.808346e-05 1
7.216626e-06 2058
1.646900e-05 4
8.951458e-06 1
3.752208e-05 1
9.150762e-06 3
2.132851e-05 241
3.136812e-05 1
2.769453e-05 1
4.072513e-05 1
2.986310e-06 2
1.590300e-05 1
8.310231e-06 1
2.216780e-05 3
4.080334e-06 1
2.067009e-05 142
1.041078e-05 1
9.747079e-06 1
3.104333e-05 385
2.283951e-06 1
2.157882e-05 4
6.757777e-06 1
1.752829e-07 1
2.988642e-05 21
2.345117e-05 6
9.574482e-06 7
2.199693e-05 1
2.842319e-06 1
8.741501e-06 1
8.528349e-07 2
6.883418e-06 155
7.196549e-06 1
4.116547e-05 1
1.696373e-07 3
4.037150e-06 5
4.690272e-06 51878
1.245840e-05 5
2.798952e-05 16191
9.921342e-06 4
3.648546e-06 1
2.489232e-06 1
9.350832e-06 804
1.626602e-06 195
2.142043e-06 262698
6.895073e-06 39823
1.706626e-05 1
2.101241e-07 1
2.534984e-06 1
7.914307e-06 1
1.034676e-05 1
2.450904e-06 1
1.469809e-06 1
2.878930e-05 3
3.006129e-06 1
1.002312e-05 1
3.777247e-06 238
1.843837e-06 1
7.268777e-06 6
3.923010e-06 1
6.335671e-05 39713
3.474276e-05 1
2.904645e-05 1
2.176378e-05 1
6.316512e-06 1
4.966448e-06 1
1.435321e-06 7
2.210361e-05 5
4.889929e-05 1
5.446955e-05 1
4.458555e-06 1
1.240340e-05 3
1.250159e-05 19393
5.270071e-06 2
7.067926e-06 2
2.543876e-05 106
2.245606e-05 154
6.270146e-06 3
4.730720e-05 7
3.680990e-05 1
1.253270e-05 1
1.443909e-05 1
7.018677e-06 5
1.293084e-06 1
6.720883e-07 3
9.984404e-06 1
1.618354e-05 295
1.615390e-06 2
1.064220e-06 261097
4.983645e-06 1
7.549436e-06 1
1.836781e-05 1
3.669709e-05 1
7.110766e-06 1
3.874881e-06 1
4.652360e-06 5
3.280525e-05 1
3.176161e-05 1
1.016278e-05 2
4.563908e-07 2
2.007783e-05 1
2.065151e-06 1
1.452607e-05 2
1.520465e-07 1
2.521038e-06 8251
4.481636e-05 38
7.678426e-06 5
1.928361e-05 1
8.142098e-07 3
6.508273e-06 4
3.699328e-06 4
2.392110e-05 1
2.372539e-05 1
4.260512e-05 4
1.284087e-07 1
9.132584e-06 37
3.235571e-06 1
3.334028e-06 3
1.011819e-05 1
3.763861e-06 3
1.322326e-06 1
2.894113e-05 1
1.378279e-05 1
5.181231e-06 1
6.113678e-05 165
8.764360e-06 103
2.366174e-05 2
5.282440e-06 1
1.788598e-05 1
2.115302e-05 1
2.098121e-05 17480
5.788790e-07 1
1.984347e-07 1
9.032068e-06 1
6.891309e-06 7
2.449282e-05 1
8.257851e-06 1
2.863409e-07 1
1.251620e-05 308
4.411116e-06 84
1.596181e-06 1
1.011988e-05 1
3.056910e-06 1
4.897898e-06 2
1.818722e-05 1
6.542395e-06 2
2.560239e-06 1
6.188725e-06 35444
1.437993e-05 1
1.165684e-05 1
2.818415e-05 1
1.467201e-05 3
7.612390e-06 1
6.027571e-06 5
2.163252e-05 3
1.049079e-05 1
5.250819e-05 2
2.797089e-05 1
2.071436e-05 1
9.293750e-06 2
2.663625e-07 3
8.815578e-07 3
2.922809e-06 746
6.240866e-06 1
1.727903e-05 1
1.208521e-05 3
9.738743e-06 1
1.208407e-05 1
4.450239e-05 3
3.694779e-06 1
1.881815e-05 2
1.332601e-05 1
6.041063e-05 50522
3.757888e-05 176889
4.465199e-05 2
2.057846e-06 74
1.513007e-05 1
6.443459e-05 1
1.694905e-05 1
1.378311e-05 252
1.020484e-05 941
1.600974e-05 1
1.118179e-05 1
1.674707e-05 1589
8.492779e-06 1
5.551216e-07 1
1.692242e-05 1
1.784572e-05 1
3.186919e-05 88
