7.465837e-06 1
3.920817e-05 266
4.261234e-05 1
2.728536e-05 38
2.269089e-05 154
1.626872e-05 1
9.265993e-05 2
4.288561e-05 2
6.381505e-05 1
3.086648e-05 3
1.971079e-06 1
6.744707e-06 3
6.563835e-05 6
2.120812e-06 1451
1.537011e-05 1
4.889912e-05 1
2.369603e-05 1655
4.745596e-05 1
4.325652e-05 1
3.834801e-05 3
3.547064e-05 416819
2.387669e-05 2
6.292780e-05 37
4.421015e-06 1
8.937699e-05 1
3.636709e-05 1763
2.223422e-05 987
9.394609e-06 1
1.201154e-04 3
7.455527e-05 3
1.137205e-05 1
5.335486e-06 11086
9.771351e-05 1
7.469748e-05 7
1.843020e-04 1
3.477047e-05 1
7.584914e-05 7
1.340978e-04 1
2.720123e-05 1
9.822836e-06 3
1.228613e-04 7
1.114423e-04 811
1.660518e-05 3
1.042950e-04 7
3.840036e-05 61
9.080973e-06 1
1.165002e-04 3
1.011888e-06 1
1.089615e-04 7
4.735321e-05 1
4.289154e-05 101
6.766891e-05 1
6.126986e-05 921
9.531144e-05 1
1.561387e-05 3
1.259703e-05 1
1.752212e-05 1
1.347377e-04 1
3.091240e-05 110
6.125978e-05 1
3.144617e-05 2
5.790346e-06 2
1.559996e-05 1
2.807615e-05 1
1.076358e-05 1
2.553141e-05 254
1.050825e-04 1570
1.199664e-04 1
6.420681e-05 449
8.087658e-06 6
9.830076e-06 31027
2.679738e-05 93
2.620557e-04 1
1.033490e-05 1
2.896912e-04 1
3.985902e-05 554
2.378423e-04 6
1.732482e-04 3
6.662795e-05 2
2.999214e-05 1
7.000261e-05 1
7.892605e-07 1
9.903025e-05 32
1.237184e-04 6
1.111829e-04 1
2.139285e-05 73
2.008429e-06 1
1.124913e-05 5157
1.640788e-05 1
6.957621e-05 1
4.687706e-05 2
8.342203e-05 1
1.941410e-04 66
2.951301e-05 1
4.024193e-05 1
3.419827e-05 3
8.410064e-05 1
1.092651e-04 3
1.091162e-05 1
5.979358e-05 1
4.020156e-05 1
1.001420e-04 1
5.546915e-05 1
3.192824e-04 266
6.876881e-05 28058
1.185165e-05 229
3.731825e-05 1
2.937741e-05 2
1.610029e-05 1311
6.781976e-05 1
1.427446e-04 62
8.816004e-05 1
6.090858e-05 876
8.139863e-05 1
5.615731e-05 3
2.907063e-05 1
4.806662e-05 1
6.142401e-05 1
7.855356e-05 1
3.788664e-05 6
1.857305e-05 1
1.266173e-04 2
1.354537e-05 1
3.530229e-05 60731
5.075944e-05 3
1.663269e-04 1907
4.505032e-05 1
1.183694e-05 1
8.319969e-05 132
4.972868e-05 1
6.372202e-05 1
7.649468e-05 3
8.560302e-05 4
5.846634e-05 1
1.150637e-05 35040
1.100151e-05 3
2.284859e-06 4
4.247779e-05 1
8.193747e-05 1
7.812595e-06 1
9.919810e-05 2
4.204994e-05 3
4.676871e-05 16286
5.875926e-05 1453
6.690492e-05 4
1.451407e-05 1
5.798575e-05 3
1.701725e-04 145
1.855702e-05 1
9.554567e-06 708
9.595648e-05 720
6.813929e-05 3
4.050440e-05 1
2.786272e-05 68
3.151293e-05 1
1.530776e-05 1
2.780970e-05 1
3.133998e-06 6
5.446752e-06 200
1.019284e-04 2
3.806038e-05 1
2.028395e-07 1430
1.117702e-04 1
7.300381e-05 3
4.511657e-06 3
3.121059e-05 1
2.924760e-06 3
6.043478e-05 2
2.209618e-04 6
6.625291e-05 5
5.235986e-05 42084
8.154663e-05 7
1.731825e-05 1
6.679087e-05 1
8.124299e-05 6
6.488757e-05 6
1.314265e-04 1
1.048558e-05 169
1.335192e-04 1
1.108059e-04 2
2.798304e-05 2
1.826579e-04 1
1.125861e-04 1
6.986078e-05 1
2.007436e-04 2
1.669402e-05 1
1.576902e-05 1
1.271700e-05 1
2.904485e-06 1
2.796905e-06 1
3.505606e-05 1
4.658245e-05 2
7.112230e-05 1
1.046819e-04 1
1.207609e-05 1
1.607998e-04 3
1.436447e-04 146
4.494306e-06 7
1.276324e-04 1
1.153301e-04 1
2.844197e-05 1
7.867506e-07 1
1.117597e-04 6
1.054872e-05 3
1.698182e-06 175
3.630501e-06 80
6.236844e-05 1
6.824386e-05 2
3.862881e-05 1
3.319723e-05 6
3.628727e-05 3
1.698065e-05 6
1.312459e-04 3
6.159199e-05 1
1.214959e-04 1
4.525747e-05 32585
9.083565e-05 1
1.339353e-04 156
2.040459e-05 1
5.508779e-06 312096
4.017151e-05 1
1.325392e-05 1
4.961634e-05 4
9.711202e-05 2
1.279976e-04 1
3.934409e-05 1
7.996594e-05 1
1.180037e-04 1
7.925609e-05 1
9.029503e-05 164
4.425197e-06 2088
3.002086e-05 1
5.079579e-06 1
1.291112e-04 46
2.779164e-05 1
1.801611e-04 1
2.513232e-04 1
5.312900e-06 1
1.604042e-05 7
1.699430e-04 494
3.352204e-05 19410
5.180729e-06 1
1.236840e-05 1
1.051942e-04 7
6.500712e-06 13
1.549448e-05 1
3.199056e-05 1
1.480388e-05 2
3.846125e-05 1
9.471491e-06 1
1.547397e-05 3
1.161039e-04 181
9.126321e-05 183
8.188845e-05 3
3.443726e-05 6
4.475997e-06 1
6.705079e-05 51831
2.979790e-05 1
5.491296e-05 5
3.515897e-06 3
1.964865e-04 3
4.404331e-05 1
9.971892e-05 183
2.125108e-05 4
1.862080e-05 1
6.404980e-05 35015
5.411796e-05 2
2.164318e-05 4
1.030037e-04 1
8.452670e-05 2
5.703953e-05 1
2.648487e-05 1
1.014993e-05 3
5.783835e-05 2
1.559197e-05 1
5.077592e-05 3
9.857395e-05 1
9.226940e-06 1
1.792314e-05 1
1.117177e-04 146
2.837567e-05 121
1.359031e-04 2
2.230024e-05 1
2.179758e-05 3
4.657053e-05 6
1.986091e-05 1
2.211461e-04 1
3.916947e-05 1
7.693373e-06 47310
2.777664e-05 1
3.303397e-06 1
9.657915e-05 1
8.243449e-05 1
1.243040e-05 4
1.707611e-04 1
1.174727e-05 1180
2.964343e-05 1
1.762885e-05 1
1.901610e-05 1
4.441278e-05 1
4.138141e-05 1
3.476578e-05 7
1.169862e-04 3
3.818267e-05 1
7.248311e-05 229471
1.117787e-05 1
1.528353e-05 2
5.135577e-06 2
2.164766e-05 1
6.455462e-05 1
1.740380e-05 1
3.604464e-05 1
5.574615e-05 1
4.920507e-05 1
1.749448e-05 257
2.675670e-04 5
1.944175e-06 2
2.177680e-04 4
3.495476e-05 59
7.323825e-05 646206
6.515317e-07 1
5.055238e-05 289302
6.047341e-05 1
3.814836e-05 1
4.920220e-05 1
1.646279e-05 2
1.045765e-05 1
1.027619e-04 1
4.994454e-05 146950
3.707212e-04 1
2.304225e-04 1
5.720104e-05 1
5.877243e-05 1
3.546388e-05 1
1.660990e-05 7
2.301505e-05 5
2.505863e-06 1
5.703504e-06 3
1.525113e-04 3
1.109227e-04 1
7.062665e-05 1998
7.458379e-05 1
1.402244e-04 4
5.562680e-05 3
2.835618e-06 1
1.897203e-04 4
3.346195e-06 3
5.673875e-05 59145
2.965580e-05 2
1.309718e-05 1
1.004359e-04 1
2.273036e-05 1
1.560745e-05 1
1.660132e-04 1
2.223037e-05 92
2.963500e-05 1
2.502930e-05 1
1.487746e-04 5
2.095937e-05 1
1.001090e-05 3
3.083530e-05 1
2.160408e-04 1
4.406921e-05 1
1.763183e-05 1
3.552743e-06 1
4.254614e-05 1
1.202853e-05 25
5.891655e-05 32641
1.435232e-06 1
4.102723e-05 3
1.647923e-04 33068
3.028427e-06 3
9.240262e-05 1
2.233023e-05 5
7.813146e-05 697
4.953473e-05 1
9.476535e-05 2
5.706022e-06 1
7.731081e-05 1
6.212684e-05 2
3.237386e-05 1
5.121460e-05 1
4.120392e-05 1
2.366847e-05 1
4.619911e-05 7
8.977244e-05 3
4.662166e-05 546653
1.314876e-04 1
3.457110e-05 109
2.878887e-05 1
2.093122e-04 3
3.967473e-05 1
2.155955e-05 254
3.357250e-05 1
6.726206e-05 1
3.506015e-04 27098
1.507083e-04 3
6.588307e-05 9110
6.951209e-05 2
3.170002e-05 1
1.055037e-05 1
5.760296e-06 87
3.942732e-04 6
4.692737e-05 1
9.873144e-05 3
3.589397e-05 1
3.488911e-05 1
1.443568e-05 1
1.371810e-05 1
1.028890e-04 1
4.780152e-05 71
2.910353e-05 66526
7.893285e-05 1
3.065979e-04 1139
6.010468e-05 1647
4.299764e-05 1
2.943395e-05 5
5.517277e-05 1
1.542241e-04 2
7.369980e-05 1
4.251498e-05 3
1.110830e-05 1
1.018329e-04 3
3.200323e-05 1
8.618344e-06 458
5.523025e-05 1
9.969520e-06 1
2.543499e-05 1
1.632248e-05 145
1.325644e-06 4148
1.015830e-04 909
2.140134e-05 2
1.670675e-06 1
3.132690e-05 1203
5.149523e-06 145
1.043858e-05 6
8.016837e-06 3
1.248538e-04 1
2.219163e-05 1
1.527398e-04 6
7.813524e-05 2
5.019312e-05 105
2.095549e-05 207
1.802678e-05 2
6.330205e-05 2
5.996141e-05 291
5.673146e-05 1
5.942742e-05 5
1.057318e-04 1
4.739329e-05 2
2.186410e-05 1
1.487406e-05 1
1.160814e-04 221
1.860744e-07 7
5.837093e-06 1
9.922540e-06 1
6.471659e-05 6
2.006361e-05 1
8.650603e-06 230
2.683171e-05 57060
2.041560e-05 1
6.050046e-05 33
1.036203e-04 1
3.843939e-05 3
4.162814e-06 1
1.056232e-04 1084
2.536816e-05 2
6.899085e-05 1
1.319983e-05 1
3.172804e-05 1
1.163442e-05 62226
4.685248e-05 1
2.580152e-04 86
3.528920e-05 1
1.069177e-04 1
2.448167e-04 5
2.822990e-04 44782
5.032031e-05 45285
3.860729e-05 1
1.276288e-04 7
1.897660e-05 5
1.936098e-05 4
1.212638e-06 1
1.018460e-04 1
3.472575e-05 3
5.253877e-05 1
7.608833e-05 100
9.796329e-05 1
3.498894e-05 1
2.762800e-07 1
3.287715e-05 1
1.407246e-04 1
1.100685e-04 2
2.827917e-05 2
9.533973e-05 1
1.626205e-05 2
7.338524e-06 1
1.196994e-05 1
1.251295e-04 1
3.736571e-05 2
1.425698e-05 1
6.931835e-06 1
1.572408e-04 3
8.236342e-06 1
3.403064e-04 213
2.230054e-05 7
7.999699e-05 2
8.587933e-05 1
1.427411e-04 1
4.898657e-05 1
2.904454e-05 1
2.985039e-05 1
1.082110e-05 47133
1.000164e-04 7
7.010295e-05 1
1.677526e-04 1
2.265335e-04 6
2.140164e-04 62737
8.808083e-05 56501
1.589853e-04 221
2.021620e-05 626
8.443381e-05 3
9.981883e-05 74
6.873502e-05 1
3.356781e-05 158
4.406579e-05 1960
8.707200e-05 1
3.880740e-06 1
1.362297e-04 27994
2.463857e-05 270265
4.127333e-05 1
1.205904e-04 248
8.767970e-05 1
9.984921e-06 5
8.371146e-05 1
1.891073e-05 46
5.466438e-05 3
1.668720e-04 1
8.389989e-05 2
2.884147e-05 4
1.488959e-05 1
1.125761e-04 3
1.414740e-04 2
1.524531e-04 2
1.544710e-04 1
2.587908e-05 1
1.053067e-04 6
1.118921e-04 1
2.098453e-04 1
1.775884e-04 2
2.373140e-05 1
4.765431e-05 1
2.755455e-05 4
6.809690e-07 1
5.462275e-06 2
8.235864e-06 56572
1.010335e-05 1
4.497622e-05 2
5.829468e-05 1
5.037549e-05 3
3.008627e-05 2
5.086112e-05 1
5.025375e-05 1
3.119273e-05 1
1.141478e-04 167
7.998494e-05 263
1.256081e-04 1
5.855887e-05 1
4.131557e-05 1
3.902816e-06 136
2.937006e-05 1
1.045409e-04 1
9.188047e-05 7
3.881551e-05 1
9.512083e-06 1
1.373918e-04 2
5.299060e-05 1
4.318103e-05 1
3.539775e-06 1
2.043952e-05 1
2.006683e-04 2
8.084434e-06 1
2.174155e-05 1
4.820832e-05 1
5.285473e-05 176
1.539193e-04 2
6.668314e-05 1
1.736685e-04 125
1.119531e-04 1
8.216045e-05 1
9.923242e-06 1
2.437312e-04 5182
3.801528e-05 1
1.393167e-05 3
1.665272e-04 1
3.883948e-05 7
1.062760e-05 464
8.814386e-06 1
1.759902e-05 4
9.431632e-05 7
6.112092e-05 568146
1.832998e-04 1
1.000046e-04 3
2.318508e-05 1
5.020680e-05 1
8.279433e-05 2
2.053554e-04 1
2.790417e-05 1
7.907028e-05 2
2.985060e-05 182
1.579025e-04 28
1.707584e-04 1
4.502310e-05 1
7.586082e-05 6
5.376612e-06 3
2.409507e-05 194
5.478497e-05 1
1.394833e-05 1
9.269326e-06 1
6.867082e-05 106
1.169002e-05 108
9.962106e-05 1
1.418345e-04 1
3.569297e-05 1335
8.029831e-06 2
6.167769e-06 2
3.642269e-05 3
7.569585e-05 1
7.832181e-05 1
1.255355e-04 1
1.548482e-04 6
2.769439e-05 1
1.285022e-04 1
1.074525e-06 7
9.122074e-05 3
2.784882e-07 1
1.600602e-04 2
6.780234e-05 7
1.213624e-04 2
1.046499e-04 2
8.221371e-05 5
7.112682e-05 1
3.191046e-06 2
9.031046e-05 1
1.568880e-04 1
3.545060e-05 1
9.732370e-06 5
1.367334e-04 1
8.117454e-05 1227
2.118673e-05 1
1.021475e-05 299
1.672697e-05 1
5.069523e-05 1
3.409616e-05 1
2.552629e-05 6
7.142461e-05 1
1.103466e-04 3
5.192862e-05 1
7.991231e-05 224
3.857207e-05 2
1.084425e-04 193
4.540560e-06 1
1.279063e-04 4
1.835012e-05 1
2.684955e-05 1
7.908398e-05 1
1.588481e-05 3
1.311495e-05 1
7.427274e-05 4
6.225298e-06 1
3.360006e-05 1
6.331804e-05 1
2.054661e-04 1307
1.514482e-05 2
8.006245e-05 15
7.283124e-05 1
7.694958e-06 1
2.310902e-05 4
8.494252e-05 2
5.792314e-05 1
5.367128e-05 1
3.715465e-05 1
4.840762e-05 1
1.226773e-04 1
6.297874e-05 1
1.516074e-04 3
3.780764e-05 1
2.757603e-05 1343
3.829590e-05 1
8.855790e-05 1
3.646169e-05 6
5.354144e-05 3
3.852416e-05 7
1.173454e-04 2
1.203823e-04 3
7.087030e-06 4
3.811167e-06 1
1.982229e-04 2
4.022940e-05 1
2.077536e-05 36
1.294353e-04 1
1.270921e-04 3
3.891244e-05 1
3.980528e-05 2
1.353715e-04 2
3.030590e-06 5
6.095039e-05 1
2.784079e-05 6
1.088092e-04 1
2.372034e-04 1
5.923346e-05 1
1.366604e-04 1
1.657963e-05 1
6.192074e-06 3
1.400021e-04 1
4.103179e-07 6
1.424510e-04 1
5.468586e-05 3
1.149834e-05 2
1.363352e-04 1
1.735359e-04 1
1.033044e-05 1
2.534016e-05 2
7.735334e-06 1
4.609573e-05 1
5.786144e-05 1
1.799343e-05 7
1.952859e-05 4
4.426009e-06 111
1.161829e-04 3
1.106901e-05 203
1.024071e-05 2
1.291822e-04 46397
1.203704e-05 1
8.831540e-05 1
8.958268e-06 2
7.849192e-06 1
5.750013e-05 6
3.386749e-05 7
1.011364e-04 4
1.977437e-04 3
3.372457e-05 1
1.152288e-05 1
3.539954e-04 7
2.284761e-05 541
1.663515e-05 1
9.275310e-05 6
2.758871e-05 7
1.994261e-05 1
1.490114e-04 1
5.071359e-05 2
1.200168e-05 1
3.676537e-05 28983
2.953387e-05 3
8.265603e-07 1
4.563065e-05 1
2.471316e-05 1717
3.249363e-05 6
6.855429e-05 157
9.505593e-07 1
2.558230e-05 1
7.871526e-05 1
5.238170e-05 3
6.032911e-06 1
1.482956e-06 1
2.440683e-04 1
2.679964e-05 1
5.937023e-05 54
3.732192e-05 2
4.313909e-05 3
2.004607e-04 1
1.230682e-04 1
7.107103e-06 1
1.090157e-04 3
6.868847e-06 2
5.363626e-05 4
1.547783e-04 3
5.651552e-05 13013
7.048610e-05 3
2.478963e-06 97
3.276313e-05 1
8.929057e-06 2
1.369901e-05 1
1.665260e-04 1
2.674119e-05 1
9.422795e-06 1
2.638942e-05 1
6.912017e-05 5
2.167470e-06 1
6.685142e-06 1
7.238930e-05 1
1.548013e-05 1
4.599968e-05 25
2.138393e-05 6
1.205437e-04 1
6.236970e-05 1
2.410709e-06 2
1.513601e-05 3
6.177285e-05 1
4.494534e-05 1
4.464328e-05 1
1.121778e-04 1
6.127543e-05 66152
1.842398e-05 1
5.666818e-06 595324
3.648052e-05 55
8.302997e-05 1
6.943468e-05 4
2.811631e-04 1
1.026988e-04 2
1.239447e-04 1
3.838847e-05 3
6.704274e-05 1
6.342987e-05 3
1.078730e-04 207
5.744141e-06 1
6.445606e-05 59
1.886664e-05 107
1.306265e-05 1
6.988405e-05 1
3.667537e-05 7
1.333818e-05 1
9.883669e-05 1
1.326280e-04 1
1.834161e-05 225
3.547451e-05 162
2.453414e-05 1803
3.915816e-05 1
1.278212e-04 1
8.300058e-05 1
1.162206e-04 1
1.716593e-05 181
3.239465e-05 1
7.868982e-06 1
3.466210e-05 23230
2.527255e-05 1
7.097366e-05 1
6.830278e-05 2
5.207237e-05 5
6.409578e-06 3
5.457123e-05 4
8.536762e-06 265
2.533788e-04 1
1.519515e-06 1876
8.119966e-05 1
5.306111e-05 2
2.549972e-05 1
8.945342e-05 2
3.396700e-04 1
6.848566e-06 1
3.498981e-05 2
3.600260e-05 3
2.403674e-05 1
2.510324e-04 1
2.115850e-04 3
2.439937e-05 2
7.416797e-05 1
1.747850e-04 1
7.465841e-05 1
6.080162e-05 3
2.413173e-04 129
5.366013e-05 2
1.698363e-04 1
4.629791e-06 2
1.300387e-04 7
5.650450e-05 1
1.014289e-05 7
1.415640e-04 1
1.242340e-05 1
4.173136e-05 3
2.206272e-05 4
8.625475e-06 1
2.332755e-05 4
1.763298e-04 1
1.366647e-04 1
7.565767e-05 1
3.450562e-05 1
3.594312e-05 2
1.324907e-04 243
5.631312e-05 1
7.537488e-05 1
4.345555e-05 1
5.518335e-06 301776
2.601052e-05 1
6.791365e-06 3
1.182667e-04 3
1.675750e-05 1
8.804392e-05 1
1.840611e-05 2
2.720621e-05 6
5.909900e-05 1
1.043761e-05 3
1.167481e-04 1910
8.611648e-05 1
5.352775e-05 2
1.595349e-05 3
8.162673e-06 1
1.245493e-05 1
9.540055e-05 1
7.509172e-05 1
3.908911e-05 3
1.269883e-04 1
1.036877e-04 106
1.702945e-05 265
1.136551e-05 1
3.380486e-05 1
6.236847e-05 6
9.591221e-05 2
1.417346e-04 3
3.029360e-05 1
1.230573e-04 1
4.916041e-05 30
7.890088e-05 6
4.170714e-05 1
1.152081e-04 2
3.739594e-06 1
8.993491e-05 3
2.740728e-05 1
4.373602e-05 208
9.725731e-05 1
8.728550e-05 1
1.168431e-04 3
2.236315e-05 2
2.048654e-05 2
1.065736e-05 864
2.110572e-06 1
1.912034e-05 245
2.429073e-04 2
6.286365e-05 1
3.401725e-04 1
8.048412e-05 1
7.019831e-05 1
2.181054e-05 1
1.485554e-06 1
1.229749e-04 1
2.992010e-05 1
5.369888e-05 1
3.211308e-05 63802
8.805975e-08 1
2.282884e-05 140
1.077559e-04 1
6.040246e-06 1
1.662513e-05 2
1.659606e-06 1
5.273231e-05 3
3.075453e-06 4
2.845127e-05 1
3.523307e-06 2
3.583455e-05 112
1.035020e-04 9
2.832104e-05 3
5.965547e-05 3
1.106567e-04 1
2.527825e-05 1
6.249597e-05 3366
6.796367e-05 1
7.086158e-08 2
2.010322e-06 4
1.684298e-04 1
1.556498e-04 1
6.143961e-05 5
2.440741e-04 2
1.672239e-04 105
1.916763e-04 1
2.031173e-05 220
1.772489e-05 3
2.094513e-06 6
9.685092e-06 3
1.383534e-04 7
3.846327e-05 1
2.241483e-04 1
1.977997e-05 63288
1.391194e-04 1
1.615729e-05 1
6.903666e-05 1
1.760851e-04 1
3.957571e-05 20
4.888286e-06 1
1.289500e-05 638
4.067645e-05 2
2.524757e-04 1
1.946547e-05 2
8.170488e-05 1
3.457171e-05 12631
2.986955e-05 726
2.528854e-04 1
3.146474e-05 1
3.494154e-05 1
3.427069e-05 1
3.479617e-05 1
3.085159e-06 3
4.817260e-05 5
3.614545e-05 3
1.582767e-05 1
1.741988e-05 1
2.657211e-04 1
1.188611e-05 6
1.614127e-04 3
2.621486e-05 1
9.884062e-06 1
2.840790e-05 1
6.391360e-05 2
3.462606e-05 6
7.059901e-05 1
5.117826e-06 60271
2.435791e-05 195
6.535583e-05 63
9.818177e-06 3
5.869449e-05 1
9.764928e-06 1
3.898060e-05 1
3.275651e-05 1
5.327767e-05 6
4.903516e-05 1
1.711648e-05 1
3.849626e-05 1
1.716349e-05 3
4.239468e-06 1796
5.856215e-05 1507
1.545023e-05 1
1.841593e-05 2
4.423058e-05 6
1.556937e-05 354
1.068256e-04 1
7.817494e-06 5
5.130600e-05 1
1.697604e-05 13154
1.245732e-04 2
2.151643e-04 2
1.038608e-04 1
1.259456e-05 1
1.907619e-05 4
1.870841e-05 3
6.745270e-06 1
2.560832e-05 2
8.239869e-05 2
1.373999e-05 4
6.499771e-05 266
8.734385e-06 1
6.182052e-05 2
5.637902e-05 1
2.709773e-05 1
1.074112e-04 1
3.769911e-05 2
8.675184e-06 210
4.419576e-05 10
1.224288e-05 1
2.711914e-06 1
4.289850e-05 121
1.129736e-05 1
4.231059e-05 1
1.733584e-05 1
9.892790e-05 1
4.800289e-05 1
1.589976e-04 1
8.503334e-05 1
5.032281e-05 1
1.081119e-04 3
2.146099e-05 6
1.473730e-05 1
1.586037e-05 1
5.225822e-05 541
1.749313e-05 61882
4.323673e-05 1
1.937476e-04 1
9.072919e-06 103
7.614319e-05 1
1.386387e-04 570
4.153787e-06 2
9.635365e-05 197
6.506956e-06 1
2.144505e-04 1
7.951148e-06 2
6.870583e-07 1
7.463828e-05 1
5.489865e-05 7
4.382442e-07 1
7.418823e-05 3
3.659736e-05 5
2.806327e-05 1
2.444042e-05 1
2.176068e-05 1
2.070882e-05 66554
2.104373e-05 2
5.326622e-06 1
1.711235e-05 1
1.270802e-04 1
1.306210e-04 1
2.645748e-05 45
2.785411e-05 1
2.297547e-05 10088
1.626244e-05 3
4.259659e-05 1
9.030842e-06 338
4.781674e-05 1
9.613804e-05 7
7.687888e-05 1
7.808077e-05 4
3.793747e-05 1
4.933085e-05 3
6.333290e-05 4
6.134131e-05 1
1.427020e-04 1
5.242835e-05 1
2.452948e-05 6
2.956456e-05 407497
2.831581e-05 1
2.754858e-05 1
1.654561e-05 1
7.968899e-06 1
5.473375e-05 2
2.147183e-05 1
3.815636e-05 3
1.137131e-04 249
1.175391e-04 20429
8.302607e-05 1
7.437234e-05 1
2.726220e-05 1
1.089621e-04 2
4.692883e-05 152382
1.354990e-04 1
9.539443e-05 3
1.244452e-04 1
5.266265e-05 111
9.632339e-05 3
1.653776e-04 3
3.407184e-06 1
4.706857e-05 88
1.728572e-04 167
1.540286e-06 1
1.360896e-04 76
6.933584e-05 1
4.030431e-05 1
4.809220e-05 1
2.349419e-05 7
8.247148e-05 846
1.573750e-05 1
1.161034e-04 1
5.123589e-06 781
3.058279e-05 1
1.011036e-04 1
5.918960e-05 1
5.036497e-05 1266
6.730356e-05 1
1.762260e-04 1
6.939364e-05 193
1.007554e-05 6
4.035258e-05 1
9.652231e-05 1
3.745180e-05 6
3.040916e-06 266
1.481944e-04 1
7.809325e-05 1
1.017130e-04 3
6.456491e-06 1
5.964668e-05 2
1.610053e-05 1
3.496002e-05 226
6.118977e-05 1
2.489488e-04 1
5.351676e-05 4
1.442429e-04 2
2.036346e-05 1
1.324244e-05 1
2.615450e-05 2
1.960987e-04 1
1.492169e-05 1
6.264689e-05 160
9.293463e-05 2010
7.243588e-05 2
3.370434e-05 3
3.854208e-05 3
6.965032e-05 2
1.479012e-05 1
1.141525e-04 29924
7.832904e-05 4
1.644053e-05 3
3.362783e-05 1
6.001914e-05 3
3.704235e-05 1
1.449443e-05 1
2.568010e-05 3
2.749964e-05 3
8.872174e-05 2
4.183804e-05 207
1.975434e-04 1
1.197805e-05 2
3.489484e-05 1
2.506070e-04 1
1.127903e-05 7
4.306750e-05 1
7.304650e-05 1
4.639972e-05 1
9.099257e-05 5
9.133955e-05 1
9.551740e-06 3
6.408748e-05 1
2.324948e-04 1
9.849550e-05 2
8.134932e-05 5
4.601717e-05 1
1.319037e-05 6
5.098680e-05 1
4.696709e-06 2
1.033782e-04 4
1.756743e-05 107
1.731576e-05 1
3.220157e-06 5
5.592409e-05 3
5.130952e-08 26142
2.444657e-05 1
2.808699e-05 1
1.776291e-06 230
4.790625e-06 6
1.724785e-05 1
8.045619e-05 1
3.875587e-05 2
1.899852e-04 1
4.652792e-05 4
1.508265e-05 1
1.324316e-04 1
1.417549e-05 1
6.540247e-05 151
3.662008e-05 1
8.972509e-05 1
1.854979e-04 26
3.731034e-06 5
1.149754e-05 1
1.503940e-05 1
5.490102e-05 1
9.816759e-06 5
1.056421e-05 1
2.435754e-05 65887
7.805421e-05 2
1.205888e-04 2
1.880389e-04 2
3.281346e-05 14100
1.987222e-04 3
7.987650e-05 7
1.157957e-05 1
1.191951e-04 1
3.941289e-05 1
3.477677e-04 1
1.021175e-05 7
5.218655e-05 22
6.925433e-05 3
6.548225e-05 1
1.479980e-05 2
3.582519e-05 2
1.887635e-04 1
3.546203e-06 1
3.221152e-05 19170
1.763537e-04 1
2.605554e-05 1
6.541025e-05 4
4.571107e-05 1
4.825903e-05 1
2.143908e-05 1
1.697779e-05 1
5.340521e-06 1
3.850910e-05 1
1.293908e-05 6
1.047261e-05 1
1.262315e-04 1
1.468990e-04 3
5.526679e-05 165
3.994605e-05 1
1.121024e-04 1
1.279800e-04 1
2.496947e-06 2
1.649506e-05 1
1.158652e-04 1
2.052243e-06 3
2.805646e-05 1
4.072916e-05 3
5.400929e-06 3
1.341945e-04 1
1.609571e-06 1
2.995440e-05 1
8.757317e-05 1
5.229619e-05 1
2.778087e-05 1
9.807913e-05 7
4.341364e-05 1
1.306579e-04 1
1.248458e-04 161
6.282431e-06 3
5.999518e-05 1
5.997980e-05 606478
3.420282e-04 1
4.341904e-05 1
2.743735e-05 1
8.337747e-05 2
1.792325e-04 686
1.239625e-04 3
5.159671e-05 3
2.077545e-05 1
1.945106e-04 1
4.509505e-05 1
6.164061e-05 1
4.501409e-05 1
2.992244e-05 1
4.334650e-05 1
6.126906e-05 1
4.414955e-05 158
6.056366e-05 2
1.121462e-04 1
4.478058e-06 3
1.971684e-06 1
4.333265e-05 139
8.477195e-05 6
3.993434e-05 128
1.190224e-05 1
4.610056e-05 1
2.687671e-05 3
7.006839e-05 54
1.759834e-04 1
1.468860e-05 2
8.197031e-05 1
1.713063e-04 1
1.817265e-05 5
3.015381e-05 46035
1.846186e-06 1
2.694320e-05 2
2.934044e-05 1
1.183676e-04 214
5.907257e-05 1
3.880404e-05 1
5.231250e-06 1
9.819850e-05 1
1.807374e-06 3
3.848117e-05 304377
2.182885e-05 5
1.671656e-04 3
5.837721e-05 2
7.093296e-05 1093
2.697925e-05 3
1.199000e-05 1
3.424243e-05 6
3.636048e-05 3
6.885033e-05 5
1.270916e-04 1
1.960611e-05 1224
1.980562e-05 2
1.575909e-05 6
1.689395e-05 6
1.460516e-05 3
9.090916e-06 211
8.505285e-05 167
7.902420e-06 1
1.046270e-05 3
2.250605e-05 131
7.476419e-06 3
7.803450e-06 1
1.902559e-05 1
5.152817e-05 16568
1.751496e-05 1
5.242507e-05 2
1.232232e-04 3
2.491967e-05 1
1.775699e-05 1
2.117241e-05 3
9.211335e-06 1
2.439686e-05 1
5.370001e-05 1
1.198957e-05 2
1.004145e-04 1
3.599349e-05 1
1.009510e-05 1
7.779242e-06 2
1.071391e-04 2
4.041390e-06 1
5.582460e-05 3
4.703232e-06 1
6.843015e-07 1
3.390112e-05 1
2.098963e-04 2
1.309290e-04 7
1.847464e-04 1
8.693310e-05 3
2.015880e-05 265
2.365842e-05 1
8.934844e-05 1
1.839438e-04 1
9.031194e-07 2
8.534773e-05 1
1.474675e-05 4
7.625321e-05 1
5.296471e-05 1
5.287090e-05 1
3.233406e-05 2
6.567169e-05 4
1.147014e-04 4
5.067246e-05 1
1.497711e-05 1
1.965062e-04 1
3.656625e-05 3
9.127518e-05 7
1.025501e-05 6
6.776299e-06 3
6.184032e-05 1
9.571401e-05 2
4.467701e-06 24456
4.486212e-05 1
1.544854e-05 1
1.072909e-04 1158
2.029377e-05 7
1.262707e-04 1
3.225587e-05 1
1.036733e-04 492128
2.587397e-05 4
3.383237e-05 1
6.539880e-05 72
1.262069e-05 7
6.764405e-06 60
8.572238e-05 3
5.361235e-05 1
9.592841e-05 1
1.017094e-05 1
3.004736e-05 1
8.580112e-05 1
3.884413e-06 3
1.678501e-05 1907
1.047298e-04 1
3.763052e-05 230
3.699948e-05 1
1.144773e-05 1
1.655309e-05 1
9.439806e-05 1
2.050831e-05 1
1.513981e-05 3
5.097274e-05 3
9.077586e-05 1
1.173198e-05 1
4.053496e-05 1
7.569432e-06 1
4.557277e-05 3
2.654779e-04 2
2.501289e-05 1
1.004293e-04 1
6.893397e-06 2
4.658217e-06 3
7.797768e-05 1
4.163242e-05 658453
4.027184e-06 1
2.741230e-05 2
1.669343e-04 1
9.218588e-05 2
4.540240e-05 1
1.740906e-04 1
5.122565e-05 5
1.124397e-04 111
2.409254e-06 2
5.140600e-05 1
1.840503e-05 1
8.015402e-05 2
5.475879e-05 1
2.873401e-05 7
1.267459e-04 1
2.302511e-04 4
5.676830e-05 3
2.344052e-04 1
9.816222e-06 1
8.313961e-05 103
1.464672e-05 1
5.180230e-05 1
9.430548e-05 159
8.485014e-06 1
1.118394e-04 1
1.404901e-06 1
9.260027e-05 1
1.343042e-05 3
2.875931e-05 2
1.063986e-04 2
5.588005e-05 2
4.950601e-05 1
2.007537e-06 1
4.373453e-05 12950
1.197671e-05 1
3.967292e-05 1
1.374388e-04 1
1.061694e-04 74
1.614598e-05 1
3.107265e-05 1
1.445009e-04 1
9.950146e-05 155
3.439373e-05 1
2.849066e-06 1
8.146431e-05 1
1.360710e-04 5
9.484172e-05 1
1.678369e-05 7
1.881547e-04 20
8.284213e-05 2
3.193392e-04 1
5.928550e-05 4
3.760030e-05 1
2.061744e-05 1951
1.578486e-05 930
1.643572e-05 1
5.932334e-05 1
8.389371e-06 2
2.780942e-05 1
5.233592e-05 128
2.982197e-06 1
2.240260e-05 184
6.879012e-07 1
1.795188e-04 1
4.430794e-05 1
6.455664e-05 1
2.245118e-05 1
3.672760e-05 1
2.421981e-04 7
1.119215e-04 1
8.435994e-05 1
2.131947e-05 22236
2.110035e-04 244
1.241716e-04 1
4.868237e-05 5
2.063901e-05 2
3.588186e-05 1
9.626141e-05 1930
3.202035e-06 3
6.978511e-05 39
1.833083e-05 216
2.645373e-05 1
2.964127e-05 1
5.892543e-05 2
4.356828e-05 6
1.662469e-05 1
7.182511e-05 464079
6.687711e-05 1
5.296472e-05 1
9.907803e-05 1
3.943223e-05 994
2.696825e-05 2
6.719751e-05 1
1.155046e-04 1
9.135325e-05 724
2.464514e-05 195
7.588126e-05 3
8.218448e-05 2014
1.766989e-04 2
2.460459e-04 233
5.463666e-05 2
4.017401e-05 220
1.232473e-04 5
9.045032e-06 223
5.759391e-05 5
7.763872e-05 5
3.452024e-05 1
2.163061e-04 1
1.883757e-05 2
5.994347e-05 3
6.607219e-05 1
1.051417e-04 3
3.415692e-06 1
8.214790e-05 1
2.133748e-06 5
3.378278e-05 3
1.381559e-05 1
2.886882e-05 75
2.143576e-06 1
3.613880e-05 1
4.100853e-05 1
1.232651e-04 2
3.718647e-05 3
2.985946e-05 2
1.084564e-04 1
4.994463e-05 1
4.908235e-05 4
1.821224e-04 2
1.024160e-05 2
2.251300e-05 3
3.748269e-05 1
9.111158e-05 6
2.562828e-05 1
7.295306e-05 1
1.038717e-05 1
1.177990e-05 1
1.921522e-05 2
1.886911e-05 1
3.141439e-05 1
9.136720e-05 1
4.869965e-05 1378
2.641218e-05 1
2.174531e-05 2
1.328248e-05 1
8.409841e-05 1
2.896041e-04 5
9.841294e-05 1
9.495478e-05 5
2.480158e-06 1
4.368516e-05 1
2.210683e-05 1
3.760598e-05 1
1.772035e-04 4
5.801801e-06 1
6.235558e-05 1
5.747552e-06 2
5.967626e-05 7
5.198175e-05 7
4.886167e-06 1
3.212634e-05 3
2.097667e-04 1
2.301912e-05 1
7.541829e-05 21
7.229731e-05 1
7.035217e-05 1920
4.365218e-05 1
2.961775e-05 1
1.056357e-04 943
9.627374e-05 3
1.005995e-04 165
3.252090e-04 3
1.006938e-04 40361
2.475700e-05 1
9.332453e-06 1
5.434804e-05 1
3.269504e-05 2012
5.463829e-05 1
4.709424e-05 1
1.086299e-04 1
9.233866e-06 1
1.829111e-05 1
7.838254e-05 1345
3.238438e-05 3
9.981548e-05 103
8.616770e-05 3
7.891312e-05 110
1.017653e-04 1
1.519245e-05 44552
1.078437e-04 4
3.678776e-05 1
1.642725e-06 30
1.117104e-04 1
1.161904e-04 3
7.313961e-05 1
4.083768e-05 242
2.353479e-04 3
1.943423e-06 1
9.553466e-05 5
4.209004e-05 1
5.152284e-05 194
1.734436e-04 3
1.473617e-05 1
3.250202e-05 1
1.530553e-04 65528
1.525654e-05 99
1.150244e-04 5
3.225451e-05 2060
4.598034e-05 15679
9.014127e-06 1
4.596608e-05 36
3.681267e-05 1
1.839645e-05 6
4.785412e-05 678
3.186861e-05 110
1.675074e-04 7
5.944149e-05 3
3.904048e-05 585
9.547018e-06 1
1.898294e-05 1
4.620936e-05 197
4.570134e-05 1675
2.077177e-06 1
1.720760e-05 1
2.703916e-04 1
1.775757e-05 2072
1.843754e-05 1
3.265862e-05 1
8.956254e-05 192
7.519920e-05 5
3.620704e-05 1
7.137367e-06 82
1.619669e-06 1
7.758402e-05 1
7.465462e-05 1
5.448599e-05 1
6.397266e-06 4
2.063682e-07 1
1.893948e-04 1182
8.998605e-05 1
4.323495e-05 1
3.079696e-05 1
6.595910e-07 1
1.547407e-05 21
1.771772e-05 22
1.570269e-04 1
2.056041e-05 1
2.410814e-05 1871
5.127048e-05 1
2.194234e-05 1
7.849820e-05 1
1.346522e-04 1
9.616944e-05 3
1.331596e-04 5
2.904228e-05 1
3.198754e-05 1
5.380540e-05 2
4.489528e-05 3
1.584348e-04 3
1.463519e-05 5
1.023276e-04 2
3.639730e-05 1
4.418931e-05 1
1.083796e-04 1
1.332669e-05 5
4.775952e-05 1
7.569163e-05 67
4.852842e-05 3
1.186142e-05 1
9.659289e-05 86
6.971397e-05 3
8.326056e-06 1
1.715161e-04 3
2.993356e-05 4
5.162045e-06 1
6.942519e-05 1
5.711015e-05 3
3.582088e-05 1
9.438515e-05 4
3.979285e-05 1
1.492301e-05 1
1.438003e-04 1
7.506536e-05 1
6.058302e-06 1
9.881717e-05 133
2.410545e-05 52928
1.080948e-06 3
7.658419e-06 176
9.060464e-06 45948
8.431717e-05 1
2.656418e-05 367727
2.100569e-05 1
7.724156e-05 2
1.073790e-04 4
2.045577e-05 1
9.435635e-05 1
3.908450e-06 1
8.782885e-06 3
1.395279e-04 17489
4.204610e-05 6
6.221351e-05 1
1.366534e-05 1
1.011323e-05 1
1.216000e-05 1
4.992279e-05 102
4.078629e-05 1
9.796038e-05 151
4.354599e-05 1
1.178176e-04 1
1.763523e-04 1
5.999191e-06 463778
1.651601e-05 59
2.348668e-05 1
1.450486e-06 1
3.201370e-05 2
8.535806e-05 1
7.379827e-05 2
1.658377e-04 1
7.621061e-05 2
2.770062e-05 645307
1.087319e-05 3
1.920887e-05 6
2.955077e-05 2740
8.169919e-05 1
4.501642e-05 3
7.888439e-05 1
6.401572e-05 6
3.292290e-05 1
1.145418e-04 1
2.394418e-05 5
5.041036e-05 1
1.372202e-05 1
2.629960e-05 1
4.931110e-05 7
4.035232e-05 68
1.398699e-04 1
5.766479e-05 1
4.123502e-05 1
1.660955e-04 2
8.456992e-06 1
1.070813e-05 1
7.341957e-05 2
4.408820e-05 2
5.657012e-05 1
8.770479e-06 5
1.039890e-04 1
1.197490e-05 1
5.935186e-05 6
7.786235e-05 6
1.890239e-04 116
1.758626e-05 165
5.776744e-05 1
1.721174e-04 1
9.057374e-05 6
6.840636e-05 2
3.988262e-06 1
2.620396e-05 1
9.844495e-05 1
1.017229e-04 1
9.807096e-05 362318
7.456270e-05 39363
7.909960e-05 2
2.882418e-05 1
1.530683e-05 1
2.086591e-04 90
1.111360e-05 2
1.496914e-04 6846
7.584801e-05 6
9.131334e-05 21197
1.466989e-05 1
2.420681e-06 1
6.597788e-06 1
8.297586e-05 2
5.076983e-05 6
9.998474e-05 4
2.533509e-05 3
1.128680e-04 1906
2.157350e-05 1
3.452426e-05 5
1.868865e-06 1
3.830219e-05 1
3.797054e-05 6
4.429197e-05 86
1.690500e-04 1
2.737671e-05 1435
2.517464e-05 3
6.477211e-05 1
6.541957e-05 3
2.310763e-04 1
4.168552e-05 1832
1.151687e-05 7
3.973327e-05 1020
5.803420e-05 1
2.865902e-05 849
1.474281e-04 1
3.011153e-06 2
1.256612e-05 1
3.560736e-05 1
1.167962e-04 1
1.026052e-06 1
1.052198e-04 1
2.337093e-05 42
2.526856e-05 2
5.131263e-06 1
1.697777e-04 1
5.596346e-05 2
6.858116e-06 4
2.344488e-05 1
6.819129e-07 2
1.578588e-05 1
3.636459e-04 7
4.761550e-05 1732
5.044880e-05 7
3.840411e-05 3
5.856452e-05 1
1.491698e-05 3
9.150743e-05 2
1.090175e-04 1
1.619147e-05 702
4.190586e-05 2
2.797034e-05 1
3.038043e-05 1
1.571640e-05 100
1.165725e-04 1
3.855552e-05 214
6.961052e-05 1
1.167558e-04 7
1.898065e-04 6
2.242041e-04 1
7.856568e-05 1
2.469106e-05 6
2.041443e-05 1
1.654093e-05 1
1.122971e-04 1
6.134146e-05 1
3.087012e-05 1
4.278612e-05 1
4.129890e-05 1
1.138981e-05 2
1.169510e-04 1
4.900263e-05 7
1.000267e-05 1
1.064770e-04 44308
1.813997e-07 1
9.801974e-06 1
7.314299e-06 261
1.125176e-04 1
1.345038e-04 1
7.387507e-05 1
1.166374e-04 1
1.780466e-05 255
1.898389e-05 2
1.137402e-06 1
2.661850e-05 1
3.488854e-05 6
1.127757e-05 1
9.868294e-06 1
1.713704e-05 2
1.880456e-06 1
1.848094e-05 26246
1.174996e-04 3
1.616185e-05 181
1.693727e-04 5
1.355346e-04 207
2.417153e-05 6
1.768034e-05 1
2.942973e-05 1
5.408151e-06 1
7.936085e-06 1
1.017447e-05 1
6.241234e-05 2
3.504846e-05 2
4.962280e-05 1
4.132437e-05 1
6.832267e-06 482241
3.655397e-05 1
8.717119e-06 1372
1.222397e-04 1506
9.101987e-06 1
9.580356e-05 2
1.328600e-04 3
2.131388e-05 1
9.678089e-05 879
2.968986e-05 1
1.622579e-04 1
2.672954e-04 1
1.125040e-04 258
3.144247e-06 104
3.541920e-05 1
1.123924e-06 1601
9.981822e-05 4
1.139984e-04 2
7.935103e-05 1
1.349260e-04 1
1.383862e-04 33287
4.034223e-06 1
1.828630e-05 1
2.909727e-05 54420
2.211495e-05 47
5.294727e-06 3
2.496615e-05 1
1.790748e-05 1
1.500219e-05 1
7.628152e-05 36013
1.965295e-06 1
8.607593e-06 35
9.025173e-05 214
1.080271e-05 3
4.241221e-05 1
4.169404e-05 1
8.695827e-06 1
7.800723e-06 3
8.441152e-05 1
2.096652e-05 1
7.552408e-05 79
3.562340e-05 1
4.393372e-05 1
7.321054e-06 1
5.022471e-05 1
8.367160e-05 1
7.234568e-05 1
8.024824e-06 3
6.306027e-05 1
1.123663e-05 520054
3.736438e-05 2
1.358055e-04 1
1.490963e-05 1
1.967104e-04 110
4.644699e-05 1284
6.166156e-05 1
4.821028e-05 1
6.622856e-05 1
5.809404e-05 1
1.357376e-04 2
3.395670e-05 1
3.378568e-05 181
6.661206e-06 1
1.781169e-05 3
1.532100e-06 1
9.620334e-05 1
9.593129e-05 3
3.136998e-05 1
5.570406e-05 1
4.915656e-06 1060
6.674533e-06 1
3.265335e-05 1
4.756727e-05 224
6.075713e-06 38448
5.135855e-05 12740
5.652836e-06 1
4.614719e-05 5
8.566529e-05 1
2.459880e-05 7
4.511266e-05 3
5.022606e-05 2006
2.421947e-05 1
1.773005e-04 2
9.014834e-05 3
1.412532e-05 65184
2.523394e-05 136
3.007135e-05 195
5.125576e-05 1
4.935085e-05 2
4.286176e-05 6
4.048079e-05 35
5.460733e-05 2
1.744425e-05 1
1.049945e-04 1
5.215354e-06 3
1.465489e-04 317
1.187148e-04 1
2.187123e-05 2
1.453863e-05 3
1.647570e-04 3
3.542269e-05 1
1.031180e-04 4
4.192467e-05 116
1.138852e-04 3
1.881694e-05 2
8.518515e-05 1
5.259628e-05 43
2.751704e-05 6
1.757622e-05 1
2.086760e-05 1
4.631427e-05 264
5.323720e-05 1
2.119029e-04 1025
9.029299e-06 243
2.753536e-05 6
6.965834e-05 1
8.322169e-05 3
9.424826e-05 52
4.693246e-07 159
1.532742e-05 2
1.336370e-05 11198
2.688883e-05 1
1.236872e-04 1
2.759767e-05 67
1.009876e-04 1
1.934142e-05 1
4.200607e-06 1
1.943572e-05 1
1.113188e-04 1
5.919200e-05 1
3.695439e-04 25625
1.269322e-04 1
7.314711e-05 2
1.185042e-04 2
5.545298e-06 126
8.464488e-05 7
7.280915e-05 139
1.694516e-05 239
4.574124e-05 228
9.871003e-05 1
2.188499e-05 262
6.692878e-05 1
3.793343e-05 3
1.088155e-05 1285
6.788316e-05 1
4.151477e-06 3305
1.641081e-05 1
4.934265e-06 1
2.647505e-05 3
1.079270e-05 1
1.115134e-04 79
2.639488e-06 1
4.116865e-05 1
1.383259e-05 1
2.399427e-05 1
1.598754e-05 1
5.082580e-06 178
3.453047e-05 219
4.103254e-07 1
9.911311e-05 3
4.533202e-05 1
3.964333e-05 3
7.183600e-05 3
8.554862e-05 1
1.994089e-05 2
5.053164e-06 12
2.107674e-04 1
7.951461e-05 2
1.826518e-06 962
4.888848e-05 1
6.505095e-05 36356
5.479945e-05 1
6.980764e-06 6
3.077834e-05 4
3.782612e-06 1
1.217466e-04 1
1.190312e-04 147882
1.364683e-05 1
8.873260e-05 1
4.127682e-05 1
1.174497e-04 1
1.117868e-04 1
2.529091e-05 1
1.228796e-04 1
9.227579e-05 1
1.232960e-05 1
2.006358e-06 2
1.632050e-04 1
5.224388e-05 1
3.787655e-06 162020
1.384399e-05 1
1.476246e-05 6
1.976558e-05 1
5.685744e-05 2
7.831912e-05 1
6.616092e-06 1
3.819966e-05 1
4.778102e-05 1
3.629410e-05 1
4.317472e-05 1
1.525350e-05 148
6.378081e-05 2
7.006284e-05 1
1.997017e-04 1
1.205471e-04 160
2.774040e-05 1
7.102651e-05 1
5.045753e-05 1
1.480348e-04 2
7.544299e-05 1
4.648861e-07 5
1.315304e-04 150
4.580493e-05 1
1.236339e-04 1
1.105077e-04 2
4.206076e-05 1
9.681858e-05 3
1.305181e-05 1
2.324584e-05 1
1.760145e-05 174
2.842558e-05 1
1.362372e-04 1
8.030389e-05 1
8.167991e-05 5
1.031252e-05 1
6.889171e-05 112
2.380124e-04 1
1.843466e-05 27329
1.262392e-04 3
5.552275e-06 1
3.325338e-05 69
1.246201e-05 1
8.308589e-05 1
5.454827e-05 1250
1.054708e-04 1
5.931321e-06 217
7.568575e-06 1406
5.904166e-05 3
7.476299e-05 1
2.564626e-05 4
5.774614e-05 1
4.341315e-05 128
1.918309e-04 1
2.265564e-05 6
8.495248e-06 1
4.575653e-05 1
1.214181e-05 246
1.592005e-05 1
2.777864e-04 1
1.256676e-04 23068
9.497077e-06 2
1.178597e-04 1
1.243128e-04 1
8.193964e-06 1285
3.338622e-05 1
1.367252e-04 3
2.685214e-05 38305
3.139297e-05 1732
2.883183e-05 7
3.738761e-05 2
1.177792e-05 203
7.471895e-05 12
4.179794e-05 2
1.478088e-05 1
1.864181e-04 1
3.425025e-05 946
1.068642e-05 1
3.987930e-05 248
2.051581e-04 1
1.551285e-06 1
4.787396e-05 1
4.591483e-05 2
4.898700e-05 3
3.036267e-05 1
1.580426e-05 6
4.756585e-05 185
7.790075e-05 1
4.373786e-05 3
6.539955e-05 1
2.781962e-05 813
7.757073e-06 2
7.589643e-05 1287
1.529496e-04 1
3.398581e-05 6
4.528513e-05 5
3.462002e-06 49
3.927440e-06 5
2.560534e-05 2
7.531282e-05 1686
1.898996e-05 1
2.527255e-05 2
4.854709e-05 1
5.264463e-06 1
3.076780e-04 1
1.395620e-04 1
4.011122e-05 39910
9.138295e-06 1
1.865161e-04 1
4.997351e-05 1
6.648017e-05 1
2.340316e-04 1
6.721010e-05 71
8.912690e-05 2
2.742050e-05 1
1.406906e-04 1
9.272935e-05 1
7.173169e-05 1
1.031971e-04 6
1.472024e-04 1
5.878058e-05 3
1.406477e-04 1
1.620249e-04 1
5.041942e-05 1
6.878582e-05 1
3.280105e-05 1
2.911436e-05 1
2.948607e-05 2
2.840313e-05 6
3.346003e-05 6
2.541884e-04 36648
2.137650e-05 4
8.377147e-05 331
5.727394e-05 1
6.315515e-05 1
8.383177e-06 2
1.998195e-05 28098
4.298082e-05 530
1.953542e-05 92
3.132224e-05 1
1.010684e-04 1
1.403161e-05 1
7.798837e-05 1
1.622619e-05 3
1.595205e-04 1
3.345450e-05 1
4.781053e-05 1
1.347878e-04 2
3.731303e-06 1
5.142883e-05 2
5.363276e-06 36
6.892319e-06 2
1.291988e-05 3
4.493704e-05 149
5.438598e-05 1
6.249073e-05 1
2.127172e-05 2
2.070108e-05 3
1.010128e-04 1682
1.081611e-04 1
2.288301e-04 14358
5.815989e-05 1
1.165573e-04 396
3.629536e-05 1
7.867635e-05 311
1.020861e-05 1
2.517498e-05 1
1.154036e-05 1
1.492582e-04 230
7.404863e-06 1
1.652522e-04 1
2.336046e-05 2
8.095368e-05 1
3.881853e-05 1
2.619449e-04 34
1.287942e-05 1
1.112618e-04 3
1.242215e-05 6
5.277661e-05 1
6.931093e-06 1
9.466179e-06 4
5.779724e-05 1
2.644432e-05 1
1.544290e-05 7
2.990641e-05 1
4.983612e-05 3
4.888282e-05 1
4.180471e-05 4
1.082025e-04 1
2.667543e-05 1
2.206271e-04 436
1.444477e-06 1
5.381471e-05 6
9.236343e-05 1
2.276938e-05 3
9.402712e-05 1
2.120336e-05 1
1.623230e-05 3
3.208964e-05 2
6.309540e-05 1983
6.694037e-05 1
4.571782e-05 1
1.956787e-04 1
5.459763e-05 1
1.756851e-05 255
4.555586e-06 213
1.871979e-04 61
2.978978e-05 204
8.909050e-05 4
5.144626e-06 1185
1.807183e-05 3
1.618316e-05 1
3.484570e-05 1
1.944854e-04 1
2.458241e-05 1
3.241294e-05 4
2.682846e-05 1
2.640052e-08 1
6.437097e-05 1
1.795532e-05 3
4.355722e-05 1
2.943473e-05 156
4.161098e-05 203
1.251923e-04 3
1.556623e-04 1
2.811904e-05 109
1.071774e-05 3
7.077568e-05 44756
5.792535e-05 1
4.095383e-05 1
2.830139e-05 2
8.738449e-06 1
1.203502e-06 1
4.779455e-05 1
5.007342e-06 3
3.075107e-04 1
3.723227e-05 1
1.432787e-04 1
1.054597e-04 1941
8.942450e-06 1
1.454993e-04 2
2.293870e-06 1
6.523480e-05 1
6.102812e-06 1
9.919099e-05 237
4.598446e-06 1
4.493765e-05 3
1.348651e-05 1
1.118392e-05 1
4.587070e-05 1
7.078570e-05 72
2.555398e-05 1
2.401066e-05 1
1.373696e-07 3
8.832537e-05 2
5.614367e-06 4
5.973299e-05 254
8.426808e-05 1
5.508908e-05 1
3.647925e-05 4
4.932090e-05 2
3.497991e-05 1
4.983172e-05 1
4.876917e-05 3
1.995468e-05 2
7.527638e-05 1
1.499590e-04 48931
1.362338e-04 1
1.115264e-05 1
1.393516e-04 1
3.010799e-05 3
7.434218e-05 1
1.232852e-04 220
1.281680e-04 2
1.659552e-05 16236
6.380568e-05 5
2.193873e-05 1
9.021607e-05 5
5.672133e-06 1
8.952495e-06 2
6.824324e-06 1
2.416842e-04 30755
6.395498e-05 137
5.734507e-05 3
4.235125e-05 1
1.686245e-05 2
6.532496e-06 1
8.612750e-05 6
1.407833e-04 1
1.459502e-05 5
1.162764e-05 1
2.875719e-05 2
1.424999e-05 4
3.881446e-05 227
1.045130e-05 1
1.150049e-05 3
4.248305e-05 2
1.349346e-05 20101
6.257128e-05 1
2.108989e-06 1
1.322003e-05 1
3.687073e-06 1337
2.145822e-05 1
6.313856e-07 1
6.634240e-06 897
9.845587e-05 1
2.110949e-05 1
3.722496e-05 1
4.682519e-05 739
2.914226e-05 1
1.525538e-04 127
2.718644e-06 1
1.317990e-04 1
7.377503e-05 1
1.042409e-04 1
3.444496e-05 39359
6.334397e-05 69
5.578277e-06 3
2.039726e-05 188
1.033443e-04 1
3.795172e-05 5
1.384705e-04 33021
1.872208e-07 3
1.066290e-05 1
1.502965e-05 69
1.714265e-04 4
1.708382e-05 185
1.729852e-05 147
2.226551e-05 1
7.511949e-05 1
2.704250e-06 214
6.287938e-05 3
1.484423e-05 1
1.973713e-04 247
2.638454e-05 1
9.255678e-06 3
1.193603e-04 7
4.260899e-05 5
1.696850e-06 2
2.779779e-05 1
1.191341e-04 31723
2.357101e-04 2
5.434039e-06 1
3.315357e-05 3
5.619467e-05 3
8.334998e-06 1
1.218746e-06 1
9.405759e-05 1
1.248117e-04 53
8.845762e-05 2
2.634469e-05 1
3.749370e-05 56
1.374800e-05 1
1.200324e-04 2
2.342510e-04 1
4.833581e-05 1
2.658498e-05 1
1.604171e-05 4
7.028025e-05 1
4.118658e-05 233
1.413255e-05 5
5.408839e-05 2
3.993109e-05 1
8.053580e-06 817
7.131051e-05 2
1.709124e-05 2
5.754564e-05 2
1.257462e-04 1
1.048035e-06 4
1.253466e-06 1
1.537274e-04 2
8.634619e-06 1
2.102031e-05 1
1.432179e-05 1
4.958965e-05 814
9.221525e-06 1
5.619403e-05 1
2.079906e-05 1
1.408902e-05 3
2.497319e-05 3
3.133940e-05 501750
6.605306e-05 6
1.780494e-05 3
9.522059e-05 1
1.951376e-05 1
1.611108e-05 2
4.937070e-05 3
1.739878e-05 3
1.279642e-05 1
6.725292e-06 1
3.274442e-06 5
2.656698e-05 1
2.402814e-05 24015
5.885863e-05 2
4.126430e-05 1
1.070672e-04 1
2.581752e-05 234
6.313184e-05 1
1.382465e-04 1
9.461034e-06 3
6.695366e-05 6
6.181635e-05 1475
1.817847e-05 1
8.906901e-05 257
1.287774e-04 503
9.994997e-05 3
6.391417e-05 5
1.702299e-04 1
3.750902e-05 1
1.338503e-04 1
9.637481e-05 1
2.526376e-05 1
2.874083e-06 2
1.303842e-04 5324
8.396787e-06 21513
1.505579e-05 1
4.252584e-05 1
8.516565e-06 1
4.279269e-05 1
1.285422e-06 1
1.637243e-04 1
9.976869e-05 35
1.991591e-05 7
1.101881e-04 1233
4.827169e-05 5
2.533988e-05 3
2.309877e-04 1
6.398399e-05 1
5.427008e-05 2
3.126961e-05 1
7.177387e-05 2
1.707491e-04 1296
3.647959e-05 1
4.684471e-05 1
3.151444e-05 1
2.241625e-04 7
1.017117e-04 1
1.589765e-05 4
4.644922e-05 1
2.059016e-04 1157
1.008612e-04 1
4.251322e-06 1
8.972571e-06 1
1.525341e-06 1
4.086930e-05 458
7.299257e-05 1
4.422194e-05 2
5.786218e-05 113
3.310843e-05 4
3.523215e-04 4
1.007755e-04 1
5.553289e-05 1
6.692916e-05 3
2.406777e-05 3
2.636198e-05 68
9.073903e-05 2
2.657642e-05 2
2.220057e-05 1
6.367421e-05 5
1.537829e-05 3
2.910703e-05 1
8.802869e-05 6
5.983180e-05 1
1.219612e-04 1
4.570706e-05 279
4.444936e-06 4
1.102578e-04 7
2.991657e-05 1
1.766784e-06 2
4.380570e-05 2
9.911848e-05 1
7.445607e-06 1
1.604648e-05 1
9.378765e-05 1
2.177548e-04 1
2.612495e-05 4
8.870468e-05 1
7.497543e-05 1
2.484516e-05 5
7.047743e-05 1
5.612130e-05 1
7.406629e-06 1
1.163316e-05 1
7.700139e-05 1
3.438679e-04 1
1.102374e-05 1
9.011937e-06 1
4.221784e-05 256
4.767809e-06 1
1.131778e-05 27801
1.382774e-04 1
1.656636e-05 2
6.314471e-05 2
2.634479e-06 1
1.022521e-06 1
2.726156e-05 1
5.060184e-06 1
1.778376e-05 118
5.186881e-05 1
3.462523e-06 60692
1.789720e-05 1
4.237885e-05 1
1.344706e-04 6
1.355951e-04 1
1.787902e-05 3
9.325270e-05 180
1.165882e-04 3
6.891810e-06 5
7.896182e-05 101776
9.171995e-05 2
1.016504e-04 2
8.159514e-05 1
2.960108e-05 1
8.000976e-05 213
2.029407e-04 10
6.243914e-05 36
1.041364e-04 623060
8.655020e-06 8229
9.244437e-06 1
1.410506e-05 1
9.310840e-06 1
1.884611e-05 2
6.410347e-05 2
2.298081e-05 3
9.737418e-05 127
6.338942e-05 54524
2.619965e-04 1
7.757252e-05 40
4.885572e-05 2
7.216468e-05 1
1.030062e-04 1
9.436446e-05 1
1.601768e-04 1
7.899894e-05 1
1.386884e-06 1
1.513821e-05 6
1.700814e-04 1
2.622793e-06 3
1.765990e-04 1
1.583833e-04 1
2.223853e-05 33
2.337672e-05 3
2.982799e-05 1
8.734758e-05 1
2.766928e-05 1
5.605179e-05 267
1.423720e-04 3
8.035064e-05 3
6.993124e-05 2
3.060177e-06 1
2.547166e-05 3
4.265299e-05 1
2.641691e-05 1
1.612279e-05 3
7.784093e-05 1
1.942564e-04 1
6.545257e-05 1
1.922207e-06 144
4.036256e-05 1
2.831732e-05 1
1.298716e-04 5
5.128223e-05 3
5.250473e-05 104
1.758734e-05 1
4.032884e-05 2
1.988379e-04 37
1.728006e-05 6
3.466023e-05 1
4.699737e-06 11464
8.761457e-05 1
1.579762e-05 3
1.265069e-05 2
1.023644e-04 3
8.729426e-05 1
4.476018e-05 144
5.074170e-05 1
1.326502e-05 1
5.211660e-06 1
1.251909e-04 3
8.916919e-06 1
1.901758e-05 1
4.155858e-05 1
1.301684e-05 121
1.311981e-06 116
8.099161e-05 1
1.656569e-04 1
2.365740e-05 62553
4.178829e-05 2
1.717355e-06 1
1.047746e-05 1
8.576749e-06 7
1.158109e-05 1
1.805015e-06 1
5.707946e-05 5
7.263424e-05 1
3.352064e-06 2
9.102929e-06 1
7.320135e-06 221
1.000298e-04 1
6.344045e-05 2
8.762780e-05 1333
1.146502e-04 1
2.192335e-05 1
8.077655e-05 1
1.947711e-05 1
4.885558e-05 6
5.411847e-05 90
6.178906e-05 1
2.889749e-05 1
1.240814e-04 1
7.843308e-05 1
3.142191e-05 46243
2.905411e-07 1
1.733617e-05 1
1.034977e-04 1
5.263075e-05 1
1.397153e-06 1
6.213018e-06 2
4.108360e-05 3
5.947726e-05 1
2.828026e-05 1
6.022238e-05 1
2.384225e-06 1
1.135794e-05 1
1.086606e-04 1
4.197274e-05 2
4.360129e-05 3
2.271661e-05 1
1.123491e-04 6
1.660655e-04 1
9.148452e-05 2
1.436243e-04 1
1.157172e-04 484
3.421421e-05 3
2.007804e-05 3
3.106020e-05 1
6.847217e-05 4
5.286175e-05 1
1.507356e-04 1
1.116203e-05 1533
1.424139e-05 691
2.278722e-05 1
7.483566e-05 3
7.847639e-05 1
1.522029e-04 1
9.903526e-05 1
1.613542e-05 261
1.146900e-04 1
5.855492e-05 1
6.532081e-06 1
1.717853e-05 2
3.965135e-05 2
9.636329e-05 1
1.853632e-04 3
9.784843e-05 1
3.424827e-06 1
7.989807e-05 4
1.182890e-04 156
3.365653e-05 6
1.404669e-04 4
1.872984e-04 7
3.842873e-05 3
2.587182e-04 4
2.135721e-04 3
5.306759e-05 6
2.224562e-05 5
1.322836e-04 5
6.882970e-06 1
1.210303e-04 1
6.873615e-06 2
1.697828e-05 49786
1.974039e-04 3
3.572806e-05 1
4.323926e-05 51168
5.783085e-05 2
1.856311e-05 3
4.607981e-05 1
3.231683e-05 1
1.121485e-05 1
7.691717e-06 57
1.886030e-05 1
5.484687e-05 1
2.810662e-05 1
2.632766e-05 2
5.180704e-05 37248
1.524565e-04 1
7.067609e-06 1730
1.690183e-06 1
1.411882e-04 1
1.012259e-04 1
3.938242e-05 2
1.047239e-05 71
5.175857e-05 1
1.385834e-05 1
2.247636e-05 172
1.520878e-04 3
9.088003e-06 1
1.684212e-05 253
8.135841e-06 1
1.467108e-04 1840
5.845471e-05 1675
1.141775e-05 2
5.409101e-06 2
2.977356e-05 1
3.527607e-05 1
9.629147e-05 3
2.597661e-05 1
1.023132e-04 1
6.718030e-06 1
1.987403e-05 1
3.351825e-05 6
4.785105e-05 1
7.061460e-07 3
4.313932e-05 892
1.653594e-04 1
1.133842e-04 1
3.079601e-05 431836
1.669654e-04 10392
1.709444e-04 1
8.157897e-05 1
1.998615e-05 1
6.593779e-06 3
6.126701e-06 4
6.179097e-05 1
7.446970e-05 1
1.440964e-04 1
3.011887e-05 1
3.330828e-05 1
1.641059e-05 2
2.084335e-05 7
1.403247e-05 1
4.127960e-06 1
3.400528e-04 1
1.019080e-05 3
9.500746e-06 27772
2.506827e-05 7
2.417607e-05 3
5.473994e-05 268671
8.546919e-05 2
3.956490e-06 1
3.718153e-06 66
4.283034e-05 1978
4.984793e-05 1
2.515972e-05 3
1.826606e-04 2
3.771267e-05 1
1.682694e-05 1
4.222940e-05 187
5.180520e-05 6712
1.501932e-05 1
6.644937e-05 1
2.956789e-04 146
3.292539e-05 1
1.530261e-04 37
2.322243e-05 1
6.926760e-06 2100
2.652102e-05 3
2.146184e-05 3
4.041645e-06 1
9.019340e-05 1
3.387457e-05 1
2.911493e-05 1
2.754672e-05 207
7.863248e-05 1
5.898400e-06 1
1.007641e-04 1
2.065124e-05 1
2.872394e-06 3
4.602327e-05 93
5.261781e-05 1129
8.185815e-06 1
1.183397e-04 96
2.918669e-05 1
2.014455e-06 31610
4.751435e-05 1
2.332067e-04 2
4.005945e-05 3
1.971697e-04 6
2.200934e-06 4
1.350908e-04 1
7.152915e-05 3
3.108944e-05 1
1.697054e-05 1
1.404564e-04 2
6.821662e-05 6
1.343883e-05 1
2.448478e-05 2
4.864597e-05 2
2.260024e-05 79
5.757300e-05 2
1.280529e-04 1
4.472259e-05 3
3.456661e-05 1
9.441127e-05 50
2.475563e-05 1
1.986020e-05 1
1.233912e-04 170
2.694252e-05 5
2.981447e-04 1
1.336181e-05 1
4.517768e-05 1
1.493241e-04 1
1.611035e-04 4
9.137550e-06 1
4.326472e-05 4
5.406978e-06 1
2.606142e-05 3
3.328058e-05 1
5.263033e-05 1
1.059697e-04 1
5.149826e-05 2028
4.406054e-05 1
7.894762e-05 40
1.640033e-05 123
1.954707e-05 19752
7.942704e-05 1
6.412971e-05 1
8.123159e-06 234
1.485870e-04 6
2.358641e-04 6
4.230540e-07 2
3.305123e-04 4
9.584242e-05 1
1.608445e-04 53587
5.075227e-05 1
3.709903e-05 29329
1.948079e-06 123
6.088489e-05 3
2.847031e-06 128
2.013765e-05 36756
5.029375e-05 1
5.779475e-05 1
1.656050e-05 2
5.475801e-05 1747
5.401949e-05 3
1.821857e-05 1
3.120121e-05 38198
2.296035e-04 3
1.304118e-05 130272
1.021301e-04 1
4.922217e-05 3
5.548499e-05 2
2.458245e-05 1
1.082080e-05 3
4.247257e-05 1
1.690971e-05 1
2.231903e-05 2
1.030502e-04 3
4.271830e-05 1
2.634959e-05 1
1.872121e-05 1
5.234555e-05 1
2.536875e-05 4
6.226760e-05 2
6.175195e-05 1
4.984170e-05 1
7.768701e-06 2
2.061101e-04 2
1.983899e-04 1
3.741946e-05 1
6.907318e-05 1
2.319272e-04 3
1.822912e-04 26706
3.840804e-05 3
5.808666e-05 1
6.791546e-05 3
3.136939e-04 1
1.527927e-06 1
2.455126e-05 1
3.182446e-05 1
2.802326e-05 3
2.220465e-05 2
4.553030e-05 243
3.232126e-05 1
1.365590e-04 3
6.521408e-05 2
1.447759e-05 1949
1.073095e-05 49535
1.276988e-04 3
6.690590e-05 1
7.140883e-05 5
2.866530e-05 1
7.844548e-05 1
1.440682e-05 1
1.325700e-04 3
6.758429e-05 2
3.202383e-06 1
1.507976e-06 3
2.363906e-05 7
3.365120e-05 10942
2.799465e-05 1
5.298267e-05 1
4.747405e-05 1
3.802365e-06 219
