4.467504e-05 1
1.015510e-06 3
9.670758e-06 32
1.489203e-05 1
3.299592e-05 1
2.000362e-07 2
1.808011e-06 108
8.284799e-06 2
1.354309e-06 1
2.694370e-07 1
2.977829e-06 3
9.004143e-07 3
2.117786e-05 1
2.486725e-05 1
5.986558e-05 1
1.571785e-06 1
6.602488e-06 1
4.905138e-06 1
9.281668e-06 24516
9.711625e-06 1
1.624015e-05 1
3.087571e-06 211
7.411911e-06 4
1.426229e-05 1
3.216721e-07 2
3.981554e-06 2
1.100771e-05 1
5.554846e-06 1
4.129368e-08 189
7.906227e-06 1
3.257448e-05 5
1.196799e-05 2
6.409678e-07 3
2.696009e-05 1
4.410954e-06 2
1.850366e-05 1
2.939760e-06 1
2.103180e-05 1
3.546182e-06 3
1.570409e-05 2
3.929694e-06 1624
1.176604e-05 25
2.075251e-06 1
7.251798e-06 1
1.222259e-05 3
1.240975e-06 866
8.757376e-06 1
2.388333e-05 1
3.125641e-06 1
7.996301e-06 3
7.115670e-06 70
4.456913e-06 1
8.164864e-07 32951
5.659847e-06 1140
1.290484e-06 3
4.136493e-06 1
3.480303e-06 2
1.586881e-05 3
3.947440e-06 3
4.394905e-06 5
3.734671e-06 31876
1.071950e-05 1
1.664231e-05 7
9.200749e-06 3
7.087862e-06 1
8.554001e-06 3
1.176064e-05 1
1.146565e-05 1
1.282588e-05 157
4.350528e-06 1
1.056993e-05 1
9.103329e-06 273
5.921391e-06 1
1.480190e-05 1
9.542667e-06 1
5.230558e-06 1
1.498604e-05 1
1.342975e-06 149
3.983771e-06 1
8.653331e-06 1836
2.792245e-05 4
9.694382e-07 1
3.798470e-07 83
8.806340e-06 1
4.859792e-06 3
4.958013e-06 62
2.690391e-06 2
1.715079e-05 1
3.979400e-06 1
1.007228e-05 1
5.082941e-05 1
2.294616e-05 6
1.108003e-05 1595
8.742014e-06 3
2.102639e-06 51067
1.856197e-06 187
1.897330e-05 57
4.394679e-06 1
2.316980e-05 1
2.932797e-05 1
3.233425e-05 1
1.118150e-09 1
1.798211e-05 1460
1.187600e-05 6
2.101927e-06 61
1.184482e-06 1
8.941356e-06 1
2.803729e-06 1
3.721114e-05 3
1.183915e-05 4
1.549564e-05 95
8.559190e-06 700
2.113869e-08 1
6.730904e-07 1057
1.188042e-05 213
1.952216e-07 7
6.751592e-06 1
9.703763e-06 1
2.561347e-06 2
5.196926e-06 1
1.566408e-05 1
8.762381e-06 1450
1.985521e-05 3
8.100695e-06 1
5.212791e-06 2
1.224359e-05 1
3.541144e-07 1
1.104495e-06 1
4.582309e-06 3
8.168018e-06 1
2.277648e-06 3
1.176276e-07 1
7.201248e-06 41611
3.950209e-06 1
3.730207e-06 1341
2.612298e-06 1
7.101643e-06 1
6.492122e-06 1
1.507900e-06 1
7.091346e-07 1
1.682433e-06 4
3.011043e-06 1
2.875474e-05 1
6.512914e-06 2
6.485932e-06 1
5.826531e-06 1
5.481860e-07 2
4.129817e-06 3
2.144484e-06 3
4.381727e-06 179
6.367252e-06 7
8.944956e-06 2
3.851900e-06 7
1.137757e-05 1
4.724472e-07 2
3.468367e-05 1
1.315044e-05 2
5.224976e-06 55355
1.144922e-07 1
2.783513e-06 5
1.790135e-05 5
1.146789e-06 1
7.851389e-06 1
2.868243e-05 1
4.484797e-06 1
7.133653e-06 2
1.146032e-05 185
8.889006e-06 1
9.440831e-06 4
4.237177e-05 57635
1.704718e-05 1
1.824808e-06 384263
3.022726e-05 1
6.284581e-07 1
1.374426e-07 25
9.860078e-06 1
2.046174e-07 1
9.584161e-06 1
8.947954e-06 1
1.559709e-06 1
5.495493e-06 179
3.214406e-06 1
2.574921e-06 2
2.673453e-06 1
1.848619e-06 1
4.979567e-06 46808
1.309992e-05 1
6.365943e-06 1
7.975573e-06 6
3.713207e-06 1
1.788490e-05 1588
7.789148e-06 190
2.268490e-05 1
1.620866e-06 1
9.665195e-07 1
1.173095e-05 1
4.075361e-07 7
6.662960e-07 1
2.039616e-07 1
2.764006e-06 1
6.504582e-06 1
4.707604e-06 1
2.119911e-06 3
1.570883e-05 7
3.349523e-06 2
1.510905e-05 1
1.303396e-05 1
4.865232e-06 1
2.958796e-06 5
7.290531e-06 1
1.729717e-06 1
5.882740e-07 1
4.331063e-08 1
3.582118e-06 1
1.903046e-06 3
4.351127e-06 7
2.586484e-05 3
2.281976e-06 1
8.792837e-07 6
1.175272e-06 1
3.231430e-06 1
1.106403e-06 1
1.561548e-05 572
2.781637e-06 2
1.991467e-05 1
2.190795e-06 1
1.257745e-05 1
8.940679e-06 1
8.836718e-07 1
4.245788e-06 1
1.235363e-05 131
9.017869e-06 1
9.915948e-06 1
8.024902e-06 1
3.367735e-06 1
4.935526e-06 57010
3.204514e-05 8137
5.971097e-06 22992
5.896013e-06 1
5.614364e-05 3
8.616502e-06 7
6.174107e-06 1
2.199932e-05 3
3.124408e-06 1
4.347161e-06 4
1.855391e-06 83
2.536103e-05 1
1.789967e-06 21978
3.560317e-06 1
5.177977e-06 3
1.416369e-05 1
6.169589e-06 1
1.084923e-06 1
5.270737e-06 1
1.392895e-05 6
2.393070e-06 1
1.426364e-05 46
1.507955e-05 2
1.114977e-05 1
2.437176e-06 1
3.141017e-06 1
6.146425e-06 1
1.728485e-05 1
3.409331e-06 2
1.111083e-05 1
9.315760e-06 6
1.181322e-05 1
1.318362e-06 50219
4.168405e-06 5
1.084990e-05 1
3.014482e-05 3
1.023083e-06 3
1.358870e-05 247
2.815411e-05 1
2.900266e-07 5
4.018895e-05 1
2.201843e-05 43656
1.136871e-05 2
1.112413e-06 70
4.979822e-06 1
1.390530e-05 1
3.235525e-05 1
6.042798e-06 1
2.938117e-06 5
7.587686e-06 3
1.105719e-05 1
7.397112e-06 2
1.933461e-05 131
1.058952e-06 1
1.998116e-05 3
8.564136e-07 1
2.457573e-05 1
1.570239e-05 4
8.969820e-06 7
1.140700e-06 1
2.531329e-05 2
4.911557e-06 1
1.355050e-05 1
3.769532e-06 1
3.111564e-06 3
2.249018e-05 3
3.952537e-06 1
2.719360e-05 3
6.853094e-07 1
1.334433e-05 5
7.241304e-06 1
1.115680e-05 2
5.015580e-06 1
6.177659e-06 1
3.741496e-06 1
6.237613e-06 1
1.864043e-05 189
5.004080e-06 3
1.205621e-05 2
2.529103e-06 1
3.386104e-05 1
1.229987e-06 953
2.296836e-05 7
5.009560e-06 39866
6.562950e-06 5
1.246704e-05 1
5.089759e-06 3
6.840250e-06 2
7.613724e-06 3
1.324199e-06 56
6.823203e-07 7
2.022155e-06 3
1.747324e-06 2
1.322090e-05 1
5.836347e-07 2
6.006636e-07 5
5.534099e-06 165
1.169814e-05 1
4.007524e-06 1
2.034188e-05 1
4.237460e-06 2
8.753560e-06 2
5.610411e-06 1
3.136026e-06 1
1.916992e-05 2
3.691589e-07 3
1.148001e-05 1
1.880550e-05 4
1.266905e-05 1
1.332911e-06 259
6.726998e-08 1
2.300138e-06 350
3.552323e-06 1
1.829852e-06 1
9.692409e-06 5
2.343481e-05 178
7.660147e-07 61
1.752355e-05 1
2.954693e-05 1
3.590908e-06 2
8.924448e-06 1
1.760310e-06 133
3.935753e-06 5
1.378837e-06 130
2.640663e-05 1
5.652882e-07 491
1.183788e-06 3
1.673069e-06 1
1.442002e-05 1
8.374401e-07 3
1.334665e-05 2
6.294643e-06 21438
1.583591e-05 55
1.207629e-05 3
8.027431e-06 3
1.185746e-05 1
3.635016e-06 1
2.094208e-05 1
2.105047e-06 1
1.130522e-05 984
6.939987e-07 3
8.120481e-07 34
2.396847e-05 3
8.075415e-06 1
8.356897e-06 246
9.306331e-06 4
5.121077e-06 1
4.414244e-08 7
8.117734e-06 1
3.187652e-06 1
2.921636e-05 1
1.365923e-05 1
1.669638e-06 2
2.573901e-06 1
1.005731e-06 234
2.429544e-05 1337
1.195085e-06 3
2.989899e-05 1
1.408418e-05 1
1.033271e-05 1
1.916968e-06 155
3.300716e-05 180
7.454497e-06 180
2.102611e-05 2
4.362459e-06 2
9.437452e-06 1
1.117620e-05 1
3.054525e-07 1
7.008690e-06 12499
1.786357e-05 1
6.066523e-06 2
4.682620e-06 1
3.500920e-06 1268
4.305333e-06 2
9.164455e-06 2
2.895233e-06 3
1.125025e-06 1
1.818349e-05 229
1.150446e-05 1
1.643670e-05 1
2.352114e-06 1
8.004899e-06 1
1.091961e-05 1
5.519461e-06 1
5.548969e-06 3
7.782623e-06 1
2.873401e-06 101
5.893121e-06 3
2.094295e-06 53691
2.025761e-05 2
2.137347e-06 5
1.487902e-06 1
6.897480e-06 1
5.316417e-06 242
1.086848e-07 1
6.231791e-07 1
2.350761e-06 1
1.021364e-05 1
1.499782e-05 2
2.660062e-05 6
1.934712e-06 3
1.000396e-07 1
3.876565e-06 74
2.149273e-06 1
5.040582e-05 1
7.156951e-06 1
6.467316e-06 1
4.603189e-06 6
1.195999e-05 1
7.104528e-06 1
1.276130e-07 3
1.092243e-05 7
1.048221e-05 1
1.518560e-05 1
1.258082e-05 7
4.015576e-06 1
1.612637e-05 3
1.547174e-05 1
2.877489e-06 390089
4.068240e-06 6
6.788252e-06 1819
2.117356e-05 1
2.579213e-06 33
3.587739e-05 1
4.468954e-06 2
1.627472e-06 4
1.413833e-06 111
5.471551e-06 1
4.804922e-06 1
3.104556e-06 2
5.961763e-06 4
1.024495e-05 1
2.984148e-06 1605
1.010100e-05 2
2.363408e-06 138
1.245558e-05 1
2.273295e-05 2
6.649060e-06 212
3.504954e-06 2
2.854510e-05 1
7.556222e-06 1
1.360184e-05 1
6.718251e-06 4
3.560481e-06 1
6.046749e-08 1
1.438092e-06 1
2.135914e-05 1
1.098163e-05 3
2.184282e-05 1
8.015734e-06 3
7.151211e-07 1
3.722943e-06 3
2.201699e-05 2
3.402214e-06 5
3.397283e-06 1
5.827705e-06 64
3.208427e-06 7
9.311882e-06 1
6.121835e-06 69
4.502537e-06 1
1.048447e-05 1
1.136063e-05 1
9.860103e-07 1
1.022665e-05 14
9.659574e-06 1
2.830536e-06 2
2.535561e-06 1
2.399456e-06 1
4.636980e-06 1
1.563082e-05 1
5.141842e-06 1
2.106866e-05 1
1.820150e-05 3
1.298452e-06 1
3.265276e-06 1
1.367585e-05 1
3.523906e-06 1
1.286330e-05 1
1.482524e-05 5
2.036477e-06 7395
1.424459e-06 1
1.983623e-05 1
6.902233e-06 32423
1.543206e-05 1
1.887991e-06 2
4.429764e-06 3
3.196716e-05 2
2.744566e-05 9
2.985691e-05 250
2.185370e-05 5
1.402021e-06 1
1.741637e-06 1
9.659007e-06 1389
1.007483e-05 1562
5.979960e-06 3
2.488050e-06 1
3.303907e-06 1
6.682071e-06 1
3.214477e-06 1
1.046139e-05 7
5.321470e-06 1
1.074927e-05 4
1.638785e-05 97
7.161770e-06 3
3.757678e-06 4
1.474136e-06 3
9.532749e-07 1
9.327508e-06 1
2.677278e-06 6
1.701481e-05 32251
1.224790e-05 1
1.169880e-05 3
4.386896e-07 1
1.480695e-05 1
1.559274e-07 1
4.902049e-06 4
2.582032e-05 7
6.791221e-06 7
2.093887e-06 342
1.815519e-05 28413
2.524750e-05 7
1.446704e-06 197
3.776982e-06 1
2.807917e-06 3
8.084620e-06 1
4.553982e-05 1
7.139574e-07 1
9.847344e-07 2
7.442457e-06 1
1.254825e-05 3
1.200325e-06 1
4.924508e-06 7
3.815296e-05 4
2.817002e-06 3
4.341607e-06 719
7.839582e-06 1
8.138719e-06 6
2.521154e-06 61
2.659314e-05 3
2.042375e-05 153
9.583100e-07 1
2.685064e-06 1
3.110341e-06 1
5.508792e-06 7
1.016358e-06 1
1.062870e-05 1
4.812628e-06 1
2.769975e-06 1
6.973130e-06 1
7.636742e-06 1
6.782909e-06 370
4.804655e-06 4
3.015911e-06 1
1.182914e-05 1
3.993897e-06 1
9.985597e-06 170
7.129181e-06 2
2.658208e-05 1
4.187134e-05 4
3.992701e-06 129
1.626244e-06 1
9.010344e-06 2
4.993655e-06 5
8.187211e-06 64755
2.384149e-06 1
1.475093e-05 5
4.876061e-06 1
4.726795e-07 27
8.049725e-07 2
1.487860e-08 1
1.192477e-05 3
1.217212e-07 243
2.045499e-06 1
3.211989e-06 1
1.744401e-06 1
7.545431e-06 3
1.078942e-05 1
1.541279e-05 1
3.086270e-06 2
3.331575e-06 1
2.129410e-06 1
5.124856e-06 1
9.795665e-06 1
2.378416e-06 1
5.292073e-06 1
7.675034e-06 1088
6.264976e-06 1
2.521875e-05 1
5.412383e-06 7
1.617907e-05 6
9.974684e-07 3
3.343022e-05 2
6.458477e-06 1
2.473572e-05 11
2.302734e-06 1
2.560613e-06 1
7.904465e-07 2
6.673808e-07 6
2.459627e-05 3
9.890673e-06 1
3.794221e-07 1
2.272074e-05 1
1.295408e-06 1
2.369875e-06 1
2.131527e-05 6
2.701381e-05 1
1.378870e-06 1262
1.347411e-05 2
3.525767e-05 1
1.284988e-05 1
9.556222e-06 1
1.282435e-06 1
6.525912e-06 43
4.075054e-06 3
1.558447e-05 1
1.938841e-05 1
2.283492e-05 1
4.527094e-05 262
5.505177e-06 1
4.854099e-08 5
8.027622e-06 1
8.227056e-06 1
5.147312e-08 62584
1.479277e-05 2024
1.099759e-05 1
8.014989e-06 232
2.257073e-06 1
1.336541e-06 3
7.532694e-06 1
9.784069e-06 1
1.136592e-05 1
1.050275e-06 2
1.345354e-05 2
2.351951e-06 5
1.427354e-05 1
3.224040e-06 1
9.930346e-07 2
1.386246e-06 2
5.251816e-06 2
8.258352e-07 29584
3.773734e-06 2
2.239968e-06 1
4.406159e-06 3
1.283262e-06 2007
1.247026e-05 1
4.763358e-06 6
2.670331e-06 1
4.310382e-05 1
1.932830e-05 1290
1.248054e-05 213
3.285508e-06 3
5.258721e-06 1
2.179848e-05 1772
7.898117e-06 1690
1.885105e-05 3
4.118131e-06 1
1.750163e-05 1
2.578074e-06 1
4.408673e-05 1
9.550959e-07 1
6.457351e-06 5
2.980937e-05 6
8.476815e-07 6
1.797486e-06 1
2.397176e-05 1
1.775581e-06 1
7.242421e-07 1
2.901945e-05 2
1.066227e-05 1
1.094615e-05 1
6.879453e-06 1
1.856612e-06 1
9.686319e-06 31318
1.509976e-05 1
1.472565e-05 88
1.440900e-05 2
6.878201e-07 1
8.890294e-06 1
5.367439e-07 1
4.928431e-06 1
4.305577e-06 2
1.950771e-06 2
2.316551e-06 7
3.450122e-05 51
4.620569e-07 1
2.108750e-06 1
2.428222e-05 33261
1.696791e-06 2
1.895069e-05 1
1.211303e-05 4
6.985525e-06 1
1.128467e-05 3
5.912421e-07 1
4.342689e-06 713
1.789283e-05 1
1.304641e-06 7
3.190032e-06 1
7.629774e-07 1781
4.885323e-07 3
1.833251e-05 3
5.606505e-05 1
2.018041e-06 1
2.343902e-05 3
9.910008e-07 1
2.388258e-05 1
1.344106e-05 5
1.151586e-05 4
6.398142e-06 1
1.109039e-05 1
1.098333e-06 3
2.574305e-06 1
1.574884e-06 1
5.951796e-06 1
1.153176e-05 1
1.158168e-06 148
6.397532e-06 1
1.168439e-05 1
6.448086e-06 3
3.262171e-05 1
4.944960e-06 1
1.997339e-06 1
1.669963e-05 52666
7.289200e-06 1
3.877348e-06 1
8.178893e-06 2095
1.384232e-06 127
7.867110e-07 1
1.562458e-05 1
3.282403e-06 1
8.223259e-06 1
5.465180e-06 1
1.692604e-05 3
9.551854e-06 5
2.981668e-06 1
9.721786e-06 6
9.057369e-06 1
4.893860e-06 1
6.110777e-06 2
1.026954e-05 6
3.642778e-06 1
3.344963e-06 3
7.271015e-06 1
1.020945e-05 1
1.049911e-05 2
3.473803e-05 1
7.406252e-06 194
5.603816e-05 3
1.956488e-05 2
1.090127e-05 1
3.494022e-06 2
6.641700e-06 4
5.087701e-06 3
1.543227e-06 2
7.487439e-06 365
7.781965e-06 1
2.986302e-06 1
4.622377e-06 630
7.120442e-06 69
1.971818e-06 23
4.202331e-06 3
6.260763e-07 1
1.176434e-05 1
3.374309e-06 2
5.798304e-06 1
3.766116e-05 1
2.916393e-06 81
1.665171e-06 5
9.311877e-06 1
2.100779e-05 1
1.418887e-05 5
2.575949e-06 138
1.343556e-06 45
1.636130e-05 2
1.727328e-05 1
1.021190e-05 1
2.862435e-05 3
2.279691e-06 1
4.286978e-06 4
2.187611e-06 3
1.600797e-06 1
5.138812e-06 822
2.898240e-05 54311
2.394531e-05 1
3.602053e-06 2
9.665670e-06 1
2.440168e-05 1
8.880654e-06 1
7.601111e-06 1
4.866803e-06 1
1.248483e-05 2
2.082665e-05 1
3.778031e-06 219
1.275389e-06 1
1.377466e-06 1
5.982093e-06 3
5.445134e-06 1
3.981823e-08 1
1.465634e-05 9540
2.072532e-05 6
5.223300e-06 1
7.687012e-07 1
4.989171e-05 140
2.743380e-06 1
5.625060e-06 1
1.147651e-05 3
1.456327e-05 1
1.198315e-05 2
4.387083e-06 73
2.485472e-05 3
6.462815e-06 1
3.627073e-06 7
3.513546e-05 1
1.414283e-05 4
2.885821e-05 1
1.141833e-05 4
1.483848e-05 1
5.965625e-06 1
7.349554e-06 1
9.250607e-06 1
2.268117e-06 5
8.729671e-06 1
2.699595e-06 1
1.770799e-05 1
5.390819e-06 1
1.227659e-05 1
1.308208e-05 1
3.048904e-07 2
5.880494e-06 3
2.718930e-06 2
1.033565e-05 1
1.169350e-05 1
5.272337e-06 1607
1.935269e-05 1
4.674644e-06 65
2.794398e-05 201
4.816590e-07 1
2.151952e-06 1
3.260720e-06 1
7.954848e-06 1
5.611563e-06 1
1.607580e-05 1
1.190417e-06 1
2.120561e-06 5
4.289354e-06 2
2.778307e-05 4
2.172284e-06 233
1.647914e-05 1
1.175314e-06 138
1.425804e-06 13659
1.357023e-05 1
1.594988e-05 1
1.393162e-05 1
9.066496e-07 1
5.073654e-06 1
7.323918e-07 562
2.808499e-06 3
4.877048e-06 2
2.010961e-06 107
8.864555e-07 1
5.989007e-06 1
1.466307e-05 2
3.303225e-05 1
1.138223e-05 8396
3.104062e-05 1
2.174932e-05 65
7.433295e-07 2
1.766940e-05 2
1.626426e-07 19267
1.581117e-06 20
1.068629e-05 1
1.564742e-05 181
1.016640e-05 27
2.677971e-05 3
9.669907e-06 1
3.498730e-06 30440
2.909896e-06 1
1.079451e-05 209
1.953468e-06 5
1.379800e-05 112
7.451776e-06 2
1.457567e-06 1
1.199740e-05 1
5.058870e-06 1
9.016231e-07 6
6.597956e-07 1
3.367235e-06 1
1.594817e-05 1
2.024083e-05 1
2.349549e-06 1
4.215764e-06 1
4.060321e-06 6
1.458910e-06 1
3.600293e-06 658
3.942487e-05 1
4.178308e-05 179
1.264655e-05 1
3.850791e-05 889
1.118036e-05 1
2.502542e-06 2
1.520989e-06 1
8.345608e-06 3
5.253328e-08 7
1.751527e-05 1
1.200490e-05 1
4.606293e-06 1
1.824682e-05 1
2.792773e-06 35442
1.664788e-06 1
3.763545e-06 1
1.352458e-05 3
4.144771e-06 1
6.469212e-06 7
2.277816e-06 1
7.811484e-06 1
1.133299e-05 1
5.919716e-06 1
3.658793e-06 5
1.081765e-05 1
1.505849e-05 1
6.099937e-06 1
1.001824e-05 1
6.160061e-06 1
5.796400e-06 1
3.885106e-06 1
7.465910e-06 4
1.792378e-06 3
1.600930e-05 1
5.585949e-06 147
1.677079e-06 2
1.539393e-05 6
4.200973e-06 2
8.617583e-06 1
1.046035e-05 1
6.385076e-06 113099
2.941475e-05 1
2.531100e-05 1
2.419071e-05 36
3.332782e-07 1
1.856339e-06 1
6.485233e-07 6
2.214993e-05 2
9.764402e-06 1
8.234773e-06 1
6.759244e-06 7
1.435334e-05 5
8.969276e-06 6288
6.071056e-06 3
1.542036e-05 1
1.354451e-05 41829
9.741667e-06 1126
3.408897e-07 2
1.067705e-06 1
1.016496e-05 30704
4.918335e-06 1
3.632819e-05 6
6.452348e-07 132
7.590059e-06 1
1.001170e-05 1
3.199422e-06 3
4.453379e-06 42826
2.317162e-07 3
1.807177e-06 4
3.304752e-05 3
7.393236e-06 1
3.251286e-05 1
7.925233e-05 1
8.359144e-06 1
1.812587e-05 3
1.222884e-05 152
1.468340e-05 1
3.137557e-06 65647
8.987709e-06 192
1.911999e-06 262
3.016867e-05 1
2.823190e-06 2
1.538973e-05 2
1.922812e-09 3
2.645996e-05 1
1.978262e-06 1
8.357495e-06 38
2.658869e-05 1
2.209519e-06 2
4.235665e-05 3
1.984894e-08 1
3.476915e-06 36361
7.995610e-07 2
3.489104e-06 1
1.288572e-05 1
5.600988e-06 1
2.330503e-06 1
2.496940e-06 73
1.959533e-05 1
9.036584e-06 1
1.293626e-05 139
1.267543e-05 61432
3.319412e-06 3
4.745810e-06 1
8.448791e-06 1
2.283396e-06 1939
2.462274e-07 3
1.462645e-05 1
1.368354e-05 1
1.282742e-05 3
1.250917e-05 6
2.006117e-07 1
4.590887e-06 1
3.240848e-06 3
4.032935e-06 1
3.852357e-07 2029
1.579161e-05 1
7.347958e-06 1
7.321326e-06 4
9.529224e-07 1
2.038843e-06 2
7.554108e-06 151
1.700536e-05 239
3.407244e-05 3
6.603031e-07 1
1.562376e-07 1
6.079859e-06 1
8.556515e-06 1
3.267151e-08 1
2.953983e-06 1
1.971923e-06 23
1.037106e-05 1
9.503666e-06 1
1.926626e-05 1
1.988508e-06 6
9.281623e-06 1
1.162515e-06 1
8.068289e-07 1
7.079483e-06 1
6.852258e-06 1
5.377668e-05 234
1.063853e-05 1
4.575356e-06 13186
8.098843e-07 1
2.448186e-05 5
2.387752e-05 1
1.007882e-05 3
9.095665e-07 1
3.551596e-06 1
1.118192e-05 1
1.890778e-05 52185
2.454280e-05 25739
8.119605e-06 1
6.246660e-06 1
1.297877e-05 1
9.568427e-06 159
8.718488e-06 1
1.565558e-05 76
1.044167e-05 1
6.388523e-05 1
9.388081e-06 1
1.414139e-05 63
1.736530e-06 1
1.050792e-06 6
2.376229e-05 1703
5.880234e-06 3
3.000303e-05 1
5.923395e-06 2
7.042376e-06 6237
4.550245e-06 1
1.129623e-07 1
1.931395e-07 1
6.697286e-06 6856
2.550933e-06 1
1.018225e-05 128
2.676459e-07 3
4.754272e-08 5
4.136493e-06 4
1.772652e-05 2
1.322211e-05 2
3.403905e-05 3
5.955864e-07 1
1.126441e-06 1
1.606759e-05 1
1.255513e-05 1
4.625627e-06 1
8.578921e-06 1
4.438865e-06 261
1.658047e-05 4
1.762877e-06 1
1.281886e-05 3
1.084622e-05 95
1.906018e-06 3
7.440612e-06 4
5.720956e-07 57813
4.169851e-05 2
7.441250e-06 2
1.487930e-05 1
1.202217e-05 3
1.358457e-05 1
8.597591e-06 4
1.288440e-05 1
9.717617e-06 1
7.110845e-06 1
1.129370e-05 3
2.058754e-05 1
3.750030e-06 1
1.381582e-05 214
5.568640e-06 1
3.169984e-05 12612
1.276438e-05 7
3.813082e-06 3
8.976306e-06 1
3.606210e-06 84
2.880553e-05 7
3.930204e-06 1
3.263732e-06 1
1.283564e-05 1
8.689231e-06 3
1.123471e-05 1
5.186422e-06 1
1.347930e-05 3
8.665665e-06 1
1.158078e-06 1
6.012150e-06 105
1.188283e-06 2
1.486413e-05 1
6.657150e-06 1
6.166042e-06 1
3.326063e-06 3
3.936550e-05 3
1.630849e-08 1
1.187476e-05 3
1.380108e-05 2
2.058246e-06 1
3.654518e-06 1
2.381250e-05 262
1.953441e-05 1
1.188402e-05 1
6.953673e-06 119
6.157984e-06 1
1.229757e-05 3
5.536500e-06 60
1.297245e-05 1
2.468293e-05 3
1.009383e-06 1
1.832348e-07 4
1.523096e-05 5
5.285420e-06 1
4.393417e-06 1
2.204302e-05 1
1.314080e-06 61
1.811070e-05 3
3.726814e-06 1
4.244292e-06 2
8.169890e-06 1
1.077850e-05 1
1.245105e-05 19900
2.046455e-06 89
6.480383e-06 1
2.145392e-05 5
8.169567e-06 1
4.548006e-06 1
5.233394e-06 334
2.655900e-06 1
8.473550e-06 1
4.673985e-06 1
1.629069e-05 4
5.831436e-08 2
2.112517e-06 1
9.297378e-07 5
4.213042e-06 1
2.732130e-05 6
1.323241e-05 4
1.168198e-05 1
6.629052e-06 1
2.665612e-06 1
1.474750e-07 3
1.268475e-05 3
6.880010e-06 1
2.593523e-06 1
1.360564e-05 1
5.269171e-06 7
6.951106e-07 1
1.457637e-05 1
1.625507e-05 1
3.793110e-06 1
1.670024e-05 1
7.033629e-06 4
1.655831e-06 2
5.024447e-06 36451
4.679784e-06 1
1.418920e-05 1
2.434503e-05 1
1.777829e-05 1
3.556578e-05 1
1.074319e-05 1
1.143241e-05 1
1.076650e-05 7
6.433261e-06 58373
1.214055e-05 3
2.546180e-06 1
2.877154e-05 1
4.967201e-06 1
3.465019e-06 1
2.331232e-06 1
1.476257e-05 65438
6.152529e-06 267
4.140950e-06 2
8.826758e-06 1
9.424342e-07 1
6.887688e-08 172
4.892549e-06 1
5.260979e-06 3
2.967121e-05 1
1.934336e-06 146
1.046930e-05 2
1.144224e-07 1
2.570334e-05 1
2.650493e-05 1
2.254567e-06 1
1.953100e-05 1
2.687123e-05 1309
1.399942e-05 4
2.956724e-05 1
1.019407e-05 2
1.698240e-05 1
1.090015e-05 1
1.051587e-05 3
9.422849e-06 2
7.769986e-06 1
2.154283e-05 5
1.152904e-05 2
1.722673e-08 7
2.428480e-05 6
3.691251e-06 1
2.676396e-06 1
4.532166e-06 1
1.410737e-05 172
3.552031e-05 1
1.111522e-05 1
4.624222e-06 1
1.825048e-05 1
1.122436e-05 1
9.455052e-06 4
1.120049e-05 2
7.074524e-06 3
9.179788e-06 39453
6.525039e-06 1
4.739899e-07 1
5.826774e-05 1
2.730079e-06 1
2.277279e-05 16636
5.885473e-06 5
4.590188e-06 1
1.428079e-05 40978
7.616927e-06 1319
1.548093e-05 3
3.147367e-07 1
9.714878e-07 46
1.311198e-06 1
1.575772e-06 1
4.276157e-05 2
1.561722e-05 1
2.501684e-05 6
1.619126e-05 2
6.345471e-06 3
1.749367e-05 2
6.175875e-06 2
1.421775e-05 3
4.379143e-06 5
4.770823e-06 31039
1.541284e-05 526869
8.388855e-06 30
4.236946e-06 1
7.026914e-06 2
2.891795e-06 197
1.400740e-05 1
1.031873e-06 4
3.329786e-06 1
1.377095e-05 21160
5.422737e-06 407924
9.444636e-07 1
9.180072e-06 3
1.346564e-06 1
2.816637e-07 1
1.533635e-05 3
1.948863e-06 1
1.413127e-05 2
6.690863e-06 1
1.654543e-06 1
8.205932e-06 522
1.585287e-05 5
1.126062e-06 1
9.309317e-06 1
3.091655e-06 1
9.541603e-06 2
2.067557e-05 1
1.104134e-05 265
1.242235e-05 1
2.053224e-05 41
4.111258e-06 1
5.190832e-06 80
6.036666e-06 2
1.129819e-05 1
1.465659e-06 2
4.477699e-06 38
7.459782e-06 1
4.759008e-06 5
9.688712e-06 5
2.782844e-05 1
3.927501e-06 156
4.717983e-06 152
7.051694e-07 1
3.863458e-07 1
1.542900e-06 3
1.240692e-05 1
1.201933e-05 1
2.478596e-06 1
3.590416e-05 1
1.953196e-05 3
6.782951e-06 2
2.477384e-05 3
2.397822e-06 1
6.892060e-06 1
1.428320e-05 252
2.416000e-06 2
1.772655e-05 1
2.032433e-06 1
1.259324e-05 2
4.065488e-06 1
2.107128e-05 1
1.183245e-05 117
1.371925e-05 1
8.552915e-06 2
2.869297e-06 1
7.350013e-07 2013
4.330089e-06 1
1.309329e-05 1
2.931677e-06 59706
1.736645e-05 1
5.205092e-06 75
2.643380e-06 1
9.746127e-07 1
5.886492e-05 24978
8.277038e-06 163
5.312071e-06 1
2.486448e-05 1
2.060155e-05 1
6.104420e-08 1
3.701195e-06 2
3.199435e-05 4
9.370853e-06 101
1.119160e-06 1
6.433324e-06 446
7.221567e-05 10
3.147485e-06 1
2.448998e-06 1
1.086738e-05 1
2.056196e-05 1
1.132252e-05 1
1.743747e-06 2
6.335632e-06 13228
1.049214e-05 1
1.594572e-05 1
1.279551e-05 1
1.227104e-05 1471
2.879291e-05 1
2.552742e-06 1
1.449541e-06 1
2.289533e-07 1
1.993278e-05 66239
1.247840e-05 1
5.278908e-06 3
7.653800e-06 4
2.965101e-06 2
3.763590e-06 1
9.406429e-06 1
1.094390e-05 1
3.124253e-05 1
6.800810e-07 1
2.592463e-05 1
1.096200e-05 448
1.087123e-05 1
1.122716e-05 26615
2.638307e-06 213
4.180193e-06 1
3.391858e-06 1
4.247588e-06 2
4.137733e-06 7
1.062639e-05 5
3.153845e-05 1
2.705587e-06 3
8.062242e-06 1
4.943228e-07 118
1.747955e-06 1
2.823959e-05 1
9.962044e-06 1
1.084090e-06 1
3.027741e-06 6
2.867675e-07 1
3.959162e-06 1
1.573856e-05 54840
3.809469e-06 1
2.479932e-05 1
1.102706e-05 60
4.364137e-08 2
2.676946e-06 1
5.394011e-06 1
4.616551e-06 191
1.445610e-05 1
1.554483e-05 2
1.629560e-06 202
1.557366e-05 3
1.737510e-06 1
3.208026e-06 1
2.392321e-06 4
4.522863e-05 3
7.158795e-06 162
2.069004e-06 521
9.615264e-07 1
7.913007e-06 52
1.507204e-05 6
1.728911e-06 1
1.546397e-05 3
4.760988e-06 6
2.694182e-06 1
2.668631e-05 244
1.960804e-06 1
5.953775e-06 1
4.865117e-06 1
1.615859e-06 1
5.916978e-05 6
7.878897e-06 165
1.999227e-06 1
9.631329e-06 3
1.128171e-06 2
3.599867e-06 1
1.981962e-06 1
1.724526e-07 2
1.271858e-06 1
7.485002e-06 1
1.658929e-06 2
7.883325e-06 275
6.122700e-06 69
2.033307e-05 1
3.062940e-07 1
1.205681e-05 2
5.869290e-07 1
1.513593e-05 1
8.876398e-06 1
4.601650e-06 1
5.294654e-06 1
5.346475e-06 6
4.479671e-06 1
1.309046e-05 3
1.578019e-05 1
8.523781e-06 10541
6.030406e-06 1
2.691956e-06 2071
1.021723e-06 1
2.574724e-05 1
1.069251e-05 1
1.475304e-05 3
1.143302e-05 1
1.042047e-06 1
2.128844e-05 263974
3.050677e-06 1
1.409916e-05 3
1.387168e-05 2
1.579438e-06 1
2.855955e-05 5
2.832600e-06 1
6.216692e-06 3
1.367086e-05 1
7.879560e-06 7
2.936222e-05 1
1.339630e-06 1
5.419876e-08 1
5.271473e-06 1
1.166645e-05 1
1.789489e-05 2
2.306778e-06 5
1.152333e-06 42966
3.168306e-06 174
1.182909e-05 1
3.622847e-06 1
3.933462e-06 3
4.848836e-06 1
9.812475e-06 1
7.590877e-06 3
1.276795e-05 62
1.519525e-05 236
1.213344e-05 1
3.943181e-05 6
6.960987e-06 3
1.582802e-06 19
2.641133e-05 150
6.965994e-07 7
2.736935e-06 1
1.559344e-05 1
7.769158e-06 91
2.817047e-06 128
3.956834e-06 144
3.119418e-06 196
1.302018e-05 2
8.364825e-06 1
1.858219e-05 1
2.416306e-06 8
9.373993e-08 2
8.495450e-07 1067
4.267874e-06 1
1.578401e-05 3
5.147369e-06 96
1.251323e-05 894
1.511821e-06 1
4.304453e-06 1
5.418605e-06 1
1.878477e-05 1
7.667578e-06 1
2.163436e-07 7
7.194704e-06 2
7.849922e-06 1
2.200944e-06 1
2.765902e-06 1
4.059515e-05 84
6.592019e-06 1
1.069545e-06 1
7.731136e-06 102
2.424535e-06 7
2.030329e-06 1
1.633735e-07 3
2.027201e-06 1
7.053607e-06 1
1.424757e-05 1
7.026103e-07 7
4.603300e-06 2
1.074024e-06 1
3.928559e-06 1
7.718582e-06 2
1.369582e-05 27964
5.558170e-06 53
1.225086e-05 3
1.847252e-06 1
1.997075e-05 1
3.565391e-06 3
1.766079e-05 1
1.700702e-06 1
2.802580e-05 1
1.540177e-05 107
1.107947e-05 1
1.137947e-05 2
3.380805e-06 2
8.105932e-06 1
5.661775e-06 3
5.214481e-06 1
2.199143e-06 3
6.643725e-06 1
2.694638e-05 29996
3.801936e-05 1
6.607436e-06 1
4.646156e-06 1
2.887968e-05 1
3.732912e-06 1
1.706890e-06 1
1.715164e-06 1
1.629549e-06 1
2.765458e-06 1
1.343538e-05 1772
1.710716e-05 1
7.975565e-06 3
1.502212e-06 5
7.889495e-06 2
2.479918e-05 1
4.046842e-07 3
2.705686e-07 1
1.678206e-06 2
3.085145e-05 1
8.459271e-06 1
2.575377e-05 1
5.707780e-06 1
1.693917e-06 1
2.238369e-05 1
2.064871e-05 1
2.362083e-06 1
2.830744e-06 1
7.056002e-06 1
2.138611e-06 1
6.426905e-06 3
2.703582e-06 1
1.226461e-06 1
8.885500e-06 2
5.758030e-06 6
2.403124e-05 252
8.936832e-07 1
9.384539e-06 345074
4.982562e-06 2
8.773842e-06 1
7.374168e-07 1
1.097921e-05 1
3.240723e-06 245
1.244085e-05 4
3.348214e-06 4
2.251615e-06 89
7.973041e-06 1402
2.245091e-05 1
7.766285e-07 2
5.635355e-06 1
1.378028e-05 1
1.387728e-05 1
1.356553e-05 2
2.586392e-05 171
2.714959e-05 1
1.702365e-06 164
2.868288e-05 1
6.054005e-06 1
3.923478e-07 3
1.984697e-06 2
1.861866e-05 1
1.504852e-05 1
1.127441e-05 3
9.363052e-06 6
3.071742e-07 1233
3.212394e-06 3
6.859348e-06 147
8.911926e-06 1
1.467379e-05 1
1.314403e-06 2
9.532478e-06 1
8.718882e-07 2
9.432007e-06 650
1.392647e-06 1
2.886637e-06 1
1.350994e-05 2
5.769974e-06 187
6.462089e-06 3
3.362964e-06 87
3.581012e-06 2
4.909821e-05 37412
1.045900e-06 4
2.979960e-05 43
4.081759e-05 5
7.887355e-06 5
7.014777e-06 7
3.234728e-06 1
7.026479e-07 1
1.083730e-05 1
1.331635e-05 1
9.724897e-06 20
1.223545e-05 151
4.972641e-06 1
2.745820e-06 1
1.294699e-05 137
1.561246e-05 7
6.866359e-06 2
8.415147e-06 1
1.407330e-05 177
2.562767e-05 2
9.308694e-06 219
1.864289e-05 3
1.139225e-06 1
8.323399e-06 3
2.702054e-06 2
1.885311e-05 1
1.305527e-05 1
1.723376e-07 4
2.192199e-06 1
4.389059e-06 58606
4.095561e-06 3
8.923048e-06 3
1.147896e-06 44525
7.093254e-06 3
1.445028e-05 1
4.435855e-06 1
8.179201e-06 7
6.727389e-06 1
1.697744e-05 1
6.319015e-06 1
2.486949e-05 1
1.938982e-06 1
1.966981e-05 2
2.816049e-08 198
8.337415e-06 1
3.419610e-06 1
3.121072e-06 4
8.018042e-07 1
4.813128e-06 3
1.966480e-05 1
1.723166e-06 1
1.283438e-05 2
5.805298e-06 4
3.347926e-06 197
1.071849e-06 6573
1.330413e-05 7
7.458026e-06 1
1.182117e-05 1
2.023897e-05 1
8.907078e-06 1
3.615086e-06 1
4.084041e-06 1
7.787231e-06 1
1.674187e-05 1
1.018542e-05 231
9.427571e-07 52229
2.108423e-05 1
4.121097e-07 1
9.188989e-07 180
1.526524e-06 3
3.580992e-06 1
2.865342e-05 2
2.319846e-05 1
2.507007e-06 2
1.078781e-05 1
1.628955e-06 3
1.007685e-05 151
1.145996e-05 7
1.042111e-05 523
2.555168e-05 2026
1.683050e-05 1
5.058626e-06 2
2.214564e-06 1
5.342576e-06 1
8.158009e-06 1
2.383059e-07 1
2.220530e-06 3
4.206289e-06 2
1.425023e-05 2
5.082749e-06 1
2.537418e-05 3112
7.722905e-06 2
2.295385e-05 2
7.384178e-06 6
2.954667e-05 44639
1.154300e-05 5
5.591090e-06 1
6.257202e-06 25
7.222949e-06 3
4.472931e-06 1
1.136947e-05 1
2.607579e-05 1729
7.746780e-06 6
4.226557e-05 2
4.563829e-06 3
1.171739e-06 36
2.965373e-06 1
1.979327e-06 3
9.160618e-06 1
7.162006e-06 1
8.917727e-06 4
1.184314e-05 1
1.147713e-05 1
1.799062e-05 2
1.477608e-05 4
1.062118e-05 1
4.608439e-06 1
3.003205e-05 36742
1.229916e-05 3
1.002925e-05 3
4.591037e-06 97
4.470549e-07 1497
1.769089e-06 2
4.799838e-05 1
1.016155e-05 1
5.488175e-06 1989
1.927561e-07 1
4.026868e-08 2396
1.338762e-05 2
1.328588e-05 3
1.700514e-06 1
6.242595e-06 1315
1.709431e-06 1
8.644474e-06 1867
1.985844e-05 1
1.267315e-05 1
5.564547e-06 3
9.596328e-07 1
1.412580e-05 1
6.260070e-06 1
6.371906e-06 1
8.603200e-06 2
7.126675e-06 2
4.841086e-06 1
4.209559e-06 1
9.689006e-06 3
1.133143e-05 2
2.243144e-05 1
4.069818e-06 1
5.603831e-07 1
5.623511e-06 1
1.026266e-05 2
2.242718e-06 1
5.571423e-06 1
3.486553e-06 2
7.292916e-06 1
1.958333e-05 1
2.689620e-05 3
1.348095e-05 55
2.040056e-06 2
5.880365e-06 3
4.818728e-06 3
1.429184e-05 2
4.982247e-06 1
5.446442e-06 214105
8.385704e-06 1
7.862972e-06 1
8.101568e-07 1
1.775625e-06 3
4.058474e-06 1
2.180902e-05 1
4.636688e-07 1
1.231704e-06 2
6.226789e-06 1
2.098074e-06 7
1.634680e-05 1
4.534138e-06 1
8.096964e-06 2
2.537198e-06 3
5.301709e-06 5
1.947727e-05 1122
1.161050e-05 1
2.079444e-05 127
7.844636e-07 1
1.757822e-05 78
2.778459e-05 1
7.330415e-06 1003
1.963762e-07 1
1.155171e-05 1
2.119534e-07 1
1.605383e-05 1
3.926760e-05 3
5.663780e-06 1
2.923390e-06 3
7.777435e-07 1
9.955820e-06 2
2.841546e-06 1
2.198693e-05 1
3.345791e-06 1
4.225195e-06 5
6.649473e-07 2
7.108749e-06 1
3.181402e-06 1
1.657666e-07 6
1.488405e-06 1
1.525169e-05 1
1.464887e-06 2
5.146008e-06 2
3.353685e-05 372
1.675434e-05 2
1.565462e-05 1
1.059470e-05 1
2.926943e-05 3
8.501890e-06 1
1.477627e-05 4
2.093103e-05 1
4.312841e-06 1
3.201696e-07 1
3.806857e-06 1
2.008009e-06 1
1.526371e-05 25848
2.178201e-05 1
1.236817e-05 1
2.344751e-06 6
2.603701e-06 1
6.129832e-07 151
2.199159e-07 1
3.584012e-06 265030
6.852786e-07 2
5.486344e-08 1
5.817240e-06 3
3.003335e-06 3
7.051445e-06 1
2.074881e-05 1
2.488527e-05 3
1.195067e-05 787
2.751348e-07 1
1.719994e-05 1
1.059339e-05 6
1.035029e-05 2
2.147732e-06 36901
6.567586e-06 1
1.923367e-06 1
3.412114e-07 1
9.374657e-07 54116
1.210883e-05 1
9.339593e-06 1
8.357236e-06 1
2.730887e-07 1
1.336706e-05 1
1.530746e-05 1
1.089271e-05 1
3.202483e-06 1
5.682436e-06 1
1.394186e-05 1
3.414681e-06 168
8.433423e-06 1
3.588458e-06 730
3.034873e-06 30178
1.597250e-06 220
2.200343e-05 1
9.420904e-07 5
1.330221e-05 82
4.625184e-06 84
3.352438e-06 2
1.275233e-05 1
1.029040e-06 6
1.331084e-05 2
9.314309e-06 10
8.639937e-06 1
2.510769e-06 1
1.616669e-05 1141
4.398361e-06 3
6.465247e-07 235
5.593357e-06 2
4.959304e-06 1
4.237575e-07 48681
1.770524e-05 2
2.188172e-06 6
7.603818e-06 1
1.335095e-05 1
1.133583e-05 13825
1.770104e-05 1
1.382777e-05 3
1.784171e-06 1
1.164049e-07 1
2.937684e-06 7
1.588841e-05 3
1.019571e-06 18
7.550907e-06 1
9.817860e-06 3
8.200505e-06 1
1.016664e-05 1
8.158672e-06 3
1.597591e-05 3
4.759817e-06 6
2.176369e-06 1
3.641867e-06 2
2.892200e-06 1
8.846779e-06 18
3.572811e-06 1
1.171019e-05 1
1.256767e-06 3
1.663767e-05 2
1.003849e-06 1
1.192175e-05 3
4.942096e-07 1
4.506994e-05 1
8.580992e-06 1
5.313763e-06 1
6.999844e-06 3
1.092831e-05 1
1.496018e-06 1
2.793871e-06 1
3.474943e-07 1
1.416262e-05 5
5.033360e-06 33
4.220722e-06 140
9.256245e-06 2
2.878904e-07 1
1.635742e-05 204
5.775461e-06 3
2.388832e-05 259
6.254233e-06 3
1.934603e-05 1
2.922537e-06 1
2.418029e-06 215
2.195348e-05 2
2.588116e-06 1
2.538770e-06 1
2.868678e-06 1
1.845723e-05 2
3.992004e-06 1257
1.718331e-06 1
1.238929e-05 1
1.329225e-06 5
7.274760e-06 3
1.672989e-05 7
1.650998e-05 605
1.300339e-05 1243
7.824000e-06 1
6.005870e-06 2
8.880409e-06 1
1.903975e-05 3
1.633095e-05 3
2.826881e-05 2869
1.072546e-05 1
1.082332e-05 2
7.660753e-06 6
1.168071e-06 3
1.598629e-05 1
7.689087e-06 6
1.704899e-06 3
5.612486e-06 2
6.341467e-06 1
7.653457e-06 1
1.446332e-05 2
2.340372e-05 1
2.161750e-05 1
3.820234e-06 336769
8.797838e-07 1
6.726713e-07 1
6.158068e-06 1
7.593685e-06 36132
2.355214e-06 1
9.989730e-06 1
7.632892e-07 306
6.928654e-07 1
3.269538e-06 1
9.795604e-06 588428
2.222501e-05 1
9.946335e-06 1
9.253269e-07 1
2.900967e-05 1
9.105364e-06 267
3.347904e-06 749
4.984514e-06 1
6.736196e-06 7
1.925726e-06 3
1.930967e-05 1
2.747399e-05 1
1.080504e-05 1
1.044160e-05 73
1.650306e-06 1
2.646738e-06 1
2.660974e-05 37536
1.698042e-06 1
2.651692e-06 12420
2.263557e-05 1
1.013681e-05 1
1.835545e-05 1
9.090542e-06 4
5.935747e-06 1280
3.839372e-05 1
1.090925e-05 4
2.555215e-06 5
9.861259e-06 1
1.110290e-05 1
7.300741e-06 1
4.411490e-06 1
3.781766e-06 1
1.730402e-05 1
2.263227e-05 1
1.521626e-05 1
1.369709e-06 1
1.045523e-05 423
1.220976e-05 2
1.926154e-06 1
1.372988e-06 1
4.884021e-06 193
3.397953e-06 1
7.746524e-06 807
1.892583e-05 7
2.059454e-06 590
5.589466e-06 1
4.543672e-06 1
1.511906e-05 1
5.337028e-06 1
4.522422e-06 1
2.173804e-07 1
8.825610e-06 3
3.253185e-06 136
5.088423e-07 1
1.513196e-05 1
6.367885e-06 742
1.289696e-05 1
2.624183e-06 1
3.794865e-06 1
5.758816e-06 1
4.849287e-06 1
2.988941e-05 1
3.532509e-06 1
2.906693e-06 2
1.405049e-05 1
1.502616e-05 3
4.472461e-06 144
5.199398e-08 1
1.877518e-06 1
1.910221e-06 1
4.940279e-06 1
4.540524e-06 1
5.004106e-06 2
4.368796e-05 3
1.111494e-05 6
7.097108e-06 3
2.308700e-06 3
2.760215e-05 1
2.394748e-05 256
2.582129e-05 1
1.195835e-05 1
2.613409e-07 156
8.750044e-06 3
1.268631e-05 1963
3.459334e-06 1
7.916902e-06 1
6.278565e-07 3
1.914151e-06 1
4.677549e-05 3
4.613961e-06 7
3.908727e-06 50893
5.942983e-06 1
9.161236e-06 42191
7.537574e-06 1
2.107659e-06 49489
5.105504e-06 1
7.933104e-06 42448
1.159936e-05 3
1.785999e-05 1
3.973454e-06 1
1.701344e-05 1
8.229803e-06 1
1.308065e-05 1
6.687256e-07 22186
6.536829e-07 27712
8.731921e-06 1
5.397968e-06 6
1.321382e-07 3
1.525398e-05 26605
2.750832e-07 1
1.209409e-05 57680
4.205362e-06 5
8.731864e-07 1
1.955031e-07 6554
2.196551e-05 1
1.938879e-06 2
9.851538e-06 780
1.699847e-05 32
4.639792e-07 1
9.213302e-06 1
1.148022e-05 1
5.333581e-06 1
7.212363e-06 2
4.153892e-06 317
2.959204e-05 7
9.598884e-07 46143
8.865197e-06 222
7.196168e-06 1
1.859561e-05 1
2.008237e-06 4
1.063568e-05 3
8.320535e-06 43052
8.914343e-06 3
2.188388e-06 225
1.082679e-05 1
2.218319e-06 210
7.446630e-06 1
9.667884e-06 1
9.437507e-06 1
1.247817e-06 2
7.516523e-06 1
1.386127e-05 473519
4.386096e-06 1
2.522764e-05 1
1.880473e-05 1
1.491490e-05 53170
1.206472e-07 1
1.902829e-05 1636
1.344878e-06 1
1.016050e-06 3
8.426762e-06 1
7.213547e-06 42
1.639420e-05 1
5.068377e-05 1
1.351437e-05 3
1.423273e-05 45086
5.868801e-07 62
1.014044e-05 33
2.072916e-05 1
1.892833e-07 3
1.296884e-05 1
1.004222e-05 1
9.476416e-06 505
1.428173e-05 1
1.299918e-06 1876
2.008262e-06 6
1.631873e-06 9280
3.479443e-05 1
6.662929e-06 208
2.086958e-06 2
2.728782e-05 1
3.822566e-06 7
2.380189e-05 1
9.632584e-06 145
1.209581e-05 1
2.338613e-06 1
1.780082e-05 1
2.102765e-05 18089
2.539277e-06 156
1.084957e-05 2
9.585661e-06 1
6.344913e-06 1
2.660587e-06 1
2.689931e-05 1
1.704233e-05 1
3.808695e-06 102
9.472300e-06 3
6.905145e-06 2
3.486071e-06 1
1.207575e-05 1
4.722541e-06 255
5.486720e-07 2
2.351232e-06 2
3.673420e-05 1
4.441594e-06 1
2.949701e-07 31
1.361372e-05 5
3.069845e-06 1
2.661671e-06 1
1.600672e-05 1
4.280639e-06 1
6.904710e-06 1
1.165939e-05 1
8.779079e-06 1
1.092345e-05 7
1.146172e-05 1
1.506312e-06 1753
6.812281e-06 2
7.848507e-07 3
4.239800e-08 5
4.351091e-07 50
1.194580e-05 1
2.570382e-06 1
2.445441e-06 1
2.018316e-05 2
3.175656e-07 17
1.451044e-07 4
1.292847e-05 6
3.408857e-06 3
9.033090e-06 512
2.427992e-06 2
1.275885e-06 1
2.722974e-06 2
1.927432e-05 3
3.991389e-06 1
5.002732e-06 1
3.608816e-06 1
1.469073e-05 1
1.023099e-05 1
3.330289e-05 1
2.345919e-05 1
7.128282e-06 368
4.767672e-06 6
3.302754e-06 1
3.506177e-06 2
7.233894e-06 2
1.890945e-06 5
2.107380e-05 1
8.341611e-06 1
2.605913e-05 1
2.963680e-06 3
2.041608e-05 49
2.084175e-06 1
8.867318e-06 1
7.147099e-06 2
8.607160e-06 529
1.447766e-05 17
2.549790e-07 5
1.052517e-05 3
3.243563e-06 1
3.616789e-06 2
1.570163e-05 1
1.133200e-05 1
2.671596e-05 1
2.365207e-06 1
1.193868e-05 1
1.934930e-07 94
6.825923e-06 7
1.878645e-07 1
3.548116e-05 1
1.762225e-06 132
1.562060e-05 2
7.970677e-06 1
1.916600e-06 1
1.761456e-05 479
1.821832e-06 1
2.298741e-05 2
1.928011e-06 3
6.730775e-06 1
3.269670e-05 2
3.637301e-05 24
1.209244e-05 5
2.913118e-05 1
5.614696e-07 78
2.926094e-05 5
1.248168e-05 2
1.363326e-05 1
3.016101e-07 131
3.785439e-06 3
1.091170e-05 1
4.247447e-05 3
9.349953e-07 1
1.752776e-05 1
1.070933e-06 1
6.680622e-06 98
1.453758e-05 9
6.233237e-07 6
3.807866e-06 102
1.047050e-06 4
3.024545e-05 3
7.181795e-06 1
2.963844e-06 1
1.738525e-05 1
1.017525e-06 1
1.584127e-06 1
1.089774e-05 3
8.829345e-06 2
2.216608e-05 1
1.094562e-05 1
1.620266e-06 1
2.725420e-05 23341
1.329813e-05 1
3.246615e-05 2
5.696072e-06 1
4.438815e-06 1
3.960460e-05 2
9.017627e-06 2
6.919190e-06 3
8.114023e-06 7
5.762882e-06 7
1.888993e-06 2
4.819856e-07 21
2.785796e-06 1
3.610859e-06 1
3.460156e-06 2
1.294926e-05 33
3.857960e-07 184
1.142432e-05 2
6.651806e-06 944
5.558856e-06 1
1.770183e-05 1
5.293778e-06 1
3.065268e-06 4
2.498972e-05 1
5.003447e-06 1
1.284638e-06 1
6.667707e-06 1
1.775857e-05 1
4.147316e-05 1
1.287613e-05 45
1.493149e-05 1
1.614090e-06 1
5.506511e-06 3
8.827177e-06 3
1.073774e-05 4
2.228041e-05 1
7.078626e-06 1
3.430171e-05 2
2.352626e-05 1
2.584919e-05 4
8.677570e-06 1
4.082306e-06 222441
1.018517e-06 2
2.279594e-06 4
1.865991e-05 2075
3.275695e-06 1204
1.697752e-05 5
2.446097e-05 1
3.890305e-06 1
3.689041e-07 4
5.605317e-05 230
3.410464e-06 170
1.833928e-05 3
6.955048e-06 3
1.684806e-05 1
6.707115e-06 1
1.922238e-06 1
6.598197e-06 1
9.449733e-07 1
4.207690e-06 1
8.141460e-07 1
2.589929e-06 30799
2.802975e-06 1
4.029934e-06 114
2.035030e-06 4
9.388669e-06 1
1.407538e-06 19856
7.460744e-07 2
1.592067e-05 1
3.792904e-06 4
4.561609e-07 1
2.432955e-05 2
6.483490e-06 1
5.201945e-06 1
1.632260e-05 1
4.721102e-06 1
2.183325e-05 1
1.154513e-07 1
2.020335e-05 53817
6.048236e-06 7024
4.170024e-05 2
2.150597e-06 1
4.367144e-06 1
3.206494e-06 46301
5.203081e-06 5
5.994635e-06 1
8.355055e-06 3
4.368390e-06 63708
6.005400e-06 1
6.110915e-07 43394
7.174670e-06 3
9.947140e-07 1
1.616668e-05 1140
8.304385e-06 52
9.988324e-06 170
4.392253e-06 175
5.177509e-06 1
3.974001e-08 6
1.332531e-05 182
2.974605e-07 1
1.668758e-05 1
7.140825e-06 1
2.322338e-06 1
1.799139e-05 1
1.265443e-05 3
4.906469e-06 2
8.377980e-06 2
2.570133e-05 1
2.723088e-06 2
1.810375e-07 2
8.920148e-06 208
1.742802e-05 7
9.688388e-06 1
1.203237e-05 1
1.855121e-06 187
8.092958e-06 1
1.321039e-06 1
1.240309e-05 18
6.022769e-06 1
4.984454e-06 3
1.052091e-05 5
7.670786e-06 1
3.951807e-05 3
1.662956e-05 1
1.645310e-05 2
1.206223e-05 1
7.914908e-06 5
3.094708e-05 1
2.081940e-08 361986
3.745598e-06 3
2.888886e-06 1
8.436062e-06 4
6.193383e-06 1
7.737568e-06 2
2.025159e-05 2
3.511494e-06 3
6.830454e-07 7
7.097909e-06 1
7.185308e-06 1
1.986586e-05 167068
3.709877e-06 5
8.772199e-06 1
1.724181e-05 4
1.670421e-06 1
7.752763e-07 47878
4.495781e-07 3
1.095961e-05 1
4.974341e-06 1
2.352231e-05 5
2.071653e-06 7
3.263019e-06 30558
1.751078e-05 3
3.560950e-05 1
8.180784e-07 3
7.598705e-06 1
2.766876e-06 1
4.209748e-05 456
1.307478e-05 221
2.787534e-06 1
1.738744e-05 201
1.441657e-06 3
3.981214e-06 1
1.209157e-07 35458
1.610843e-06 6
2.816575e-05 3
3.906360e-06 1
1.302872e-05 26261
6.824476e-06 1
7.771007e-06 711
3.384124e-06 3
8.642553e-06 4
1.196425e-05 3
6.305470e-06 113
8.894972e-06 1
1.582664e-07 2
2.949963e-07 1
9.021783e-06 1
2.622665e-06 12
2.500446e-05 469147
5.867932e-06 2
1.419680e-06 211
2.569425e-06 1
7.352264e-06 2
4.116746e-06 3
8.790759e-07 203
6.968925e-06 4
1.986223e-07 6
2.374464e-06 1
2.019102e-06 207
3.259215e-06 1
3.736275e-06 3
3.063710e-06 1
9.068338e-06 1
1.379065e-05 1
1.973668e-05 394635
5.419645e-07 1
1.570410e-06 1
9.588730e-06 45028
2.300425e-06 1
3.320278e-06 4
1.835503e-05 17265
2.327842e-06 7
3.999400e-05 1
1.838634e-05 1
4.299647e-05 5
1.855826e-08 1
3.167558e-06 1
1.747033e-06 6
6.514353e-06 3
1.373528e-05 1
7.593010e-06 2
8.052175e-06 1
3.929256e-06 7
3.676228e-05 1
5.696919e-06 1
8.367516e-06 1
1.097069e-06 1
7.474181e-07 2
4.534554e-06 1
3.450979e-06 3
4.646957e-06 1
1.875548e-06 1
9.020233e-06 1
1.132762e-07 144
2.935077e-08 7
1.488774e-05 1
3.404825e-07 943
4.512668e-05 1
2.354009e-05 1
1.634540e-05 431557
1.929707e-05 30
1.834122e-05 1
1.699491e-06 1
1.127644e-05 4
7.815417e-06 1
4.131490e-05 1
3.983722e-06 1
1.133856e-05 1
2.646627e-05 1
3.001760e-06 6
1.098508e-06 1
5.034867e-06 3
9.426631e-06 1
1.151703e-05 1
4.473211e-06 1
9.012895e-06 581
8.779101e-06 1
4.499154e-06 3
1.098058e-06 1
1.845867e-06 1
4.602671e-06 93
7.442909e-06 1
5.582334e-06 3
2.454596e-05 2
8.373811e-06 1
1.450967e-06 3
1.103399e-06 1
8.453837e-07 3
1.044865e-05 1914
1.054554e-06 1
1.025204e-05 3
2.350776e-06 2
1.234389e-05 1
8.951453e-07 7
9.555193e-06 1
4.917471e-07 15
1.163073e-06 5
4.790938e-07 1
1.059906e-05 1
2.112596e-06 47924
9.558430e-06 3
2.464656e-05 1
1.427719e-05 2
2.840376e-06 1
4.103623e-05 3
8.446511e-06 4
2.972648e-06 1
8.230457e-06 1
1.568375e-05 2
4.729699e-05 3
1.085762e-05 1
8.703253e-06 2
1.612237e-06 108
5.810922e-05 1170
2.241873e-06 2
1.898114e-05 1
5.864943e-06 1
6.838055e-06 1
2.699394e-05 1
7.748969e-06 3
5.004658e-06 1
2.426499e-05 1
1.294646e-06 72
5.226080e-06 4
3.882303e-06 1
1.983070e-06 3
3.252010e-06 1
2.045571e-05 1
2.894985e-08 1
1.003873e-05 3
1.884856e-06 1
1.188415e-05 4
6.778395e-07 1
5.083815e-06 1
7.119736e-06 173
5.927311e-06 1
4.373477e-05 1
1.322254e-06 1
1.497193e-06 1
4.141144e-05 3
6.079766e-06 2
3.748127e-06 1233
7.092652e-07 1
9.542865e-06 290
2.472976e-06 2
7.904345e-07 6
1.848296e-05 1
7.988061e-06 5
1.191725e-07 1
1.626140e-05 1
1.686689e-06 5
4.241268e-06 5
2.695472e-05 1
7.874262e-06 5
1.850087e-05 1
3.438521e-06 5
2.359628e-05 1
1.393985e-05 1
9.503258e-06 3
1.468706e-05 7012
1.359664e-05 5
2.757101e-05 609867
1.009532e-05 1
2.218531e-05 3
3.289284e-07 114
6.123751e-08 1
7.087667e-06 1
2.367890e-06 3
4.508746e-06 2
3.563686e-05 1
2.642904e-05 5
3.163562e-05 1
1.080299e-05 487755
3.895770e-06 54250
1.074054e-05 1
2.892368e-06 1
4.938727e-06 4
5.531380e-06 1
3.743849e-05 115
1.248921e-05 2
1.167108e-05 2
4.314758e-06 1
4.450964e-05 3
1.307376e-06 53981
9.799106e-06 1
3.939134e-06 1
1.412743e-05 1
6.335521e-07 2
1.100551e-05 2
8.483699e-06 1
2.541541e-06 1
3.063507e-06 3
1.671971e-05 1
1.240628e-05 18
2.903042e-06 1
7.264119e-07 1
5.767104e-06 1
1.095915e-05 1
4.900234e-06 1
5.992443e-06 1
8.358604e-06 246
8.254217e-06 1
5.324999e-07 1
2.605151e-06 6
5.395209e-06 1
5.576141e-06 1
4.305684e-07 1
6.780080e-07 3
1.385318e-05 1
5.276598e-06 1
1.190098e-05 2
4.637272e-06 1
5.405897e-06 1
6.724738e-06 1
8.271887e-06 4
6.615972e-07 24785
1.955090e-05 3
2.807944e-06 1295
4.123878e-06 3
7.539133e-06 5
3.017939e-05 3
8.170592e-06 3
1.664508e-05 1
2.667520e-06 2
1.218955e-05 47433
1.643129e-06 1
5.171506e-06 1
1.217160e-05 1
1.769044e-05 7
1.134027e-05 1
1.154822e-05 1
8.172006e-06 2
2.890256e-06 6
1.493093e-05 4
1.800088e-05 246
1.564100e-06 1
3.525489e-06 4
2.227826e-05 241
7.438553e-06 1
2.231458e-05 5
2.530234e-05 173380
6.546035e-06 1
6.855027e-06 253
2.489769e-06 3
5.206471e-06 2
2.472480e-05 1
3.682139e-06 5
1.654141e-05 3
9.146794e-07 1
1.888571e-05 64
3.010824e-06 1
7.649427e-06 2
2.986006e-05 1
2.004615e-06 3
3.932885e-07 3
8.933677e-08 1677
4.568520e-06 2
9.286953e-06 3
2.170097e-05 172
8.841952e-06 2
8.813318e-06 1
3.315214e-06 1
3.769766e-06 2
1.491383e-06 2
8.297681e-06 1
4.163834e-06 1
2.610197e-07 1
7.036237e-06 1
5.141425e-06 1
1.615006e-05 1
2.310865e-05 2
4.255234e-06 3
5.950703e-06 1
9.143827e-07 1
2.194412e-06 14
3.061395e-05 1
8.714340e-06 1
1.095794e-05 5
4.194837e-05 1
6.566910e-07 1
1.083963e-05 6
7.337868e-06 4
1.611656e-05 231
1.785226e-06 3
8.208750e-06 1
1.807140e-06 2
1.204364e-05 1
7.423806e-06 66085
4.798024e-06 1
5.484677e-06 62254
5.066227e-06 26858
3.931110e-06 1
1.639905e-05 199
3.202925e-05 1
2.005295e-06 981
7.502766e-06 1775
2.536919e-06 53
7.468867e-06 1912
4.614168e-05 3
1.436714e-05 1
7.657570e-07 1758
8.148557e-07 33556
4.320014e-07 45576
4.836380e-06 15605
4.344310e-05 332
5.897735e-06 2
5.692947e-06 1
4.846193e-06 7
1.802851e-07 1
4.604670e-06 4
1.141067e-05 1
4.280662e-06 3
3.195160e-05 1
1.875216e-06 1931
3.669640e-06 1
6.676223e-06 3
3.846293e-06 1
1.075022e-05 3
3.437344e-05 7
2.253247e-05 3
2.401396e-06 1
8.628679e-06 2
3.183429e-06 1
2.330927e-05 2
7.489173e-06 1
6.179112e-06 1
5.421946e-06 205
9.894058e-06 2
5.988867e-05 1141
1.048499e-05 1
2.961035e-06 4
1.901006e-05 1
1.859533e-06 7
4.055115e-06 13237
1.231555e-05 1
1.377743e-07 233
2.539397e-06 3
1.532292e-05 3
1.555184e-06 5
9.251965e-07 1
1.192938e-06 1
1.189642e-05 14679
2.104668e-05 17300
7.513126e-06 50258
9.052357e-06 1918
5.334225e-06 28
6.274778e-06 1
1.189171e-05 1
1.018008e-06 227
1.367375e-05 1271
5.535132e-06 51223
8.276086e-06 50255
1.009968e-05 1486
2.344514e-05 58884
3.364397e-05 1
1.350041e-05 45911
2.216185e-06 1
2.735627e-05 1070
1.587211e-05 2
8.491812e-06 3
5.560215e-06 156
1.706079e-06 2
9.590286e-06 1
1.344324e-05 61
1.396595e-05 1
2.725071e-05 3
7.135147e-06 1
2.036642e-06 3
9.755025e-06 1
8.640405e-06 56766
3.069873e-06 1
1.061855e-05 1
4.982293e-06 3
1.165106e-06 1
1.016246e-05 1
6.750916e-06 1
1.293880e-05 1
2.287992e-05 1
3.377655e-05 1
2.818334e-05 2
2.214689e-06 1
2.662417e-05 246
1.917892e-06 1618
1.546742e-05 4
1.061205e-05 1
1.520850e-05 1274
6.367641e-06 1
1.823917e-06 1
1.258394e-05 7
3.591450e-06 2
7.563235e-06 2
1.755399e-05 5
3.964084e-06 1
1.788217e-05 1591
1.481712e-05 1
2.287104e-06 7
8.024495e-06 6
1.547931e-05 3
4.990339e-08 1
6.578444e-06 29859
1.766507e-06 1
1.953210e-06 1
2.139527e-05 1
1.342951e-05 2
1.350769e-05 5
8.817522e-07 340539
6.106369e-06 2
3.264501e-06 1
1.583584e-05 47757
5.122535e-06 1
2.173923e-07 79
1.044767e-06 1
6.353742e-06 6
1.695519e-06 167
2.954406e-06 1
2.983466e-06 1
1.073150e-05 2
1.032798e-05 3
3.541236e-06 1
1.298715e-05 1
1.367036e-06 3
3.603472e-06 2
6.193421e-06 1
4.165236e-06 5
1.995171e-05 1
6.610539e-06 1
8.104163e-06 4
3.470668e-05 1
1.188977e-05 211
2.003777e-05 5
1.861646e-06 1
1.279461e-05 3
3.424698e-06 1
6.270346e-06 1
6.723820e-06 1
5.032636e-06 6
2.465141e-05 1104
3.023425e-06 1
2.134626e-06 1
1.535182e-05 1
6.231756e-06 6
1.891396e-06 65
5.405231e-06 1
4.494008e-06 2
6.681357e-06 1
4.208148e-06 3
3.301305e-06 1
9.280937e-06 1
1.474302e-05 79627
4.404812e-06 4
1.358889e-05 1
9.414963e-06 2
7.516623e-06 1
1.096035e-05 1
8.891450e-06 2
1.455878e-06 1
6.537821e-06 2
1.264036e-05 1
1.593702e-06 4
1.714665e-05 1
9.034196e-06 1
7.777697e-06 1
1.672128e-05 1
7.353807e-06 1
5.157548e-07 1
3.736360e-06 3
1.511801e-05 2
1.659697e-06 7
2.017377e-05 1
4.725757e-06 6
1.147709e-06 1
6.792153e-06 2
1.372389e-05 123
1.271290e-05 1
1.848869e-05 2
2.534256e-06 1
7.802093e-07 156
1.592693e-05 1
2.658748e-06 1
1.249087e-05 1
4.258921e-06 2
5.741690e-07 1
6.956387e-07 445963
2.989779e-06 1
6.026471e-06 4
7.498411e-06 167
5.229030e-06 4
2.931669e-06 1
1.037281e-05 2
1.029302e-05 1
1.993442e-07 177372
3.019448e-06 1
7.478048e-06 3
2.109071e-06 1
2.202500e-07 3
