1.419690e-04 1
3.325006e-05 3
1.626258e-04 4
2.377534e-05 1
1.139865e-04 2
5.964524e-05 1
1.323605e-05 384596
1.308523e-05 851
2.810239e-05 1
4.805247e-05 1
7.555988e-05 48272
2.430349e-05 1
3.503307e-05 1
9.941224e-05 1
2.969832e-05 3
6.046578e-05 50
2.858966e-06 1
2.520840e-05 540125
1.354249e-07 7
3.607066e-05 3
4.221262e-05 1
6.520716e-06 1
4.588558e-06 3
3.812487e-05 1
8.376242e-05 229
1.979376e-05 1
7.464320e-09 1
6.020178e-05 167
1.100261e-04 1
1.371056e-04 253
3.285442e-05 1
1.613150e-05 65461
7.011842e-06 1
5.325158e-08 4
4.201431e-05 1
5.348243e-07 1
2.268147e-05 3
1.032694e-05 348
1.084736e-05 1
4.697245e-06 2
5.389828e-05 1014
3.599858e-05 2
1.822131e-04 1
4.886876e-05 1
2.832729e-05 88
1.133769e-04 257
2.900298e-08 1847
2.359861e-05 1
2.285730e-05 1
1.346190e-05 1
4.415659e-06 1
4.448272e-06 5
4.756083e-05 3
3.831651e-05 2
5.013755e-05 1
6.339450e-06 2
2.869150e-06 1
1.008837e-05 6
2.171268e-05 7
6.421506e-05 3
4.342938e-05 1
3.283413e-05 1
2.686027e-05 1
4.573119e-05 1
2.726208e-05 75
2.635560e-05 4
1.287135e-04 1538
5.384771e-05 86
8.315052e-05 1
1.600394e-05 3
7.415852e-05 3
9.981280e-05 2
6.781625e-05 1
2.290915e-05 1
3.638385e-05 1
1.043675e-04 2
1.033419e-04 5
1.216866e-04 1
9.632076e-06 2
6.976088e-05 7
1.748674e-05 1
4.098774e-06 1
7.478649e-06 1
2.174677e-05 3
1.183623e-04 1
5.772719e-06 119
3.747012e-05 1
1.024134e-04 1
1.097453e-04 1
3.992643e-05 226
1.727560e-04 1
3.384289e-06 158
3.178270e-05 1
3.397401e-05 1
4.199755e-05 1266
1.740038e-05 2
6.863727e-05 3
2.286045e-05 492
3.442090e-05 207
2.289652e-04 1
1.842941e-04 238
8.179558e-06 2
6.783478e-05 1
3.392240e-05 158
2.648131e-05 1
6.575802e-08 194
2.021067e-07 1
4.072968e-06 220
3.561534e-05 1
2.965131e-05 1
1.744047e-05 1
5.822077e-05 1
4.555020e-06 1
3.033532e-05 2
4.733683e-05 7
1.484243e-04 1
2.263035e-05 3
2.205414e-05 1
2.809427e-05 6
3.439357e-05 26
6.133275e-05 6
7.557574e-05 5
5.286112e-05 1
6.615043e-05 21145
1.221004e-04 1
1.928229e-05 438
1.889762e-05 2
1.787481e-05 4
7.031832e-05 257
6.196696e-05 1
2.369747e-05 1
2.022947e-05 1
1.498766e-05 2
6.092962e-07 1
3.872248e-05 1
1.506538e-05 2
4.351316e-05 1
2.276611e-05 1
2.816250e-05 1
1.067267e-04 768
1.087841e-06 2
1.384086e-05 158749
7.927021e-05 6
4.188577e-05 1
1.184028e-05 2
4.661367e-06 1
2.205396e-06 1094
3.092632e-05 1
1.623052e-05 6
9.253209e-05 2
6.425692e-05 2
2.750659e-05 1
3.174594e-05 1
1.350769e-06 3
1.192320e-04 4
9.704129e-07 48
4.783170e-05 1
2.472366e-05 187
2.622345e-05 3
7.384241e-05 1
3.821150e-05 1781
2.551655e-05 2067
5.864382e-07 1
9.012000e-05 1
7.120225e-06 1
9.028231e-05 1
3.460471e-05 1
1.481997e-05 5
7.483609e-05 250
1.069506e-04 1
1.031843e-05 3
2.505970e-05 2
2.655649e-06 246
1.257128e-04 1
1.200747e-04 1
1.599458e-05 1
4.822419e-05 1
2.014183e-05 1
4.191935e-06 2
4.276619e-05 561
2.579172e-05 1
5.712512e-05 2
2.863597e-05 6
1.692187e-05 1
8.199573e-05 924
1.560100e-05 1
2.652567e-05 1
1.280170e-06 1
2.120946e-05 1
6.598705e-05 3
6.612614e-05 1
2.354045e-05 3
3.199455e-05 1128
3.344482e-05 1375
6.096771e-06 1356
6.889229e-05 1
6.195719e-06 3
6.546817e-05 1
1.303549e-05 3
2.587672e-05 3
7.570731e-06 1
1.698012e-05 1
1.291565e-05 1
1.640544e-05 4
1.552340e-04 3
9.374086e-05 1
1.964417e-05 6
1.551446e-05 1
1.141673e-04 787
3.623262e-05 1
3.117994e-05 2
5.767503e-05 1
1.708777e-05 1
8.067873e-05 3
6.748578e-06 1
6.871058e-05 1
6.047591e-06 1
1.909541e-06 2
2.999749e-05 1
1.021132e-05 1
2.332351e-05 1
1.174134e-04 1
2.428556e-05 3
4.203074e-05 1
2.400514e-05 2
5.264041e-05 1
2.029095e-05 1
4.103998e-06 2
7.944178e-06 1
1.867906e-05 1
5.883587e-05 3
1.955895e-05 1
3.645253e-05 1894
1.065527e-04 2
7.798975e-05 1
1.457788e-05 1
5.544835e-05 1
6.327789e-05 3
1.796773e-06 148
4.592338e-05 1
4.355884e-05 1
1.592754e-04 1
1.064172e-04 1
4.123557e-05 1
5.452206e-05 1
1.473964e-05 4656
3.251594e-05 6
2.067182e-05 1446
7.833756e-05 3
3.620242e-06 7
2.582690e-05 1
1.213011e-04 1
3.258267e-06 243
1.109378e-04 2
1.426567e-04 1
1.262639e-04 192
3.801685e-06 1
1.330264e-04 1
4.125868e-05 1
9.669442e-05 2
4.206684e-05 1
1.522493e-05 1
9.349093e-06 1235
1.394501e-04 339734
6.280841e-05 187
7.769601e-05 2
3.167970e-06 106
1.572769e-06 1
4.511773e-05 1
3.942479e-05 1
1.893052e-05 1
2.995842e-05 217024
1.187985e-06 1
3.863725e-06 1
1.721262e-04 1
6.110836e-06 1
1.152671e-05 1
9.661590e-06 1
5.983393e-05 1
4.327023e-05 2
3.724670e-05 18
2.943280e-06 1
1.210706e-04 1
1.094446e-04 1410
7.140917e-06 2
6.851766e-05 2
1.629482e-04 4
8.514373e-05 1
1.690103e-04 3
5.420556e-05 271591
2.951049e-06 1
5.154053e-05 1
1.133423e-05 1
6.131019e-05 5
1.146492e-05 6
2.872479e-06 5
4.045142e-05 2
2.874274e-05 1
1.311776e-04 1
1.320717e-04 1
1.011488e-04 1
1.702083e-04 1
1.094830e-05 241
2.217046e-07 159
8.266189e-05 4
6.043328e-05 2
5.339146e-06 3
7.928568e-05 3
1.089555e-05 31698
2.310190e-06 1
7.424674e-06 3
7.131037e-05 1
1.261103e-04 3
1.990321e-05 3
2.362481e-05 1
7.698603e-05 3
1.103517e-04 513
5.498114e-06 1
1.630945e-05 1
6.810335e-05 7
1.372941e-05 925
2.072600e-06 102
6.118877e-05 4
5.382871e-06 209
9.755085e-05 2
2.106057e-05 3
1.242825e-05 214
1.284453e-04 2
2.804316e-05 56888
3.215890e-06 229
1.259067e-05 1
2.686762e-05 1
6.265379e-06 1
1.156026e-04 1
9.972400e-06 3
2.761629e-05 1637
2.704995e-05 57895
5.082215e-05 2
4.181452e-05 1
3.683991e-05 73
1.327217e-04 1
8.763991e-05 1
4.724928e-05 7
1.579326e-05 160
1.512874e-04 23
3.947431e-06 2
4.885629e-05 1
4.900142e-05 1
3.604067e-05 1
1.047880e-04 1
1.129731e-05 5
2.795415e-05 1
1.065979e-05 228
8.507404e-05 4
7.368562e-06 6
2.387825e-05 3
1.176319e-05 1
3.118192e-05 4
1.355863e-04 1
1.326971e-04 1
2.202021e-05 1
3.844397e-05 91
4.031171e-05 2
6.268983e-05 2
1.603265e-05 308
4.164030e-05 189
1.009369e-04 1
2.015904e-05 1
2.628345e-05 204
1.151554e-05 3
1.141382e-04 1
8.685286e-05 3
4.193047e-05 1
6.555638e-05 1
3.578796e-05 23439
1.098772e-05 1
3.021163e-05 1
3.570820e-08 124
4.654704e-05 1
4.548850e-05 3
6.831622e-05 2058
4.450870e-05 7
8.191514e-05 6
5.975197e-05 1
4.957708e-05 33259
8.262885e-05 5
1.502655e-05 1
9.064850e-05 1
2.216711e-05 1
5.684877e-05 137
1.910997e-05 1632
4.863452e-05 1
1.019046e-04 1
1.626281e-05 1
8.226034e-05 60208
1.950864e-05 2
4.682296e-05 1
1.439766e-05 1
6.626145e-05 171
3.573296e-05 1
1.268720e-05 1544
5.199930e-05 2
3.274827e-05 7
9.235572e-06 1
1.253550e-05 79
1.889389e-05 2
2.508301e-05 1
2.610678e-05 23984
3.757280e-05 1
3.586841e-05 28
7.628806e-05 3
6.460255e-06 1
6.359865e-05 1
1.036372e-04 1
1.741834e-04 1
9.657999e-05 1
5.982708e-07 1
5.676147e-05 1551
1.137819e-04 1
1.297085e-05 1
4.211572e-05 97
1.448145e-04 1
2.060588e-05 43488
4.153108e-05 1541
4.122737e-05 1
2.158589e-05 1
2.102001e-05 7
2.601020e-05 2
2.105346e-05 2
1.197306e-05 1
6.847376e-05 4
1.238416e-05 1
2.113039e-05 93597
1.671120e-04 1
1.723378e-05 130
7.607345e-06 1
1.412013e-05 1
3.659358e-05 1
4.710658e-06 2
2.598128e-06 1
3.255317e-05 1
2.529605e-05 4
9.385347e-05 1
6.543627e-06 1
6.062823e-05 1
5.904585e-05 1
1.692375e-05 2
6.259271e-05 1
7.397928e-05 7
5.828343e-05 1167
9.864832e-05 1
9.424005e-06 1
3.320327e-05 2
5.801125e-06 62
4.050985e-05 1
3.637586e-06 2
1.852475e-05 22
6.297826e-05 1
1.472447e-04 2
4.462013e-05 1
2.458810e-04 3
1.547621e-04 1
6.223231e-05 2
5.632418e-05 1
9.107733e-05 205
3.227893e-05 150
2.466824e-05 3
6.212795e-06 1
9.204785e-05 1
4.757099e-05 1
1.618371e-05 2
9.133767e-05 3
1.432090e-04 1
3.387675e-06 1
1.034663e-04 1
8.960849e-05 1
9.667475e-06 6
7.857785e-05 4
6.239067e-07 210
3.025860e-05 38160
2.846088e-05 5
4.507527e-05 1
7.877916e-06 7451
2.778541e-05 1
1.133466e-05 3
1.867462e-04 1
1.538206e-05 9054
7.971873e-05 6
9.637903e-06 112
1.096220e-04 1
3.579498e-05 1
5.085186e-06 232187
2.789274e-05 76
5.182538e-05 3
1.457812e-05 1
9.138205e-05 1377
7.186346e-05 7
4.566193e-06 1
6.323340e-06 1
2.134022e-05 1
4.464904e-05 1
1.504122e-04 1
1.639450e-05 3
2.374584e-05 1
5.428316e-05 1
6.323507e-05 3
2.089632e-05 1
3.681542e-05 1
9.410203e-06 3
2.141094e-05 7
1.266161e-05 1
4.743951e-05 1
1.782252e-05 16
5.476404e-06 3
3.434242e-05 1
2.457523e-05 1
1.258576e-05 38745
7.505438e-06 1
1.095460e-04 1
1.593388e-04 12
4.777406e-05 4
1.364961e-05 1
2.211816e-05 1
3.899445e-05 1
1.623624e-04 1
3.806055e-05 3
6.169513e-05 1
4.236482e-06 3
1.132006e-05 1
2.269593e-05 1153
1.651055e-05 593
4.100444e-05 13630
1.555592e-05 1
1.981574e-05 80
8.934227e-06 1
1.561196e-04 1
9.884890e-06 1
2.798629e-05 143
1.091073e-04 79
2.193816e-05 1
7.405829e-05 85
9.713112e-05 1
2.819175e-05 59
6.394664e-05 2
5.249039e-05 1
1.154337e-05 55862
2.125590e-05 325753
9.264521e-05 1
3.711653e-05 3
6.756545e-06 1
1.743107e-04 18089
1.532334e-05 268
1.155636e-04 1902
3.320790e-05 3
8.043185e-05 5
1.386856e-05 1805
9.873117e-07 3
1.897264e-04 7
6.034872e-05 1
7.362056e-05 3
2.630017e-04 4
1.851515e-04 1
2.175677e-05 6
4.542849e-05 1124
4.138208e-05 1
4.401257e-06 1
3.098589e-06 1
4.093352e-05 1
5.461526e-05 1
1.017070e-04 1
1.237443e-04 1247
2.441903e-05 1
5.834319e-05 1
9.745395e-06 1283
1.479827e-04 7
9.818786e-05 1
2.958651e-05 1
3.629514e-05 6
2.003872e-05 1
3.381168e-06 2
1.223876e-04 2
2.571874e-05 3
1.720308e-05 6
4.386466e-05 1
1.151731e-04 3
1.585018e-06 187
1.318206e-04 1
1.930953e-05 1
1.115799e-04 1
2.172568e-04 1
5.789779e-06 208
6.945819e-05 1166
4.140298e-05 1
4.462066e-05 565003
4.642326e-05 2
4.695928e-05 125
3.241048e-05 198
2.350410e-06 2
5.032434e-05 1
1.591403e-05 3
4.989736e-06 3
6.055895e-05 1
1.055560e-05 1
9.978356e-06 3
3.135927e-05 3
2.747300e-05 2
2.395429e-04 2
2.159851e-06 3
2.918260e-05 5
4.964019e-05 1
2.409972e-06 1
8.514757e-05 2
9.247262e-05 1
7.748918e-05 1
7.429891e-05 1
1.217656e-04 1
7.900125e-05 40481
2.676325e-05 4
8.482090e-06 4
3.004177e-05 1
2.427798e-05 1
1.254469e-05 929
7.898655e-05 413
1.773514e-05 1
2.000507e-05 3
2.872616e-05 1
1.804545e-05 37841
2.669518e-06 31359
1.253170e-05 52648
1.100840e-05 1
4.494483e-06 1
1.185639e-05 1
1.763290e-05 496815
5.404315e-06 1
5.568387e-05 2
7.237239e-05 2
6.253018e-05 6
7.091851e-06 1
6.077907e-06 1
1.286658e-04 1
1.393134e-07 4
1.191221e-06 1
4.883882e-05 1
1.725017e-05 1
1.503110e-05 1
4.570189e-05 3
1.368055e-05 42843
8.446199e-05 1
3.262119e-05 40854
6.702630e-05 1
8.289858e-06 1
2.262720e-05 64498
8.417065e-05 1
8.211400e-05 39
7.279494e-05 1
2.819788e-06 1
7.576499e-06 3
1.491778e-06 1827
1.709665e-05 85
4.747778e-05 3
3.193182e-05 1
1.114707e-04 3
5.990632e-05 22180
6.058879e-05 1
5.230244e-05 2
5.722495e-05 2
2.451585e-05 3
5.403810e-05 1
3.364576e-05 2
6.654296e-05 1
7.286165e-05 164
2.209936e-05 5
5.163816e-05 3
9.650318e-07 1
4.824383e-05 3
1.169004e-05 3
1.312692e-04 1
5.198416e-05 1
1.711713e-04 1
2.196670e-05 103
1.571110e-04 3
1.422196e-05 95
1.427448e-05 1
1.168041e-04 2
7.005505e-05 1
7.790187e-07 1
5.077136e-05 3
8.467431e-06 2
3.281458e-05 159
4.280619e-05 1
3.842494e-04 3
9.980567e-05 6
9.260528e-06 1
1.726240e-05 146
1.508670e-05 2
6.204765e-05 134
2.749282e-05 1
2.845825e-05 1
2.397128e-05 2
8.583214e-05 1
5.787261e-05 4
4.603128e-05 1
9.508798e-06 2
4.442775e-05 1
3.713306e-05 1
4.071116e-05 1
3.741911e-05 1
6.646013e-06 1
4.574235e-05 1
9.160314e-06 1201
7.939751e-05 216
1.014623e-04 1587
9.971182e-06 1
6.653721e-05 1
5.115120e-05 66
3.358209e-05 2
3.808753e-06 1
3.591813e-05 1
4.491063e-05 1
8.445218e-05 1
9.754329e-05 1
2.196511e-05 2
1.126316e-04 3
1.332319e-05 1
3.394281e-05 1
2.485558e-05 216
1.353109e-05 1
3.339655e-05 894
1.018891e-04 1
1.812590e-06 3
8.160373e-05 765
3.997429e-05 3
3.927283e-05 1
2.471015e-06 3
3.396115e-05 2
1.443114e-05 2
1.502497e-06 3
1.724946e-04 246
1.283017e-04 4
3.798401e-05 39
8.670501e-05 3
2.182320e-05 3
2.711784e-04 1
1.055422e-04 1
3.777547e-05 2
6.942278e-06 3
3.915706e-05 1
7.900592e-05 51710
1.284958e-04 3
7.224911e-05 3
3.731796e-06 3
8.650742e-05 3
4.425226e-05 1517
7.375589e-06 1
5.198971e-05 37
1.324853e-04 1
4.813924e-05 1
1.935768e-05 1
1.092400e-04 7
4.487544e-05 1
1.380714e-04 1
1.085298e-04 1
7.671967e-05 1
2.835791e-05 1
2.098324e-04 1
6.946008e-05 1
2.279304e-05 88
9.290792e-05 1
1.556546e-05 3
1.316343e-04 1
1.491620e-06 1
3.172398e-05 1
2.599399e-05 130
4.682604e-06 1
4.869226e-05 1
3.999232e-06 3
2.827819e-05 1
3.081462e-05 711
1.326870e-04 1
1.859595e-04 1
1.355888e-05 1
5.118261e-05 486
3.586335e-05 1
7.069683e-05 1
3.156647e-06 1
7.314512e-05 5
1.247163e-07 1
7.315901e-05 1
1.762637e-05 7
1.145892e-04 9618
1.838886e-05 1
1.576176e-06 4
4.484498e-06 1
1.861493e-05 125
4.194983e-05 2
3.534545e-05 217
7.009536e-05 1
1.715299e-04 3
7.650634e-05 4
1.795683e-04 1
1.710129e-04 1
2.602364e-06 1
2.461555e-05 1
1.513586e-05 1
2.074266e-04 1
7.046841e-05 199
1.015985e-04 2
1.089131e-05 1
1.162155e-05 2
3.462381e-05 2
1.620186e-05 1
1.491462e-04 1
5.116023e-05 1
1.763754e-05 5
6.309397e-05 7
1.670703e-05 3
4.557914e-05 2
4.765990e-05 1
5.474451e-06 1
1.089865e-05 2
2.548910e-05 1
2.307987e-05 3
4.111740e-05 2
3.459073e-05 1863
3.214570e-05 6
7.318971e-06 1
3.658775e-05 6
6.513100e-06 1
1.434085e-05 1
2.926280e-05 1
1.596326e-04 1
2.264962e-05 4
1.594782e-05 167
1.067475e-04 1
5.476125e-05 1
8.921086e-05 2
7.819794e-05 1
1.136590e-05 1
6.438867e-05 54
1.844511e-05 1
2.065103e-05 1
1.630226e-05 57825
8.117492e-05 4419
3.919784e-06 1
2.850466e-05 1
2.091396e-05 1994
1.203107e-05 1
1.329774e-04 2
5.618724e-05 103
2.053732e-05 5
4.671945e-05 1716
8.015682e-05 38457
3.019949e-05 1
5.749355e-06 5
2.994711e-05 2
5.650763e-06 203
3.017629e-05 1
1.081029e-04 5
7.256739e-05 225
1.429628e-05 3
2.313419e-05 1
8.105380e-05 390
2.328486e-05 3
3.474699e-05 3
5.160391e-05 1
6.024280e-05 6
2.289807e-05 1
5.965112e-06 6
1.680740e-04 1
2.991392e-05 3
3.121633e-05 3
5.000008e-05 2
3.484185e-05 1
1.499063e-04 192
8.102730e-05 1
1.062357e-04 2
2.129929e-06 2
2.098292e-05 1
3.298468e-05 2
1.719430e-05 1
3.698961e-05 2
1.317434e-04 2
7.432538e-05 3
4.400631e-06 429225
1.175006e-05 1
1.543739e-04 266
3.361793e-05 1
1.236696e-04 1
4.251520e-05 26
3.344887e-05 1
6.039469e-05 1
6.802002e-05 7
2.293882e-05 1
8.030489e-06 1
8.215851e-05 16166
8.863948e-05 59
3.568525e-06 1
4.155774e-05 2
5.652752e-06 1
2.047866e-06 3
5.845111e-06 1
1.650054e-05 1
4.856158e-06 57
2.440723e-06 1286
3.611052e-05 1
2.151664e-05 1
5.664884e-06 1
1.250487e-05 2
1.337730e-05 1
2.941272e-05 3
2.803518e-05 789
2.080437e-05 160
1.279550e-05 2
6.917574e-07 2
1.097200e-04 1
4.124734e-05 3
8.071507e-07 2
8.340659e-05 3
3.111553e-05 1
5.783030e-05 1
5.492570e-05 1
1.541410e-04 267
2.585848e-05 1
1.536981e-06 82
1.809440e-06 2
4.015990e-05 1
2.602848e-05 1
2.963513e-05 235
7.923451e-06 292065
6.961141e-05 2
1.824232e-05 2
7.230281e-05 1
1.136922e-04 1
2.267300e-05 1
5.033753e-05 1
2.229563e-05 28
8.331970e-05 5
1.302024e-05 2
2.810200e-06 1
1.451562e-05 2
2.007138e-05 1
1.834899e-06 1
1.897768e-05 3
5.580083e-05 1
6.217071e-05 5
1.031545e-04 3
7.045407e-05 1
9.826644e-05 36963
6.701209e-05 1
1.316856e-04 1
2.171360e-06 111
1.899283e-05 1
7.609056e-05 243
6.281094e-05 1
1.341403e-04 1
4.318925e-05 2
1.533912e-04 1
4.154025e-06 1
1.369492e-04 1
5.362219e-06 2
1.855270e-06 33
3.939833e-05 1
2.834379e-05 1
9.190506e-05 498707
1.158774e-05 1
2.984132e-05 3
6.334541e-06 2
4.954644e-05 5
1.427467e-04 5
1.446632e-04 3
7.995363e-05 260
1.107105e-05 1
4.777481e-05 3
2.974653e-05 1
1.690620e-05 1
8.173729e-05 5
3.326658e-05 1
7.326188e-05 265
1.105724e-04 21158
4.727670e-07 1
1.034345e-04 1
3.182838e-05 1
3.263263e-05 3
4.856894e-06 1
5.160726e-06 3
8.706365e-05 175
8.482714e-07 1
1.494988e-05 5
4.072546e-05 2
4.314348e-05 5
2.246314e-05 1
6.334470e-05 1
3.855467e-05 534
1.809841e-04 1
4.469016e-07 1
8.011888e-05 3
6.311503e-06 1
2.656424e-05 429
2.777850e-05 1
1.094623e-04 3
1.526231e-05 1
1.178577e-05 1
3.225438e-05 3
5.557919e-05 3
7.823054e-05 1
1.484164e-05 1
7.883477e-05 1
2.224815e-05 1
1.268262e-04 41314
4.424580e-05 1
2.853403e-06 2
5.337678e-05 210
1.115959e-06 1
1.669288e-04 1
3.652841e-05 1
4.142885e-05 1
1.072293e-05 7
4.036251e-05 1
3.163909e-05 3
2.861355e-05 3
9.802442e-06 3
5.673650e-05 1
6.008966e-06 2
9.478624e-07 1
1.179953e-05 1
5.653494e-05 1
1.928791e-05 1205
2.596850e-05 2
8.812233e-05 1
1.228319e-04 1
1.476429e-06 58488
1.793644e-05 1
4.167615e-06 3
5.331666e-05 6
9.485988e-05 1
6.772157e-05 2
4.262361e-05 1
4.664429e-05 1499
5.058281e-05 1
1.051133e-05 1
3.640151e-05 1
1.471854e-04 1
8.476832e-06 228
1.476949e-05 1
9.372597e-05 3
5.874387e-05 245
3.306414e-06 3
5.699056e-06 1862
3.990105e-06 1
1.616710e-05 1
4.210543e-05 1
2.801106e-05 197
1.126853e-04 3
1.373901e-05 1
8.027497e-07 1
5.543251e-06 2
2.888720e-06 3
9.903756e-06 1
1.861848e-05 125
3.388344e-05 142
2.484455e-05 1
3.551280e-06 1
1.645936e-05 1
2.407694e-05 1
9.813011e-06 1
6.538081e-05 3
2.082704e-05 2
3.982572e-05 1
9.246400e-05 1
3.136658e-05 1
2.670298e-06 1
1.151941e-04 1
7.273219e-06 4
2.357649e-05 1
1.743988e-04 1
1.034377e-04 7
6.106060e-05 1
2.295546e-04 3
1.208244e-04 1
2.284807e-05 2
6.093350e-06 4
1.397512e-04 1
3.190282e-05 1
2.024495e-04 1
1.477689e-05 1
1.870970e-05 1
4.399073e-05 1
1.006494e-05 1
1.711471e-05 1
2.980615e-06 1
4.910161e-05 1
4.381465e-05 228
1.738955e-05 54975
2.645988e-05 1
1.240542e-04 53290
1.846666e-05 1
9.792908e-06 1
1.078039e-05 14917
5.377593e-06 2
1.025036e-05 1
2.291618e-06 2
1.326218e-05 2
8.003517e-06 13
9.964098e-05 1
7.266383e-05 1
3.907888e-05 2
2.254236e-05 1
4.416620e-05 2
2.796540e-05 199
9.650926e-05 3
1.637059e-04 1339
7.695452e-07 2
1.725085e-05 2
7.831670e-06 3
1.164510e-04 1
1.203254e-04 1
2.019035e-05 255
2.575820e-05 1
5.182527e-05 2
1.866190e-05 1
6.828523e-06 1
4.998383e-06 3
2.876352e-05 1
3.182845e-05 1
1.083095e-04 1
5.901119e-05 1
2.888651e-05 2
1.695658e-05 3
3.446528e-05 40342
3.058248e-05 1
4.511017e-05 1813
3.514011e-05 1
1.620503e-05 1
1.095365e-05 2
1.665747e-04 44
2.750258e-06 1
1.236386e-04 1
5.439526e-05 1
6.324980e-05 193
1.783790e-05 233
1.358979e-05 1
2.326227e-05 3
2.530146e-05 1
2.146664e-06 3
8.770514e-05 1
1.238838e-05 2
3.276213e-05 1
5.984379e-05 1
7.458264e-05 1
6.102993e-05 6
1.068271e-04 4
2.286063e-05 1
4.710184e-05 5
3.460824e-05 1
3.786353e-05 3
1.507131e-05 1
1.068002e-05 42544
3.589025e-06 3
3.786261e-05 1
8.699524e-06 2
2.675789e-05 2
5.546808e-05 1
7.790733e-05 26
8.934335e-05 3
1.491011e-05 1
4.598780e-06 1
8.018899e-06 1
2.077091e-06 1
1.813747e-05 267
2.939903e-05 29
2.372327e-05 6
6.721657e-06 2
1.572130e-06 7
9.386164e-05 1
9.567605e-05 12380
8.162641e-06 2
4.188103e-05 1
1.709902e-05 3
4.052280e-05 602
9.557003e-05 2
2.855549e-05 61770
7.567748e-05 1
2.784167e-05 1458
1.726580e-04 1
3.795679e-05 1
8.926364e-05 2
2.429492e-05 1
9.396665e-06 205
1.354380e-04 1
2.648710e-06 1
2.122780e-05 2
1.898169e-05 2
1.638202e-05 1
6.893074e-05 2
3.166165e-05 4
1.804174e-05 4131
4.713992e-05 2
9.824971e-05 1
3.255901e-05 1
7.971338e-06 1
1.892625e-05 13
6.928250e-05 1
1.195676e-04 17782
9.690744e-06 1
7.063607e-06 915
7.745145e-05 1
4.390113e-05 41302
9.380427e-06 5
2.030685e-04 1
4.135225e-05 1
1.199306e-05 3
6.868563e-05 1
2.699696e-05 1
1.160277e-04 2
1.121290e-04 2
1.199617e-04 92
1.368735e-04 1
1.028130e-04 3
1.666276e-05 1
2.191432e-05 7
3.710396e-05 1
4.029537e-05 6
1.311527e-06 3
8.360914e-05 2
8.262521e-05 2
1.170080e-04 3
1.495815e-05 2
1.604399e-04 4
2.717455e-05 153
2.152138e-06 1
1.293605e-04 3
5.314589e-05 7
3.172764e-05 1
7.241160e-06 6
1.959973e-05 1
6.666809e-05 1846
2.147844e-05 1
2.211141e-05 3
9.494098e-05 1
1.191370e-04 1
1.616485e-05 1
3.071019e-06 1
1.979134e-06 892
2.012678e-05 2
1.281423e-04 1
7.569894e-06 1
5.864826e-05 2046
6.384401e-05 250
9.661838e-06 1
4.585085e-06 1
3.036500e-05 1
1.194544e-04 2
1.849251e-06 1072
8.555954e-05 3
1.512029e-06 1
5.618375e-05 1800
5.179985e-06 6
5.243045e-05 51648
3.737693e-05 1
1.403132e-04 1
9.023441e-06 1
7.767675e-05 7
9.003238e-06 1
1.376985e-04 159
1.978242e-05 1
1.038110e-05 35077
4.776267e-06 1
1.137654e-04 199
2.904099e-06 62503
2.337779e-05 1
1.218716e-05 1
7.527384e-05 1
7.557716e-05 235
5.763657e-06 2
1.170257e-04 2
1.819113e-04 115
1.256480e-05 1
8.648299e-05 1
5.380993e-06 1755
1.343180e-05 1
1.410666e-05 1
3.002470e-05 276
2.240860e-05 1
1.284281e-05 3775
2.306038e-05 1
5.439019e-06 1
3.326720e-05 6
4.338863e-05 3
5.404877e-06 1
2.449082e-05 3
2.888388e-05 1
3.895009e-05 1
1.085359e-05 1
5.430627e-06 6
4.058290e-05 187936
1.542414e-05 1
2.444449e-05 1
1.418564e-04 1
6.311271e-05 3
8.598261e-06 235
2.894371e-05 37187
3.733612e-05 1
4.212497e-06 1
7.171410e-05 3
1.536122e-07 239
3.872471e-05 7
3.816119e-05 1
7.412715e-05 1
6.552162e-06 1
3.423178e-05 1
9.534131e-05 1
5.033547e-05 4
3.920230e-05 1
2.791033e-05 1
2.540201e-06 2
4.736677e-05 60265
7.080098e-05 2021
2.127553e-05 3
4.885308e-05 55
4.099931e-05 4
1.485691e-05 1
1.868471e-05 3
1.593568e-05 1
6.151038e-05 28357
4.530356e-05 3
2.834285e-05 1
2.761888e-05 1
8.561593e-06 3
1.211763e-04 1
3.742456e-06 556
1.275964e-05 1
2.107311e-05 1
4.956496e-05 230
6.489105e-05 1
9.139342e-05 237
9.412711e-05 6
1.202303e-04 1
1.044317e-04 1
9.506765e-05 1
4.323551e-05 3
1.360348e-06 1
2.692599e-06 1
4.665384e-05 42903
1.130119e-04 1
1.209793e-04 48
1.079054e-04 2
1.364521e-05 1
1.476229e-04 2
4.950357e-05 1
5.224608e-05 1
5.811573e-06 1
1.728548e-04 2
9.582230e-06 5
8.185322e-06 3
1.968052e-05 1
8.084285e-05 1
1.845627e-06 3
3.378368e-05 4
6.984703e-06 1
1.540125e-05 1
4.150811e-05 1
2.413706e-05 1436
2.316163e-05 1
2.332196e-05 1
3.759090e-05 1
6.093242e-06 1
2.028734e-05 5
7.105766e-06 7
1.386106e-06 1
1.306715e-05 1
2.158444e-05 7
4.243521e-06 1
1.394567e-04 1
3.859244e-05 1
3.441171e-05 1
3.843433e-05 1
1.599498e-05 200
3.028913e-05 37143
7.682147e-06 1
2.825674e-05 2
1.089394e-04 117
6.290216e-06 1
1.021590e-04 1
7.456880e-05 19
4.239375e-05 1
3.557181e-04 1
4.948899e-05 1
2.769208e-05 1
5.598414e-05 2
1.049255e-04 1552
1.064213e-04 1
6.294881e-05 1
1.537873e-04 274
1.200988e-05 2
7.130480e-05 1605
1.065790e-04 1
3.806450e-07 5
3.650248e-05 1
1.396708e-05 3
2.067121e-06 6
2.206416e-05 97
5.436562e-06 4
1.040363e-05 1
5.879118e-05 4
6.242259e-05 24316
9.896838e-06 1
8.221579e-05 128
5.917991e-05 1
4.298948e-05 1
3.463918e-05 5
2.637250e-05 1
1.049004e-04 1
3.844331e-05 3
8.790446e-05 1
1.432059e-05 1
5.066014e-05 2
3.147752e-05 2
4.867964e-05 134
8.520900e-06 1
7.626688e-05 1
5.302492e-05 1
1.111901e-04 2
1.374029e-05 59
3.589801e-05 1
8.614647e-05 1
2.320767e-05 1
1.371068e-04 36546
1.928992e-04 1
1.618939e-05 3
1.287646e-04 5
3.232906e-05 370
1.459288e-04 1
8.502770e-05 2
2.111755e-05 1
4.600610e-05 2
9.586457e-06 2
3.725658e-05 1
2.200898e-04 1
3.661692e-05 1
3.761865e-06 2
7.913439e-06 1
6.007303e-06 1
6.133368e-05 1
4.555015e-05 1
3.552247e-05 1
4.219510e-05 1
7.179032e-06 3
3.206189e-05 3
3.727505e-04 1
2.298207e-05 1414
9.333112e-06 1
2.133282e-05 3
7.477164e-06 114
1.559752e-04 3
1.004260e-05 2
2.638305e-05 6
1.556433e-07 5
1.139248e-05 1
5.988482e-05 1
3.716477e-05 2
6.470706e-05 1
2.541540e-05 2
5.069868e-05 1750
8.576957e-05 50
3.152609e-05 1
2.137760e-04 1
7.849101e-05 2
6.374420e-05 1
2.450413e-05 2
3.366750e-05 53412
8.889175e-05 1
2.884925e-05 1
5.186397e-05 3
3.347016e-05 5
4.574321e-05 4
1.991177e-05 3
5.154789e-05 1
6.453259e-05 1
2.105827e-04 1
3.287558e-05 1
5.867651e-05 1
1.364049e-05 2
9.236941e-06 1
5.204427e-05 163
8.120680e-05 1
6.360698e-05 129
8.207555e-06 1
1.422901e-04 3
7.742620e-06 200
6.604450e-05 2
2.874997e-05 47
1.019277e-06 1
5.889764e-06 218
1.827988e-05 1
8.967525e-06 1
4.694175e-05 4
1.057383e-04 204
6.379888e-05 1
2.792065e-05 1
2.167401e-05 5
1.642729e-05 1
3.630151e-05 1
1.261897e-05 1
1.939681e-05 1
3.562923e-06 2
2.419782e-05 110
5.605068e-06 1
6.422972e-05 17396
5.944168e-05 6
2.371756e-05 1
3.161999e-05 2
1.094346e-04 3
8.460108e-06 1
5.354261e-06 1
4.270158e-05 7
2.129650e-05 7
3.798943e-05 2
2.082983e-05 1
7.187851e-06 2
7.122842e-05 2
1.774140e-05 1
8.141574e-06 1
4.720791e-05 3
8.724480e-05 1487
2.483928e-06 1227
2.246180e-05 1
2.166098e-05 3
1.119122e-05 1
4.313937e-05 146
2.016106e-05 1
1.238662e-04 1
4.464620e-05 3
7.278186e-06 1
4.065557e-05 2
9.522948e-06 2
1.782129e-04 2
4.568147e-05 5
4.483114e-05 151
4.486251e-05 1
2.529802e-05 1
9.539059e-06 6
1.182964e-05 1
8.063706e-05 175
1.631827e-05 1
1.235264e-05 1
1.168782e-04 7
1.652744e-06 1
7.595912e-05 5
1.653115e-04 1
9.625028e-05 1
1.255892e-04 1063
1.515365e-04 17412
5.248073e-06 2
6.044356e-05 1579
1.913582e-05 5
1.658771e-05 5
1.943747e-05 1
4.616756e-05 4
7.462185e-05 91
7.986660e-05 1
1.720593e-06 3
1.748955e-05 1155
2.055269e-05 213
2.191416e-05 3
5.716896e-05 3
1.675040e-05 5
7.615362e-05 114
8.067367e-07 476
5.986833e-06 1
2.429598e-05 5
2.872855e-05 66
8.180984e-05 971
2.757874e-05 1
9.001024e-06 1
7.959711e-07 3
2.326195e-05 1
8.428824e-05 1
1.669955e-05 1
1.266589e-04 1
9.773155e-06 1
1.769367e-04 3
5.906697e-06 4
1.536936e-05 1
3.912817e-05 1
1.535063e-05 1
1.231581e-05 7
3.433746e-05 1
5.047216e-06 1
3.634964e-05 1190
2.098980e-05 39
9.193399e-05 1
5.390444e-05 1
8.428189e-05 1
3.424671e-05 1
4.230925e-05 1
1.983676e-05 1
2.054185e-06 232
1.006542e-04 1
1.566936e-05 52427
1.241452e-04 4
7.180378e-06 1
4.256619e-05 5
1.534138e-04 1
4.814049e-05 1
9.209630e-05 435856
1.413199e-06 1
6.821819e-05 2
5.896928e-05 1915
4.702534e-06 235
6.452574e-05 1
3.048861e-05 7994
2.819091e-05 1
5.881314e-06 1
3.583044e-05 266
2.650114e-05 119
5.063763e-07 1
4.347435e-05 1956
8.020317e-06 230
1.135026e-06 86
2.634151e-05 1
2.644798e-05 45535
1.557900e-05 1
6.703314e-05 225
3.192418e-06 1
1.010327e-04 61372
2.117298e-05 3
5.850129e-05 3
5.857913e-05 788
1.264175e-05 234
4.402975e-05 3
6.152805e-06 1
3.681895e-05 202
3.470269e-05 66
1.554856e-05 5
9.065428e-06 3
2.233915e-04 3
1.613969e-05 427970
4.588886e-05 1
5.649990e-05 1
2.094353e-05 1
8.782991e-05 1
1.002465e-05 1
7.875925e-05 6
1.618852e-04 113
1.451684e-04 1
4.669481e-06 274672
2.239996e-05 62084
2.862592e-05 3
1.341391e-05 1
8.039554e-05 2
9.556992e-06 3
1.177295e-06 4
7.490259e-07 1
1.265424e-05 1
3.158459e-05 1
4.655222e-05 4
1.399678e-05 257
1.731803e-05 179
2.669367e-04 1
2.326881e-05 1
4.289834e-05 1
4.953249e-05 1
3.795381e-05 241
4.477088e-05 1228
1.341905e-05 1
5.015604e-06 1
1.243127e-04 1
3.898297e-05 1
3.096258e-05 3733
4.871426e-05 3
1.678551e-05 3
1.001874e-06 1
8.402035e-05 1
1.715148e-04 1
4.872106e-05 1
3.289181e-05 2
1.851533e-04 3
5.574680e-05 3
2.095266e-05 3
4.772573e-06 2
8.863826e-05 1
1.567859e-05 5
6.253703e-05 4
7.977556e-06 1593
4.539371e-06 1
2.269905e-04 1
1.235195e-04 2
3.656966e-05 2
7.965922e-07 2
2.187839e-05 55
4.245196e-05 1258
1.507209e-04 701
3.220095e-06 1
9.336213e-05 31729
7.963693e-06 1
1.960753e-04 2
3.338713e-05 16921
4.278509e-05 87
1.082736e-04 3
1.202131e-04 2
4.081508e-05 1
8.299054e-06 1
2.856392e-05 20
2.850310e-05 1707
2.219002e-04 1
1.887198e-05 1
4.785478e-05 1
6.519705e-05 820
4.094923e-05 6
1.062381e-04 1
1.145882e-05 1
3.368273e-05 1980
1.963078e-04 7
9.548846e-05 2
8.103973e-05 1
3.067815e-06 1
3.087925e-05 2
3.357687e-05 1
2.448186e-05 1
1.555530e-05 14
8.013420e-05 1
9.309965e-05 1
4.596344e-05 834
7.220050e-05 1
7.320717e-06 658320
1.509533e-05 4
5.263053e-05 1
1.707610e-05 6
1.452969e-04 2
1.601886e-04 1
1.031287e-05 1
6.459647e-05 1
3.852340e-05 3
7.679659e-05 2
4.469633e-05 1
8.075308e-05 7
5.062648e-05 1
8.927488e-06 2
4.809329e-05 7
2.283252e-05 1
9.831765e-05 1
1.154232e-04 1
6.809202e-06 117
2.735521e-05 178571
1.573395e-05 267968
2.618655e-05 1
1.754036e-04 1
9.610905e-05 1
2.278368e-06 1
8.920207e-05 1
1.256512e-04 1
2.263206e-05 2
1.873403e-05 4
2.660360e-05 17381
7.431849e-05 947
7.536760e-05 1
2.560663e-05 1
8.620097e-07 398
9.538756e-05 3
6.283287e-06 1
4.748173e-05 2
2.528984e-05 1
6.231915e-05 109
5.831360e-05 3
1.511471e-04 1
2.519089e-05 141
5.732297e-05 2
2.787139e-05 1
1.435654e-05 5
3.218837e-05 1
6.135700e-05 1
6.558309e-05 1
5.265379e-05 1
8.842458e-06 1
2.505599e-05 240
2.571322e-05 1
4.754324e-05 1
1.458615e-06 1
4.221571e-06 1
2.134116e-05 5
3.112784e-06 290004
1.214478e-04 2
2.608150e-05 1
4.909193e-05 2
2.942214e-05 28
1.575576e-04 1
1.325287e-04 1
1.714977e-05 1
1.109802e-04 686
1.845602e-05 63
5.832819e-05 6
3.254656e-05 4
1.513633e-05 1
1.949826e-04 1
4.232603e-05 161
5.639208e-05 24
4.188973e-05 1
8.235125e-05 2
4.729412e-05 1
6.931681e-05 7
2.368855e-05 2
6.375181e-06 1
1.329796e-05 1
8.516354e-05 1
3.623210e-05 1
2.040655e-05 114
1.213731e-05 1
1.823809e-05 6
7.837551e-05 2
3.769130e-05 3
2.051861e-05 3
7.834804e-05 1
1.160860e-05 97
2.401929e-05 3
9.303605e-06 158
4.944076e-05 2
1.377486e-04 1
1.047925e-04 1
7.095624e-05 4
8.862328e-05 6
3.000686e-06 1
1.943199e-05 1
3.213189e-05 1
8.083400e-06 1
1.239247e-04 8716
4.021196e-06 1
2.328161e-05 3
9.375720e-05 5
7.560604e-05 573
2.120485e-05 3
3.502646e-05 1
9.515509e-05 1
6.210298e-05 4
7.881770e-06 1
1.444792e-06 73
1.639811e-05 7
2.131232e-05 5
8.472025e-05 1
3.300686e-05 2
7.238371e-06 3
2.315476e-05 5
8.750215e-05 1
3.897732e-06 1
1.260079e-05 3
4.288451e-05 1
1.029333e-05 50818
1.238048e-04 2
1.430286e-06 369
1.900541e-04 5
1.847443e-04 1
4.387528e-05 1
7.245269e-05 46
1.475242e-05 164
1.527641e-05 1
7.064486e-05 1
2.145327e-05 3
4.966925e-05 6
3.777112e-05 1
4.785034e-05 201
7.941089e-05 3
6.884701e-06 1
6.479585e-05 1
1.409910e-05 1
3.594549e-05 1
8.627871e-05 6
4.792340e-05 1
5.605637e-06 7
5.442227e-05 3
3.157143e-05 1
1.078189e-04 3
1.819584e-05 1
7.582892e-05 6
5.787178e-05 2
1.340294e-04 216
5.354547e-05 5
1.094321e-05 1
4.902650e-05 1
9.922990e-05 242
2.018745e-05 1
1.068299e-04 1
3.114375e-06 286758
1.481623e-05 1
1.505932e-05 3
2.329535e-05 129
3.640911e-06 1
2.017426e-04 1
2.418985e-05 1
1.834242e-05 1
5.901820e-06 1
3.729363e-05 1
2.639390e-05 1
2.108890e-05 1
2.488557e-05 1
3.657588e-05 1
8.405257e-06 1
5.626360e-06 1
1.883661e-05 1
8.956176e-05 2
5.202380e-05 3
1.664790e-05 153
6.066388e-06 1
5.456116e-05 1
2.432677e-05 2
1.119866e-05 2
1.043845e-05 1
9.591903e-05 3
4.459562e-05 233
4.344646e-06 530
7.170759e-05 2
3.478209e-05 5
6.405307e-05 1
8.438626e-05 1
1.638652e-05 1
1.175714e-05 1
2.748075e-05 1
1.001541e-05 1
3.139773e-05 3
4.497657e-05 3
2.548403e-05 1
3.444449e-07 3
4.701611e-05 1
1.744905e-05 6
7.452058e-08 1
2.920291e-05 258
9.671167e-06 3
7.002709e-06 1
6.251769e-05 1
3.320460e-05 1
1.091999e-04 1
1.440273e-04 1
1.569003e-04 3
2.543893e-05 6
4.241664e-05 506
5.103683e-05 1
8.867208e-05 1
1.357619e-05 1
1.384971e-04 1
3.303750e-05 1
4.623977e-05 5
2.564504e-05 1702
6.909064e-06 1
1.778509e-05 1
1.896187e-05 47
2.239571e-05 1
2.664599e-05 3
2.930942e-05 3
2.630535e-05 1
4.060779e-05 2
7.074765e-06 2
9.142688e-05 1883
3.778383e-05 1
5.486229e-06 2
1.344764e-04 2
1.259969e-05 1
4.662975e-05 2
4.418290e-05 1
8.586826e-05 1
6.344437e-05 1
3.002618e-05 1304
1.886417e-05 253
1.078488e-05 5
1.553784e-04 3
7.541285e-06 1
8.542173e-06 5
3.460986e-05 1
5.652479e-05 7
1.301740e-04 2
4.284378e-06 2
4.773534e-05 1
1.262742e-05 25438
1.178003e-05 1
2.418461e-05 1138
3.573908e-05 1
1.245642e-05 2
3.789195e-06 1780
8.615761e-05 1
9.078348e-05 728
9.355064e-05 1
1.081307e-05 1
2.699355e-05 3
5.452911e-05 1
1.951826e-04 1
7.223669e-06 7
6.662642e-05 1
4.244888e-05 1
2.822726e-05 1
3.122178e-05 1
1.788565e-05 1
1.514244e-05 1
4.188508e-05 3
8.107654e-06 1
2.210011e-05 3
5.698372e-05 1
6.964348e-05 1
1.187632e-05 386
7.516190e-08 5
1.237788e-05 5
2.769882e-05 1
5.775301e-05 201
7.547148e-05 3
2.012122e-06 5
7.489193e-05 1
1.278593e-04 6
2.761115e-05 1
3.663392e-05 1
1.304250e-04 1
1.568304e-04 2
2.333448e-05 589
3.385486e-06 2
4.974151e-05 6
1.311082e-05 3
3.863791e-05 2025
2.930757e-05 16
2.370428e-07 1
1.291247e-05 6
4.674407e-05 1
3.912475e-05 1
1.338386e-05 6
2.430650e-04 245
7.258483e-06 1
2.227845e-05 7
4.765501e-05 1
8.124359e-05 182
6.931050e-05 3
4.220226e-05 2
5.327140e-05 3
3.604645e-06 1
1.786662e-06 2
3.991805e-06 1
2.571193e-05 1
7.401653e-05 56686
2.065594e-05 4
3.514896e-05 1
8.828313e-05 1
7.745579e-05 71
1.020117e-05 193
5.184933e-05 1
1.999620e-05 5
1.157880e-05 245
5.092426e-05 1
9.999554e-05 2
1.823693e-05 1
3.105789e-05 2
1.072838e-04 41374
9.601501e-06 29783
1.777368e-05 26981
6.257853e-05 1
4.790526e-05 1
1.101755e-05 4
2.762419e-05 3
8.796242e-06 2
3.320931e-05 1
7.309883e-05 3
1.268990e-04 5
2.490399e-05 3
3.313089e-05 2
1.172241e-04 63392
5.307297e-05 1
5.478423e-05 1
7.384643e-06 1
1.169193e-05 1
4.892136e-05 36437
3.943978e-05 3
6.254098e-05 194
5.073430e-05 1
2.995802e-05 1
5.696660e-05 1
9.453417e-06 1112
3.975276e-05 1
3.413775e-05 1
7.061584e-06 1
1.618332e-05 51859
2.485173e-05 1
6.400352e-05 1252
2.247945e-05 1
6.477640e-06 2
9.339115e-05 4
2.580855e-05 1
6.049395e-05 1
3.162829e-05 3
4.471670e-05 1001
3.463207e-05 1
2.937104e-05 3
1.030926e-04 106
1.254951e-05 3
1.353395e-05 3
3.207871e-05 2
1.057056e-05 1
5.673970e-05 122
5.155040e-05 198
9.442036e-05 1
1.550038e-05 1
5.915017e-08 1
1.427321e-06 1
6.524092e-05 1
3.396943e-05 10283
1.222155e-04 61612
3.442411e-05 1
4.901693e-05 1
1.596015e-05 1
2.669409e-06 1
1.060262e-04 2
7.685422e-06 168
7.556775e-05 1
3.606926e-05 5
4.161912e-05 2
3.075753e-05 1
8.948223e-05 1
4.127389e-05 1
1.941929e-05 1
1.208890e-04 2
2.178809e-05 3
8.067985e-05 1
1.532209e-05 1
5.317585e-05 1
8.727646e-06 1
3.784792e-06 1
3.043159e-05 3
1.029346e-04 1
1.648687e-04 11362
7.281449e-05 1
8.810299e-06 1
8.009706e-05 1
4.794071e-05 2105
1.124583e-04 7
5.882165e-05 2
4.557888e-06 1
1.730330e-04 135
2.775925e-05 3
4.228014e-05 1100
5.453339e-05 1
3.769814e-05 1
1.998533e-05 1
1.251469e-05 80
5.038640e-06 1
7.861146e-06 42201
1.445532e-06 5
1.472666e-05 1
3.381500e-05 1
3.299450e-05 1
1.010046e-05 1
1.476402e-05 2
5.950401e-05 1
2.409798e-05 1
2.432424e-05 2
7.364275e-05 3
4.692805e-05 1
5.473402e-06 3
5.890776e-06 7
4.465083e-05 2
1.538731e-06 1
6.407188e-06 2
3.363772e-05 5
3.028923e-05 3
3.254571e-06 1
8.765531e-05 1
1.620463e-04 1
8.490752e-05 2
6.940033e-05 6
2.702972e-05 1
6.639395e-05 1
7.206430e-05 1
2.650468e-05 1
6.994580e-06 1
1.449225e-05 2
6.429937e-06 4
5.519744e-05 1717
3.811714e-05 1
3.780175e-05 2
4.345767e-05 3
3.934614e-05 2
2.569150e-05 4
1.334963e-05 1
1.520509e-05 2
3.785456e-05 1
6.710415e-05 23
9.467235e-06 1
2.910563e-05 1
6.988858e-05 1
7.942244e-06 1
2.097454e-05 1
1.003753e-05 7
1.049948e-04 3
3.910406e-05 1
3.327999e-05 3
1.280893e-05 1
5.865633e-06 1
6.893243e-05 36107
1.720037e-04 1
6.191452e-05 5
1.245161e-05 22680
1.721877e-05 4
5.383188e-06 1
1.151866e-05 2
7.394450e-05 3
8.899262e-06 1
3.510428e-05 1
3.087543e-07 1
1.537885e-05 2
1.910996e-04 1
1.711157e-05 1
1.263694e-05 1
9.392333e-06 1
1.475852e-04 1
9.582540e-06 2
1.671744e-04 1
3.066039e-05 1
9.629529e-05 1713
4.465083e-08 1
1.602258e-06 1
9.677053e-06 1
3.376081e-06 1
5.870445e-06 3
6.699587e-05 447
4.742970e-07 1
4.651124e-05 3
1.943833e-05 1
2.217667e-05 6
7.493202e-05 2
8.493257e-05 136
3.386069e-05 1
6.775508e-05 1
5.769511e-05 1
6.326282e-05 1
9.859980e-06 1
3.407772e-06 3
2.218767e-06 1076
2.034366e-05 2009
4.304487e-06 1
3.098757e-05 1
2.782993e-06 6
9.480287e-05 3
3.860505e-05 1
1.397044e-05 114
2.377961e-06 1
2.569453e-05 1
3.720447e-05 1
3.831766e-06 2
2.126547e-05 3
1.693643e-05 2
8.665087e-05 1
6.614673e-06 960
5.350450e-05 1
1.412944e-05 10452
7.197496e-05 1
9.290329e-06 1
2.313736e-06 1
1.914268e-05 107
2.858927e-04 1
4.532780e-05 3
3.450994e-06 5
8.802897e-05 569036
6.808328e-05 72
3.354302e-06 818
9.376999e-05 3
2.304849e-05 217
1.346267e-05 53170
3.493024e-05 3
4.207294e-05 1
7.558835e-06 819
6.154579e-05 1
4.202679e-05 10
2.823125e-05 1
7.693812e-05 1
7.476269e-05 3
7.907470e-05 1
8.915724e-06 1
1.593200e-04 3
2.261983e-05 6
3.412927e-06 1
8.669324e-05 2
1.091816e-05 3
1.541122e-05 1
1.303456e-04 6
3.514204e-05 4
8.426642e-05 3
1.164491e-04 1
7.159565e-05 1
5.276408e-06 1
9.153886e-05 1
6.016453e-05 1
5.249187e-06 1
1.438535e-04 2
1.269960e-06 1
7.478405e-05 124
3.729224e-06 1
1.054285e-04 1
5.625337e-05 2
6.523619e-05 215
4.061048e-04 1
1.594988e-04 211
2.762323e-04 177
1.216293e-04 1210
4.207917e-05 1
1.745938e-05 1
1.182124e-05 1
4.206359e-06 2
6.737938e-05 3
5.055365e-05 3
5.508069e-05 2
3.563565e-05 1
9.602390e-05 3
9.667093e-06 26410
3.604327e-05 1
1.993521e-05 3
4.817980e-05 1
3.761329e-05 7
7.227240e-05 1
1.624120e-05 5
2.313912e-05 3
3.209706e-05 6
2.319279e-05 8693
5.013169e-06 1
1.984653e-05 2
1.329186e-04 7
4.044659e-05 1
1.959864e-04 1
7.621404e-05 1
9.320458e-07 1
1.196612e-04 3
5.656591e-06 1
1.594833e-05 1
3.382775e-05 1
3.904875e-05 1
1.909922e-05 1
2.300750e-05 1
1.770175e-05 1
3.441895e-06 64537
1.735974e-05 1
2.175892e-05 1
9.227876e-06 3
2.858370e-05 4355
2.940030e-05 44292
1.116226e-04 1
2.974220e-05 1
3.535650e-05 1
2.254182e-05 3
1.686803e-05 1
1.668063e-04 41713
4.095884e-06 6
2.688048e-05 1
2.896035e-05 1
8.369350e-05 10990
2.714866e-05 100
3.000282e-05 3
3.526653e-07 1
1.087380e-05 1
1.253064e-05 1
4.212500e-05 7
2.448582e-06 1
7.767346e-05 1
9.926128e-06 1586
1.262767e-05 17
2.410634e-04 1760
6.043431e-05 160
1.164237e-05 149
5.249280e-05 3
1.508985e-04 79
1.217321e-04 115
7.819243e-05 3
8.990154e-06 3
8.086730e-06 1
8.162329e-05 1
1.888130e-05 2
7.498117e-05 1
4.324242e-05 1
2.946230e-05 1
1.209263e-05 1
3.211330e-05 2
9.755378e-06 1
1.493250e-05 6
3.829417e-05 6
2.192769e-05 2
4.511231e-05 1
1.047090e-05 3
1.414804e-05 1
8.154387e-05 1
2.018972e-05 1
2.698560e-05 1373
9.332375e-05 3
1.614292e-05 1
2.635950e-05 1
4.087474e-05 6
5.381327e-06 65637
1.018225e-06 1
9.380130e-05 1
1.732649e-05 6
3.805680e-05 1
8.672610e-05 1604
9.127723e-05 2
1.105556e-05 1
1.935093e-04 6
2.528263e-05 1
3.414214e-06 1
2.345332e-05 1
1.475389e-04 21
1.101089e-04 7
1.554578e-05 1
4.833320e-05 2
1.534110e-05 2
1.450465e-05 2
3.909040e-06 1
5.927738e-06 1
4.771817e-05 7
2.302771e-05 1
5.215104e-05 280
1.769855e-04 1
5.087947e-06 2
3.080396e-05 1
1.005429e-04 452
3.329413e-05 3
2.773656e-05 1
2.966891e-05 1
3.018748e-06 4
6.800227e-05 3
2.827548e-05 1
7.919755e-05 1
2.719250e-06 22
1.681191e-05 1
8.330509e-06 1
3.373365e-06 7
2.247616e-05 17
1.762577e-04 2
5.607124e-06 1
3.074288e-05 1
1.109277e-04 61
6.931532e-06 307
3.303815e-05 1
3.518783e-05 1
5.819471e-06 206
9.392122e-05 2
4.698525e-05 5
7.161958e-05 1
1.371060e-04 3
2.227139e-05 193
1.191655e-04 99
2.212497e-05 2
1.309137e-04 2
1.017705e-04 1
3.883187e-05 1
7.020576e-05 6
1.717515e-05 2
3.782145e-05 1
4.358224e-05 608
5.777475e-05 1
7.498800e-05 1
3.781829e-05 3
4.943603e-05 2
3.040363e-06 1
1.736397e-05 2
7.411201e-05 3
2.342961e-05 157
5.385313e-05 45343
1.846357e-06 1
2.710796e-07 469
7.369260e-06 1
8.684132e-05 1
3.397087e-05 6
1.718099e-06 6
1.146545e-05 647757
1.330432e-06 1
1.727193e-05 3
8.327460e-05 1
5.990608e-07 45106
1.342960e-05 1
4.301457e-05 1
3.073489e-05 1
2.547009e-06 1
1.049495e-06 258
4.117713e-05 1
5.585118e-06 100
2.109205e-05 3
1.836269e-05 296
3.331378e-05 1
1.830165e-06 6
2.049590e-05 1
1.961232e-07 1606
2.853724e-05 1
6.234387e-05 1
4.465438e-05 5
2.100424e-04 1
2.203296e-04 1
6.706147e-05 1
4.880727e-06 18
2.217351e-05 6
1.847884e-05 1
2.731866e-05 5
9.662186e-05 1
2.082254e-05 1
4.104482e-05 2
3.299991e-05 6399
7.928664e-05 1
1.122363e-04 4
3.699792e-06 256
4.658505e-05 2045
7.962003e-05 2
9.363470e-05 1
3.569665e-06 177
1.242553e-06 1
1.532351e-05 1
1.680070e-06 3
1.892614e-04 477809
3.104476e-05 232
2.634216e-05 1
4.857566e-06 2
3.554575e-05 8009
2.475489e-05 650
6.826803e-05 1
1.003377e-05 1
5.561789e-05 1
3.216766e-05 7
2.568950e-05 2
6.674697e-05 1
2.764856e-05 1
1.722996e-05 1
3.151297e-07 4
2.684127e-06 1
9.784890e-05 1
3.419381e-05 1880
4.207520e-05 1
1.228061e-04 1
1.181618e-04 2
8.682235e-05 3
2.642655e-05 1
6.765695e-05 1
1.843193e-05 2
3.051828e-05 1
1.006784e-05 5
8.907723e-06 1
1.370576e-06 7
8.630637e-05 5
5.399529e-05 1
5.512803e-06 1
6.840626e-05 1
5.519304e-06 1
8.519844e-05 4
3.646492e-05 1
1.048068e-05 3
1.290098e-05 1
5.075305e-05 3
1.351749e-05 57
3.890959e-05 4
6.823071e-06 6
5.822821e-05 1
1.317986e-05 1
1.099269e-06 3
9.349421e-05 441
3.471573e-05 1
6.415878e-06 1
1.672815e-04 40868
7.180713e-05 1
1.616450e-06 1
5.967944e-06 1
1.043418e-05 32379
6.352629e-06 2
8.271793e-06 3
3.841861e-05 1
9.424573e-06 5
1.389426e-04 7918
7.953994e-05 6
4.260705e-05 1
1.069980e-05 3
2.424439e-04 4
3.237778e-05 1
4.352928e-05 1
7.413728e-05 3
1.266371e-05 1
2.321400e-05 1
1.870584e-05 6
4.808880e-05 1
4.478126e-06 3
3.207110e-06 3
1.324949e-04 1
4.093346e-05 1
1.676369e-04 2
1.011693e-05 7
1.344629e-04 2
1.253901e-05 1708
6.176080e-05 1
4.766970e-06 5
9.216387e-05 3
1.571933e-05 1
5.132766e-05 3
1.641740e-06 1
1.103630e-04 1
1.361472e-04 1
2.895767e-05 1
1.624302e-05 19
1.372270e-04 2
1.200587e-05 1
7.137428e-05 142
1.783326e-05 4
1.632703e-05 249
1.881135e-05 3
8.746294e-06 114
1.666906e-04 2
2.032830e-05 2023
2.045875e-05 201
3.454706e-05 1
1.968553e-05 1
1.120888e-05 1
5.174368e-05 6
4.849615e-05 1
7.548642e-05 3
4.256163e-05 937
6.375276e-05 2
6.501303e-05 1
8.557015e-05 2
7.048896e-06 1
3.934128e-05 1
3.097003e-05 1
3.827582e-05 1
6.484777e-05 1
4.578301e-06 2
4.820918e-05 1967
6.896019e-05 1
2.605144e-05 1
5.284167e-06 2
1.117416e-04 5
1.410978e-05 1
2.469037e-05 1477
7.457367e-06 7
2.155003e-05 16711
9.990466e-05 7
7.328816e-06 36
2.817429e-05 1451
3.989629e-05 7
9.196263e-05 2
6.581171e-06 1
8.154962e-05 2
1.126600e-05 816
4.302700e-05 3
1.801832e-05 2
3.215105e-05 3
1.603461e-04 1
3.480637e-05 6
3.033924e-05 1
9.919414e-05 1968
5.965265e-05 4
6.577059e-06 3
8.582508e-06 6
2.285977e-05 1
3.782556e-05 1
3.498881e-05 1
3.964416e-05 1
2.519398e-05 177
3.951506e-05 1
1.301094e-04 2
1.004256e-06 1
2.163056e-05 1
2.577707e-05 2
2.376606e-06 237
1.858306e-05 3
2.029737e-05 1
4.736161e-05 1
3.148258e-06 1
4.874776e-05 1
3.843609e-05 3
1.655499e-05 3
2.165808e-05 1
1.053242e-05 38
2.566840e-05 911
4.213255e-05 1
6.914235e-05 1
1.620667e-05 149
9.394328e-05 3
4.065418e-05 3
6.281411e-05 1
1.383466e-04 3
5.861503e-06 1
2.365067e-05 3
4.304362e-05 1
2.393724e-05 2
4.168835e-05 1
1.438656e-04 2
1.421690e-05 1
6.796689e-05 4
3.063832e-05 7
5.797070e-05 2
4.630994e-05 1
4.320040e-05 1
2.119590e-04 1579
6.598129e-05 2
5.562691e-05 78701
2.530023e-05 1
1.286581e-05 1
7.942928e-06 6
4.658971e-05 33112
1.290812e-06 1
4.243616e-05 1
8.812609e-05 1
4.049940e-05 5
2.651347e-06 1
1.893623e-06 1
1.124531e-05 2
2.104831e-05 2
1.177804e-04 1
7.641988e-05 600
5.393026e-05 43810
2.450402e-05 1
2.069041e-04 1
1.153517e-04 3
7.309044e-05 1
6.208073e-05 1
1.463110e-05 465473
4.554008e-05 3
5.888449e-05 3
3.398395e-05 3
5.819761e-05 2
7.290287e-05 218
1.253371e-04 1
7.948687e-05 1
1.285068e-05 4
1.174512e-05 3
8.249044e-05 1
1.538441e-05 1
1.792193e-05 1
5.841778e-05 2
1.639426e-05 1
2.394022e-05 1
3.342691e-05 1
4.457402e-05 1
2.534924e-07 2
3.446704e-05 1691
8.620993e-06 1
1.898882e-05 1
1.634951e-05 1
1.166215e-04 119
4.064843e-05 11743
7.739033e-05 3
3.079192e-05 1
6.516631e-05 3
1.575437e-05 1
4.046417e-05 3
6.321025e-05 1
2.846066e-06 2
9.026448e-06 1
1.000225e-04 34935
4.089186e-06 15434
6.075280e-05 1
3.072417e-05 56668
1.272940e-05 5
7.786842e-06 123
2.885485e-05 1
2.538534e-04 1
2.870458e-05 1
1.548916e-05 1
2.625169e-06 85
3.612429e-05 5
1.559913e-04 114
3.007983e-05 65
1.967341e-05 1
1.450178e-05 3
6.702295e-06 3
6.722263e-05 4
4.011158e-05 1
1.834460e-06 2
6.049491e-05 7
9.553292e-06 1
1.457348e-04 1
6.802226e-07 1
4.942255e-05 59219
4.823845e-05 1
3.894071e-06 1
2.884228e-05 1957
2.187085e-05 3
4.155198e-05 2044
9.257903e-06 615583
6.015822e-05 2
6.376276e-06 66521
9.135681e-06 1
4.740148e-05 1
2.603513e-05 146
3.252605e-05 119
1.100803e-04 2
1.169971e-04 1
4.437382e-05 1
6.798846e-06 1
8.969561e-05 1
3.034448e-05 1
5.690865e-05 1
1.125858e-04 3
1.474430e-05 219
1.380491e-05 1
7.252369e-05 3
1.332102e-05 1109
3.538959e-06 3
2.891803e-05 2
2.504659e-04 1
9.354591e-05 1
2.998066e-07 1
8.136724e-05 1
2.208562e-05 1
4.495526e-05 612
3.633224e-05 1
1.766814e-05 1
2.482986e-07 1
3.162726e-05 1
1.128599e-05 5
2.923828e-05 5
2.073936e-05 1
5.956287e-05 1
2.006447e-05 1
3.824166e-05 3
6.146445e-05 3
3.944481e-05 1
4.743982e-05 3
1.930142e-05 24
9.965160e-06 121
8.149488e-05 1
1.522949e-05 3
1.247375e-04 1
1.700208e-06 1
1.465551e-05 1
8.181029e-05 2
7.387915e-05 6
4.557965e-05 1
6.192628e-07 2
2.390127e-05 146
1.069009e-04 1
5.970419e-05 1
1.653767e-04 1
7.641994e-06 3
4.004679e-05 7
1.603260e-04 3
1.387028e-05 56466
2.154110e-05 1
3.966008e-05 3
1.024756e-04 3
4.704690e-05 267
4.331042e-06 1
2.379761e-05 1
7.936600e-05 1
1.127677e-04 5
2.867092e-05 2
9.682696e-05 1
2.542639e-06 1
1.237272e-05 1
6.961097e-05 1
7.597015e-06 3
1.773726e-07 2
4.300493e-05 1
2.461636e-06 2
1.474576e-04 3
4.895584e-06 36770
2.127555e-05 3
5.942633e-05 1
5.935651e-06 3
2.396675e-05 1
1.125755e-04 1
1.593351e-05 1
8.067689e-06 3
1.492851e-04 249
5.792472e-05 105
3.753050e-06 69
3.810822e-05 1
5.352211e-05 18124
1.162791e-05 1
1.908016e-05 3
1.938635e-07 126
4.528836e-06 2
6.830396e-05 5
3.184553e-05 1
3.623726e-06 99
2.511703e-05 5
2.760619e-05 1
1.151575e-04 3
9.938311e-06 2
1.204314e-04 24887
2.369355e-05 1
1.349010e-05 2
6.214911e-05 1
1.286484e-05 180
2.604575e-05 5
7.814154e-05 1
4.308110e-05 1
6.767161e-05 20736
2.350486e-07 521
3.434981e-06 1
2.334555e-05 3
2.261299e-05 3
1.336430e-05 2
4.597893e-05 71
7.665042e-05 3
8.157207e-06 2
6.378173e-06 2
2.620297e-05 6
2.559322e-05 45
9.746337e-06 1
6.010943e-05 1
2.067057e-05 5
1.205683e-05 1
6.198646e-05 3
5.836545e-05 1133
7.381082e-06 6
1.725400e-04 54682
3.495429e-05 638446
1.793609e-04 1
6.607901e-05 1
5.774689e-05 1
3.451811e-05 1
2.215632e-05 1
5.430261e-06 1
2.311711e-05 4
5.697403e-07 3
7.195652e-05 292107
3.610396e-04 5
1.949899e-05 7
4.798646e-05 1
8.968701e-05 3
5.867704e-05 1
2.588115e-05 137
3.500357e-05 1
3.336804e-05 222
2.503721e-05 2
5.464474e-07 108
1.569318e-05 6
5.672497e-05 537
9.822146e-06 1
1.477965e-05 3
2.743118e-05 1
1.293503e-06 6
1.292867e-06 1
1.568177e-04 1
1.138171e-05 133
5.605327e-05 1
3.449522e-06 1
6.670078e-06 3
4.496695e-05 1
1.069177e-05 1
3.253571e-05 1
2.072011e-05 2
1.848157e-04 1
4.754479e-05 6
7.775356e-05 488
5.231077e-05 1
4.600327e-05 1842
7.423949e-05 1
1.163693e-04 7
1.135239e-05 1
5.078635e-06 1
2.023893e-05 563
2.559825e-05 2
2.337695e-06 1684
7.873406e-05 5
5.109052e-05 45788
1.590808e-05 950
3.765860e-05 1
4.105697e-05 1
3.866773e-05 227
3.379212e-05 1
5.083427e-05 1
8.291833e-06 1
1.942546e-05 1
5.796001e-05 1
1.438489e-05 1
5.217853e-05 56851
4.306958e-05 1
8.307734e-05 113
2.986966e-05 1166
1.703722e-05 1
3.831290e-05 3
1.138647e-07 1
1.770433e-04 3
8.797524e-05 88
7.371071e-06 1
8.355276e-05 3
6.772704e-05 1
2.365236e-05 6
9.431971e-05 1
1.319463e-05 1
2.019805e-04 441680
4.474464e-06 147
9.296407e-06 3
1.413751e-04 4
1.675597e-05 1
5.879296e-05 5
2.013799e-07 2
1.367468e-05 1
2.464641e-05 3
5.941496e-06 3
3.222245e-05 7
4.780963e-05 7
8.117173e-07 1
8.769153e-07 1
3.188299e-05 2
8.035396e-05 1
3.947607e-05 27
3.496521e-05 1
3.426458e-05 51
1.517268e-05 1
6.637596e-06 1
2.887148e-05 258
9.760096e-05 3
2.233538e-05 19479
8.186470e-06 1
2.545517e-05 2
1.511061e-06 1
2.621386e-04 1
8.963250e-05 1
