6.059294e-05 5
8.975818e-05 1
1.496555e-04 2
1.878464e-05 3
1.488350e-04 1
8.306935e-05 1
3.150142e-04 6
1.324913e-04 2
6.201658e-05 38
2.034564e-04 1
2.139618e-04 1
4.933420e-05 3
2.056130e-04 1
2.097017e-04 271307
1.341808e-04 1948
6.557077e-05 3
1.368598e-04 2
2.600120e-04 2
2.193606e-04 1
6.621938e-05 63667
7.887162e-05 3
3.277208e-05 1
1.086189e-04 6159
9.077191e-05 1
1.944675e-04 1
4.414828e-05 7
1.383473e-04 1025
8.624090e-05 7
1.415279e-05 1
7.310597e-05 1
1.143064e-04 2
4.141334e-06 1
4.555031e-05 4
3.066604e-05 1
2.662958e-05 34907
2.370287e-05 1
1.156387e-04 1
8.370427e-05 1
8.010322e-05 1833
5.067906e-05 1
1.246056e-04 3
6.023358e-05 7
1.034532e-04 4
5.854528e-06 3
1.698335e-04 63039
2.296669e-04 2095
8.695234e-05 1
2.499902e-04 1
2.239858e-04 1
9.539353e-05 2
5.356590e-05 1
2.931436e-05 1
9.614034e-05 1
3.806251e-04 1
5.767362e-05 5
3.828915e-05 1
3.535706e-04 1
5.651799e-05 3
9.192192e-05 1
1.518829e-04 3
1.293407e-04 1323
1.092316e-04 1
2.183666e-06 1857
2.107225e-06 6
2.369945e-04 6
1.451750e-04 5
5.796127e-05 18
1.584843e-04 3
1.714156e-04 1
1.434508e-05 2
6.834492e-05 1
9.041130e-05 293
3.112042e-05 1
1.005936e-06 7
5.458304e-05 20098
3.176804e-04 1
1.145298e-05 1
1.721240e-05 4
1.510525e-04 1
2.796189e-05 2
6.354367e-05 1
2.914815e-05 1
4.531582e-06 3
3.689390e-05 2
2.550260e-04 37260
3.106508e-04 1
2.630160e-06 37960
1.237385e-04 1
2.739049e-04 1
5.023356e-04 1
1.375671e-04 1
8.084166e-05 1
1.270372e-04 2
1.327952e-04 1
1.639973e-04 1
1.175480e-04 7
2.339417e-04 117
1.578660e-05 1
5.292939e-06 1
4.506212e-05 1
5.356699e-05 1
1.095039e-04 2
1.128959e-04 1962
3.191178e-05 1
1.900936e-05 358
1.336962e-04 3
1.291297e-04 1
7.331163e-05 32644
9.212944e-06 1
1.668320e-04 7
7.048277e-05 255
8.753462e-05 2
3.792972e-04 2
1.625379e-04 3
6.949813e-05 1
2.411871e-04 2
5.596411e-06 3
1.949537e-04 1
2.469894e-04 1
2.427558e-05 292
1.387071e-04 2
9.068671e-05 1
1.313512e-05 1
1.384905e-04 261
3.468669e-05 44
1.098576e-04 5
2.209675e-04 256
1.583073e-04 253
2.769341e-05 1
8.318209e-05 1
1.205123e-06 1
1.372052e-04 3
3.687073e-05 1
3.717941e-04 6
3.309387e-05 2
2.230906e-05 1
8.512227e-05 1
2.411611e-04 4
1.119415e-04 6
8.036945e-07 1
9.024964e-05 1
6.438462e-05 1
8.690853e-05 227
3.551715e-04 3
3.351668e-05 1
6.944741e-05 1
3.508655e-05 1
2.193382e-04 3
1.930968e-04 50680
2.335484e-04 1885
5.864596e-05 1
9.712822e-06 1
1.277325e-04 2
1.830990e-05 1
2.845818e-04 1
2.332969e-04 6
4.958339e-04 1
1.363004e-05 2
7.363156e-05 2
9.366316e-05 1
8.806213e-05 1
2.055058e-04 1
1.043180e-05 1
2.684598e-04 1
1.635016e-04 5
3.778556e-06 2
1.634835e-05 1
4.421912e-05 1
2.602016e-04 1
2.125220e-04 2
1.514684e-04 2
1.187146e-04 1
3.445272e-07 1
3.111924e-05 61
6.778122e-05 1
3.544101e-06 3
1.587821e-04 1
7.797995e-05 58
7.823467e-05 171
1.924325e-05 2
7.450245e-05 1
1.692010e-05 2
3.703501e-04 1
8.698619e-05 3
1.806069e-04 1
1.149422e-04 1
2.589486e-04 1
2.457330e-05 1
1.371180e-04 10
2.029865e-05 3
8.358567e-05 1
2.476287e-04 1
1.514209e-04 70
4.941513e-05 139
1.071425e-04 187
1.515419e-04 1
2.143278e-04 1
8.170551e-05 1
1.565724e-04 1
2.150185e-04 136
8.578982e-05 1
1.046913e-04 1
3.510327e-05 6
5.193007e-05 1
2.293381e-04 3
2.481320e-04 3
3.984637e-04 2
8.375517e-05 2
3.183481e-04 1
4.850625e-04 1
3.183079e-05 1
3.430124e-04 1
1.619339e-05 1
1.343507e-04 4
3.052825e-04 1
2.928857e-04 1
4.803752e-05 1
6.682415e-05 5
7.279268e-04 3
1.129400e-04 3
3.187034e-06 1
1.643331e-04 211
6.474848e-05 1
9.101502e-05 1
5.213126e-05 1
1.362625e-04 1
2.511565e-04 1
7.344968e-05 240
2.058536e-04 1
6.194314e-05 15579
6.653833e-05 1
1.126499e-05 1
1.006174e-04 590
6.116643e-06 11
5.151175e-05 804
6.541922e-05 5
8.033379e-05 3
4.112769e-06 1
3.128355e-04 1
2.988867e-05 3
8.127948e-05 1
6.817410e-05 1
1.221377e-04 60
2.184802e-04 1
1.227160e-05 2
3.046928e-05 1
1.101735e-05 3
2.255886e-06 1
9.850974e-05 140
1.424539e-04 3
2.267196e-05 1
2.904244e-06 3
2.746073e-05 3
1.347149e-05 1
5.554420e-05 1
7.989388e-05 1
1.583921e-04 1
1.179431e-04 1
1.144679e-04 1
3.624782e-04 1
3.226128e-04 1
8.897764e-05 1
1.115142e-04 5
1.754310e-04 110
1.693363e-05 60
3.351305e-04 1999
1.423628e-04 171
2.238989e-05 1
3.138292e-05 3
4.518021e-05 1
1.758263e-04 1
2.435774e-05 2
4.834146e-04 1
1.327077e-05 11565
2.281726e-05 1
4.455741e-06 1
2.319047e-04 1
1.508019e-04 1
1.855081e-04 79
2.053558e-04 3
4.818216e-05 1
2.217819e-05 1
2.979218e-04 3
1.999660e-04 3
2.690195e-05 1
6.165644e-05 1
5.110453e-05 50
1.128240e-04 8
3.095756e-05 1
2.905093e-05 1
2.134020e-04 55
1.317844e-04 1
9.319700e-05 1
3.553498e-04 1
1.805409e-04 1
1.279284e-04 1
8.597575e-05 1
4.436292e-05 28
5.666662e-06 532
5.510247e-05 1
1.053487e-04 64981
9.854571e-05 1
4.657834e-05 1
4.523700e-06 4
3.353020e-04 1
1.950838e-04 1
2.150442e-04 1
5.099883e-04 1
2.265333e-04 1
1.286976e-05 1
4.023402e-05 1
3.048294e-04 3
1.709265e-05 6
1.131579e-04 3
4.035942e-05 1
1.422867e-04 24882
1.803730e-04 1
2.866400e-04 2
1.669217e-04 1
1.578792e-04 41162
2.323498e-04 31418
4.444970e-05 1
9.935086e-05 1
2.618400e-04 3
1.108444e-04 1
1.119945e-04 1
7.567502e-06 653
1.620119e-04 1
1.449136e-05 11010
8.417577e-05 59
3.138094e-05 1
1.176560e-04 1
3.442123e-05 40247
5.273805e-06 1
4.812219e-05 1
9.893923e-05 1
2.864562e-04 2
3.627894e-04 3
2.805224e-04 1
1.258494e-04 1
3.752834e-04 6
5.479037e-05 1
7.999573e-05 146
3.585612e-05 1
7.424993e-05 1
2.826400e-04 6
9.173940e-05 3
3.078876e-04 1
2.379737e-04 1
4.636834e-04 3
1.263133e-06 1
1.090927e-04 1
2.657697e-04 1
1.829597e-04 2
3.089694e-04 144
1.128411e-04 1
1.167589e-04 1
1.353966e-04 3
5.461805e-05 1
1.037452e-04 1
1.019224e-04 1
3.790970e-05 1
9.602961e-06 96
5.953780e-05 2
1.322233e-05 1
9.267346e-05 182
1.460479e-04 1
3.242140e-04 1
7.257145e-05 1
3.500647e-05 154216
2.599466e-05 1
3.688206e-04 1
6.761296e-05 1
5.380401e-05 1
2.333864e-05 174
1.224517e-05 3
3.105456e-04 3
3.148495e-04 1
6.229457e-05 7
8.184748e-05 237
8.490988e-05 2
6.567810e-06 2
4.777352e-05 2
5.015398e-05 1
1.041538e-04 1
1.341807e-04 3
8.306210e-05 2
2.271238e-04 3
1.927402e-05 3
7.407873e-05 1
4.512040e-05 1
1.936316e-05 1481
4.208087e-05 43
2.159855e-04 1
1.233531e-04 2
1.555694e-06 1
2.994580e-04 2
5.061831e-05 1
1.327105e-05 1910
9.933344e-05 159
3.889096e-05 2
7.773252e-05 90
7.894544e-05 1
2.387114e-05 4
3.955770e-05 679
1.947080e-06 2
1.318954e-04 2
1.258728e-04 3
1.401089e-04 3
1.416800e-05 1
1.769157e-04 1
2.486120e-04 4
6.793826e-05 1
2.063929e-04 2
5.061779e-05 205
2.241621e-04 1
2.408682e-05 1
1.354719e-04 1
5.452405e-05 38882
1.395631e-04 1
2.281422e-04 1
3.488009e-05 216
1.488523e-05 1
1.420260e-04 2
3.590564e-05 2
9.736579e-05 95
1.355599e-04 1
1.018725e-04 1
1.431345e-04 1
6.436982e-05 2
1.059369e-04 1
6.880563e-05 106
3.506433e-04 2
2.829313e-04 1
3.759595e-05 2
1.534794e-05 1
1.660465e-04 1
2.448948e-05 89
2.124080e-04 1876
7.587500e-05 1
8.436192e-05 174
2.296194e-05 1
1.340616e-05 117
6.318225e-05 195
1.521195e-04 1
5.326917e-05 1
1.380706e-04 1
2.043352e-04 342
2.541552e-05 3
7.868260e-05 1
1.344191e-04 6
4.813992e-05 7
6.328011e-05 1694
2.483632e-04 1
1.593093e-04 1
4.684903e-04 1
2.032635e-04 1
1.784439e-04 1
3.716523e-05 4
7.604718e-05 3
2.424072e-05 2
1.079782e-04 1
9.860118e-05 3
1.186198e-04 1
9.008538e-05 1
1.060764e-04 1
6.565197e-05 126
9.140106e-06 1
2.302458e-04 1
8.571299e-05 5
3.210863e-05 1
5.187643e-05 1
1.277479e-04 1
9.855074e-06 1
3.372844e-05 7
4.153303e-05 2
1.092123e-04 251
4.555706e-05 1
9.874502e-05 137
2.292587e-04 77
9.642183e-05 5
1.715087e-04 1
3.100103e-05 2
1.691524e-05 2
2.920732e-05 1
2.205703e-04 1
6.153531e-05 17
2.307765e-04 1
1.756360e-05 1
4.394544e-05 2
2.241765e-04 2
1.264410e-05 2
4.718289e-05 1
6.684957e-05 2
4.457226e-06 85
3.775659e-06 1
1.431761e-04 1
4.753382e-05 1
1.022616e-04 1
1.375471e-04 2
1.984564e-04 51539
3.102448e-04 229
1.669545e-05 212
7.314155e-05 128
3.322853e-05 1
4.963034e-05 3
1.779180e-05 354
7.213796e-05 1
1.201250e-04 196
1.932446e-04 2
1.737551e-05 1
1.768641e-04 1
1.198967e-04 492815
3.276305e-05 7285
3.507297e-04 3
8.837066e-06 1
1.364554e-04 45
1.875242e-04 1
5.222471e-05 1
3.098741e-05 1930
1.380378e-04 1
9.512521e-06 1
3.818893e-06 1
1.095110e-05 3
4.899469e-05 6
8.712611e-05 1
1.461757e-04 1
2.585871e-04 6
5.829712e-05 7
7.415648e-05 25
3.403680e-05 87
1.931355e-06 1
5.207774e-04 1
8.952271e-05 1695
2.242026e-05 1
1.521223e-04 1
7.630109e-05 1
1.068359e-05 6
8.846584e-05 119
5.710685e-05 1
6.848714e-04 3
1.355131e-05 2
5.508514e-05 1
3.437661e-04 1
7.792151e-05 1
6.334029e-05 2
1.248906e-04 1
3.634056e-05 1179
1.117946e-04 1
1.010129e-04 1351
7.600441e-05 1
2.890454e-04 215978
5.827238e-05 4
2.706403e-04 6
2.757572e-05 1
1.167722e-04 1
2.877897e-05 1
7.754012e-05 1
2.573560e-04 1
5.141415e-06 1
2.275135e-04 1
2.145737e-04 1
1.569834e-05 1
2.817626e-04 1
2.988970e-05 27040
1.035946e-04 1
5.574431e-05 27
1.078266e-04 1
9.090869e-05 205
8.838988e-06 2
3.305553e-05 1
2.841627e-05 1
6.893519e-05 2
8.730325e-06 1
9.720215e-07 29844
1.820966e-05 2
2.486897e-05 1
5.386017e-05 1
1.520503e-04 1
1.791286e-05 3
1.805887e-04 1
2.410490e-04 1
1.313094e-04 3
7.119827e-05 1
4.155235e-04 2
9.644834e-05 2723
4.357262e-06 3
3.373638e-05 1
1.744747e-05 1
1.748709e-04 1
5.222773e-05 1
2.838400e-05 7
8.135261e-06 1
6.521637e-04 14
2.182843e-05 2
1.012025e-04 1
1.295737e-04 3
3.988398e-05 1
1.717914e-04 1
5.090670e-06 169801
1.608579e-05 1
3.787761e-04 216
1.462824e-04 51
9.787879e-06 179
2.856862e-04 3
9.150914e-05 1
1.521871e-05 1
2.693698e-05 5
1.494064e-04 1
3.133532e-04 3
3.555701e-05 2
4.374700e-04 1
3.147721e-04 3
4.496349e-06 1
2.091880e-05 1
1.461007e-05 1
8.635435e-06 1
7.160924e-05 2
1.932372e-04 95
1.887171e-04 2
2.688832e-04 1
2.581896e-05 649332
2.862513e-05 25876
4.473172e-05 1742
1.056041e-06 1
1.536391e-06 18
1.971332e-04 1
9.188102e-05 3
5.275695e-05 3
2.033804e-05 1
3.757413e-05 412
5.558143e-05 1
1.371613e-05 1
1.072321e-05 2
1.373885e-05 2
6.663541e-05 1
1.906072e-05 1
2.938658e-05 1
5.181704e-05 1
3.208459e-04 1
3.418479e-05 1
2.226973e-05 1
2.302207e-05 48929
1.704844e-04 1
2.845203e-05 3
2.762789e-05 4
4.782765e-05 22
5.987586e-05 2070
4.463264e-04 1
4.660424e-04 1
2.391290e-04 1595
1.150284e-04 1
3.228262e-05 1
8.394523e-05 1
4.063211e-04 1
1.257770e-04 1
1.392333e-04 447811
5.797712e-05 2
2.519683e-05 1
8.549650e-06 1
2.231022e-06 116
1.065076e-05 5
1.164173e-05 6
2.258156e-06 1
2.050256e-04 1949
2.933097e-04 1
9.961680e-05 2
9.113750e-05 1
3.395263e-05 3
9.560064e-05 1
5.062281e-04 1
2.358433e-05 1
1.136467e-04 2
3.000723e-05 1
1.149328e-04 1
2.371254e-04 3
5.664916e-05 1
4.649183e-04 7
9.109677e-05 574253
8.464918e-06 1
3.327872e-05 1
1.328760e-05 1
7.986447e-05 1
6.227153e-05 3
1.109786e-05 1
4.465130e-05 169
1.248989e-04 6
4.200701e-05 15
4.605507e-06 4
1.790997e-05 1
5.345114e-04 1524
1.300185e-04 1
2.265486e-05 2
3.945556e-04 1
1.520863e-05 2
4.859965e-05 1
2.427220e-04 1
1.759905e-04 252
7.337703e-05 1
4.750666e-05 3
8.782246e-05 69
4.391399e-05 1
2.849110e-05 1
1.289764e-04 6
1.892835e-05 4
1.448110e-05 4
4.416606e-06 1
5.295836e-05 1
7.335837e-05 1
2.563610e-04 2023
2.338748e-05 1
2.259977e-04 1
8.553162e-05 1
5.523086e-05 1
5.911131e-05 7
4.164681e-05 1
6.412388e-05 1
6.811614e-05 1
2.069253e-04 27
4.421747e-06 1
1.045975e-04 1
1.457476e-04 2
6.560980e-05 127
1.200587e-04 3
4.845588e-05 1
8.126292e-05 1
4.751247e-05 1
4.026649e-04 1
9.534154e-06 2
4.504648e-05 190
1.020210e-05 1
1.897209e-04 2
1.799699e-04 1
3.036563e-05 1
2.637198e-05 3
1.142305e-04 1
4.464766e-06 1812
1.109927e-04 3
1.710203e-04 3
7.676627e-05 221
1.482735e-05 1
1.240190e-04 1
2.859606e-04 2
1.358087e-04 1
1.237285e-05 1
1.640495e-04 1
2.211375e-04 1
1.650731e-04 1
3.994263e-05 84
8.205832e-05 117
1.450626e-04 1
6.473895e-05 1
1.297886e-05 1
4.234256e-06 266
7.441464e-05 3
1.360569e-05 1
1.126322e-05 142
4.551231e-04 1
1.841121e-04 1
4.920807e-05 61397
6.139743e-05 1
1.934061e-05 1
6.748188e-05 1
1.409695e-04 1
1.033127e-05 1
3.347867e-04 1
1.004263e-04 3
1.066094e-04 1
1.264955e-04 1284
7.198871e-05 8615
7.893124e-07 3
1.196693e-04 1
5.674215e-04 1
4.042524e-05 2
6.966898e-04 1
4.252609e-06 178
1.440195e-05 2
1.755250e-05 6
2.367711e-04 136
7.507451e-05 1
2.402890e-05 2
1.141428e-04 1
1.186481e-04 1
6.836838e-05 1
2.778359e-06 1
4.490615e-06 3
2.776820e-04 3
5.431934e-06 3
2.336862e-04 3
6.751681e-06 2
1.063237e-05 1
1.865912e-04 1
5.668577e-05 1
3.564230e-04 1
1.385402e-07 1
2.856655e-05 116
1.875098e-04 1
5.601383e-04 1
8.885158e-05 2
9.019186e-05 1
8.061382e-05 2
2.058975e-04 3
3.144626e-04 19431
4.039120e-05 1
1.992438e-04 93
2.092232e-05 2
1.577071e-04 1
1.234310e-04 1
1.717620e-07 1
9.210836e-05 1
3.816546e-05 5
1.137389e-04 26497
1.942876e-04 645
8.438437e-06 3
1.118369e-04 1
3.155300e-04 1
1.081362e-04 7
4.482704e-05 3
1.032025e-04 1
1.344188e-05 1850
2.322743e-05 628
7.881158e-05 1
1.229797e-04 2
2.935696e-04 1457
4.153375e-05 1
3.401840e-04 1
1.109106e-05 146
1.090994e-05 3
9.703593e-05 3
3.815577e-05 2
2.279307e-04 1
2.725470e-04 1
4.514711e-04 1
7.235334e-05 140
2.720753e-04 1
1.149405e-04 54980
7.163423e-06 72
1.504288e-04 393903
1.978374e-04 1
2.133634e-05 54832
1.163598e-04 1
8.097796e-06 1
7.866428e-05 2
2.051615e-04 1
9.624795e-05 3
1.445207e-05 3
3.413473e-04 3
4.876638e-05 2
5.234065e-05 3
6.698331e-05 2
7.311242e-05 1
1.955111e-04 1
5.768646e-05 1
3.745419e-04 1
1.633132e-04 1
1.201251e-04 1
3.750131e-05 1
2.820795e-04 1427
3.118953e-06 150
2.450281e-04 136
7.145452e-05 212
1.357386e-04 2
7.372550e-05 4
1.794878e-04 1
7.200327e-06 16790
3.290177e-05 59884
2.889268e-04 245
6.703539e-05 2
3.206307e-05 1
3.342214e-06 1
1.010805e-04 2
7.069137e-05 2
5.666185e-05 1
1.141252e-04 228
9.590785e-05 1
7.388213e-05 1
1.511946e-05 37747
7.275540e-05 19639
2.930184e-05 1
5.319384e-05 2
5.526636e-05 1
8.744673e-07 1
1.129697e-04 3
2.493207e-04 1
3.525541e-04 1
1.180550e-05 1
4.758765e-04 44412
1.034773e-04 7
2.179120e-04 7
2.186295e-05 1
2.610120e-04 1
5.312452e-05 1
1.051618e-04 2
2.198839e-04 1
2.766105e-04 1
1.040136e-04 193
4.648672e-05 56274
1.644774e-04 1
1.179952e-04 1
7.924657e-06 3
3.325676e-05 1
2.349892e-04 61535
3.043916e-05 1
1.366747e-04 6
3.061117e-04 208
8.668603e-06 1
6.545094e-05 1
9.423160e-05 3
8.577446e-05 1
5.790721e-06 1
3.553702e-05 1
2.440227e-05 2
4.717714e-06 107
3.552769e-04 1
1.585144e-04 7
2.570016e-04 6
4.117626e-05 2
2.313852e-05 1
1.937338e-05 1
6.842225e-06 1
1.953474e-05 4
1.151590e-05 1
1.224999e-04 25969
6.728532e-05 129
7.327165e-05 1
1.425865e-04 1
4.134129e-05 1
2.285467e-05 169601
5.125862e-05 4
1.036902e-04 1
1.129701e-04 1124
1.217988e-04 1
2.637012e-04 1
1.730264e-05 2
1.412196e-04 3
8.293065e-06 2
5.957046e-05 2
3.962605e-05 32
1.457577e-04 7445
1.534034e-05 70
8.329072e-05 1
4.919185e-07 3
1.147580e-04 2
1.120147e-04 2
8.403930e-06 3
2.950908e-04 2
1.797981e-04 54
1.946755e-04 1
9.426722e-05 192
3.270007e-05 7
3.217955e-06 632
2.477830e-04 1
1.206095e-04 221
1.080589e-04 2
1.888798e-05 1
3.294054e-05 41251
5.715821e-05 1
4.593765e-05 1
3.088287e-05 7
1.827578e-04 4
2.100199e-04 246
2.288658e-05 153006
2.236952e-04 70
2.741956e-04 3
8.205462e-05 1
1.845594e-04 85
1.425189e-04 1
4.177099e-04 1
7.273142e-05 1
3.468604e-04 22
3.585322e-05 493
7.370286e-06 1
2.646211e-04 1
3.134221e-05 1
4.402879e-04 1
3.672997e-04 229
2.245591e-05 1
1.507267e-05 1
3.750484e-05 162
1.106465e-05 1
9.340276e-05 7
1.174536e-04 1
4.909189e-05 1
1.425974e-04 1
1.408696e-05 1
3.552430e-04 1
1.377127e-04 1
3.045485e-06 285
9.368247e-05 1
1.592995e-04 1
1.635277e-04 1
2.811057e-05 1
2.059542e-04 2
2.244789e-04 1
6.066860e-05 4
9.195295e-05 3
1.518320e-04 2
3.137889e-04 2
1.773085e-05 3
1.100193e-04 2
1.796336e-04 55
8.351170e-05 214
4.471769e-04 2049
2.308594e-05 1
2.930277e-05 1
1.478083e-04 1
1.904722e-04 934
5.626317e-05 6
1.796182e-04 1
1.745782e-04 1
2.673806e-04 3
1.968400e-04 7
6.216815e-05 65
5.819225e-05 131
1.428147e-04 1
8.493434e-06 1
1.908403e-07 1
1.183157e-04 1
3.531504e-04 3
3.171042e-04 1
5.061516e-06 759
5.924557e-05 2
1.348196e-04 1869
8.468928e-05 1
4.589678e-05 63123
4.249673e-05 6
1.282593e-04 1
3.416563e-04 5
4.662328e-04 1
1.318630e-04 144
8.075473e-05 3
1.703324e-04 1
2.442341e-05 1485
2.173883e-04 1
6.375661e-06 238
1.535619e-04 1
1.628145e-04 4
1.729589e-04 1
3.445189e-04 171
4.388586e-05 729
2.223373e-04 4
1.321351e-04 6
9.853158e-05 1
3.794920e-05 36
9.220076e-06 2
1.789972e-04 3
4.023487e-05 1
8.260109e-05 59285
9.717346e-05 1
1.374265e-04 1963
1.313408e-04 2
1.856419e-05 1
7.294556e-06 1
1.774566e-04 1
2.377264e-04 1
8.550521e-05 2
1.221801e-04 1
1.435823e-04 1
3.579308e-04 1
9.291501e-05 1
8.000290e-06 254
3.584275e-04 1
1.245443e-04 31871
2.192775e-04 1
8.919409e-05 22
1.380190e-04 1
4.605197e-06 1
2.007469e-06 92
1.000401e-04 1
6.178408e-05 3
4.489893e-04 1
4.411107e-05 1
6.457615e-05 1
2.464530e-04 1
4.170759e-07 1
2.724843e-05 1
1.505381e-04 1
1.401844e-04 1
5.956291e-05 2
2.284388e-04 1
5.120345e-05 1
4.622242e-05 1
7.248993e-05 1
2.169093e-04 1
2.736897e-05 1
1.341167e-04 3
8.705574e-05 79
3.011323e-04 1
3.400972e-04 1
9.040400e-05 5
2.493195e-04 5
1.005130e-04 2
1.210704e-06 2
2.357400e-04 1
1.549945e-04 1
2.156139e-04 3
4.266336e-05 2
7.222324e-05 6
3.455791e-05 1
3.478140e-05 53771
1.209291e-04 5
1.995319e-04 2
2.380615e-04 3
2.780968e-05 3
3.811793e-04 1
1.329248e-04 1
1.535775e-04 4
1.480552e-04 2
1.764914e-05 1
1.067593e-04 4
4.010687e-05 1
1.252592e-04 1
6.755181e-05 1
1.533838e-06 2
1.033600e-04 1
8.975281e-05 1
1.747970e-05 1
1.220397e-04 1
1.983199e-05 4
2.840028e-04 493453
3.391875e-04 1
1.422076e-04 84
6.584302e-05 1114
1.774169e-04 3
1.430417e-04 77
4.654658e-05 133
1.615828e-04 560
1.749443e-04 1
1.207028e-04 1
3.872089e-05 2
3.342735e-05 6
1.621879e-04 1
1.641692e-04 1
9.241941e-05 1
4.991652e-05 1
5.644105e-05 73
1.013567e-04 4
6.177754e-05 7
2.221144e-04 3
2.368492e-04 1
2.192635e-05 1
6.132329e-05 1
9.141883e-05 169
3.493130e-05 1
1.072584e-04 1
1.815444e-04 1
8.598539e-05 3
2.405867e-06 1
3.316775e-04 6
5.180389e-04 6
6.981060e-05 4
8.187715e-05 120
8.446629e-04 1
2.777006e-04 7
1.426642e-04 1
2.635389e-04 1
1.943153e-04 1
3.189975e-04 140478
5.005368e-05 4
1.504350e-04 1
6.700523e-05 1
1.655395e-04 1
2.515318e-04 1
7.004567e-06 1
1.194149e-04 1
2.744302e-05 23773
1.247506e-04 1
1.801683e-04 6
4.499364e-04 4
2.956392e-04 7
3.283121e-05 3
2.220396e-04 5
4.766137e-05 4
1.162366e-05 4
4.790063e-04 201
2.325773e-04 1
4.205686e-04 61
4.509349e-05 1
7.639595e-05 2
9.225623e-05 2
9.632967e-05 2
1.158837e-04 48937
1.083446e-04 1
2.882781e-04 3
1.897589e-05 2
2.077544e-04 1
1.949958e-04 1
2.058084e-04 6
5.112075e-06 1
1.462995e-04 1
6.085239e-06 1
4.971900e-05 4
6.452501e-05 56
7.847623e-06 3
6.707638e-05 1
1.659476e-04 4
6.841454e-05 1
1.114219e-04 1
4.984228e-05 1
1.235187e-04 2
1.017491e-04 1
4.816356e-05 1
2.904650e-05 1
5.417004e-04 3
2.479225e-04 1
4.427475e-05 30
7.983054e-05 3
1.474940e-05 4
3.606533e-05 1
1.111840e-04 230
4.198665e-05 1
1.434413e-04 1
7.011844e-05 1
1.449108e-04 7
1.702948e-04 1
2.605817e-04 3
2.424980e-04 1
2.159545e-05 1
2.046794e-04 1
3.578355e-05 1
6.336283e-05 1
1.610918e-04 2
2.473462e-05 1
2.478365e-06 2
2.336638e-04 2
8.248165e-06 1
4.520940e-05 100
1.219809e-04 65386
1.060791e-04 1
1.830274e-04 3
1.532368e-04 1
9.888713e-05 2
3.691879e-05 3
8.800242e-05 1
9.236111e-05 1
5.161614e-05 1
1.411368e-04 1
4.706361e-05 2
4.152787e-06 3
4.558721e-05 1
1.178107e-04 1
1.281752e-04 6
2.077593e-04 2
1.506109e-05 1
1.845213e-04 1817
1.284148e-04 4
3.505834e-05 1
1.169287e-04 508751
2.401279e-04 2
2.695588e-05 30436
5.857933e-04 487428
1.218220e-05 89
1.867492e-04 2
1.406837e-04 1
5.624223e-06 1
1.194995e-04 1
8.324695e-05 1
1.201144e-04 40519
6.293080e-05 1
1.369037e-05 1
1.344352e-04 1
1.642379e-05 102
1.462953e-04 2
5.645631e-06 24
3.329233e-04 1
5.514547e-05 154
2.491589e-04 1
1.959284e-04 1
4.939517e-05 1
6.087679e-05 1009
4.401526e-05 48931
1.860850e-04 251
3.135411e-04 1
3.323548e-04 1
1.132671e-04 3
9.537379e-05 1
5.929912e-05 6438
1.545113e-05 1
7.376135e-06 1
5.838364e-06 1
5.686167e-05 1
3.973832e-05 1
3.329084e-05 1
5.409515e-05 1
1.423255e-04 1
6.595818e-05 1088
9.575436e-05 1
6.658845e-05 3
3.056609e-04 30098
3.442032e-05 1
7.397464e-05 1
3.376760e-06 1
1.402524e-05 1
1.146443e-04 223
1.447895e-04 34
1.268255e-04 1
2.210545e-04 1
7.331967e-05 1
1.234308e-04 6
3.872737e-05 1
3.146875e-04 3
1.898971e-04 25106
4.054609e-04 3
3.366624e-05 3
1.671874e-04 1
8.394474e-05 1
5.774026e-06 1
1.962295e-05 1
1.297719e-05 4
5.261736e-05 227
5.850062e-06 3
5.189554e-05 1
9.613750e-05 1
2.884552e-04 1
2.001405e-04 7
1.282672e-06 200
1.494699e-04 7511
2.009248e-04 43847
1.669528e-04 7
3.532620e-06 1
2.057815e-05 1
2.559238e-04 4
1.507224e-04 6
3.632177e-05 1
2.184222e-05 6
2.428956e-06 2
2.221670e-05 1
4.238535e-04 1
1.407142e-04 1
1.646446e-04 7
5.227712e-05 1
4.119610e-05 1
5.308225e-05 1
9.120706e-05 1
2.953700e-04 43618
5.393170e-05 1
2.056592e-04 1906
4.134494e-04 3
4.787702e-04 1
2.177578e-04 716
2.138929e-04 1
1.008984e-04 1783
2.530117e-04 1
3.252971e-05 206
9.131743e-05 957
1.805286e-05 1
1.865323e-04 1
3.785395e-05 3
1.921679e-04 2
3.826465e-04 1
2.374155e-05 1
3.003382e-04 3
2.071657e-05 3
9.986915e-05 1
1.163115e-04 1
1.652011e-05 1
1.569625e-05 90
8.446589e-05 1
4.690159e-05 156
4.912696e-05 1
3.407826e-04 1
1.968238e-04 3
4.304855e-05 1
1.176697e-04 1
1.038210e-04 1
6.318653e-05 1
9.593193e-06 1
2.371093e-05 1
1.391318e-05 1
6.423231e-05 1
1.936644e-05 4
3.455108e-05 1
7.408723e-05 6
2.246525e-04 8
3.964721e-05 207
1.169449e-04 7
5.185268e-05 49939
2.328778e-04 63
1.205812e-05 5
1.036705e-05 1
2.659924e-04 2
2.151024e-04 6
2.205217e-04 1
4.052686e-04 1
4.183604e-04 1
2.970736e-05 1
2.071125e-05 1
3.029783e-04 3
2.005268e-04 1
4.634585e-05 1
2.405476e-04 1
2.222781e-04 193
1.106783e-05 1
1.449807e-04 1
7.985365e-06 1
4.823229e-05 3
6.557057e-05 1
6.704392e-05 1
3.015761e-04 1
1.750708e-04 4
1.051944e-05 1
1.820108e-05 1
2.060670e-04 1
4.077221e-04 1
2.026745e-06 1917
1.861909e-04 1
3.367176e-04 2
1.371684e-04 1
1.061005e-07 6
5.317112e-05 1
5.062435e-04 1
9.899325e-05 2
6.022576e-05 1
3.005172e-04 2
1.379871e-04 10933
2.522619e-04 1
2.418903e-06 2
7.763603e-05 1
2.334594e-05 1
9.836683e-05 1
4.318698e-05 1
2.192135e-05 3
3.692068e-05 1
1.638573e-04 1
1.569116e-04 2
1.217888e-05 1
4.554234e-07 1
1.469966e-04 1
5.091075e-05 2
2.654791e-05 814
5.980093e-05 1
3.366247e-05 3
5.920584e-05 3
4.848041e-05 1
4.710656e-05 2
4.945533e-05 1
1.192629e-04 1
5.409142e-05 25427
7.146322e-05 1
1.550490e-05 1
1.882928e-04 1
9.735876e-05 6
1.360835e-04 2
4.170159e-05 7
7.880685e-05 1
2.131501e-04 1
2.960545e-04 1
1.617044e-04 6245
5.326723e-05 4
2.551570e-04 1
2.891359e-06 214
3.991389e-06 173668
1.919952e-04 1
3.164337e-05 1
6.849004e-05 1
8.399786e-05 3
1.347811e-04 1
1.690111e-04 1
2.831097e-04 1805
1.456954e-04 1
7.500515e-05 6
2.260303e-05 302106
4.533204e-05 1
6.269953e-05 1
8.152198e-05 1
5.499407e-05 1
1.972100e-04 1
1.416646e-04 7
2.345415e-04 1
2.266838e-04 3
1.814127e-04 5
1.041462e-04 1
6.754693e-05 1
8.819955e-05 3
1.395409e-04 2
1.136163e-04 3
8.999251e-05 7
1.490557e-04 1
7.599628e-05 1
8.122019e-05 1
2.791228e-05 35524
1.179336e-04 248
1.616414e-05 1
3.727346e-05 3
1.257962e-04 1
1.997755e-04 1
3.710390e-05 1
3.722538e-06 19630
4.508933e-04 1
1.333028e-04 102
1.792846e-05 1
4.705257e-05 1
8.413072e-06 1
1.476699e-04 70
4.415688e-05 3
3.240154e-05 3
2.362549e-04 1
3.835426e-05 2
1.327250e-04 7
6.732601e-06 2
1.157144e-04 6
2.744384e-05 1
1.620796e-05 1
5.546554e-05 1
1.643121e-05 1
2.881854e-04 2
2.785115e-05 1
8.374916e-05 1
2.406783e-05 1
2.986580e-04 1
4.817567e-04 24605
1.278709e-04 1
1.349398e-04 3
1.744034e-05 1
7.968671e-05 1
7.521982e-05 1
3.170180e-05 1
1.418893e-04 3
2.849124e-05 1
3.475342e-05 1
6.167147e-05 132
1.778006e-04 1
1.985117e-05 2
1.956972e-04 5
1.408598e-04 6
5.516732e-04 1
1.478390e-04 1
1.359034e-04 1
5.855312e-05 2
6.232989e-05 1
3.307989e-04 1
5.622110e-04 5
6.339188e-05 55380
4.871753e-05 1
1.608324e-05 1
2.346767e-04 5
6.612523e-05 10185
4.356517e-05 4
5.801873e-05 1
4.480327e-05 3
3.596006e-05 7
2.181338e-05 1
9.473794e-05 1
5.013838e-06 1
7.972357e-05 1
4.941446e-05 512
7.518464e-05 215
2.427328e-04 1
3.634225e-06 1
3.325303e-05 1
3.845552e-05 1
9.323963e-05 9146
1.232077e-04 3
9.536558e-06 1
7.000732e-05 1
8.211297e-05 1
3.956106e-05 1
7.654762e-05 253
1.457294e-04 1
6.665779e-05 3
1.148437e-05 194
9.222255e-05 4
8.475096e-05 1
1.668218e-04 1
8.303089e-05 1
8.950574e-05 1
2.216155e-04 485
5.428158e-06 1
4.238266e-04 234
4.787665e-05 2
2.032075e-04 833
1.759977e-04 1
1.943057e-04 3
2.553416e-05 1
6.794753e-06 1
3.431642e-05 3
1.257123e-04 3
4.437192e-05 1
7.485101e-06 683
1.615450e-04 1
3.109631e-06 1
4.353937e-05 1
2.169136e-05 1
1.274585e-04 1
1.569698e-04 1
6.881081e-05 371526
6.466576e-05 1
1.799058e-04 2
8.306954e-05 1
1.338476e-05 1
4.038485e-04 1
7.210466e-05 5
1.382581e-04 27640
9.232918e-05 4
2.617767e-05 2
5.952189e-06 1
1.349430e-05 1
1.070337e-04 1
2.590075e-04 1
5.580159e-05 3
6.172482e-05 1
7.119074e-04 1
2.894282e-05 1
2.091937e-04 1
2.832448e-04 2
1.787281e-04 3
2.504341e-06 3
3.895187e-05 1
5.216965e-05 1
1.948251e-04 1
8.593299e-05 1
7.588796e-04 2
4.370578e-05 2
2.201440e-06 1
1.640164e-04 736
4.234629e-04 1
2.850512e-06 1
1.197187e-05 211
3.856953e-04 1
2.751433e-04 3
1.703543e-04 1
1.711171e-04 39758
2.665454e-04 1
8.961349e-05 1
1.192201e-04 1
2.237158e-05 4
2.697021e-05 1
2.052278e-04 1
7.563851e-05 2
6.176074e-05 3
7.040657e-05 1
7.071827e-05 1
3.883082e-05 1
9.783693e-05 1
2.493793e-04 1
3.508980e-05 6
1.492985e-04 1
1.095343e-05 1
1.585424e-04 1
1.558442e-04 6
1.448880e-04 1
3.596834e-05 3
8.089580e-05 850
5.334083e-05 1
1.620831e-05 2
1.167510e-04 550474
2.735947e-04 3
1.815294e-04 4
4.348231e-05 1
9.206810e-06 7
4.229227e-05 1
4.570267e-05 6
6.828480e-05 1
4.755664e-04 2
8.235361e-07 1
1.874233e-05 1
9.210977e-05 1
4.971921e-05 1
2.365517e-04 1
2.330984e-04 3
1.539164e-04 1
3.257077e-05 264
1.978723e-06 1
2.014433e-05 1
1.535345e-04 1
7.579097e-05 2
3.040052e-05 1
1.817808e-05 1
3.702352e-05 143
4.166666e-05 1
4.148328e-07 6
1.089945e-04 1
6.868191e-05 3
1.670256e-04 1
1.114312e-05 1
1.375709e-04 1
2.372048e-04 1
2.503361e-05 1
5.879854e-05 1
9.017423e-05 7
2.714503e-07 492940
2.924983e-05 1
1.289156e-04 1
2.525130e-04 170
2.031460e-04 1
2.662409e-06 1
1.538684e-05 1
8.789476e-05 1
1.751798e-04 1
8.458135e-04 3
7.836157e-05 1
1.592266e-04 245068
2.710010e-05 5
2.711762e-04 44267
8.029036e-05 1
1.229236e-05 1
9.590264e-06 1
1.115916e-04 1
1.178096e-04 1
1.359880e-04 2
2.203340e-04 259
2.979401e-04 1
1.594800e-04 1
1.651867e-04 3
1.195362e-04 3
2.728118e-05 2
6.674587e-05 2
1.895867e-05 1
1.708630e-05 3
1.707441e-06 2
6.832453e-05 25121
6.602148e-05 1
2.055969e-04 1
2.279929e-04 3
2.432572e-04 1
3.128781e-04 1
2.567697e-05 1
1.029704e-04 1
9.628663e-05 1
6.146652e-06 127
1.488610e-04 1
3.675362e-05 6
3.884896e-04 9914
2.973506e-04 1
2.201318e-04 1
5.367165e-05 1
3.426626e-05 258
2.652032e-06 1
7.494630e-05 35836
4.946637e-05 58481
3.803290e-05 1
2.119438e-04 1
1.948001e-05 234
1.307534e-04 6
7.466882e-05 1
4.807510e-05 1
9.425003e-06 1
1.092677e-05 2
3.553732e-05 3
2.089442e-05 1
5.438881e-05 6
5.901209e-05 7
1.064273e-04 57479
4.676425e-05 1
3.740523e-05 3
5.679626e-05 6
7.138037e-05 125
1.009211e-04 3
6.602065e-05 3
1.126661e-04 756
7.580860e-05 1
2.517159e-05 1
3.637966e-05 1
6.367792e-05 1
2.953718e-04 4
2.532465e-04 5
4.104722e-05 180
7.212324e-06 1
8.208998e-05 1
2.809816e-04 1
1.828910e-04 2
1.421508e-05 2
1.309553e-04 2
4.025681e-04 105
1.862078e-05 39890
8.041322e-05 3
3.049336e-04 1
1.183140e-04 1
9.053322e-05 1
2.065614e-04 2
1.506833e-04 192
2.550336e-05 1
9.880381e-05 1
5.949664e-05 109
2.729071e-04 256
1.539029e-04 1
1.412789e-03 2
5.372707e-05 1
1.707495e-04 2
1.158850e-04 1521
1.704723e-04 3
1.709176e-04 1
1.541012e-04 1
3.363223e-04 1
3.005490e-04 7
2.422990e-04 2
2.229953e-04 4
1.521445e-04 1
7.807651e-05 202
2.359672e-05 1
6.296422e-05 1
3.218900e-05 1
6.579306e-06 7
2.769011e-04 1
1.136605e-04 6
1.180926e-04 1
3.410809e-05 3
1.374799e-05 1
1.445757e-04 1950
2.406521e-05 2
4.323672e-05 1
1.303127e-04 158
1.681888e-04 1581
1.633874e-04 1
4.381254e-05 2
5.564995e-05 1
2.795250e-05 1
1.263716e-04 1
1.089720e-04 1
2.641028e-05 1
1.180434e-04 2
2.201355e-05 175
4.848687e-06 2
1.637234e-04 1
1.628956e-04 1
4.973611e-05 1
1.939502e-04 1
3.753234e-05 2
1.885400e-04 3
1.832504e-04 267
4.871068e-04 1
5.762369e-04 1
3.445701e-05 486
1.901548e-04 7
5.536817e-04 6
9.922507e-05 1
7.361013e-05 4
4.177007e-05 19
5.301854e-04 3
6.738208e-05 1
7.273944e-05 6
5.870892e-04 1
4.560754e-05 1
1.472095e-04 1
1.523860e-04 1
2.644055e-04 2
4.329097e-05 7
5.845270e-06 1
1.868707e-04 1
3.343557e-05 1
1.514999e-04 2
3.949183e-06 69
2.398241e-05 3
7.690581e-05 4
4.840269e-05 1
5.139333e-06 5
9.463833e-05 1
3.572734e-05 1
4.484648e-05 2
3.222222e-04 1
3.793125e-04 1
2.129295e-05 1
4.556460e-05 1
9.961447e-06 6
1.545458e-04 1
7.248825e-04 1
4.683487e-06 4
4.812058e-05 4
1.755386e-04 1
3.236367e-04 1441
7.852764e-05 4
1.340088e-04 7
3.821799e-05 1
4.749786e-06 1
1.192231e-04 1
8.373944e-05 1
1.146010e-05 1
4.908147e-05 1
3.653975e-04 6
3.403315e-05 1
3.998329e-05 4
4.076559e-05 2
1.721006e-05 550
5.292646e-05 2
6.716524e-05 131
1.673161e-04 1
2.493186e-04 34
4.228084e-05 6
2.696965e-04 177
5.069549e-05 5
1.706566e-04 3
3.060498e-05 1
3.191167e-04 6
5.962566e-05 1
6.710868e-05 191
1.001211e-04 3
4.376370e-05 2
2.575167e-04 1
7.280209e-05 1
1.097677e-04 1
1.504543e-04 7
8.660820e-05 1
7.133576e-05 5
2.613225e-04 260
1.186214e-04 1
2.859322e-05 1
1.941766e-04 3
5.608053e-05 1
1.742519e-05 1
7.665083e-05 77
3.262647e-05 1
7.348902e-04 1
7.349802e-05 64
2.852674e-04 1
8.106686e-05 18004
1.187554e-05 748
3.395159e-06 1
3.732372e-04 1
7.041730e-05 3
1.639929e-04 1
1.883151e-04 2
8.833587e-05 1
1.939124e-04 3
8.211390e-05 233
2.231626e-04 1
1.026248e-04 62
2.280335e-05 1
2.020231e-04 3
3.683306e-05 59
7.088267e-05 2
2.614587e-05 1
6.077334e-05 1
4.877783e-05 1
1.444342e-05 1
1.643134e-04 1
1.051509e-04 1
6.214521e-06 1
6.615624e-05 1
1.281988e-04 1
1.290561e-06 2
2.431671e-04 3
1.151894e-04 1
6.545827e-05 5
3.870144e-05 5
4.837831e-05 1
4.206627e-04 1
1.797177e-04 1
1.048003e-04 1148
9.166698e-05 1
2.071012e-05 1
1.345210e-04 2
3.205232e-04 1
3.719405e-04 165
1.434963e-04 5
3.722527e-05 139
7.198852e-05 1
3.640524e-04 1
1.227464e-04 1
4.206222e-05 1
6.042823e-05 7
4.735830e-04 1
3.867545e-05 1
2.861629e-05 1
1.944729e-04 652873
1.687087e-04 1
2.487044e-04 1
8.511300e-05 1
1.106594e-04 1
3.557566e-06 255
7.627842e-05 1
8.870211e-05 1
3.077548e-05 1
6.000187e-05 1
2.502749e-05 2
3.864436e-04 1
1.043677e-04 3
2.105085e-04 33600
2.490597e-04 2
2.109770e-05 1
1.467635e-06 3249
1.248145e-04 1
1.720047e-05 6
8.509548e-06 66
3.041108e-05 2
2.518214e-05 1
7.973184e-05 1
3.572889e-04 2
4.287347e-05 8094
1.755489e-05 1
1.232960e-06 3
5.983080e-05 2
1.739374e-04 236
3.620883e-05 2
1.368341e-04 2
1.743013e-04 1
3.810819e-04 1
6.918835e-05 1
1.190736e-04 119
1.349699e-04 1
1.648513e-04 3
2.070673e-04 61660
8.880068e-05 2
3.244559e-05 5
6.273500e-05 3
1.175330e-04 456
5.005234e-05 1
3.738959e-06 4
8.933043e-05 4
3.984334e-04 1
5.334385e-05 1
1.432443e-04 1
2.187335e-04 3
3.090624e-04 1
1.628471e-05 18
5.660317e-06 1
2.801563e-04 3
1.055435e-04 58
9.965334e-05 3
4.001260e-05 1
1.533961e-04 2
1.457444e-06 137
3.503465e-04 4
2.933833e-05 16284
1.250725e-04 177
3.390643e-05 3
4.146868e-04 1
1.850185e-05 1
4.973843e-05 2
3.857838e-05 2
1.686283e-04 1
1.386744e-04 85
3.014091e-05 5
3.668960e-05 1
1.045204e-04 3
9.769536e-05 1
8.211268e-05 7
2.034067e-07 3
5.000611e-05 1
1.010936e-04 1
3.075087e-06 48606
8.699261e-06 1
1.723912e-04 3
5.737168e-05 86
7.895913e-05 1
3.079899e-05 33085
7.012318e-06 1
6.161073e-05 1
1.251839e-04 30
8.495293e-05 1
1.570480e-06 1
9.187040e-05 251
7.006392e-05 1
1.220583e-04 1
2.455464e-05 27379
7.355695e-05 3
5.872037e-05 3
1.204011e-04 1
1.617500e-06 1
8.700775e-05 80
1.543774e-04 48
2.207642e-05 3
3.825589e-05 2
3.171732e-05 3
1.882161e-04 1
2.616828e-04 1
5.082970e-05 1
3.002202e-05 3
8.142485e-05 1986
7.908006e-05 1
3.104055e-05 150
2.313809e-04 3
2.169246e-04 2
2.090061e-04 1
1.445042e-05 121
2.901779e-05 1
7.548900e-07 6
1.444495e-04 1
1.186340e-04 4
7.888683e-05 3
6.804265e-05 30
4.391645e-05 1
5.197023e-05 2
4.851616e-05 3
8.485883e-06 1
1.551461e-04 159
6.795849e-04 99
2.905898e-04 1
1.743584e-05 1714
6.314787e-05 2
1.371883e-04 1
7.359594e-05 1
1.162725e-04 64596
2.637219e-04 2
6.262990e-04 1
1.532046e-04 1
2.128105e-04 1
8.768929e-05 4
1.817228e-05 1
1.746019e-04 1
2.880732e-04 2
1.061252e-04 2
4.272395e-05 2
6.817831e-05 1
4.361707e-04 2
4.131798e-04 1
2.136679e-04 1
1.405065e-04 1
1.145585e-04 1
3.274547e-05 1
1.797907e-04 1
1.640065e-04 6
4.087308e-05 1
1.056192e-04 4
9.789841e-05 1
4.141226e-04 1
1.227153e-04 968
2.835300e-05 3
4.786497e-05 22276
1.565627e-04 1
1.820491e-05 30
1.412078e-04 2
1.852307e-04 5
7.972619e-05 62
1.485663e-04 1
2.899404e-04 167809
1.966346e-04 1
2.105217e-05 5
4.220209e-05 210626
4.136505e-05 1
4.913162e-06 2
2.692262e-04 1
1.160552e-04 1
1.854566e-04 1
4.585539e-05 1
9.547372e-05 1
3.519093e-04 1
8.599505e-05 1
8.213754e-05 1
3.141544e-05 3
1.795239e-04 1
1.799809e-04 1
9.398258e-05 39657
6.750880e-05 3
3.887087e-05 872
2.424549e-04 1
3.923204e-05 1
8.216304e-05 7
3.439270e-05 3
1.497416e-05 1
1.584896e-06 1
6.963929e-05 1
2.269128e-04 3
5.976961e-05 1
4.130852e-05 2
7.341459e-05 65
1.233224e-05 1000
6.275946e-05 1
5.134948e-05 1
7.530176e-05 1
2.031379e-04 1
3.474400e-04 4067
6.105216e-05 1
2.352580e-04 7
7.008624e-05 3
7.052758e-05 1
5.489824e-05 1
1.771216e-04 1
2.812110e-04 59
1.689510e-04 1
1.914960e-04 2
3.623841e-04 1
6.881346e-05 1
2.238937e-04 244
7.633819e-05 1
5.530673e-05 1
1.903155e-04 1
2.465253e-05 85
2.459308e-05 7
7.507114e-05 1
1.279280e-04 151
1.240789e-04 70
3.022679e-04 1
8.444156e-05 1
1.342597e-04 1112
4.260599e-05 1
5.284510e-05 468
1.266307e-04 1266
2.532309e-04 922
2.014829e-04 2
1.387145e-04 1
1.789383e-04 1
1.414715e-05 1
1.490417e-05 41002
9.315462e-05 1
9.074626e-05 1
1.488642e-04 3
1.462199e-04 3
4.094269e-05 1947
1.356878e-04 1
6.162349e-06 3
4.019176e-05 1
3.226589e-04 1
5.254339e-05 1
1.277847e-04 1
3.031173e-05 1
3.264568e-05 1
8.291425e-05 1
5.519356e-04 64334
1.729614e-04 1
1.233435e-04 165
1.753062e-04 52
1.116553e-04 22045
7.744287e-05 1
1.474026e-04 1
1.256537e-04 3
4.012936e-04 2
8.491682e-05 6
1.173339e-04 1
2.230030e-06 1
8.180674e-05 1
4.231597e-04 2
1.118923e-04 1
1.438581e-04 2
3.536279e-04 158
1.486999e-04 7
4.016503e-05 3
4.308144e-05 1
3.384934e-05 2
2.681625e-05 1
1.504974e-05 877
2.188179e-04 1
1.012347e-04 3
6.161902e-05 7
1.777091e-04 1557
7.457324e-06 30767
3.526681e-05 6
3.562001e-05 1
1.218917e-04 1
1.089305e-04 5
1.888395e-05 2
1.642991e-06 1
6.535539e-05 3
9.266142e-05 4
6.977490e-06 1
4.293687e-04 7
5.579366e-05 2
1.930007e-04 1
1.720267e-04 3
2.460683e-05 3
1.389738e-04 1
4.741391e-05 1
6.088554e-05 2
8.520973e-06 1
1.571171e-04 115
2.990531e-04 1
6.803503e-05 1
1.034644e-04 1
1.537049e-04 1
2.656051e-05 1
1.068723e-04 1
2.324114e-05 88
1.398061e-04 1
2.129056e-05 1
4.295104e-04 1
4.784362e-05 1
1.245340e-05 1
4.042756e-05 163
1.928132e-04 1
2.054362e-05 1
5.281330e-05 4
1.627050e-05 6
6.401064e-05 1
1.172426e-04 50
5.853521e-05 242
1.034321e-04 1
3.073647e-06 1
2.790349e-05 7
3.640592e-05 1
1.191494e-06 1
1.065046e-05 1
4.974907e-04 5
1.229886e-04 1
4.946499e-05 1
1.246576e-04 1
6.548476e-05 1
2.061698e-05 3
1.073918e-04 2
1.200313e-04 3
1.231336e-04 2
9.689479e-06 2
1.306238e-04 1
1.137252e-05 1
2.918572e-04 3
1.539679e-04 2
1.131735e-05 1
3.565760e-05 229
5.006414e-05 1
2.154875e-04 1
1.510910e-04 219
1.636393e-05 1
1.731042e-04 1
3.517283e-05 48760
8.582274e-05 2
2.870929e-05 1
1.916487e-04 1
1.206478e-04 1
3.099311e-05 1
1.312653e-04 62
2.763936e-05 2
1.897574e-04 1
1.999513e-04 1
8.735476e-05 1
7.671042e-05 3
9.836892e-05 1
6.337084e-06 210
1.921358e-05 1
1.392577e-04 2
3.427082e-05 1
1.640775e-04 1
4.125766e-05 1
4.046287e-05 1
1.270069e-04 72
7.258138e-05 1
1.602726e-05 24
8.200196e-06 15
1.213924e-04 1
2.366668e-05 1727
2.715748e-04 1
1.463425e-04 1
5.637872e-05 3
2.452395e-05 1039
1.863588e-04 1
2.156327e-04 1
1.921970e-05 1
1.927762e-04 1
6.006467e-05 2
3.834620e-04 1
8.936819e-05 1
9.328245e-05 1
2.803365e-04 1903
6.664438e-05 1
1.752450e-05 1
5.361235e-05 1
1.610009e-04 1
3.307091e-04 1
9.428936e-05 1
7.168422e-05 47722
1.067524e-04 2
1.385570e-05 1
1.711047e-05 3
2.251250e-05 1
4.023057e-05 1
1.263065e-04 1309
8.992494e-05 3
2.424564e-05 2
1.189836e-04 1
1.777141e-04 5
3.906079e-04 3
6.617950e-05 1
2.181915e-04 1
1.089022e-04 2
7.672677e-05 1
3.362734e-05 1
9.175216e-06 2
9.046939e-05 6
1.277945e-05 1
1.931719e-04 2
8.627372e-05 6
4.144005e-05 1
3.161712e-04 2
9.340009e-05 62294
1.548890e-04 1
2.153830e-05 1
2.051037e-05 1
7.336687e-05 6
2.744807e-05 2
2.706188e-04 2
8.529339e-05 1
8.884791e-05 4
7.017965e-05 1
6.956718e-05 1
4.271138e-06 1
5.810752e-05 1
8.140553e-06 2096
1.624605e-05 1
1.049972e-05 1
2.807828e-05 2
3.677123e-04 1
6.396612e-05 6
1.603320e-04 1
7.843674e-06 5
4.873960e-06 1
1.958515e-04 1
2.283043e-04 1
1.656272e-04 2
1.142124e-04 1
5.643633e-05 1
1.097342e-04 1
1.829979e-04 6
3.827940e-05 3
3.862070e-05 1
6.895131e-05 3
3.743530e-05 1
6.300476e-06 3
3.190656e-06 64798
1.593167e-04 1
6.872222e-05 3
7.237489e-05 41300
5.121452e-05 1
9.109092e-05 1
9.258081e-05 1
1.675465e-04 1
3.630058e-05 52580
2.261876e-04 1875
9.753371e-05 1
5.858099e-05 6
1.571809e-04 2
4.806065e-06 2096
1.935186e-04 1
5.982923e-05 1
1.239470e-04 1
1.595360e-05 2
2.426136e-04 594
2.014677e-06 1
4.912576e-05 1
5.606651e-05 1
5.493282e-06 1
1.850643e-04 1
1.131078e-05 2
1.112384e-04 1
4.659390e-05 2
1.208803e-05 1
1.424761e-07 1
1.726812e-04 214
1.445413e-04 2
1.005262e-04 7
1.845415e-04 3
1.048257e-04 1144
9.064133e-05 1
5.351735e-05 1
2.878469e-04 219
4.207215e-05 1
2.717120e-04 1
1.345108e-05 2
3.087794e-05 1
2.439874e-04 3
3.469186e-05 5
7.558890e-05 1
2.069157e-04 1
4.254851e-06 1
8.049514e-05 1
5.383420e-05 3
1.254137e-04 174
1.095778e-04 1
5.344563e-05 1
1.089704e-04 1
5.682510e-05 1
9.859128e-05 1
1.719236e-04 219
1.154246e-04 10
8.473724e-06 1
1.834696e-04 3
1.690481e-05 2
5.017195e-06 215184
2.201247e-04 3
2.982073e-04 7
3.929172e-05 3
3.936981e-04 1
2.550627e-07 24001
1.731638e-04 1
6.635306e-05 1
1.147394e-05 3
1.940279e-04 3
2.017474e-05 13
1.562834e-05 1
1.594445e-04 1
1.891036e-05 53774
4.470193e-05 5
1.345609e-05 44990
3.502836e-05 2
8.452104e-05 1
1.136364e-04 1
1.423819e-04 2
1.113391e-04 5
1.470467e-04 7
1.798403e-05 3
9.844146e-05 1
5.272243e-05 3
1.266336e-04 1
3.712985e-05 2
9.238954e-05 1
1.016119e-04 1
6.028238e-05 1
2.336057e-04 6
9.739412e-05 5
5.903655e-05 1
3.878731e-05 49
6.525692e-05 18709
1.726761e-04 1
1.203166e-04 2
1.250791e-04 3
1.808666e-06 7
1.206384e-04 1
5.483344e-05 1
1.727081e-05 487686
2.393577e-05 1
8.403896e-05 47131
2.894212e-04 157
7.650884e-05 1
1.383904e-05 2842
1.750121e-05 1
5.160206e-05 1
1.429988e-05 1
2.901638e-05 106
3.263395e-05 3
1.770284e-04 1
3.006050e-05 3
9.471953e-05 1
8.885328e-05 1
2.554864e-05 2
6.243509e-05 1
2.731539e-04 7
4.006660e-06 155
8.241198e-05 2
1.121235e-04 37077
4.987589e-06 1
3.042037e-04 1
5.945397e-05 1
2.361781e-05 1
2.555731e-05 65
1.197143e-04 2
8.059276e-05 1
1.028569e-04 3
5.263927e-06 1510
1.749304e-04 3
2.455539e-04 1
1.461261e-04 23767
1.186566e-04 1
9.053392e-05 1
1.063340e-04 1317
2.818472e-05 1
2.462635e-06 1
1.223375e-05 1
1.600308e-04 36
4.227503e-05 1
6.483822e-05 110
8.308591e-05 1
1.984523e-04 1
7.182964e-05 7
7.803992e-05 1
9.101523e-05 1
1.334169e-04 3
1.610146e-04 1
2.000214e-05 17
3.250920e-05 1
2.829144e-06 52738
1.567644e-04 1
6.464156e-06 1
1.250860e-06 1
1.432319e-05 1
1.719782e-05 1
2.599204e-04 1
3.782367e-05 33465
5.729252e-05 117
1.061988e-04 1
1.383672e-05 1
1.971637e-05 1
8.065613e-05 1
1.255061e-04 5
2.952846e-05 4
1.787600e-05 3
9.301510e-05 61
2.088771e-04 1
2.435444e-04 5
1.164696e-04 1
2.363139e-05 1
6.188093e-05 157
3.310526e-05 3
1.437488e-05 1938
5.336623e-05 3
1.603324e-04 3
8.704720e-05 22208
3.468676e-05 6
1.825670e-06 1
9.924416e-05 2
8.133051e-05 5
3.723556e-05 2
3.408298e-05 2
3.471506e-05 190
4.147056e-05 1
3.799233e-05 1
5.775105e-05 226
2.525460e-06 137
2.671581e-04 1
9.858227e-05 198
2.763684e-04 3
4.367352e-05 1
3.167878e-05 1
7.196376e-05 1
9.491488e-05 67
2.186438e-04 62
1.549239e-04 408
2.070775e-05 1
1.586304e-04 1
2.651793e-05 1
5.758424e-06 1
1.210358e-04 1
1.968096e-04 1
8.279835e-05 224
6.116963e-05 940
2.232943e-04 3
4.812638e-05 3
2.046290e-05 1
8.433200e-05 1838
1.972258e-04 1
6.293247e-05 533
8.456039e-05 1794
5.304328e-05 1
8.832001e-06 1
8.596007e-05 1
2.343628e-05 1801
6.186573e-05 7
1.433671e-04 55672
4.561009e-05 1
5.035769e-05 1
4.841912e-05 1
1.682004e-04 6
3.997448e-05 976
7.075741e-06 1
1.057835e-04 1
3.719366e-05 1
6.122331e-07 1
3.922366e-04 260
5.429205e-06 1448
4.968062e-05 1
4.827612e-05 17582
1.418442e-04 3
6.302394e-05 4
4.412493e-05 5
2.150931e-06 2
2.016995e-04 1
1.730244e-05 1
1.178166e-04 2
2.407383e-06 2
2.679131e-04 2
1.960807e-04 2
2.269993e-04 3
1.795441e-04 2
1.102661e-05 1051
1.779880e-04 1
3.481573e-05 1
1.580449e-04 1
5.967351e-05 1
4.977170e-05 3
9.472134e-05 1
2.372941e-04 1
4.819951e-05 1
6.112726e-05 4
2.231516e-05 6
3.908705e-04 5
5.554768e-05 1
9.631542e-05 3
4.703956e-05 1
1.417211e-04 3
2.941635e-04 27151
3.929099e-04 2
1.040849e-04 1
2.060317e-04 6
3.774204e-04 42
1.770811e-04 129
4.706979e-05 1
1.363272e-05 258
1.862485e-04 6
1.277572e-04 1
3.319235e-06 1
5.931396e-05 4
1.003010e-05 1
1.212027e-04 1177
2.345566e-05 1
1.274175e-04 1
7.934873e-06 1
7.371795e-05 1
1.850015e-05 1
3.616359e-05 281833
3.093562e-05 6
1.872259e-04 1
2.524614e-05 3
6.137894e-05 5
2.534515e-04 1
2.283928e-04 2
1.687972e-04 1
1.203507e-04 1296
2.025289e-04 1
1.436247e-04 3
8.277242e-05 2
5.894624e-05 1
1.592213e-04 2
2.516494e-05 2
1.251328e-05 1
8.178804e-06 1
4.219927e-05 1
1.466921e-04 20977
7.419772e-05 42657
1.090012e-05 1
8.006787e-05 601234
3.896005e-04 117
1.397905e-05 1
1.474571e-04 1
1.777858e-05 2
2.027173e-04 1
3.084179e-04 8530
1.084154e-04 231
1.012936e-04 1
8.489656e-06 5
4.510635e-05 2
8.307329e-05 220
5.622812e-05 1
3.416588e-04 1
8.883052e-05 2
5.396176e-06 89
1.104420e-04 3
1.928425e-04 2
5.702618e-05 1
5.753586e-06 1
4.749098e-05 1
2.605691e-04 3
1.283533e-04 1
4.011707e-05 41406
1.858862e-05 1
3.171998e-05 1
8.479372e-06 1
6.460721e-05 1
1.366461e-04 1
2.871723e-05 1
6.794154e-05 32
1.814195e-04 1
1.463263e-05 58
2.014920e-04 5
4.022900e-05 2
4.138661e-05 3
1.069046e-05 1
7.556165e-05 1
7.382337e-06 2
1.368894e-04 6
3.526421e-05 6
8.721795e-05 57085
2.982168e-04 3
9.390293e-05 22142
1.031658e-06 1
3.216561e-05 2
4.581967e-04 1
1.813007e-04 1
3.322435e-05 37555
4.119223e-05 1
1.305297e-04 1
1.260395e-04 1
2.453839e-04 1
2.050556e-04 3
1.270700e-04 1
1.158197e-04 1
1.655153e-04 1
2.425779e-08 176
3.970302e-05 2
1.203898e-04 4
1.752612e-04 5421
1.138218e-04 2
2.809165e-05 5
1.369366e-04 1
9.449759e-05 3
1.710951e-05 2
3.801128e-05 6
3.421057e-04 1
3.550960e-05 1
6.552694e-05 1
2.269320e-05 1
4.027179e-05 2
9.315080e-06 1
6.948260e-05 1
4.319579e-05 3
8.542414e-05 1
1.959967e-04 1
1.678506e-04 1
1.344228e-04 1
3.376224e-04 1
9.854479e-05 5174
5.930075e-07 1
3.477674e-05 4
3.556224e-04 2
2.148527e-04 895
1.448323e-04 1
8.483446e-05 2
1.059948e-04 2
5.533604e-05 180
6.017988e-05 1
2.103650e-04 34006
1.185536e-05 1
5.013018e-05 1
1.553655e-05 3
5.756960e-05 2
2.129827e-04 1
8.745003e-05 1
5.853897e-05 1
6.902657e-05 4
1.918363e-04 2
1.147673e-04 2
1.457668e-06 1
2.322639e-04 241
8.145214e-05 1
1.381041e-04 206
5.195584e-05 1
4.457244e-05 24216
9.013415e-05 1
2.621846e-05 1
7.890533e-05 3
4.383757e-05 3
1.912643e-04 1
9.307847e-05 1
2.211321e-06 7
1.015612e-04 433
1.500232e-05 3
4.823087e-05 1
1.400419e-04 3
3.020927e-06 1
3.805467e-04 334
1.467852e-04 1
1.998633e-04 28994
5.586393e-05 2
1.310212e-04 280
9.408877e-05 1
8.964336e-05 2
5.332464e-05 3
6.700565e-05 1
9.999887e-06 3
6.074489e-05 1
6.429699e-05 6
1.592722e-04 1
1.741745e-05 3
1.702438e-04 2
1.538647e-04 932
8.575027e-06 64
1.266587e-04 1
2.024135e-05 3
4.500723e-05 7
1.018165e-05 1
3.929331e-06 1
9.243543e-05 1
1.412043e-04 2
2.258973e-04 28914
1.328400e-04 1
1.652420e-04 2
3.250258e-05 265
5.068063e-05 1
1.879141e-04 36
1.496934e-04 1
4.432197e-05 1
4.826369e-05 1
3.884863e-05 1
1.501608e-04 2
1.630613e-04 1
1.834441e-04 1
4.785399e-04 1
6.700056e-05 1
1.304912e-04 1
9.418482e-05 1
8.933254e-05 2
2.133510e-04 1
6.101486e-06 1
7.135233e-05 4
2.861512e-05 1
1.259378e-04 1
1.148586e-04 1
1.198986e-04 111
2.549033e-05 5
2.434756e-05 1
8.600832e-05 30738
1.594470e-04 16081
7.829942e-05 6
2.734768e-04 1
2.996466e-04 134
2.152628e-04 4
1.631184e-04 1
2.118992e-04 1
1.918124e-05 7
5.025307e-05 3
9.966225e-05 1
3.444804e-04 1
2.063851e-05 1
2.129956e-04 3
5.053890e-05 2
2.890097e-05 1
5.253672e-06 3
5.014924e-04 1
6.800422e-06 169
1.356758e-04 59549
2.923974e-04 5
3.091821e-05 1
7.761246e-05 5
1.994729e-04 1
2.782980e-05 5
1.601146e-04 1
2.069218e-04 1
2.552013e-05 1
2.087100e-04 1
8.014122e-05 1
3.137927e-04 135
8.640588e-05 4
1.665893e-05 2
1.154099e-04 1
8.285153e-05 1
3.085689e-05 32319
3.618394e-05 2
2.212326e-04 3
6.553623e-05 1183
4.538516e-04 1
2.604071e-05 1
3.696701e-05 3
1.185895e-04 1
7.039741e-04 1
1.209468e-05 1
3.196267e-05 397
6.268620e-05 584702
4.305409e-04 1
6.059804e-05 1
9.011196e-05 244
7.398002e-06 2
6.737788e-05 6
4.786375e-05 1
3.335095e-04 35216
2.923819e-05 3
8.333895e-05 1
3.696307e-05 2
2.114945e-04 2
1.194645e-04 2
8.538429e-06 2
1.325450e-04 2
2.642735e-04 1
2.519737e-05 36555
1.472802e-05 2
2.906677e-05 3
5.840670e-05 1
1.501125e-05 3117
1.427977e-04 226
7.380061e-05 1
7.381890e-05 1
7.427681e-05 1
3.651694e-05 1
1.442419e-04 1
3.495807e-05 1
2.266925e-06 6
4.919785e-05 1
2.322826e-04 1
8.520731e-05 1671
1.131629e-05 111
5.013662e-05 3
6.826497e-05 1
7.384956e-05 2
7.065994e-05 1
1.359950e-04 1
2.562000e-05 1
1.799206e-04 1
3.040796e-05 1
1.893498e-04 1
6.872259e-05 3
8.474134e-05 2
5.479470e-05 1
5.661908e-05 4
1.131676e-04 1
1.688579e-04 1
4.770537e-04 1
4.548837e-05 1
9.510969e-06 52241
1.214010e-04 1
6.118395e-05 5
4.132367e-04 183
3.332272e-05 6
1.753782e-05 2093
3.238522e-05 34
4.491902e-05 1
1.082608e-04 1
6.474310e-05 82
9.507840e-06 1
1.154649e-05 7
2.509208e-05 1
2.477908e-05 3
9.178795e-06 2
1.174644e-04 1
5.891305e-05 4
2.020437e-04 3
3.506220e-04 19445
2.147030e-05 1
8.623279e-05 1
1.319712e-05 1
2.335329e-04 1472
1.196222e-04 555991
8.358381e-05 2
9.143345e-06 1
5.480237e-06 2
1.450705e-04 1
1.313380e-05 1
2.266585e-04 6
8.147143e-05 1
4.636995e-05 5
5.649314e-05 1
1.940606e-05 118
1.925581e-05 1
2.734448e-04 2
8.514734e-06 183
3.887320e-06 188
1.843095e-04 1
2.292910e-04 1
