2.171727e-04 1
3.906377e-06 1
1.945655e-05 155
1.039641e-04 1
6.034152e-05 214
3.633658e-05 1
8.596996e-05 1
2.830958e-04 1
1.481159e-06 1
1.217439e-04 1
4.348959e-05 4
6.700897e-06 1
1.403982e-04 1
7.568996e-05 3
6.312619e-05 357
9.449827e-05 1033
5.428442e-05 1
2.636005e-04 242
1.068086e-04 7
6.341898e-05 1
1.378208e-04 1
8.301850e-05 1
4.272450e-05 1
1.816881e-04 6
3.377625e-05 1
8.172762e-05 1
2.932839e-05 6
2.842357e-06 77
3.999206e-05 1
4.588738e-05 1
1.015652e-04 1
1.616604e-05 1
2.187643e-05 3
7.361105e-05 3
7.954302e-05 1
5.834141e-05 3
7.248402e-05 1
1.190299e-04 1
2.586276e-05 1
5.036766e-06 2
6.066308e-05 3
2.797678e-05 113
3.440231e-06 1
6.428939e-05 38630
1.704096e-04 3
3.753215e-05 1
1.884871e-05 7
1.641039e-04 1
2.389307e-04 3
7.923458e-05 243
4.993830e-06 1924
1.933748e-05 1
1.546471e-05 46
9.165538e-05 2
2.312868e-05 6
6.644737e-05 2
7.285243e-05 1
1.494730e-04 1771
5.566872e-05 3
1.230248e-05 1
4.400322e-05 35
6.404132e-05 1
5.221628e-05 4
1.255038e-04 3
2.789318e-04 1
9.676604e-05 7
7.934948e-06 1
7.781289e-05 1
1.529544e-05 1
4.616158e-05 178
6.401701e-05 1
2.035725e-04 1
4.641838e-05 1
9.955775e-05 1
3.786336e-05 2
3.435391e-06 6
2.895664e-05 64712
6.728312e-05 1
1.042432e-05 1
1.193168e-04 3
1.305868e-04 1
1.909702e-05 6
6.407641e-05 41987
1.264111e-05 1287
3.820542e-05 1
2.381014e-04 1175
7.350806e-05 1
3.440370e-05 50611
2.570018e-04 6
1.184402e-04 6
2.697220e-04 1
8.326818e-05 2
1.734059e-04 3
8.266215e-05 1170
2.406123e-05 221
6.786085e-05 1
4.233397e-05 766
2.009797e-05 1
3.362145e-05 1
2.253720e-04 1
2.554203e-05 1
5.864623e-05 15573
4.677929e-06 2
4.649937e-05 2
1.073893e-04 1107
2.907118e-04 1
3.946034e-05 1
2.117756e-05 1
2.168400e-04 1
6.423619e-05 1
2.937772e-05 1
1.594765e-04 1
1.198466e-04 1
2.901984e-05 2
6.914313e-06 1
8.190885e-05 6
1.001045e-04 2
2.137024e-06 1
8.155941e-05 1
8.934768e-06 3
1.155506e-05 1
1.333051e-04 2
3.333623e-04 7
2.052328e-05 4
1.952304e-04 1
2.259836e-05 29716
2.139048e-04 1
1.433670e-04 2
3.560516e-05 1
3.691001e-05 1
1.947942e-05 615675
2.379456e-05 2
7.587585e-05 129
6.993196e-05 2
6.219037e-05 2
2.541625e-05 1808
5.447595e-05 1
3.657543e-05 1
3.669599e-05 2
1.140396e-05 214
4.301389e-06 1
1.026287e-05 1
4.062491e-05 1
1.194968e-04 1
1.488019e-04 1
3.062003e-05 1
2.695771e-05 2
5.242652e-05 6
2.277670e-05 752
1.192658e-04 1
9.771086e-06 6
5.929887e-06 1
2.790980e-04 5
5.875543e-05 1
5.011101e-05 1
3.178203e-05 1
2.615879e-04 2
5.204115e-05 262
1.249121e-06 262576
4.994247e-06 1
8.299934e-05 1
7.837491e-05 49086
1.561540e-05 7
2.580247e-05 1
9.281340e-06 2
1.235253e-04 1
8.575612e-06 1
6.077867e-05 1
5.639946e-05 1
2.930137e-06 503
3.766535e-05 1165
1.695266e-05 37193
1.522535e-04 1
1.413257e-04 1
7.194250e-05 112
4.514572e-05 1
7.502444e-05 68
3.730447e-04 1
1.319998e-05 1280
3.748091e-06 1
1.498380e-04 1
1.419513e-05 1
8.350417e-05 1
2.977497e-05 201
6.417426e-07 1
5.214294e-05 180
6.399806e-05 1
2.560806e-05 1
2.427623e-05 3
2.144363e-04 7
3.674534e-06 3
2.477218e-04 1
2.948083e-05 1
4.753016e-05 1
7.590050e-06 1
6.682781e-05 1
9.457425e-05 3
4.909124e-05 1
1.320926e-04 1
1.097063e-05 1
7.801877e-06 51
3.310506e-04 68
3.459778e-05 4
4.940007e-05 4
8.207745e-05 1
4.696055e-05 4
1.200796e-04 2030
2.883033e-05 1
4.001413e-06 1
2.103451e-04 1
1.156083e-04 26
4.052954e-05 1
1.741276e-05 3
5.487822e-05 3
1.832439e-05 14820
2.126723e-09 5
5.663671e-06 5
2.838610e-05 97
1.386684e-04 2
3.645823e-05 2
1.140061e-05 1
2.919667e-06 1
7.281621e-06 1
8.587932e-05 1
1.415190e-04 1
1.772629e-05 1
4.636547e-05 2
1.297866e-05 1431
1.235585e-04 3
1.241049e-05 1
1.695537e-05 1
4.837865e-05 1
1.039787e-04 140
1.015057e-04 4
1.143407e-05 1
4.887836e-05 418
8.970556e-06 4
6.981309e-05 7
7.108942e-05 6
5.001047e-06 198
2.228896e-05 4
1.704120e-05 2
2.198083e-04 1635
3.424854e-05 190
2.165534e-05 1
9.402966e-05 42400
1.467236e-04 1
2.701213e-05 6
5.291596e-05 3
4.298888e-05 1
2.183374e-05 1
2.963548e-05 1
6.186946e-05 1
5.052636e-06 5
5.780225e-05 2
1.524245e-04 5
3.286378e-05 241
1.781756e-05 1
8.698618e-05 1
1.026873e-05 1
3.548261e-05 144
1.985324e-05 2
5.990002e-05 3
1.274492e-04 1
1.527373e-05 1
3.418383e-05 2
1.096011e-04 1777
1.701400e-05 212
1.227970e-05 1
5.011293e-05 1
7.436903e-07 347
1.518961e-05 165
7.549036e-06 1
6.109232e-05 88
1.459219e-04 1
2.774403e-05 1
3.047147e-04 149
3.203963e-06 1
8.151260e-05 1876
5.854968e-05 7
9.902868e-05 1
2.821114e-06 184
1.157897e-05 3
2.948453e-06 1
5.227736e-05 1
3.309961e-06 1
1.168996e-04 2
3.204948e-05 1
1.138846e-04 3
4.710451e-04 6
5.612110e-07 1
1.736977e-05 1
9.621010e-05 1
2.183749e-05 6
1.995193e-05 7
1.377053e-05 2
5.312878e-05 124
1.146936e-04 1
5.270523e-05 3
2.417302e-05 1
7.925141e-06 3
9.740918e-05 1
1.103845e-06 173
1.119990e-04 3
5.879837e-05 1
2.952727e-05 1
8.941843e-06 1
2.214906e-04 10575
5.120688e-05 1
9.118348e-06 1
1.073359e-04 1
2.344019e-05 1
6.768246e-05 3
6.998279e-06 1
1.073613e-04 330887
1.930213e-04 1
3.650671e-05 2
6.014523e-05 6
5.444250e-05 112
3.045138e-05 1
8.523749e-05 1
3.735143e-05 1
1.248188e-04 1
7.519626e-05 250
8.993216e-05 688
8.893375e-05 7
1.450947e-05 1
4.879511e-05 1
6.854362e-05 1
3.014876e-05 1
1.503474e-04 1
1.598282e-04 1
5.208026e-05 1
2.960610e-04 5
7.148955e-05 2
1.205822e-04 1
1.754703e-04 1
2.850219e-05 1
3.510879e-05 158
1.328417e-05 1
1.238016e-05 7
1.265749e-05 1
1.115941e-04 1
9.621767e-05 1
4.660877e-05 1
2.194097e-04 1
5.710938e-05 1
2.578337e-04 4
1.436305e-04 3
4.956107e-05 1
3.103002e-05 1
7.656701e-05 1101
6.532997e-05 2
4.461493e-05 1
6.235963e-05 2
1.631004e-05 165
7.856911e-05 1
1.167339e-05 1
7.226472e-05 1
9.496567e-05 1
3.317536e-05 1
2.768115e-05 3
3.631398e-05 2
4.709799e-05 3
2.534842e-05 3
2.211645e-05 1
7.390777e-05 6
3.577440e-05 625
1.505061e-04 6
1.140944e-04 3
2.162965e-05 22719
5.981332e-05 2
6.679455e-05 3
1.214725e-04 109
2.290527e-04 2
1.403884e-05 60
8.433919e-05 165
6.469111e-06 3
6.877356e-05 1
1.975444e-04 1
4.997804e-05 1
9.847731e-05 1
8.074845e-05 5
3.470502e-05 1
2.477796e-05 1
4.296995e-05 1
3.862899e-05 6
5.908722e-05 1
1.749350e-04 4
4.627591e-05 1
1.189582e-05 2
5.081035e-06 1
3.084622e-05 1
7.007230e-05 1
2.261934e-05 123
7.605078e-05 1
3.698466e-05 1
2.404966e-04 1
7.952623e-06 2
1.031713e-04 1
1.642416e-05 266
4.494325e-05 2
2.755358e-05 1
8.563366e-05 5
7.350477e-05 1
2.320623e-04 1
7.536651e-05 2
6.034977e-05 2
6.834312e-05 2
1.737954e-06 1
2.292139e-05 1
4.761599e-05 1
1.792058e-05 1
2.665281e-06 1
1.175761e-04 1
2.320886e-04 2
3.471090e-05 1
1.064534e-05 1
4.321883e-05 1
5.093976e-05 4346
3.469010e-05 1
1.125805e-04 1
7.899696e-05 3
2.346038e-05 246
3.863689e-05 1
3.084149e-07 1
7.197643e-05 1
1.185900e-04 1
1.147939e-04 1
7.518196e-05 12
2.912364e-05 2
1.594369e-04 4
6.082450e-05 1
5.496287e-06 1
7.833592e-05 3
2.052304e-05 1009
5.265828e-05 1
1.587150e-04 5993
1.521481e-04 4
1.027425e-04 2
1.669173e-04 1
2.162244e-05 2
1.119324e-05 2
8.638128e-05 1
1.168392e-05 7
1.643961e-05 3
3.141651e-05 5
8.327026e-05 1
9.539910e-05 1
3.579584e-05 6
8.397514e-06 1
4.592592e-07 3
9.714905e-05 1
2.606915e-05 38142
7.403721e-06 2
9.336682e-05 3
4.449951e-05 1631
1.332169e-04 160
7.140473e-05 6
8.636847e-05 1
1.115994e-06 1
7.742120e-05 1
1.665277e-04 1
2.443365e-04 261
5.482510e-05 2
2.835907e-05 1
4.377310e-05 1
4.976559e-05 3
2.268766e-04 1
8.907685e-05 1
6.090621e-05 1
2.111457e-05 1
1.646001e-04 1
7.573505e-05 1
1.306566e-05 3
2.949667e-05 1
7.564601e-05 1
3.830556e-05 1
1.725792e-04 172
1.045220e-04 2
1.768064e-05 235
7.379365e-05 2
1.371776e-04 5
2.229669e-05 1
1.127206e-04 3
1.818838e-04 1
3.779866e-05 348
1.562104e-05 1
6.109660e-06 1
1.927273e-04 7
6.216587e-04 1345
2.557489e-04 3
4.446244e-05 1
7.851990e-07 1816
1.134533e-04 1
2.716885e-05 6
2.159341e-05 1473
2.037302e-05 5
2.372760e-05 49
1.066625e-06 1
9.332944e-05 1
5.286861e-06 1
1.193902e-04 276
7.072942e-05 3
2.289837e-05 1
3.549937e-05 1
2.827647e-05 1
1.296869e-04 1
9.534171e-05 174
2.544524e-05 1
5.641778e-05 2
2.301793e-04 5
1.081455e-04 1
6.493209e-05 1
3.264434e-05 4
2.947132e-05 3
2.874999e-05 1
7.629471e-05 41
5.494020e-05 3
8.959063e-05 1
5.870600e-05 4
4.400780e-05 1
6.277177e-05 18
2.612512e-05 1
9.203779e-05 1
1.335937e-04 3
4.416365e-06 1
1.528689e-04 2
1.536179e-04 3
8.774743e-05 3
2.448381e-04 2
9.493702e-05 1
2.083680e-04 1
2.221009e-05 1
3.103925e-05 4
2.685017e-04 1651
5.853085e-05 1
3.123070e-05 1
9.048352e-05 4
1.362918e-05 1
2.451893e-05 6
1.285867e-04 2
4.513488e-05 1
4.104765e-04 2
2.145463e-04 39
7.460881e-05 1
1.137170e-04 584
6.538484e-05 37939
2.125781e-05 1
7.872096e-07 1
2.638877e-05 1
7.032448e-05 4
1.497882e-05 3
5.440837e-05 1
2.526135e-04 7
6.452404e-05 6
5.935395e-05 1
3.657251e-05 1343
3.025922e-05 235
8.517396e-06 11421
1.367709e-04 1
1.811987e-04 1
3.869298e-05 1
1.604941e-04 1
9.996330e-05 1
1.091047e-04 5
4.343256e-06 4
1.403609e-04 1
4.643218e-05 3
8.031317e-05 1
4.254339e-05 1
3.078211e-05 2
1.188493e-04 1125
3.371488e-04 750
3.073467e-05 1
1.301364e-04 2
1.455919e-04 64
4.923933e-05 3
7.836906e-06 4
3.662609e-05 1
1.858465e-05 1856
1.271740e-04 1
5.402370e-05 2
3.125405e-05 1
1.973207e-05 3
1.315005e-04 1
2.116419e-05 1
1.715353e-04 7
2.093273e-05 41571
1.038066e-04 1
5.691576e-06 1
2.100302e-06 1
1.224685e-04 1
1.635044e-04 1
1.313165e-04 1
7.783200e-06 1
2.869368e-04 1
1.849703e-05 1
7.656574e-05 1477
1.159105e-04 917
6.266528e-05 1
3.591161e-04 100
7.858209e-05 124
5.326945e-05 1
6.771798e-05 159
9.424560e-05 1
3.329893e-05 1
1.214733e-04 83
1.701245e-04 56
2.795187e-05 5
9.736841e-05 3
7.521650e-05 1
7.607247e-05 1
7.430455e-05 1
9.505792e-06 1
3.056541e-05 6
9.395628e-06 3
2.161590e-04 1
1.043926e-05 1
3.960132e-05 1
1.257019e-04 2
5.712874e-05 8581
1.646836e-04 1
3.964688e-06 7
6.077520e-05 2
1.334987e-05 252
3.328765e-05 1
3.002416e-05 1
5.939567e-05 27
1.427843e-04 6
1.014956e-04 1
3.510685e-05 1
1.209286e-04 2
1.670428e-04 1
2.202033e-05 69
7.969771e-05 47
7.141402e-05 3
1.346902e-04 3
2.157891e-05 40560
8.144501e-05 2
7.411719e-05 3
3.509256e-05 2
1.274446e-05 1
5.528119e-05 7898
1.565475e-04 7
1.223288e-05 461901
4.706349e-05 1
5.113865e-06 219
3.220218e-05 1
1.962003e-07 3
3.768559e-05 400258
9.086041e-05 1
2.825391e-05 1
8.410918e-05 2
1.139414e-04 1
2.199149e-05 3
1.692132e-05 7
3.511026e-06 1180
2.415003e-04 3
3.877880e-05 3
1.980414e-04 1
8.214980e-05 1
1.441786e-05 1581
8.609474e-05 7
1.880468e-05 211
5.191397e-05 1
4.535462e-05 1
1.912822e-06 1
2.061790e-06 1
2.839619e-05 29111
2.106631e-04 5
3.951082e-05 1
4.642635e-05 1
9.394222e-05 1
1.616291e-05 13
8.280519e-05 1
5.717172e-05 1
3.925382e-05 41442
2.691403e-05 3
2.814873e-05 212
7.733078e-06 3
4.476985e-05 3
2.614829e-04 1
7.556162e-06 2
8.384908e-06 1
3.623086e-05 170
1.191193e-04 1
6.685207e-06 3
1.120229e-04 3
1.680260e-04 45959
1.971186e-04 220
5.793570e-05 3
5.386600e-05 1
1.512764e-04 1
7.346005e-05 67407
2.545654e-05 1
8.095488e-05 3
1.283867e-04 2
1.511123e-05 1
6.509023e-05 5
1.753779e-05 4080
3.351028e-04 1
3.184952e-05 1
1.552398e-05 1
7.544211e-05 1
2.695693e-05 1
1.530743e-04 3
1.077401e-04 30
1.424911e-05 1
2.843524e-05 61089
1.820730e-05 1
9.888390e-06 585
1.185298e-04 3
9.997844e-06 205
2.345669e-05 1
9.487659e-05 1
5.180417e-05 1
1.705585e-04 3
5.934191e-05 270
9.553781e-05 3
4.405912e-05 2
1.434674e-06 49
4.376963e-05 1
2.784220e-04 7
7.651705e-05 1
2.112059e-04 1
1.200770e-04 127
7.946425e-08 1
8.044597e-05 1
1.838596e-05 1
1.214776e-04 3
5.662815e-05 2
2.346692e-05 3
1.015085e-05 171
2.230354e-04 114
1.207776e-05 4
1.149566e-04 167
3.489163e-06 6
9.847621e-05 7
3.970229e-05 1
6.209221e-05 1
7.215580e-05 1
4.184042e-05 1
9.312312e-05 1
9.281570e-06 1
7.482037e-05 1
1.549367e-05 13393
3.251306e-05 1
2.008191e-04 2
6.442727e-05 1
1.467728e-05 3
3.032795e-05 7
7.913628e-05 5
1.289241e-04 1
2.433311e-05 1
3.641755e-04 1
1.750140e-04 236
5.984558e-05 1
1.221204e-04 1
1.056784e-04 3
7.303624e-05 1
2.996774e-05 2
1.750227e-04 130
3.543407e-06 2
8.834791e-05 88
1.115293e-04 1
1.137783e-04 1
4.354485e-05 1
3.245336e-04 2
3.454990e-05 2
4.447483e-05 1
1.008170e-04 1
1.028737e-04 2
3.932893e-05 2
1.130854e-05 1
2.621613e-05 1
1.399758e-05 6
1.510533e-05 57650
4.333463e-06 1
4.763831e-05 1
2.152167e-04 1
2.250065e-04 1
3.017296e-05 1
1.691415e-04 3
7.444108e-05 1
3.435552e-05 1
5.415416e-05 147
4.538632e-05 1
1.478254e-04 1
3.974406e-05 1
1.600285e-04 49
8.617458e-05 1
5.149654e-06 1807
1.179277e-04 101
2.629216e-05 1
2.295288e-06 1
6.831030e-05 1
8.538942e-05 1
1.260615e-05 3
7.732765e-05 4
1.217546e-04 35152
2.017262e-04 1
6.320959e-05 1
6.073343e-05 4
6.620324e-05 1
9.332411e-05 1
9.348012e-05 233
3.286210e-06 2
4.162915e-05 194
4.368744e-06 1
2.458973e-04 552917
6.157194e-05 1
1.839388e-05 1
2.588431e-05 171
1.000465e-04 228
9.030625e-05 1
6.466281e-07 252
1.355898e-05 2
8.813526e-05 1
5.446185e-05 1
1.877941e-04 1
1.493558e-05 230
1.447409e-05 7
6.996007e-05 3
2.253061e-04 2
1.671031e-04 1
9.297804e-05 1
1.285874e-04 3
8.035651e-05 1
4.457863e-05 1
1.238341e-05 2
2.443012e-04 1
2.097023e-04 5
7.065207e-05 3
8.113320e-05 2
4.334504e-05 1
4.656279e-05 1
1.002310e-04 1
5.562036e-06 6
9.756160e-05 1
8.876473e-05 1
1.651224e-05 1
1.826400e-04 5125
9.998624e-07 100
9.804328e-06 6
2.635533e-04 4
1.067060e-04 1
8.976120e-05 1
1.148562e-04 1
6.756566e-05 1
6.163599e-04 2
3.325288e-05 1
1.691526e-05 4
3.663990e-05 2
2.809673e-04 1
1.468124e-04 2
1.502442e-04 22
6.239852e-05 3
7.270074e-05 3
5.434342e-05 1
8.795854e-05 1
3.213638e-05 1
5.575472e-05 1298
1.074625e-04 1
1.037308e-04 223
9.048481e-05 1
7.756636e-05 3
5.413550e-05 6
2.091922e-04 1464
3.152200e-05 1
1.259478e-04 2
1.519590e-05 1
1.246156e-04 1
4.839832e-05 1
1.372030e-04 1
1.451211e-04 28056
1.557258e-04 2
3.914552e-04 1
9.265520e-05 1
1.281933e-04 1
6.312814e-05 1
1.814834e-04 170
6.672899e-05 1
2.509362e-05 5
5.315335e-05 2
6.896477e-05 1
1.442304e-04 209
5.939167e-05 1
9.239607e-05 1
3.449909e-05 1
3.030284e-05 233
1.622585e-04 1
9.051818e-05 1
1.243651e-04 3
3.451264e-05 1
2.284112e-05 1
4.246996e-06 106
1.474181e-04 4
1.129589e-04 1
4.570005e-05 1457
6.540137e-05 1
3.288282e-05 1
1.159246e-05 6
1.076941e-04 84
4.388586e-05 2
1.902424e-05 1
2.192355e-05 126
1.653742e-04 1
3.763309e-05 2
4.202223e-05 21
3.299266e-05 157
4.274921e-06 1
7.101734e-04 1
2.302393e-05 1
2.435882e-06 1
1.527800e-04 2
2.466716e-06 1
2.547758e-04 940
1.468156e-04 2
6.815067e-05 61530
5.418607e-05 3
6.891762e-05 1
1.581514e-04 1
4.969079e-05 2
2.747494e-04 7
7.025841e-06 2
3.238603e-05 3
7.068538e-05 1
1.436742e-05 3
3.947586e-05 1
6.840093e-05 1
2.115154e-05 2
9.922149e-05 37223
1.023086e-04 1
1.200788e-04 5
7.972092e-05 899
8.230654e-05 4
4.598284e-05 51
1.938835e-04 3
2.150021e-04 761
4.190789e-05 264
3.390418e-05 70
6.657281e-06 1
1.783326e-05 1
1.990726e-04 3
2.730185e-05 1
1.374434e-05 3
1.195710e-04 213
1.713056e-04 1
1.106304e-04 442
7.316679e-05 5
8.522142e-06 1
1.068396e-04 255
1.269941e-04 1
1.391951e-05 3
8.103967e-05 1
1.644363e-05 2
2.904967e-05 1
8.793592e-05 1
4.555501e-05 1
2.283977e-05 140
1.236639e-04 1
1.754690e-04 1
5.996516e-05 1
6.050550e-05 2
8.147224e-05 1
9.189683e-05 102
1.705141e-04 2
5.898301e-05 1909
5.272292e-06 7
1.680073e-04 1
5.399147e-05 179
2.469121e-04 1
7.808793e-06 1
1.157437e-04 3
1.664651e-05 1
9.191284e-05 1304
2.551785e-05 3
1.373715e-05 4
7.187635e-05 1
1.135649e-04 4
5.023364e-05 1
9.494707e-05 1
1.468872e-04 131
1.674371e-04 2
3.569365e-05 1
8.299126e-05 1076
1.137700e-04 24
5.365361e-05 109
9.073314e-05 2
5.906024e-05 1
9.129751e-05 5
1.125435e-04 14
3.006097e-05 4818
4.816654e-05 141
1.315321e-05 5
1.565164e-06 1
2.857460e-04 506837
3.166095e-05 1
5.830466e-05 294
1.374116e-05 3
9.910428e-06 2071
1.959370e-04 226
1.423382e-05 1
3.716834e-05 110
3.041373e-05 1599
4.337152e-07 1
5.390010e-05 1
1.879136e-05 2
9.216443e-05 1
9.075315e-07 2
2.598163e-04 1
4.894806e-05 25496
1.548235e-04 3
1.354976e-05 190
1.225840e-04 1
8.408495e-05 1
4.398449e-04 61159
6.850134e-05 140
4.033771e-05 79
5.262113e-05 1
9.187128e-05 1
3.400156e-05 13
1.942809e-05 1
1.519944e-04 5
1.135404e-04 2691
1.996503e-04 929
1.990844e-05 7
1.758021e-05 1
1.215293e-04 1023
3.878015e-05 79
2.888998e-07 7
7.870033e-05 1579
3.817728e-05 3
3.590057e-06 24618
5.254229e-05 3
4.463859e-05 3
1.188593e-04 1874
5.001624e-05 2
2.081725e-04 1
7.055225e-06 3
4.893759e-05 3
2.502518e-05 1
1.746894e-05 3
1.262395e-04 1
5.068567e-05 1
3.814731e-05 1
6.693396e-06 1
8.543557e-05 1
3.561467e-04 1
1.494411e-05 1
4.392321e-04 11826
2.946232e-04 1
8.367643e-05 5
1.931994e-04 1
8.689273e-05 195
1.896205e-04 1
1.838376e-05 1
1.179517e-04 101
1.956850e-05 480
1.032814e-04 71
7.379391e-05 2
1.864821e-04 2
6.157356e-05 1
3.527799e-05 2
1.318971e-04 2
1.843282e-05 3
2.574020e-05 1
3.254471e-05 1
6.027642e-05 1
5.795099e-05 5
3.206599e-05 2
1.105213e-04 1
1.638530e-04 1
6.831261e-05 1
8.312381e-05 242
1.015085e-04 1
5.096661e-05 1
2.063117e-04 231
2.746490e-06 7
1.329891e-05 149
3.358000e-05 1
2.694444e-05 1297
5.438812e-06 1
3.529569e-05 1
3.234675e-05 16079
4.684134e-04 1
3.960591e-05 1
2.131764e-04 1
3.021140e-05 1335
2.733309e-05 6
1.432715e-04 2
8.795702e-06 3
3.849829e-05 1
1.823358e-05 2
1.145298e-04 1
8.881071e-05 4
1.922263e-06 4
2.916960e-04 1
2.017780e-04 1
8.435810e-05 4
2.124304e-05 1
1.064058e-05 1
5.061612e-06 1498
1.136720e-04 1
2.246249e-05 1
8.865578e-06 1
8.141013e-06 1
4.259026e-04 13908
2.057963e-04 1
2.129379e-04 1
5.164454e-05 3
6.474562e-05 1
2.871509e-05 1
2.523481e-05 3
9.231779e-05 1
9.917896e-05 1
2.320821e-06 1
8.438095e-05 1
1.638373e-05 1
1.852851e-05 9105
4.421746e-05 1
8.919885e-06 527
2.081170e-05 2
2.106818e-06 1
1.159280e-04 1
1.003758e-04 1
2.287750e-05 1
5.175902e-05 1
2.475636e-05 22468
2.963443e-05 3
1.069947e-04 2
8.612298e-05 1
7.612137e-05 2
3.468693e-05 11184
1.149696e-05 1
4.640832e-05 1
8.125056e-06 5
4.091338e-05 3
4.454610e-05 44
9.124308e-05 194
1.419155e-04 46759
7.329063e-05 4
4.810496e-05 7
1.423702e-04 1187
2.997315e-04 2
7.884020e-05 10024
3.142033e-05 5
2.410149e-05 1
1.908358e-04 4
4.345665e-05 1
1.118811e-04 4
2.600023e-04 1
4.296507e-05 1
2.228624e-05 1
1.979252e-04 1
5.044888e-05 1
2.499621e-05 1
2.654301e-04 1
6.079576e-05 1596
9.124796e-05 1
1.893947e-05 1
5.698048e-05 1
6.170632e-05 2
2.060334e-05 1
7.967475e-05 1
5.915179e-05 1
4.552717e-04 1
8.887042e-06 6
1.827868e-04 3
3.433224e-04 1056
3.626279e-05 6
1.039586e-05 3
2.632490e-04 1
1.640281e-04 1
7.825235e-05 1
2.300814e-06 27
4.943556e-05 75
1.835486e-04 1
8.814091e-05 1160
2.645345e-06 3
1.365930e-04 1
1.219136e-04 1
8.396839e-05 172
4.734828e-05 1
1.529696e-04 6
9.670995e-05 63185
2.630135e-04 1
8.409438e-05 1
4.221579e-05 1
6.234471e-05 3
1.024666e-04 1
2.850147e-05 251
7.220909e-05 1
3.646875e-05 1
8.836047e-05 1
2.280101e-05 2
4.441342e-05 2
1.583926e-04 1
7.436894e-05 2
8.586573e-05 2
7.694710e-05 1
6.293583e-06 1
1.248366e-05 5
1.231734e-04 1113
2.623810e-04 1
1.087151e-04 484500
5.322597e-05 1
8.500172e-06 1
4.254703e-05 4
8.456014e-06 3
5.247603e-05 1
4.535419e-05 4
1.594626e-04 988
7.649812e-05 1
3.991902e-06 2
3.918765e-05 1
3.989755e-05 2
5.559947e-05 79
1.043953e-04 1
1.718875e-04 7
4.364699e-05 1
1.697040e-05 1
2.327866e-04 1
7.274015e-05 1
1.797146e-04 3
2.671059e-05 7
6.245295e-05 604
1.586868e-04 5
1.416645e-04 47
3.255533e-06 81
2.553305e-05 1
2.511174e-05 1
7.691565e-06 1
1.395764e-04 1571
1.218149e-04 1
1.501385e-04 1
1.326938e-05 857
1.253636e-04 3
4.308257e-05 1
3.040123e-05 1
6.851631e-05 4
1.426766e-04 1
7.854682e-05 1
3.648337e-06 1
1.541466e-04 1
2.399738e-05 1
2.855172e-05 1
1.289158e-04 74
7.959527e-05 1
1.378207e-05 2
8.345757e-05 1
1.409468e-04 1
7.371493e-06 1
1.500569e-04 50086
1.018577e-05 1
6.865583e-05 1
1.576904e-04 2
5.034632e-05 1
8.582247e-05 1
1.767242e-05 1
7.595013e-05 6
7.668522e-05 3
3.070964e-05 1
1.715114e-05 1
1.162915e-06 5
1.671511e-05 1
9.735958e-05 2
1.934262e-05 19342
6.947714e-05 3
1.169161e-04 1
6.926926e-06 1
5.710564e-05 1
9.934225e-06 1
5.924995e-05 1
9.766555e-05 108
1.577262e-04 1
9.810552e-05 3
7.810056e-05 5
7.054515e-05 1
2.898208e-06 6
2.458641e-05 1
6.622328e-05 3
1.572818e-04 123
1.177982e-04 2
1.883854e-04 26
2.840379e-05 1
8.471507e-05 237
2.341231e-04 1
8.534637e-05 419474
3.550771e-05 1
7.455336e-05 1
8.641555e-05 2
2.349957e-05 1
7.030047e-05 44
3.022513e-05 1
1.646377e-04 1
9.321627e-05 1
1.153681e-05 1
5.464111e-05 27
1.344833e-04 60219
1.457218e-05 141
1.563958e-04 1
1.600400e-04 1
8.317339e-05 1
1.045225e-04 1
2.243852e-04 1
9.413561e-06 1
1.728681e-04 6
4.814053e-05 41012
1.259545e-04 3
8.750284e-05 955
8.429876e-05 23048
3.977481e-05 1
2.108413e-07 3
1.269518e-04 7
1.329552e-05 1
9.343743e-05 3
9.553534e-06 1
1.589609e-04 1
7.388170e-05 1
1.515117e-04 2
1.891031e-04 1
1.510017e-04 175
1.182336e-05 1
1.862377e-04 41970
4.531439e-04 1
1.737296e-04 3
4.766377e-05 210
8.883314e-05 1
2.284521e-04 28898
1.334029e-04 1
6.947276e-05 1
3.794043e-05 2
2.330141e-04 188
1.324176e-05 7
1.881503e-05 1
4.939542e-05 1
1.034750e-05 3
1.177117e-04 1
1.410031e-04 1
8.371225e-05 124
9.981787e-06 126
6.124006e-06 1
7.373188e-05 1
4.011800e-05 3
5.578338e-06 1
7.149656e-05 6
2.416577e-04 136
1.744437e-04 1
1.742316e-04 1
1.059543e-04 53882
5.398065e-05 1
8.529973e-06 1
8.767709e-05 1
1.226083e-04 1
1.183042e-04 123
2.661762e-04 2
4.167140e-05 245
6.169793e-05 4
1.697031e-05 1
2.903748e-06 1
1.378647e-04 2
4.535133e-05 3
2.118062e-05 3
1.909574e-04 1157
1.246349e-04 1240
2.984395e-05 787
1.537922e-06 3
2.386748e-04 9608
4.321563e-06 1
1.949069e-05 6
8.899658e-06 7
6.918486e-07 1
2.630500e-05 1
6.782201e-05 4
3.765460e-05 1
1.046616e-04 2
1.029964e-04 1
1.389331e-04 1
1.071350e-05 1
4.698840e-05 1
1.218815e-04 1
7.233961e-05 23
3.596734e-05 127
1.166199e-04 1160
2.097130e-05 731
1.780280e-04 246128
5.027404e-05 1
6.826320e-05 1
7.751095e-05 5
8.388929e-05 1
6.884529e-05 1
2.747793e-04 2
2.155460e-04 2
1.397599e-05 2
2.474509e-04 2
2.723505e-04 1
1.411502e-04 1
1.941309e-04 1680
2.835205e-05 204
4.989386e-05 1480
3.882327e-05 1
8.430515e-05 1
6.691754e-06 2
2.805446e-05 3
1.175930e-04 106
2.643545e-04 1
2.397868e-04 1
1.636609e-04 1
2.974949e-04 1
5.723586e-05 1
1.298363e-04 7
7.495091e-05 1
2.074024e-05 1
7.874949e-05 1
8.719228e-05 1
5.033101e-07 4
5.324863e-05 1
1.050392e-04 1
2.314043e-05 607543
1.053654e-04 3
5.919544e-05 1
8.558003e-05 1
2.387921e-05 1
2.001895e-05 183
1.829369e-04 1
2.820983e-04 3
1.670719e-04 1
1.408032e-04 1
1.605326e-04 257
5.623636e-05 3
1.041018e-04 1
2.113153e-05 1007
2.150963e-05 2
8.931547e-05 1
3.072229e-05 1
1.199052e-04 1
4.311026e-06 1
2.935359e-06 2
6.108027e-05 1
2.019878e-04 7
4.177540e-06 1
4.062338e-05 7
4.239002e-06 1
1.465201e-06 2027
2.518098e-04 1
5.181341e-05 1
4.721921e-05 1
1.020579e-05 359
5.197210e-05 3
1.064538e-05 1
1.218399e-04 1
7.630255e-06 3
9.201088e-05 1
2.507591e-05 1
1.028309e-04 1338
1.164113e-05 3
3.271598e-04 125
3.140279e-05 3
9.758722e-05 2
3.519224e-04 1
1.416462e-04 4
6.630809e-05 1
3.709691e-05 1
2.253465e-06 2
3.301737e-05 4
2.015363e-05 2
2.531304e-04 1
2.214596e-05 3
5.783570e-05 1
1.622671e-04 1
8.149335e-07 1792
7.953737e-05 2
2.153691e-04 1
7.012454e-06 1
5.809160e-05 1
1.322323e-04 58675
3.676062e-05 1
1.881004e-05 1
8.904021e-05 2
1.178128e-05 2
3.477626e-04 7
1.412496e-04 131
1.946597e-04 20
1.052050e-04 5
4.201356e-05 1
4.116707e-05 3
1.132836e-05 1822
1.223974e-05 2
8.717621e-05 1
1.224328e-04 1
2.788935e-05 63
8.781829e-05 204
1.991333e-04 17787
5.346157e-06 1
1.234963e-04 54875
8.839059e-06 1
6.187360e-05 1
9.913723e-05 1
8.394861e-05 1
6.032522e-05 647
5.626403e-05 2
2.063776e-05 3
9.650118e-05 2
1.089188e-05 1
1.304323e-04 1
6.218789e-05 7
8.888086e-05 1
1.075996e-05 1
4.394807e-04 1
1.680597e-05 142
9.480333e-05 1
7.944881e-05 1
2.197363e-05 1
5.444276e-05 3
4.842662e-05 266
1.567623e-05 1868
5.245921e-05 1
2.643099e-05 1217
1.197932e-05 1
9.643161e-05 1
1.029012e-04 2
7.294391e-05 142
1.080649e-04 78
3.765185e-05 1
9.169458e-05 7
9.911113e-05 1
5.270723e-05 3
5.613922e-06 279349
1.019021e-04 1
1.235619e-04 1
8.747463e-05 1
4.554231e-06 1
2.175313e-05 4
8.324422e-05 1
1.399929e-04 11
4.048705e-05 1
3.094117e-05 2
1.973785e-04 329
1.429517e-04 24171
2.034272e-04 1
3.463716e-04 2
1.521494e-04 2
6.108611e-05 3
2.308295e-05 1
6.383771e-05 3
7.119147e-05 1689
8.586424e-05 5
1.330005e-04 1
4.305474e-05 1
3.633825e-05 3
7.495132e-06 1
5.500091e-05 45791
8.358228e-05 4
1.316842e-04 2
4.434005e-06 1
1.424956e-04 7
5.397058e-05 1
2.971987e-04 1
1.170695e-04 139
3.030290e-05 1
5.444932e-05 2
9.287699e-05 6
7.526076e-05 2
1.330873e-04 2
1.506639e-05 1
7.602435e-07 1
1.633436e-04 7
4.528346e-04 411
1.748510e-04 3
5.660830e-07 1
1.003765e-04 1
4.179646e-05 55
1.552448e-05 1
3.365277e-04 1
2.293876e-05 1
2.765732e-05 1
6.658809e-05 1
3.424825e-06 1
8.627917e-05 1
1.284654e-05 170
5.920376e-05 165
4.147172e-04 181
4.137530e-05 3
2.514683e-06 11795
3.447237e-06 17
2.467672e-05 1
4.597716e-06 348
9.948717e-05 1
2.664167e-05 1
1.613779e-05 1
8.827128e-05 350869
8.041681e-05 1
1.932841e-05 240
3.675760e-05 6
2.243381e-04 3
3.368718e-05 84028
5.565608e-05 1
2.063993e-04 1
1.420227e-04 1
4.752314e-05 20039
1.508807e-05 5
1.220840e-04 1
6.009827e-05 1
3.839026e-04 1838
7.126422e-05 1
2.428602e-05 1
1.251144e-05 3
1.839670e-04 2
2.690997e-05 1
1.842561e-04 48824
2.104951e-05 54873
2.120752e-04 3
2.512137e-04 1
7.053707e-06 1
7.723811e-05 6
1.326484e-04 219
3.948672e-07 1
4.296782e-06 1
1.859452e-05 2
2.207866e-05 1
4.308660e-04 1
8.366333e-05 30868
9.122314e-05 1
1.165426e-05 1970
1.121784e-04 3
1.207173e-05 1
7.685428e-05 1
6.745502e-05 1
1.410557e-05 1
1.013541e-04 65225
1.212843e-04 2
1.771367e-04 1
4.994065e-05 1
3.459628e-05 1
4.171653e-05 5
4.999956e-05 3
3.739318e-06 1
3.415092e-05 1
7.670335e-06 4
7.037281e-05 1
4.025958e-05 1
1.622805e-06 775
1.413967e-05 6
5.540701e-05 1
4.798272e-05 67
8.035266e-05 1
1.191581e-04 138
3.598908e-05 2
2.331813e-05 2
1.797806e-05 1
2.542982e-04 1
8.621418e-05 553
3.204576e-05 1086
3.930704e-05 1
1.930525e-05 135
2.829337e-05 2
1.872297e-04 1
2.686397e-05 4
1.484109e-04 118
1.341119e-05 1
1.530776e-04 1
8.040830e-05 5
1.327163e-04 55424
8.528758e-05 1
6.573191e-06 89
2.398664e-04 1
5.808628e-05 222
1.076289e-04 1
3.444523e-05 1
1.211020e-05 6
1.345803e-04 10167
1.746551e-04 1
2.015850e-05 1236
5.153411e-05 2
2.111344e-05 82
1.437657e-05 1
2.153760e-05 1
6.404947e-06 1
1.780750e-05 1
4.718959e-05 5
1.289378e-04 1
3.759456e-05 1
1.609913e-05 1
4.285610e-05 1
3.438363e-04 1
2.943047e-04 7
1.368220e-04 2
7.808441e-05 1389
5.362597e-05 2
1.277828e-04 1
7.769722e-05 1
1.586185e-04 1
1.138498e-04 262
4.340782e-05 636
3.353726e-05 1
7.001364e-05 1
1.648070e-05 157
6.049627e-05 1
2.137981e-04 4
2.659100e-04 79
1.925059e-05 5
4.990159e-05 1
2.723070e-04 5
2.783937e-05 1
3.231220e-05 1
4.479296e-05 2
1.838193e-05 1
3.856074e-05 1
9.237839e-06 21578
1.054721e-05 1
1.270456e-05 1
4.692720e-05 1
7.252781e-05 3
1.155664e-04 1
1.140803e-04 46
1.168998e-05 1
3.426583e-05 1
9.131258e-05 1
2.293945e-05 4
3.988559e-05 5
1.641002e-04 1
7.088129e-05 1
9.658126e-05 1
6.178666e-05 1
4.517284e-04 3
2.206898e-04 96
2.558673e-05 2
2.174026e-04 7
4.711352e-07 1
1.322022e-05 232
9.596174e-05 1
8.560854e-05 6
5.440017e-05 1
2.868975e-05 3
3.008819e-04 3
3.020224e-05 1
3.413306e-04 166
1.031406e-04 1
5.372781e-05 1
2.345032e-05 34
7.961319e-06 1
3.334943e-05 5
2.412099e-04 1
7.678278e-06 3
2.340772e-04 7
1.455442e-04 1
1.157583e-05 1
3.258003e-05 1
1.161519e-04 3
5.173426e-05 1
2.832548e-05 72
1.147783e-04 1
1.537788e-05 1
7.584674e-06 3
6.824932e-06 4
8.887089e-07 1
2.280429e-05 1
2.667307e-05 2
2.320755e-06 159
5.246127e-05 1
4.236742e-06 7
5.646580e-06 111
6.961094e-05 714
2.440571e-05 1
5.204324e-05 1
1.014941e-05 3
2.840704e-05 2
2.136433e-05 2
5.071859e-05 89
9.193678e-05 181
1.181594e-04 555518
2.372055e-05 182
3.814292e-05 1
1.008281e-05 94
4.953506e-05 1
1.652775e-04 3
4.426231e-05 2
2.378710e-05 1
8.806329e-05 1
1.838149e-05 1986
4.818330e-05 194
3.711803e-06 82
1.830721e-04 3
6.568845e-05 1
1.722293e-04 1
2.255354e-05 3
7.164046e-05 1
1.651247e-04 1
4.608549e-05 1
7.383164e-05 3
9.084780e-05 3
1.330531e-05 4
2.298274e-05 1
1.626279e-04 7
3.876535e-05 2
9.650791e-05 2
2.523784e-05 7
1.182759e-04 3
1.389368e-04 1
1.600055e-05 1
5.204119e-05 1693
2.071035e-04 1
1.642292e-04 44
1.291496e-05 3
9.014948e-05 3
6.606071e-06 1
1.875926e-04 1
4.785949e-05 490
3.903172e-07 4
9.649459e-05 234
1.919704e-04 2
6.020350e-05 6
2.724499e-05 1
5.469987e-05 1
5.010302e-05 36501
3.496815e-04 1
4.054460e-04 1
9.147589e-05 2
7.357708e-05 1
6.008959e-05 1
4.579811e-05 216
1.018436e-05 3
2.947145e-05 619
8.563016e-05 1
5.574557e-05 1302
5.215817e-05 126
1.611575e-05 1
2.203159e-05 1
4.977619e-05 9730
1.838370e-05 6
1.783009e-06 1
7.534209e-05 1857
2.161494e-05 193
2.047285e-04 159
5.231105e-05 121
9.587866e-05 3
6.703200e-05 1
1.059149e-04 2
1.553017e-04 3
1.003013e-05 1
3.751799e-05 1
1.227574e-04 2
1.250595e-05 1
2.147212e-05 1
8.938536e-06 2
9.559698e-05 1
3.484796e-05 1
5.927203e-06 1
3.637882e-05 22300
3.555534e-05 1
1.220829e-04 2
9.159179e-05 3
4.129462e-05 3
4.850877e-05 1
6.450285e-05 2
2.628087e-04 1
4.694584e-05 1
2.478150e-05 1
7.037299e-05 61533
1.205080e-05 1
1.195118e-04 36121
1.254681e-06 7
6.348844e-08 3
1.515879e-05 1
3.794413e-05 1
2.378170e-05 2
1.084260e-04 1
1.067236e-04 2
1.000532e-04 175
9.833134e-05 1
5.495535e-05 1
1.142211e-04 1
2.441617e-05 1
1.943573e-05 1
3.726354e-05 213
3.059821e-05 4
1.559592e-04 1
2.245129e-05 4
8.807277e-05 1
5.957846e-05 5
4.338253e-05 272
8.697560e-05 5
1.246223e-05 1
1.669210e-04 3
1.926215e-04 7
7.283994e-05 3
4.208642e-04 1
1.841477e-04 3
1.234724e-04 686
5.493794e-05 1
3.341224e-05 1
3.296977e-05 17941
2.559888e-05 2
1.306582e-04 1
7.200108e-05 5
3.028409e-05 919
2.139830e-05 2
3.940071e-05 1
1.790427e-04 1
3.100545e-04 1
5.646026e-05 1
4.033331e-05 238
3.537729e-05 3
1.128080e-05 1
2.738170e-05 84
3.550729e-05 1
2.834475e-05 6
3.088452e-05 1
1.284296e-05 250
8.508264e-05 1
1.975415e-04 1
9.851583e-06 2335
3.886516e-05 1
4.712434e-05 3
9.029458e-05 1
3.531751e-05 3
4.417882e-04 2
3.728979e-05 1
5.184683e-05 2
1.017521e-04 1
1.580111e-04 1
6.938688e-05 1
3.749186e-05 19
5.726464e-05 1
4.298934e-05 44975
1.640391e-04 1
2.544989e-05 37510
1.853725e-04 44944
8.246449e-05 1
3.543348e-05 6
1.357900e-04 2
4.240879e-04 2
2.065902e-05 22
3.213151e-05 2
3.944342e-06 1
4.235412e-06 2
5.601196e-05 5
4.129571e-05 1
1.527099e-04 1
3.435690e-05 1
9.090168e-06 198
8.628638e-06 1
1.990164e-04 2
5.967381e-05 1
1.023623e-04 1
1.417636e-04 5
1.375740e-04 1
1.063195e-04 1
9.167343e-05 51907
3.010297e-04 1
1.974520e-04 4
1.042651e-04 1
9.356182e-05 73
2.211185e-06 1
1.073909e-04 61
3.835742e-05 1
1.395155e-05 1
6.677981e-05 1
1.584623e-04 722
7.575638e-06 3
1.104313e-04 858
6.759073e-05 2
7.350589e-06 1
1.777286e-05 72
1.131944e-05 1
7.355567e-05 1
2.053766e-05 7
6.646816e-06 2
1.683362e-04 1
1.335408e-04 50
9.183818e-05 5
8.145224e-06 7
1.251861e-04 3
3.095729e-05 1
7.607707e-05 72
8.305339e-05 1
6.691335e-06 1
1.269083e-05 1
1.492909e-04 1
6.532335e-05 1
3.440632e-04 163
1.326957e-04 1
2.122716e-04 1
4.044654e-05 1
1.776200e-05 1
6.837912e-05 6
2.111423e-05 1
4.439091e-05 1
3.711380e-05 1
7.041979e-05 1
7.076191e-05 1
2.762647e-05 1
3.780480e-05 5
2.329760e-04 2
1.951222e-04 4
1.715841e-05 1
6.672998e-05 2
1.273387e-04 5
2.183052e-05 68693
2.014406e-04 1
1.021669e-04 3
5.412606e-05 3
8.559100e-06 1
2.850146e-04 2
2.706862e-05 2
9.053868e-05 2
1.117376e-05 27271
1.204400e-04 1
1.973560e-04 60
8.408517e-06 4
8.929681e-05 1
1.200123e-05 1
2.488330e-05 2
3.401310e-06 1
1.223720e-04 1
2.602879e-05 2
1.662391e-05 13678
1.576333e-04 1
1.624408e-05 3
5.398802e-06 63016
1.918533e-05 1
8.150578e-05 2
1.090728e-04 1
3.460445e-05 29536
2.009975e-06 1
7.813581e-05 240
1.391666e-04 1
8.214961e-05 76
1.656414e-05 1
3.434497e-05 3
3.749692e-05 1
2.193667e-05 3
2.486835e-04 3
8.448528e-05 196916
8.940963e-05 1
3.282271e-05 3
9.584264e-05 7
1.752509e-04 1
2.042218e-04 1
6.579555e-05 1
1.707359e-04 1
1.285509e-05 5
8.476815e-06 1
1.747954e-04 34573
5.004735e-05 21078
1.929010e-05 1783
1.750163e-05 5106
9.863926e-05 415
8.478857e-05 1
2.121573e-06 90
1.219362e-04 6
3.784256e-05 5
6.285669e-05 5
2.602394e-06 1
1.079067e-04 1
5.819329e-05 1
9.278967e-05 2
1.309643e-05 3
6.585077e-05 1
2.984598e-06 1
7.160827e-05 1
1.507636e-05 1
6.772834e-05 1730
3.820032e-04 6
1.886012e-05 1
6.032526e-05 3
5.383452e-06 3
6.240546e-05 2
3.636888e-04 1
2.583478e-04 1
5.724640e-04 1
4.357385e-05 2
2.529470e-05 5
1.254855e-04 1
2.535050e-06 2
1.365480e-04 1
5.964342e-05 3
5.083669e-05 1
4.218747e-05 1
4.969189e-06 3
8.296245e-05 1
1.908440e-05 1
1.755037e-04 64725
1.368345e-04 1
1.255090e-04 3
1.092723e-04 1
1.936872e-05 3
4.011089e-06 2
1.122891e-04 1
1.624016e-04 6
1.024308e-05 1
2.378443e-05 1
2.276459e-05 1
6.829962e-05 3
1.784773e-05 2
2.948784e-05 1
1.064460e-04 1
6.887351e-05 1
1.418661e-04 1630
1.382321e-04 1
9.168537e-05 3
1.275449e-05 1
8.259044e-07 1
5.537014e-05 59
1.569779e-05 1
1.333188e-04 1
5.720425e-07 29713
3.751159e-05 3
6.075296e-05 532657
3.522163e-05 4
2.103729e-05 1
2.151139e-05 1
3.891001e-05 1
6.211775e-05 1
4.856916e-05 1
1.165083e-04 3
1.873791e-04 3
1.398141e-04 26505
2.028965e-04 1
9.270144e-06 651
1.513896e-05 1
1.898573e-04 1
1.331088e-06 5
4.088488e-05 219
5.383129e-05 17263
9.609499e-05 135
5.561715e-05 1
2.442501e-05 205
4.937372e-05 954
8.307043e-05 137
1.061283e-04 2842
7.341190e-05 2
3.518992e-05 49133
5.398758e-05 3
6.403531e-05 1
2.271235e-06 1
1.598890e-05 6
1.485060e-05 7
7.347338e-05 1
1.406130e-05 2
1.681082e-05 3
1.911984e-04 7
5.645331e-05 1
1.181044e-04 510
1.414517e-05 1
1.833785e-04 1
1.412743e-05 4
1.184919e-04 1
7.102918e-05 1
1.918958e-04 1
4.205236e-05 153
1.206743e-04 2
5.163692e-05 1
1.266348e-05 1
2.831240e-04 1281
2.221172e-04 1
8.480584e-05 1
7.930298e-05 3
1.445059e-05 173
2.692086e-04 1
1.129380e-05 34
1.482021e-05 1
3.008840e-06 1
7.501398e-05 1
8.683041e-05 143
9.642605e-05 76
6.503414e-05 1
3.319923e-05 3
6.869337e-05 1
5.031270e-05 1
3.755529e-05 2
5.463335e-06 1
4.919688e-05 1
6.092891e-05 1
1.217565e-04 51608
3.057127e-04 7
4.061257e-04 210
1.712800e-05 1
1.525883e-04 241
1.075472e-04 2
4.773450e-06 3
8.401202e-05 26567
3.942218e-06 1
1.202110e-05 589
8.296224e-06 212
3.620856e-05 1153
2.684439e-04 1
1.971669e-04 3
1.524078e-04 163
7.253214e-05 1251
2.115639e-05 159
7.886940e-05 2
9.944033e-06 22
2.237878e-05 1
1.724933e-04 2
1.994251e-04 1
1.077360e-04 1
2.828657e-05 3
1.983806e-04 2
2.808386e-05 5
1.517914e-04 1
1.682762e-04 1
4.765704e-05 2
1.067452e-04 1
2.445807e-04 6
4.439182e-05 65736
7.098511e-06 1
4.358528e-06 1
3.000519e-04 1
6.180852e-06 2
1.210962e-06 6
8.752709e-05 1
1.264442e-05 1
1.305946e-05 52373
2.909608e-05 1
5.242459e-06 1
1.779455e-05 1
4.851713e-05 6
1.392615e-04 1
8.072736e-05 1
2.206849e-04 1
6.587510e-05 1
6.699754e-05 1
9.915669e-05 1
2.699915e-05 2
5.604682e-05 1
2.256237e-05 1
5.965596e-07 5
7.377527e-05 150
6.824241e-05 1
3.032476e-05 1273
4.401024e-05 3
3.405669e-05 1893
2.040440e-04 241
4.301461e-05 1
7.114819e-05 1
1.181324e-05 1860
3.144718e-05 5
1.223882e-05 1
3.166358e-05 3
1.833967e-04 1
2.103620e-05 3
1.122607e-04 1
7.241233e-05 260
1.822516e-04 3
5.151731e-07 1
1.158196e-04 1310
2.367672e-05 1
7.755263e-05 66
1.464911e-04 1
4.568513e-05 3
4.587379e-05 5
1.834468e-04 1
6.451510e-05 1
4.637823e-05 1
1.082503e-04 1
3.647155e-06 3
2.258697e-05 1
1.500493e-05 1
2.113823e-05 1
4.822950e-05 3
1.966690e-05 252
1.822419e-04 1
5.919089e-05 7
1.391941e-04 1
7.925361e-06 3
2.791194e-05 1
7.587612e-05 1
2.337189e-04 1
2.509501e-04 1
6.173398e-05 4
2.401923e-04 1
1.681243e-04 1
2.751533e-05 18096
4.609957e-05 259
8.326390e-05 1
5.273969e-07 1
1.255282e-04 1
1.695539e-04 1
3.764679e-05 66
1.328412e-04 1
1.366471e-04 4
2.248733e-04 4
1.272732e-04 1
8.617330e-05 1
5.063083e-05 1
2.973054e-05 1
7.186565e-05 1
1.172298e-05 1
5.861809e-05 633979
1.634220e-05 3
1.003500e-04 3
5.595974e-05 1967
7.885335e-05 1
3.932171e-06 2
5.003692e-06 1
8.473070e-05 1
1.120177e-05 1
1.410069e-04 3
2.306012e-05 1
8.615377e-06 1
2.049192e-05 2
1.813825e-05 2
6.551848e-05 107
5.404027e-05 1
6.078437e-05 123
6.865519e-05 21031
1.068569e-04 1
2.243533e-04 2
1.535538e-06 1
5.353084e-05 1
2.760486e-05 1
4.110268e-05 2
4.637453e-04 58232
4.436903e-05 1
1.137360e-04 1
8.353743e-05 921
4.974384e-07 1
3.901924e-05 18
1.092780e-04 3
1.390459e-04 1
2.412265e-04 1
1.009695e-06 258
2.255762e-05 2
1.522771e-04 111
1.847747e-04 231
8.351213e-05 553
1.218564e-04 5
9.063995e-05 1
1.957188e-04 1
2.505313e-05 1
6.047727e-05 1
6.703333e-05 1
4.636410e-06 7
1.424077e-04 146
3.046069e-05 1
5.523016e-05 758
1.838433e-05 1
3.157828e-05 1
7.956054e-06 1
6.968270e-05 218
1.696244e-05 7
7.542943e-06 5
6.466019e-05 1
8.018427e-05 90
1.080205e-04 1
2.125978e-05 1
7.056777e-05 1
3.081802e-05 160
4.582377e-05 1
2.156116e-04 2
1.118829e-04 2
2.996799e-06 68
6.954859e-05 2
1.252947e-04 1
9.618744e-06 1
5.528655e-05 168
2.142078e-04 27306
9.271712e-05 220
2.627754e-05 1
1.241140e-04 1
9.799600e-05 2
2.903003e-05 230
1.159654e-05 1
6.623051e-05 1
4.801686e-05 59874
1.257066e-04 3
5.802033e-05 1
1.680683e-04 1
7.426254e-05 139
2.196707e-05 1
1.098464e-05 2
1.401741e-04 1
3.363315e-05 2
3.762638e-05 11067
6.018540e-05 1
8.231472e-06 1
1.371138e-06 3
5.840832e-05 2
8.302295e-05 1
4.463623e-05 460456
1.690672e-05 1
1.864863e-04 1
3.318786e-05 1
1.010477e-04 1
1.366091e-04 1
7.247376e-05 153
2.950465e-05 1
1.553133e-05 3
9.555868e-05 42415
4.234809e-05 1
1.724065e-05 16
1.715690e-04 14603
1.924681e-05 5
3.297718e-05 25
7.985747e-05 1
1.402120e-04 1
4.521254e-06 1
4.196795e-06 1
2.366531e-05 6
6.578822e-05 1
6.096741e-05 2
1.552027e-05 1
1.521266e-05 5
1.988037e-05 1
1.822562e-05 2
2.066792e-05 1
4.178375e-04 3
3.953779e-05 1
2.221377e-05 1
1.806194e-04 1
2.228310e-04 247
7.660293e-05 4
3.431157e-05 1
9.402671e-05 1
1.469986e-05 1
3.537492e-05 175
1.669346e-05 1
8.009510e-05 3
8.043526e-05 688
4.192776e-05 1334
5.827943e-05 679
1.170611e-05 146
9.175085e-05 4
9.481123e-06 46884
4.236004e-06 2
1.184390e-05 336
5.757758e-06 1
1.212615e-04 1
1.063380e-04 1
1.115317e-04 2
1.370918e-05 1
8.271136e-05 6
3.840871e-06 2
2.088546e-05 3
9.235755e-05 1
9.545211e-05 1
1.554762e-04 6
1.717121e-04 1
1.712355e-04 1
1.073220e-04 1
5.571477e-05 1
3.439707e-05 1
3.278981e-04 1
5.016589e-05 6
1.599860e-05 1280
1.998600e-04 3
6.772234e-05 1
8.780760e-06 3071
9.664081e-06 1
3.105081e-05 72
1.158892e-04 1
3.104051e-05 1
4.893453e-05 1
5.088143e-05 1
7.175298e-06 7
9.052449e-05 1
4.396102e-06 2
3.710518e-06 1
3.567228e-05 1
7.199638e-05 5
1.405019e-06 33589
5.691485e-05 3
1.491137e-04 112
4.385032e-05 1
2.582707e-04 1
1.324252e-06 1
3.855780e-05 1
5.478787e-05 3
8.907749e-05 7
3.236350e-05 1
1.743976e-04 1
1.882787e-04 2147
1.112762e-05 1
1.934507e-05 7
9.147876e-05 1
1.717525e-04 2
1.244689e-05 190
1.863590e-05 3
2.790821e-05 7
3.060004e-06 6
9.294079e-05 1
1.459533e-04 4
3.965444e-05 22
1.449829e-04 1
1.397782e-04 1
1.415806e-06 1
1.438986e-05 7
1.761655e-04 5
2.547274e-05 1
9.008543e-06 1
2.013693e-05 1
1.999205e-05 1
1.032596e-05 1
6.751139e-06 2
8.474479e-06 70
1.704039e-04 2
2.189347e-04 1
4.621171e-05 17
1.551636e-04 7
5.600943e-05 1
1.406105e-04 1
2.879481e-05 1
5.407829e-05 1
1.378764e-04 7
2.769756e-04 1
1.190556e-04 3
3.212238e-05 1
2.660129e-05 1
1.942850e-05 23
1.458717e-04 34
2.257403e-04 50911
1.066249e-04 1
5.615381e-05 1
1.489785e-04 7
3.873684e-04 1
3.494377e-05 1
4.974671e-05 1
3.590825e-05 1
1.154074e-04 2
6.663503e-06 1
6.622445e-05 1
5.763914e-06 1
2.455796e-05 1
6.412528e-05 1
2.405984e-04 1
1.169520e-04 1
1.779453e-04 38867
1.703303e-04 1
1.338370e-04 3
9.921786e-05 162
1.312156e-05 1
1.255914e-05 1
3.190788e-04 6
1.757329e-04 3
4.238012e-06 186
1.226511e-04 1
1.142403e-04 1
2.792064e-05 1
5.447795e-05 2
1.553636e-04 3
4.304387e-05 1
5.830637e-05 2
1.475881e-04 1
1.511278e-04 1
1.016191e-06 3
1.082463e-05 4
5.529222e-05 733
4.617635e-05 1
8.811107e-05 225
6.597884e-05 1
1.264280e-06 5
3.337601e-05 1502
2.996657e-05 1
1.604949e-04 3
2.188473e-04 1
4.830363e-05 1
7.807787e-05 6
1.091393e-05 1
2.625572e-05 2
1.355770e-04 1
5.361084e-05 163
1.450722e-04 44818
4.722848e-05 144
1.207087e-04 1
3.320021e-04 1
6.125064e-05 1
2.238466e-05 3
4.424403e-05 1
5.250905e-05 5
1.110792e-04 352
1.203816e-04 1
2.474605e-04 3
1.680020e-05 116
7.054178e-05 3
1.610026e-05 462
5.782181e-05 1
2.020259e-05 1
1.784777e-04 1
3.781198e-05 1
6.495545e-05 3
8.828274e-05 222
1.157959e-04 76
1.764804e-04 466138
3.392819e-05 1
3.653359e-05 1
3.482547e-05 1
1.036390e-05 1749
2.273901e-05 7
1.429666e-04 2
2.602000e-05 3
1.455994e-04 3
1.362935e-05 265
1.087761e-04 121
5.600130e-05 1
2.502280e-05 1288
1.004829e-04 5
3.200823e-04 1
8.189444e-05 55
1.993987e-04 1
2.981056e-05 1
6.542590e-05 1
2.478589e-05 190
1.217409e-04 4
2.567449e-04 1627
4.967387e-06 1
1.165955e-05 1
3.257674e-04 1
4.434411e-05 1
1.178129e-05 1
3.971326e-05 1
4.768534e-06 2
1.923229e-04 1
1.618770e-04 3
1.643218e-04 1
8.211735e-05 1
2.025555e-05 2
6.421172e-05 1
5.412202e-05 6
1.942295e-05 2
1.627862e-04 1
2.661333e-04 17944
8.611850e-05 24
1.008324e-06 19
4.296561e-05 1
8.478775e-05 2073
3.073905e-05 1
2.158922e-06 3
1.201781e-05 1
6.284028e-05 1
2.218598e-05 1
6.994348e-05 105
6.618400e-05 1
3.948836e-04 1
6.615510e-05 1
9.190669e-06 1083
3.206501e-05 1
2.273405e-04 1
2.230311e-05 1
7.452972e-05 6
8.033224e-05 300051
1.031067e-05 1
3.463301e-04 1
9.903534e-05 2
6.396106e-05 2
1.076927e-06 1
2.219166e-04 1
9.701144e-05 1
1.125058e-04 3
4.026875e-05 1381
3.900959e-05 1
2.393370e-05 2
9.748415e-05 1
2.184612e-04 1
1.599141e-05 1
2.040284e-04 1
3.386602e-05 1
4.602918e-05 129
7.951352e-06 1
1.053731e-04 1
7.259875e-05 1
8.281765e-05 57849
2.159035e-04 4
6.761757e-05 1
2.397463e-04 324285
2.846141e-05 4
1.418073e-04 1
5.706586e-05 1
2.828987e-04 1
5.361998e-05 1
4.016615e-05 3
1.292031e-04 1
7.055236e-05 7
1.065553e-04 1
1.539467e-04 1
9.448650e-05 53931
3.993830e-05 251
1.757511e-05 35971
1.502403e-04 102
2.842890e-05 1
1.868824e-04 1
4.876658e-05 1
1.598628e-05 1
9.584279e-06 1
1.209623e-04 1
1.782923e-04 1
1.622614e-05 249
4.831622e-05 1
4.771820e-06 2
1.114121e-04 1
5.123684e-05 1
1.653099e-05 1
2.610861e-05 3
1.613629e-04 5
2.110250e-05 1
4.225747e-05 120
3.113428e-05 68
4.833397e-05 3
1.890723e-04 1
1.178930e-04 1
1.798551e-04 2
7.822288e-08 46
2.677778e-06 218
1.980879e-04 1
5.861196e-05 1
1.433658e-04 1
2.364516e-04 2
7.311284e-05 3
4.690341e-05 1
8.914311e-05 5
2.350630e-06 1
8.631449e-05 1
2.890478e-05 1
1.465271e-05 1
1.405043e-04 1
1.488256e-04 1
2.301227e-04 1
5.317078e-05 1
1.545062e-05 7
6.106310e-06 3
5.149344e-05 2
3.542035e-05 444673
3.347097e-05 1
8.358336e-07 273
9.374747e-05 7
3.342336e-06 2
5.030047e-05 2
1.261567e-04 186
7.006767e-05 1
3.730380e-05 1
3.439824e-05 6
5.535532e-05 3
3.461149e-05 4
6.607147e-05 1
4.264926e-06 1
5.532866e-07 2
9.471668e-05 1
1.574895e-05 1
4.191942e-05 1
1.250602e-05 1
2.171352e-05 1
3.373011e-05 1
1.018152e-04 1
2.528140e-04 3174
1.106599e-04 2
1.446381e-04 1
2.132941e-05 570867
1.246062e-04 1
1.301836e-04 1
9.701979e-06 1
2.331131e-04 6
2.136681e-04 1
4.103029e-05 1388
1.396163e-05 1
1.589873e-04 1
1.281092e-04 1
2.558111e-05 104
1.420977e-05 6
1.725035e-05 3
9.953496e-05 1
1.366005e-04 3
2.985503e-05 1
1.996258e-04 1
1.285532e-05 1140
9.669686e-05 1
1.150628e-04 1
5.802551e-05 1
3.260545e-05 2
4.915557e-05 7
1.192590e-04 2
2.378642e-04 1
6.582877e-06 3
1.508029e-04 1984
1.200783e-05 2
2.948490e-05 1
3.739515e-05 1
1.175633e-04 3
1.290006e-04 47
2.304314e-04 1
4.570620e-05 1
4.837578e-05 1
2.423462e-04 1
3.219901e-05 1
4.397563e-05 2
3.896725e-05 1
1.430135e-05 1
3.609037e-05 3
2.012181e-06 1
3.801681e-05 2
8.167461e-05 1
6.903362e-05 1660
1.678663e-05 1
5.247882e-05 1135
5.894058e-05 7
6.794501e-05 2
1.836914e-05 1
6.293382e-05 120
4.550536e-05 2
1.041407e-04 3
1.225194e-04 475
1.004604e-04 3
1.238932e-05 3
4.573916e-05 3
2.369983e-05 3
1.534055e-05 51
9.683671e-06 168
6.002266e-05 6
2.675422e-05 1
1.631831e-04 1
7.679313e-05 3
1.127493e-06 7
8.833001e-05 3
2.311991e-05 1
2.290250e-05 675
3.105861e-05 1
1.238424e-05 3
3.387897e-05 3
4.445463e-05 7
7.390361e-05 41
5.961556e-05 3
8.152412e-05 1
8.195254e-05 3
1.554714e-04 1
1.816807e-04 3
2.744600e-04 1
5.599258e-05 2
2.550563e-05 1
1.718005e-04 1
1.434396e-04 1
1.336245e-04 1
1.705813e-04 2
2.053588e-05 2
5.350760e-05 1
1.488135e-05 1
6.840104e-05 2
1.347081e-04 5
5.235070e-05 5
1.584924e-04 5
3.492491e-05 1
1.263714e-05 1
3.632189e-08 3
2.621013e-04 1
4.888877e-06 1
1.836543e-04 1
1.495497e-04 5
1.347395e-06 6
7.569379e-05 213
1.229036e-04 3
9.341003e-07 130
1.123918e-04 1
1.071302e-05 1
4.760257e-05 1
3.459305e-04 2
5.618043e-05 222
8.327394e-05 213
1.575870e-04 2
2.632862e-04 674
2.915283e-05 1
1.426200e-04 171
2.982356e-04 1
1.592602e-05 2
1.850707e-05 1
9.133132e-05 86
1.673320e-04 1
4.466694e-05 1
5.097911e-05 1
2.861204e-05 1100
1.806225e-05 1
1.806471e-04 1
1.279785e-05 6
1.544917e-05 1
2.029458e-04 1
8.411231e-05 384
1.743297e-05 1
9.212057e-05 63386
3.091653e-05 1
1.013252e-04 7
4.063108e-05 2
1.000188e-04 2
5.180481e-04 2
2.638749e-04 281
1.913386e-04 1
2.803929e-05 1
1.798182e-04 3
2.474772e-05 1
3.752564e-05 3
8.686539e-05 1
1.296698e-04 6
1.751650e-06 2
8.970001e-05 3
2.093294e-05 249
3.588271e-05 6
6.241469e-05 2
2.419222e-04 1
7.369903e-05 1
9.915079e-05 1
3.646284e-06 3
1.123802e-04 1
1.584361e-04 4
2.618675e-05 2
1.881909e-04 27
2.601462e-04 1
7.382644e-05 16
2.407155e-04 1
1.013501e-04 1670
4.719681e-05 409
1.191946e-05 1
6.442673e-05 1
8.966761e-06 30128
1.023246e-04 2
1.254747e-04 1
1.700975e-04 189
2.958444e-05 1
6.195327e-05 26611
1.243081e-04 3
2.078919e-05 2
6.945300e-05 1
2.701586e-04 3
5.588236e-05 2
4.304854e-04 1
8.271349e-05 1
4.115206e-04 3
1.097538e-05 1
2.929927e-05 3
1.243328e-04 1
1.017026e-04 2
1.212282e-05 1
4.540645e-05 255
1.555542e-05 3
4.455346e-05 1
4.754634e-05 1
7.105943e-06 1
8.204636e-05 1
5.475806e-05 1
1.164248e-04 11536
2.694770e-05 1
5.120046e-05 1
1.619763e-05 3
8.955254e-06 3
1.393329e-05 2
8.329002e-05 1
2.606849e-04 1
1.029233e-04 1
1.556791e-05 3
1.007094e-04 1440
3.134504e-05 1
1.261806e-04 1
7.212567e-06 135
5.917690e-05 3
4.831870e-05 3
2.377757e-05 5
1.380438e-04 1787
2.488433e-05 1
3.687040e-05 7
1.563134e-04 2
1.166431e-06 1
1.191073e-04 86
2.171015e-04 1
9.378409e-05 459
1.893964e-04 1
6.098529e-05 1
3.674565e-04 1
5.059890e-05 5
4.956267e-06 1
7.948332e-05 184
6.047241e-05 3
4.519347e-05 1
1.077320e-04 3
5.607530e-05 3
7.233327e-06 1
1.269023e-04 5
6.839562e-05 3
6.083096e-06 3
3.443095e-04 1
1.177166e-04 1
2.152138e-05 1
1.414363e-04 76
3.042570e-05 1
6.976791e-05 1
5.658610e-05 1
6.113353e-05 2
1.225126e-05 1
3.836986e-05 4
8.864233e-05 1
2.223928e-06 1
6.890102e-06 47169
2.484931e-05 1
3.167874e-05 1
2.734956e-04 1
3.090784e-05 1
3.461802e-05 96
1.185330e-05 1
6.471363e-05 1
3.718890e-06 3801
8.274126e-05 1
9.080253e-05 5
5.350302e-06 1
1.834251e-06 1
