5.152285e-05 1
3.732315e-06 1
1.652476e-05 1
2.668195e-05 1
1.143128e-05 692
4.930026e-06 2
2.618109e-06 1
2.111003e-06 1
1.908065e-06 1
3.790882e-06 1
3.212192e-06 1
3.107401e-05 2
2.873067e-07 1
6.224504e-06 1
3.590665e-06 1
9.395386e-06 1
1.073757e-05 1
2.314480e-05 1
2.172358e-05 4
1.907666e-05 2
3.542214e-06 7
1.576432e-05 1
2.178288e-05 31713
9.401975e-07 1
1.398194e-05 1
4.873872e-06 2
1.100721e-05 3
9.943661e-06 1
2.383660e-05 3
4.679663e-06 172
1.039374e-06 2
1.443063e-05 50218
1.918570e-05 1
1.792012e-05 2
1.416030e-06 1
1.341580e-06 2067
1.092595e-05 2046
1.512359e-06 768
1.300813e-05 1
4.032767e-06 19788
9.667855e-06 2
3.382143e-06 1
9.955643e-06 1
3.320223e-06 2
1.907650e-05 1
1.834256e-05 1
3.341660e-05 1
6.908828e-06 1
3.504019e-05 1
2.314459e-05 1693
8.937133e-06 174
5.791838e-06 4
6.110025e-06 3
1.823920e-05 1
3.907937e-06 51509
2.076405e-05 1
1.033452e-05 5
7.003110e-07 105
1.354251e-05 1
8.105321e-06 1
9.494696e-06 2
1.214762e-05 171
6.839091e-06 2
1.009621e-05 6
1.805173e-05 74
3.171308e-06 1
2.186057e-05 1
9.775535e-07 1
4.746212e-06 1
9.005269e-06 1
8.679786e-06 1
1.840854e-06 131
2.715320e-05 1
2.653029e-05 1
2.407288e-06 64601
1.693401e-06 1
2.856737e-06 3
6.553476e-06 3
3.176790e-05 72
1.739724e-06 183
4.402043e-06 3
1.213530e-05 3
3.319200e-06 1
2.237534e-06 1
8.434961e-06 1
3.591734e-07 823
2.085575e-06 1
1.231062e-06 37799
5.524434e-06 5
6.791349e-06 1
5.767507e-05 1
6.339130e-05 1
1.265360e-07 33929
9.851130e-06 7
5.458086e-07 3
8.710356e-06 229
8.963926e-06 168
3.882771e-06 1
3.002326e-05 1
1.400160e-06 3
5.167029e-06 7
5.415611e-06 6
3.740120e-06 6
2.715893e-05 3
8.956029e-06 170
2.584415e-05 1
8.931867e-06 3
6.941978e-06 1
1.298596e-05 1
8.210754e-06 1
6.636345e-06 3
1.541341e-05 1
1.192388e-05 209
1.307291e-05 20
2.411512e-07 1836
7.879971e-06 1
2.166563e-06 1
5.252499e-06 7
1.683428e-05 3
2.417171e-05 1
1.091441e-06 1
1.764590e-06 170
1.884464e-06 1
2.543069e-06 1
6.958401e-06 54
1.460209e-05 36144
9.616968e-07 1
1.779998e-06 1
2.394091e-06 5
1.978770e-05 6
7.330913e-06 2
6.971755e-06 1
5.579871e-07 3
6.962991e-06 1
3.042726e-06 1
3.532962e-07 1
3.272634e-06 2
2.364398e-05 1
5.956543e-06 1
4.096431e-06 1
1.498945e-05 4
2.715125e-06 1
1.117880e-05 1360
1.192192e-05 1
6.112654e-06 1
1.885124e-06 1
6.611565e-06 159
1.317170e-06 1
1.835988e-06 1
1.006786e-05 2
6.801167e-06 2
8.008611e-06 1
2.109985e-06 7
3.852800e-06 1
1.429719e-05 61376
5.221515e-06 7
2.594820e-06 4
1.745147e-05 1
2.634972e-06 1991
3.478938e-08 1
7.039085e-06 2
2.108896e-05 1
1.119077e-06 5
5.554994e-07 1
1.617361e-05 1
5.692124e-06 1
1.005540e-05 2
1.351144e-06 3
1.277346e-05 1
9.408406e-06 2
2.476490e-08 1
1.079369e-05 1
6.494285e-06 1
6.901372e-07 1
7.816731e-06 1
4.066179e-06 1
1.094920e-05 3
5.216720e-06 7
3.822077e-06 1
7.536700e-06 6
1.338323e-06 1
6.468971e-06 1
1.686421e-05 3
3.762776e-07 1
3.148570e-06 3
6.077654e-06 3
5.447386e-06 2
3.543528e-07 3
5.081873e-05 1
7.531024e-07 1
3.729922e-06 6
1.160992e-05 1
2.953835e-05 1
6.043706e-06 1
8.519504e-07 1
5.811973e-06 4
2.635023e-05 3
2.978097e-06 230
8.845374e-07 1
1.344369e-05 1
1.335871e-05 2
7.458061e-06 1
1.588387e-05 3
1.525736e-06 1
3.393320e-06 1
2.196309e-05 1
1.192517e-05 3
1.682125e-05 1
4.319853e-06 3
2.321638e-06 1
1.337222e-05 2
2.930058e-06 252
6.897455e-06 1
1.549836e-06 3
1.543502e-05 3
2.608402e-05 3
3.197193e-06 1
3.385144e-06 2
1.073241e-05 1
1.246408e-05 2
9.045780e-06 3
7.960625e-06 17173
2.438761e-06 1
2.126531e-06 1
1.016009e-05 1
5.092960e-06 1
5.334438e-06 2
3.820083e-06 1
1.518678e-05 1831
3.814847e-06 1
3.050678e-07 1286
6.421718e-06 1
6.738217e-06 1
1.054615e-05 46198
1.872265e-05 2
6.053821e-06 3
2.193045e-05 4
8.252373e-06 1365
5.835951e-06 1
1.328160e-05 1
1.220031e-05 1
3.055933e-07 3
2.296371e-05 1828
1.399182e-05 1
2.304102e-06 6
2.642919e-06 1
2.046505e-05 6
3.652789e-06 6
1.541401e-06 3
3.112198e-05 2
1.380238e-07 4
1.041211e-05 1
1.188613e-07 4
1.706642e-06 1
4.985423e-07 223
1.894618e-05 7
1.396271e-05 6
9.147264e-06 1
1.238587e-05 130
1.520502e-06 706
1.401753e-05 1
2.263907e-05 1
9.660620e-06 1
2.739851e-05 189
1.784478e-06 3
1.014923e-06 2
3.892800e-05 7
8.172490e-06 1659
2.234701e-06 6
8.786824e-07 1
1.979564e-07 1
3.268581e-05 2
1.278864e-06 1
2.277866e-06 1
2.256724e-06 6
1.473147e-05 1
1.478007e-05 1
1.405185e-05 647351
1.388439e-05 6
4.144165e-06 1
5.612051e-06 1
1.462765e-06 3
2.717937e-07 3
4.308354e-06 3
2.218083e-05 17017
7.112586e-06 1
1.615025e-05 3
3.628262e-05 1
3.217505e-06 122
1.893231e-06 1
7.995735e-07 1
1.080131e-05 14565
5.260359e-06 1
9.456796e-07 2
9.341435e-07 1
2.458070e-05 702
4.114150e-06 1
8.553208e-07 1
6.842865e-06 1
1.507906e-07 1
7.599406e-06 1
1.691126e-06 3
9.908421e-06 7
5.314530e-06 2
1.078802e-05 1
1.787210e-07 1
5.001366e-06 2
1.622214e-06 1
1.994234e-06 1
8.520783e-06 1
5.997310e-06 1
3.436750e-05 1
2.552026e-06 4
1.495769e-06 1
5.997404e-06 1
9.214856e-06 2
1.830959e-05 1
4.152614e-06 3
6.093820e-06 3
1.653778e-06 1
1.167924e-05 3
3.046086e-05 2
8.730696e-07 7
7.407175e-06 2
1.446062e-06 1
1.046196e-05 1
1.778976e-06 1
1.195147e-05 1
5.472912e-06 2
6.644074e-06 149
2.795730e-05 3
1.350195e-06 1
1.133219e-05 3
5.540367e-06 5
6.579011e-06 1
5.008132e-06 2
2.510465e-05 378
2.578401e-05 1
1.400976e-05 1
5.726222e-06 1
6.446907e-06 211
7.243561e-06 1
7.169296e-06 2
1.176782e-05 3
1.862046e-05 1
4.218064e-06 1
1.139362e-05 1
1.162041e-05 263
1.354007e-05 2
1.088064e-06 2
7.885228e-07 2
3.598213e-07 818
9.710799e-06 1
1.123443e-05 1211
3.155778e-07 1
2.265505e-06 1
2.593154e-06 1
1.741451e-05 1
6.583610e-06 3
6.317536e-06 1
4.588347e-06 1
3.528757e-05 2
1.704003e-05 171
7.201465e-06 7
2.577189e-06 4
6.952771e-06 56
2.903668e-05 1
6.698656e-06 2
1.893031e-05 1
7.599028e-06 1
7.357060e-06 1
1.570205e-06 3
1.290968e-05 1
6.414725e-06 1
1.596194e-07 21251
2.493969e-06 4
3.809733e-07 637
2.396032e-05 1112
1.604237e-06 254
5.478950e-06 1
1.268109e-05 1
2.444199e-08 5
2.110297e-06 7
1.970385e-05 6
1.395542e-06 3
1.121183e-05 1271
3.182852e-06 138
4.147015e-06 1857
1.147523e-06 5
1.289833e-06 1
1.523771e-05 1
1.117076e-05 1
5.824386e-07 1
2.535010e-05 1
3.618712e-06 1
8.771152e-06 214
1.921760e-06 89
3.936258e-06 5
1.961883e-06 1
1.410326e-05 482307
1.140918e-05 750
5.667522e-06 5
2.108673e-05 1
1.103943e-05 1
9.780563e-06 1
9.267741e-06 1
9.266693e-06 1
2.249315e-05 4
1.379113e-06 1
2.628752e-05 228
9.749355e-06 7
4.381341e-06 1
3.322878e-05 1
2.150008e-05 1
7.612266e-06 5
6.602260e-06 1
1.318480e-05 1
1.750407e-06 3
5.654459e-06 1
3.810366e-06 436512
6.688372e-06 1
8.513414e-07 2
3.945939e-06 41800
5.424236e-07 3
1.037548e-06 6
2.133553e-05 49017
1.297205e-05 2
2.209175e-06 1
1.282900e-06 1
5.507730e-06 5
9.309775e-06 1
1.282794e-05 1
4.156182e-06 1
3.842479e-05 2
1.230341e-05 1
1.549976e-05 3
1.527162e-05 1
7.732175e-06 1
4.444299e-06 262
1.181540e-05 228
2.283812e-06 1
3.065830e-06 3
2.739566e-05 3
3.974690e-06 1
4.399511e-06 440
1.358406e-05 1
7.902427e-06 1
2.609270e-06 4552
1.917078e-06 1
1.050200e-05 1
8.576987e-07 1
1.171046e-05 1
3.444056e-06 23
6.996944e-06 1
2.195534e-06 7
3.711533e-06 6
2.444106e-06 1
4.107154e-06 3
1.155029e-05 384
1.436228e-06 1
1.488013e-05 4
6.612935e-06 3
1.206198e-07 4
1.471125e-05 27291
3.274414e-06 1
5.192100e-06 1
1.187936e-05 217
1.754606e-06 175
3.546037e-07 1
3.984509e-06 4
7.132082e-07 1
2.059581e-06 1
8.662028e-06 241
1.035913e-05 5
5.045514e-06 36
4.559318e-06 218
7.841067e-06 37107
1.697602e-06 1
2.838836e-05 157
3.081162e-05 93
1.646571e-05 231
1.299292e-05 1
1.320985e-06 1
2.869701e-05 1
7.593761e-06 1
7.319171e-07 1
1.324251e-05 1
2.020663e-06 1
1.052192e-06 2
8.244225e-06 1
1.439259e-06 1
9.794110e-07 2
1.855705e-05 2
6.676974e-06 3
2.184738e-05 1
3.653928e-06 1
1.828194e-06 2
1.216162e-05 3
2.077289e-06 11
5.239267e-06 7
2.148364e-06 1
6.740668e-06 1
1.075273e-06 6
9.230895e-06 1
1.294537e-05 2
8.115397e-07 1
8.319671e-06 3
1.758562e-06 1
2.106653e-07 3
2.832483e-06 1
2.470400e-05 1
1.158819e-05 287
1.185211e-05 3
5.117170e-06 1
1.105971e-05 1
5.891986e-06 1
2.351718e-06 1
1.096059e-05 1
2.228627e-05 1
4.283073e-06 1089
6.497310e-06 195
2.697537e-05 203
9.280091e-07 2
1.857525e-06 122
9.380414e-06 70
2.217172e-05 1
2.378314e-05 1
2.242197e-05 4
3.026370e-06 1
3.979717e-06 33215
1.303083e-05 1
6.079788e-07 1
6.202592e-06 1
2.809179e-06 1
2.123857e-06 7
7.021130e-06 36
1.760350e-05 1
1.956873e-05 1
1.586246e-05 3
6.088904e-06 1085
1.156282e-05 1
2.438805e-05 1
1.857688e-05 2
7.406893e-05 1
3.634316e-06 6
1.158206e-05 3
1.855279e-05 1
5.119659e-06 2
4.489480e-06 1
4.284364e-06 1
2.917660e-05 2
1.221920e-05 1
2.044777e-05 1
3.829695e-06 5
1.097642e-05 1
1.215338e-05 1
1.897301e-05 1
1.977490e-05 2
3.128200e-06 1
8.511215e-06 3
4.114417e-06 1
7.313746e-07 1
2.662145e-06 3
8.182994e-06 3
8.435648e-06 1
1.001681e-05 1
1.054530e-05 1
1.108499e-06 1
2.418840e-05 958
1.740766e-07 15739
4.656979e-06 180
6.666124e-05 1
4.074236e-06 4
9.861775e-06 7
3.967290e-06 4
2.441763e-05 1
6.105685e-06 1
5.022301e-06 44
4.989162e-06 1
4.307228e-06 1
1.082345e-05 4
2.981245e-06 229
1.073461e-05 22757
9.871127e-06 1
1.287599e-05 1
3.209476e-05 1
2.856434e-05 3
3.355000e-05 1
7.348622e-06 1
1.706678e-06 3
7.566218e-06 1
1.244718e-05 1
2.713150e-06 1
1.136448e-06 1
2.444037e-05 3
7.597258e-06 5
2.583229e-05 245
3.585085e-06 1
1.630946e-06 240
1.068841e-06 6
5.104543e-06 1
1.481011e-05 19386
3.380165e-06 1
6.847244e-06 88
3.612027e-06 1
2.393987e-06 5
3.148706e-06 1
4.380502e-06 545
3.876012e-06 1
2.104706e-06 1
1.922221e-06 1
8.765173e-06 1
7.412480e-06 6
2.553750e-05 257
1.863286e-05 2
2.594738e-05 1
1.515782e-05 1882
1.465701e-05 1
2.644673e-07 1
2.173548e-06 2
6.675463e-07 2
2.020928e-06 1
1.363383e-05 1
4.945270e-06 1
1.574053e-06 1
3.232783e-05 2
3.419494e-06 1
3.775955e-07 3
1.209137e-05 1
1.275720e-05 1
8.443343e-06 3
1.971941e-05 1
3.507318e-06 1
9.685418e-06 7
2.866489e-05 149
5.689993e-07 1
1.171179e-06 5
1.013441e-05 1
1.028513e-05 542703
9.310733e-06 86
1.792999e-05 2
2.391025e-06 1
2.032838e-05 1
2.778937e-05 176
4.149560e-06 1
2.751731e-05 185
1.263691e-05 2
1.990603e-05 1
6.283201e-06 263
5.920618e-06 1
1.834737e-05 48
1.967478e-05 6
2.315676e-05 3
1.235926e-05 2
1.725983e-05 1
1.159940e-06 5
6.126479e-06 1
2.463813e-08 310567
2.338594e-06 2
5.619663e-06 5
7.434789e-07 2
2.356916e-06 1
1.136889e-05 1
3.407744e-06 2
2.828801e-05 160
5.717642e-06 4
2.699683e-06 3
2.641145e-06 3
2.898915e-06 1
2.112771e-05 1
2.321882e-06 1
2.666878e-06 3
4.000748e-05 2
2.642647e-06 3
6.117927e-06 3
3.769655e-07 1
8.153924e-06 3
1.839723e-05 1
2.339773e-06 2
1.474145e-05 24878
3.489307e-06 1
1.062247e-05 36651
1.943733e-05 2
1.122505e-05 1
4.675390e-06 1
2.112266e-07 1
6.253486e-08 5
5.306794e-06 1
5.314608e-06 1
1.810511e-06 1
1.556617e-05 1
1.357661e-05 2
3.543917e-06 2
2.510420e-06 33774
6.984695e-06 47
1.623735e-06 1
9.867732e-07 2
1.068892e-05 1
1.075941e-05 1
6.163469e-06 1
7.733048e-06 5
1.687260e-05 1
2.604834e-05 237
1.535060e-05 1
1.227381e-05 149
9.809654e-06 1
1.358525e-05 2
2.937306e-06 1
1.275070e-05 2
1.417377e-06 1
2.779120e-06 3
4.081676e-06 1
5.002552e-06 51
4.041820e-05 7
7.465472e-07 1
1.402579e-05 1
8.857505e-07 7
9.170714e-06 119
1.644168e-05 1
6.093735e-07 1
8.035126e-06 4
1.676767e-06 216
1.187925e-05 1
2.580470e-05 1
8.299052e-06 1
1.789335e-05 89
6.410326e-06 222
5.919091e-06 3
1.743969e-07 15604
1.767588e-05 109
1.425007e-05 5
5.069151e-06 27
1.168905e-06 1
1.866306e-05 1
1.563735e-05 3
6.831060e-06 1
4.363527e-06 639
2.370233e-05 1290
3.176370e-06 141
3.073619e-05 1
1.082312e-05 1
2.321921e-06 6
1.058446e-05 1
8.880386e-06 1
3.785436e-06 1
2.909517e-05 1
2.019706e-06 1
3.414249e-06 36
2.816651e-06 788
1.364993e-06 1
4.740050e-06 1
1.883412e-06 2
7.721500e-07 63
1.872847e-05 2
7.516291e-07 1
9.868741e-06 1
3.597638e-06 7
5.088323e-06 1
1.517573e-05 1
1.503293e-05 1
6.588119e-06 3
6.262763e-05 6
1.654325e-05 222
3.764867e-05 1
3.911434e-07 1
4.354058e-06 1
1.510666e-05 3
1.061082e-06 2
8.822004e-06 3
5.937892e-06 1789
8.987229e-06 3
9.431855e-06 1
4.030155e-06 20437
1.712376e-05 1
4.095510e-06 1
4.532287e-06 3
6.466591e-06 1
5.400322e-06 6
4.207365e-07 1
6.612813e-07 1
3.920372e-06 5
1.181151e-06 1
9.935524e-07 6
2.066588e-05 1
1.034816e-05 5
1.676113e-06 1
8.594679e-06 1
4.067682e-06 10970
1.139100e-05 1
4.637270e-06 188
3.318261e-05 1
4.576279e-06 1
8.939875e-06 173
2.703517e-06 1
1.796469e-05 1
5.948668e-06 3
5.820456e-06 4
3.405310e-06 1
1.013008e-05 1
1.160808e-05 265
8.679344e-07 2
1.610376e-06 1
6.527538e-06 1
1.900850e-05 7
5.278473e-07 206
1.174556e-05 1
1.455491e-06 1
1.178001e-05 1
4.213081e-08 1
1.499163e-05 1
1.658825e-07 1
8.189873e-06 3
2.280794e-06 6
1.856030e-06 1
9.427659e-06 1
1.227163e-06 1
2.135900e-05 5
1.072998e-05 23320
1.045618e-05 5
4.254286e-05 1
6.948279e-06 1
2.255128e-06 1
1.886121e-05 7
4.940347e-05 6
1.933918e-05 1
1.450308e-05 1
2.355267e-05 3
1.010960e-05 1
4.552314e-06 1
6.480827e-07 135
1.763416e-06 1
2.587972e-06 10826
2.321242e-06 2
9.230272e-06 105
4.250259e-06 1
9.487097e-06 1
7.618061e-06 1
3.058383e-05 1
9.997525e-06 1
1.833051e-05 1
2.613175e-05 1
1.444021e-05 49433
3.329939e-06 1
3.152094e-06 1
9.533959e-06 1
1.679750e-05 1
2.426786e-06 58735
1.107161e-05 1
8.990810e-06 3
2.304374e-06 6
1.004787e-06 1
3.419263e-06 34
6.501117e-06 1
3.738682e-05 1
2.856177e-06 1
4.939487e-07 1
6.115675e-06 1
1.364115e-05 2
1.224494e-05 3
6.885660e-07 1
7.963151e-07 1
1.394724e-05 1
1.137750e-05 1
1.718671e-05 3
1.990188e-05 2
1.012762e-06 1
6.234517e-06 3
6.464989e-06 1
1.032596e-05 1
1.580441e-05 1
1.623029e-05 1
5.067481e-06 1
1.128907e-05 1066
4.696125e-06 165
4.416194e-06 1
2.016051e-06 1
3.296827e-06 87
2.127286e-05 51512
1.400373e-05 1
4.396585e-06 3
3.874884e-06 5
2.058180e-06 1
1.373349e-06 1
8.279994e-06 1264
2.453890e-05 1
2.280369e-05 1
9.014382e-07 1
9.655879e-06 1
1.123471e-08 5
1.318056e-05 7
3.128544e-06 1
1.575765e-06 1
8.865069e-06 192
1.519318e-05 1820
3.427835e-06 30
2.813816e-06 3
1.474181e-06 3
4.435965e-06 1
1.854343e-05 2
4.069698e-06 4
1.591849e-06 1
4.279785e-06 1107
7.768126e-08 52714
6.752820e-06 2
8.515009e-07 1
1.906297e-05 1
2.065128e-06 17
1.195730e-07 1
4.016769e-06 1
2.938731e-06 1
4.903704e-06 88
3.184041e-06 1
7.062797e-06 2
1.374339e-05 6
1.024275e-06 6
2.242082e-05 1
2.902810e-06 265
1.636687e-06 1
1.076325e-05 1
2.277525e-05 1
1.436780e-05 1
2.280227e-05 1
1.021438e-05 1
2.739129e-05 1
1.572643e-05 1
2.192387e-06 7
5.918716e-06 1
2.286327e-05 3
1.550181e-06 3
7.551359e-06 1
7.390563e-07 1
2.272086e-05 3
8.914310e-06 1
5.978972e-06 1
2.966429e-06 3
3.114618e-06 1
2.115328e-06 7
6.024715e-08 1
9.216431e-06 1
7.392715e-06 1
4.344083e-06 748
1.673597e-06 218
1.059329e-05 1
4.156202e-06 1
8.726571e-06 1
1.229820e-05 145
6.852231e-06 2
1.862416e-05 24
2.836643e-05 1
8.971548e-06 1
5.847193e-06 1
6.027946e-06 1368
2.677619e-06 1707
1.623912e-05 255
2.865582e-07 3
1.947996e-05 2
3.019744e-07 3
1.875649e-06 1
1.665682e-06 3
2.190429e-05 27174
5.478668e-06 1
3.513457e-06 7
1.366019e-06 1
4.151677e-06 1830
1.447102e-05 5
1.388396e-05 1
4.915385e-06 83
6.920697e-06 1
3.570364e-06 7
1.411551e-05 1
1.364664e-05 1
1.202210e-05 1
3.515642e-05 13
4.449538e-07 3
3.495042e-06 1
2.028090e-06 1
6.686235e-06 1
2.578385e-06 1
2.038147e-05 1
5.459445e-07 195
7.176715e-06 1
6.720962e-07 121
3.437234e-06 26
1.755875e-05 1
2.257784e-05 4
1.402187e-05 1
9.853555e-06 1
9.498612e-06 2
4.117085e-06 1
5.932051e-06 1816
3.041694e-07 1294
3.425487e-06 2
6.770816e-06 1
1.813702e-07 1
1.265377e-05 86
1.319416e-06 1
1.677828e-06 1
4.555842e-06 3
1.435884e-06 1347
1.140771e-05 754
6.852235e-06 1
1.734366e-05 3
1.556244e-05 3
2.885176e-07 1428
2.153761e-05 1
2.122432e-05 5
1.584171e-05 1
3.240031e-05 1
5.103380e-06 15
2.145033e-06 1
3.988913e-06 30883
1.194819e-06 1
2.222249e-06 1
1.092666e-07 1
1.201709e-05 1
2.713404e-06 1
9.956555e-07 6
1.312908e-05 1
3.615491e-06 1
2.928884e-06 1
6.842267e-06 89
5.243613e-06 7
2.349636e-05 1
1.813542e-06 1
1.279806e-05 1
4.060527e-06 4
3.345801e-06 2
2.291764e-06 1
4.768410e-06 1
6.043493e-06 3
2.228994e-07 1
7.482680e-06 1
4.860471e-06 104
6.188086e-07 3
6.333775e-06 246
7.246819e-06 7
1.730057e-06 1
8.521070e-06 1
3.522890e-06 1
1.223408e-05 156
6.417209e-07 1
1.009498e-05 6
8.753412e-06 1
4.455074e-06 1
1.985355e-06 1
1.011484e-05 1
2.158168e-05 39401
8.455376e-07 1
1.237158e-05 1
3.968942e-06 4
8.610779e-06 254
4.577892e-06 3
1.164936e-05 3
5.548353e-06 5
1.293402e-05 2
4.895552e-06 91
4.192122e-06 1
2.062634e-05 5
2.703608e-06 1
5.446414e-06 6
1.479459e-06 3
1.397747e-06 1637
2.078940e-05 238309
6.516742e-06 1
1.244363e-05 2
7.661014e-06 103069
1.355319e-06 1962
9.791803e-06 1
2.341118e-05 3
1.210235e-05 178
1.279488e-05 64
8.356128e-05 6
4.784212e-08 1
6.908317e-06 1
1.160682e-06 1
3.126876e-06 163
5.279679e-06 7
3.810502e-06 1
5.443374e-07 3
1.687704e-06 210
6.085152e-06 1
1.047042e-05 1
1.632860e-06 1
1.941475e-06 79
6.311780e-06 1
6.665787e-06 3
1.662629e-06 3
1.500573e-05 1
5.157260e-06 7
1.390566e-05 6
2.100757e-06 1
4.896396e-07 229
1.513836e-05 1
6.203556e-07 152
5.097901e-06 17
3.950287e-05 2
1.106439e-05 1
1.911827e-06 2
4.252235e-06 1
1.222122e-05 158
3.680063e-06 6
3.301142e-07 1
7.638564e-06 1
6.353461e-06 240
1.725706e-05 1
1.782712e-05 1
8.609751e-07 12
2.007589e-05 1
4.577172e-06 3
1.154892e-05 3
2.546013e-05 1
2.991490e-06 3
7.267287e-07 1
5.884937e-06 3
8.756208e-06 3
2.038251e-07 4396
1.496876e-05 4
4.062752e-07 3
2.968327e-05 2
2.479931e-05 3
1.544096e-05 3
2.184700e-05 29299
1.072761e-06 1
3.276457e-07 1
1.021700e-06 6
1.614120e-05 266
2.410753e-06 5
9.748730e-06 1
8.287916e-08 1
1.619349e-06 1
8.336235e-06 1
8.009267e-06 4
1.814789e-05 1
6.605723e-06 1
1.970308e-05 2
1.307723e-06 1
5.678380e-06 1
2.187351e-05 4
1.057210e-05 1
1.336267e-05 1
1.398944e-05 1
2.011334e-06 44
9.635745e-07 2
2.018826e-05 2
8.136266e-06 1
6.120641e-05 6
9.822506e-06 7
1.580151e-05 1
5.490778e-06 1
8.713576e-06 1
2.689281e-06 1
7.170355e-06 7
6.620888e-06 3
8.970947e-06 1
4.498571e-06 1
6.191271e-06 1
1.990691e-06 1
4.521980e-06 3
1.305537e-05 1
5.428560e-06 6
2.385305e-06 5
2.065502e-05 1
2.259942e-06 1
1.577741e-06 3
5.456753e-06 1
1.416432e-06 1494
1.141763e-05 3
8.842245e-06 197
2.961511e-06 3
1.915185e-05 1
1.391665e-05 6
2.362614e-05 1
2.429588e-05 887
7.863541e-06 33341
1.767429e-05 1
5.184796e-06 1
3.164960e-06 146
9.039085e-06 1
3.297441e-07 1
1.441170e-06 1
5.599534e-06 1
5.380524e-06 6
5.011780e-06 2
3.800178e-07 1
8.668496e-07 1
1.124703e-06 1
8.900614e-06 183
1.195802e-06 49832
9.328985e-06 82
1.332219e-05 1
9.160961e-06 1
1.256938e-06 1
3.696815e-07 1
6.977113e-06 1
4.008709e-06 1
1.485041e-05 4
4.817003e-06 2
8.038573e-06 4
1.080213e-05 1
2.098389e-05 1
1.237558e-05 1
3.651457e-06 1
2.174954e-05 1
1.348317e-05 2
8.537935e-06 3
6.242718e-06 381
8.477661e-06 1
4.813192e-07 3
6.784289e-06 1
1.719607e-06 1
4.493452e-07 253
2.995762e-06 222
1.005308e-05 1
2.034979e-06 1
1.630711e-06 3
1.709737e-05 165
7.130269e-06 2
1.182083e-05 1
6.101847e-06 3
2.928591e-06 253
9.317238e-07 1
3.119805e-05 1
1.762183e-05 114
9.268554e-06 2
8.747227e-06 1
2.797809e-06 912
7.847910e-06 1
3.587460e-06 7
1.899472e-05 1
2.496098e-06 1
1.405345e-05 1
7.584284e-07 1
9.254340e-06 2
2.463647e-07 1
8.128191e-06 1823
2.460447e-06 1
4.978858e-07 1
2.242412e-06 1
2.432411e-05 1
2.400775e-05 3
1.686843e-05 1
8.715478e-06 1
6.472687e-06 1
8.788455e-06 210
4.158637e-07 1
1.208456e-05 181
1.091874e-05 2066
1.099457e-05 1858
1.268644e-05 1
1.416235e-06 1496
1.773714e-06 166
1.102191e-05 1
6.468511e-06 1
1.060797e-05 4
7.711641e-06 5
1.746903e-06 3
6.184881e-06 645
1.021297e-05 6
1.530017e-06 635
9.340603e-06 79
5.092424e-06 2
2.094127e-06 7
4.231547e-06 3
1.954834e-05 2
4.764252e-06 140
1.905299e-06 2
1.343867e-06 1
4.012858e-06 1
5.184919e-07 1
9.220888e-06 1
3.224714e-06 2
7.164862e-06 1
1.278329e-05 1
5.012128e-06 2
1.796144e-06 1
2.153908e-05 4
6.130666e-06 1
6.152179e-07 1
7.691333e-07 1
3.624545e-06 2
1.494169e-05 1
5.158281e-06 1
9.194190e-06 1
2.272286e-06 2
6.543130e-07 2
1.151263e-05 1
2.112795e-05 1
4.886581e-06 1
3.369306e-06 56
1.311671e-05 2
1.049786e-05 5
1.034905e-05 1
4.271182e-06 3
4.990853e-05 2
7.451998e-07 79
4.259477e-06 1221
4.537676e-05 2
1.109744e-05 1
8.094015e-06 1
1.109425e-06 1
2.758426e-05 1
1.203946e-05 1
1.797234e-06 3
9.200234e-07 7
5.546082e-06 209949
5.632193e-06 1
1.094343e-05 1
1.862860e-05 2
1.772546e-05 1
2.218235e-06 2
2.433573e-05 1
1.924027e-07 1
2.868267e-06 3
7.135811e-06 1
3.981287e-06 32818
1.304882e-06 12729
2.740272e-06 3
2.148654e-06 1
7.623044e-06 5
5.425483e-06 1
1.466799e-05 4
1.791085e-06 1
5.133167e-06 7
2.263943e-06 1
2.746986e-05 186
1.028431e-05 547050
9.880141e-06 2
4.644265e-05 6
4.037120e-05 1
7.069383e-06 1
4.843481e-06 1
4.171471e-05 2
9.512295e-07 1
4.018830e-06 23291
3.368677e-06 1
1.272690e-05 1
2.828925e-05 3
1.087362e-06 2
5.016590e-06 46
2.416410e-05 3
2.880910e-07 1432
1.479519e-05 20588
9.022375e-06 1
5.300252e-06 1
1.670639e-05 1
1.938841e-06 2
4.645003e-06 185
1.155115e-05 382
1.861447e-06 1
1.215257e-05 1
9.702435e-06 7
2.424947e-06 1
4.842122e-07 3
6.398705e-06 3
5.918616e-06 1
4.601454e-07 3
4.372415e-06 590
1.944750e-05 1
2.679323e-06 1695
1.903335e-05 7
1.020734e-05 2
4.307846e-06 1
2.455991e-05 716
4.493129e-07 1
1.154912e-06 1
1.831594e-06 2
1.195041e-05 3
7.037459e-06 1
2.145337e-06 1
4.850037e-06 1
1.326249e-05 1
1.214351e-05 3
9.517876e-06 2
8.006009e-07 2
7.843144e-06 36773
8.710059e-06 3
2.406080e-06 1
3.081976e-05 93
1.055535e-05 5
1.273869e-05 1
1.622496e-05 1
4.377332e-06 1
8.533014e-06 352
2.081360e-06 9
1.402747e-05 1
2.449541e-06 1
1.551276e-05 1
1.026617e-05 633600
5.706236e-06 4
4.193369e-06 1594
2.926426e-05 1
2.611311e-06 3943
2.279984e-05 1
5.826761e-05 6
1.298359e-05 34
5.054994e-06 32
1.940422e-05 7
7.436352e-06 6
8.973820e-07 1
5.138824e-06 1
1.474638e-05 24488
3.193015e-05 2
2.919849e-06 1
7.894041e-06 1
1.186154e-05 220
3.946968e-06 1
2.702788e-06 1539
2.850910e-06 1
1.675350e-05 1
2.062150e-05 5
9.846405e-06 2
3.279032e-05 52
4.400355e-06 1
7.597417e-07 2
3.380261e-05 34
5.187099e-06 7
1.394726e-05 1
7.920819e-06 1
1.748029e-05 1
3.839372e-05 1
3.077266e-06 1
1.056954e-05 43253
1.020581e-05 2
1.214371e-06 43492
5.447817e-07 1
7.262505e-07 1
2.518779e-05 1
1.232856e-05 1
9.271973e-07 1
1.530763e-05 1
2.816672e-05 1
6.869487e-06 1
1.260607e-06 4
2.519034e-05 3
4.805258e-06 2
2.997373e-05 1
7.894594e-06 28156
2.576926e-07 1694
1.250517e-05 2
4.010702e-06 25360
2.524299e-06 1
1.154162e-05 1
2.376248e-05 1
1.412066e-05 1
2.919439e-06 1
1.318098e-05 1
3.522423e-05 1
3.815256e-06 5
6.524164e-08 5
4.084781e-06 4
1.432986e-05 5
1.067352e-05 1
6.612250e-07 128
3.488380e-06 1
3.012764e-05 1
1.562976e-05 1
4.328156e-06 836
2.210845e-05 1
1.479486e-05 20601
1.689804e-05 185
1.706409e-05 1
1.167478e-05 1
1.327430e-06 5113
1.290364e-05 1
8.904604e-06 1
8.407210e-06 1
7.920320e-06 4
1.367513e-05 1
1.865941e-06 1
6.560175e-06 1
4.140336e-06 1895
7.143263e-07 2
6.677347e-06 3
4.548761e-06 222
3.463275e-05 21
1.495880e-06 1
2.240773e-05 1
1.628117e-05 251
8.900632e-06 3
1.145577e-05 3
4.281072e-06 1
4.714175e-07 240
1.886251e-06 2
8.599870e-06 1
1.662533e-05 214
1.709916e-06 199
1.948836e-06 1
1.503945e-05 1
8.780972e-07 1
4.743724e-07 1
4.274076e-06 1
1.127790e-05 1
5.668235e-07 1
7.064271e-06 23
1.461349e-05 1
6.357274e-06 1
3.794949e-06 584991
2.703043e-06 3
1.137573e-06 183398
1.248867e-05 1
3.678529e-06 2
7.110991e-07 99
2.469630e-05 1
4.711409e-05 1
1.831470e-05 2
1.623127e-05 256
1.198071e-05 199
1.212549e-05 3
1.008594e-06 1
8.742075e-07 7
2.875931e-06 1
2.269191e-06 2
1.591560e-05 1
3.947792e-06 1
4.832685e-05 1
1.352359e-05 1
4.086471e-06 1
6.993539e-07 1
2.218780e-05 16757
3.587667e-07 827
1.874763e-05 1
4.009794e-06 1
5.981185e-06 1586
1.561843e-05 3
6.754207e-06 2
5.610531e-06 56735
1.048157e-05 1
3.052386e-05 1
2.807891e-07 3
4.038717e-06 4
8.294897e-07 2
2.428738e-05 3
1.582393e-05 1
1.987414e-05 1
6.178990e-06 1
1.390400e-05 2
4.248891e-05 1
4.279634e-07 1
1.212259e-06 1
5.389472e-07 1
6.922718e-07 110
4.823342e-06 1
1.310820e-05 15
3.012110e-07 3
2.777473e-06 1046
1.557341e-05 1171
1.362800e-06 1905
1.031982e-05 376055
7.902973e-06 1
5.717105e-06 1
4.660533e-06 179
2.639622e-05 1
2.004032e-05 6
2.011549e-06 44
2.119352e-06 1
1.761893e-06 1
4.026502e-06 4
4.278246e-05 1
2.246239e-06 1
6.257386e-06 314
4.369201e-06 608
1.390764e-05 2
3.272491e-06 98
1.048970e-05 1
6.600834e-06 163
1.764211e-06 1
1.205014e-05 187
5.928259e-06 1
1.767032e-05 1
1.394235e-05 6
1.910474e-05 1
3.147823e-06 3
2.215302e-07 1
4.651772e-06 3
1.756605e-05 119
3.803835e-07 3
5.394617e-07 1
6.618841e-06 3
3.388773e-05 33
1.405872e-05 625225
3.408427e-06 1
6.079842e-06 1
3.855167e-06 65061
3.137757e-06 158
1.605075e-05 3
1.240031e-06 34733
7.114662e-06 1
1.465498e-05 1
3.210497e-08 1
2.915195e-06 259
5.600679e-07 1
4.140858e-06 1
1.696267e-09 1
1.199442e-06 48572
2.047196e-06 1
4.107425e-07 1
6.217403e-06 3
1.227228e-06 39098
3.011704e-06 1
1.463313e-05 4
2.011454e-06 1
3.165267e-05 1
6.479542e-06 200
3.791694e-06 1
4.152403e-06 1826
1.434116e-06 3
6.971313e-06 1
1.092353e-05 2053
7.241636e-06 7
3.062913e-06 3
2.923775e-05 1
1.028011e-05 567213
1.027636e-05 584951
6.206318e-06 1
1.800222e-05 79
1.002646e-05 1
7.665897e-07 66
8.572078e-06 3
2.613027e-05 1
7.982790e-06 1
5.101510e-06 1
5.471236e-06 1
2.128353e-06 2
2.866123e-06 1
1.968159e-05 1
2.229843e-06 1
7.591611e-06 546600
1.761102e-06 3
1.861675e-06 120
2.861920e-05 3
1.274718e-05 1
3.796018e-05 1
5.341754e-06 1
1.590863e-06 261
6.821237e-06 95
1.588385e-05 660
3.201695e-06 129
1.755677e-06 1
2.657978e-06 3
5.581384e-06 62958
4.987322e-06 57
2.562691e-06 1
1.117357e-05 1374
4.600519e-06 1
6.468232e-06 204
9.002430e-07 7
4.383669e-06 528
3.386877e-06 48
6.407400e-06 223
1.024267e-06 2
1.461492e-07 26406
4.459758e-06 3
8.786665e-06 211
1.393661e-05 1
1.912165e-07 4
3.805997e-05 2
1.146529e-05 604
2.597110e-06 4
7.357322e-06 1
5.867306e-06 1
1.757009e-05 2
2.036406e-05 1
6.496069e-06 3
7.758123e-07 61
1.628488e-05 1
1.043520e-05 5
9.476009e-06 2
1.096297e-05 1
5.758719e-06 25383
5.998372e-06 1506
9.379420e-06 70
2.730534e-06 1
8.112876e-06 1
7.259193e-07 1
1.548917e-05 1
1.525002e-05 1721
1.657918e-05 1
2.893807e-07 1421
2.062529e-06 2
1.997897e-05 6
4.770556e-06 1
1.515534e-06 1
8.796731e-07 7
1.247659e-06 4
1.339709e-06 1
2.191135e-06 1
1.885810e-06 108
1.574760e-05 3
3.265962e-06 101
3.108563e-06 1
7.679477e-06 1
5.026801e-06 1
2.100093e-06 2
1.764028e-05 1
1.259519e-05 1
1.257961e-05 99
6.295681e-06 259
1.447526e-07 1
2.266771e-06 2
1.801260e-06 1
9.616566e-07 1
1.870259e-06 2
4.168783e-06 3
2.437159e-05 1
2.108015e-06 1
2.313198e-05 1
3.691642e-06 2
2.201268e-06 1
5.781783e-06 1
2.375681e-05 3
1.731608e-05 3
4.068578e-05 1
4.409609e-06 3
9.527487e-06 1
1.929404e-05 1
1.420614e-05 1
1.336145e-05 2
6.826082e-06 94
5.998268e-07 164
1.905909e-06 98
1.784469e-05 1
4.252302e-07 267
8.191133e-06 3
5.834818e-06 4
1.463384e-06 1138
1.355041e-06 3
1.169196e-05 250
1.093817e-05 3
1.300228e-05 1
2.084772e-06 1
2.343905e-05 3
1.747608e-05 1
4.612926e-06 197
5.849948e-07 1
1.352298e-05 7
1.163713e-05 1
1.165320e-05 257
2.591854e-05 242
3.809337e-07 1
5.982011e-06 1
3.237922e-05 60
7.465343e-07 78
7.599857e-06 1
2.616500e-05 3
3.103396e-06 1
1.727521e-06 190
2.093584e-06 1
6.868878e-06 81
1.011120e-05 1
5.567889e-06 1
1.062958e-05 35751
1.763616e-06 3
1.871201e-06 1
4.991920e-06 2
2.757039e-06 3
1.509891e-05 1985
1.720780e-06 193
5.929931e-06 1
2.071101e-06 1
2.841099e-06 1
2.147611e-05 5
8.113317e-06 1
9.971431e-06 1
6.745673e-06 2
1.836386e-06 1
3.918325e-06 1
5.718505e-06 4
1.746597e-06 180
9.300085e-06 88
3.308230e-07 1
1.873898e-05 1
1.399661e-05 6
2.208259e-06 1
1.559156e-05 3
1.836182e-05 2
6.418452e-06 1
4.393276e-06 3
9.158343e-06 1
1.122958e-05 3
1.223016e-05 1
5.913024e-07 169
1.081977e-05 4
4.052818e-05 7
2.157229e-05 4
1.915324e-05 1
1.151458e-06 1
1.025245e-05 2
4.500891e-06 1
4.209167e-06 1505
2.528349e-06 28463
8.517529e-06 1
1.792456e-05 1
5.579599e-06 5
9.594396e-06 2
6.962641e-06 53
8.657397e-06 1
1.710831e-05 164
8.417896e-06 764
2.087254e-06 1
1.737686e-06 184
1.015062e-05 1
3.021675e-06 210
3.816558e-06 376689
7.813731e-06 41698
9.243411e-07 1
2.996246e-06 3
1.696249e-05 179
2.188863e-06 1
9.448020e-07 7
4.083012e-06 1
1.106365e-05 3
4.614738e-06 3
1.379762e-06 1
2.520433e-06 1
8.782835e-06 1
2.227695e-05 1
5.705047e-06 1
3.817271e-07 1
1.435409e-06 1350
1.242562e-05 2
1.034069e-05 5
5.089760e-06 1
1.261743e-05 1
3.238630e-06 1
4.874895e-06 1
1.237348e-05 1
1.137732e-05 1
2.483115e-06 4
2.762845e-06 3
2.065858e-06 2
2.226331e-06 2
8.661192e-06 3
8.399077e-06 3
1.626903e-06 1
5.466720e-06 1
1.091263e-05 3
2.483884e-06 1
6.101321e-07 1
2.803166e-06 3
5.992267e-06 1
2.768857e-06 1
6.046270e-06 1
1.031957e-06 1
7.630852e-06 1
2.992738e-06 1
1.087485e-05 1
1.125485e-05 1
3.728460e-05 7
3.997242e-06 4
1.184347e-05 3
2.648366e-06 1
1.110438e-05 1560
1.127608e-05 1
5.582661e-06 5
1.604875e-05 1
1.748713e-06 3
3.227366e-07 3
1.305261e-05 1
8.062851e-06 2066
9.777456e-06 7
1.609942e-06 1
3.529159e-06 1
3.155666e-05 1
1.047925e-05 54634
2.374731e-06 354124
2.256818e-06 6
6.718775e-06 127
1.486636e-07 1
1.119914e-05 1305
2.182953e-06 7
4.626955e-06 1
1.924723e-06 1
4.271733e-05 2
2.006475e-05 1
7.390068e-06 1
4.170429e-06 1724
4.619234e-06 1
3.679330e-06 1
4.450666e-06 3
8.718490e-06 3
5.913242e-07 169
1.897882e-05 7
8.975514e-06 1
1.581739e-05 1
8.573129e-06 1
1.209359e-07 1
8.243974e-06 1396
1.930086e-05 7
9.344056e-06 1
9.198930e-06 112
6.049263e-06 1
2.892299e-07 1422
7.074059e-06 1
9.360505e-06 2
1.934158e-05 1
1.198191e-05 199
3.916319e-06 49367
9.857541e-06 7
1.355945e-07 1
2.416100e-06 1
9.713106e-06 7
4.562597e-06 1
1.784417e-06 3
3.656620e-08 1
2.149641e-06 7
1.068595e-05 4
5.641199e-07 3
4.047582e-07 3
7.867201e-06 4
2.124670e-05 1
1.746110e-05 1
5.906690e-06 3
5.142459e-06 7
1.734120e-05 3
7.127257e-06 1
2.422512e-05 1
3.422110e-06 33
5.591246e-06 5
3.623366e-05 1
1.595151e-05 551
1.764093e-06 1
1.933362e-06 84
1.080091e-05 14609
2.281852e-05 3
7.114160e-06 1
2.507201e-06 1
6.008504e-06 1
1.081920e-05 1
4.840519e-06 1
1.028249e-05 1
3.394759e-06 1
1.491295e-05 11238
4.798279e-07 235
2.619506e-06 3
5.805541e-06 15570
6.282595e-06 1
6.721974e-06 1
8.440913e-06 681
6.478464e-06 201
4.648251e-06 1
2.765220e-06 3
1.698405e-05 1
1.262613e-05 91
8.593555e-07 13
2.815250e-06 1
1.445791e-05 1
8.305222e-07 1
4.425300e-06 1
2.455460e-05 1
3.751189e-06 1
1.230711e-06 37902
4.254796e-06 1
1.221173e-05 1
5.289261e-06 1
4.921681e-06 1
2.394324e-06 1
4.650507e-06 3
1.984167e-05 6
5.388005e-06 6
3.063036e-06 1
7.104073e-07 99
3.487835e-06 1
1.257200e-05 1
3.327465e-07 1
1.277363e-06 4
9.205115e-07 2
2.472272e-06 45139
3.923089e-06 1
3.886477e-06 57005
1.186036e-05 1
1.545586e-05 1369
1.877575e-05 1
1.907365e-06 2
6.779580e-06 1
4.642127e-07 1
5.553706e-06 1
1.566551e-05 3
8.818588e-06 1
3.479438e-06 8
1.348850e-05 1
3.845469e-06 1
5.248966e-07 208
3.811960e-07 635
3.258247e-06 1
3.355560e-06 1
7.142114e-06 1
2.522648e-06 1
3.899975e-06 53560
5.461831e-06 1
5.320283e-06 1
1.832902e-05 49
1.090650e-05 2100
1.154379e-05 1
1.678459e-05 3
1.052998e-05 48233
1.936367e-05 7
8.720505e-06 3
9.166313e-07 7
9.723232e-06 2
9.558213e-06 1
2.276332e-05 1
5.146377e-06 1
1.600034e-05 3
6.853704e-06 2
8.511866e-06 427
1.201579e-06 1
1.303311e-05 1
3.989748e-06 30669
3.803346e-06 1
7.201291e-06 2
7.430605e-07 80
7.185670e-06 1
4.281983e-06 1
4.728452e-07 1
9.251217e-06 100
1.113298e-05 1
3.510565e-06 7
9.267273e-06 96
5.416243e-06 1
2.771993e-06 3
3.023681e-06 3
2.422572e-06 1
2.786595e-06 3
1.202680e-06 5
4.655669e-06 181
1.081077e-08 510633
8.107502e-07 1
1.472469e-05 26223
1.106825e-06 577654
5.202624e-06 1
1.444162e-05 1
1.173259e-05 243
1.323705e-05 7
4.828937e-05 6
2.341667e-06 1
9.331663e-06 2
1.315633e-05 1
1.170742e-05 247
1.687103e-06 1
2.793122e-06 1
1.841291e-06 131
7.345806e-06 1
3.048648e-06 198
2.033401e-05 1
1.733728e-06 1
3.321392e-06 2
3.805204e-06 1
1.546373e-05 1
7.732539e-06 1
1.324000e-05 2
2.970685e-05 1
7.094929e-06 1
9.535651e-06 1
1.496713e-05 1
2.531981e-06 1
1.493141e-05 1
4.971167e-06 1
4.444036e-06 3
2.389826e-06 1
1.541128e-06 3
1.776352e-05 1
9.409416e-06 63
1.927303e-05 2
1.783061e-06 3
3.335579e-06 2
5.849520e-07 1
4.165332e-06 1
9.664684e-06 1
1.056696e-05 43579
1.023790e-05 1
3.404269e-06 40
3.110859e-06 1
6.664612e-06 143
2.194903e-06 1
5.852157e-06 1
4.700296e-06 1
2.397244e-06 101882
6.836613e-07 2
2.770924e-06 1
3.809749e-06 5
8.016690e-06 7895
6.268853e-07 1
3.396558e-06 44
1.545752e-05 1366
7.338314e-06 1
8.914174e-07 1
3.243820e-06 1
1.607576e-05 1
9.170765e-06 1
1.036415e-06 1
8.493571e-06 493
4.158425e-06 1
6.807344e-06 1
2.566382e-06 17202
3.343184e-06 67
4.845445e-05 6
5.094114e-06 18
9.314580e-06 2
2.182282e-06 1
2.529613e-05 1
1.136749e-05 1
1.014787e-05 2
8.057331e-07 1
2.449555e-05 1
4.908191e-06 1
4.126758e-06 1
1.139460e-05 3
6.837051e-06 91
1.315520e-05 1
7.968800e-06 1
1.802298e-06 1
1.911884e-06 1
5.284589e-07 1
5.465735e-06 1
3.736665e-06 2
1.145141e-05 3
3.241158e-06 1
3.223753e-06 1
1.157927e-06 1
2.771641e-05 178
2.883229e-05 1
2.455448e-06 5
2.469551e-05 1
1.159841e-06 1
3.426451e-06 1
3.893803e-08 104863
1.632927e-05 245
2.150598e-05 4
1.439180e-05 1
5.478331e-07 3
1.195962e-05 3
1.478717e-05 1
1.845352e-05 1
9.779808e-06 1
2.641125e-06 1950
9.602412e-06 1
4.788418e-06 131
1.604109e-08 5
1.121571e-06 1
1.113946e-06 1
1.378830e-05 1
4.860596e-07 231
1.359331e-05 1
8.241780e-06 1404
1.784357e-06 3
1.072908e-06 1
2.249137e-06 6
5.462239e-06 2
9.332487e-08 46690
4.682369e-06 171
1.222688e-05 1
2.278762e-05 3
1.997652e-05 1
1.618470e-05 1
9.061172e-06 3
7.243576e-06 1
7.028102e-06 34
9.659604e-07 7
9.866562e-06 2
9.820030e-07 2
1.752442e-05 1
1.571926e-05 1
6.433552e-06 1
2.254269e-06 1
7.108213e-06 2
6.220837e-06 480
1.662474e-06 223
9.943901e-06 7
3.884145e-06 5
5.573197e-06 5
3.901403e-06 5
1.430076e-05 1
4.016191e-06 1
6.304050e-07 1
9.036689e-06 1
1.022328e-05 1
2.215536e-06 2
5.768322e-07 1
4.892318e-06 92
2.271566e-06 1
8.163876e-06 1691
8.414023e-07 1
1.116389e-05 1
2.867314e-06 3
3.732653e-06 1
1.742848e-05 2
8.994065e-06 160
1.321303e-05 2
5.753890e-05 1
8.723695e-06 1
2.265900e-06 2
1.033168e-05 1
2.059906e-06 20
6.620818e-06 1
1.296522e-06 1
3.071529e-06 188
1.586417e-06 3
7.374363e-06 1
8.012562e-06 8581
2.348697e-06 1
2.086015e-05 128013
2.937533e-05 1
1.894106e-05 2
8.670284e-06 239
5.687492e-06 1
6.364547e-06 1
2.098278e-06 7
1.725906e-05 3
1.954995e-06 72
2.920582e-06 256
4.560074e-06 217
2.185344e-06 1
5.241023e-06 1
1.169873e-05 1
4.769987e-07 1
2.761467e-05 182
2.320729e-05 1
1.328830e-05 1
5.091724e-07 1
1.342923e-05 2
7.682910e-06 1
4.553859e-06 3
1.225674e-05 1
1.455362e-05 1
1.150464e-05 3
4.623977e-06 1
6.612015e-06 159
1.637523e-05 3
1.460096e-05 1
5.945165e-07 1
2.551479e-05 3
1.088548e-05 1
1.390810e-05 1
1.061270e-05 37869
9.374513e-06 1
5.430577e-07 1
3.209425e-06 2
3.912486e-06 1
2.231081e-06 1
7.902733e-06 1
7.238008e-06 1
8.360506e-06 971
1.217769e-05 1
2.546777e-06 4
1.724141e-05 1
3.355546e-06 1
9.195263e-06 1
1.315338e-05 1
2.447807e-06 1
5.836180e-06 1
2.567693e-05 3
1.755571e-05 1
1.063397e-05 1
2.536342e-07 1
1.825325e-06 139
1.654172e-05 3
1.262633e-05 2
1.719563e-05 3
1.596525e-05 3
8.720357e-06 1
5.399245e-06 2
4.754831e-05 1
1.008691e-05 1
3.594805e-06 1
9.195239e-06 2
6.125960e-06 1
3.827540e-06 5
3.491145e-06 1
2.849684e-06 1
1.036027e-05 5
9.712413e-07 7
7.010775e-06 2
1.903407e-05 7
3.649997e-06 2
2.065817e-05 5
9.817830e-06 7
3.991301e-05 1
1.809842e-05 70
1.106684e-05 1661
5.697635e-06 1
1.546134e-05 1
1.406148e-05 5
2.235950e-06 6
1.350333e-05 1
2.330393e-06 1
3.521282e-06 1
7.470657e-06 6
5.708719e-06 4
1.101375e-05 1806
8.267100e-06 3
2.211389e-05 1
2.481248e-05 3
2.051969e-05 664982
3.733694e-06 1
2.783767e-05 174
2.594154e-06 1
4.021196e-06 22699
8.453733e-06 3
6.270849e-06 1
3.191612e-05 1
1.352680e-05 2
2.072827e-06 1
1.734857e-06 1
9.711808e-06 1
1.022736e-05 6
1.656027e-05 1
2.770222e-05 3
3.863178e-06 1
1.029700e-05 1
1.254677e-05 1
1.933563e-05 1
4.292700e-06 1
3.267728e-06 1
1.193369e-06 1
3.750898e-06 1
1.313146e-05 1
5.366885e-08 5
4.449666e-07 3
9.857469e-06 1
2.627878e-06 1
1.408894e-05 5
3.478622e-06 1
7.682325e-06 1
1.096446e-05 1
1.998734e-07 1
1.381803e-06 1759
3.291368e-05 1
7.782118e-06 5
7.041870e-06 30
4.691170e-06 1
6.298536e-06 258
2.531525e-05 266
2.902018e-05 1
3.317092e-05 45
1.156236e-06 63399
7.132044e-06 1
1.203689e-05 3
3.399941e-06 1
5.740042e-06 1
5.781816e-06 4
1.044106e-05 5
8.040128e-06 1
1.556782e-05 3
4.148338e-06 3
1.418387e-05 5
1.215499e-05 1
3.386273e-06 1
3.099272e-05 1
4.766412e-05 1
1.031430e-05 5
3.816043e-07 632
1.005869e-05 2
1.395027e-06 1
3.118823e-05 1
9.946797e-06 1
9.747628e-06 1
7.215234e-08 5
4.378793e-06 3
1.752861e-05 2
1.618179e-06 1
2.047412e-07 4
4.847696e-06 1
4.625319e-07 3
8.425606e-06 1
3.724475e-07 710
1.268751e-05 2
1.153408e-06 64365
3.793390e-06 599536
3.244183e-06 1
1.759177e-05 1
1.582017e-06 266
2.553572e-05 1
1.029146e-05 5
1.068016e-05 29475
9.254653e-08 1
6.296572e-06 1
4.314397e-06 1
2.057840e-05 1
2.188043e-05 28049
1.108651e-05 1
7.292459e-06 1
1.651243e-06 1
3.131482e-05 1
8.639823e-06 1
2.303380e-06 6
2.344882e-05 3
1.931591e-06 84
1.769822e-06 1
1.561131e-05 3
1.204229e-06 46950
1.356130e-05 2
4.304318e-06 970
2.396692e-05 1
1.209645e-05 3
5.195353e-07 1
4.168697e-06 1
1.485659e-05 1
3.662979e-06 2
2.460065e-05 3
7.130370e-06 2
6.212820e-07 1
8.261647e-06 1331
1.593289e-06 1
3.107863e-07 3
6.110626e-06 985
9.106933e-06 1
7.763457e-06 1
4.774557e-06 1
7.773549e-06 48485
1.690639e-05 184
4.029680e-06 1
2.868727e-05 1
8.695403e-06 1
5.165077e-06 1
8.299598e-06 1192
1.048081e-05 5
1.827646e-05 54
5.742036e-06 4
2.145604e-05 5
1.078886e-05 1
5.882849e-06 1
3.117218e-06 1
1.255572e-05 102
1.642052e-05 236
1.092452e-06 1
1.587842e-05 3
8.653211e-07 1
8.440828e-06 681
1.197950e-05 1
7.567250e-06 1
1.007723e-05 2
4.008029e-08 5
1.723310e-05 1
1.351493e-05 7
1.576010e-05 1
1.709119e-05 166
1.371209e-06 1840
2.388566e-06 1
4.928713e-06 1
2.516153e-06 4
1.585679e-06 1
7.758133e-06 1
2.678829e-06 1
7.696588e-06 1
4.914893e-06 2
1.577425e-05 1
2.025805e-05 1
2.795920e-05 171
9.226043e-06 1
8.709321e-06 230
8.515403e-06 3
1.618721e-05 261
1.043327e-05 1
1.068849e-06 1
2.972099e-05 2
1.737511e-05 1
2.737440e-07 1
4.662414e-06 3
2.348336e-05 1
1.180691e-05 1
2.914486e-06 259
9.394884e-06 67
3.916257e-06 1
9.983576e-09 522261
4.748534e-06 3
1.757517e-05 2
5.151105e-08 1
1.304745e-05 2
5.935748e-06 1
1.037141e-06 6
2.886783e-07 1
1.046296e-05 1
1.395209e-05 2
2.291843e-06 1
5.132177e-06 1
6.059477e-06 1222
3.351689e-05 1
1.675495e-06 1
3.049801e-06 3
6.075130e-06 3
6.520913e-06 188
1.098418e-05 3
1.494711e-05 8557
1.244587e-08 1
2.755226e-06 1
2.164885e-05 4
1.533334e-05 3
4.246053e-05 1
3.012085e-05 2
1.885760e-05 7
6.162209e-06 1
2.298817e-05 3
1.339143e-05 7
6.929859e-06 1
8.684179e-06 236
6.642919e-07 126
8.459467e-07 1
5.782636e-08 60379
1.584378e-06 1
1.551918e-07 1
2.012331e-05 2
6.125753e-06 3
2.468313e-05 1
6.892017e-07 2
4.553612e-06 3
9.155383e-08 1
1.881815e-05 1
1.946775e-05 1
5.004005e-06 51
4.896689e-06 2
2.104034e-05 1
2.288294e-06 1
4.131691e-06 3
6.991521e-06 1
3.857792e-05 2
1.888856e-05 1
2.507163e-06 1
1.000158e-06 6
6.308584e-06 254
1.344946e-05 7
7.098861e-06 2
2.202502e-06 7
1.493179e-06 912
3.384392e-05 1
1.845513e-05 2
1.175525e-06 1
5.208550e-07 1
5.602620e-07 1
2.205754e-06 2
5.119276e-06 1
1.146585e-05 3
2.994022e-06 3
2.914457e-06 1
1.434578e-05 1
1.271051e-05 1
1.102054e-05 1
9.181979e-06 116
6.726177e-06 1
3.237645e-06 2
6.020846e-06 1401
1.638808e-06 3
5.055967e-06 32
6.891124e-06 2
1.507944e-05 3
2.479730e-05 1
1.639083e-05 3
3.565034e-06 2
2.140664e-06 7
1.524638e-06 3
5.740480e-06 1
2.012216e-05 6
9.889691e-06 1
1.594003e-06 1
1.906177e-06 2
4.589963e-06 3
5.896577e-06 3
1.361711e-05 2
5.509582e-07 1
2.428755e-05 3
2.101401e-06 7
1.267096e-05 2
1.618431e-07 20405
4.112046e-06 1
8.589717e-06 3
3.555132e-06 7
9.016369e-06 155
3.233362e-06 2
3.798746e-07 3
2.278558e-06 6
1.920733e-05 7
5.319181e-06 6
2.033570e-05 2
8.973660e-06 1
2.708791e-06 1
1.229485e-05 1
9.143260e-07 1
2.563341e-06 4
1.140264e-05 767
5.757033e-06 4
5.800834e-06 4
1.820853e-06 141
6.334276e-06 1
6.538797e-06 182
9.890767e-06 1
5.703952e-08 1
1.026264e-05 1
1.448434e-06 1251
1.111904e-05 1
2.146475e-06 1
1.736185e-05 3
1.153007e-05 1
1.779373e-06 1
2.581815e-06 4
9.624362e-06 2
8.936295e-07 1
1.332211e-05 1
1.637449e-05 3
1.466375e-05 31132
4.189441e-07 315
5.207931e-06 7
3.392622e-06 1
5.402200e-07 199
2.862517e-06 488
8.691106e-06 1
5.498358e-07 3
2.606604e-07 1
4.859825e-06 104
8.936642e-06 1
2.026949e-05 6
1.309927e-05 1
5.355970e-08 1
1.309756e-06 4
1.989145e-05 6
4.029975e-06 20491
1.161662e-06 1
2.060653e-05 1
2.496633e-05 462
1.950202e-05 1
3.055341e-06 1
5.796594e-06 1
4.420809e-06 322
7.330228e-06 7
1.766662e-05 110
1.386114e-05 1
7.470393e-06 2
2.348594e-05 1
3.111841e-05 1
1.431667e-06 1
3.680366e-06 1
8.118957e-07 1
1.760678e-06 1
5.105533e-06 14
8.242411e-06 3
3.621924e-06 1
1.153265e-06 1
4.891413e-06 1
8.225411e-06 1
4.074812e-06 1
7.939641e-07 1
3.485342e-05 1
7.365165e-06 6
2.907643e-05 137
2.854472e-06 3
1.980512e-06 1
1.310828e-05 1
4.018221e-06 23455
3.050669e-06 1
1.172586e-05 3
7.399691e-06 1
5.958314e-06 1
1.061010e-05 1
6.355522e-06 1
9.436033e-06 57
6.973333e-06 1
1.052053e-05 1
1.620574e-06 1
2.263129e-06 6
2.089080e-05 5
9.372120e-06 72
4.371244e-06 597
1.065774e-06 2
1.992871e-05 6
1.561330e-05 1104
4.562618e-06 3
2.325215e-06 2
1.087933e-05 1
2.104115e-05 5
2.941974e-05 128
3.008054e-06 1
3.285728e-06 1
2.601444e-06 6852
3.268163e-06 2
1.939060e-06 1
1.430303e-05 60873
1.154159e-05 406
4.339629e-06 3
9.129120e-06 2
4.300571e-06 1
3.482477e-08 164012
1.541265e-05 1
1.758322e-05 2
2.941525e-05 2
1.367740e-07 4
1.982675e-06 58
1.561530e-06 1
1.424421e-05 65848
7.203082e-06 1
1.150511e-06 1
8.161514e-06 1699
2.464003e-06 47603
8.314680e-07 1
5.655472e-06 1
1.533974e-06 1
5.015033e-07 1
6.223994e-06 1
1.134180e-06 5
1.339607e-07 1
1.332284e-05 2
1.043451e-05 1
4.618068e-07 1
7.373384e-07 1
1.262117e-05 2
2.074528e-05 1
1.484378e-05 16716
2.904826e-06 3
5.479552e-06 1
6.886835e-06 1
1.636281e-05 1
5.379043e-05 1
1.224937e-05 3
5.682073e-06 1
5.939761e-07 1
8.408852e-06 1
7.905546e-06 26326
5.535362e-06 1
1.438894e-05 53705
2.226759e-05 1
1.028134e-07 5
6.222035e-06 1
9.594126e-06 21
1.117994e-06 1
1.605728e-05 3
1.524924e-05 1
6.312851e-06 253
2.886521e-06 1
1.986230e-07 1
2.357397e-05 1380
1.706969e-05 168
7.651225e-06 1
1.086959e-06 1
1.166663e-06 59811
8.204766e-07 1
5.243222e-06 2
2.042772e-05 1
1.588418e-05 1
3.889131e-06 1
1.710902e-05 3
4.281730e-06 3
6.074494e-07 159
3.279588e-05 1
5.999989e-06 1
1.097996e-06 2
7.363495e-07 2
1.447343e-06 1259
9.437379e-06 57
7.012038e-06 1
1.722335e-05 153
3.262789e-05 1
2.273205e-05 2006
2.020860e-05 1
2.027937e-05 6
6.042352e-06 1301
7.619046e-07 69
5.494801e-06 1
8.949557e-06 171
1.325073e-06 4
1.646026e-05 3
9.045259e-06 3
1.564381e-05 3
6.469086e-06 204
9.659939e-06 2
1.470645e-06 1
1.014180e-05 6
1.165721e-05 1
2.535131e-05 265
2.239206e-06 1
6.120332e-07 1
1.062390e-05 4
4.383376e-05 2
1.221400e-06 4
2.719844e-06 1426
3.784990e-06 1
1.797166e-05 81
2.397033e-05 1
2.023907e-06 1
7.657856e-06 1
1.807577e-05 1
1.924061e-06 1
2.416072e-05 1
9.048560e-06 147
2.835941e-06 1
2.701616e-06 1
2.219441e-06 6
1.939098e-05 2
9.350525e-06 1
2.197029e-06 7
2.161818e-05 37994
2.496027e-06 1
8.144424e-07 39
3.022671e-05 1
8.239525e-07 33
5.890576e-06 3
5.139167e-06 1
7.063552e-07 1
2.239249e-06 2
6.124323e-06 3
6.950395e-06 1
2.527145e-06 1
8.200597e-06 1
3.778385e-06 6
6.282015e-07 3
4.083184e-06 4
6.204037e-07 3
4.717129e-06 3
7.189662e-06 7
1.170323e-06 1
6.108638e-06 3
1.264092e-05 89
1.130589e-06 1
2.306627e-05 3
9.153320e-06 1
9.744701e-07 1
1.047655e-05 1
5.568912e-06 5
8.254616e-06 1
1.836812e-06 2
1.812969e-05 1
1.432497e-05 1
3.702636e-06 6
6.776169e-06 1
5.501223e-06 1
6.893967e-06 1
6.254989e-06 325
5.891879e-06 2005
3.029048e-06 1
1.290259e-05 1
7.870014e-06 1
5.065319e-06 28
2.088950e-06 1
8.207268e-06 3
1.112688e-06 502553
1.315642e-06 1
3.192879e-07 1
3.057555e-06 1
1.201579e-05 193
9.788232e-08 1
1.379300e-06 1778
2.033375e-05 1
8.510207e-08 49853
4.465693e-05 6
3.159328e-06 1
2.993862e-06 1
3.979390e-06 33302
1.473722e-05 4
8.323409e-07 1
1.825521e-06 1
1.278768e-05 65
5.242706e-06 1
5.172643e-06 1
7.209545e-06 1
4.909473e-06 1
6.014719e-06 1
2.204678e-05 1
1.295906e-06 1
6.269645e-06 3
2.256362e-06 2
1.651996e-06 229
3.031980e-06 1
1.639478e-06 236
5.199058e-06 7
1.752627e-05 1
1.423733e-06 1439
1.789170e-06 158
4.541868e-05 2
3.154474e-06 1
1.358180e-06 1
1.189256e-05 1
4.139068e-05 1
4.867708e-06 1
1.166706e-07 4
1.322590e-07 1
4.410532e-06 379
1.785742e-06 1
1.462397e-05 1
7.045006e-06 1
1.348668e-06 3
2.637302e-06 1976
2.970689e-05 2
9.973432e-06 1
1.183209e-05 225
2.166350e-06 1
8.658789e-05 6
3.674386e-07 1
9.211942e-06 2
2.574748e-05 249
4.484354e-06 247
1.562055e-05 1
3.727545e-06 6
5.223072e-06 1
2.027326e-05 2
2.390156e-06 1
1.695587e-05 179
7.776903e-06 5
1.050327e-05 1
3.157303e-07 1
5.866355e-06 1
6.986217e-06 2
1.695439e-06 3
3.729640e-06 6
1.610692e-05 303
9.141189e-06 126
5.347058e-05 1
1.151203e-05 1
2.594275e-06 8958
3.638585e-06 6
3.103139e-06 3
4.323514e-06 863
2.458234e-06 1
2.028361e-05 1
1.084731e-05 1
1.730498e-05 1
4.028474e-06 20862
1.129339e-05 1055
2.834442e-05 1
2.114931e-06 2
2.497407e-05 3
1.749109e-06 1
1.593926e-06 1
2.559041e-06 1
8.797537e-06 3
4.914745e-07 1
4.893859e-06 2
1.206221e-06 1
8.360085e-06 1
9.554442e-06 1
3.956500e-06 39116
3.514926e-06 1
5.976670e-06 1
2.233492e-06 6
1.858502e-05 27
9.632179e-06 1
9.500947e-06 42
6.608807e-07 1
2.424578e-07 1825
2.860507e-06 1
1.751636e-05 124
8.511086e-06 1
6.611410e-06 1
3.529495e-06 7
1.357794e-05 2
1.063987e-05 1
1.530145e-05 1
1.102052e-05 1787
1.703818e-07 1
1.936180e-06 1
1.558621e-06 1
2.661658e-06 1
7.901632e-06 26973
1.428299e-05 62576
4.958790e-08 1
1.344911e-06 1
1.426525e-05 1
3.913250e-06 1
8.123565e-06 1840
2.326247e-06 6
3.171854e-06 143
1.020884e-05 6
2.384838e-06 1
2.706107e-06 1517
2.549066e-05 259
4.605112e-06 1
4.191892e-06 1602
2.037337e-06 2
1.481314e-05 4
1.346319e-05 2
1.116786e-05 1389
1.039002e-05 65996
4.768866e-06 1
1.420779e-05 1
6.355029e-07 1
4.743586e-06 3
3.915953e-05 2
6.818350e-06 2
6.560354e-06 1
3.473570e-06 1
1.578363e-05 823
8.608559e-07 12
1.370793e-05 6
4.123492e-06 1
1.235661e-05 1
2.877037e-05 1
4.746602e-06 1
3.113995e-07 3
6.833360e-06 1
7.540390e-06 1
1.396260e-05 1
4.003095e-06 1
6.007689e-06 3
1.378577e-05 1
5.220655e-06 1
3.950685e-06 4
3.681525e-06 1
4.916630e-06 83
1.069706e-05 4
4.176066e-06 1
4.316737e-06 1
1.101601e-05 1800
1.904490e-06 1
9.993452e-06 1
6.309796e-06 254
