8.028177e-05 1
8.195361e-05 1
3.775929e-06 5
8.465068e-05 7
8.420032e-05 1
3.629050e-06 1
2.199941e-05 2
2.508458e-05 1
4.680116e-06 7
3.457826e-05 4
3.652190e-05 1
1.926571e-05 15
2.515185e-05 2
6.290574e-06 1
8.864244e-05 3
3.291684e-05 1
1.529206e-05 1
4.380010e-05 1736
2.936180e-05 1
3.040483e-05 6
5.428537e-05 3
2.471993e-05 1
2.099412e-04 1
1.469155e-04 2
4.331164e-05 1
1.139294e-04 1
5.645209e-05 125
1.632561e-04 1
2.274021e-05 3
8.414193e-05 1
2.426367e-05 1
4.192831e-06 1
1.982107e-06 1
5.385589e-05 3
2.081254e-06 1
6.134082e-05 10456
3.359891e-06 1
2.880924e-05 202
2.878294e-05 6
7.866424e-05 1
2.061274e-04 3
4.735933e-05 1
3.197339e-05 2
2.547843e-05 1
1.686990e-04 1194
1.814513e-04 1
5.784081e-05 1
1.776695e-05 3
1.146233e-04 1
4.378033e-05 1
7.340890e-06 1
2.250186e-04 1
8.436365e-05 1
1.124587e-04 1
2.449317e-05 1
3.012494e-05 3
4.679017e-05 6
2.131114e-05 1
4.743406e-06 34
1.840457e-04 1
5.409070e-05 1
8.693856e-05 1
4.938399e-05 6
1.230789e-05 1
1.512559e-05 3
2.358609e-05 1
1.207283e-06 1
4.646490e-05 1
1.348590e-06 1
1.519173e-05 2
4.930484e-05 1
8.187130e-05 1
1.551141e-04 1192
7.367991e-05 140
3.996778e-05 3
1.138967e-05 6
6.727606e-05 1
1.429677e-04 1
1.443274e-04 1
2.473224e-05 8
3.105166e-05 1
1.850675e-05 1
2.520231e-05 1
1.137781e-04 3
5.098575e-05 1
6.715209e-05 1
1.753313e-05 241
1.331584e-05 3
1.468058e-05 1
3.604568e-05 2
1.118097e-04 1
2.838113e-05 666
4.700876e-05 1
7.874668e-05 3
7.207377e-06 1
5.812017e-05 1
1.029422e-05 3
8.154172e-05 919
6.823536e-06 6
3.076803e-05 5
1.441682e-05 847
1.572471e-04 205
2.030292e-05 3
2.969461e-05 1
9.405304e-06 1
4.135589e-05 70
4.782982e-05 1
2.354721e-05 1
2.645187e-05 1
1.054713e-05 5
7.958035e-06 1
3.695108e-06 1
3.615434e-05 1
1.565870e-06 1
9.815151e-06 2
3.331990e-05 1
6.557424e-06 791
3.351713e-05 238
8.589700e-05 2
2.900018e-07 1
4.743261e-05 2
3.375840e-05 3
3.289410e-05 1
4.207207e-05 6
2.669063e-05 2
1.466859e-05 5
3.823580e-05 1392
4.032977e-05 2
7.539487e-07 1
2.543652e-05 1654
7.481490e-05 5
1.532023e-04 3
1.050582e-05 113
1.335041e-04 1
2.689314e-05 1
6.197771e-05 7
1.353634e-05 1
1.725743e-05 23
1.259079e-04 198
3.432862e-05 1
8.325058e-06 237131
1.260704e-05 1
2.887682e-05 17815
3.587057e-05 1
1.954539e-05 1629
5.463443e-09 2
4.293615e-05 1
4.592308e-05 1
1.702638e-05 1
5.432349e-05 2
3.850056e-05 1
1.541470e-05 1
1.120634e-04 733
6.080760e-05 5
1.354486e-04 241
2.571171e-05 3
7.259388e-05 10
1.875264e-05 1
2.704844e-05 1
5.343915e-05 1
5.989277e-06 1
7.175325e-06 168
1.385168e-05 249
5.529599e-05 3
1.519074e-05 3
6.126626e-05 6
5.127613e-05 1
1.465687e-05 1
8.245092e-06 169
3.520768e-05 3
6.294239e-06 1
2.148037e-05 1
7.771601e-05 1
8.008442e-05 1357
2.180147e-05 3
1.178595e-04 2
4.427070e-05 3
2.459933e-05 1
6.018299e-06 4
6.691105e-05 210
1.118415e-05 1
6.441733e-05 1
9.359009e-05 1
8.661481e-05 3
7.904284e-05 1
6.527873e-05 445
3.831644e-05 1
1.258488e-05 1
1.696223e-05 1
4.415161e-05 1
1.787881e-05 3
4.229793e-05 1
1.625342e-06 676
8.137784e-06 2
3.866789e-05 89
2.188933e-06 3
1.269349e-05 1
5.711048e-05 1
1.080642e-05 1
3.111968e-05 47
1.004922e-04 1
3.870464e-06 3
6.196512e-07 5
4.418048e-07 3
8.752856e-06 1
4.077963e-05 2
1.573339e-06 170
8.291013e-05 173
1.194532e-05 2
6.359377e-05 1
1.072695e-04 6
3.536583e-05 1
7.311879e-05 234
5.622462e-06 1
4.322191e-05 1
7.948126e-06 1
3.136183e-05 4
4.870057e-05 1
6.937996e-05 1
6.813954e-05 1
9.035445e-05 1
9.131702e-06 1
5.559814e-05 128
3.033197e-05 3
8.593657e-05 1
3.790248e-05 5
1.283638e-05 4
5.655819e-06 4
9.240909e-05 2
4.312844e-05 1
3.263052e-05 1
4.652739e-05 1715
2.452856e-05 7
3.024824e-05 6
1.297639e-05 1
5.490109e-05 451768
3.905951e-05 579
7.324676e-05 1
4.487919e-05 1
7.358815e-05 3
2.514003e-05 37206
2.793068e-04 3
3.545344e-05 1
5.401248e-06 228
5.260956e-05 7
2.963054e-05 1
7.779991e-05 1
2.613307e-06 4
3.743387e-06 2
1.987167e-05 1
9.622878e-06 1
6.657462e-05 468
4.414071e-06 1
1.483492e-05 3
2.584515e-05 6
1.037054e-04 1
3.693879e-06 1480
1.941683e-06 1
8.141773e-06 6
3.192109e-05 1
6.950077e-06 119
1.025609e-04 1
1.741121e-04 3
1.302898e-06 1
4.425192e-06 3
1.630713e-05 5
7.249162e-05 2
4.610708e-05 3
2.413571e-05 1
9.249301e-06 56
3.084776e-05 1
4.334869e-05 1
1.443890e-04 1
3.221092e-06 1
3.150826e-05 1
1.092674e-04 1
2.841198e-05 24
5.350638e-05 3
2.061305e-04 5
5.230771e-05 3
2.341928e-07 2
6.475522e-05 1
8.586292e-05 160
9.783726e-06 2
9.241999e-06 309
1.632876e-05 1
1.385654e-05 1
3.762909e-05 1
3.847749e-05 1665
3.641715e-05 1
1.815314e-05 1
9.901003e-05 53
3.572800e-05 1
1.831994e-04 1
1.248136e-04 1
8.103346e-06 1
4.024341e-05 24
4.034151e-05 1
5.061477e-05 5
1.343218e-05 1
2.378788e-05 1
5.793582e-05 2
1.133126e-04 1
9.449544e-06 1
9.169011e-05 2
1.019800e-04 3
1.582530e-05 1
1.179357e-04 1
2.785081e-05 1397
1.902196e-05 39083
1.713915e-06 1
1.897283e-05 2
4.615060e-05 1
2.302750e-05 3
3.665824e-05 219
8.666407e-06 1
1.477369e-04 2
5.633798e-05 3
7.389121e-05 118
3.786391e-05 1
5.544281e-05 1
1.178015e-05 3
7.794562e-06 2
1.580942e-04 1
5.313141e-05 7
1.934177e-05 5245
3.251425e-06 5
4.023593e-05 3
4.651460e-05 1
5.334255e-05 15359
5.308494e-05 7
1.438008e-05 1
9.623116e-06 1
1.761918e-05 1
3.436633e-05 167
1.716614e-05 1
1.973849e-05 1
3.926939e-05 2
6.477940e-06 152
8.059904e-05 1
9.790634e-06 3
4.281598e-05 1
2.610068e-05 3
7.994089e-05 1
8.844855e-06 1
2.444399e-05 1
1.523566e-05 61430
5.159476e-06 3
4.602233e-06 1
4.555403e-05 1
1.473208e-05 1242
6.779327e-05 1
3.071188e-06 1
3.680248e-05 101
2.211223e-06 1
8.062329e-07 2
1.534892e-05 3
7.602881e-05 496979
1.155637e-06 1
2.132857e-05 316893
3.829635e-05 7
1.325569e-04 494
3.325277e-05 1
2.524291e-04 1
5.992922e-05 2
2.559071e-05 1
2.645008e-05 1
1.741167e-05 1
9.960369e-05 1
2.373843e-05 2
9.077830e-05 3
1.047874e-05 1
8.471196e-05 1
5.279027e-06 1
7.422661e-05 1
2.431530e-05 1
9.365876e-05 1
1.245310e-04 1
8.754626e-05 3
4.870117e-05 7
1.985183e-06 1
4.647033e-05 3
1.126907e-04 1
2.151017e-05 1
2.899498e-05 1
3.342281e-05 232
2.690900e-05 1
9.157631e-06 1
2.261981e-05 1
3.292364e-04 7
1.125426e-04 1
2.782333e-05 1
7.984332e-05 2
2.607682e-05 1
1.331247e-04 234
8.255832e-05 579
7.710393e-06 1
2.403547e-04 173896
7.971162e-05 13201
6.263646e-05 187
7.590387e-05 7
5.099218e-05 1
4.862914e-05 3
6.482252e-05 1
9.750713e-06 1
1.463051e-05 1
6.856408e-05 140
8.148276e-05 1
1.031033e-04 4
5.993079e-05 3
4.753941e-05 1
2.549585e-05 241
9.220589e-06 7
9.030998e-05 4
1.210079e-04 24212
4.032927e-05 1
8.826065e-06 1756
1.412188e-04 325
6.131255e-06 5
3.951497e-06 1
7.246319e-05 7
3.836635e-05 1
3.561115e-05 7
6.329579e-06 1
1.054256e-04 1
6.946765e-05 114
2.502342e-05 1
1.678039e-05 3
1.656213e-04 1
1.177395e-05 1
8.789587e-05 1
6.211892e-05 1263
1.088184e-05 1
1.316988e-05 7
3.786059e-05 1
5.110509e-05 1
2.754338e-05 1
9.659113e-06 2
5.504067e-06 6
2.278265e-05 2
4.242866e-05 1
3.442849e-05 2
3.570933e-05 3
6.039800e-06 1
1.674853e-04 3
7.375584e-06 1
3.818005e-05 3
1.953744e-05 2
6.651382e-06 1
2.422831e-05 1
4.021212e-06 1
1.253748e-05 1
2.004260e-05 1
3.497761e-05 1
1.327233e-05 1
1.378759e-05 1
1.114782e-05 54516
3.782279e-05 2
5.781586e-08 1
6.588447e-06 1
2.442030e-06 1
4.821341e-06 1
4.865761e-06 2106
2.266674e-05 660
6.683288e-05 42718
1.929659e-05 32
3.022563e-05 7
2.992263e-05 1
1.267046e-05 3
7.809754e-06 1
1.202904e-04 1
1.087807e-05 1
4.484332e-05 245
5.224766e-05 4
1.151993e-04 1
2.967384e-05 654
1.199203e-04 1
6.249454e-05 246
1.541398e-05 1
7.329681e-05 4
1.243813e-06 19
1.295906e-04 10325
4.803060e-05 6
9.004360e-05 1
2.281833e-05 2
2.602155e-07 3
6.414254e-05 1
2.331776e-06 3
2.902338e-05 90
6.962654e-05 18
4.907501e-05 2
6.654758e-06 1
6.416004e-06 1
1.390837e-05 3
8.920949e-07 9
2.814458e-06 4
1.489055e-05 1
2.108072e-05 1
7.109794e-05 6
3.003470e-05 1885
3.884438e-05 2
1.136856e-04 1878
2.831599e-06 2
5.683649e-05 2075
2.241781e-05 205
2.211935e-05 6
2.619736e-05 5
1.909902e-04 1
3.686063e-05 3
5.242723e-05 1
1.064147e-05 4
2.746223e-06 5
1.274615e-04 1
5.958208e-06 7
7.094528e-05 5
6.777618e-05 1
9.136218e-05 2
4.643797e-05 3
6.160621e-05 1
4.449305e-05 2
1.778721e-05 1
1.163002e-04 510229
1.095477e-04 64142
1.045149e-04 6
1.682571e-04 2
5.324246e-05 1
2.115776e-05 1
7.372048e-05 436
2.220882e-05 1
4.819444e-05 3
1.880334e-04 2
1.278251e-04 344734
4.003872e-05 2
4.150616e-05 3
1.530458e-04 1
4.096972e-05 1
1.347696e-04 1
7.244460e-05 3
2.409899e-04 1
1.531615e-05 3
9.336329e-07 1
4.301931e-06 2
7.171007e-06 1
3.158987e-05 2
2.245460e-04 1
3.786244e-05 2
4.661654e-05 1
4.680868e-05 1
6.594580e-05 5
4.497538e-05 1
1.489449e-04 1
2.724058e-05 3
1.664436e-05 1
4.928878e-05 120
4.961561e-05 1
2.025896e-05 5
2.469015e-05 159
1.125231e-04 1
1.288406e-05 5
7.915648e-05 2
3.467861e-06 37143
1.402724e-07 3
1.645424e-06 1
7.238402e-06 1
5.120751e-05 1
4.629441e-06 1
3.011609e-05 1
5.832856e-05 7
5.918777e-07 434122
9.360274e-05 1
6.810176e-05 1
2.974942e-05 1
2.780213e-05 3
8.359926e-05 1
4.758591e-06 2
4.876589e-06 2
8.131784e-05 1
8.847383e-05 1
6.557023e-05 3
9.586272e-06 1
2.511029e-05 1
5.894985e-05 149
7.006279e-05 3
2.001334e-05 1
7.410078e-05 2
2.091231e-07 1
8.122641e-05 1
6.090804e-05 2
8.505102e-05 3
6.964895e-05 2
8.164472e-05 7
1.295386e-05 1
1.215452e-05 1
8.417344e-05 3
4.443054e-05 1
1.044056e-04 3
4.095023e-05 84
1.875279e-05 2
1.448249e-04 1
1.412369e-06 2
4.028363e-06 133
3.115560e-05 6
4.647806e-05 1341
8.531173e-06 1
1.181865e-04 2
7.364146e-07 1532
7.917920e-05 1
1.154859e-04 1
1.677967e-05 7
1.026253e-04 3
5.031224e-05 2
7.955226e-05 1208
3.085316e-05 3
3.140521e-05 1
9.329933e-06 2
5.627397e-06 1856
8.384438e-05 1
8.232700e-05 1
1.695440e-05 1
5.098503e-05 4
5.885822e-05 1
3.804363e-05 6
5.768661e-05 58
4.598299e-05 181
1.144839e-05 1
3.725063e-05 1
1.425569e-05 2
2.006351e-05 1
1.447294e-05 156
4.855225e-05 1
5.341489e-05 1
2.221013e-05 568612
2.931540e-06 1
3.483523e-05 5
1.989781e-05 3
1.367254e-05 6
3.135197e-05 1
1.645072e-05 1015
2.086966e-06 4
8.848037e-05 5
5.492313e-05 2
3.351467e-05 7
6.205651e-05 22
6.568311e-06 3
5.484201e-05 1
2.866998e-06 1
1.978136e-04 1
1.950753e-04 3
7.088152e-05 12131
8.572910e-05 1
3.135212e-05 56053
2.021433e-05 4
5.301309e-06 1
4.644386e-05 1
5.384767e-05 2
2.700083e-05 3
9.798663e-05 1
6.259484e-06 55
1.714338e-05 1
3.564531e-05 1
2.894466e-06 2
9.839588e-05 1
6.376822e-05 200
6.039585e-05 7
1.384987e-05 81
7.494949e-05 54656
9.159014e-06 229
1.485686e-04 2
2.518335e-05 24351
8.310282e-06 1
1.289245e-05 2
2.539526e-06 1
2.127243e-05 1
1.550507e-04 184
9.044595e-05 1
1.985137e-05 7
3.990778e-06 772
3.464785e-05 1454
1.745106e-05 1
2.510191e-05 2
2.967496e-04 1
4.275020e-05 374
5.743044e-05 1
1.105675e-06 3
8.066560e-05 4
3.713789e-05 18836
7.951689e-05 1
8.203510e-06 1
9.461843e-06 1
1.038003e-05 186
6.073740e-05 1
6.887660e-06 6
9.752410e-06 1
1.554080e-04 6
3.219254e-05 5
2.615752e-05 1
8.510504e-06 2
5.707028e-05 1
1.760937e-05 1
1.625309e-04 2
9.772268e-06 1
9.599426e-05 1
4.912135e-05 1
3.451306e-05 1
3.645630e-07 206809
1.283639e-05 2
7.446726e-06 1
2.410401e-06 2
6.625954e-06 1
3.799655e-05 1
3.028996e-05 7
2.989640e-05 1
7.356020e-05 5713
1.041272e-04 1
3.617690e-06 1
4.946670e-05 401905
1.113625e-05 6
4.188123e-05 7
2.479780e-07 2
2.750947e-05 1
8.517248e-05 1
7.358336e-06 146
3.022000e-05 7
3.293638e-06 1
2.282041e-05 1
8.114262e-06 7
4.697966e-06 1
1.910316e-05 145
9.418998e-05 1
2.509420e-04 4
2.365560e-05 1
1.841194e-04 619928
3.045607e-05 2
5.719176e-05 424069
7.368653e-05 1
4.688047e-05 1
9.326991e-05 1
8.362664e-05 3
2.501255e-05 1
1.505875e-05 2
1.141722e-04 1
6.378607e-05 1
1.468237e-06 1
1.630399e-06 2
2.731173e-04 251
1.327289e-04 4
3.753129e-05 1
1.309074e-05 2
5.448135e-06 1
1.868215e-05 1
3.406119e-05 1516
3.247669e-05 1
5.604250e-05 1
1.321644e-05 6
4.829856e-06 1
1.971222e-05 6
9.647149e-05 1
3.651840e-05 1
2.017533e-05 1
5.809965e-05 6
1.701636e-06 1
2.801127e-05 1
4.591468e-06 1
9.188451e-06 237
1.137972e-04 1
1.902378e-05 3
1.546676e-05 1
3.261407e-05 1
2.611900e-05 1332
1.010276e-04 1959
6.405331e-05 1
3.159641e-06 1
7.664100e-05 1
4.014885e-05 1
4.471825e-07 5
1.012781e-04 2
1.275436e-05 3
1.208640e-04 1
3.803527e-05 1
9.432577e-06 19496
1.357008e-04 1
1.200075e-06 1
5.650897e-05 1
2.557279e-05 1
4.974607e-05 5
4.883737e-05 1
1.772342e-04 1064
1.206862e-04 2
1.497479e-05 3
5.750826e-05 2
5.284447e-05 3
3.451315e-05 2
7.633223e-06 1
5.577862e-05 1
1.116406e-05 1
2.501560e-05 5
3.338692e-06 2
1.118905e-05 1
1.596662e-05 2
4.218361e-06 1
4.716865e-05 1
2.174160e-05 6
1.036382e-04 2
1.248314e-04 1
3.876519e-05 2
7.253735e-05 1
5.934353e-05 5
1.909899e-05 1
1.123719e-05 1
8.455376e-06 65791
1.836143e-05 3
8.036428e-06 16
4.109339e-05 895
2.296530e-05 1
3.883618e-05 823
6.193280e-05 156
1.558165e-05 1
6.858661e-05 56158
8.287771e-05 1
3.426651e-05 1
2.472410e-05 2
1.790597e-04 2
8.472560e-05 8
1.476389e-05 1
7.082107e-06 3
8.366043e-06 1
1.482615e-05 2
1.371152e-05 54068
1.353273e-04 1
5.989427e-06 1
3.329320e-05 1
1.407714e-05 1
1.273922e-05 2
5.665871e-05 3394
1.007598e-07 1
8.552512e-06 2
1.294318e-04 1
1.322768e-05 1
2.922117e-06 1377
3.028542e-05 3
5.264142e-05 1
4.721940e-06 486207
2.832008e-05 149
1.852514e-05 2014
6.589176e-05 1
1.732211e-05 5
4.906016e-05 1
1.646427e-05 180
6.528598e-05 7
5.276826e-05 1
1.335260e-05 1
1.420361e-05 2
1.843897e-05 1
7.848009e-06 2
1.394398e-05 1
2.409407e-05 1
8.865911e-05 1
1.121647e-05 3
3.025974e-05 2
7.825942e-05 1
1.710964e-05 2
3.893514e-05 1
6.609824e-05 2
6.005083e-06 1
1.883724e-04 1
7.223121e-05 1200
7.708701e-06 1
1.250990e-05 1
5.578434e-06 2038
2.774912e-05 1
1.858496e-05 1704
3.070474e-05 111
4.604986e-05 1
1.004200e-04 1
3.526363e-05 1
3.600160e-05 1
8.510142e-05 2
6.334566e-05 237
4.628254e-05 1
2.953247e-05 1
7.516642e-05 3
5.722368e-05 1
2.130482e-05 1
8.776828e-05 1
7.260575e-06 23
1.481368e-04 63358
7.216771e-05 92
2.992337e-05 1
3.882336e-05 6
8.544860e-06 2023
1.295061e-05 5
6.090396e-05 1
1.974653e-07 3
9.446174e-05 2
1.613462e-05 2
4.348214e-05 2
7.476017e-05 1
4.139648e-06 22
5.908946e-06 2099
2.655850e-05 1
7.412790e-05 4
4.324072e-05 166
2.327737e-05 1
2.742457e-05 5
2.579058e-06 1
2.961775e-05 1
6.182229e-05 121
4.594293e-06 14321
6.730186e-05 6
2.679409e-06 847
3.273766e-05 4
1.302648e-04 1
9.087170e-06 3
8.378452e-05 1
8.489441e-05 2
7.361636e-05 461
2.633574e-05 1849
1.772831e-04 1
8.048115e-05 1
2.794246e-05 2
3.477976e-05 1
1.473944e-04 65045
1.238914e-04 1
3.559145e-05 1
9.704073e-05 1
1.250021e-05 1
8.425286e-05 1
1.881537e-04 2228
5.708084e-06 20
7.363937e-05 1
1.862230e-06 1339
1.200436e-04 1
4.969294e-06 1
3.191480e-05 6833
8.042152e-06 1
9.944949e-06 1
1.240380e-04 1
1.700071e-05 1
5.279093e-05 3
1.276535e-04 151
7.623544e-05 2
6.626020e-06 2
2.176793e-06 21
1.087976e-05 1
1.282430e-05 1
1.959066e-06 1
5.381331e-05 1
5.318112e-05 1
7.033498e-05 3
1.115252e-05 1
4.869735e-05 31615
5.856343e-06 1361
4.284218e-05 1
8.464219e-05 1
1.126777e-04 6
6.179362e-05 1
1.865588e-04 3
1.557776e-04 3
4.339014e-05 6
2.238052e-06 1
7.101624e-06 2100
4.153850e-05 5
1.900742e-05 27994
1.002623e-05 1
4.712727e-05 1
3.182697e-05 1
3.610077e-05 1
8.715685e-05 1
7.123084e-05 7
1.334179e-05 1
6.009994e-05 7
8.700268e-06 513726
2.625720e-05 6
5.210524e-05 24329
8.444161e-07 1
3.858559e-06 2
1.538150e-05 38791
6.067187e-05 2
1.419863e-05 1
4.894243e-05 1
1.328055e-04 1
1.244745e-05 232
1.835948e-05 1
2.494275e-05 3
9.261373e-05 11
4.886275e-05 1
7.978618e-05 3
5.515338e-05 5
4.131891e-05 7
9.529937e-05 3
3.221122e-05 7
7.203280e-05 3
3.126711e-05 3
2.399807e-05 1
3.369099e-05 2
4.716053e-05 1
4.981583e-05 1
1.448995e-04 6
6.511503e-06 3
7.544182e-05 1
5.379994e-05 1
1.319030e-05 2
6.013102e-05 2
2.560831e-05 1
2.189020e-05 157
1.123330e-05 1
3.077577e-05 3
2.576996e-06 3
3.864881e-06 1
3.746434e-05 2
5.227591e-05 1
4.228167e-06 1
8.989103e-05 1
3.723634e-05 2
8.305241e-06 1
1.220985e-05 1
5.800762e-05 1
4.391101e-05 200
1.254558e-04 2
8.978506e-07 32579
7.855067e-06 1
3.114729e-05 1
6.513549e-05 1
5.882485e-05 1
5.592893e-05 55134
2.416853e-05 5
3.335798e-05 6
6.066498e-06 1
4.731772e-06 1
5.102207e-05 4
4.345082e-05 206
6.810259e-06 2
2.195270e-05 2
3.141810e-05 6
1.105399e-04 1
4.985805e-06 1
2.162785e-05 1
8.437539e-05 22
5.723934e-06 2
1.476540e-04 5
4.241602e-05 1321
1.217344e-05 1
7.409648e-05 1
7.326090e-06 1
2.489082e-05 3
6.787589e-05 14
1.051683e-04 1
3.562265e-05 202
7.089011e-06 7
5.039675e-06 96
3.383795e-05 4
9.232785e-07 3
4.934368e-05 1
1.917135e-05 1
2.135465e-05 1
3.051623e-05 1
1.830079e-05 3
1.066983e-04 2
5.580731e-05 1
2.374994e-06 1
8.013945e-05 2
1.590865e-04 2
3.134966e-05 1
9.360839e-05 2
6.307367e-05 1
3.584593e-05 1
7.278491e-05 1
1.092208e-05 3
1.124907e-05 1892
7.153888e-05 1
5.529962e-05 1
3.258573e-05 1
6.398475e-05 1
1.768863e-05 3
1.305620e-04 7
1.259333e-05 1
4.160195e-05 1
4.145754e-05 1644
6.831999e-06 3
9.974342e-06 7
6.906311e-05 1
8.954857e-05 6
1.534507e-04 7
1.241200e-05 2
2.025226e-05 1
1.220898e-05 1
4.192117e-05 1
9.269764e-06 3
1.264712e-05 1
5.074085e-07 1
9.662337e-05 3
2.249913e-05 1
7.883641e-05 1
2.144716e-04 1
3.052559e-06 1
1.869328e-05 1
7.244740e-05 1
4.485880e-05 1
3.395313e-05 1
1.321506e-04 6
7.486074e-06 1
4.565996e-05 1828
1.831796e-04 2
1.439301e-04 1
5.350758e-05 2
5.436594e-06 2
4.807993e-06 1
4.177494e-05 1
8.208474e-07 3
3.305667e-05 1
2.913727e-05 1
1.347583e-05 3
1.909075e-04 1
1.305402e-05 3
1.658826e-05 7
1.976646e-07 1
7.161274e-06 1
3.123785e-05 1
3.141241e-06 2
6.316520e-05 2
4.390969e-05 1
8.938416e-07 1
2.270625e-06 1
5.215253e-06 1
8.177298e-05 2
6.506217e-05 2
3.981093e-06 108
4.738843e-05 1
1.156688e-04 2
1.116021e-04 202
1.489005e-04 1
7.173230e-05 1
1.986990e-05 160
4.127329e-05 6
9.465223e-05 2
3.798088e-06 1
9.798254e-06 3
3.620869e-05 2057
3.416051e-05 1
1.023348e-04 1
5.263516e-06 2
3.411972e-05 1
2.907368e-06 6
7.622593e-06 1
3.749013e-05 1
2.719731e-05 2
6.779626e-05 4
1.328384e-04 114
5.324023e-05 1
1.125706e-05 1
6.960819e-06 1843
1.227135e-04 1
5.868510e-06 204
5.867990e-05 1
7.157415e-05 3
3.692063e-05 3
2.664111e-05 5127
9.012035e-05 2
3.414978e-05 1
3.297076e-04 65
1.916975e-04 56748
1.142645e-04 2
3.267707e-05 4
1.239560e-05 1
4.115809e-05 2
2.167788e-06 1
1.760748e-05 1543
1.538923e-04 1
7.054539e-06 1
9.128838e-07 147
1.108692e-06 1
7.598406e-05 1
2.567024e-06 1
1.627956e-04 3
2.422660e-04 1
1.782377e-05 2
2.184447e-05 216
1.960728e-05 1
4.544990e-05 1
5.018282e-05 67
3.040195e-05 7
9.564951e-05 3
1.788330e-05 1
9.212162e-05 1
6.237947e-06 262
1.546413e-05 1
3.597132e-06 2
4.452946e-06 1
9.994362e-05 3
1.944003e-05 3
3.983995e-05 1
9.263077e-05 3
7.816934e-05 3
3.054214e-05 6
1.244389e-05 1
9.587438e-07 2
6.422991e-05 2
8.728119e-05 1
9.951487e-05 1
4.198721e-05 1
4.925355e-05 1
3.803893e-05 242
1.697809e-04 2
1.213621e-06 1
9.487286e-05 6
5.297030e-05 1
6.474007e-05 1525
8.646620e-05 1
6.030606e-07 7
1.848454e-05 1
9.757038e-06 1
6.844891e-05 1
7.991135e-06 1
4.440197e-05 1
2.864634e-05 35699
3.788948e-05 1
1.917623e-05 1
2.337217e-05 691
7.878188e-05 38
3.485427e-05 1
1.181944e-04 3
2.087132e-05 1
1.474738e-04 6
1.472151e-05 1
7.145347e-05 46178
1.864054e-06 2
2.714965e-05 193
8.541494e-05 4
1.192773e-04 1
2.494936e-05 1
9.209327e-06 1
6.517173e-06 1
1.305424e-05 4
1.132623e-05 2
3.573923e-05 1
7.036434e-05 1
1.174700e-04 1230
1.248042e-04 3
3.093015e-06 2
2.806952e-05 2
9.474240e-05 24
1.147801e-05 2
6.616284e-05 1
9.263324e-05 159
3.563065e-05 1
6.663621e-05 1
2.786077e-06 2
9.118704e-06 1
3.792177e-05 1
2.115889e-06 1
3.754487e-05 1
1.159467e-05 48485
6.421382e-05 1
3.360353e-06 6
7.119146e-06 3
1.295589e-04 1110
3.525713e-05 357208
2.627657e-05 5
3.582245e-05 1
1.089643e-04 3
3.773969e-05 5
8.796479e-05 1
1.370213e-04 1
6.977509e-05 3
4.085587e-06 1
4.171401e-05 1
1.265686e-05 6
6.488966e-05 1
5.542249e-07 1
5.400810e-05 45033
3.895762e-06 1
2.526771e-05 1
8.953213e-06 122
1.796907e-05 1
7.003609e-06 1
2.195959e-05 2
2.302349e-05 184
2.988012e-05 1
5.395936e-05 1
2.928385e-05 1
4.525341e-05 2
1.283271e-05 6346
4.718058e-05 1
2.112690e-06 7
4.974761e-05 1
1.400473e-04 258
5.154224e-05 3
2.817467e-05 1
4.188829e-06 1
4.212807e-05 1
1.059582e-04 3
4.995840e-05 4
3.370964e-06 1
7.198393e-05 375185
3.997851e-05 1
3.623325e-05 10904
4.875967e-05 2
1.918195e-05 29
1.484334e-04 1
1.119411e-05 3
3.751992e-06 1
1.007896e-05 1
7.257969e-06 2079
2.154880e-05 1
8.307032e-05 114
2.940053e-06 1
4.767522e-06 69
9.160205e-06 2
3.628935e-05 1
8.521039e-05 1
3.316113e-06 2
2.845123e-05 6
7.630088e-05 23413
2.009779e-05 1
4.887310e-05 1
3.970102e-05 155
1.880948e-05 381944
2.827123e-06 1
1.378976e-04 2
3.221757e-05 1
8.548445e-05 35
4.570805e-05 1
8.521486e-06 1
5.186016e-07 132
2.233073e-06 1
2.015753e-06 1
2.116673e-05 5
9.384423e-06 44616
1.028418e-04 5
9.996552e-06 8068
1.827547e-05 1
3.001846e-05 7
3.345883e-05 1
6.865664e-05 6
4.168059e-05 3
4.370674e-05 7
6.662499e-05 1
4.516215e-05 1
8.368487e-05 2
3.344381e-05 1
2.545130e-05 2
2.976617e-05 1
1.736657e-05 166
4.873758e-05 3
6.234424e-05 3
6.051586e-05 6
6.139632e-05 158
1.220415e-07 1
2.471310e-05 2
8.894163e-05 291
3.792254e-05 3
6.906747e-06 6
9.065980e-05 1
3.974598e-05 1
1.901114e-05 1
6.363226e-05 1
1.036218e-04 1
1.098466e-05 2
4.358468e-05 1
1.365664e-04 1
1.169824e-04 486
9.693352e-06 2
7.679061e-06 1
9.750196e-06 1
2.517835e-05 3
1.581320e-05 5
3.337668e-06 35
4.548972e-05 262
2.161995e-06 4
1.966161e-05 1
1.456062e-05 1
1.929121e-05 1
6.073003e-05 1
1.847783e-05 1
1.225038e-04 1
1.084061e-05 2
3.053859e-06 1
7.359482e-05 4
1.964636e-04 1
5.802170e-06 2
8.128612e-05 1
2.449672e-05 574
2.078867e-05 1
7.467917e-05 1
7.565739e-06 76
1.242616e-05 3
5.285535e-05 1
5.500911e-07 1
6.835364e-05 1
1.856799e-05 1453
3.077960e-05 1
2.009919e-05 2
1.462726e-04 103063
2.518446e-05 3
1.218802e-04 3
1.326154e-04 1
9.403828e-06 3
3.600891e-05 1
1.443540e-05 1
5.440086e-05 186
2.551459e-05 2
3.106849e-05 1
3.179112e-05 2
1.556743e-06 246
2.803084e-05 1
3.595039e-05 1
5.536270e-05 1
6.323380e-05 4
6.979341e-05 1
1.055247e-04 261
1.700402e-05 47
5.669476e-06 2
1.716729e-04 33011
6.846625e-06 7
1.403852e-05 3
1.828635e-05 1
3.892756e-05 1
4.255548e-05 39974
8.967035e-05 2
1.299968e-05 1
2.666735e-06 1
3.376539e-05 3
1.155807e-04 2
8.919002e-06 1
4.820381e-05 6
3.120867e-05 136
2.181811e-05 1
4.155510e-05 1
2.403336e-05 1
3.060491e-05 171
1.202083e-05 1
6.031023e-05 3
9.825212e-05 3
9.653572e-05 1
5.822253e-05 3
6.268203e-06 1
1.615125e-06 1
1.476586e-05 7
8.021397e-05 4
6.360885e-05 1
6.708409e-07 1
2.138125e-04 96
2.055899e-05 1
1.370563e-05 3
3.165661e-05 146
5.216384e-05 7
2.689659e-05 6
4.330013e-05 778
8.302285e-05 3
3.079782e-05 1
3.091858e-05 1
9.043667e-06 3
9.418905e-06 3
2.501625e-04 1
7.981792e-06 1
1.562767e-05 2
6.576316e-05 1
4.911986e-05 7
2.975317e-05 7
2.335423e-05 1
3.514484e-05 5
5.446551e-05 1
5.180070e-05 4
1.860945e-05 3
4.148156e-05 1
5.026585e-06 1
4.241969e-05 3
1.365472e-05 835
1.219782e-04 1
3.002046e-05 1
7.930211e-06 1
1.234380e-04 6
1.397601e-05 3
2.689958e-05 3
2.135345e-05 148
2.306336e-05 3
1.568736e-05 5
9.627968e-05 1
4.062819e-05 1
2.163039e-05 1
4.997942e-06 1
1.632347e-05 1
3.358177e-05 1
2.030418e-04 2
8.376648e-06 1656
1.573716e-05 54872
1.429304e-05 1
5.916003e-05 1
5.347303e-05 3
1.728028e-05 1
4.116202e-05 2
4.402044e-05 1
1.303703e-05 1
5.398855e-05 1
1.545907e-05 1
2.948373e-05 2
1.369608e-06 1
9.878678e-06 1
8.561600e-05 1693
7.501324e-05 1
4.882786e-05 6
2.518696e-05 3
1.047953e-05 4
1.070421e-05 3
1.515870e-04 1
8.276310e-05 1
4.492770e-05 1
1.758235e-05 7
6.836562e-05 6734
8.081090e-06 1
1.881238e-05 1
1.511947e-06 1
3.731364e-05 148
1.512785e-06 1
6.387883e-05 1
3.598650e-06 118
3.128209e-05 1664
2.099229e-05 1
9.437557e-06 257
6.678874e-05 5
1.404251e-05 1
1.266922e-05 35734
2.361663e-04 1
6.992473e-05 6
2.771586e-05 5
2.819062e-08 750
2.167294e-05 449
1.251115e-05 1
1.004233e-04 1
1.888627e-05 1
2.879001e-05 1
3.808830e-05 1
2.931363e-05 46431
2.984100e-05 1
3.183551e-07 139
3.396867e-05 1
4.132294e-07 1
4.182504e-05 5
5.171915e-05 1
5.453062e-06 3
1.861133e-05 1
1.426308e-05 1
3.746871e-06 1
1.785260e-04 53133
1.576334e-04 15013
1.225934e-05 3
8.042957e-05 60
5.044899e-06 1
3.830499e-05 1
7.463528e-05 3
7.027065e-05 1
1.353915e-05 5
3.943717e-05 1
3.421559e-05 79
1.356393e-04 1
3.270573e-05 3
1.615638e-05 2
1.151710e-06 1
2.785130e-05 7
5.872246e-05 1
9.959311e-05 1
3.438009e-05 2
6.553984e-05 58908
2.268087e-05 229
3.994332e-05 7
3.361643e-05 3
5.832559e-05 6
2.086009e-05 52
3.224810e-05 2
2.529736e-06 1
2.149434e-04 263
7.837646e-05 1
4.514733e-06 1
1.334932e-05 320120
1.162636e-04 74
2.105882e-05 1
4.502956e-05 15
5.591352e-06 2
1.475577e-05 1
5.462855e-05 3
1.184751e-05 1
6.636037e-05 1
1.233021e-05 1
1.505262e-05 1
8.521386e-06 2
1.586086e-05 1758
7.554063e-05 25384
8.182885e-05 1
8.314313e-06 6
3.024652e-05 1
5.869419e-05 3
8.028338e-06 2
4.125168e-07 1
5.306877e-06 2
5.074332e-05 2088
4.674154e-08 1
5.304389e-06 1
1.227200e-05 3
8.165055e-05 1
7.615822e-05 2
5.173653e-07 356039
2.703439e-05 1
1.482462e-05 2
3.483817e-05 3
1.015834e-05 1
4.624245e-05 2
2.931516e-05 7
3.173689e-06 2
4.358998e-06 2
3.340281e-05 963
1.660216e-04 1
1.671678e-06 1
1.369679e-06 5
3.812546e-06 1
1.283610e-05 3
4.484053e-05 1
5.227003e-05 1
1.275275e-04 3
5.259586e-05 3
1.193315e-05 1
3.577624e-06 1
4.595139e-05 1
3.099409e-05 1
7.447064e-05 42312
2.051645e-05 3
1.002516e-04 4
2.245580e-05 2
2.310435e-04 102
1.123213e-04 1
8.470049e-05 213
6.391376e-06 1
5.788363e-05 3
1.414688e-05 1
7.316506e-05 1
5.100461e-06 1
3.438607e-05 1
3.285757e-05 1
3.032391e-05 1
8.817034e-07 1
1.212902e-04 1
6.456474e-05 3
8.309642e-06 44
2.819320e-05 36623
4.405010e-06 2
1.302079e-05 3
1.527445e-05 3
1.210502e-04 1
7.492319e-06 1
4.312909e-06 1
1.918480e-05 3
6.124923e-05 1404
5.110736e-05 172
9.145176e-05 2
2.212885e-06 3
2.794972e-05 1
1.130348e-05 2
1.005153e-04 3
7.453403e-05 1
2.065724e-05 1
5.634936e-05 1
2.563564e-05 3
6.573387e-05 7
7.878413e-05 1
5.869296e-05 1
9.747380e-05 1
7.440033e-05 2
4.935373e-05 1
6.383508e-06 7
2.458823e-05 1
1.848462e-06 1
1.653651e-04 211
7.442175e-05 2
3.261695e-05 1
1.821743e-04 3
4.972160e-05 1
1.190098e-04 7
6.211882e-06 3
2.595725e-05 1
1.157764e-05 1
3.569489e-05 1
5.076269e-06 1
1.618284e-04 3
9.510359e-06 1
8.084681e-05 1
1.155316e-05 9
6.173432e-05 3
1.320377e-07 764
1.048101e-04 1
6.144173e-05 3
8.682973e-06 2
4.011855e-05 2
2.102725e-05 1
2.170932e-05 18
1.648186e-04 1
2.688181e-05 1
2.522659e-05 5
7.804017e-05 616
1.160095e-05 1
1.048364e-06 1
8.181124e-06 1
2.466349e-06 1
2.769071e-05 2
6.508109e-05 219
4.148193e-05 1
1.084045e-04 1149
4.748758e-06 1
5.503693e-05 1
1.471917e-05 1
1.589833e-04 1
2.039492e-05 5
1.186699e-05 3
2.474020e-05 2
3.325538e-05 1
1.289813e-05 1
5.534350e-06 1
8.839245e-05 4
1.017770e-04 7
5.730139e-06 3
1.068299e-04 1
4.227279e-06 1
4.629947e-05 1
3.473146e-06 1
8.182743e-06 1
5.346147e-06 2
1.341053e-05 1
1.575416e-05 1
1.093690e-05 2
4.226034e-05 1
1.388116e-04 1
7.786614e-05 1
1.193321e-05 1
2.011164e-05 1
4.698724e-05 1
1.869125e-05 3
4.054520e-05 1
6.441768e-06 1
7.716276e-06 2
4.407100e-05 1
9.355807e-05 830
3.268465e-05 1769
2.419281e-06 3
4.065515e-05 4
1.069184e-04 3
9.350687e-06 123
4.988822e-05 4
2.084476e-05 2
8.729684e-05 1
1.158256e-05 63
6.671935e-05 1
1.029801e-04 1
4.411582e-05 2
1.137630e-07 1
2.802169e-05 1
1.402839e-05 1
2.343009e-05 387
6.999652e-05 1
1.882942e-05 2
2.119717e-05 35
1.371199e-05 1
1.052621e-05 1889
1.963712e-05 1
2.582443e-04 1
7.108502e-07 430972
2.598325e-05 1
1.714102e-05 1
1.304869e-04 5
7.550512e-05 48901
2.706960e-05 1
8.281313e-05 1
6.029942e-06 1
6.601861e-05 2
5.683824e-06 2
7.519201e-05 1
6.499178e-05 1
2.256838e-04 1
5.780739e-06 7
2.863306e-05 98
3.931671e-05 47
1.438644e-06 1
1.422900e-04 1
9.169480e-05 1
2.464661e-05 1
1.072148e-04 5
2.321789e-05 1
9.629195e-07 143
1.074764e-04 133
2.131899e-04 1
1.593267e-05 1
2.224231e-05 158
1.421105e-06 3
1.855952e-05 3
5.431881e-05 2
2.572108e-05 1
9.270859e-05 1
2.753375e-05 1
5.010759e-06 1
3.880324e-05 1
6.185119e-06 3
8.033018e-05 4
2.406503e-05 40
8.156227e-05 1
9.221037e-05 1
5.034689e-06 1
9.391985e-05 42
1.023290e-04 3
1.457080e-05 1772
2.760927e-05 162
6.023479e-05 2821
3.076319e-05 1
3.027355e-05 9136
7.222690e-05 1
6.735714e-06 78
1.042130e-04 1
3.307435e-05 2
8.908279e-05 1
1.187938e-05 100
1.422510e-05 2
2.153295e-05 1
6.400947e-06 1
5.901020e-05 1
4.812291e-05 5
3.694102e-05 1
2.935350e-05 3
4.718793e-05 1
2.528876e-05 111
7.221006e-06 7
6.606774e-05 2
2.113104e-05 6
2.514842e-05 193
1.240290e-05 1
9.516398e-05 1
5.407551e-06 1
4.186772e-05 99
1.305245e-04 1
5.299420e-06 595799
3.788527e-05 1
2.134264e-05 6
2.782138e-05 1
3.904883e-05 1
1.058581e-06 1
1.279996e-04 3
8.520887e-06 160
9.573145e-05 1
2.958433e-05 1
6.632547e-05 1
2.146883e-04 3
3.335736e-06 3
4.914164e-05 6
1.020134e-05 1
1.197957e-04 3
3.147055e-05 3
1.994200e-05 1
4.987867e-06 662
2.641903e-05 1
8.423641e-06 2
1.352726e-04 2
3.973378e-06 1
3.381834e-05 1
2.362324e-05 3
5.437295e-05 1
9.525757e-05 2
4.809063e-05 1
2.568485e-05 1
2.139919e-05 2
2.781218e-05 1
3.153936e-05 1
9.200955e-05 3
6.341921e-05 732
3.164031e-05 2
1.023856e-05 56
8.819496e-06 6
8.390104e-06 1
3.514341e-05 1
4.103328e-05 1
2.644160e-05 1
1.368005e-05 1
7.489140e-06 1
7.347414e-06 2
4.733811e-05 1
1.184418e-05 251
9.173234e-05 1
1.136301e-04 1
1.160994e-05 3
1.455368e-04 1
2.709299e-05 55
4.363191e-05 1
6.955786e-05 19
5.775784e-06 1
1.119909e-04 1
4.832143e-05 4
5.314132e-05 3
2.589198e-05 295
1.064037e-05 1
2.721314e-05 1
7.174333e-06 1
4.511973e-05 1
2.672898e-05 1064
8.158344e-05 7459
5.307217e-05 1
5.056096e-06 1
3.994600e-05 3
3.057753e-05 1
4.406113e-06 1
9.591796e-06 1
3.031879e-06 1
1.020058e-05 2
1.223884e-05 1
3.058903e-05 759
3.077057e-05 34
6.100538e-05 2
1.928543e-05 1
1.683120e-05 1
1.006942e-05 1
1.307412e-05 2
1.867393e-05 1
1.261609e-06 43733
1.484236e-05 1
2.839646e-05 1
1.946088e-06 1
4.081508e-05 1
3.357178e-05 57647
1.041661e-05 20038
9.880142e-05 1
1.553636e-04 48232
7.529431e-05 3
1.423364e-04 1
3.975228e-05 1
1.110180e-04 1
1.766902e-05 108582
1.866127e-06 1
9.035662e-06 1
4.183687e-05 1
1.907223e-05 2
9.898811e-05 3
3.586740e-05 1
1.512878e-05 1
9.468756e-05 1
8.780721e-06 1
1.464262e-05 1
6.313444e-05 2
2.586668e-05 1
1.496492e-04 3
3.037279e-05 41217
4.408546e-06 1
5.167919e-06 1
5.724060e-06 3
2.919044e-05 1
2.453297e-06 149
4.972349e-05 24858
1.025269e-04 1
1.323296e-05 1
3.474587e-05 1
2.640378e-05 1
4.479644e-05 1
3.802938e-05 1
8.051190e-07 2
1.310966e-05 3
2.813550e-05 241
1.037512e-04 1
1.534436e-07 6
2.491960e-05 1
2.363656e-04 1
2.443589e-05 1
6.543779e-06 1
1.384490e-04 1
9.576135e-05 1
8.087958e-05 3
1.437334e-04 1
1.918257e-05 1
2.790423e-05 1
5.833789e-06 1
7.095824e-05 1
4.269756e-05 3
3.324801e-05 1
1.408825e-05 3
8.915107e-05 1
7.998175e-05 3
1.174925e-04 6
2.981681e-05 2
3.624106e-05 5
5.683489e-05 1
3.730638e-05 2
9.400766e-05 758
1.044129e-05 1
1.768504e-06 1
2.116563e-05 1
3.645820e-07 1
2.244229e-05 1
4.277530e-05 2
5.686117e-05 1
3.018951e-05 1
1.840866e-06 1
3.236399e-05 3
7.536572e-05 569
2.796003e-05 1
7.946983e-06 3
1.208647e-05 1
2.040783e-05 262
4.197959e-06 1
7.493685e-05 2
2.749459e-05 130
1.074734e-05 1
6.016970e-06 1
5.433392e-05 4
1.776550e-05 629714
4.554594e-05 3
1.953385e-04 1
5.266640e-05 2
2.762424e-06 23
3.260989e-05 2
3.889606e-05 1
1.522214e-04 4
4.408033e-05 2
7.600511e-05 6
6.312924e-05 1
2.318737e-05 1
4.042717e-05 6
6.877445e-05 1
1.597792e-04 1
2.797297e-05 1
2.146855e-05 7
6.399160e-06 1
3.284668e-05 5
4.615618e-05 1
6.730004e-05 1
2.646785e-06 2
2.185182e-05 1
2.373185e-05 1
5.714617e-05 24
9.472192e-05 1436
4.801558e-06 352784
1.453397e-05 1
1.261030e-05 129
1.287793e-05 2
1.796014e-05 1
2.294869e-05 1
6.888649e-06 3
1.227617e-05 1
9.820154e-06 1
3.519705e-05 1
8.234887e-05 1
1.876570e-05 126
1.448064e-04 1
1.251230e-05 1
1.010317e-04 1
2.581300e-05 264
3.080670e-06 1
4.655189e-05 1
9.711713e-06 1
6.359975e-05 1
3.399059e-06 2
6.595368e-05 1
6.647303e-05 3
4.851569e-05 1
3.745014e-05 1
5.126850e-06 1
1.028603e-05 2
4.477552e-05 3
3.306541e-05 1
3.692420e-06 167
2.967734e-06 1
1.113769e-06 1
4.333528e-05 2
4.120197e-06 4
3.006320e-05 1
1.867711e-05 1
1.266136e-05 1
1.892962e-04 3
3.336306e-05 1
2.984547e-05 502783
1.097078e-05 38393
5.365515e-05 3
6.126518e-05 1
1.311902e-05 1
5.044784e-05 1
1.055712e-04 1889
3.588946e-05 1
7.301207e-05 40554
1.336025e-04 292002
4.117918e-05 1777
1.655558e-05 109
3.499875e-05 1
9.400906e-06 1
5.922975e-06 51
7.884354e-05 1
1.272267e-05 1
4.956519e-05 10
5.533014e-05 3
4.189923e-05 1
2.321712e-05 1591
1.529076e-05 1
5.930051e-05 1
3.361252e-06 4
9.106828e-06 1
2.382575e-04 6620
1.316859e-05 1
2.496361e-06 1
2.059158e-05 2
5.602320e-05 1
2.462146e-05 1
6.337337e-05 1
8.041024e-05 1
8.881543e-05 44927
4.691659e-05 3
4.299650e-07 2
4.496511e-05 5
1.533255e-05 1
7.164333e-06 1511
4.787847e-05 78
5.620427e-05 1
8.424503e-06 1
4.488681e-05 1115
3.909228e-05 214
4.406129e-05 2
8.601142e-05 9
2.115697e-05 167
6.989442e-06 3
4.089878e-05 462
2.627225e-05 38866
5.547555e-06 1
1.009322e-04 1
1.384554e-05 1
5.703678e-05 2
1.278679e-04 1
7.280238e-05 1
1.028866e-05 1
1.142685e-04 3
2.071759e-05 2
2.076687e-06 5
7.742857e-06 1
3.992489e-06 1
2.905346e-05 1
3.866231e-05 2
9.673702e-06 1
2.903015e-05 4
9.768890e-05 7
7.991479e-06 233
4.147784e-05 1
1.455584e-05 207
1.243130e-05 1236
1.005583e-04 242
2.122603e-05 1
7.979390e-06 1
6.862838e-05 36
4.399923e-06 1
2.309735e-06 2
2.883217e-05 1
4.291832e-05 139
2.968406e-05 1
8.644055e-05 1
1.384133e-04 1
1.412657e-04 3
1.186561e-06 1
1.583696e-05 570263
1.006305e-04 959
4.283705e-05 1
4.285547e-05 1
4.030507e-05 356
1.944399e-05 1
7.292910e-06 3
2.288109e-05 1
2.149503e-05 7
7.866434e-06 5
3.062237e-05 1
1.563860e-05 1
4.549953e-05 159
4.157211e-06 1
1.637053e-04 1
8.275451e-05 2
2.431199e-05 2
1.011174e-04 1
1.386838e-04 227
6.696571e-05 6
1.732510e-06 2
8.523567e-05 62326
1.345020e-04 2
8.226168e-05 1
1.607565e-05 1
2.965539e-05 1
3.717221e-05 35393
4.391327e-05 1
3.148346e-07 5
1.277215e-04 76
7.546818e-05 31925
8.228025e-05 1
1.752100e-05 1
1.381028e-05 1757
5.802206e-05 1
1.110418e-04 1
1.247201e-05 1
8.821297e-07 103
6.088502e-06 1
5.830992e-05 201
4.567765e-05 4
3.588385e-05 2
1.642977e-06 1
1.472233e-05 722
2.358379e-05 1
1.596090e-05 2
1.990072e-05 1
3.498799e-05 1
3.301284e-05 1
2.303789e-05 2
4.687160e-05 182
5.918878e-05 1
3.114568e-05 55
9.317121e-05 52948
9.206869e-06 1
1.593723e-05 1
3.203306e-05 130
2.987809e-05 1
1.080473e-05 1
1.701274e-04 1
5.986014e-05 1
8.085350e-05 5
4.163536e-06 1
6.436843e-06 1
1.661293e-05 1
3.014960e-05 1
1.557497e-04 1
3.753384e-06 5
1.394066e-04 1
2.000031e-04 3
5.978765e-05 61253
2.730891e-05 5
5.147847e-05 1
4.306076e-05 1
2.841857e-05 1
6.888118e-05 1
2.195253e-05 1
1.745802e-04 40
2.482790e-07 1
6.411348e-07 1
4.096716e-05 1220
2.941691e-05 1
6.492479e-06 3
1.174470e-06 43
1.183307e-04 1
1.022017e-04 4
3.825878e-05 3
4.134136e-05 1
2.363109e-07 1
1.006834e-04 139
4.372722e-05 5
5.175107e-05 2
3.673611e-05 1
4.743809e-05 4
6.690945e-06 1
1.201621e-05 3
5.536566e-06 125
1.272137e-06 5
1.121641e-04 1
4.496805e-05 204
6.552738e-05 3
6.743962e-05 1
4.264726e-05 204
1.683246e-04 1
6.400691e-06 1
4.327854e-06 9096
6.139236e-05 1
2.581392e-05 7
5.990861e-05 1
1.133247e-05 1
9.310255e-05 1
6.613826e-06 1
9.752890e-05 4
4.836125e-05 2
2.019278e-07 1
6.243078e-05 1
5.252693e-05 3
4.302041e-05 182
2.521369e-06 69
1.370619e-04 1
3.753886e-05 2
1.150664e-04 185
6.621198e-05 1
9.154280e-05 7
1.737891e-05 669
1.597888e-05 2
6.391954e-05 5
6.116709e-06 1
9.731492e-06 6
2.452316e-05 2
2.389917e-06 2
1.500901e-05 1
4.468304e-05 4
4.452851e-05 1
6.972482e-05 1
1.083930e-05 1
1.802231e-05 2
7.466543e-06 1
6.399287e-05 1
1.943330e-05 1
1.875924e-05 53707
7.234674e-06 3
1.559853e-05 3
7.021321e-05 1
5.656907e-05 3
6.466124e-05 3
1.771195e-04 1
3.781785e-06 2
1.414995e-05 1
1.028245e-04 469183
3.157546e-06 86
2.831566e-05 1
5.357438e-06 1
4.453800e-05 1
1.400496e-05 1
3.083409e-06 1
9.663597e-05 17589
6.970052e-06 3
6.987587e-06 3
1.246019e-05 2
3.904419e-06 599
2.300630e-05 1
4.426644e-05 189
6.955106e-05 6
5.211465e-05 1
8.156073e-05 3
2.486238e-05 1
1.154103e-05 5
1.553617e-04 1
3.684577e-06 5
6.513835e-06 7
3.171203e-05 1
1.081061e-04 1
4.751670e-05 3
1.646244e-05 1
4.679304e-05 2
2.153418e-05 1
7.982077e-05 2
2.513593e-05 1
1.214007e-04 1
8.744500e-06 1
1.180134e-04 52
8.597266e-05 439
9.871718e-06 3
1.008189e-05 3
2.073984e-05 1
1.590583e-04 1
7.666732e-05 100
2.000848e-05 1
6.098815e-05 83
5.425619e-05 46825
1.832361e-05 455
8.993298e-05 1
4.922634e-05 262
1.823245e-05 1
6.046941e-05 1
4.274358e-05 33
9.471815e-05 2
5.205832e-05 1840
1.458060e-04 1
9.127984e-05 3
1.717017e-04 1
6.487921e-06 1
9.334926e-05 1
2.485236e-05 1
2.313210e-05 1
1.092463e-04 1
3.397106e-05 3
8.481180e-05 1
6.575069e-05 1
7.046337e-06 2
8.150995e-05 3
2.393809e-06 1
1.114757e-04 100
1.121672e-06 2
4.976218e-05 7
1.282068e-04 1
6.559225e-05 1
1.893020e-04 14
3.852685e-05 1
5.491724e-05 1
1.523826e-04 1
1.751620e-05 1
5.822334e-05 3
9.622228e-05 1
1.678480e-06 1
8.039085e-05 638422
1.087994e-05 1
3.675704e-05 122
2.239801e-05 1
3.976117e-05 3
5.223100e-05 1
1.217834e-05 1063
9.999324e-06 36881
1.363437e-06 1
6.855377e-05 6
6.430645e-06 108
5.916393e-06 1
5.335965e-05 1
2.676769e-05 3
1.492661e-05 1
7.865282e-07 7
6.506008e-05 219
3.569501e-05 1
4.234439e-05 93
5.200758e-05 1728
1.918411e-05 1
2.372316e-04 2
7.765158e-05 1
7.551488e-05 4
1.076420e-06 1
1.917335e-05 3
2.983015e-05 3
6.648077e-05 3
4.534648e-05 7
7.086529e-05 3
2.387970e-05 2
1.686311e-05 1
8.934449e-05 1
5.362936e-05 7
6.721003e-05 6
1.016623e-04 32272
9.517598e-05 5
2.698267e-05 4
9.303432e-05 1
1.891332e-05 923
9.213102e-05 128
6.322856e-05 81
1.049803e-05 1
2.278173e-05 7
2.076907e-04 2
6.870104e-06 1
3.815612e-07 1
4.567092e-05 5
8.782309e-06 1
5.436532e-06 1
8.222947e-05 7
5.673166e-05 2
5.746321e-05 2
5.085823e-05 2
3.949425e-05 3
1.100110e-04 2
3.735028e-05 1
9.079003e-05 1
2.476758e-04 26840
3.429173e-06 6
3.155513e-05 1
6.859454e-05 1
6.430043e-05 155413
4.842023e-06 3
4.446980e-05 2
1.389560e-06 1
2.544726e-05 4
9.905060e-06 1
8.961123e-06 2024
5.546886e-05 3
5.778240e-05 1
8.131864e-05 1
7.334600e-05 1
1.611238e-05 1
3.598990e-05 1
3.548921e-06 150
6.934783e-05 4
2.012329e-05 1
1.542642e-05 1
1.305172e-05 2
2.187080e-05 1
3.001907e-05 215
2.741143e-04 102
2.672280e-05 1068
2.440115e-06 1237
3.658909e-05 2
2.595372e-05 3
6.741999e-05 7
3.322344e-05 1
2.235432e-05 7
1.046794e-04 1
1.181149e-04 1
1.946216e-05 2088
3.952422e-05 1
4.622195e-05 1
5.165044e-05 259
1.052413e-05 28
6.013196e-05 1
4.852022e-05 3
2.909613e-05 63911
6.408136e-05 1
2.202848e-05 1
5.123008e-05 261
4.594351e-05 2
3.948422e-05 5
1.016774e-04 5
2.622585e-05 7
3.291396e-05 75
3.384247e-05 5
7.893364e-06 1
8.402184e-05 17
1.581791e-04 1
1.655644e-06 1
2.576246e-05 513
2.135346e-05 1
5.048285e-05 1
1.024940e-05 1
1.317356e-06 1
1.618807e-05 2
1.416024e-05 1195
1.481907e-05 3
5.568331e-06 1
9.729425e-05 1
5.635707e-05 1
7.898399e-05 1595
1.386722e-04 1
1.468824e-04 1
7.731372e-05 1
6.053169e-05 1
7.451045e-05 1959
1.765787e-04 1
4.552993e-05 5
5.344479e-06 1
4.691974e-05 1
3.371247e-05 1
1.395068e-05 1
2.044605e-05 1745
2.847741e-05 1
6.135571e-05 3
8.679084e-05 166
3.175017e-05 1
1.421917e-05 1
1.503369e-05 4
2.218559e-05 3
1.438950e-05 1
2.744987e-06 4
4.717696e-04 1
3.536386e-05 2
5.884295e-05 157716
7.296949e-05 1
4.668942e-05 4992
2.273944e-05 1
1.406567e-05 1
1.617037e-04 4
2.404253e-04 1
3.902995e-06 1
5.974616e-05 1
4.436072e-05 6
2.223954e-05 1
6.320918e-06 1
4.860278e-06 1
3.166728e-05 1
1.349073e-04 1
6.991224e-05 1
1.371458e-05 2
1.264460e-05 3
2.958919e-05 5
1.416217e-05 66171
1.253367e-06 5
2.138432e-07 25862
2.082217e-05 1
4.492765e-05 3
9.905948e-05 2
7.621023e-05 3
4.212352e-05 1
2.745750e-06 1
1.503882e-05 3
9.564424e-06 1
5.218439e-05 1
3.809463e-05 1
9.757184e-05 1
1.341006e-06 1
7.674847e-05 52
3.072090e-06 55598
1.610871e-04 1602
6.131388e-05 2
1.660527e-05 2
5.505301e-06 1
2.087847e-05 1
4.010680e-05 2
2.671924e-06 1
5.638929e-05 1
1.256240e-05 28275
1.139468e-05 1
1.116403e-05 2
3.668353e-05 1
8.675639e-05 1
5.186629e-05 1
7.374439e-05 9
1.089110e-04 74
7.265979e-07 58342
6.397744e-05 1
2.459333e-05 1
2.550794e-05 1
9.983796e-05 2
1.592336e-05 784
2.614650e-07 1
9.546053e-06 3
2.158350e-05 1
3.804642e-05 177
1.409792e-05 2
1.710568e-04 2
4.006656e-05 2
6.293282e-05 2
1.147820e-04 1
6.505131e-05 2
8.591516e-05 169
2.834832e-05 1
1.903686e-05 3
1.959278e-06 50508
2.264843e-05 1
5.228252e-05 177
4.548651e-05 1
1.545814e-05 79
5.239803e-05 1
8.278449e-06 1
7.241194e-05 1
2.179326e-05 1
4.904007e-05 3
5.656072e-05 150
3.974478e-05 1291
6.944753e-05 6
4.254592e-06 201543
3.076284e-05 127
7.648037e-05 1
1.337724e-04 1
2.298871e-05 1
1.644040e-05 1
6.426381e-05 1
3.087631e-05 3
1.759896e-07 3
1.757804e-06 1
1.632706e-05 1
2.114092e-04 1
1.542766e-04 1
5.319257e-06 1378
6.438684e-05 5
1.983676e-05 1
4.495179e-05 223
4.963391e-05 1
9.829609e-05 3
2.220012e-04 108
4.175975e-06 122
1.460840e-05 43868
1.423768e-04 2
1.111195e-04 103
1.533532e-04 3
1.238452e-05 3
2.796073e-05 1
1.637916e-05 241
2.338522e-05 45
2.197644e-05 1
2.718439e-05 1
6.567718e-05 1
2.334853e-05 1
4.095155e-05 700
6.824805e-05 1
2.936043e-05 1
6.676543e-05 1865
2.829678e-05 1
2.711220e-05 1
4.052068e-05 2
1.492315e-04 3
3.541335e-06 5
1.577356e-04 3
1.255264e-04 1
2.508840e-05 4
3.385750e-05 1
1.708430e-06 3
1.483293e-04 262
1.020959e-04 1
3.462346e-05 5
3.279364e-05 1
1.461621e-05 1
1.719853e-04 1
1.370618e-05 1
2.601927e-04 1
5.818048e-06 2
3.392317e-05 1
7.825542e-05 4
1.654510e-05 1
1.746476e-05 1
1.256168e-05 2
6.069024e-05 6
1.409535e-04 2
2.143723e-04 1
1.590778e-05 5
2.835201e-07 1
5.169046e-05 1
9.095770e-06 1
4.076272e-05 1
2.646326e-05 3
3.501371e-07 2099
9.265157e-06 92
2.402122e-05 644492
5.162913e-05 1
1.029299e-04 1
3.299960e-05 1
1.055374e-04 2
4.332444e-05 4
7.330235e-05 1
1.555989e-04 1
6.282898e-06 1
3.755518e-05 1
1.280544e-04 2
6.215137e-06 3
1.830476e-05 1
8.470039e-06 2
8.613794e-05 1
1.624797e-05 1
1.335292e-05 1
1.480146e-06 3
1.586742e-04 52
2.920838e-05 1
3.440113e-05 4
1.277056e-04 1
4.891682e-05 7
1.426994e-05 1
2.747949e-05 6
2.085801e-05 4
3.079370e-05 2
1.037991e-05 3
2.177077e-05 2
4.419157e-05 23
2.788178e-06 151
7.569431e-05 1
1.921839e-06 1
1.162455e-05 2
4.394520e-07 1
4.587897e-05 2
2.100266e-05 1
1.354370e-05 270
8.862882e-06 91
1.185689e-04 7
9.011876e-05 124
2.165023e-05 3
3.114534e-05 1
7.134868e-05 1
3.560496e-05 1
3.371807e-05 3
5.534500e-06 1
1.552879e-04 5
2.532411e-05 4
1.817057e-04 1
1.588913e-05 241
6.351289e-07 5
8.736541e-05 2
2.782407e-06 142
5.108619e-06 3
1.262003e-04 556517
5.710670e-06 234
2.057886e-06 4
5.135518e-05 2
1.257676e-06 1
9.276673e-06 3
3.672628e-06 1
3.862600e-05 1
4.979875e-05 2
4.375884e-06 1
2.634817e-05 183
5.144776e-05 1
5.746219e-05 1
7.932352e-06 200
4.927360e-05 1753
5.487238e-05 4
8.684962e-06 5
7.850801e-06 252
3.519122e-05 3
9.005682e-05 3
7.506327e-05 1
1.315264e-05 2
1.718539e-04 26985
1.540269e-05 1
1.729827e-05 337
5.086700e-05 6
2.609068e-05 1
1.172695e-04 3
1.431240e-04 28997
4.689492e-06 1
4.085453e-05 23437
5.770725e-05 1
6.616546e-05 1
3.268807e-05 5
1.146781e-05 4
1.270166e-04 1
3.933367e-05 1
3.516195e-05 53627
1.628323e-05 1
8.230188e-06 1
9.213986e-08 3
2.091394e-05 1
5.429676e-05 21
9.571990e-06 202
1.960138e-05 1718
5.302293e-05 1
1.182642e-04 12305
1.364345e-05 1
1.136645e-04 1
1.132957e-04 2
1.029309e-04 1
9.083987e-06 1
1.251910e-04 1
1.400833e-05 1
5.453785e-05 1
1.045522e-04 1
1.174039e-04 1
9.598862e-05 5
1.145096e-04 1
1.204478e-06 1
5.403382e-05 1
3.065271e-05 1
3.562834e-05 1
3.033487e-05 3
3.209213e-05 1
2.776887e-05 1
1.642869e-04 1
3.101847e-05 2
8.335423e-05 1
3.210352e-05 1973
1.721650e-05 1
3.316732e-06 1
2.504878e-06 1
5.453556e-06 3
2.106428e-05 2
2.338713e-05 1
1.626655e-05 1692
1.725712e-05 1
1.894106e-05 1
3.044556e-05 3
1.192035e-05 1
3.245379e-05 56723
1.069001e-05 2
7.134412e-05 2
5.772812e-05 5
6.774304e-05 7
1.018086e-04 2
8.226143e-05 7
1.883317e-04 3
1.638813e-04 1
1.848125e-05 1
1.011880e-05 1
6.142944e-05 6
5.602889e-06 1
3.122089e-06 144
3.158799e-05 3
5.124028e-05 2
2.006591e-04 7
1.034677e-04 4
1.249740e-05 3
2.621131e-05 1
5.593608e-06 1
8.975184e-05 1
6.709833e-05 1
4.805222e-05 1
1.120726e-04 1
2.993603e-05 23914
6.758534e-05 1
5.394243e-05 1
1.789539e-04 1
7.161643e-05 1
6.513932e-07 38914
3.437941e-05 1
4.024241e-06 1
5.745414e-06 1
1.223747e-06 5
1.302332e-05 113
1.896385e-04 1
1.929912e-06 1
2.376559e-05 1
2.085752e-04 1
2.073322e-05 7
2.298658e-05 4
3.748317e-06 1
4.472368e-05 1
4.898663e-05 1
1.912891e-05 1
1.665755e-05 1
3.190505e-05 6
2.836002e-05 1
2.358811e-05 194
3.850773e-06 3
7.993359e-06 177
1.925565e-07 2
4.697131e-06 3
7.398385e-05 2
4.775630e-05 2
1.396411e-05 5
2.778161e-05 1
3.395108e-06 161
8.696396e-07 1
2.462052e-05 237
6.509233e-06 839
3.273491e-05 2
7.557218e-05 1
8.357750e-06 1
3.802536e-05 2
1.265172e-05 2
1.506195e-05 2
1.732143e-05 1
2.608036e-05 1
1.041590e-05 3
3.320604e-05 1
2.716842e-05 182
1.571583e-05 1
2.438599e-05 1
2.256319e-06 1
1.006289e-05 1
2.398754e-04 1
6.093940e-05 2
1.781178e-05 3
5.972856e-05 3
3.594759e-05 171
2.047881e-05 1
1.394760e-04 260
1.563844e-05 1
2.578014e-07 1
4.977191e-05 4
6.305905e-05 1
1.453693e-05 350
5.782795e-05 120
1.394425e-04 1
1.134040e-05 3
7.537253e-05 1
4.685841e-05 1
1.473690e-05 1
2.635460e-05 1
7.545792e-05 1
2.793870e-05 5
1.682190e-05 2
7.538275e-06 97
2.235379e-05 616368
2.316264e-05 19
1.627657e-04 2
6.908293e-06 1
1.978234e-07 1
1.601841e-05 5
3.920512e-05 1
4.211742e-05 5
1.894472e-04 1
2.375704e-05 1
4.948470e-05 5
1.227265e-04 1
9.995884e-06 2
9.327232e-06 23822
1.018537e-05 2
1.497672e-05 2
9.908068e-05 2
7.912550e-05 98
4.633544e-06 2
4.822084e-05 1
6.984000e-06 1
4.613031e-05 1
1.629547e-04 1
1.146677e-05 53502
8.789680e-05 1
1.110998e-05 1886
7.662959e-06 6
3.632842e-05 1
2.366205e-06 1
1.243730e-04 2
1.352384e-05 3
6.387027e-05 1520
2.495540e-05 1
2.589209e-05 1
3.478123e-05 1
6.693636e-05 3
2.373316e-05 2
2.571086e-05 5
1.873859e-04 3
5.726501e-05 1
3.002645e-05 108098
5.147015e-06 191
1.824926e-05 3
5.808595e-06 1
1.918619e-04 1
6.891068e-08 2022
2.746627e-05 1
1.159084e-05 1
4.329178e-05 1
8.899525e-05 1
3.917736e-05 1
3.509610e-05 2
1.692154e-05 4
4.313922e-05 2
3.005835e-05 1343
1.377541e-04 1
2.615690e-05 3
4.773686e-06 3
7.372693e-05 1
4.369781e-05 1
5.994502e-06 1
9.569065e-05 78
1.407912e-06 1
1.211255e-06 1
6.668973e-06 3
1.448789e-05 1
4.081990e-05 1
1.133159e-05 3
3.950903e-05 2
9.939808e-05 1
2.550849e-05 3
1.983501e-06 1074
5.018947e-05 1
3.648346e-05 3
1.125895e-05 2
1.483627e-05 1
5.942658e-05 1
1.104848e-05 191221
4.134180e-05 3
3.841494e-05 1
8.771165e-05 1
