6.676267e-05 1
3.648858e-06 1
8.418301e-06 1
7.620240e-06 3
3.784563e-05 1
4.164413e-06 2
2.875205e-06 1
1.157415e-05 1
7.475483e-06 1
2.557512e-05 2
6.181502e-06 241
1.930660e-05 6
4.902414e-06 1
4.386767e-06 4
2.203814e-05 3
6.327521e-06 301
2.165715e-05 7
1.547896e-05 159
2.785577e-05 1
2.352995e-06 1
3.780482e-05 1
1.882745e-05 1
8.436482e-06 1
4.351639e-06 2
2.070090e-05 1
3.425195e-05 2
1.487363e-05 1
1.657664e-05 651864
1.303597e-05 1
1.582424e-06 248
1.811769e-06 60760
1.721894e-06 1
4.043461e-06 1340
2.148822e-05 1
3.543749e-05 5
7.287662e-06 1
1.151813e-05 2
8.681302e-06 1
5.960884e-06 1
1.485022e-05 1
3.537601e-06 1
9.440911e-06 2
8.127870e-06 5
1.448152e-05 1
1.267143e-05 1742
1.442102e-05 6
4.229213e-06 1
4.755932e-05 4
1.374490e-05 1
9.689340e-06 1
6.813888e-06 7
1.690178e-05 1
9.185186e-07 1
4.800562e-06 7
4.512313e-06 1
1.232095e-05 1
3.178237e-05 1
1.350891e-05 1
7.076954e-06 1
2.631693e-05 1
3.100015e-06 1
5.993650e-06 1
1.155458e-05 59586
1.103030e-05 1
1.736208e-05 2
6.417145e-05 724
4.571614e-06 2024
2.848177e-05 7
4.505637e-05 1
1.177615e-05 1
2.551785e-06 1
3.074509e-05 6740
2.038476e-05 3
7.538582e-06 3
1.464444e-05 144
6.370828e-05 2
2.538025e-06 1
2.341472e-06 1
5.433249e-05 156100
2.764736e-05 1
1.945991e-06 6
7.995127e-06 45433
1.732983e-06 2
1.282371e-05 10662
3.121104e-05 1
2.470940e-05 5
2.958031e-05 1
6.435325e-06 1
1.461673e-05 2
1.784513e-05 2
7.702214e-05 1
1.348289e-05 1
7.423167e-06 356
1.008478e-05 2
1.468076e-05 1
1.659202e-05 144
3.937474e-07 7
1.065224e-05 2
3.091750e-05 1
2.577092e-05 98353
3.158602e-05 3
3.934893e-05 2
5.045554e-05 1
6.106450e-05 256
1.825560e-05 7
5.604284e-07 4
2.290605e-05 2
1.528026e-05 3
1.631740e-05 1
1.073894e-05 1
1.041807e-05 1
6.565907e-06 1
5.161405e-05 1
1.197416e-06 1
8.490176e-06 47
1.882691e-06 1
2.062500e-06 1
3.863504e-06 3
6.786455e-06 1
1.678811e-05 7
5.408432e-06 1
2.835670e-05 1
2.066878e-06 1
4.091493e-06 1
9.634780e-06 1
1.953829e-06 1
1.082013e-05 7
6.536605e-06 1
6.848813e-06 3
2.196216e-05 1
5.004173e-06 25
7.453531e-06 1
5.145755e-06 1
7.276562e-07 1
1.874241e-05 5
5.017163e-05 1
1.400607e-05 1
9.909642e-07 2
9.151056e-06 1
3.299155e-05 1
4.075581e-06 4
1.473587e-05 1035
3.360387e-05 1
9.691831e-06 6
2.368082e-06 1
6.552491e-07 1
2.058209e-05 1
3.129898e-05 7
2.332002e-05 1
4.564677e-06 1
2.959669e-05 654693
8.100072e-07 2
4.990345e-06 7
2.621825e-06 2
2.227092e-05 1
3.300304e-05 3
1.278831e-06 1
3.922313e-06 186
6.466806e-06 4
4.743462e-06 1
1.273653e-05 700
5.764497e-06 6
8.397848e-07 1
7.043225e-06 1
2.446251e-06 1
1.005896e-05 1781
3.917491e-05 1
2.112552e-06 1
5.141663e-05 1
1.086464e-05 1
3.007883e-06 1
1.486797e-06 7
5.453182e-06 3
2.728313e-05 5
1.708527e-06 1
2.424963e-05 3
5.016955e-06 1
3.715133e-06 3
2.043127e-05 46
3.467802e-05 58131
5.319971e-06 2
4.919309e-05 3
6.830110e-06 1
5.370692e-05 1
3.500935e-05 1
1.969080e-05 1
1.757485e-05 1
3.679616e-06 1
3.613157e-05 1
1.606266e-06 1676
4.948947e-05 1
2.930031e-05 2
3.010832e-05 1
9.628491e-06 1
3.316276e-05 3
6.303779e-06 1
1.547616e-05 1423
8.829475e-06 2
1.004180e-05 124
4.383184e-05 1
3.141439e-06 5
2.156151e-06 1
5.397745e-06 2
2.353688e-07 1
7.297731e-06 7
1.748243e-05 3
1.947427e-05 1
3.202024e-06 1993
2.256260e-05 46
2.876375e-06 1
1.133604e-05 5
8.481619e-06 2
7.131763e-06 1
1.150447e-05 245
4.736180e-06 3
5.348529e-06 1882
1.666345e-05 263
4.845553e-05 1
1.713171e-05 1
8.856845e-06 579
1.984634e-06 2
1.219605e-05 1
9.359768e-06 1
3.087778e-05 1
2.257934e-05 3
1.690813e-06 5810
1.649601e-05 1
2.040286e-05 49
2.740340e-05 1217
1.015225e-05 2
9.112290e-06 6
1.488044e-05 3
1.739059e-05 2
2.448308e-06 2
9.490773e-06 1
1.944201e-05 1
1.100647e-05 1
4.576003e-06 430464
1.429320e-06 1
1.754045e-05 1
3.716637e-05 1
3.343860e-06 2
2.069269e-06 1
6.682301e-05 1
6.242132e-06 3
3.003777e-06 1
9.347712e-06 1
1.449872e-05 1
1.141930e-05 259
7.390912e-06 6
2.505983e-05 3
1.942431e-05 209
9.587014e-06 3
6.800431e-05 2
1.113344e-05 3
8.104420e-07 1
1.029663e-05 204
1.563314e-05 38086
6.539083e-06 1
1.583195e-06 1
6.941178e-05 1
4.873147e-07 3
1.886240e-05 77
3.609107e-05 1
4.706982e-06 5
8.891894e-06 1
1.859045e-05 169
1.335184e-05 1
5.786223e-06 4
2.559010e-05 135
1.656360e-05 1
2.038913e-05 4
4.309700e-05 2
4.262155e-06 1397
1.634647e-05 3
7.385762e-06 1
5.209666e-05 1
1.206149e-06 1
2.423163e-06 239
1.270129e-05 1
1.926836e-05 1
2.746065e-05 2065
3.114369e-06 2
2.238786e-05 61
8.810880e-06 1
2.085282e-05 1
5.889365e-05 2
1.120294e-05 1
1.065848e-05 1
2.113656e-06 1
3.101887e-05 3
2.871716e-05 2
8.772099e-07 1
8.275161e-06 1
3.723335e-05 2
2.917872e-06 1
1.245461e-05 1
3.781713e-06 3
3.890244e-07 1
5.656908e-06 1
1.644919e-05 4
1.298933e-05 7
2.544808e-06 2
5.912248e-06 1
1.112681e-07 1
1.294747e-05 1
1.362945e-05 1
5.069567e-05 2
1.190811e-06 1
9.630531e-06 1
1.973249e-06 1
1.070082e-05 1
7.958988e-06 2
1.383959e-05 3
3.164569e-05 45
1.006853e-05 1
1.435463e-05 6
9.600090e-07 261
1.986224e-05 1
7.638805e-06 1
1.814970e-05 1
7.168746e-06 7
5.544167e-05 1
4.802437e-05 7
1.664565e-05 1
1.571017e-05 1
2.216703e-05 1
2.503936e-05 6
1.782720e-05 1
2.092777e-05 1
1.689030e-05 172
5.402596e-06 2
1.640138e-05 1
1.474545e-05 2
3.497425e-05 96
3.896810e-05 1
1.134855e-05 1
1.877276e-05 4
6.858485e-05 1
2.519690e-06 1252
1.892493e-05 1
2.223221e-05 1
1.354236e-05 175
1.861803e-05 1
1.498363e-05 5
1.053432e-05 3
2.677369e-06 3
1.421913e-05 1
1.181201e-05 4
9.564913e-06 6313
4.203939e-07 1
2.152378e-06 5
1.920609e-05 41
3.445334e-05 1
7.032314e-06 1
1.311139e-05 1675
2.746175e-06 1
2.536517e-05 1
2.440392e-06 1
4.749638e-06 3
1.336664e-05 1
2.190770e-05 3
4.631955e-05 3
2.897665e-06 1
2.100603e-05 2
2.117929e-06 1
2.248618e-05 2
1.076114e-05 1
1.242779e-05 10022
6.615336e-05 4
2.351765e-05 1
1.171150e-05 210
3.984387e-06 2
1.178368e-05 261
7.725254e-06 208
1.967203e-05 2
2.285787e-06 4
2.604070e-06 1
2.423835e-05 1
2.950754e-05 7
4.812813e-05 1
1.506765e-06 5
1.456510e-05 7
2.172836e-05 1
1.000728e-05 284036
3.410289e-05 1
2.670262e-05 1
5.741635e-06 1
7.823344e-06 1
1.455388e-05 2
1.001529e-04 1
1.964680e-05 1812
7.271974e-06 1
6.874536e-06 5
1.598523e-06 3
1.699112e-05 96
1.250292e-05 323
6.509882e-06 1
2.482214e-06 1
8.266966e-06 1
4.333775e-06 1
5.650729e-06 1
3.475253e-05 1
2.397595e-05 4
1.969372e-05 7
6.390674e-05 1644
1.301714e-05 1
3.332099e-06 1
3.376555e-05 6
1.226731e-05 1
2.483218e-05 2
4.546821e-05 1
1.035857e-05 1
4.303639e-06 42773
4.228023e-06 16067
1.296160e-05 73
1.365340e-05 2
4.490986e-06 6
8.287106e-07 1
3.503614e-05 1
4.421557e-06 7
1.950309e-05 1
4.083745e-05 1
1.463407e-05 1
1.836037e-05 1
2.069901e-05 1
1.022426e-05 27
2.283200e-06 1
4.938603e-06 2
4.352518e-05 2
3.677989e-05 1
3.365941e-05 2
2.590165e-05 3
1.829111e-06 3
1.368806e-05 1
4.831804e-06 3
8.410666e-06 1
2.202917e-05 1
7.369182e-06 1
4.745113e-05 1
2.675092e-06 1
1.206922e-05 1
5.962008e-06 230
3.171446e-06 1
5.323740e-07 1
1.885652e-05 1
9.327689e-06 1
1.707825e-05 5
1.967030e-05 1
5.659602e-05 1
2.224258e-06 173
1.784794e-06 57
3.395856e-05 1
1.568205e-05 3
5.532908e-06 5
5.269785e-06 1
3.176817e-05 1
1.958051e-05 1009
4.027734e-05 1
3.642843e-05 4
3.913002e-06 4
2.537114e-06 1
2.117066e-06 3
9.580015e-06 1
6.558065e-06 152
7.286870e-06 1
5.385254e-06 1
2.873600e-06 1
7.001217e-07 50266
1.806369e-05 53569
2.860628e-06 4
3.017478e-06 1
5.895795e-06 183
3.214392e-05 1
2.880313e-05 4
1.126383e-06 2086
3.036012e-05 1
7.983390e-06 1
3.928897e-05 1
5.343406e-06 1
3.819769e-05 5
4.138028e-06 2
1.188511e-05 7
2.870566e-05 1
6.523061e-05 4
2.861050e-05 4
6.448533e-06 1
2.802615e-06 1
2.361901e-05 46403
8.482156e-06 1
6.033231e-06 1
2.200955e-05 1
1.900688e-06 1
2.744952e-05 1
1.377773e-05 2061
1.750022e-06 3
4.986709e-06 4
8.063423e-06 36473
4.170731e-05 18
3.808635e-06 3
3.161451e-05 1
1.387524e-05 6
7.230905e-06 1
1.284339e-05 1
2.604937e-05 40
1.189702e-05 3
6.661737e-06 4
1.407392e-06 1
1.056855e-05 2
1.607121e-05 146
6.486644e-06 6
1.408718e-05 1
1.907216e-05 1
3.897889e-07 1
2.013141e-06 4
8.804016e-06 1
2.891328e-05 1
2.334405e-05 5
1.802074e-05 3
6.471857e-06 1
7.426576e-06 1
3.997770e-06 1
1.183318e-06 1
1.184958e-05 1823
1.332512e-06 3
6.671922e-06 3
7.925545e-06 2
3.027490e-05 1
7.005196e-06 5
4.267443e-05 1
3.640435e-05 2
7.769290e-07 1
2.679561e-06 52891
1.579842e-05 180
4.515199e-05 7
9.951732e-06 1
1.021607e-05 1
8.755749e-05 3
4.945301e-05 2
5.624730e-06 2
2.217847e-05 142
1.100499e-04 7
1.918396e-06 1
4.452312e-06 1
4.249691e-05 1
1.764623e-05 1
1.179843e-05 324361
5.010755e-06 1
5.642342e-06 1
1.101265e-05 2
6.699647e-06 56
1.338061e-05 1
7.128990e-06 2
1.631363e-05 1
9.172254e-06 5
1.314217e-05 1
1.570215e-05 4
1.096232e-05 1
5.682795e-06 1603
1.926526e-05 3
9.808313e-06 3
2.859238e-05 4
2.248221e-05 1
1.683021e-05 6
1.182334e-05 1
9.535024e-05 50915
5.823093e-06 1
2.210903e-06 1685
2.731301e-05 1
2.036527e-05 179
1.495862e-06 382
3.817869e-05 1
1.916064e-05 1616
2.436651e-06 2
2.497429e-07 103242
1.553201e-04 7
3.432788e-05 6
1.093141e-05 5
6.252108e-06 1
4.119372e-05 1
1.405009e-05 1
1.647608e-06 2
1.081770e-05 2
1.008824e-06 6
1.264002e-05 2
2.558557e-05 1
6.457905e-06 112
1.323124e-05 1
2.341939e-05 1
1.316068e-05 7
7.874787e-06 1
1.128307e-05 3
4.508813e-05 1077
2.374345e-06 977
4.489019e-06 1
3.617101e-05 24380
1.192123e-05 1
2.844954e-05 1
2.485789e-05 1
7.179418e-06 1
3.472523e-07 1
9.795759e-06 57775
2.006388e-06 2
2.324740e-05 1
2.238224e-05 3
3.562364e-07 3
9.836196e-07 3
7.009626e-06 1
1.252189e-06 7
9.008785e-06 1
9.851118e-06 1
2.778659e-06 1
3.574308e-06 1
3.077322e-05 1
9.364186e-06 1
9.429704e-06 1
1.056120e-05 1380
1.902698e-05 1
4.111298e-05 1
1.923801e-05 1
5.980713e-06 1
1.323782e-06 1
5.327044e-06 1
6.034044e-06 1
4.737198e-07 1
2.015790e-05 5
1.949807e-05 7
3.841754e-06 1
1.291963e-05 1
3.279373e-05 2
5.271380e-07 3
4.542105e-06 209
2.586545e-06 1
2.029392e-06 2
1.392710e-05 1
2.394566e-05 63
2.073158e-05 1
1.946176e-07 2079
9.236595e-06 3
1.174447e-06 3
2.152073e-05 1
1.728639e-06 1
1.475742e-05 65
4.320641e-06 1
3.982625e-06 1
1.315673e-05 1
9.317173e-06 198
6.576838e-06 3
6.465854e-06 1
2.293680e-05 1
6.808908e-06 2
8.419391e-06 1
1.232943e-05 1
1.475757e-06 1371
2.140703e-06 1
1.058596e-06 1
1.279295e-05 6
1.409225e-07 51931
8.574408e-06 1
5.438033e-06 1
6.581158e-06 1
1.117011e-05 1
2.088841e-05 257
1.538947e-05 1
1.368027e-05 1
5.875413e-06 1
2.317862e-05 1
1.496889e-06 1
4.376928e-06 1
1.608974e-05 6
3.907904e-05 415
2.256920e-05 1
2.401411e-05 2
8.625013e-06 1
9.433250e-07 1
7.570854e-06 23342
7.129457e-05 7
3.025729e-05 1
1.477561e-06 1
2.142071e-06 394243
2.628493e-05 1
1.041518e-05 2
2.701877e-05 1
9.969858e-06 3
4.118055e-05 1
6.150229e-06 1
1.746428e-06 4
1.021132e-05 156
2.635223e-05 147
1.677060e-06 1
1.723379e-06 1
3.154962e-05 3
8.456420e-05 19021
5.671782e-06 7
2.500630e-05 1
7.405860e-06 1
1.512810e-06 1
1.689717e-05 1
1.419209e-06 7
4.151043e-06 5
4.010381e-05 909
1.150122e-05 1750
3.603433e-06 1
2.198092e-05 1
6.281913e-06 1
8.793212e-07 7
1.194063e-05 3
6.437322e-06 7
2.462394e-05 140
6.180392e-05 1
2.157813e-06 1
3.254648e-05 1
2.844204e-06 5
7.230774e-06 126
1.118305e-05 3
8.101444e-06 1
5.756582e-06 1
1.982903e-05 4
1.284776e-06 1
2.498516e-05 7
5.537274e-05 51
1.012467e-05 1
2.447559e-05 7
2.388481e-05 1
1.115864e-05 1
1.696566e-05 2
4.768484e-07 1
3.241691e-07 1
2.037265e-05 179
5.970739e-06 2
2.972183e-06 76
1.124837e-05 4
1.308742e-05 3
3.543053e-06 54766
1.464386e-05 3
6.847842e-06 1
6.915140e-06 1
2.469449e-06 1
1.033196e-05 1
3.210480e-05 1
1.748795e-07 1
3.344438e-08 3
2.057614e-05 96
3.086425e-06 1
3.906598e-06 1
1.126673e-05 1
8.331634e-06 1
3.726832e-06 1
1.997832e-05 3
1.552910e-05 2
1.839760e-05 1
5.346015e-06 3
4.323191e-05 1
2.430100e-05 1
1.123761e-05 3
7.841738e-06 6
4.046375e-05 1
2.278196e-05 9151
1.251511e-06 1
5.931991e-06 1
2.455260e-06 1
8.278383e-06 6
4.524193e-06 5
1.449798e-05 1
1.590775e-05 1
1.451853e-05 1
1.321830e-05 3
9.313483e-06 36478
1.438357e-06 2
4.403403e-05 2
2.344249e-05 2
1.383625e-05 1
4.588815e-05 1
9.416416e-06 1
2.162421e-06 3
2.615749e-05 4
3.613106e-06 209
4.485965e-06 2
1.082619e-06 1393
7.957093e-06 1
6.419879e-06 1
2.638681e-06 238
1.764597e-05 1
3.661825e-06 1
3.198235e-05 1
7.813353e-06 1
3.419596e-05 1
5.326388e-06 1
2.707603e-05 3
1.420836e-06 725
1.309435e-05 1
4.277191e-06 1
6.823224e-06 7
3.321414e-06 1
2.797718e-05 1
4.155806e-07 1
6.342784e-06 1
7.373523e-06 7
1.766479e-05 2691
4.159882e-05 1
1.980790e-05 1
1.915131e-05 1
1.568460e-05 3
7.618762e-06 1
1.145934e-05 3
3.382862e-06 2
1.678000e-05 1
1.911830e-06 17
3.127745e-06 1
2.041028e-05 1
1.605319e-05 1
8.322310e-05 6
6.088118e-06 3
2.374417e-05 1
6.428300e-06 246
4.562270e-06 3
1.036999e-05 1
2.792589e-05 2
3.364427e-05 1
5.494726e-06 1
5.001038e-05 3
1.300465e-05 1907
1.944548e-05 1
1.064555e-06 7
1.310873e-05 783
4.477721e-05 2
3.980916e-06 1
1.463112e-07 11392
6.527399e-05 1
3.518914e-05 2
7.162703e-08 2
6.163089e-06 5
8.441196e-06 1
9.922742e-07 3
1.359829e-05 1
4.129981e-05 1
1.165615e-06 1
1.200066e-05 1
1.688532e-05 59218
1.142807e-05 1
7.320306e-06 3
1.734793e-06 1
2.320071e-05 2
1.613917e-05 1115
3.003697e-07 168
2.272930e-05 1
5.154220e-06 114
6.243721e-07 26853
9.175128e-06 2
9.113386e-05 3
4.796442e-06 2
3.752245e-06 1
3.737437e-06 174
4.919037e-06 1
4.141622e-06 1
1.754284e-05 1
3.459971e-05 6
3.221437e-05 3
1.285190e-06 8193
2.704990e-06 5
3.394131e-06 3
2.053417e-05 1
8.114592e-06 252
7.296852e-06 1
3.046665e-06 1
2.964806e-05 6
2.142163e-05 1
3.218480e-05 211
5.240209e-06 1
5.985327e-07 1
1.025108e-05 1
1.597356e-06 24311
1.289676e-05 1
1.645437e-06 228
1.509113e-05 1
2.137583e-05 1
1.130349e-05 1
2.056153e-05 1
8.054353e-06 1
1.924182e-06 7
1.680767e-05 1
2.215731e-05 1
1.564140e-05 2
1.396159e-05 62208
6.385150e-06 6
1.888352e-05 3
4.089501e-06 2
4.717727e-05 1
1.424267e-06 5
1.360618e-06 1
5.684539e-06 1597
4.577357e-05 3
1.762386e-05 23
2.744411e-05 1182
3.795046e-06 1
2.326912e-06 1
2.778973e-05 1785
3.239840e-05 2
2.363282e-05 1
6.397976e-07 1700
5.231877e-06 3
1.738629e-05 1
4.471315e-07 1736
3.002433e-06 1
2.487638e-05 185
5.621361e-05 3
4.092094e-05 38
1.534087e-05 1
2.340519e-05 4
1.737190e-05 7
1.015021e-05 7
8.048984e-06 3
4.059053e-06 382
9.757117e-06 788
3.399182e-07 1
6.873269e-06 3
2.134004e-05 2
5.260077e-05 2
1.729970e-05 1
4.722006e-05 222
2.584842e-07 1
1.888076e-05 3
2.302882e-05 3
1.032234e-05 1
1.915354e-06 1
5.512807e-06 5
8.946962e-06 1
3.563930e-06 1
3.015557e-05 244
9.847644e-07 1
3.025084e-06 3
1.186623e-05 1
3.177596e-06 1
3.122807e-05 64
2.916825e-05 1
5.406266e-05 1881
1.462362e-05 7
3.253763e-06 1
3.998023e-06 1
1.964243e-06 1
1.810802e-05 1
2.418464e-06 1
1.092495e-06 90
2.419702e-06 3
1.330435e-05 1
1.715318e-05 1
3.056392e-05 51665
5.541284e-07 1
2.890674e-06 1
3.331767e-06 1
1.467018e-06 1
5.366231e-06 2
1.798236e-05 3
4.128831e-06 6
3.214171e-06 2
2.695776e-06 1
3.319371e-06 2
6.092799e-07 1
1.271304e-05 48
8.551220e-06 1
2.263338e-05 1
3.658070e-05 1
5.513510e-06 2
5.766173e-06 1
1.157178e-05 7
7.799125e-06 1
2.497613e-06 7
1.899902e-05 1
4.524284e-06 1
6.226519e-06 1
5.350798e-06 1
1.267302e-05 2
6.408262e-06 929
1.334148e-05 1
2.530050e-06 1
2.843604e-06 1
1.695556e-05 2
4.291649e-06 1
7.062086e-06 2
1.166425e-05 2
6.287718e-06 3
3.646325e-05 1
3.372105e-05 1
3.514617e-05 153
3.084375e-05 1
2.089357e-05 1
5.883885e-05 1
2.929879e-05 1
1.247914e-05 1
1.451536e-05 2
1.804900e-06 6
1.557847e-05 1
1.766824e-05 2
5.905193e-06 1
1.884460e-05 1
3.476847e-06 7
2.029586e-05 1
2.572846e-06 4
2.078469e-05 1
3.740201e-05 1
6.937878e-06 1
7.978136e-07 1
1.443965e-05 3
8.948868e-06 7
1.677271e-05 4
2.492854e-06 1
7.279966e-06 1
2.413421e-06 1
3.007250e-05 3
3.150114e-05 1
1.443374e-05 1
2.719985e-06 214
3.938118e-06 25758
3.212844e-05 1
3.433304e-05 2
4.510739e-05 1072
6.598407e-06 1
1.690217e-05 1
2.243953e-05 3
1.724704e-05 7
2.318675e-05 1
1.247324e-05 3
5.715622e-06 100
3.104356e-07 1
3.328855e-05 2
1.898882e-05 1869
5.087751e-06 1
1.338571e-05 1088
4.649405e-05 1
7.388825e-06 1
6.247015e-06 1
2.228613e-06 1
2.281841e-06 29
1.571824e-05 1
1.786542e-05 1
3.041825e-06 1
1.684321e-05 2
1.224809e-05 1
1.049133e-05 1
8.201990e-05 1
1.008545e-05 6
2.860889e-05 1
1.063802e-05 1
1.229999e-05 1
2.082911e-05 1
1.525126e-06 4
8.244114e-06 1
3.288305e-05 3
2.868549e-05 3
6.696235e-06 66317
5.713173e-05 224
2.664001e-06 3
6.751624e-06 1
4.577974e-05 2
2.433555e-06 46
2.419661e-06 7
1.035025e-05 3
2.073444e-06 1
3.321709e-06 1
4.682851e-06 2
2.848618e-06 1658
7.734892e-06 1
1.951229e-05 2
1.560124e-05 3
8.802741e-06 733
1.065641e-05 1
1.935071e-05 1
8.416505e-07 7
1.259607e-05 1
5.890349e-06 1
1.955007e-05 1
8.377477e-06 6
1.429238e-05 1
4.753129e-05 4
1.025785e-05 364
9.946359e-06 1
1.273629e-05 3
2.433711e-06 2
4.471580e-05 1
1.022506e-05 1
1.251684e-05 7
1.980650e-05 170
1.553541e-05 2
3.454648e-05 239
1.407807e-05 3
1.057974e-05 1
3.945198e-06 53
7.905371e-06 1
3.470490e-06 3
1.015596e-05 230
8.976893e-06 1
2.985305e-06 3
7.374647e-05 1
3.383481e-05 2
2.994847e-05 4
9.313326e-06 3
2.418030e-05 4
1.558174e-05 3
1.077952e-05 2
7.855516e-05 1
5.101292e-06 1
4.726383e-05 1
8.180506e-06 1
1.804597e-05 1
2.137720e-06 1
2.729724e-05 1
1.565530e-05 1
1.433723e-05 124
2.661213e-06 3
6.498532e-06 1
4.157304e-07 4
3.212634e-06 1
2.946550e-06 4
1.776538e-05 1
2.130200e-05 2
2.099285e-05 120
1.285547e-05 4
1.285334e-05 1
3.842394e-07 12
4.065704e-05 1
4.745046e-06 3
8.497435e-06 1
1.200017e-05 4
1.879809e-05 1
3.265488e-07 1
4.000858e-06 7
4.320047e-07 3
5.486947e-06 1
4.567854e-05 1
1.536101e-05 2
1.651563e-06 1
1.565013e-05 73
1.112327e-05 1
3.569996e-05 69
1.086293e-05 1
4.556469e-05 2
9.071855e-07 1
1.094378e-05 1
6.248773e-05 1
6.699525e-06 1
1.646545e-05 1
4.381696e-06 125
1.382169e-06 1
1.153330e-05 1
8.047630e-06 2
2.127645e-05 6
9.976825e-06 2
2.410928e-05 1
2.966526e-07 1
1.323583e-05 1
4.932355e-06 1587
2.769581e-05 1
2.656182e-05 1
5.025625e-06 1
5.688278e-06 1
2.640033e-06 60233
1.173162e-06 1
2.596463e-05 4
1.659889e-05 1
3.987823e-05 2
3.171304e-07 3
1.530245e-05 7
1.031034e-05 1
1.178835e-05 197
1.116456e-05 7
7.886435e-06 1
1.681957e-05 1
6.494112e-06 41
1.116228e-05 1
1.279665e-05 1465
2.613822e-05 225
5.801607e-06 79
2.775662e-06 1
1.168608e-05 1
2.563639e-06 1
6.189924e-07 1
2.507682e-06 1
1.193339e-05 1
5.226084e-06 1
1.657616e-05 1
2.063648e-06 51186
1.348952e-05 2
3.911449e-05 1
1.573982e-05 1
2.527624e-05 156
3.403033e-05 3
1.786833e-05 7
1.682066e-05 1
1.215773e-06 3
1.411525e-05 1
1.250758e-05 1
4.762450e-06 2
5.260855e-05 1
5.509747e-06 3
1.161265e-05 1
1.254716e-05 5
3.673059e-06 2
5.566582e-05 48
1.751300e-05 1
1.261900e-05 1
1.395507e-05 1
1.150139e-05 1
4.489553e-06 11935
3.348991e-06 4
7.532694e-07 3
1.705371e-05 1
1.203117e-05 1
4.581192e-06 1
1.417172e-05 6
1.669788e-05 2
2.732323e-05 3
8.958879e-06 2
6.365619e-06 35405
2.172242e-05 1
1.234019e-05 107
5.237293e-06 3
3.709950e-05 212
2.403081e-05 7
1.994729e-05 1
1.406659e-06 2
4.294094e-06 2
3.287541e-05 1
5.902885e-06 2
1.028679e-05 1
2.730953e-06 1
1.969414e-05 3
9.086342e-06 1
4.613054e-06 1
1.253474e-05 2047
1.247585e-05 1
6.110456e-06 1
1.131141e-05 3
2.499783e-06 1
3.976632e-05 1
3.622805e-05 1
2.439253e-05 1
8.677833e-06 199
1.287353e-05 5863
9.283726e-05 7
1.321019e-05 1
3.256529e-06 1771
3.686052e-05 1
5.366140e-06 3
1.710679e-05 83
1.054098e-06 1527
6.086599e-05 1
3.009917e-05 2
3.105343e-05 1
3.196832e-05 3
7.884420e-06 1
1.103023e-05 416440
5.342369e-07 45982
5.349261e-06 3
1.311761e-05 1
4.558442e-06 1175
4.469033e-06 6
6.903068e-05 1
1.149202e-05 1
2.262838e-05 1
1.242097e-06 3
1.437176e-05 1
1.437923e-05 7
1.268238e-06 159
1.064776e-05 1
9.267162e-06 145
1.549921e-05 3
4.932043e-05 2
9.120652e-06 4
1.660696e-06 159
1.279489e-05 1
4.429539e-06 1
2.139110e-05 1
5.180647e-05 1
1.371621e-05 1
8.780485e-06 1
2.724761e-05 1
2.430247e-06 1
2.514097e-05 7
8.935696e-06 1253
2.467079e-07 924
5.861578e-05 1
7.111217e-06 1
1.266639e-05 1
8.070508e-06 1
5.878102e-06 1
1.424623e-06 172
3.498270e-05 1
1.598943e-05 1
1.191232e-05 1
1.062239e-05 7
3.930428e-06 1
7.240743e-06 251
1.424078e-06 109
2.536082e-06 2
4.110912e-05 1
1.716470e-05 1
9.984475e-06 2
6.710917e-07 17007
2.617144e-05 1
3.788528e-06 3
8.085655e-06 3
3.465438e-05 1
1.418988e-05 5
6.787086e-05 1
3.409844e-06 6
1.948581e-05 1
1.830685e-05 424246
9.358076e-06 1
3.658225e-05 102
1.994660e-05 1
9.492685e-05 7
6.683708e-05 1
2.670886e-05 1
8.178594e-06 1
1.436262e-05 1
4.564800e-07 1
1.969767e-06 1
1.970417e-06 1
3.684777e-05 10106
2.841467e-05 21
1.207505e-05 6
6.616453e-06 1
3.371944e-06 3
3.618794e-05 1709
1.312337e-05 1
2.362349e-05 3
3.541527e-05 1
2.016993e-05 8
1.201999e-05 1
1.030088e-06 1
5.536312e-06 1
9.612967e-06 2
2.766021e-05 7
5.074424e-06 1
2.390089e-05 2
1.216158e-05 3
6.345173e-06 139
9.558211e-06 7118
2.820432e-05 5
4.334169e-06 1
2.290623e-05 7
2.499377e-05 61646
3.133678e-05 1
2.036485e-05 1
2.908125e-05 20967
5.712977e-06 3
8.540197e-06 590
4.029781e-05 1
1.944878e-06 1
1.038174e-05 4
2.068772e-06 2
1.179732e-05 1
4.602333e-06 1
9.155639e-06 1
2.993216e-05 129
3.823443e-05 1
6.964624e-06 1
1.328916e-05 396
2.962236e-07 3
7.648599e-06 1
4.329896e-05 1
4.740866e-06 1
1.090494e-05 1
7.921936e-05 1
1.292459e-05 3
1.459571e-05 4
1.961510e-05 1
1.598225e-05 3
2.389564e-05 1
5.568236e-06 1
4.017151e-05 2
8.016307e-06 42654
1.132667e-05 1
7.044886e-06 1
3.307835e-06 1
8.096183e-06 3
3.053245e-05 1
5.345655e-06 1
3.532329e-05 1
1.533542e-05 1
7.918527e-06 1
4.520602e-05 1
5.474085e-06 540
1.423340e-05 11
7.054026e-05 1
1.202928e-05 1
2.272536e-05 1
2.346847e-05 3
5.823969e-06 1
5.987466e-06 1
2.272961e-05 2
1.710476e-05 5
1.887660e-05 3
2.116773e-05 6
7.931693e-06 1
2.900415e-05 4
1.167337e-06 1
3.246364e-05 1
1.016947e-05 100
9.191559e-06 1434
2.148734e-06 346729
7.646340e-06 5
3.881351e-05 1
7.096460e-06 3
1.522399e-05 1
2.228047e-05 6
1.832777e-05 3
6.271142e-05 118
1.126829e-05 11105
9.528959e-06 1
3.477802e-05 1
1.625078e-05 28638
3.141633e-05 2
1.791229e-05 1
7.478486e-05 1894
1.206841e-05 3
7.933691e-06 1
2.407156e-05 1
1.001101e-05 1
4.486524e-05 1
5.385815e-06 25773
2.498808e-06 2
1.443969e-05 1
1.555707e-04 1
6.953007e-06 1
2.193243e-05 14242
3.104804e-07 5
4.563502e-06 1
1.046786e-05 46
1.411602e-06 1
8.370556e-06 3
4.638799e-07 1
2.252482e-05 1
4.290084e-05 64160
3.622499e-06 2
1.170970e-05 1
3.464725e-06 1
2.219019e-05 14
2.295698e-05 271
1.463970e-05 1
2.394535e-06 1
1.477368e-06 155
7.910061e-06 2
8.943802e-05 1
4.490622e-06 1
1.711795e-05 1
2.833549e-05 1
1.615927e-05 1
9.037240e-06 3
7.369726e-06 1421
1.121372e-05 41
1.250072e-06 38
1.302397e-05 2
2.626458e-05 1
1.178472e-05 1
4.078034e-07 1
6.719239e-06 1
2.056246e-07 3
9.762492e-06 61683
4.393901e-05 3
1.938386e-06 1
3.001358e-05 2
5.716326e-07 1
5.760320e-05 1
4.826594e-06 1
9.153012e-06 1
4.779240e-05 149
1.926691e-05 1
7.162059e-06 1
3.951598e-06 115
5.706107e-06 1
6.348266e-06 1
2.745657e-05 1
2.061815e-05 9246
6.300955e-06 1287
1.384084e-05 3
4.376419e-05 562
4.183767e-06 6
2.261113e-05 2
9.721658e-05 1
1.386671e-05 1
2.803124e-05 3
1.526117e-05 3
1.264727e-05 1
4.630331e-06 4
2.683533e-05 1
9.664213e-07 1
1.637166e-05 1
3.434938e-05 2
6.370894e-06 1
2.833969e-05 2
9.983648e-07 891
1.952384e-06 67
2.610878e-05 1
4.732580e-05 2
4.303955e-05 3
1.269415e-05 1
1.790912e-06 1
5.753626e-05 1
1.437755e-05 1
4.594499e-07 240
3.877206e-05 1
6.481888e-06 6
3.502866e-05 1
2.282813e-05 1
3.570929e-05 6
5.431626e-05 1
1.086209e-06 48766
2.950561e-05 6
1.584350e-05 1
4.249917e-06 1
1.135915e-06 1
1.936602e-05 1
3.049175e-06 2
1.622225e-05 1
7.037511e-06 1
1.223023e-05 1
2.136237e-05 45451
8.817768e-06 1
9.651383e-06 5
4.925353e-05 4
3.332242e-06 1
1.489497e-05 2
4.425070e-05 3
3.007190e-06 1
1.218961e-05 5
1.581010e-05 1
1.197238e-05 1
2.965379e-05 2
7.099280e-06 9373
1.911006e-05 1
4.403890e-06 1
1.903823e-05 1
1.400093e-05 172
1.314941e-05 5
3.519554e-05 3
3.745678e-06 1
2.075119e-05 1196
1.359912e-05 3
9.069258e-06 120
1.340785e-05 1
5.439151e-06 1
8.226788e-06 1
1.159065e-05 2
7.275014e-07 3
1.148836e-05 184
7.455269e-06 1
1.962478e-06 3
1.946496e-06 1
1.020745e-05 1393
1.509278e-06 321
9.716469e-06 1
1.646954e-06 1
1.345640e-05 125
1.820518e-06 1
6.407784e-06 2
7.028068e-06 19333
3.767792e-06 1
1.019173e-05 1
1.718237e-05 1
6.946617e-06 1
4.056460e-06 3
2.885170e-05 1
1.585214e-05 1
7.904987e-06 1
6.424232e-06 2
1.603903e-05 1
1.150142e-05 119
3.609407e-05 119
2.631475e-05 213
1.271847e-05 1637
3.498042e-05 1
4.410482e-06 1
2.856936e-05 3
5.832650e-06 3
1.253412e-05 1
6.908333e-06 1
1.032253e-05 1
1.675847e-05 1831
1.215485e-06 1
7.393415e-06 7
1.248189e-05 7
3.673266e-05 1
2.378343e-06 1
5.642982e-06 2
1.748664e-05 1
6.942578e-05 3
7.241549e-06 1
1.115763e-05 1
1.345714e-06 2
7.082106e-06 1
2.354432e-06 3
2.794632e-05 1
8.300645e-05 1
8.548226e-06 1
6.116610e-05 1
8.236962e-06 1
6.406450e-06 1
4.428305e-05 1
3.545041e-06 6
1.064607e-05 1
3.363266e-05 1
1.924232e-05 1
2.559068e-05 2
5.769906e-06 1
2.666669e-05 30964
5.487326e-06 3
3.015952e-05 2
1.110225e-05 1
3.200348e-05 1
2.960651e-05 1
2.358754e-05 3
9.206543e-06 3
3.728068e-05 5
1.723790e-05 2
8.362703e-06 5
4.277088e-05 1
8.350840e-07 3
6.653351e-07 3
7.442884e-07 2
6.819088e-06 1
1.125924e-05 7
4.687864e-07 2
5.994453e-06 96
3.894688e-05 218
1.274501e-05 18273
1.031389e-05 1
4.558562e-06 6
3.490013e-06 1725
1.126751e-07 107
5.421507e-06 1
3.305906e-06 1
2.683585e-05 116
9.356801e-06 1
2.293337e-05 1
1.218976e-05 68
2.713219e-05 1
1.720432e-05 2
1.576377e-06 1
1.199140e-05 5
2.761723e-05 6
2.590001e-06 1
3.352572e-05 1
1.690013e-05 1
1.913181e-05 1
5.865788e-06 1
1.856678e-05 1
3.207649e-05 1
4.681497e-07 1
8.976177e-06 478115
8.486532e-07 235
2.484461e-05 5
6.308348e-06 84
1.627240e-05 1
2.662589e-05 3
2.323891e-05 3
4.458516e-06 1
2.134104e-05 1
7.011718e-06 2
8.672845e-06 1
7.849276e-06 1
1.481726e-05 57
2.473310e-05 1
4.354124e-05 1
2.072569e-05 1
3.330784e-05 1
1.114906e-05 1
1.841883e-05 142836
1.322826e-05 3
1.502994e-05 2
8.351306e-06 3
3.130894e-05 1
7.953961e-06 2
2.841350e-05 4
2.261527e-05 1
2.824149e-06 862
8.508715e-06 1
8.957508e-06 7
1.759347e-05 2
1.601603e-06 1
4.664181e-05 1
1.854642e-07 1
5.669998e-05 1
1.536074e-06 1
4.883964e-05 2
3.758919e-06 56548
3.233423e-05 1162
1.494708e-05 2
1.105025e-05 1
5.328088e-05 2006
6.280700e-06 3
8.537412e-06 54014
6.819412e-06 2
2.529247e-06 1
3.095405e-05 3
1.848148e-05 1
6.520642e-06 1
5.418262e-05 1
1.124317e-06 1
8.822778e-06 1
4.498335e-06 2
1.506438e-05 3
7.871168e-06 240
1.332405e-06 2
2.312988e-05 1
7.390276e-07 3
7.084083e-06 222
9.808025e-06 1
2.721771e-06 395
1.295363e-05 1
7.722148e-07 1
1.517767e-05 1
2.399121e-05 6
4.252638e-05 1
3.591646e-05 946
3.937474e-05 2
1.130547e-05 5
1.727743e-06 1
3.290053e-05 2
3.749864e-06 692
1.342191e-05 66
1.034137e-05 3
1.688680e-05 6
6.408731e-06 1
8.271188e-06 1
2.134421e-06 1
1.451315e-05 1
4.404004e-05 1
1.305091e-05 2
2.266885e-05 1
3.421175e-05 1
1.268921e-05 179
2.148236e-05 1149
2.434945e-05 33
1.878443e-06 8357
2.269410e-05 99
1.435293e-05 1
3.546038e-06 1
5.623450e-06 1
3.129782e-05 61
1.604917e-05 44362
4.739355e-06 1
8.016594e-06 1
4.982397e-05 1741
7.508601e-06 4
1.059345e-05 1
2.284225e-05 1
9.189569e-06 1
8.646521e-06 4
5.461285e-07 1
2.628367e-06 2
3.957007e-05 6
2.407420e-05 1
3.831969e-05 1
2.050653e-06 1
1.043071e-05 1713
1.053073e-05 1
1.151226e-05 117
3.081305e-06 1
3.526277e-05 1
1.050138e-05 1
1.028402e-05 1
1.673533e-05 206115
2.860421e-05 1
9.115899e-06 1
1.091839e-05 2
5.879360e-06 1
1.077280e-05 1
8.069400e-06 3
1.885602e-05 526129
3.224068e-05 41944
2.591797e-06 189
3.382366e-05 39576
4.967416e-06 3
1.727863e-06 1
3.440572e-06 258
9.273073e-06 7
3.839355e-06 1
1.590840e-05 1
2.734527e-06 4
1.218675e-05 2
1.403380e-05 1
6.157651e-07 123
1.060914e-05 1
1.279922e-05 1459
1.016857e-05 597
5.046523e-06 1
1.266035e-05 1
6.071958e-06 1
5.784203e-06 7
2.124192e-06 1
4.452822e-06 43
4.775881e-05 1
1.165443e-05 1
2.148523e-06 1
1.294355e-05 1
4.759803e-05 3
5.102633e-06 1866
8.867682e-06 1
2.759135e-05 1
2.250209e-05 3
2.341450e-05 1
3.526170e-05 1
1.142886e-05 1
4.244064e-06 2
1.145903e-05 1
1.469873e-05 3
1.233346e-05 58751
8.388311e-05 1
1.220238e-05 1
4.830098e-05 1
1.075415e-05 3
1.251904e-05 6
3.457124e-05 1
1.076801e-05 1
4.266668e-05 905
9.947940e-07 1
8.561868e-07 17594
1.131766e-06 1
1.586124e-06 869
3.187371e-05 1
2.280236e-05 8116
3.445452e-06 3
1.715925e-05 203
5.611939e-05 1
2.870268e-05 3
8.114209e-06 252
7.467444e-06 2
2.078888e-06 1
1.764108e-05 2
2.007748e-05 1
2.048675e-05 3
1.840025e-05 3
5.468876e-06 2
2.247222e-05 1
4.329269e-05 1
3.316841e-05 1
2.500590e-05 7
2.525748e-05 1
1.955964e-06 1
3.668801e-06 1
2.467641e-05 1
3.294907e-06 5
7.312325e-05 4
4.901978e-06 1
6.715045e-06 1
1.006682e-05 3
1.807708e-05 225
3.633734e-07 43137
7.244063e-06 1
1.111357e-05 1
3.252888e-05 1
2.600713e-05 3
4.796781e-05 1
2.536257e-05 1
3.870110e-05 6
3.129085e-05 2
1.658753e-05 1
3.982751e-06 1
2.511251e-05 2
5.353677e-06 3
1.218032e-06 4
1.243682e-05 1
2.538673e-05 3
4.226696e-05 195
5.930554e-06 3
2.174625e-05 1
1.256602e-05 1
1.254913e-05 1
1.542671e-05 5
2.522328e-08 1
1.979646e-05 1
2.490256e-05 2
4.249456e-05 126
5.511599e-07 2
1.622059e-05 1
6.308361e-06 1
1.859534e-06 3
2.142701e-06 6
2.097406e-05 3
1.218693e-05 2
7.582626e-06 1
1.163890e-05 1
9.454976e-06 1
9.853770e-06 1
3.265485e-05 1
3.933423e-05 592701
7.972171e-06 1
4.350030e-06 1
2.004498e-05 4
3.287648e-05 7
1.712629e-06 7
7.903201e-06 1
2.763997e-06 1
4.190542e-06 774
5.437569e-05 1
3.937919e-05 1
2.593289e-05 2
1.240249e-05 1
3.084887e-05 1
2.093255e-06 2
3.645487e-05 1
4.086792e-05 5
3.089141e-06 1
4.743746e-05 6
1.345128e-05 1
1.493532e-05 1
4.033038e-06 1
4.521657e-05 195
3.565851e-05 375308
1.265958e-05 183
6.741979e-06 1
3.409871e-06 3
7.956056e-07 1
8.140244e-06 1
6.188539e-06 7
3.321083e-05 1
5.312460e-06 1
1.411097e-05 1
1.234392e-05 43
1.732521e-05 2
3.912441e-06 252
2.999380e-06 2
3.536242e-06 1
1.656505e-05 3
2.308277e-06 1
3.562039e-06 33
1.760731e-05 1
5.233525e-05 1
5.125643e-06 1
7.306713e-06 7
2.372993e-06 31522
2.921134e-06 3
1.394656e-06 1
3.838838e-05 3
1.387019e-05 3
1.374970e-05 7
4.650224e-05 1600
7.340417e-06 1
1.386547e-05 1
9.562027e-06 1
3.389800e-06 1231
5.183182e-07 1
1.563150e-05 1
3.918638e-06 1
4.973483e-06 2
3.617770e-06 3
3.209892e-05 2
2.180200e-05 2
1.232293e-05 1
8.139935e-08 1
1.079813e-05 2
4.325711e-06 1
9.765047e-07 1
1.632302e-05 1
3.268158e-06 1
1.100342e-05 3
2.211401e-05 1
4.433659e-06 2
4.841576e-05 38614
1.363607e-05 1
2.625344e-05 1
3.070581e-05 3
7.181654e-06 438077
8.935636e-06 1
8.056281e-06 1
5.064171e-05 43
2.937408e-06 2
4.405177e-06 1
2.058397e-06 7
2.923367e-05 229
1.217014e-05 35732
5.197420e-05 3
6.629626e-06 2
1.705415e-05 1
5.001170e-07 1
4.513904e-05 3
2.921165e-06 1
1.287590e-05 1
4.487947e-05 1
2.668174e-05 2
1.142653e-05 3
2.531104e-05 4
2.197679e-05 3
4.955578e-07 38
8.206673e-06 1
1.004279e-05 1
3.862826e-05 1
1.119745e-05 7
7.965350e-06 1
6.786185e-06 2
1.144613e-05 2
2.977649e-06 3
1.791681e-05 1
1.008754e-05 2
1.135980e-06 1
1.192475e-06 2
1.646307e-05 1
3.678186e-06 1
6.840396e-06 151
5.217402e-06 224
1.861398e-05 1
5.331408e-05 2
1.163889e-05 50775
5.012921e-05 782
3.791891e-05 3
1.315187e-05 2
4.326385e-05 1
2.016958e-05 71
1.374497e-05 145
1.405516e-05 1
8.396231e-09 3
2.851762e-05 2
1.388833e-06 247
7.897187e-06 3
1.941860e-05 3468
3.646318e-05 1
7.953850e-06 3
2.180663e-05 1
9.615248e-06 1
1.169735e-05 1
3.422070e-06 1
2.194213e-06 1
2.134229e-05 1
2.208281e-05 406
1.728484e-05 162905
3.145225e-05 3
2.458777e-05 555088
1.555417e-05 1
2.449384e-05 386
1.448020e-05 2
5.055092e-06 1
1.445937e-06 1
7.880079e-06 7
4.019986e-05 247
2.717234e-05 1
4.440380e-06 2
4.998714e-06 1
5.882068e-06 2
5.290371e-05 204
3.075987e-05 6288
1.843577e-05 2
1.959669e-06 1
7.014164e-06 2
2.130473e-05 1
4.953506e-06 1
7.782166e-06 69
2.249724e-05 1
8.583225e-06 1
1.096538e-05 6
1.157861e-05 1
6.545264e-05 3
6.768861e-06 167
1.613660e-05 1
3.504009e-05 1
2.015588e-05 1
8.219446e-06 1
9.603140e-06 6
2.297226e-05 1
2.985508e-05 260
1.048258e-05 1
2.173834e-05 3
2.520751e-06 1
4.697910e-06 5
1.463785e-05 1
9.517129e-06 33
2.458681e-06 3
1.888977e-05 74
2.623640e-05 2
6.909380e-06 1086
1.221291e-05 1
7.558154e-06 3
1.236520e-06 1
9.754327e-06 1
8.592294e-06 1
4.853642e-06 1
4.384586e-05 160
6.106810e-06 1
1.221822e-05 1
1.610006e-05 1
3.839925e-06 1
9.935202e-06 7
3.237986e-05 1
1.122822e-05 229
1.805516e-06 1
1.011029e-05 111
4.076744e-08 196
1.994781e-05 1
3.393185e-05 1
5.017495e-06 1
5.346302e-06 992
4.024417e-06 1
1.432989e-05 5
6.839122e-05 6
3.372886e-06 1
1.034140e-06 7
2.986260e-05 4
2.649569e-06 1
3.282803e-05 65326
6.842691e-06 5
1.160929e-06 258
4.773007e-06 1
9.279499e-06 293
8.443154e-06 2
1.019098e-06 1
1.255820e-05 1
7.417005e-05 1
9.033637e-06 1
1.701031e-05 1
9.624813e-06 1
8.831525e-06 1
2.498893e-05 1
6.816700e-06 1
1.122303e-05 7
7.358323e-06 161
1.698723e-05 1
1.386978e-06 3
9.285396e-05 225
3.559714e-05 3
3.708277e-05 1
3.040972e-06 1
1.908740e-05 2
8.584557e-06 2
2.512161e-06 386
2.500142e-05 2
1.777786e-05 34091
1.321264e-05 6
2.713840e-05 1
4.863166e-06 2
1.470911e-05 1
8.096012e-07 1
5.522243e-06 1
1.163281e-05 1
1.968852e-05 7
1.304385e-07 4
1.847009e-05 119
2.000734e-06 116
2.194686e-05 5
1.254374e-05 3
1.245827e-05 3
1.573731e-05 1
2.851886e-05 3
1.889776e-05 1
3.926881e-05 635453
4.086562e-05 5
3.185630e-05 4
5.880119e-06 3
6.618731e-06 1
5.380843e-07 1294
2.246912e-05 245
2.734950e-05 4
3.162675e-05 1
2.248413e-07 3
1.016270e-05 1
2.418170e-05 1
2.223305e-05 1
9.987396e-06 1
3.769868e-08 1
4.044677e-06 1
1.485606e-06 1
1.278505e-05 164
7.075819e-06 1
3.494659e-06 242
2.635693e-05 1
4.216989e-06 233
8.223471e-05 1
2.561976e-05 1
1.043866e-05 1
1.691065e-05 1
5.233465e-06 1
1.710338e-05 1
4.711458e-06 2
2.339654e-05 4
1.998269e-05 1
5.224256e-06 1
1.756131e-06 3
7.649447e-06 1
9.437578e-06 48
2.584312e-05 7
2.678216e-05 1
3.712616e-05 1
9.620843e-06 203
9.771436e-06 3
2.668623e-05 1
3.650620e-06 1
8.771658e-07 1
7.007435e-06 6
2.819420e-05 6
7.677021e-05 1
1.328912e-05 1
8.022703e-06 1
1.505527e-05 1
4.059244e-05 46
3.612724e-05 54
3.335638e-06 34
2.436516e-05 1
3.482276e-06 182
7.080985e-06 2
3.361575e-05 1
1.521200e-06 1
1.966538e-05 2
1.690880e-06 2
2.508807e-05 1
5.922966e-06 176
2.572065e-05 1852
4.935174e-06 3
4.917191e-06 7
1.936302e-05 1
3.513469e-05 217
2.163450e-05 2
8.036809e-06 2073
2.475812e-05 1
9.806292e-06 232
3.288462e-06 2
1.413430e-06 239
1.322407e-05 1
7.767004e-07 3
4.064708e-05 1
6.656552e-06 1
3.011860e-05 4
2.153137e-05 1
1.033629e-05 4
1.069778e-05 4
4.889258e-07 1
1.725375e-05 1
4.497225e-06 1
2.058670e-05 1
6.118246e-06 2
7.139560e-06 1
9.611861e-06 15
1.469503e-05 37280
2.874249e-07 1
6.048262e-05 1
1.038049e-05 2
1.700214e-05 520
9.108512e-06 113
1.339302e-05 1
2.889583e-06 2
1.275772e-05 17044
9.329137e-06 1
2.217140e-05 1
1.442975e-05 20830
1.045753e-05 4
2.050631e-05 2
2.121617e-06 1
1.895601e-06 2
3.940111e-06 1
3.829618e-05 2
1.201287e-05 1
2.920933e-06 218
1.484945e-05 24143
2.443526e-06 1
7.052434e-05 1
6.503753e-06 1
3.022967e-05 22737
6.360831e-06 1
9.288966e-06 204
7.310194e-06 1
1.555086e-05 2
1.049231e-05 1
2.879968e-09 1
1.614854e-05 1
6.464170e-06 21035
1.496377e-06 3
9.988934e-06 1
4.007398e-06 6
5.901415e-06 1
2.632370e-05 1
1.627522e-05 120
3.216117e-05 1
6.495259e-08 1
3.879478e-06 1081
7.649744e-06 1
1.816393e-05 431
9.571066e-06 1
2.552156e-05 2
1.194332e-05 1
1.257938e-07 2
3.579590e-06 1
1.009171e-05 1695
6.645746e-06 1
1.054199e-05 159
1.608280e-05 4
4.527613e-07 1
3.955110e-05 265
8.123386e-06 4
3.763185e-06 1
5.835274e-06 1
3.130094e-05 1
1.084534e-07 5
4.756160e-06 1337
1.401546e-05 1
7.201486e-06 2
2.448881e-05 3
4.338926e-06 1
2.751305e-06 1
1.473985e-05 1
1.881701e-05 3
1.092251e-05 9057
9.919820e-06 1
1.177368e-05 4
3.090779e-06 1
2.132489e-05 1
6.731589e-07 40
3.290118e-06 1
1.410534e-06 1
7.291136e-05 198
8.147496e-06 7
1.488440e-05 1
1.459737e-05 1
1.310328e-05 795
4.667341e-06 1
1.504224e-06 3
2.726632e-05 216
2.171308e-06 3
1.691222e-05 1
8.920466e-06 4
3.730334e-05 1
5.918693e-05 1
2.833275e-05 1
1.061034e-05 147
2.454489e-06 1
2.152532e-05 1
1.842768e-05 120389
1.659481e-05 1
1.980911e-05 1
1.299117e-05 1
4.794712e-06 298
2.579067e-05 1
2.493112e-07 1
1.478893e-07 1
1.151702e-05 1
2.924367e-05 1
1.643172e-05 14721
6.187099e-05 1
7.404845e-05 3
2.010292e-05 534475
1.922929e-05 7
1.110582e-06 1
1.681097e-05 1
3.795414e-06 1
8.901966e-07 2
4.334341e-05 3
7.748197e-06 266
2.806400e-05 105
2.671854e-05 4
2.033896e-06 2
1.218803e-05 1
1.615928e-05 1
3.149267e-05 1
9.885745e-06 4
1.374008e-05 1
1.268795e-05 5
2.470782e-05 2
1.659423e-05 601971
1.946208e-05 15
1.807500e-06 3
2.348753e-05 7
2.021277e-05 1
5.019991e-05 2
1.050365e-05 2
1.964252e-05 1
3.838878e-05 1
2.361387e-05 1
9.791284e-06 4
2.418183e-05 172
6.113607e-05 1
3.443823e-05 1
4.243964e-08 195
1.019673e-05 1
9.279520e-06 1
1.840027e-06 1
3.441120e-06 1
2.739274e-05 2
1.493866e-05 1
1.396948e-05 3
3.103231e-06 2
5.318784e-06 9
2.190517e-05 1
9.522796e-06 4
1.798946e-05 2
8.598345e-07 1
3.306850e-05 1
1.014084e-05 1
1.695304e-05 3
1.263521e-05 1
3.902058e-06 255
1.465768e-06 1
4.411863e-05 3
6.233878e-06 1
3.478999e-06 3
6.587929e-06 1
1.144977e-06 2
7.894603e-06 58717
8.882931e-06 157
3.536637e-05 1
1.578126e-05 1
3.979947e-07 261
4.577669e-06 1
4.294493e-06 212
1.980797e-05 1
1.385650e-05 252671
5.241608e-06 3
3.080783e-05 2
5.717305e-06 2
3.276717e-05 1
1.767797e-05 3
1.878700e-05 1
3.097118e-06 1
4.992393e-06 3
1.177767e-05 1
2.868926e-05 1
2.670223e-05 1
9.347760e-06 1002
4.725292e-06 52082
3.889869e-06 1
2.723856e-07 2
1.645483e-05 1
2.651143e-06 1
6.480274e-06 1
1.586406e-06 1
5.441207e-05 1827
1.836592e-05 1
1.342418e-05 5
1.221793e-05 3
4.985426e-05 2
3.375849e-05 3
4.650341e-05 1600
3.380254e-05 2
7.878975e-06 1
4.588820e-06 1
1.604983e-06 4
2.113318e-06 1
9.201228e-06 10750
9.345048e-06 1
5.228999e-06 3
1.962452e-05 1
1.145895e-05 1
7.980213e-06 1
9.135020e-07 2
4.669947e-05 3
1.771644e-07 3
4.263564e-05 1812
6.345282e-06 3
4.098141e-06 2
7.167260e-06 1
4.146669e-07 2
1.345996e-05 1
4.024780e-06 1
1.658497e-05 145
1.929863e-05 3
3.527819e-05 7
5.238498e-05 1
1.503941e-05 1
6.904868e-06 9
9.835405e-06 1
1.421140e-05 1
3.016240e-06 3
2.001652e-05 2
1.960819e-06 7
2.153382e-05 2
8.406562e-06 3
8.487558e-06 6
5.699314e-08 201394
3.081036e-05 3
7.856721e-06 1
4.265381e-05 1
2.622770e-06 7
1.154903e-05 111
1.835392e-05 1
6.800811e-06 1
1.571555e-05 1
4.130429e-06 3
2.717877e-06 1
9.152422e-06 1543
5.499631e-06 2
4.250211e-06 1
9.825833e-07 1
3.158964e-05 1
8.091003e-07 1
1.965164e-05 1
1.476840e-05 1
1.009625e-05 22881
1.379726e-05 1
3.595894e-06 1
2.781188e-06 1
1.382145e-05 3
5.165134e-05 1
1.861276e-05 7
1.943539e-05 1
3.592176e-05 5
1.215139e-05 1
8.903303e-06 47408
1.519283e-05 4
6.555873e-05 165
4.161251e-06 2
2.153797e-06 195
3.319296e-07 10537
1.873024e-05 1
1.588616e-05 1
1.144371e-05 1
7.785983e-06 1
1.472887e-06 2
6.150044e-06 1
2.656356e-05 4
4.662594e-05 1
1.224080e-05 28635
6.121053e-06 3
2.850053e-06 5
4.018651e-06 2
3.449673e-05 1
1.334958e-05 1164
1.989987e-05 558
5.322632e-05 3
9.167228e-06 3
1.552946e-05 4
1.258370e-05 1
2.144601e-07 1
6.577613e-06 1
1.767212e-06 30125
3.621788e-05 242
1.566586e-05 5
1.437218e-06 1
2.692852e-06 1
9.112607e-06 1
2.675723e-05 248
2.937000e-07 1
1.868540e-05 1
7.577836e-06 1
9.076138e-06 1756
6.290484e-06 1
2.993192e-05 1
6.294256e-06 24
1.418688e-05 2
5.345994e-06 1
9.312294e-06 5
1.991514e-05 4
6.405142e-06 2
4.499011e-06 1
1.520740e-05 2
3.342866e-05 94
1.115857e-05 4
3.469468e-06 28314
3.641231e-05 3
6.543678e-06 6
7.653834e-05 2
1.714173e-05 2081
5.183564e-06 6
2.932079e-05 559
1.111912e-06 1
2.291293e-05 1
6.233924e-05 1
5.246375e-06 3
1.551022e-05 3
2.727795e-05 3
1.787646e-05 1
1.203228e-05 3
1.852045e-05 1
1.349371e-05 1
1.446275e-05 7
2.406779e-05 181
9.417852e-07 204
9.791669e-06 3
7.646131e-06 3
3.838572e-05 1
5.111484e-07 6
4.475953e-06 1
1.252786e-05 1
7.128725e-05 3
2.036712e-05 1
3.589195e-05 3
1.173545e-05 1
3.337376e-06 1
4.475519e-05 1170
4.494778e-06 1
3.615288e-05 2
8.041073e-06 2
4.319477e-06 1
6.053346e-06 1
1.698380e-05 1
3.008421e-05 27348
1.423947e-05 3
7.617210e-06 1
6.246725e-05 1
2.996297e-05 1
5.073570e-06 1
2.101962e-05 1
7.388706e-06 8752
3.504379e-06 1
8.149920e-07 1
2.195529e-05 161
6.532555e-06 1
2.108285e-05 1
3.108715e-05 1
3.509784e-05 2
2.021468e-07 1
6.116827e-06 2
2.037435e-06 1
2.527681e-06 3
3.678952e-06 3
2.062736e-06 2
3.319151e-06 2
8.003004e-06 2
2.581922e-06 1
1.473689e-05 1
1.677647e-07 1
2.527540e-05 30
1.443649e-05 1
1.815588e-06 1
1.677950e-05 1
4.283557e-05 1
9.223324e-06 1
2.225521e-05 1
1.482339e-05 1
2.522902e-06 340
3.614869e-06 1
1.123697e-05 1
1.679310e-05 3
5.826828e-07 5
2.758056e-05 260
1.900894e-05 1
1.158135e-05 1
1.640405e-05 2
5.750784e-06 1
5.205391e-05 6
1.591782e-05 102
3.274204e-05 1
1.644250e-05 1
3.092281e-05 1
1.951369e-06 258
2.181324e-05 1
1.149749e-05 3
6.385933e-06 5
2.254465e-05 3
1.018573e-05 552
9.588807e-07 1
1.080813e-05 1
3.234290e-05 1
1.170097e-05 3
2.803171e-05 1
1.177304e-05 1
4.788501e-06 1
2.639155e-05 1
8.026987e-06 1
1.681608e-05 1
4.506812e-05 1
1.885180e-05 5
6.944928e-06 1
7.184641e-06 2
3.077385e-05 86
1.647813e-05 1
2.988279e-05 1035
8.553725e-06 3
7.460231e-06 1
7.757861e-06 138
1.932034e-05 1
5.971566e-06 3
9.838228e-06 1
8.324882e-06 3
1.842144e-05 1
2.393636e-05 31246
8.720002e-06 1
3.306537e-06 169
1.039585e-05 3
8.471414e-06 1
2.763562e-07 1
1.001012e-05 1
1.440357e-05 1
1.455829e-05 1
1.583904e-06 2
6.249983e-06 5
1.396232e-05 1
2.562873e-05 1
8.695669e-06 1
4.008824e-05 1
1.695817e-06 21
9.723355e-06 1
2.894128e-05 2
1.770502e-05 39214
2.226309e-05 1
7.868296e-06 1
6.790703e-06 35
2.221459e-06 3
1.314425e-05 172
1.463342e-05 3
1.468333e-06 1
1.413319e-06 1
2.457089e-06 622
1.329034e-05 1
1.529546e-05 56
2.067649e-06 222
1.974187e-05 1
4.846596e-06 3
1.558987e-06 192
1.345928e-05 4
7.712518e-06 1
5.521672e-06 1
2.914748e-05 5
5.245280e-05 1
9.824215e-05 1
2.879155e-05 3
1.912330e-06 207
3.724020e-06 1
9.869414e-06 49168
1.068606e-05 1
2.951969e-05 7
5.164849e-06 4
1.050746e-05 1
4.255764e-06 1
1.292559e-06 6710
9.191641e-07 1
2.458184e-05 16
3.373285e-06 1
3.151189e-05 1
4.407863e-07 1
1.665061e-06 1
1.433459e-05 929
2.002728e-06 3
2.747303e-06 40372
9.126997e-06 2
1.250354e-05 3
1.580968e-05 2
1.706268e-05 1
6.596696e-06 1
3.721621e-05 1
1.657458e-05 1
1.006775e-05 1
5.201846e-06 3
6.175138e-06 3
3.241602e-05 4
6.495211e-05 1
1.199761e-05 3
1.566763e-05 1
5.274111e-07 2
2.452033e-05 1
2.784330e-06 2
5.772241e-07 1
2.198956e-05 95
1.237681e-05 2
1.021947e-05 1
9.387482e-06 1
2.471730e-05 1951
1.418724e-07 1
2.099920e-05 1
1.462068e-06 3
5.501043e-05 3
1.532396e-05 3
2.608519e-05 1
2.383830e-05 1
4.402211e-05 93
9.131898e-06 1
5.426952e-06 2
1.430108e-05 1
6.777256e-06 1
3.614791e-07 7
9.361079e-06 1
9.072118e-05 1
9.389430e-06 2
5.044463e-06 3
1.913991e-05 1
1.193840e-05 1
3.827557e-05 3
1.120920e-05 1
1.140554e-05 2
1.154506e-05 1
1.284089e-05 9017
7.996010e-07 1
3.658873e-05 1
2.521121e-05 2
1.391913e-06 1
4.735779e-07 3
2.545989e-05 2
1.716117e-05 2
1.653377e-05 25
2.151981e-05 1
1.687869e-05 3
2.854227e-05 1
8.448357e-07 1
7.716763e-05 7
1.891895e-05 6
5.953684e-05 141
5.004753e-06 1324
5.606750e-05 4
2.683139e-05 1
3.771548e-05 1
5.275213e-05 5
8.279099e-06 1
9.823785e-06 1
5.229443e-06 1
3.455356e-06 1
5.298774e-06 1
6.666700e-06 1
2.352255e-05 1429
1.075457e-05 4
2.029016e-05 1
2.018899e-05 1
6.918720e-07 1
1.008053e-05 1
2.138304e-05 2
1.576884e-05 1
5.676872e-06 1
1.927407e-05 1450
5.617027e-06 1
3.246718e-06 3
2.860423e-06 1
1.310383e-05 3
9.140611e-07 1
5.405975e-07 1
3.925774e-06 3
1.223392e-05 1
5.352619e-05 35259
1.382259e-05 2
5.639622e-06 1
4.705491e-05 1
2.836694e-05 1
5.042588e-06 4
2.881989e-05 1
6.619607e-06 1
1.499281e-05 1
2.021830e-07 2
8.959421e-06 1
5.327945e-07 1
2.064282e-08 1
1.420967e-05 3
1.478058e-05 166450
3.462057e-05 2
4.585752e-07 3
1.122202e-05 4
3.180935e-06 1
1.700048e-05 6
1.563480e-05 1
5.163061e-06 2
4.985732e-07 1
5.918453e-07 5
5.693813e-06 1
5.235083e-06 1
7.587063e-06 1
1.853831e-05 2
1.861859e-05 1526
1.988909e-05 35
1.029791e-06 3
4.908177e-06 1
1.434465e-05 1
3.700082e-06 5
3.232624e-05 3
6.865403e-06 1
7.471272e-06 1
9.816717e-06 230
2.402820e-05 878
6.417945e-06 3
5.858153e-06 1
2.032460e-06 1
4.707581e-06 1517
1.463077e-05 2
8.498252e-06 1
2.057429e-05 1
2.536235e-05 1
7.041306e-06 5
9.787707e-06 1
3.240375e-05 3
3.487724e-05 163
1.070575e-06 1
1.117854e-05 60086
2.352692e-06 2
6.044235e-05 1066
5.458342e-06 2
2.457733e-05 7
5.390497e-06 1
5.524624e-05 1
2.447095e-05 3
1.553301e-05 1
5.728468e-07 1
2.229993e-05 1
1.889529e-05 1
5.771927e-06 3
9.575037e-06 1
1.744322e-05 4
6.899551e-06 10
7.586915e-05 175659
5.278788e-06 1
2.061353e-06 1
2.155697e-05 6
5.517821e-06 1
1.005679e-05 1
3.469142e-06 1
7.598035e-06 59015
3.977149e-07 1
1.524409e-05 1
7.495266e-07 1
3.348870e-06 1
8.974968e-06 1
1.468334e-05 3
4.160708e-05 362
5.668340e-05 1
7.033924e-06 1
1.111415e-05 185
1.241747e-05 1413
1.303723e-05 7
4.946401e-05 1
3.956143e-06 7
1.960551e-05 4
3.672272e-05 1
1.423782e-06 172
6.203890e-06 5
4.881398e-06 1
3.334857e-05 1
6.693336e-06 1
3.225322e-05 1
1.468304e-05 75
2.185029e-07 1
1.235113e-05 232
4.577049e-05 1
1.291362e-05 1
8.454929e-06 2
1.835064e-05 2
1.417361e-05 661794
6.316651e-06 2
7.177930e-06 1
2.571496e-06 1
1.378927e-06 2
1.327794e-07 1
1.278772e-05 2
1.070558e-05 193
8.957274e-06 1
4.936920e-06 1
4.756722e-06 1
8.081700e-06 5
1.902980e-06 1
5.778296e-06 4
7.101746e-06 1
5.060627e-07 97
8.787785e-06 3
7.953641e-06 1
8.502502e-06 44
1.306873e-05 1
5.831657e-05 3
1.219823e-05 1
6.386804e-05 2
4.312629e-06 1
3.506938e-06 3
6.077182e-06 1
4.586862e-08 1
1.187056e-05 1
3.509624e-05 1
1.998695e-05 1
6.910858e-06 1
3.101656e-06 1
3.486230e-06 1
8.652167e-06 1
1.136223e-05 1
3.235742e-05 7
1.308112e-07 1
2.176085e-05 6
3.611603e-05 1
6.389915e-06 3
2.645586e-05 1
1.147555e-05 1
3.216647e-06 1
1.837330e-05 3
1.165532e-05 1
8.912964e-05 1
6.608326e-05 1
6.381566e-06 2
3.813440e-06 5
3.043798e-05 4
3.801311e-06 1
2.112616e-06 3
7.101197e-06 1
4.556728e-06 2
2.569475e-05 6
3.068887e-05 3
1.902961e-06 3
3.222916e-06 268038
3.448506e-05 115
2.595385e-05 1
3.171468e-05 105
5.335667e-05 1
9.670475e-06 1020
3.860000e-06 1
2.966383e-06 3
1.109576e-05 1
1.471336e-05 1
3.083051e-05 2
1.450987e-05 5
2.580913e-05 1
7.966447e-06 1
3.035805e-05 1
5.986682e-07 1
5.421915e-05 1
7.436180e-06 1
6.592133e-06 609297
3.095699e-05 1
1.023392e-05 7
1.349937e-05 1
2.628800e-05 3
1.125073e-05 2
1.185363e-05 1
9.696670e-06 1
8.252857e-06 5
1.764853e-05 1
