1.960004e-04 1
2.000821e-04 1
9.218575e-06 5
2.066667e-04 7
2.055672e-04 1
8.859984e-06 1
5.370949e-05 2
6.124164e-05 1
1.142607e-05 7
8.441958e-05 4
8.916480e-05 1
4.703542e-05 15
6.140588e-05 2
1.535785e-05 1
2.164122e-04 3
8.036339e-05 1
3.733413e-05 1
1.069338e-04 1736
7.168407e-05 1
7.423054e-05 6
1.325326e-04 3
6.035139e-05 1
5.125518e-04 1
3.586805e-04 2
1.057413e-04 1
2.781479e-04 1
1.378225e-04 125
3.985746e-04 1
5.551809e-05 3
2.054246e-04 1
5.923747e-05 1
1.023640e-05 1
4.839130e-06 1
1.314841e-04 3
5.081187e-06 1
1.497579e-04 10456
8.202860e-06 1
7.033507e-05 202
7.027084e-05 6
1.920514e-04 1
5.032408e-04 3
1.156234e-04 1
7.806003e-05 2
6.220321e-05 1
4.118628e-04 1194
4.429962e-04 1
1.412129e-04 1
4.337635e-05 3
2.798422e-04 1
1.068856e-04 1
1.792210e-05 1
5.493619e-04 1
2.059659e-04 1
2.745573e-04 1
5.979778e-05 1
7.354722e-05 3
1.142338e-04 6
5.202915e-05 1
1.158058e-05 34
4.493302e-04 1
1.320574e-04 1
2.122524e-04 1
1.205664e-04 6
3.004856e-05 1
3.692770e-05 3
5.758322e-05 1
2.947469e-06 1
1.134397e-04 1
3.292456e-06 1
3.708919e-05 2
1.203731e-04 1
1.998811e-04 1
3.786964e-04 1192
1.798826e-04 140
9.757759e-05 3
2.780682e-05 6
1.642482e-04 1
3.490423e-04 1
3.523619e-04 1
6.038144e-05 8
7.580972e-05 1
4.518248e-05 1
6.152907e-05 1
2.777785e-04 3
1.244769e-04 1
1.639455e-04 1
4.280550e-05 241
3.250937e-05 3
3.584127e-05 1
8.800215e-05 2
2.729730e-04 1
6.928986e-05 666
1.147675e-04 1
1.922526e-04 3
1.759613e-05 1
1.418949e-04 1
2.513237e-05 3
1.990765e-04 919
1.665902e-05 6
7.511727e-05 5
3.519730e-05 847
3.839041e-04 205
4.956768e-05 3
7.249660e-05 1
2.296217e-05 1
1.009665e-04 70
1.167720e-04 1
5.748830e-05 1
6.457977e-05 1
2.574983e-05 5
1.942880e-05 1
9.021260e-06 1
8.826744e-05 1
3.822925e-06 1
2.396277e-05 2
8.134741e-05 1
1.600934e-05 791
8.182893e-05 238
2.097095e-04 2
7.080122e-07 1
1.158023e-04 2
8.241797e-05 3
8.030786e-05 1
1.027150e-04 6
6.516267e-05 2
3.581199e-05 5
9.334912e-05 1392
9.846136e-05 2
1.840695e-06 1
6.210088e-05 1654
1.826536e-04 5
3.740291e-04 3
2.564896e-05 113
3.259377e-04 1
6.565708e-05 1
1.513128e-04 7
3.304770e-05 1
4.213240e-05 23
3.073922e-04 198
8.381011e-05 1
2.032485e-05 237131
3.077891e-05 1
7.050004e-05 17815
8.757464e-05 1
4.771823e-05 1629
1.333848e-08 2
1.048246e-04 1
1.121169e-04 1
4.156831e-05 1
1.326257e-04 2
9.399552e-05 1
3.763354e-05 1
2.735923e-04 733
1.484561e-04 5
3.306851e-04 241
6.277273e-05 3
1.772312e-04 10
4.578282e-05 1
6.603623e-05 1
1.304667e-04 1
1.462226e-05 1
1.751788e-05 168
3.381758e-05 249
1.350000e-04 3
3.708677e-05 3
1.495758e-04 6
1.251859e-04 1
3.578338e-05 1
2.012962e-05 169
8.595624e-05 3
1.536680e-05 1
5.244231e-05 1
1.897364e-04 1
1.955186e-04 1357
5.322625e-05 3
2.877428e-04 2
1.080828e-04 3
6.005695e-05 1
1.469311e-05 4
1.633571e-04 210
2.730506e-05 1
1.572689e-04 1
2.284914e-04 1
2.114619e-04 3
1.929757e-04 1
1.593719e-04 445
9.354598e-05 1
3.072480e-05 1
4.141169e-05 1
1.077920e-04 1
4.364945e-05 3
1.032664e-04 1
3.968120e-06 676
1.986764e-05 2
9.440404e-05 89
5.344075e-06 3
3.098998e-05 1
1.394299e-04 1
2.638287e-05 1
7.597578e-05 47
2.453422e-04 1
9.449376e-06 3
1.512820e-06 5
1.078625e-06 3
2.136928e-05 1
9.955964e-05 2
3.841160e-06 170
2.024173e-04 173
2.916337e-05 2
1.552582e-04 1
2.618885e-04 6
8.634235e-05 1
1.785127e-04 234
1.372671e-05 1
1.055222e-04 1
1.940461e-05 1
7.656696e-05 4
1.188979e-04 1
1.693847e-04 1
1.663563e-04 1
2.205919e-04 1
2.229419e-05 1
1.357376e-04 128
7.405266e-05 3
2.098061e-04 1
9.253535e-05 5
3.133881e-05 4
1.380815e-05 4
2.256081e-04 2
1.052940e-04 1
7.966437e-05 1
1.135923e-04 1715
5.988418e-05 7
7.384823e-05 6
3.168064e-05 1
1.340359e-04 451768
9.536013e-05 579
1.788251e-04 1
1.095683e-04 1
1.796586e-04 3
6.137704e-05 37206
6.819013e-04 3
8.655624e-05 1
1.318664e-05 228
1.284413e-04 7
7.234019e-05 1
1.899412e-04 1
6.380145e-06 4
9.139129e-06 2
4.851482e-05 1
2.349336e-05 1
1.625357e-04 468
1.077654e-05 1
3.621805e-05 3
6.309852e-05 6
2.531870e-04 1
9.018260e-06 1480
4.740437e-06 1
1.987737e-05 6
7.793236e-05 1
1.696796e-05 119
2.503927e-04 1
4.250783e-04 3
3.180902e-06 1
1.080369e-05 3
3.981232e-05 5
1.769815e-04 2
1.125661e-04 3
5.892506e-05 1
2.258130e-05 56
7.531192e-05 1
1.058318e-04 1
3.525121e-04 1
7.863993e-06 1
7.692446e-05 1
2.667661e-04 1
6.936519e-05 24
1.306308e-04 3
5.032483e-04 5
1.277044e-04 3
5.717597e-07 2
1.580938e-04 1
2.096263e-04 160
2.388605e-05 2
2.256347e-05 309
3.986514e-05 1
3.382944e-05 1
9.186790e-05 1
9.393917e-05 1665
8.890906e-05 1
4.431920e-05 1
2.417237e-04 53
8.722655e-05 1
4.472642e-04 1
3.047206e-04 1
1.978356e-05 1
9.825052e-05 24
9.849002e-05 1
1.235712e-04 5
3.279340e-05 1
5.807588e-05 1
1.414449e-04 2
2.766421e-04 1
2.307018e-05 1
2.238528e-04 2
2.489745e-04 3
3.863598e-05 1
2.879289e-04 1
6.799513e-05 1397
4.644033e-05 39083
4.184363e-06 1
4.632040e-05 2
1.126724e-04 1
5.621947e-05 3
8.949765e-05 219
2.115822e-05 1
3.606858e-04 2
1.375439e-04 3
1.803985e-04 118
9.244119e-05 1
1.353584e-04 1
2.876012e-05 3
1.902969e-05 2
3.859721e-04 1
1.297154e-04 7
4.722111e-05 5245
7.938049e-06 5
9.823226e-05 3
1.135610e-04 1
1.302308e-04 15359
1.296019e-04 7
3.510763e-05 1
2.349394e-05 1
4.301557e-05 1
8.390217e-05 167
4.190952e-05 1
4.818968e-05 1
9.587253e-05 2
1.581528e-05 152
1.967750e-04 1
2.390291e-05 3
1.045312e-04 1
6.372236e-05 3
1.951682e-04 1
2.159388e-05 1
5.967771e-05 1
3.719644e-05 61430
1.259638e-05 3
1.123592e-05 1
1.112159e-04 1
3.596700e-05 1242
1.655109e-04 1
7.498018e-06 1
8.984980e-05 101
5.398493e-06 1
1.968342e-06 2
3.747296e-05 3
1.856172e-04 496979
2.821379e-06 1
5.207170e-05 316893
9.349694e-05 7
3.236252e-04 494
8.118352e-05 1
6.162819e-04 1
1.463116e-04 2
6.247732e-05 1
6.457540e-05 1
4.250896e-05 1
2.431731e-04 1
5.795516e-05 2
2.216267e-04 3
2.558286e-05 1
2.068163e-04 1
1.288825e-05 1
1.812173e-04 1
5.936352e-05 1
2.286591e-04 1
3.040308e-04 1
2.137360e-04 3
1.188993e-04 7
4.846637e-06 1
1.134529e-04 3
2.751238e-04 1
5.251507e-05 1
7.078853e-05 1
8.159865e-05 232
6.569580e-05 1
2.235750e-05 1
5.522415e-05 1
8.037998e-04 7
2.747621e-04 1
6.792806e-05 1
1.949300e-04 2
6.366410e-05 1
3.250114e-04 234
2.015584e-04 579
1.882420e-05 1
5.868035e-04 173896
1.946084e-04 13201
1.529210e-04 187
1.853122e-04 7
1.244926e-04 1
1.187235e-04 3
1.582581e-04 1
2.380545e-05 1
3.571903e-05 1
1.673928e-04 140
1.989325e-04 1
2.517171e-04 4
1.463154e-04 3
1.160630e-04 1
6.224572e-05 241
2.251120e-05 7
2.204834e-04 4
2.954295e-04 24212
9.846014e-05 1
2.154801e-05 1756
3.447724e-04 325
1.496888e-05 5
9.647209e-06 1
1.769121e-04 7
9.366786e-05 1
8.694129e-05 7
1.545307e-05 1
2.573868e-04 1
1.695988e-04 114
6.109234e-05 1
4.096775e-05 3
4.043489e-04 1
2.874500e-05 1
2.145895e-04 1
1.516575e-04 1263
2.656699e-05 1
3.215302e-05 7
9.243309e-05 1
1.247683e-04 1
6.724458e-05 1
2.358182e-05 2
1.343766e-05 6
5.562171e-05 2
1.035856e-04 1
8.405392e-05 2
8.718098e-05 3
1.474560e-05 1
4.088997e-04 3
1.800680e-05 1
9.321301e-05 3
4.769884e-05 2
1.623873e-05 1
5.915115e-05 1
9.817413e-06 1
3.060908e-05 1
4.893212e-05 1
8.539456e-05 1
3.240315e-05 1
3.366112e-05 1
2.721636e-05 54516
9.234078e-05 2
1.411520e-07 1
1.608508e-05 1
5.961987e-06 1
1.177085e-05 1
1.187930e-05 2106
5.533872e-05 660
1.631662e-04 42718
4.711081e-05 32
7.379304e-05 7
7.305330e-05 1
3.093373e-05 3
1.906678e-05 1
2.936778e-04 1
2.655780e-05 1
1.094808e-04 245
1.275578e-04 4
2.812484e-04 1
7.244589e-05 654
2.927741e-04 1
1.525746e-04 246
3.763179e-05 1
1.789473e-04 4
3.036653e-06 19
3.163833e-04 10325
1.172622e-04 6
2.198330e-04 1
5.570881e-05 2
6.352918e-07 3
1.565980e-04 1
5.692812e-06 3
7.085785e-05 90
1.699867e-04 18
1.198120e-04 2
1.624697e-05 1
1.566407e-05 1
3.395599e-05 3
2.177966e-06 9
6.871236e-06 4
3.635387e-05 1
5.146659e-05 1
1.735790e-04 6
7.332690e-05 1885
9.483491e-05 2
2.775526e-04 1878
6.913085e-06 2
1.387610e-04 2075
5.473097e-05 205
5.400232e-05 6
6.395840e-05 5
4.662846e-04 1
8.999177e-05 3
1.279962e-04 1
2.598016e-05 4
6.704646e-06 5
3.111854e-04 1
1.454641e-05 7
1.732062e-04 5
1.654692e-04 1
2.230522e-04 2
1.133740e-04 3
1.504058e-04 1
1.086256e-04 2
4.342582e-05 1
2.839360e-04 510229
2.674506e-04 64142
2.551634e-04 6
4.107840e-04 2
1.299865e-04 1
5.165468e-05 1
1.799816e-04 436
5.422075e-05 1
1.176622e-04 3
4.590659e-04 2
3.120729e-04 344734
9.775079e-05 2
1.013334e-04 3
3.736470e-04 1
1.000237e-04 1
3.290273e-04 1
1.768667e-04 3
5.883542e-04 1
3.739294e-05 3
2.279377e-06 1
1.050276e-05 2
1.750734e-05 1
7.712371e-05 2
5.482080e-04 1
9.243760e-05 2
1.138099e-04 1
1.142790e-04 1
1.610005e-04 5
1.098032e-04 1
3.636350e-04 1
6.650531e-05 3
4.063566e-05 1
1.203339e-04 120
1.211319e-04 1
4.946036e-05 5
6.027868e-05 159
2.747146e-04 1
3.145522e-05 5
1.932531e-04 2
8.466458e-06 37143
3.424618e-07 3
4.017150e-06 1
1.767188e-05 1
1.250183e-04 1
1.130235e-05 1
7.352561e-05 1
1.424037e-04 7
1.445014e-06 434122
2.285223e-04 1
1.662641e-04 1
7.263042e-05 1
6.787629e-05 3
2.040998e-04 1
1.161765e-05 2
1.190574e-05 2
1.985299e-04 1
2.160006e-04 1
1.600836e-04 3
2.340398e-05 1
6.130442e-05 1
1.439205e-04 149
1.710517e-04 3
4.886069e-05 1
1.809101e-04 2
5.105545e-07 1
1.983067e-04 1
1.487013e-04 2
2.076441e-04 3
1.700414e-04 2
1.993279e-04 7
3.162563e-05 1
2.967413e-05 1
2.055016e-04 3
1.084730e-04 1
2.548965e-04 3
9.997615e-05 84
4.578318e-05 2
3.535765e-04 1
3.448168e-06 2
9.834870e-06 133
7.606348e-05 6
1.134718e-04 1341
2.082806e-05 1
2.885413e-04 2
1.797887e-06 1532
1.933086e-04 1
2.819479e-04 1
4.096598e-05 7
2.505501e-04 3
1.228326e-04 2
1.942194e-04 1208
7.532510e-05 3
7.667287e-05 1
2.277816e-05 2
1.373876e-05 1856
2.046982e-04 1
2.009936e-04 1
4.139257e-05 1
1.244752e-04 4
1.436968e-04 1
9.287995e-05 6
1.408365e-04 58
1.122632e-04 181
2.795016e-05 1
9.094393e-05 1
3.480392e-05 2
4.898319e-05 1
3.533432e-05 156
1.185358e-04 1
1.304074e-04 1
5.422394e-05 568612
7.157079e-06 1
8.504696e-05 5
4.857863e-05 3
3.338021e-05 6
7.654290e-05 1
4.016288e-05 1015
5.095131e-06 4
2.160165e-04 5
1.340897e-04 2
8.182292e-05 7
1.515052e-04 22
1.603592e-05 3
1.338916e-04 1
6.999507e-06 1
4.829433e-04 1
4.762581e-04 3
1.730506e-04 12131
2.092996e-04 1
7.654326e-05 56053
4.935140e-05 4
1.294265e-05 1
1.133883e-04 1
1.314640e-04 2
6.591998e-05 3
2.392252e-04 1
1.528194e-05 55
4.185397e-05 1
8.702467e-05 1
7.066567e-06 2
2.402243e-04 1
1.556841e-04 200
1.474508e-04 7
3.381315e-05 81
1.829822e-04 54656
2.236088e-05 229
3.627163e-04 2
6.148278e-05 24351
2.028877e-05 1
3.147572e-05 2
6.200014e-06 1
5.193465e-05 1
3.785417e-04 184
2.208153e-04 1
4.846526e-05 7
9.743110e-06 772
8.458948e-05 1454
4.260512e-05 1
6.128397e-05 2
7.244864e-04 1
1.043706e-04 374
1.402110e-04 1
2.699402e-06 3
1.969375e-04 4
9.066867e-05 18836
1.941330e-04 1
2.002810e-05 1
2.310020e-05 1
2.534187e-05 186
1.482847e-04 1
1.681558e-05 6
2.380959e-05 1
3.794141e-04 6
7.859507e-05 5
6.386112e-05 1
2.077760e-05 2
1.393317e-04 1
4.299163e-05 1
3.968040e-04 2
2.385808e-05 1
2.343610e-04 1
1.199252e-04 1
8.426040e-05 1
8.900464e-07 206809
3.133883e-05 2
1.818048e-05 1
5.884768e-06 2
1.617665e-05 1
9.276503e-05 1
7.395010e-05 7
7.298927e-05 1
1.795903e-04 5713
2.542168e-04 1
8.832250e-06 1
1.207683e-04 401905
2.718810e-05 6
1.022491e-04 7
6.054150e-07 2
6.716180e-05 1
2.079406e-04 1
1.796469e-05 146
7.377929e-05 7
8.041108e-06 1
5.571389e-05 1
1.981021e-05 7
1.146964e-05 1
4.663858e-05 145
2.299560e-04 1
6.126513e-04 4
5.775293e-05 1
4.495103e-04 619928
7.435564e-05 2
1.396283e-04 424069
1.798988e-04 1
1.144543e-04 1
2.277097e-04 1
2.041666e-04 3
6.106579e-05 1
3.676452e-05 2
2.787408e-04 1
1.557277e-04 1
3.584562e-06 1
3.980466e-06 2
6.667903e-04 251
3.240451e-04 4
9.162913e-05 1
3.195982e-05 2
1.330111e-05 1
4.561072e-05 1
8.315720e-05 1516
7.928880e-05 1
1.368225e-04 1
3.226671e-05 6
1.179164e-05 1
4.812553e-05 6
2.355261e-04 1
8.915624e-05 1
4.925617e-05 1
1.418448e-04 6
4.154386e-06 1
6.838689e-05 1
1.120964e-05 1
2.243274e-05 237
2.778252e-04 1
4.644478e-05 3
3.776064e-05 1
7.962420e-05 1
6.376710e-05 1332
2.466494e-04 1959
1.563801e-04 1
7.713967e-06 1
1.871118e-04 1
9.801966e-05 1
1.091754e-06 5
2.472610e-04 2
3.113857e-05 3
2.950781e-04 1
9.285954e-05 1
2.302875e-05 19496
3.313008e-04 1
2.929870e-06 1
1.379614e-04 1
6.243357e-05 1
1.214504e-04 5
1.192319e-04 1
4.327006e-04 1064
2.946441e-04 2
3.655953e-05 3
1.404010e-04 2
1.290148e-04 3
8.426063e-05 2
1.863580e-05 1
1.361783e-04 1
2.725600e-05 1
6.107325e-05 5
8.151104e-06 2
2.731701e-05 1
3.898102e-05 2
1.029873e-05 1
1.151578e-04 1
5.308007e-05 6
2.530228e-04 2
3.047643e-04 1
9.464157e-05 2
1.770931e-04 1
1.448817e-04 5
4.662838e-05 1
2.743455e-05 1
2.064301e-05 65791
4.482772e-05 3
1.962019e-05 16
1.003257e-04 895
5.606763e-05 1
9.481488e-05 823
1.512031e-04 156
3.804113e-05 1
1.674478e-04 56158
2.023382e-04 1
8.365848e-05 1
6.036156e-05 2
4.371576e-04 2
2.068496e-04 8
3.604464e-05 1
1.729030e-05 3
2.042491e-05 1
3.619665e-05 2
3.347539e-05 54068
3.303888e-04 1
1.462262e-05 1
8.128223e-05 1
3.436801e-05 1
3.110162e-05 2
1.383269e-04 3394
2.459955e-07 1
2.088016e-05 2
3.159955e-04 1
3.229414e-05 1
7.134075e-06 1377
7.393901e-05 3
1.285191e-04 1
1.152817e-05 486207
6.914083e-05 149
4.522738e-05 2014
1.608686e-04 1
4.229030e-05 5
1.197758e-04 1
4.019598e-05 180
1.593896e-04 7
1.288288e-04 1
3.259911e-05 1
3.467678e-05 2
4.501702e-05 1
1.916018e-05 2
3.404292e-05 1
5.882340e-05 1
2.164529e-04 1
2.738395e-05 3
7.387631e-05 2
1.910630e-04 1
4.177158e-05 2
9.505649e-05 1
1.613727e-04 2
1.466085e-05 1
4.598935e-04 1
1.763457e-04 1200
1.882007e-05 1
3.054175e-05 1
1.361922e-05 2038
6.774687e-05 1
4.537343e-05 1704
7.496274e-05 111
1.124264e-04 1
2.451660e-04 1
8.609284e-05 1
8.789454e-05 1
2.077671e-04 2
1.546525e-04 237
1.129945e-04 1
7.210076e-05 1
1.835118e-04 3
1.397062e-04 1
5.201371e-05 1
2.142780e-04 1
1.772601e-05 23
3.616622e-04 63358
1.761907e-04 92
7.305511e-05 1
9.478360e-05 6
2.086148e-05 2023
3.161770e-05 5
1.486913e-04 1
4.820929e-07 3
2.306195e-04 2
3.939116e-05 2
1.061576e-04 2
1.825200e-04 1
1.010656e-05 22
1.442614e-05 2099
6.484009e-05 1
1.809763e-04 4
1.055682e-04 166
5.682952e-05 1
6.695452e-05 5
6.296529e-06 1
7.230895e-05 1
1.509333e-04 121
1.121654e-05 14321
1.643112e-04 6
6.541526e-06 847
7.992593e-05 4
3.180293e-04 1
2.218547e-05 3
2.045520e-04 1
2.072617e-04 2
1.797275e-04 461
6.429623e-05 1849
4.328200e-04 1
1.964872e-04 1
6.821890e-05 2
8.491151e-05 1
3.598495e-04 65045
3.024693e-04 1
8.689318e-05 1
2.369158e-04 1
3.051808e-05 1
2.056954e-04 1
4.593597e-04 2228
1.393575e-05 20
1.797836e-04 1
4.546460e-06 1339
2.930753e-04 1
1.213207e-05 1
7.791700e-05 6833
1.963416e-05 1
2.427966e-05 1
3.028273e-04 1
4.150563e-05 1
1.288841e-04 3
3.116540e-04 151
1.861217e-04 2
1.617681e-05 2
5.314437e-06 21
2.656192e-05 1
3.130933e-05 1
4.782876e-06 1
1.313802e-04 1
1.298367e-04 1
1.717162e-04 3
2.722782e-05 1
1.188900e-04 31615
1.429771e-05 1361
1.045952e-04 1
2.066460e-04 1
2.750920e-04 6
1.508633e-04 1
4.554659e-04 3
3.803165e-04 3
1.059329e-04 6
5.463994e-06 1
1.733795e-05 2100
1.014123e-04 5
4.640483e-05 27994
2.447810e-05 1
1.150568e-04 1
7.770258e-05 1
8.813665e-05 1
2.127853e-04 1
1.739034e-04 7
3.257272e-05 1
1.467284e-04 7
2.124089e-05 513726
6.410450e-05 6
1.272101e-04 24329
2.061563e-06 1
9.420310e-06 2
3.755249e-05 38791
1.481247e-04 2
3.466463e-05 1
1.194884e-04 1
3.242322e-04 1
3.038928e-05 232
4.482294e-05 1
6.089539e-05 3
2.261077e-04 11
1.192938e-04 1
1.947905e-04 3
1.346518e-04 5
1.008762e-04 7
2.326645e-04 3
7.864067e-05 7
1.758613e-04 3
7.633572e-05 3
5.858904e-05 1
8.225339e-05 2
1.151380e-04 1
1.216207e-04 1
3.537585e-04 6
1.589722e-05 3
1.841841e-04 1
1.313475e-04 1
3.220287e-05 2
1.468043e-04 2
6.252028e-05 1
5.344287e-05 157
2.742505e-05 1
7.513615e-05 3
6.291494e-06 3
9.435746e-06 1
9.146569e-05 2
1.276267e-04 1
1.032267e-05 1
2.194605e-04 1
9.090903e-05 2
2.027647e-05 1
2.980920e-05 1
1.416202e-04 1
1.072046e-04 200
3.062887e-04 2
2.192018e-06 32579
1.917741e-05 1
7.604318e-05 1
1.590222e-04 1
1.436154e-04 1
1.365452e-04 55134
5.900520e-05 5
8.144038e-05 6
1.481079e-05 1
1.155218e-05 1
1.245656e-04 4
1.060811e-04 206
1.662661e-05 2
5.359545e-05 2
7.670435e-05 6
2.698728e-04 1
1.217238e-05 1
5.280237e-05 1
2.059946e-04 22
1.397445e-05 2
3.604835e-04 5
1.035547e-04 1321
2.972031e-05 1
1.808996e-04 1
1.788596e-05 1
6.076860e-05 3
1.657126e-04 14
2.567584e-04 1
8.696936e-05 202
1.730715e-05 7
1.230389e-05 96
8.261219e-05 4
2.254098e-06 3
1.204680e-04 1
4.680505e-05 1
5.213538e-05 1
7.450251e-05 1
4.467966e-05 3
2.604939e-04 2
1.362483e-04 1
5.798326e-06 1
1.956530e-04 2
3.883948e-04 2
7.653725e-05 1
2.285361e-04 2
1.539885e-04 1
8.751447e-05 1
1.776975e-04 1
2.666524e-05 3
2.746356e-05 1892
1.746555e-04 1
1.350088e-04 1
7.955500e-05 1
1.562128e-04 1
4.318513e-05 3
3.187549e-04 7
3.074543e-05 1
1.015673e-04 1
1.012147e-04 1644
1.667969e-05 3
2.435142e-05 7
1.686111e-04 1
2.186244e-04 6
3.746354e-04 7
3.030273e-05 2
4.944399e-05 1
2.980709e-05 1
1.023466e-04 1
2.263126e-05 3
3.087675e-05 1
1.238790e-06 1
2.358969e-04 3
5.492951e-05 1
1.924717e-04 1
5.236123e-04 1
7.452535e-06 1
4.563790e-05 1
1.768735e-04 1
1.095186e-04 1
8.289339e-05 1
3.226334e-04 6
1.827655e-05 1
1.114745e-04 1828
4.472159e-04 2
3.513918e-04 1
1.306337e-04 2
1.327294e-05 2
1.173826e-05 1
1.019896e-04 1
2.004022e-06 3
8.070476e-05 1
7.113592e-05 1
3.289998e-05 3
4.660829e-04 1
3.187016e-05 3
4.049867e-05 7
4.825796e-07 1
1.748358e-05 1
7.626429e-05 1
7.669047e-06 2
1.542119e-04 2
1.072014e-04 1
2.182230e-06 1
5.543517e-06 1
1.273255e-05 1
1.996411e-04 2
1.588432e-04 2
9.719464e-06 108
1.156944e-04 1
2.823946e-04 2
2.724661e-04 202
3.635266e-04 1
1.751277e-04 1
4.851049e-05 160
1.007649e-04 6
2.310845e-04 2
9.272676e-06 1
2.392152e-05 3
8.840011e-05 2057
8.339967e-05 1
2.498409e-04 1
1.285038e-05 2
8.330011e-05 1
7.098066e-06 6
1.860985e-05 1
9.152863e-05 1
6.639967e-05 2
1.655182e-04 4
3.243125e-04 114
1.299810e-04 1
2.748305e-05 1
1.699419e-05 1843
2.995936e-04 1
1.432742e-05 204
1.432615e-04 1
1.747416e-04 3
9.013825e-05 3
6.504176e-05 5127
2.200204e-04 2
8.337350e-05 1
8.049503e-04 65
4.680114e-04 56748
2.789661e-04 2
7.977799e-05 4
3.026269e-05 1
1.004836e-04 2
5.292451e-06 1
4.298700e-05 1543
3.757136e-04 1
1.722299e-05 1
2.228720e-06 147
2.706766e-06 1
1.855080e-04 1
6.267149e-06 1
3.974501e-04 3
5.914698e-04 1
4.351507e-05 2
5.333123e-05 216
4.786934e-05 1
1.109617e-04 1
1.225166e-04 67
7.422351e-05 7
2.335193e-04 3
4.366039e-05 1
2.249063e-04 1
1.522936e-05 262
3.775423e-05 1
8.782061e-06 2
1.087145e-05 1
2.440030e-04 3
4.746101e-05 3
9.726551e-05 1
2.261493e-04 3
1.908431e-04 3
7.456578e-05 6
3.038060e-05 1
2.340683e-06 2
1.568113e-04 2
2.130888e-04 1
2.429562e-04 1
1.025078e-04 1
1.202479e-04 1
9.286848e-05 242
4.145042e-04 2
2.962942e-06 1
2.316232e-04 6
1.293220e-04 1
1.580568e-04 1525
2.110991e-04 1
1.472316e-06 7
4.512826e-05 1
2.382089e-05 1
1.671116e-04 1
1.950961e-05 1
1.084033e-04 1
6.993735e-05 35699
9.250361e-05 1
4.681697e-05 1
5.706096e-05 691
1.923386e-04 38
8.509344e-05 1
2.885604e-04 3
5.095536e-05 1
3.600435e-04 6
3.594118e-05 1
1.744469e-04 46178
4.550914e-06 2
6.628332e-05 193
2.085326e-04 4
2.912043e-04 1
6.091152e-05 1
2.248371e-05 1
1.591107e-05 1
3.187070e-05 4
2.765192e-05 2
8.725397e-05 1
1.717879e-04 1
2.867920e-04 1230
3.046978e-04 3
7.551307e-06 2
6.852909e-05 2
2.313047e-04 24
2.802249e-05 2
1.615304e-04 1
2.261554e-04 159
8.698889e-05 1
1.626861e-04 1
6.801945e-06 2
2.226246e-05 1
9.258245e-05 1
5.165745e-06 1
9.166227e-05 1
2.830729e-05 48485
1.567720e-04 1
8.203988e-06 6
1.738073e-05 3
3.163059e-04 1110
8.607697e-05 357208
6.415179e-05 5
8.745715e-05 1
2.660260e-04 3
9.213792e-05 5
2.147578e-04 1
3.345248e-04 1
1.703493e-04 3
9.974577e-06 1
1.018408e-04 1
3.090053e-05 6
1.584220e-04 1
1.353088e-06 1
1.318557e-04 45033
9.511138e-06 1
6.168875e-05 1
2.185843e-05 122
4.386981e-05 1
1.709865e-05 1
5.361228e-05 2
5.620970e-05 184
7.294950e-05 1
1.317367e-04 1
7.149378e-05 1
1.104820e-04 2
3.132987e-05 6346
1.151870e-04 1
5.157936e-06 7
1.214541e-04 1
3.419123e-04 258
1.258356e-04 3
6.878582e-05 1
1.022663e-05 1
1.028517e-04 1
2.586869e-04 3
1.219687e-04 4
8.229893e-06 1
1.757420e-04 375185
9.760378e-05 1
8.846008e-05 10904
1.190422e-04 2
4.683093e-05 29
3.623863e-04 1
2.732938e-05 3
9.160137e-06 1
2.460682e-05 1
1.771965e-05 2079
5.260937e-05 1
2.028084e-04 114
7.177864e-06 1
1.163946e-05 69
2.236378e-05 2
8.859703e-05 1
2.080332e-04 1
8.095980e-06 2
6.946100e-05 6
1.862815e-04 23413
4.906688e-05 1
1.193191e-04 1
9.692633e-05 155
4.592159e-05 381944
6.902156e-06 1
3.366640e-04 2
7.865617e-05 1
2.087023e-04 35
1.115919e-04 1
2.080441e-05 1
1.266117e-06 132
5.451838e-06 1
4.921271e-06 1
5.167658e-05 5
2.291119e-05 44616
2.510786e-04 5
2.440564e-05 8068
4.461785e-05 1
7.328725e-05 7
8.168659e-05 1
1.676187e-04 6
1.017592e-04 3
1.067059e-04 7
1.626587e-04 1
1.102591e-04 1
2.043088e-04 2
8.164993e-05 1
6.213696e-05 2
7.267131e-05 1
4.239884e-05 166
1.189882e-04 3
1.522076e-04 3
1.477438e-04 6
1.498934e-04 158
2.979528e-07 1
6.033472e-05 2
2.171426e-04 291
9.258433e-05 3
1.686217e-05 6
2.213374e-04 1
9.703607e-05 1
4.641392e-05 1
1.553522e-04 1
2.529830e-04 1
2.681802e-05 2
1.064079e-04 1
3.334141e-04 1
2.856017e-04 486
2.366541e-05 2
1.874771e-05 1
2.380419e-05 1
6.147058e-05 3
3.860644e-05 5
8.148602e-06 35
1.110589e-04 262
5.278308e-06 4
4.800198e-05 1
3.554839e-05 1
4.709768e-05 1
1.482667e-04 1
4.511189e-05 1
2.990816e-04 1
2.646633e-05 2
7.455710e-06 1
1.796748e-04 4
4.796474e-04 1
1.416545e-05 2
1.984524e-04 1
5.980644e-05 574
5.075359e-05 1
1.823222e-04 1
1.847104e-05 76
3.033730e-05 3
1.290414e-04 1
1.342996e-06 1
1.668790e-04 1
4.533201e-05 1453
7.514550e-05 1
4.907029e-05 2
3.571109e-04 103063
6.148549e-05 3
2.975590e-04 3
3.237681e-04 1
2.295856e-05 3
8.791237e-05 1
3.524267e-05 1
1.328146e-04 186
6.229149e-05 2
7.585080e-05 1
7.761503e-05 2
3.800642e-06 246
6.843468e-05 1
8.776950e-05 1
1.351628e-04 1
1.543794e-04 4
1.703941e-04 1
2.576287e-04 261
4.151373e-05 47
1.384149e-05 2
4.191234e-04 33011
1.671539e-05 7
3.427373e-05 3
4.464442e-05 1
9.503800e-05 1
1.038952e-04 39974
2.189218e-04 2
3.173749e-05 1
6.510583e-06 1
8.243503e-05 3
2.821795e-04 2
2.177491e-05 1
1.176851e-04 6
7.619305e-05 136
5.326688e-05 1
1.014529e-04 1
5.867519e-05 1
7.471903e-05 171
2.934772e-05 1
1.472418e-04 3
2.398733e-04 3
2.356829e-04 1
1.421448e-04 3
1.530323e-05 1
3.943177e-06 1
3.604946e-05 7
1.958349e-04 4
1.552951e-04 1
1.637795e-06 1
5.220033e-04 96
5.019285e-05 1
3.346102e-05 3
7.728663e-05 146
1.273531e-04 7
6.566550e-05 6
1.057132e-04 778
2.026925e-04 3
7.519000e-05 1
7.548482e-05 1
2.207927e-05 3
2.299537e-05 3
6.107482e-04 1
1.948680e-05 1
3.815350e-05 2
1.605546e-04 1
1.199215e-04 7
7.263958e-05 7
5.701717e-05 1
8.580283e-05 5
1.329724e-04 1
1.264666e-04 4
4.543322e-05 3
1.012733e-04 1
1.227194e-05 1
1.035637e-04 3
3.333671e-05 835
2.977984e-04 1
7.329213e-05 1
1.936087e-05 1
3.013623e-04 6
3.412113e-05 3
6.567280e-05 3
5.213244e-05 148
5.630704e-05 3
3.829923e-05 5
2.350578e-04 1
9.918992e-05 1
5.280856e-05 1
1.220201e-05 1
3.985223e-05 1
8.198673e-05 1
4.957075e-04 2
2.045080e-05 1656
3.842080e-05 54872
3.489512e-05 1
1.444337e-04 1
1.305494e-04 3
4.218819e-05 1
1.004932e-04 2
1.074718e-04 1
3.182868e-05 1
1.318080e-04 1
3.774187e-05 1
7.198177e-05 2
3.343770e-06 1
2.411787e-05 1
2.090234e-04 1693
1.831378e-04 1
1.192086e-04 6
6.149159e-05 3
2.558480e-05 4
2.613332e-05 3
3.700855e-04 1
2.020584e-04 1
1.096868e-04 1
4.292565e-05 7
1.669082e-04 6734
1.972922e-05 1
4.592867e-05 1
3.691277e-06 1
9.109775e-05 148
3.693322e-06 1
1.559542e-04 1
8.785767e-06 118
7.637230e-05 1664
5.125071e-05 1
2.304091e-05 257
1.630585e-04 5
3.428348e-05 1
3.093072e-05 35734
5.765778e-04 1
1.707147e-04 6
6.766568e-05 5
6.882476e-08 750
5.291244e-05 449
3.054481e-05 1
2.451740e-04 1
4.610905e-05 1
7.028811e-05 1
9.298901e-05 1
7.156648e-05 46431
7.285400e-05 1
7.772341e-07 139
8.293134e-05 1
1.008861e-06 1
1.021119e-04 5
1.262675e-04 1
1.331314e-05 3
4.543781e-05 1
3.482198e-05 1
9.147635e-06 1
4.358545e-04 53133
3.848473e-04 15013
2.993004e-05 3
1.963613e-04 60
1.231665e-05 1
9.351805e-05 1
1.822150e-04 3
1.715592e-04 1
3.305456e-05 5
9.628214e-05 1
8.353416e-05 79
3.311507e-04 1
7.984797e-05 3
3.944429e-05 2
2.811792e-06 1
6.799633e-05 7
1.433654e-04 1
2.431472e-04 1
8.393576e-05 2
1.600094e-04 58908
5.537321e-05 229
9.751787e-05 7
8.207135e-05 3
1.423965e-04 6
5.092794e-05 52
7.873071e-05 2
6.176114e-06 1
5.247640e-04 263
1.913488e-04 1
1.102230e-05 1
3.259111e-05 320120
2.838467e-04 74
5.141315e-05 1
1.099355e-04 15
1.365076e-05 2
3.602484e-05 1
1.333705e-04 3
2.892458e-05 1
1.620126e-04 1
3.010304e-05 1
3.674956e-05 1
2.080416e-05 2
3.872279e-05 1758
1.844254e-04 25384
1.997775e-04 1
2.029862e-05 6
7.384405e-05 1
1.432964e-04 3
1.960043e-05 2
1.007121e-06 1
1.295624e-05 2
1.238851e-04 2088
1.141151e-07 1
1.295017e-05 1
2.996093e-05 3
1.993422e-04 1
1.859332e-04 2
1.263099e-06 356039
6.600193e-05 1
3.619291e-05 2
8.505411e-05 3
2.480063e-05 1
1.128966e-04 2
7.157020e-05 7
7.748265e-06 2
1.064209e-05 2
8.154983e-05 963
4.053261e-04 1
4.081246e-06 1
3.343943e-06 5
9.307973e-06 1
3.133813e-05 3
1.094739e-04 1
1.276124e-04 1
3.113465e-04 3
1.284079e-04 3
2.913367e-05 1
8.734433e-06 1
1.121860e-04 1
7.566915e-05 1
1.818131e-04 42312
5.008898e-05 3
2.447549e-04 4
5.482374e-05 2
5.640712e-04 102
2.742219e-04 1
2.067883e-04 213
1.560395e-05 1
1.413175e-04 3
3.453829e-05 1
1.786256e-04 1
1.245230e-05 1
8.395036e-05 1
8.021868e-05 1
7.403298e-05 1
2.152596e-06 1
2.961186e-04 1
1.576288e-04 3
2.028721e-05 44
6.883104e-05 36623
1.075442e-05 2
3.178903e-05 3
3.729114e-05 3
2.955326e-04 1
1.829179e-05 1
1.052956e-05 1
4.683788e-05 3
1.495342e-04 1404
1.247738e-04 172
2.232709e-04 2
5.402551e-06 3
6.823662e-05 1
2.759638e-05 2
2.453988e-04 3
1.819679e-04 1
5.043272e-05 1
1.375717e-04 1
6.258702e-05 3
1.604831e-04 7
1.923441e-04 1
1.432933e-04 1
2.379731e-04 1
1.816414e-04 2
1.204925e-04 1
1.558474e-05 7
6.002987e-05 1
4.512848e-06 1
4.037235e-04 211
1.816937e-04 2
7.963122e-05 1
4.447616e-04 3
1.213906e-04 1
2.905512e-04 7
1.516573e-05 3
6.337218e-05 1
2.826571e-05 1
8.714573e-05 1
1.239324e-05 1
3.950890e-04 3
2.321865e-05 1
1.973799e-04 1
2.820595e-05 9
1.507186e-04 3
3.223577e-07 764
2.558840e-04 1
1.500042e-04 3
2.119866e-05 2
9.794567e-05 2
5.133606e-05 1
5.300127e-05 18
4.023892e-04 1
6.562941e-05 1
6.158835e-05 5
1.905278e-04 616
2.832263e-05 1
2.559482e-06 1
1.997345e-05 1
6.021359e-06 1
6.760427e-05 2
1.588894e-04 219
1.012742e-04 1
2.646594e-04 1149
1.159365e-05 1
1.343675e-04 1
3.593548e-05 1
3.881428e-04 1
4.979229e-05 5
2.897215e-05 3
6.040088e-05 2
8.118990e-05 1
3.148957e-05 1
1.351160e-05 1
2.158019e-04 4
2.484790e-04 7
1.398960e-05 3
2.608151e-04 1
1.032051e-05 1
1.130358e-04 1
8.479360e-06 1
1.997740e-05 1
1.305212e-05 2
3.274055e-05 1
3.846230e-05 1
2.670142e-05 2
1.031746e-04 1
3.388955e-04 1
1.901029e-04 1
2.913380e-05 1
4.910068e-05 1
1.147149e-04 1
4.563292e-05 3
9.898729e-05 1
1.572697e-05 1
1.883857e-05 2
1.075952e-04 1
2.284133e-04 830
7.979651e-05 1769
5.906447e-06 3
9.925575e-05 4
2.610311e-04 3
2.282882e-05 123
1.217974e-04 4
5.089053e-05 2
2.131270e-04 1
2.827773e-05 63
1.628890e-04 1
2.514163e-04 1
1.077046e-04 2
2.777417e-07 1
6.841233e-05 1
3.424901e-05 1
5.720236e-05 387
1.708899e-04 1
4.597027e-05 2
5.175091e-05 35
3.347654e-05 1
2.569874e-05 1889
4.794218e-05 1
6.304793e-04 1
1.735474e-06 430972
6.343566e-05 1
4.184820e-05 1
3.185716e-04 5
1.843387e-04 48901
6.608789e-05 1
2.021805e-04 1
1.472154e-05 1
1.611782e-04 2
1.387652e-05 2
1.835743e-04 1
1.586713e-04 1
5.509859e-04 1
1.411313e-05 7
6.990494e-05 98
9.598806e-05 47
3.512314e-06 1
3.473876e-04 1
2.238643e-04 1
6.017238e-05 1
2.617549e-04 5
5.668430e-05 1
2.350878e-06 143
2.623935e-04 133
5.204831e-04 1
3.889812e-05 1
5.430251e-05 158
3.469495e-06 3
4.531134e-05 3
1.326143e-04 2
6.279559e-05 1
2.263393e-04 1
6.722106e-05 1
1.223330e-05 1
9.473447e-05 1
1.510039e-05 3
1.961186e-04 4
5.875252e-05 40
1.991266e-04 1
2.251230e-04 1
1.229172e-05 1
2.292965e-04 42
2.498267e-04 3
3.557325e-05 1772
6.740543e-05 162
1.470576e-04 2821
7.510546e-05 1
7.391004e-05 9136
1.763352e-04 1
1.644461e-05 78
2.544262e-04 1
8.074792e-05 2
2.174873e-04 1
2.900240e-05 100
3.472924e-05 2
5.257067e-05 1
1.562731e-05 1
1.440679e-04 1
1.174876e-04 5
9.018803e-05 1
7.166382e-05 3
1.152049e-04 1
6.174013e-05 111
1.762941e-05 7
1.612982e-04 2
5.158946e-05 6
6.139750e-05 193
3.028051e-05 1
2.323339e-04 1
1.320203e-05 1
1.022161e-04 99
3.186633e-04 1
1.293804e-05 595799
9.249334e-05 1
5.210605e-05 6
6.792328e-05 1
9.533406e-05 1
2.584427e-06 1
3.124989e-04 3
2.080295e-05 160
2.337194e-04 1
7.222736e-05 1
1.619274e-04 1
5.241413e-04 3
8.143886e-06 3
1.199747e-04 6
2.490562e-05 1
2.924699e-04 3
7.683239e-05 3
4.868653e-05 1
1.217741e-05 662
6.449958e-05 1
2.056553e-05 2
3.302554e-04 2
9.700631e-06 1
8.256431e-05 1
5.767393e-05 3
1.327465e-04 1
2.325624e-04 2
1.174088e-04 1
6.270716e-05 1
5.224412e-05 2
6.790082e-05 1
7.700038e-05 1
2.246327e-04 3
1.548321e-04 732
7.724686e-05 2
2.499647e-05 56
2.153197e-05 6
2.048365e-05 1
8.579935e-05 1
1.001789e-04 1
6.455468e-05 1
3.339856e-05 1
1.828403e-05 1
1.793802e-05 2
1.155716e-04 1
2.891645e-05 251
2.239559e-04 1
2.774172e-04 1
2.834458e-05 3
3.553145e-04 1
6.614499e-05 55
1.065232e-04 1
1.698190e-04 19
1.410103e-05 1
2.734153e-04 1
1.179722e-04 4
1.297395e-04 3
6.321285e-05 295
2.597747e-05 1
6.643832e-05 1
1.751546e-05 1
1.101556e-04 1
6.525629e-05 1064
1.991783e-04 7459
1.295707e-04 1
1.234398e-05 1
9.752441e-05 3
7.465218e-05 1
1.075711e-05 1
2.341747e-05 1
7.402048e-06 1
2.490375e-05 2
2.987998e-05 1
7.468025e-05 759
7.512346e-05 34
1.489389e-04 2
4.708358e-05 1
4.109179e-05 1
2.458354e-05 1
3.191924e-05 2
4.559065e-05 1
3.080101e-06 43733
3.623623e-05 1
6.932729e-05 1
4.751192e-06 1
9.964619e-05 1
8.196235e-05 57647
2.543118e-05 20038
2.412144e-04 1
3.793057e-04 48232
1.838240e-04 3
3.475010e-04 1
9.705147e-05 1
2.710401e-04 1
4.313726e-05 108582
4.555975e-06 1
2.205972e-05 1
1.021408e-04 1
4.656306e-05 2
2.416702e-04 3
8.756690e-05 1
3.693549e-05 1
2.311708e-04 1
2.143731e-05 1
3.574857e-05 1
1.541368e-04 2
6.315109e-05 1
3.653545e-04 3
7.415233e-05 41217
1.076305e-05 1
1.261699e-05 1
1.397476e-05 3
7.126571e-05 1
5.989494e-06 149
1.213952e-04 24858
2.503099e-04 1
3.230704e-05 1
8.482880e-05 1
6.446235e-05 1
1.093663e-04 1
9.284517e-05 1
1.965623e-06 2
3.200601e-05 3
6.869019e-05 241
2.532988e-04 1
3.746182e-07 6
6.083888e-05 1
5.770646e-04 1
5.965793e-05 1
1.597602e-05 1
3.380103e-04 1
2.337924e-04 1
1.974599e-04 3
3.509116e-04 1
4.683245e-05 1
6.812557e-05 1
1.424265e-05 1
1.732379e-04 1
1.042421e-04 3
8.117191e-05 1
3.439515e-05 3
2.176540e-04 1
1.952679e-04 3
2.868469e-04 6
7.279494e-05 2
8.847915e-05 5
1.387571e-04 1
9.108004e-05 2
2.295109e-04 758
2.549144e-05 1
4.317636e-06 1
5.167391e-05 1
8.900928e-07 1
5.479075e-05 1
1.044319e-04 2
1.388212e-04 1
7.370486e-05 1
4.494301e-06 1
7.901364e-05 3
1.839983e-04 569
6.826180e-05 1
1.940181e-05 3
2.950799e-05 1
4.982381e-05 262
1.024892e-05 1
1.829513e-04 2
6.712546e-05 130
2.623862e-05 1
1.468987e-05 1
1.326512e-04 4
4.337281e-05 629714
1.111961e-04 3
4.769006e-04 1
1.285801e-04 2
6.744200e-06 23
7.961400e-05 2
9.496107e-05 1
3.716342e-04 4
1.076180e-04 2
1.855593e-04 6
1.541241e-04 1
5.660980e-05 1
9.869915e-05 6
1.679064e-04 1
3.900859e-04 1
6.829338e-05 1
5.241345e-05 7
1.562295e-05 1
8.019209e-05 5
1.126860e-04 1
1.643067e-04 1
6.461878e-06 2
5.334917e-05 1
5.793909e-05 1
1.395170e-04 24
2.312547e-04 1436
1.172255e-05 352784
3.548334e-05 1
3.078686e-05 129
3.144025e-05 2
4.384799e-05 1
5.602707e-05 1
1.681799e-05 3
2.997111e-05 1
2.397498e-05 1
8.593029e-05 1
2.010470e-04 1
4.581470e-05 126
3.535312e-04 1
3.054760e-05 1
2.466594e-04 1
6.302003e-05 264
7.521168e-06 1
1.136521e-04 1
2.371024e-05 1
1.552728e-04 1
8.298484e-06 2
1.610197e-04 1
1.622877e-04 3
1.184465e-04 1
9.143100e-05 1
1.251672e-05 1
2.511237e-05 2
1.093152e-04 3
8.072610e-05 1
9.014697e-06 167
7.245444e-06 1
2.719162e-06 1
1.057990e-04 2
1.005907e-05 4
7.339649e-05 1
4.559841e-05 1
3.091153e-05 1
4.621488e-04 3
8.145278e-05 1
7.286492e-05 502783
2.678413e-05 38393
1.309940e-04 3
1.495732e-04 1
3.202885e-05 1
1.231637e-04 1
2.577422e-04 1889
8.762074e-05 1
1.782521e-04 40554
3.261780e-04 292002
1.005351e-04 1777
4.041891e-05 109
8.544616e-05 1
2.295143e-05 1
1.446039e-05 51
1.924891e-04 1
3.106120e-05 1
1.210088e-04 10
1.350833e-04 3
1.022930e-04 1
5.668243e-05 1591
3.733096e-05 1
1.447766e-04 1
8.206181e-06 4
2.223347e-05 1
5.816833e-04 6620
3.214987e-05 1
6.094632e-06 1
5.027241e-05 2
1.367754e-04 1
6.011098e-05 1
1.547201e-04 1
1.963141e-04 1
2.168345e-04 44927
1.145424e-04 3
1.049719e-06 2
1.097781e-04 5
3.743299e-05 1
1.749105e-05 1511
1.168908e-04 78
1.372175e-04 1
2.056763e-05 1
1.095869e-04 1115
9.544015e-05 214
1.075715e-04 2
2.099888e-04 9
5.165275e-05 167
1.706407e-05 3
9.985055e-05 462
6.414124e-05 38866
1.354384e-05 1
2.464165e-04 1
3.380258e-05 1
1.392499e-04 2
3.121775e-04 1
1.777402e-04 1
2.511880e-05 1
2.789759e-04 3
5.058004e-05 2
5.070036e-06 5
1.890346e-05 1
9.747287e-06 1
7.093131e-05 1
9.439041e-05 2
2.361744e-05 1
7.087440e-05 4
2.384983e-04 7
1.951045e-05 233
1.012643e-04 1
3.553673e-05 207
3.034986e-05 1236
2.455036e-04 242
5.182137e-05 1
1.948093e-05 1
1.675497e-04 36
1.074200e-05 1
5.639001e-06 2
7.039104e-05 1
1.047810e-04 139
7.247085e-05 1
2.110365e-04 1
3.379231e-04 1
3.448870e-04 3
2.896879e-06 1
3.866445e-05 570263
2.456799e-04 959
1.045826e-04 1
1.046276e-04 1
9.840106e-05 356
4.747068e-05 1
1.780496e-05 3
5.586203e-05 1
5.247810e-05 7
1.920516e-05 5
7.476164e-05 1
3.818017e-05 1
1.110828e-04 159
1.014944e-05 1
3.996712e-04 1
2.020374e-04 2
5.935545e-05 2
2.468686e-04 1
3.385836e-04 227
1.634905e-04 6
4.229761e-06 2
2.080949e-04 62326
3.283741e-04 2
2.008342e-04 1
3.924719e-05 1
7.240086e-05 1
9.075246e-05 35393
1.072101e-04 1
7.686391e-07 5
3.118200e-04 76
1.842485e-04 31925
2.008795e-04 1
4.277587e-05 1
3.371649e-05 1757
1.416554e-04 1
2.710980e-04 1
3.044923e-05 1
2.153637e-06 103
1.486451e-05 1
1.423582e-04 201
1.115177e-04 4
8.760706e-05 2
4.011175e-06 1
3.594318e-05 722
5.757762e-05 1
3.896705e-05 2
4.858573e-05 1
8.541989e-05 1
8.059776e-05 1
5.624486e-05 2
1.144326e-04 182
1.445039e-04 1
7.603926e-05 55
2.274688e-04 52948
2.247771e-05 1
3.890925e-05 1
7.820572e-05 130
7.294456e-05 1
2.637873e-05 1
4.153500e-04 1
1.461429e-04 1
1.973962e-04 5
1.016488e-05 1
1.571495e-05 1
4.055890e-05 1
7.360742e-05 1
3.802482e-04 1
9.163536e-06 5
3.403481e-04 1
4.882887e-04 3
1.459660e-04 61253
6.667215e-05 5
1.256799e-04 1
1.051288e-04 1
6.938127e-05 1
1.681669e-04 1
5.359505e-05 1
4.262211e-04 40
6.061499e-07 1
1.565271e-06 1
1.000175e-04 1220
7.181862e-05 1
1.585078e-05 3
2.867360e-06 43
2.888934e-04 1
2.495158e-04 4
9.340522e-05 3
1.009311e-04 1
5.769310e-07 1
2.458090e-04 139
1.067559e-04 5
1.263454e-04 2
8.968776e-05 1
1.158156e-04 4
1.633531e-05 1
2.933646e-05 3
1.351701e-05 125
3.105803e-06 5
2.738381e-04 1
1.097853e-04 204
1.599789e-04 3
1.646475e-04 1
1.041193e-04 204
4.109488e-04 1
1.562669e-05 1
1.056605e-05 9096
1.498837e-04 1
6.302227e-05 7
1.462612e-04 1
2.766715e-05 1
2.273011e-04 1
1.614704e-05 1
2.381077e-04 4
1.180695e-04 2
4.929879e-07 1
1.524189e-04 1
1.282396e-04 3
1.050303e-04 182
6.155687e-06 69
3.346237e-04 1
9.164760e-05 2
2.809238e-04 185
1.616503e-04 1
2.234932e-04 7
4.242897e-05 669
3.901093e-05 2
1.560536e-04 5
1.493337e-05 1
2.375853e-05 6
5.987099e-05 2
5.834759e-06 2
3.664310e-05 1
1.090895e-04 4
1.087122e-04 1
1.702266e-04 1
2.646314e-05 1
4.399979e-05 2
1.822886e-05 1
1.562326e-04 1
4.744458e-05 1
4.579892e-05 53707
1.766278e-05 3
3.808235e-05 3
1.714190e-04 1
1.381081e-04 3
1.578644e-04 3
4.324206e-04 1
9.232873e-06 2
3.454578e-05 1
2.510363e-04 469183
7.708852e-06 86
6.913003e-05 1
1.307968e-05 1
1.087353e-04 1
3.419181e-05 1
7.527855e-06 1
2.359277e-04 17589
1.701673e-05 3
1.705954e-05 3
3.042039e-05 2
9.532274e-06 599
5.616772e-05 1
1.080724e-04 189
1.698024e-04 6
1.272330e-04 1
1.991229e-04 3
6.069917e-05 1
2.817633e-05 5
3.793010e-04 1
8.995549e-06 5
1.590292e-05 7
7.742195e-05 1
2.639309e-04 1
1.160076e-04 3
4.019150e-05 1
1.142408e-04 2
5.257368e-05 1
1.948749e-04 2
6.136701e-05 1
2.963884e-04 1
2.134888e-05 1
2.881186e-04 52
2.098942e-04 439
2.410087e-05 3
2.461399e-05 3
5.063438e-05 1
3.883260e-04 1
1.871761e-04 100
4.884882e-05 1
1.488969e-04 83
1.324614e-04 46825
4.473537e-05 455
2.195629e-04 1
1.201815e-04 262
4.451282e-05 1
1.476304e-04 1
1.043544e-04 33
2.312455e-04 2
1.270955e-04 1840
3.559716e-04 1
2.228512e-04 3
4.191937e-04 1
1.583965e-05 1
2.279035e-04 1
6.067470e-05 1
5.647485e-05 1
2.667145e-04 1
8.293715e-05 3
2.070601e-04 1
1.605242e-04 1
1.720297e-05 2
1.989989e-04 3
5.844261e-06 1
2.721574e-04 100
2.738456e-06 2
1.214897e-04 7
3.130050e-04 1
1.601373e-04 1
4.621631e-04 14
9.405970e-05 1
1.340753e-04 1
3.720277e-04 1
4.276416e-05 1
1.421468e-04 3
2.349177e-04 1
4.097852e-06 1
1.962667e-04 638422
2.656236e-05 1
8.973886e-05 122
5.468265e-05 1
9.707316e-05 3
1.275171e-04 1
2.973228e-05 1063
2.441241e-05 36881
3.328703e-06 1
1.673676e-04 6
1.569982e-05 108
1.444432e-05 1
1.302726e-04 1
6.535082e-05 3
3.644192e-05 1
1.920235e-06 7
1.588381e-04 219
8.714602e-05 1
1.033799e-04 93
1.269716e-04 1728
4.683620e-05 1
5.791788e-04 2
1.895791e-04 1
1.843625e-04 4
2.627978e-06 1
4.680995e-05 3
7.282751e-05 3
1.623066e-04 3
1.107092e-04 7
1.730110e-04 3
5.830006e-05 2
4.116971e-05 1
2.181262e-04 1
1.309311e-04 7
1.640870e-04 6
2.481990e-04 32272
2.323632e-04 5
6.587567e-05 4
2.271346e-04 1
4.617509e-05 923
2.249292e-04 128
1.543666e-04 81
2.562996e-05 1
5.561947e-05 7
5.070575e-04 2
1.677271e-05 1
9.315459e-07 1
1.115013e-04 5
2.144118e-05 1
1.327278e-05 1
2.007555e-04 7
1.385050e-04 2
1.402910e-04 2
1.241656e-04 2
9.642151e-05 3
2.685816e-04 2
9.118720e-05 1
2.216553e-04 1
6.046773e-04 26840
8.372005e-06 6
7.703890e-05 1
1.674671e-04 1
1.569835e-04 155413
1.182134e-05 3
1.085688e-04 2
3.392481e-06 1
6.212710e-05 4
2.418227e-05 1
2.187774e-05 2024
1.354220e-04 3
1.410703e-04 1
1.985318e-04 1
1.790674e-04 1
3.933686e-05 1
8.786598e-05 1
8.664357e-06 150
1.693062e-04 4
4.912912e-05 1
3.766215e-05 1
3.186454e-05 2
5.339550e-05 1
7.328874e-05 215
6.692243e-04 102
6.524122e-05 1068
5.957313e-06 1237
8.932884e-05 2
6.336357e-05 3
1.645996e-04 7
8.111191e-05 1
5.457596e-05 7
2.555649e-04 1
2.883665e-04 1
4.751503e-05 2088
9.649468e-05 1
1.128465e-04 1
1.260997e-04 259
2.569367e-05 28
1.468066e-04 1
1.184576e-04 3
7.103547e-05 63911
1.564486e-04 1
5.378048e-05 1
1.250734e-04 261
1.121668e-04 2
9.639703e-05 5
2.482358e-04 5
6.402796e-05 7
8.035634e-05 75
8.262322e-05 5
1.927091e-05 1
2.051314e-04 17
3.861793e-04 1
4.042101e-06 1
6.289664e-05 513
5.213247e-05 1
1.232491e-04 1
2.502296e-05 1
3.216202e-06 1
3.952165e-05 2
3.457089e-05 1195
3.617937e-05 3
1.359456e-05 1
2.375348e-04 1
1.375905e-04 1
1.928320e-04 1595
3.385552e-04 1
3.585997e-04 1
1.887542e-04 1
1.477824e-04 1
1.819103e-04 1959
4.311003e-04 1
1.111571e-04 5
1.304804e-05 1
1.145501e-04 1
8.230582e-05 1
3.405929e-05 1
4.991712e-05 1745
6.952493e-05 1
1.497942e-04 3
2.118917e-04 166
7.751507e-05 1
3.471477e-05 1
3.670335e-05 4
5.416404e-05 3
3.513061e-05 1
6.701628e-06 4
1.151781e-03 1
8.633755e-05 2
1.436595e-04 157716
1.781482e-04 1
1.139878e-04 4992
5.551622e-05 1
3.434002e-05 1
3.947844e-04 4
5.869758e-04 1
9.528795e-06 1
1.458647e-04 1
1.083025e-04 6
5.429575e-05 1
1.543193e-05 1
1.186591e-05 1
7.731270e-05 1
3.293636e-04 1
1.706842e-04 1
3.348285e-05 2
3.087060e-05 3
7.223924e-05 5
3.457561e-05 66171
3.059979e-06 5
5.220782e-07 25862
5.083539e-05 1
1.096866e-04 3
2.418444e-04 2
1.860601e-04 3
1.028406e-04 1
6.703490e-06 1
3.671587e-05 3
2.335064e-05 1
1.274033e-04 1
9.300446e-05 1
2.382125e-04 1
3.273940e-06 1
1.873742e-04 52
7.500221e-06 55598
3.932791e-04 1602
1.496921e-04 2
4.054020e-05 2
1.344068e-05 1
5.097283e-05 1
9.791700e-05 2
6.523253e-06 1
1.376692e-04 1
3.066992e-05 28275
2.781904e-05 1
2.725594e-05 2
8.955940e-05 1
2.118076e-04 1
1.266267e-04 1
1.800400e-04 9
2.658960e-04 74
1.773921e-06 58342
1.561949e-04 1
6.004230e-05 1
6.227523e-05 1
2.437450e-04 2
3.887538e-05 784
6.383424e-07 1
2.330579e-05 3
5.269410e-05 1
9.288676e-05 177
3.441874e-05 2
4.176192e-04 2
9.781875e-05 2
1.536446e-04 2
2.802296e-04 1
1.588167e-04 2
2.097538e-04 169
6.920977e-05 1
4.647670e-05 3
4.783394e-06 50508
5.529402e-05 1
1.276429e-04 177
1.110511e-04 1
3.773959e-05 79
1.279249e-04 1
2.021106e-05 1
1.767870e-04 1
5.320621e-05 1
1.197267e-04 3
1.380877e-04 150
9.703315e-05 1291
1.695496e-04 6
1.038719e-05 201543
7.510458e-05 127
1.867197e-04 1
3.265927e-04 1
5.612477e-05 1
4.013770e-05 1
1.568941e-04 1
7.538163e-05 3
4.296621e-07 3
4.291515e-06 1
3.986097e-05 1
5.161358e-04 1
3.766518e-04 1
1.298647e-05 1378
1.571944e-04 5
4.842960e-05 1
1.097456e-04 223
1.211765e-04 1
2.399807e-04 3
5.419952e-04 108
1.019525e-05 122
3.566503e-05 43868
3.475995e-04 2
2.712878e-04 103
3.743974e-04 3
3.023565e-05 3
6.826350e-05 1
3.998819e-05 241
5.709282e-05 45
5.365343e-05 1
6.636813e-05 1
1.603447e-04 1
5.700324e-05 1
9.997936e-05 700
1.666212e-04 1
7.168073e-05 1
1.630015e-04 1865
6.908393e-05 1
6.619190e-05 1
9.892745e-05 2
3.643348e-04 3
8.645837e-06 5
3.850966e-04 3
3.064609e-04 1
6.125098e-05 4
8.265992e-05 1
4.170973e-06 3
3.621321e-04 262
2.492576e-04 1
8.452994e-05 5
8.006261e-05 1
3.568410e-05 1
4.198861e-04 1
3.346236e-05 1
6.352360e-04 1
1.420422e-05 2
8.282025e-05 1
1.910533e-04 4
4.039331e-05 1
4.263857e-05 1
3.066817e-05 2
1.481695e-04 6
3.441249e-04 2
5.233698e-04 1
3.883734e-05 5
6.921877e-07 1
1.261974e-04 1
2.220647e-05 1
9.951836e-05 1
6.460757e-05 3
8.548268e-07 2099
2.262001e-05 92
5.864556e-05 644492
1.260477e-04 1
2.512937e-04 1
8.056542e-05 1
2.576596e-04 2
1.057726e-04 4
1.789608e-04 1
3.798800e-04 1
1.533911e-05 1
9.168746e-05 1
3.126329e-04 2
1.517367e-05 3
4.468935e-05 1
2.067881e-05 2
2.102977e-04 1
3.966789e-05 1
3.259991e-05 1
3.613638e-06 3
3.873881e-04 52
7.130951e-05 1
8.398714e-05 4
3.117814e-04 1
1.194258e-04 7
3.483872e-05 1
6.708859e-05 6
5.092287e-05 4
7.517994e-05 2
2.534157e-05 3
5.315129e-05 2
1.078896e-04 23
6.807074e-06 151
1.848006e-04 1
4.691989e-06 1
2.838025e-05 2
1.072881e-06 1
1.120092e-04 2
5.127603e-05 1
3.306567e-05 270
2.163790e-05 91
2.894748e-04 7
2.200165e-04 124
5.285701e-05 3
7.603843e-05 1
1.741911e-04 1
8.692617e-05 1
8.231951e-05 3
1.351196e-05 1
3.791208e-04 5
6.182644e-05 4
4.436174e-04 1
3.879181e-05 241
1.550608e-06 5
2.132945e-04 2
6.792985e-06 142
1.247221e-05 3
3.081061e-04 556517
1.394207e-05 234
5.024135e-06 4
1.253789e-04 2
3.070497e-06 1
2.264813e-05 3
8.966376e-06 1
9.430176e-05 1
1.215790e-04 2
1.068331e-05 1
6.432658e-05 183
1.256049e-04 1
1.402886e-04 1
1.936609e-05 200
1.202969e-04 1753
1.339658e-04 4
2.120352e-05 5
1.916699e-05 252
8.591606e-05 3
2.198653e-04 3
1.832599e-04 1
3.211094e-05 2
4.195651e-04 26985
3.760424e-05 1
4.223211e-05 337
1.241870e-04 6
6.369794e-05 1
2.863025e-04 3
3.494237e-04 28997
1.144896e-05 1
9.974251e-05 23437
1.408868e-04 1
1.615368e-04 1
7.980485e-05 5
2.799757e-05 4
3.100991e-04 1
9.602947e-05 1
8.584460e-05 53627
3.975397e-05 1
2.009323e-05 1
2.249508e-07 3
5.105941e-05 1
1.325605e-04 21
2.336912e-05 202
4.785493e-05 1718
1.294505e-04 1
2.887309e-04 12305
3.330919e-05 1
2.775013e-04 1
2.766008e-04 2
2.512960e-04 1
2.217770e-05 1
3.056421e-04 1
3.420003e-05 1
1.331490e-04 1
2.552543e-04 1
2.866307e-04 1
2.343472e-04 5
2.795646e-04 1
2.940621e-06 1
1.319185e-04 1
7.483571e-05 1
8.698324e-05 1
7.405975e-05 3
7.834992e-05 1
6.779509e-05 1
4.010912e-04 1
7.572869e-05 2
2.035015e-04 1
7.837774e-05 1973
4.203248e-05 1
8.097490e-06 1
6.115426e-06 1
1.331434e-05 3
5.142647e-05 2
5.709749e-05 1
3.971325e-05 1692
4.213164e-05 1
4.624282e-05 1
7.432999e-05 3
2.910241e-05 1
7.923287e-05 56723
2.609865e-05 2
1.741800e-04 2
1.409378e-04 5
1.653883e-04 7
2.485562e-04 2
2.008336e-04 7
4.597941e-04 3
4.001007e-04 1
4.512023e-05 1
2.470410e-05 1
1.499742e-04 6
1.367893e-05 1
7.622288e-06 144
7.711911e-05 3
1.250983e-04 2
4.898903e-04 7
2.526067e-04 4
3.051124e-05 3
6.399247e-05 1
1.365627e-05 1
2.191207e-04 1
1.638143e-04 1
1.173150e-04 1
2.736149e-04 1
7.308602e-05 23914
1.650033e-04 1
1.316954e-04 1
4.368991e-04 1
1.748448e-04 1
1.590315e-06 38914
8.393410e-05 1
9.824806e-06 1
1.402689e-05 1
2.987665e-06 5
3.179521e-05 113
4.629846e-04 1
4.711700e-06 1
5.802145e-05 1
5.092168e-04 1
5.061822e-05 7
5.611958e-05 4
9.151164e-06 1
1.091887e-04 1
1.195963e-04 1
4.670145e-05 1
4.066784e-05 1
7.789319e-05 6
6.923833e-05 1
5.758815e-05 194
9.401300e-06 3
1.951504e-05 177
4.701085e-07 2
1.146761e-05 3
1.806246e-04 2
1.165925e-04 2
3.409206e-05 5
6.782619e-05 1
8.288839e-06 161
2.123144e-06 1
6.010868e-05 237
1.589168e-05 839
7.991921e-05 2
1.845024e-04 1
2.040466e-05 1
9.283535e-05 2
3.088800e-05 2
3.677234e-05 2
4.228865e-05 1
6.367277e-05 1
2.542945e-05 3
8.106944e-05 1
6.632914e-05 182
3.836873e-05 1
5.953611e-05 1
5.508591e-06 1
2.456761e-05 1
5.856333e-04 1
1.487778e-04 2
4.348579e-05 3
1.458217e-04 3
8.776267e-05 171
4.999710e-05 1
3.405177e-04 260
3.817979e-05 1
6.293978e-07 1
1.215134e-04 4
1.539528e-04 1
3.549055e-05 350
1.411815e-04 120
3.404359e-04 1
2.768652e-05 3
1.840150e-04 1
1.144004e-04 1
3.597877e-05 1
6.434228e-05 1
1.842234e-04 1
6.820971e-05 5
4.106908e-05 2
1.840399e-05 97
5.457468e-05 616368
5.654942e-05 19
3.973772e-04 2
1.686595e-05 1
4.829672e-07 1
3.910746e-05 5
9.571562e-05 1
1.028257e-04 5
4.625175e-04 1
5.800058e-05 1
1.208122e-04 5
2.996252e-04 1
2.440401e-05 2
2.277156e-05 23822
2.486662e-05 2
3.656425e-05 2
2.418962e-04 2
1.931775e-04 98
1.131236e-05 2
1.177267e-04 1
1.705078e-05 1
1.126228e-04 1
3.978386e-04 1
2.799503e-05 53502
2.145918e-04 1
2.712396e-05 1886
1.870840e-05 6
8.869244e-05 1
5.776868e-06 1
3.036451e-04 2
3.301719e-05 3
1.559333e-04 1520
6.092627e-05 1
6.321310e-05 1
8.491512e-05 1
1.634188e-04 3
5.794228e-05 2
6.277066e-05 5
4.574851e-04 3
1.398071e-04 1
7.330676e-05 108098
1.256596e-05 191
4.455387e-05 3
1.418114e-05 1
4.684128e-04 1
1.682390e-07 2022
6.705632e-05 1
2.829796e-05 1
1.056928e-04 1
2.172735e-04 1
9.564786e-05 1
8.568384e-05 2
4.131235e-05 4
1.053204e-04 2
7.338463e-05 1343
3.363138e-04 1
6.385963e-05 3
1.165451e-05 3
1.799974e-04 1
1.066841e-04 1
1.463502e-05 1
2.336198e-04 78
3.437285e-06 1
2.957166e-06 1
1.628167e-05 3
3.537082e-05 1
9.965796e-05 1
2.766501e-05 3
9.645760e-05 2
2.426711e-04 1
6.227659e-05 3
4.842531e-06 1074
1.225329e-04 1
8.907095e-05 3
2.748767e-05 2
3.622137e-05 1
1.450844e-04 1
2.697382e-05 191221
1.009321e-04 3
9.378648e-05 1
2.141398e-04 1
