5.972669e-06 1
3.136654e-05 266
3.408987e-05 1
2.182829e-05 38
1.815271e-05 154
1.301497e-05 1
7.412794e-05 2
3.430849e-05 2
5.105204e-05 1
2.469319e-05 3
1.576863e-06 1
5.395765e-06 3
5.251068e-05 6
1.696650e-06 1451
1.229609e-05 1
3.911930e-05 1
1.895683e-05 1655
3.796476e-05 1
3.460522e-05 1
3.067841e-05 3
2.837651e-05 416819
1.910135e-05 2
5.034224e-05 37
3.536812e-06 1
7.150159e-05 1
2.909367e-05 1763
1.778737e-05 987
7.515687e-06 1
9.609235e-05 3
5.964422e-05 3
9.097641e-06 1
4.268389e-06 11086
7.817081e-05 1
5.975798e-05 7
1.474416e-04 1
2.781638e-05 1
6.067931e-05 7
1.072782e-04 1
2.176099e-05 1
7.858268e-06 3
9.828903e-05 7
8.915388e-05 811
1.328415e-05 3
8.343598e-05 7
3.072029e-05 61
7.264778e-06 1
9.320013e-05 3
8.095103e-07 1
8.716923e-05 7
3.788257e-05 1
3.431323e-05 101
5.413513e-05 1
4.901589e-05 921
7.624916e-05 1
1.249110e-05 3
1.007762e-05 1
1.401770e-05 1
1.077901e-04 1
2.472992e-05 110
4.900783e-05 1
2.515693e-05 2
4.632277e-06 2
1.247997e-05 1
2.246092e-05 1
8.610868e-06 1
2.042513e-05 254
8.406600e-05 1570
9.597312e-05 1
5.136545e-05 449
6.470126e-06 6
7.864060e-06 31027
2.143791e-05 93
2.096446e-04 1
8.267920e-06 1
2.317529e-04 1
3.188722e-05 554
1.902738e-04 6
1.385985e-04 3
5.330236e-05 2
2.399371e-05 1
5.600208e-05 1
6.314084e-07 1
7.922420e-05 32
9.897468e-05 6
8.894634e-05 1
1.711428e-05 73
1.606743e-06 1
8.999307e-06 5157
1.312630e-05 1
5.566096e-05 1
3.750165e-05 2
6.673762e-05 1
1.553128e-04 66
2.361041e-05 1
3.219355e-05 1
2.735861e-05 3
6.728051e-05 1
8.741210e-05 3
8.729294e-06 1
4.783486e-05 1
3.216125e-05 1
8.011356e-05 1
4.437532e-05 1
2.554259e-04 266
5.501505e-05 28058
9.481319e-06 229
2.985460e-05 1
2.350193e-05 2
1.288023e-05 1311
5.425581e-05 1
1.141957e-04 62
7.052803e-05 1
4.872686e-05 876
6.511890e-05 1
4.492585e-05 3
2.325650e-05 1
3.845330e-05 1
4.913921e-05 1
6.284285e-05 1
3.030931e-05 6
1.485844e-05 1
1.012938e-04 2
1.083630e-05 1
2.824183e-05 60731
4.060755e-05 3
1.330615e-04 1907
3.604026e-05 1
9.469554e-06 1
6.655976e-05 132
3.978294e-05 1
5.097761e-05 1
6.119574e-05 3
6.848242e-05 4
4.677307e-05 1
9.205097e-06 35040
8.801212e-06 3
1.827887e-06 4
3.398223e-05 1
6.554998e-05 1
6.250076e-06 1
7.935848e-05 2
3.363995e-05 3
3.741497e-05 16286
4.700741e-05 1453
5.352393e-05 4
1.161125e-05 1
4.638860e-05 3
1.361380e-04 145
1.484562e-05 1
7.643653e-06 708
7.676519e-05 720
5.451143e-05 3
3.240352e-05 1
2.229018e-05 68
2.521034e-05 1
1.224621e-05 1
2.224776e-05 1
2.507198e-06 6
4.357402e-06 200
8.154271e-05 2
3.044830e-05 1
1.622716e-07 1430
8.941613e-05 1
5.840305e-05 3
3.609325e-06 3
2.496847e-05 1
2.339808e-06 3
4.834782e-05 2
1.767695e-04 6
5.300233e-05 5
4.188789e-05 42084
6.523731e-05 7
1.385460e-05 1
5.343270e-05 1
6.499439e-05 6
5.191006e-05 6
1.051412e-04 1
8.388467e-06 169
1.068154e-04 1
8.864470e-05 2
2.238643e-05 2
1.461263e-04 1
9.006891e-05 1
5.588862e-05 1
1.605949e-04 2
1.335522e-05 1
1.261522e-05 1
1.017360e-05 1
2.323588e-06 1
2.237524e-06 1
2.804485e-05 1
3.726596e-05 2
5.689784e-05 1
8.374553e-05 1
9.660871e-06 1
1.286399e-04 3
1.149158e-04 146
3.595445e-06 7
1.021059e-04 1
9.226407e-05 1
2.275358e-05 1
6.294005e-07 1
8.940779e-05 6
8.438973e-06 3
1.358546e-06 175
2.904401e-06 80
4.989475e-05 1
5.459509e-05 2
3.090304e-05 1
2.655778e-05 6
2.902982e-05 3
1.358452e-05 6
1.049967e-04 3
4.927359e-05 1
9.719676e-05 1
3.620598e-05 32585
7.266852e-05 1
1.071482e-04 156
1.632367e-05 1
4.407023e-06 312096
3.213721e-05 1
1.060313e-05 1
3.969307e-05 4
7.768962e-05 2
1.023981e-04 1
3.147527e-05 1
6.397275e-05 1
9.440294e-05 1
6.340487e-05 1
7.223603e-05 164
3.540157e-06 2088
2.401669e-05 1
4.063663e-06 1
1.032890e-04 46
2.223331e-05 1
1.441289e-04 1
2.010585e-04 1
4.250320e-06 1
1.283234e-05 7
1.359544e-04 494
2.681763e-05 19410
4.144584e-06 1
9.894720e-06 1
8.415535e-05 7
5.200569e-06 13
1.239558e-05 1
2.559245e-05 1
1.184311e-05 2
3.076900e-05 1
7.577193e-06 1
1.237917e-05 3
9.288314e-05 181
7.301057e-05 183
6.551076e-05 3
2.754981e-05 6
3.580797e-06 1
5.364063e-05 51831
2.383832e-05 1
4.393037e-05 5
2.812717e-06 3
1.571892e-04 3
3.523465e-05 1
7.977513e-05 183
1.700086e-05 4
1.489664e-05 1
5.123984e-05 35015
4.329437e-05 2
1.731455e-05 4
8.240295e-05 1
6.762136e-05 2
4.563163e-05 1
2.118790e-05 1
8.119941e-06 3
4.627068e-05 2
1.247358e-05 1
4.062074e-05 3
7.885916e-05 1
7.381552e-06 1
1.433851e-05 1
8.937420e-05 146
2.270053e-05 121
1.087225e-04 2
1.784019e-05 1
1.743807e-05 3
3.725642e-05 6
1.588872e-05 1
1.769169e-04 1
3.133558e-05 1
6.154698e-06 47310
2.222131e-05 1
2.642717e-06 1
7.726332e-05 1
6.594759e-05 1
9.944322e-06 4
1.366089e-04 1
9.397817e-06 1180
2.371474e-05 1
1.410308e-05 1
1.521288e-05 1
3.553022e-05 1
3.310513e-05 1
2.781263e-05 7
9.358898e-05 3
3.054614e-05 1
5.798648e-05 229471
8.942294e-06 1
1.222683e-05 2
4.108462e-06 2
1.731813e-05 1
5.164370e-05 1
1.392304e-05 1
2.883571e-05 1
4.459692e-05 1
3.936406e-05 1
1.399558e-05 257
2.140536e-04 5
1.555340e-06 2
1.742144e-04 4
2.796381e-05 59
5.859060e-05 646206
5.212253e-07 1
4.044191e-05 289302
4.837873e-05 1
3.051869e-05 1
3.936176e-05 1
1.317024e-05 2
8.366117e-06 1
8.220954e-05 1
3.995563e-05 146950
2.965770e-04 1
1.843380e-04 1
4.576083e-05 1
4.701794e-05 1
2.837110e-05 1
1.328792e-05 7
1.841204e-05 5
2.004690e-06 1
4.562803e-06 3
1.220090e-04 3
8.873818e-05 1
5.650132e-05 1998
5.966703e-05 1
1.121795e-04 4
4.450144e-05 3
2.268495e-06 1
1.517762e-04 4
2.676956e-06 3
4.539100e-05 59145
2.372464e-05 2
1.047774e-05 1
8.034872e-05 1
1.818429e-05 1
1.248596e-05 1
1.328105e-04 1
1.778430e-05 92
2.370800e-05 1
2.002344e-05 1
1.190197e-04 5
1.676750e-05 1
8.008718e-06 3
2.466824e-05 1
1.728327e-04 1
3.525537e-05 1
1.410546e-05 1
2.842194e-06 1
3.403691e-05 1
9.622822e-06 25
4.713324e-05 32641
1.148186e-06 1
3.282178e-05 3
1.318338e-04 33068
2.422741e-06 3
7.392210e-05 1
1.786418e-05 5
6.250517e-05 697
3.962778e-05 1
7.581228e-05 2
4.564817e-06 1
6.184865e-05 1
4.970147e-05 2
2.589909e-05 1
4.097168e-05 1
3.296314e-05 1
1.893478e-05 1
3.695929e-05 7
7.181795e-05 3
3.729733e-05 546653
1.051900e-04 1
2.765688e-05 109
2.303109e-05 1
1.674498e-04 3
3.173978e-05 1
1.724764e-05 254
2.685800e-05 1
5.380965e-05 1
2.804812e-04 27098
1.205666e-04 3
5.270645e-05 9110
5.560967e-05 2
2.536002e-05 1
8.440295e-06 1
4.608237e-06 87
3.154186e-04 6
3.754189e-05 1
7.898515e-05 3
2.871518e-05 1
2.791129e-05 1
1.154855e-05 1
1.097448e-05 1
8.231116e-05 1
3.824122e-05 71
2.328283e-05 66526
6.314628e-05 1
2.452783e-04 1139
4.808374e-05 1647
3.439812e-05 1
2.354716e-05 5
4.413821e-05 1
1.233793e-04 2
5.895984e-05 1
3.401199e-05 3
8.886642e-06 1
8.146632e-05 3
2.560259e-05 1
6.894675e-06 458
4.418420e-05 1
7.975616e-06 1
2.034799e-05 1
1.305798e-05 145
1.060515e-06 4148
8.126639e-05 909
1.712107e-05 2
1.336540e-06 1
2.506152e-05 1203
4.119618e-06 145
8.350862e-06 6
6.413470e-06 3
9.988308e-05 1
1.775330e-05 1
1.221918e-04 6
6.250819e-05 2
4.015450e-05 105
1.676439e-05 207
1.442142e-05 2
5.064164e-05 2
4.796913e-05 291
4.538517e-05 1
4.754194e-05 5
8.458545e-05 1
3.791463e-05 2
1.749128e-05 1
1.189925e-05 1
9.286514e-05 221
1.488595e-07 7
4.669674e-06 1
7.938032e-06 1
5.177328e-05 6
1.605089e-05 1
6.920483e-06 230
2.146537e-05 57060
1.633248e-05 1
4.840037e-05 33
8.289621e-05 1
3.075151e-05 3
3.330251e-06 1
8.449855e-05 1084
2.029453e-05 2
5.519268e-05 1
1.055987e-05 1
2.538244e-05 1
9.307533e-06 62226
3.748198e-05 1
2.064122e-04 86
2.823136e-05 1
8.553417e-05 1
1.958534e-04 5
2.258392e-04 44782
4.025625e-05 45285
3.088583e-05 1
1.021030e-04 7
1.518128e-05 5
1.548879e-05 4
9.701103e-07 1
8.147683e-05 1
2.778060e-05 3
4.203101e-05 1
6.087067e-05 100
7.837063e-05 1
2.799116e-05 1
2.210240e-07 1
2.630172e-05 1
1.125797e-04 1
8.805476e-05 2
2.262333e-05 2
7.627179e-05 1
1.300964e-05 2
5.870819e-06 1
9.575948e-06 1
1.001036e-04 1
2.989257e-05 2
1.140559e-05 1
5.545468e-06 1
1.257926e-04 3
6.589073e-06 1
2.722452e-04 213
1.784043e-05 7
6.399759e-05 2
6.870346e-05 1
1.141929e-04 1
3.918926e-05 1
2.323563e-05 1
2.388031e-05 1
8.656881e-06 47133
8.001313e-05 7
5.608236e-05 1
1.342021e-04 1
1.812268e-04 6
1.712131e-04 62737
7.046467e-05 56501
1.271882e-04 221
1.617296e-05 626
6.754705e-05 3
7.985507e-05 74
5.498802e-05 1
2.685425e-05 158
3.525264e-05 1960
6.965760e-05 1
3.104592e-06 1
1.089838e-04 27994
1.971086e-05 270265
3.301867e-05 1
9.647236e-05 248
7.014376e-05 1
7.987937e-06 5
6.696916e-05 1
1.512859e-05 46
4.373150e-05 3
1.334976e-04 1
6.711991e-05 2
2.307317e-05 4
1.191167e-05 1
9.006092e-05 3
1.131792e-04 2
1.219625e-04 2
1.235768e-04 1
2.070327e-05 1
8.424539e-05 6
8.951371e-05 1
1.678763e-04 1
1.420707e-04 2
1.898512e-05 1
3.812345e-05 1
2.204364e-05 4
5.447752e-07 1
4.369820e-06 2
6.588691e-06 56572
8.082679e-06 1
3.598098e-05 2
4.663574e-05 1
4.030040e-05 3
2.406902e-05 2
4.068890e-05 1
4.020300e-05 1
2.495419e-05 1
9.131826e-05 167
6.398795e-05 263
1.004865e-04 1
4.684709e-05 1
3.305246e-05 1
3.122253e-06 136
2.349605e-05 1
8.363272e-05 1
7.350437e-05 7
3.105241e-05 1
7.609666e-06 1
1.099134e-04 2
4.239248e-05 1
3.454482e-05 1
2.831820e-06 1
1.635161e-05 1
1.605346e-04 2
6.467547e-06 1
1.739324e-05 1
3.856665e-05 1
4.228378e-05 176
1.231354e-04 2
5.334651e-05 1
1.389348e-04 125
8.956249e-05 1
6.572836e-05 1
7.938594e-06 1
1.949850e-04 5182
3.041223e-05 1
1.114534e-05 3
1.332217e-04 1
3.107158e-05 7
8.502077e-06 464
7.051509e-06 1
1.407922e-05 4
7.545306e-05 7
4.889673e-05 568146
1.466398e-04 1
8.000369e-05 3
1.854806e-05 1
4.016544e-05 1
6.623546e-05 2
1.642843e-04 1
2.232334e-05 1
6.325622e-05 2
2.388048e-05 182
1.263220e-04 28
1.366067e-04 1
3.601848e-05 1
6.068866e-05 6
4.301290e-06 3
1.927606e-05 194
4.382797e-05 1
1.115867e-05 1
7.415461e-06 1
5.493666e-05 106
9.352016e-06 108
7.969684e-05 1
1.134676e-04 1
2.855438e-05 1335
6.423865e-06 2
4.934215e-06 2
2.913815e-05 3
6.055668e-05 1
6.265745e-05 1
1.004284e-04 1
1.238786e-04 6
2.215551e-05 1
1.028018e-04 1
8.596203e-07 7
7.297659e-05 3
2.227906e-07 1
1.280482e-04 2
5.424187e-05 7
9.708995e-05 2
8.371989e-05 2
6.577097e-05 5
5.690145e-05 1
2.552837e-06 2
7.224837e-05 1
1.255104e-04 1
2.836048e-05 1
7.785896e-06 5
1.093867e-04 1
6.493963e-05 1227
1.694938e-05 1
8.171801e-06 299
1.338158e-05 1
4.055618e-05 1
2.727693e-05 1
2.042103e-05 6
5.713969e-05 1
8.827725e-05 3
4.154289e-05 1
6.392985e-05 224
3.085765e-05 2
8.675400e-05 193
3.632448e-06 1
1.023250e-04 4
1.468010e-05 1
2.147964e-05 1
6.326718e-05 1
1.270785e-05 3
1.049196e-05 1
5.941819e-05 4
4.980238e-06 1
2.688005e-05 1
5.065443e-05 1
1.643729e-04 1307
1.211586e-05 2
6.404996e-05 15
5.826499e-05 1
6.155966e-06 1
1.848721e-05 4
6.795402e-05 2
4.633851e-05 1
4.293702e-05 1
2.972372e-05 1
3.872610e-05 1
9.814187e-05 1
5.038299e-05 1
1.212859e-04 3
3.024611e-05 1
2.206082e-05 1343
3.063672e-05 1
7.084632e-05 1
2.916935e-05 6
4.283315e-05 3
3.081932e-05 7
9.387635e-05 2
9.630580e-05 3
5.669624e-06 4
3.048933e-06 1
1.585783e-04 2
3.218352e-05 1
1.662028e-05 36
1.035482e-04 1
1.016737e-04 3
3.112995e-05 1
3.184422e-05 2
1.082972e-04 2
2.424472e-06 5
4.876031e-05 1
2.227263e-05 6
8.704737e-05 1
1.897627e-04 1
4.738677e-05 1
1.093283e-04 1
1.326371e-05 1
4.953659e-06 3
1.120017e-04 1
3.282543e-07 6
1.139608e-04 1
4.374868e-05 3
9.198671e-06 2
1.090681e-04 1
1.388287e-04 1
8.264349e-06 1
2.027213e-05 2
6.188267e-06 1
3.687658e-05 1
4.628915e-05 1
1.439474e-05 7
1.562287e-05 4
3.540807e-06 111
9.294630e-05 3
8.855204e-06 203
8.192566e-06 2
1.033458e-04 46397
9.629631e-06 1
7.065232e-05 1
7.166614e-06 2
6.279354e-06 1
4.600011e-05 6
2.709399e-05 7
8.090909e-05 4
1.581950e-04 3
2.697966e-05 1
9.218307e-06 1
2.831963e-04 7
1.827809e-05 541
1.330812e-05 1
7.420248e-05 6
2.207097e-05 7
1.595409e-05 1
1.192092e-04 1
4.057087e-05 2
9.601341e-06 1
2.941229e-05 28983
2.362710e-05 3
6.612482e-07 1
3.650452e-05 1
1.977053e-05 1717
2.599490e-05 6
5.484343e-05 157
7.604474e-07 1
2.046584e-05 1
6.297221e-05 1
4.190536e-05 3
4.826329e-06 1
1.186365e-06 1
1.952547e-04 1
2.143971e-05 1
4.749618e-05 54
2.985754e-05 2
3.451128e-05 3
1.603686e-04 1
9.845458e-05 1
5.685683e-06 1
8.721258e-05 3
5.495078e-06 2
4.290901e-05 4
1.238226e-04 3
4.521242e-05 13013
5.638888e-05 3
1.983170e-06 97
2.621050e-05 1
7.143246e-06 2
1.095921e-05 1
1.332208e-04 1
2.139295e-05 1
7.538236e-06 1
2.111154e-05 1
5.529614e-05 5
1.733976e-06 1
5.348114e-06 1
5.791144e-05 1
1.238411e-05 1
3.679975e-05 25
1.710715e-05 6
9.643498e-05 1
4.989576e-05 1
1.928568e-06 2
1.210880e-05 3
4.941828e-05 1
3.595628e-05 1
3.571462e-05 1
8.974225e-05 1
4.902035e-05 66152
1.473918e-05 1
4.533454e-06 595324
2.918442e-05 55
6.642398e-05 1
5.554775e-05 4
2.249305e-04 1
8.215906e-05 2
9.915575e-05 1
3.071077e-05 3
5.363419e-05 1
5.074390e-05 3
8.629838e-05 207
4.595313e-06 1
5.156485e-05 59
1.509331e-05 107
1.045012e-05 1
5.590724e-05 1
2.934030e-05 7
1.067054e-05 1
7.906935e-05 1
1.061024e-04 1
1.467329e-05 225
2.837961e-05 162
1.962732e-05 1803
3.132653e-05 1
1.022570e-04 1
6.640047e-05 1
9.297647e-05 1
1.373275e-05 181
2.591572e-05 1
6.295186e-06 1
2.772968e-05 23230
2.021804e-05 1
5.677893e-05 1
5.464222e-05 2
4.165790e-05 5
5.127662e-06 3
4.365699e-05 4
6.829410e-06 265
2.027030e-04 1
1.215612e-06 1876
6.495973e-05 1
4.244889e-05 2
2.039978e-05 1
7.156274e-05 2
2.717360e-04 1
5.478853e-06 1
2.799185e-05 2
2.880208e-05 3
1.922939e-05 1
2.008260e-04 1
1.692680e-04 3
1.951949e-05 2
5.933438e-05 1
1.398280e-04 1
5.972672e-05 1
4.864130e-05 3
1.930538e-04 129
4.292811e-05 2
1.358691e-04 1
3.703832e-06 2
1.040309e-04 7
4.520360e-05 1
8.114309e-06 7
1.132512e-04 1
9.938717e-06 1
3.338508e-05 3
1.765017e-05 4
6.900380e-06 1
1.866204e-05 4
1.410638e-04 1
1.093318e-04 1
6.052614e-05 1
2.760449e-05 1
2.875450e-05 2
1.059926e-04 243
4.505050e-05 1
6.029990e-05 1
3.476444e-05 1
4.414668e-06 301776
2.080841e-05 1
5.433092e-06 3
9.461333e-05 3
1.340600e-05 1
7.043513e-05 1
1.472488e-05 2
2.176497e-05 6
4.727920e-05 1
8.350087e-06 3
9.339851e-05 1910
6.889318e-05 1
4.282220e-05 2
1.276279e-05 3
6.530138e-06 1
9.963943e-06 1
7.632044e-05 1
6.007337e-05 1
3.127129e-05 3
1.015907e-04 1
8.295012e-05 106
1.362356e-05 265
9.092411e-06 1
2.704389e-05 1
4.989478e-05 6
7.672976e-05 2
1.133876e-04 3
2.423488e-05 1
9.844585e-05 1
3.932833e-05 30
6.312070e-05 6
3.336571e-05 1
9.216652e-05 2
2.991675e-06 1
7.194793e-05 3
2.192582e-05 1
3.498881e-05 208
7.780584e-05 1
6.982840e-05 1
9.347450e-05 3
1.789052e-05 2
1.638923e-05 2
8.525892e-06 864
1.688457e-06 1
1.529627e-05 245
1.943259e-04 2
5.029092e-05 1
2.721380e-04 1
6.438730e-05 1
5.615864e-05 1
1.744843e-05 1
1.188443e-06 1
9.837990e-05 1
2.393608e-05 1
4.295911e-05 1
2.569046e-05 63802
7.044780e-08 1
1.826307e-05 140
8.620474e-05 1
4.832197e-06 1
1.330010e-05 2
1.327685e-06 1
4.218585e-05 3
2.460363e-06 4
2.276102e-05 1
2.818646e-06 2
2.866764e-05 112
8.280162e-05 9
2.265683e-05 3
4.772438e-05 3
8.852538e-05 1
2.022260e-05 1
4.999678e-05 3366
5.437094e-05 1
5.668926e-08 2
1.608258e-06 4
1.347439e-04 1
1.245198e-04 1
4.915169e-05 5
1.952593e-04 2
1.337791e-04 105
1.533411e-04 1
1.624939e-05 220
1.417991e-05 3
1.675611e-06 6
7.748073e-06 3
1.106827e-04 7
3.077061e-05 1
1.793187e-04 1
1.582397e-05 63288
1.112956e-04 1
1.292583e-05 1
5.522933e-05 1
1.408681e-04 1
3.166057e-05 20
3.910629e-06 1
1.031600e-05 638
3.254116e-05 2
2.019806e-04 1
1.557237e-05 2
6.536390e-05 1
2.765737e-05 12631
2.389564e-05 726
2.023083e-04 1
2.517179e-05 1
2.795323e-05 1
2.741655e-05 1
2.783693e-05 1
2.468127e-06 3
3.853808e-05 5
2.891636e-05 3
1.266213e-05 1
1.393590e-05 1
2.125769e-04 1
9.508886e-06 6
1.291302e-04 3
2.097189e-05 1
7.907250e-06 1
2.272632e-05 1
5.113088e-05 2
2.770084e-05 6
5.647921e-05 1
4.094261e-06 60271
1.948633e-05 195
5.228467e-05 63
7.854541e-06 3
4.695559e-05 1
7.811942e-06 1
3.118448e-05 1
2.620521e-05 1
4.262214e-05 6
3.922812e-05 1
1.369318e-05 1
3.079701e-05 1
1.373079e-05 3
3.391575e-06 1796
4.684972e-05 1507
1.236018e-05 1
1.473274e-05 2
3.538446e-05 6
1.245550e-05 354
8.546050e-05 1
6.253996e-06 5
4.104480e-05 1
1.358083e-05 13154
9.965854e-05 2
1.721314e-04 2
8.308861e-05 1
1.007565e-05 1
1.526095e-05 4
1.496673e-05 3
5.396216e-06 1
2.048666e-05 2
6.591895e-05 2
1.099200e-05 4
5.199817e-05 266
6.987508e-06 1
4.945642e-05 2
4.510321e-05 1
2.167818e-05 1
8.592895e-05 1
3.015929e-05 2
6.940147e-06 210
3.535661e-05 10
9.794308e-06 1
2.169531e-06 1
3.431880e-05 121
9.037886e-06 1
3.384847e-05 1
1.386867e-05 1
7.914232e-05 1
3.840231e-05 1
1.271981e-04 1
6.802667e-05 1
4.025825e-05 1
8.648956e-05 3
1.716879e-05 6
1.178984e-05 1
1.268830e-05 1
4.180658e-05 541
1.399450e-05 61882
3.458938e-05 1
1.549981e-04 1
7.258335e-06 103
6.091455e-05 1
1.109110e-04 570
3.323029e-06 2
7.708292e-05 197
5.205565e-06 1
1.715604e-04 1
6.360918e-06 2
5.496466e-07 1
5.971062e-05 1
4.391892e-05 7
3.505954e-07 1
5.935059e-05 3
2.927789e-05 5
2.245062e-05 1
1.955233e-05 1
1.740854e-05 1
1.656706e-05 66554
1.683499e-05 2
4.261297e-06 1
1.368988e-05 1
1.016642e-04 1
1.044968e-04 1
2.116598e-05 45
2.228329e-05 1
1.838037e-05 10088
1.300995e-05 3
3.407727e-05 1
7.224674e-06 338
3.825339e-05 1
7.691044e-05 7
6.150310e-05 1
6.246462e-05 4
3.034997e-05 1
3.946468e-05 3
5.066632e-05 4
4.907305e-05 1
1.141616e-04 1
4.194268e-05 1
1.962359e-05 6
2.365165e-05 407497
2.265265e-05 1
2.203886e-05 1
1.323649e-05 1
6.375119e-06 1
4.378700e-05 2
1.717746e-05 1
3.052509e-05 3
9.097048e-05 249
9.403127e-05 20429
6.642086e-05 1
5.949787e-05 1
2.180976e-05 1
8.716967e-05 2
3.754306e-05 152382
1.083992e-04 1
7.631554e-05 3
9.955617e-05 1
4.213012e-05 111
7.705871e-05 3
1.323020e-04 3
2.725747e-06 1
3.765485e-05 88
1.382857e-04 167
1.232229e-06 1
1.088717e-04 76
5.546867e-05 1
3.224345e-05 1
3.847376e-05 1
1.879535e-05 7
6.597718e-05 846
1.259000e-05 1
9.288268e-05 1
4.098871e-06 781
2.446623e-05 1
8.088288e-05 1
4.735168e-05 1
4.029198e-05 1266
5.384285e-05 1
1.409808e-04 1
5.551491e-05 193
8.060430e-06 6
3.228206e-05 1
7.721785e-05 1
2.996144e-05 6
2.432733e-06 266
1.185555e-04 1
6.247460e-05 1
8.137039e-05 3
5.165193e-06 1
4.771735e-05 2
1.288042e-05 1
2.796801e-05 226
4.895181e-05 1
1.991591e-04 1
4.281341e-05 4
1.153944e-04 2
1.629076e-05 1
1.059396e-05 1
2.092360e-05 2
1.568790e-04 1
1.193736e-05 1
5.011751e-05 160
7.434770e-05 2010
5.794870e-05 2
2.696348e-05 3
3.083366e-05 3
5.572026e-05 2
1.183210e-05 1
9.132199e-05 29924
6.266323e-05 4
1.315243e-05 3
2.690226e-05 1
4.801531e-05 3
2.963388e-05 1
1.159555e-05 1
2.054408e-05 3
2.199971e-05 3
7.097739e-05 2
3.347043e-05 207
1.580347e-04 1
9.582440e-06 2
2.791587e-05 1
2.004856e-04 1
9.023224e-06 7
3.445400e-05 1
5.843720e-05 1
3.711978e-05 1
7.279406e-05 5
7.307164e-05 1
7.641392e-06 3
5.126999e-05 1
1.859959e-04 1
7.879640e-05 2
6.507946e-05 5
3.681374e-05 1
1.055230e-05 6
4.078944e-05 1
3.757367e-06 2
8.270256e-05 4
1.405395e-05 107
1.385261e-05 1
2.576125e-06 5
4.473927e-05 3
4.104762e-08 26142
1.955725e-05 1
2.246959e-05 1
1.421033e-06 230
3.832500e-06 6
1.379828e-05 1
6.436495e-05 1
3.100470e-05 2
1.519882e-04 1
3.722233e-05 4
1.206612e-05 1
1.059453e-04 1
1.134039e-05 1
5.232197e-05 151
2.929606e-05 1
7.178007e-05 1
1.483983e-04 26
2.984827e-06 5
9.198035e-06 1
1.203152e-05 1
4.392082e-05 1
7.853407e-06 5
8.451370e-06 1
1.948603e-05 65887
6.244337e-05 2
9.647104e-05 2
1.504311e-04 2
2.625077e-05 14100
1.589778e-04 3
6.390120e-05 7
9.263658e-06 1
9.535606e-05 1
3.153031e-05 1
2.782141e-04 1
8.169402e-06 7
4.174924e-05 22
5.540346e-05 3
5.238580e-05 1
1.183984e-05 2
2.866015e-05 2
1.510108e-04 1
2.836962e-06 1
2.576921e-05 19170
1.410830e-04 1
2.084443e-05 1
5.232820e-05 4
3.656886e-05 1
3.860722e-05 1
1.715127e-05 1
1.358223e-05 1
4.272417e-06 1
3.080728e-05 1
1.035127e-05 6
8.378089e-06 1
1.009852e-04 1
1.175192e-04 3
4.421343e-05 165
3.195684e-05 1
8.968195e-05 1
1.023840e-04 1
1.997558e-06 2
1.319605e-05 1
9.269219e-05 1
1.641794e-06 3
2.244516e-05 1
3.258333e-05 3
4.320743e-06 3
1.073556e-04 1
1.287657e-06 1
2.396352e-05 1
7.005853e-05 1
4.183695e-05 1
2.222470e-05 1
7.846331e-05 7
3.473091e-05 1
1.045263e-04 1
9.987667e-05 161
5.025945e-06 3
4.799614e-05 1
4.798384e-05 606478
2.736226e-04 1
3.473523e-05 1
2.194988e-05 1
6.670198e-05 2
1.433860e-04 686
9.917000e-05 3
4.127737e-05 3
1.662036e-05 1
1.556085e-04 1
3.607604e-05 1
4.931249e-05 1
3.601127e-05 1
2.393795e-05 1
3.467720e-05 1
4.901525e-05 1
3.531964e-05 158
4.845093e-05 2
8.971696e-05 1
3.582447e-06 3
1.577347e-06 1
3.466612e-05 139
6.781756e-05 6
3.194747e-05 128
9.521792e-06 1
3.688045e-05 1
2.150137e-05 3
5.605471e-05 54
1.407867e-04 1
1.175088e-05 2
6.557625e-05 1
1.370450e-04 1
1.453812e-05 5
2.412305e-05 46035
1.476949e-06 1
2.155456e-05 2
2.347235e-05 1
9.469406e-05 214
4.725805e-05 1
3.104323e-05 1
4.185000e-06 1
7.855880e-05 1
1.445899e-06 3
3.078494e-05 304377
1.746308e-05 5
1.337325e-04 3
4.670177e-05 2
5.674637e-05 1093
2.158340e-05 3
9.591997e-06 1
2.739395e-05 6
2.908839e-05 3
5.508027e-05 5
1.016733e-04 1
1.568488e-05 1224
1.584449e-05 2
1.260727e-05 6
1.351516e-05 6
1.168413e-05 3
7.272733e-06 211
6.804228e-05 167
6.321936e-06 1
8.370162e-06 3
1.800484e-05 131
5.981135e-06 3
6.242760e-06 1
1.522047e-05 1
4.122254e-05 16568
1.401197e-05 1
4.194006e-05 2
9.857855e-05 3
1.993574e-05 1
1.420559e-05 1
1.693793e-05 3
7.369068e-06 1
1.951749e-05 1
4.296001e-05 1
9.591653e-06 2
8.033160e-05 1
2.879479e-05 1
8.076081e-06 1
6.223394e-06 2
8.571127e-05 2
3.233112e-06 1
4.465968e-05 3
3.762585e-06 1
5.474412e-07 1
2.712089e-05 1
1.679170e-04 2
1.047432e-04 7
1.477972e-04 1
6.954648e-05 3
1.612704e-05 265
1.892673e-05 1
7.147875e-05 1
1.471551e-04 1
7.224956e-07 2
6.827818e-05 1
1.179740e-05 4
6.100256e-05 1
4.237176e-05 1
4.229672e-05 1
2.586725e-05 2
5.253735e-05 4
9.176116e-05 4
4.053796e-05 1
1.198169e-05 1
1.572049e-04 1
2.925300e-05 3
7.302015e-05 7
8.204008e-06 6
5.421039e-06 3
4.947225e-05 1
7.657121e-05 2
3.574161e-06 24456
3.588970e-05 1
1.235884e-05 1
8.583269e-05 1158
1.623502e-05 7
1.010166e-04 1
2.580469e-05 1
8.293860e-05 492128
2.069918e-05 4
2.706589e-05 1
5.231904e-05 72
1.009655e-05 7
5.411524e-06 60
6.857790e-05 3
4.288988e-05 1
7.674272e-05 1
8.136751e-06 1
2.403789e-05 1
6.864089e-05 1
3.107530e-06 3
1.342800e-05 1907
8.378386e-05 1
3.010441e-05 230
2.959959e-05 1
9.158181e-06 1
1.324247e-05 1
7.551845e-05 1
1.640665e-05 1
1.211185e-05 3
4.077819e-05 3
7.262069e-05 1
9.385583e-06 1
3.242797e-05 1
6.055545e-06 1
3.645822e-05 3
2.123823e-04 2
2.001031e-05 1
8.034341e-05 1
5.514717e-06 2
3.726573e-06 3
6.238214e-05 1
3.330593e-05 658453
3.221747e-06 1
2.192984e-05 2
1.335474e-04 1
7.374870e-05 2
3.632192e-05 1
1.392724e-04 1
4.098052e-05 5
8.995178e-05 111
1.927403e-06 2
4.112480e-05 1
1.472403e-05 1
6.412321e-05 2
4.380703e-05 1
2.298721e-05 7
1.013967e-04 1
1.842008e-04 4
4.541464e-05 3
1.875242e-04 1
7.852977e-06 1
6.651169e-05 103
1.171738e-05 1
4.144184e-05 1
7.544438e-05 159
6.788011e-06 1
8.947154e-05 1
1.123921e-06 1
7.408021e-05 1
1.074433e-05 3
2.300745e-05 2
8.511887e-05 2
4.470404e-05 2
3.960480e-05 1
1.606030e-06 1
3.498762e-05 12950
9.581370e-06 1
3.173833e-05 1
1.099511e-04 1
8.493550e-05 74
1.291678e-05 1
2.485812e-05 1
1.156007e-04 1
7.960116e-05 155
2.751498e-05 1
2.279253e-06 1
6.517145e-05 1
1.088568e-04 5
7.587338e-05 1
1.342695e-05 7
1.505237e-04 20
6.627371e-05 2
2.554713e-04 1
4.742840e-05 4
3.008024e-05 1
1.649395e-05 1951
1.262789e-05 930
1.314858e-05 1
4.745867e-05 1
6.711497e-06 2
2.224754e-05 1
4.186874e-05 128
2.385758e-06 1
1.792208e-05 184
5.503210e-07 1
1.436150e-04 1
3.544635e-05 1
5.164531e-05 1
1.796095e-05 1
2.938208e-05 1
1.937585e-04 7
8.953722e-05 1
6.748795e-05 1
1.705558e-05 22236
1.688028e-04 244
9.933732e-05 1
3.894590e-05 5
1.651121e-05 2
2.870549e-05 1
7.700913e-05 1930
2.561628e-06 3
5.582809e-05 39
1.466467e-05 216
2.116299e-05 1
2.371302e-05 1
4.714034e-05 2
3.485463e-05 6
1.329976e-05 1
5.746008e-05 464079
5.350169e-05 1
4.237177e-05 1
7.926243e-05 1
3.154579e-05 994
2.157460e-05 2
5.375801e-05 1
9.240370e-05 1
7.308260e-05 724
1.971611e-05 195
6.070501e-05 3
6.574758e-05 2014
1.413592e-04 2
1.968367e-04 233
4.370933e-05 2
3.213921e-05 220
9.859782e-05 5
7.236025e-06 223
4.607513e-05 5
6.211098e-05 5
2.761619e-05 1
1.730449e-04 1
1.507005e-05 2
4.795478e-05 3
5.285775e-05 1
8.411336e-05 3
2.732554e-06 1
6.571832e-05 1
1.706999e-06 5
2.702622e-05 3
1.105247e-05 1
2.309506e-05 75
1.714860e-06 1
2.891104e-05 1
3.280682e-05 1
9.861205e-05 2
2.974917e-05 3
2.388756e-05 2
8.676513e-05 1
3.995570e-05 1
3.926588e-05 4
1.456979e-04 2
8.193278e-06 2
1.801040e-05 3
2.998616e-05 1
7.288926e-05 6
2.050263e-05 1
5.836245e-05 1
8.309734e-06 1
9.423917e-06 1
1.537217e-05 2
1.509529e-05 1
2.513151e-05 1
7.309376e-05 1
3.895972e-05 1378
2.112974e-05 1
1.739625e-05 2
1.062599e-05 1
6.727873e-05 1
2.316833e-04 5
7.873036e-05 1
7.596382e-05 5
1.984127e-06 1
3.494813e-05 1
1.768546e-05 1
3.008479e-05 1
1.417628e-04 4
4.641441e-06 1
4.988446e-05 1
4.598041e-06 2
4.774100e-05 7
4.158540e-05 7
3.908934e-06 1
2.570108e-05 3
1.678134e-04 1
1.841529e-05 1
6.033464e-05 21
5.783784e-05 1
5.628174e-05 1920
3.492175e-05 1
2.369420e-05 1
8.450859e-05 943
7.701899e-05 3
8.047960e-05 165
2.601672e-04 3
8.055507e-05 40361
1.980560e-05 1
7.465962e-06 1
4.347843e-05 1
2.615603e-05 2012
4.371063e-05 1
3.767539e-05 1
8.690394e-05 1
7.387093e-06 1
1.463289e-05 1
6.270603e-05 1345
2.590750e-05 3
7.985238e-05 103
6.893416e-05 3
6.313050e-05 110
8.141225e-05 1
1.215396e-05 44552
8.627497e-05 4
2.943021e-05 1
1.314180e-06 30
8.936832e-05 1
9.295231e-05 3
5.851169e-05 1
3.267015e-05 242
1.882783e-04 3
1.554738e-06 1
7.642773e-05 5
3.367203e-05 1
4.121828e-05 194
1.387549e-04 3
1.178893e-05 1
2.600161e-05 1
1.224443e-04 65528
1.220523e-05 99
9.201950e-05 5
2.580361e-05 2060
3.678427e-05 15679
7.211302e-06 1
3.677286e-05 36
2.945014e-05 1
1.471716e-05 6
3.828330e-05 678
2.549488e-05 110
1.340059e-04 7
4.755319e-05 3
3.123238e-05 585
7.637614e-06 1
1.518635e-05 1
3.696749e-05 197
3.656107e-05 1675
1.661742e-06 1
1.376608e-05 1
2.163133e-04 1
1.420606e-05 2072
1.475004e-05 1
2.612690e-05 1
7.165003e-05 192
6.015936e-05 5
2.896563e-05 1
5.709894e-06 82
1.295735e-06 1
6.206721e-05 1
5.972369e-05 1
4.358879e-05 1
5.117813e-06 4
1.650945e-07 1
1.515158e-04 1182
7.198884e-05 1
3.458796e-05 1
2.463757e-05 1
5.276728e-07 1
1.237925e-05 21
1.417418e-05 22
1.256215e-04 1
1.644832e-05 1
1.928652e-05 1871
4.101639e-05 1
1.755387e-05 1
6.279856e-05 1
1.077218e-04 1
7.693555e-05 3
1.065277e-04 5
2.323383e-05 1
2.559003e-05 1
4.304432e-05 2
3.591622e-05 3
1.267478e-04 3
1.170815e-05 5
8.186206e-05 2
2.911784e-05 1
3.535144e-05 1
8.670371e-05 1
1.066135e-05 5
3.820762e-05 1
6.055330e-05 67
3.882273e-05 3
9.489134e-06 1
7.727431e-05 86
5.577118e-05 3
6.660845e-06 1
1.372129e-04 3
2.394685e-05 4
4.129636e-06 1
5.554016e-05 1
4.568812e-05 3
2.865670e-05 1
7.550812e-05 4
3.183428e-05 1
1.193841e-05 1
1.150402e-04 1
6.005228e-05 1
4.846642e-06 1
7.905373e-05 133
1.928436e-05 52928
8.647586e-07 3
6.126735e-06 176
7.248371e-06 45948
6.745374e-05 1
2.125134e-05 367727
1.680455e-05 1
6.179325e-05 2
8.590323e-05 4
1.636462e-05 1
7.548508e-05 1
3.126760e-06 1
7.026308e-06 3
1.116223e-04 17489
3.363688e-05 6
4.977081e-05 1
1.093227e-05 1
8.090587e-06 1
9.728000e-06 1
3.993823e-05 102
3.262903e-05 1
7.836830e-05 151
3.483679e-05 1
9.425411e-05 1
1.410818e-04 1
4.799353e-06 463778
1.321281e-05 59
1.878934e-05 1
1.160389e-06 1
2.561096e-05 2
6.828645e-05 1
5.903862e-05 2
1.326701e-04 1
6.096849e-05 2
2.216049e-05 645307
8.698555e-06 3
1.536710e-05 6
2.364062e-05 2740
6.535935e-05 1
3.601313e-05 3
6.310751e-05 1
5.121258e-05 6
2.633832e-05 1
9.163344e-05 1
1.915534e-05 5
4.032829e-05 1
1.097762e-05 1
2.103968e-05 1
3.944888e-05 7
3.228186e-05 68
1.118959e-04 1
4.613183e-05 1
3.298801e-05 1
1.328764e-04 2
6.765594e-06 1
8.566508e-06 1
5.873566e-05 2
3.527056e-05 2
4.525610e-05 1
7.016383e-06 5
8.319119e-05 1
9.579922e-06 1
4.748149e-05 6
6.228988e-05 6
1.512191e-04 116
1.406901e-05 165
4.621396e-05 1
1.376939e-04 1
7.245899e-05 6
5.472509e-05 2
3.190610e-06 1
2.096317e-05 1
7.875596e-05 1
8.137833e-05 1
7.845677e-05 362318
5.965016e-05 39363
6.327968e-05 2
2.305935e-05 1
1.224547e-05 1
1.669273e-04 90
8.890881e-06 2
1.197531e-04 6846
6.067841e-05 6
7.305067e-05 21197
1.173591e-05 1
1.936545e-06 1
5.278231e-06 1
6.638069e-05 2
4.061587e-05 6
7.998779e-05 4
2.026807e-05 3
9.029441e-05 1906
1.725880e-05 1
2.761941e-05 5
1.495092e-06 1
3.064175e-05 1
3.037644e-05 6
3.543358e-05 86
1.352400e-04 1
2.190137e-05 1435
2.013971e-05 3
5.181769e-05 1
5.233566e-05 3
1.848610e-04 1
3.334842e-05 1832
9.213497e-06 7
3.178662e-05 1020
4.642736e-05 1
2.292722e-05 849
1.179425e-04 1
2.408923e-06 2
1.005290e-05 1
2.848588e-05 1
9.343697e-05 1
8.208415e-07 1
8.417587e-05 1
1.869674e-05 42
2.021484e-05 2
4.105011e-06 1
1.358222e-04 1
4.477077e-05 2
5.486493e-06 4
1.875590e-05 1
5.455303e-07 2
1.262871e-05 1
2.909167e-04 7
3.809240e-05 1732
4.035904e-05 7
3.072329e-05 3
4.685161e-05 1
1.193358e-05 3
7.320594e-05 2
8.721400e-05 1
1.295318e-05 702
3.352469e-05 2
2.237627e-05 1
2.430435e-05 1
1.257312e-05 100
9.325801e-05 1
3.084441e-05 214
5.568841e-05 1
9.340467e-05 7
1.518452e-04 6
1.793633e-04 1
6.285254e-05 1
1.975285e-05 6
1.633154e-05 1
1.323274e-05 1
8.983769e-05 1
4.907317e-05 1
2.469610e-05 1
3.422890e-05 1
3.303912e-05 1
9.111846e-06 2
9.356077e-05 1
3.920210e-05 7
8.002133e-06 1
8.518159e-05 44308
1.451198e-07 1
7.841579e-06 1
5.851440e-06 261
9.001409e-05 1
1.076030e-04 1
5.910005e-05 1
9.330994e-05 1
1.424373e-05 255
1.518711e-05 2
9.099215e-07 1
2.129480e-05 1
2.791084e-05 6
9.022054e-06 1
7.894635e-06 1
1.370963e-05 2
1.504365e-06 1
1.478476e-05 26246
9.399965e-05 3
1.292948e-05 181
1.354982e-04 5
1.084277e-04 207
1.933722e-05 6
1.414427e-05 1
2.354379e-05 1
4.326521e-06 1
6.348868e-06 1
8.139572e-06 1
4.992987e-05 2
2.803877e-05 2
3.969824e-05 1
3.305950e-05 1
5.465814e-06 482241
2.924318e-05 1
6.973695e-06 1372
9.779175e-05 1506
7.281590e-06 1
7.664285e-05 2
1.062880e-04 3
1.705110e-05 1
7.742471e-05 879
2.375188e-05 1
1.298063e-04 1
2.138363e-04 1
9.000323e-05 258
2.515397e-06 104
2.833536e-05 1
8.991390e-07 1601
7.985458e-05 4
9.119873e-05 2
6.348082e-05 1
1.079408e-04 1
1.107089e-04 33287
3.227379e-06 1
1.462904e-05 1
2.327782e-05 54420
1.769196e-05 47
4.235781e-06 3
1.997292e-05 1
1.432598e-05 1
1.200175e-05 1
6.102522e-05 36013
1.572236e-06 1
6.886074e-06 35
7.220139e-05 214
8.642167e-06 3
3.392977e-05 1
3.335523e-05 1
6.956662e-06 1
6.240579e-06 3
6.752922e-05 1
1.677322e-05 1
6.041927e-05 79
2.849872e-05 1
3.514697e-05 1
5.856844e-06 1
4.017977e-05 1
6.693728e-05 1
5.787654e-05 1
6.419859e-06 3
5.044821e-05 1
8.989307e-06 520054
2.989150e-05 2
1.086444e-04 1
1.192771e-05 1
1.573683e-04 110
3.715759e-05 1284
4.932925e-05 1
3.856822e-05 1
5.298285e-05 1
4.647523e-05 1
1.085901e-04 2
2.716536e-05 1
2.702855e-05 181
5.328964e-06 1
1.424935e-05 3
1.225680e-06 1
7.696267e-05 1
7.674503e-05 3
2.509598e-05 1
4.456325e-05 1
3.932524e-06 1060
5.339626e-06 1
2.612268e-05 1
3.805382e-05 224
4.860571e-06 38448
4.108684e-05 12740
4.522269e-06 1
3.691775e-05 5
6.853223e-05 1
1.967904e-05 7
3.609013e-05 3
4.018085e-05 2006
1.937558e-05 1
1.418404e-04 2
7.211867e-05 3
1.130025e-05 65184
2.018715e-05 136
2.405708e-05 195
4.100461e-05 1
3.948068e-05 2
3.428941e-05 6
3.238463e-05 35
4.368587e-05 2
1.395540e-05 1
8.399561e-05 1
4.172283e-06 3
1.172392e-04 317
9.497186e-05 1
1.749699e-05 2
1.163091e-05 3
1.318056e-04 3
2.833815e-05 1
8.249437e-05 4
3.353974e-05 116
9.110812e-05 3
1.505356e-05 2
6.814812e-05 1
4.207703e-05 43
2.201363e-05 6
1.406098e-05 1
1.669408e-05 1
3.705141e-05 264
4.258976e-05 1
1.695223e-04 1025
7.223439e-06 243
2.202829e-05 6
5.572667e-05 1
6.657735e-05 3
7.539861e-05 52
3.754597e-07 159
1.226194e-05 2
1.069096e-05 11198
2.151106e-05 1
9.894973e-05 1
2.207814e-05 67
8.079009e-05 1
1.547314e-05 1
3.360485e-06 1
1.554858e-05 1
8.905505e-05 1
4.735360e-05 1
2.956351e-04 25625
1.015457e-04 1
5.851769e-05 2
9.480337e-05 2
4.436239e-06 126
6.771590e-05 7
5.824732e-05 139
1.355613e-05 239
3.659299e-05 228
7.896802e-05 1
1.750800e-05 262
5.354302e-05 1
3.034675e-05 3
8.705240e-06 1285
5.430653e-05 1
3.321182e-06 3305
1.312864e-05 1
3.947412e-06 1
2.118004e-05 3
8.634163e-06 1
8.921072e-05 79
2.111591e-06 1
3.293492e-05 1
1.106607e-05 1
1.919541e-05 1
1.279004e-05 1
4.066064e-06 178
2.762438e-05 219
3.282603e-07 1
7.929049e-05 3
3.626562e-05 1
3.171467e-05 3
5.746880e-05 3
6.843889e-05 1
1.595271e-05 2
4.042531e-06 12
1.686139e-04 1
6.361169e-05 2
1.461215e-06 962
3.911079e-05 1
5.204076e-05 36356
4.383956e-05 1
5.584611e-06 6
2.462267e-05 4
3.026090e-06 1
9.739730e-05 1
9.522499e-05 147882
1.091746e-05 1
7.098608e-05 1
3.302146e-05 1
9.395972e-05 1
8.942941e-05 1
2.023273e-05 1
9.830365e-05 1
7.382063e-05 1
9.863680e-06 1
1.605087e-06 2
1.305640e-04 1
4.179510e-05 1
3.030124e-06 162020
1.107520e-05 1
1.180997e-05 6
1.581246e-05 1
4.548595e-05 2
6.265530e-05 1
5.292873e-06 1
3.055973e-05 1
3.822482e-05 1
2.903528e-05 1
3.453978e-05 1
1.220280e-05 148
5.102464e-05 2
5.605027e-05 1
1.597613e-04 1
9.643765e-05 160
2.219232e-05 1
5.682121e-05 1
4.036603e-05 1
1.184279e-04 2
6.035439e-05 1
3.719089e-07 5
1.052243e-04 150
3.664395e-05 1
9.890715e-05 1
8.840617e-05 2
3.364861e-05 1
7.745486e-05 3
1.044145e-05 1
1.859667e-05 1
1.408116e-05 174
2.274046e-05 1
1.089898e-04 1
6.424311e-05 1
6.534393e-05 5
8.250019e-06 1
5.511337e-05 112
1.904099e-04 1
1.474773e-05 27329
1.009913e-04 3
4.441820e-06 1
2.660270e-05 69
9.969611e-06 1
6.646871e-05 1
4.363862e-05 1250
8.437666e-05 1
4.745057e-06 217
6.054860e-06 1406
4.723333e-05 3
5.981039e-05 1
2.051701e-05 4
4.619691e-05 1
3.473052e-05 128
1.534647e-04 1
1.812451e-05 6
6.796198e-06 1
3.660522e-05 1
9.713451e-06 246
1.273604e-05 1
2.222291e-04 1
1.005341e-04 23068
7.597661e-06 2
9.428779e-05 1
9.945020e-05 1
6.555171e-06 1285
2.670898e-05 1
1.093802e-04 3
2.148172e-05 38305
2.511437e-05 1732
2.306546e-05 7
2.991008e-05 2
9.422338e-06 203
5.977516e-05 12
3.343835e-05 2
1.182470e-05 1
1.491345e-04 1
2.740020e-05 946
8.549140e-06 1
3.190344e-05 248
1.641265e-04 1
1.241028e-06 1
3.829917e-05 1
3.673186e-05 2
3.918960e-05 3
2.429014e-05 1
1.264341e-05 6
3.805268e-05 185
6.232060e-05 1
3.499029e-05 3
5.231964e-05 1
2.225570e-05 813
6.205659e-06 2
6.071715e-05 1287
1.223596e-04 1
2.718865e-05 6
3.622810e-05 5
2.769602e-06 49
3.141952e-06 5
2.048427e-05 2
6.025026e-05 1686
1.519197e-05 1
2.021804e-05 2
3.883767e-05 1
4.211571e-06 1
2.461424e-04 1
1.116496e-04 1
3.208898e-05 39910
7.310636e-06 1
1.492129e-04 1
3.997880e-05 1
5.318414e-05 1
1.872253e-04 1
5.376808e-05 71
7.130152e-05 2
2.193640e-05 1
1.125525e-04 1
7.418348e-05 1
5.738535e-05 1
8.255764e-05 6
1.177619e-04 1
4.702446e-05 3
1.125182e-04 1
1.296199e-04 1
4.033553e-05 1
5.502865e-05 1
2.624084e-05 1
2.329149e-05 1
2.358885e-05 2
2.272250e-05 6
2.676803e-05 6
2.033507e-04 36648
1.710120e-05 4
6.701717e-05 331
4.581915e-05 1
5.052412e-05 1
6.706542e-06 2
1.598556e-05 28098
3.438465e-05 530
1.562834e-05 92
2.505779e-05 1
8.085472e-05 1
1.122529e-05 1
6.239069e-05 1
1.298095e-05 3
1.276164e-04 1
2.676360e-05 1
3.824843e-05 1
1.078303e-04 2
2.985043e-06 1
4.114306e-05 2
4.290620e-06 36
5.513856e-06 2
1.033590e-05 3
3.594963e-05 149
4.350878e-05 1
4.999259e-05 1
1.701737e-05 2
1.656087e-05 3
8.081024e-05 1682
8.652889e-05 1
1.830641e-04 14358
4.652791e-05 1
9.324583e-05 396
2.903628e-05 1
6.294108e-05 311
8.166890e-06 1
2.013999e-05 1
9.232287e-06 1
1.194066e-04 230
5.923890e-06 1
1.322018e-04 1
1.868837e-05 2
6.476294e-05 1
3.105482e-05 1
2.095559e-04 34
1.030353e-05 1
8.900941e-05 3
9.937718e-06 6
4.222129e-05 1
5.544875e-06 1
7.572943e-06 4
4.623779e-05 1
2.115546e-05 1
1.235432e-05 7
2.392513e-05 1
3.986889e-05 3
3.910626e-05 1
3.344376e-05 4
8.656202e-05 1
2.134034e-05 1
1.765017e-04 436
1.155582e-06 1
4.305177e-05 6
7.389074e-05 1
1.821550e-05 3
7.522170e-05 1
1.696268e-05 1
1.298584e-05 3
2.567172e-05 2
5.047632e-05 1983
5.355229e-05 1
3.657425e-05 1
1.565430e-04 1
4.367810e-05 1
1.405481e-05 255
3.644469e-06 213
1.497583e-04 61
2.383183e-05 204
7.127240e-05 4
4.115701e-06 1185
1.445746e-05 3
1.294653e-05 1
2.787656e-05 1
1.555883e-04 1
1.966593e-05 1
2.593035e-05 4
2.146277e-05 1
2.112041e-08 1
5.149678e-05 1
1.436425e-05 3
3.484578e-05 1
2.354778e-05 156
3.328878e-05 203
1.001539e-04 3
1.245299e-04 1
2.249523e-05 109
8.574189e-06 3
5.662054e-05 44756
4.634028e-05 1
3.276307e-05 1
2.264111e-05 2
6.990759e-06 1
9.628015e-07 1
3.823564e-05 1
4.005873e-06 3
2.460086e-04 1
2.978582e-05 1
1.146230e-04 1
8.436777e-05 1941
7.153960e-06 1
1.163995e-04 2
1.835096e-06 1
5.218784e-05 1
4.882250e-06 1
7.935279e-05 237
3.678757e-06 1
3.595012e-05 3
1.078921e-05 1
8.947134e-06 1
3.669656e-05 1
5.662856e-05 72
2.044319e-05 1
1.920853e-05 1
1.098957e-07 3
7.066030e-05 2
4.491494e-06 4
4.778640e-05 254
6.741447e-05 1
4.407126e-05 1
2.918340e-05 4
3.945672e-05 2
2.798393e-05 1
3.986538e-05 1
3.901534e-05 3
1.596374e-05 2
6.022111e-05 1
1.199672e-04 48931
1.089870e-04 1
8.922114e-06 1
1.114813e-04 1
2.408639e-05 3
5.947374e-05 1
9.862819e-05 220
1.025344e-04 2
1.327642e-05 16236
5.104455e-05 5
1.755099e-05 1
7.217285e-05 5
4.537706e-06 1
7.161996e-06 2
5.459459e-06 1
1.933474e-04 30755
5.116398e-05 137
4.587606e-05 3
3.388100e-05 1
1.348996e-05 2
5.225997e-06 1
6.890200e-05 6
1.126266e-04 1
1.167602e-05 5
9.302110e-06 1
2.300575e-05 2
1.140000e-05 4
3.105157e-05 227
8.361042e-06 1
9.200396e-06 3
3.398644e-05 2
1.079477e-05 20101
5.005702e-05 1
1.687191e-06 1
1.057602e-05 1
2.949658e-06 1337
1.716658e-05 1
5.051085e-07 1
5.307392e-06 897
7.876469e-05 1
1.688760e-05 1
2.977997e-05 1
3.746015e-05 739
2.331381e-05 1
1.220431e-04 127
2.174915e-06 1
1.054392e-04 1
5.902003e-05 1
8.339270e-05 1
2.755597e-05 39359
5.067517e-05 69
4.462622e-06 3
1.631781e-05 188
8.267545e-05 1
3.036137e-05 5
1.107764e-04 33021
1.497767e-07 3
8.530320e-06 1
1.202372e-05 69
1.371412e-04 4
1.366705e-05 185
1.383882e-05 147
1.781241e-05 1
6.009559e-05 1
2.163400e-06 214
5.030351e-05 3
1.187538e-05 1
1.578970e-04 247
2.110763e-05 1
7.404543e-06 3
9.548821e-05 7
3.408719e-05 5
1.357480e-06 2
2.223823e-05 1
9.530725e-05 31723
1.885681e-04 2
4.347231e-06 1
2.652286e-05 3
4.495574e-05 3
6.667998e-06 1
9.749966e-07 1
7.524607e-05 1
9.984938e-05 53
7.076610e-05 2
2.107575e-05 1
2.999496e-05 56
1.099840e-05 1
9.602593e-05 2
1.874008e-04 1
3.866865e-05 1
2.126798e-05 1
1.283337e-05 4
5.622420e-05 1
3.294926e-05 233
1.130604e-05 5
4.327071e-05 2
3.194487e-05 1
6.442864e-06 817
5.704841e-05 2
1.367299e-05 2
4.603651e-05 2
1.005969e-04 1
8.384283e-07 4
1.002773e-06 1
1.229819e-04 2
6.907695e-06 1
1.681625e-05 1
1.145743e-05 1
3.967172e-05 814
7.377220e-06 1
4.495522e-05 1
1.663925e-05 1
1.127122e-05 3
1.997855e-05 3
2.507152e-05 501750
5.284245e-05 6
1.424395e-05 3
7.617647e-05 1
1.561101e-05 1
1.288886e-05 2
3.949656e-05 3
1.391902e-05 3
1.023713e-05 1
5.380233e-06 1
2.619553e-06 5
2.125359e-05 1
1.922251e-05 24015
4.708691e-05 2
3.301144e-05 1
8.565374e-05 1
2.065402e-05 234
5.050547e-05 1
1.105972e-04 1
7.568827e-06 3
5.356292e-05 6
4.945308e-05 1475
1.454278e-05 1
7.125520e-05 257
1.030219e-04 503
7.995997e-05 3
5.113134e-05 5
1.361839e-04 1
3.000721e-05 1
1.070803e-04 1
7.709984e-05 1
2.021101e-05 1
2.299266e-06 2
1.043074e-04 5324
6.717430e-06 21513
1.204464e-05 1
3.402067e-05 1
6.813252e-06 1
3.423415e-05 1
1.028338e-06 1
1.309794e-04 1
7.981495e-05 35
1.593272e-05 7
8.815045e-05 1233
3.861735e-05 5
2.027190e-05 3
1.847902e-04 1
5.118719e-05 1
4.341606e-05 2
2.501568e-05 1
5.741910e-05 2
1.365993e-04 1296
2.918367e-05 1
3.747577e-05 1
2.521155e-05 1
1.793300e-04 7
8.136933e-05 1
1.271812e-05 4
3.715938e-05 1
1.647213e-04 1157
8.068893e-05 1
3.401057e-06 1
7.178057e-06 1
1.220273e-06 1
3.269544e-05 458
5.839406e-05 1
3.537755e-05 2
4.628975e-05 113
2.648674e-05 4
2.818572e-04 4
8.062041e-05 1
4.442631e-05 1
5.354333e-05 3
1.925421e-05 3
2.108958e-05 68
7.259122e-05 2
2.126114e-05 2
1.776045e-05 1
5.093937e-05 5
1.230263e-05 3
2.328562e-05 1
7.042295e-05 6
4.786544e-05 1
9.756898e-05 1
3.656565e-05 279
3.555949e-06 4
8.820622e-05 7
2.393325e-05 1
1.413427e-06 2
3.504456e-05 2
7.929478e-05 1
5.956485e-06 1
1.283718e-05 1
7.503012e-05 1
1.742038e-04 1
2.089996e-05 4
7.096374e-05 1
5.998034e-05 1
1.987613e-05 5
5.638194e-05 1
4.489704e-05 1
5.925303e-06 1
9.306525e-06 1
6.160111e-05 1
2.750943e-04 1
8.818989e-06 1
7.209549e-06 1
3.377427e-05 256
3.814248e-06 1
9.054226e-06 27801
1.106219e-04 1
1.325309e-05 2
5.051577e-05 2
2.107583e-06 1
8.180167e-07 1
2.180925e-05 1
4.048147e-06 1
1.422701e-05 118
4.149505e-05 1
2.770018e-06 60692
1.431776e-05 1
3.390308e-05 1
1.075765e-04 6
1.084761e-04 1
1.430322e-05 3
7.460216e-05 180
9.327053e-05 3
5.513448e-06 5
6.316946e-05 101776
7.337596e-05 2
8.132031e-05 2
6.527611e-05 1
2.368087e-05 1
6.400781e-05 213
1.623526e-04 10
4.995131e-05 36
8.330910e-05 623060
6.924016e-06 8229
7.395549e-06 1
1.128404e-05 1
7.448672e-06 1
1.507689e-05 2
5.128277e-05 2
1.838465e-05 3
7.789934e-05 127
5.071153e-05 54524
2.095972e-04 1
6.205802e-05 40
3.908458e-05 2
5.773175e-05 1
8.240494e-05 1
7.549157e-05 1
1.281414e-04 1
6.319915e-05 1
1.109507e-06 1
1.211057e-05 6
1.360651e-04 1
2.098234e-06 3
1.412792e-04 1
1.267066e-04 1
1.779082e-05 33
1.870138e-05 3
2.386239e-05 1
6.987806e-05 1
2.213543e-05 1
4.484143e-05 267
1.138976e-04 3
6.428051e-05 3
5.594499e-05 2
2.448141e-06 1
2.037733e-05 3
3.412239e-05 1
2.113353e-05 1
1.289823e-05 3
6.227275e-05 1
1.554051e-04 1
5.236206e-05 1
1.537766e-06 144
3.229005e-05 1
2.265386e-05 1
1.038973e-04 5
4.102579e-05 3
4.200379e-05 104
1.406987e-05 1
3.226307e-05 2
1.590703e-04 37
1.382405e-05 6
2.772818e-05 1
3.759790e-06 11464
7.009166e-05 1
1.263810e-05 3
1.012055e-05 2
8.189155e-05 3
6.983540e-05 1
3.580814e-05 144
4.059336e-05 1
1.061201e-05 1
4.169328e-06 1
1.001527e-04 3
7.133535e-06 1
1.521406e-05 1
3.324687e-05 1
1.041347e-05 121
1.049585e-06 116
6.479329e-05 1
1.325255e-04 1
1.892592e-05 62553
3.343063e-05 2
1.373884e-06 1
8.381967e-06 1
6.861399e-06 7
9.264874e-06 1
1.444012e-06 1
4.566357e-05 5
5.810739e-05 1
2.681651e-06 2
7.282343e-06 1
5.856108e-06 221
8.002388e-05 1
5.075236e-05 2
7.010224e-05 1333
9.172014e-05 1
1.753868e-05 1
6.462124e-05 1
1.558169e-05 1
3.908446e-05 6
4.329477e-05 90
4.943125e-05 1
2.311799e-05 1
9.926514e-05 1
6.274646e-05 1
2.513753e-05 46243
2.324328e-07 1
1.386894e-05 1
8.279819e-05 1
4.210460e-05 1
1.117722e-06 1
4.970414e-06 2
3.286688e-05 3
4.758181e-05 1
2.262421e-05 1
4.817790e-05 1
1.907380e-06 1
9.086350e-06 1
8.692851e-05 1
3.357819e-05 2
3.488103e-05 3
1.817329e-05 1
8.987925e-05 6
1.328524e-04 1
7.318762e-05 2
1.148995e-04 1
9.257377e-05 484
2.737137e-05 3
1.606243e-05 3
2.484816e-05 1
5.477774e-05 4
4.228940e-05 1
1.205884e-04 1
8.929622e-06 1533
1.139311e-05 691
1.822978e-05 1
5.986853e-05 3
6.278111e-05 1
1.217623e-04 1
7.922821e-05 1
1.290833e-05 261
9.175200e-05 1
4.684393e-05 1
5.225665e-06 1
1.374282e-05 2
3.172108e-05 2
7.709063e-05 1
1.482906e-04 3
7.827875e-05 1
2.739861e-06 1
6.391846e-05 4
9.463121e-05 156
2.692522e-05 6
1.123735e-04 4
1.498388e-04 7
3.074298e-05 3
2.069746e-04 4
1.708577e-04 3
4.245407e-05 6
1.779650e-05 5
1.058268e-04 5
5.506376e-06 1
9.682424e-05 1
5.498892e-06 2
1.358262e-05 49786
1.579231e-04 3
2.858245e-05 1
3.459141e-05 51168
4.626468e-05 2
1.485048e-05 3
3.686385e-05 1
2.585347e-05 1
8.971883e-06 1
6.153374e-06 57
1.508824e-05 1
4.387750e-05 1
2.248530e-05 1
2.106213e-05 2
4.144564e-05 37248
1.219652e-04 1
5.654087e-06 1730
1.352147e-06 1
1.129505e-04 1
8.098068e-05 1
3.150594e-05 2
8.377913e-06 71
4.140686e-05 1
1.108667e-05 1
1.798109e-05 172
1.216702e-04 3
7.270403e-06 1
1.347370e-05 253
6.508673e-06 1
1.173686e-04 1840
4.676377e-05 1675
9.134202e-06 2
4.327281e-06 2
2.381885e-05 1
2.822086e-05 1
7.703317e-05 3
2.078129e-05 1
8.185053e-05 1
5.374424e-06 1
1.589922e-05 1
2.681460e-05 6
3.828084e-05 1
5.649168e-07 3
3.451146e-05 892
1.322875e-04 1
9.070738e-05 1
2.463681e-05 431836
1.335723e-04 10392
1.367555e-04 1
6.526318e-05 1
1.598892e-05 1
5.275023e-06 3
4.901361e-06 4
4.943277e-05 1
5.957576e-05 1
1.152771e-04 1
2.409510e-05 1
2.664662e-05 1
1.312847e-05 2
1.667468e-05 7
1.122598e-05 1
3.302368e-06 1
2.720422e-04 1
8.152641e-06 3
7.600597e-06 27772
2.005462e-05 7
1.934086e-05 3
4.379196e-05 268671
6.837535e-05 2
3.165192e-06 1
2.974523e-06 66
3.426427e-05 1978
3.987835e-05 1
2.012778e-05 3
1.461285e-04 2
3.017014e-05 1
1.346155e-05 1
3.378352e-05 187
4.144416e-05 6712
1.201546e-05 1
5.315950e-05 1
2.365431e-04 146
2.634031e-05 1
1.224209e-04 37
1.857794e-05 1
5.541408e-06 2100
2.121682e-05 3
1.716947e-05 3
3.233316e-06 1
7.215472e-05 1
2.709966e-05 1
2.329194e-05 1
2.203737e-05 207
6.290598e-05 1
4.718720e-06 1
8.061132e-05 1
1.652099e-05 1
2.297915e-06 3
3.681862e-05 93
4.209425e-05 1129
6.548652e-06 1
9.467172e-05 96
2.334936e-05 1
1.611564e-06 31610
3.801148e-05 1
1.865654e-04 2
3.204756e-05 3
1.577358e-04 6
1.760747e-06 4
1.080726e-04 1
5.722332e-05 3
2.487155e-05 1
1.357643e-05 1
1.123651e-04 2
5.457330e-05 6
1.075106e-05 1
1.958782e-05 2
3.891677e-05 2
1.808019e-05 79
4.605840e-05 2
1.024423e-04 1
3.577807e-05 3
2.765329e-05 1
7.552901e-05 50
1.980450e-05 1
1.588816e-05 1
9.871296e-05 170
2.155402e-05 5
2.385157e-04 1
1.068945e-05 1
3.614214e-05 1
1.194593e-04 1
1.288828e-04 4
7.310040e-06 1
3.461178e-05 4
4.325582e-06 1
2.084913e-05 3
2.662447e-05 1
4.210426e-05 1
8.477573e-05 1
4.119861e-05 2028
3.524843e-05 1
6.315810e-05 40
1.312026e-05 123
1.563766e-05 19752
6.354163e-05 1
5.130376e-05 1
6.498527e-06 234
1.188696e-04 6
1.886913e-04 6
3.384432e-07 2
2.644099e-04 4
7.667393e-05 1
1.286756e-04 53587
4.060182e-05 1
2.967922e-05 29329
1.558463e-06 123
4.870791e-05 3
2.277625e-06 128
1.611012e-05 36756
4.023500e-05 1
4.623580e-05 1
1.324840e-05 2
4.380641e-05 1747
4.321559e-05 3
1.457486e-05 1
2.496097e-05 38198
1.836828e-04 3
1.043294e-05 130272
8.170405e-05 1
3.937774e-05 3
4.438799e-05 2
1.966596e-05 1
8.656637e-06 3
3.397806e-05 1
1.352777e-05 1
1.785523e-05 2
8.244012e-05 3
3.417464e-05 1
2.107967e-05 1
1.497697e-05 1
4.187644e-05 1
2.029500e-05 4
4.981408e-05 2
4.940156e-05 1
3.987336e-05 1
6.214961e-06 2
1.648881e-04 2
1.587119e-04 1
2.993557e-05 1
5.525855e-05 1
1.855418e-04 3
1.458330e-04 26706
3.072643e-05 3
4.646933e-05 1
5.433237e-05 3
2.509552e-04 1
1.222342e-06 1
1.964101e-05 1
2.545957e-05 1
2.241861e-05 3
1.776372e-05 2
3.642424e-05 243
2.585701e-05 1
1.092472e-04 3
5.217126e-05 2
1.158207e-05 1949
8.584758e-06 49535
1.021590e-04 3
5.352472e-05 1
5.712706e-05 5
2.293224e-05 1
6.275639e-05 1
1.152546e-05 1
1.060560e-04 3
5.406743e-05 2
2.561907e-06 1
1.206381e-06 3
1.891125e-05 7
2.692096e-05 10942
2.239572e-05 1
4.238613e-05 1
3.797924e-05 1
3.041892e-06 219
