3.549225e-05 1
8.312516e-06 3
4.065645e-05 4
5.943836e-06 1
2.849661e-05 2
1.491131e-05 1
3.309012e-06 384596
3.271308e-06 851
7.025598e-06 1
1.201312e-05 1
1.888997e-05 48272
6.075873e-06 1
8.758266e-06 1
2.485306e-05 1
7.424580e-06 3
1.511645e-05 50
7.147415e-07 1
6.302099e-06 540125
3.385623e-08 7
9.017666e-06 3
1.055316e-05 1
1.630179e-06 1
1.147140e-06 3
9.531218e-06 1
2.094060e-05 229
4.948440e-06 1
1.866080e-09 1
1.505045e-05 167
2.750653e-05 1
3.427641e-05 253
8.213605e-06 1
4.032876e-06 65461
1.752961e-06 1
1.331290e-08 4
1.050358e-05 1
1.337061e-07 1
5.670368e-06 3
2.581734e-06 348
2.711839e-06 1
1.174311e-06 2
1.347457e-05 1014
8.999645e-06 2
4.555329e-05 1
1.221719e-05 1
7.081822e-06 88
2.834423e-05 257
7.250745e-09 1847
5.899653e-06 1
5.714326e-06 1
3.365474e-06 1
1.103915e-06 1
1.112068e-06 5
1.189021e-05 3
9.579127e-06 2
1.253439e-05 1
1.584862e-06 2
7.172874e-07 1
2.522092e-06 6
5.428171e-06 7
1.605377e-05 3
1.085734e-05 1
8.208532e-06 1
6.715068e-06 1
1.143280e-05 1
6.815520e-06 75
6.588901e-06 4
3.217837e-05 1538
1.346193e-05 86
2.078763e-05 1
4.000986e-06 3
1.853963e-05 3
2.495320e-05 2
1.695406e-05 1
5.727288e-06 1
9.095964e-06 1
2.609187e-05 2
2.583548e-05 5
3.042164e-05 1
2.408019e-06 2
1.744022e-05 7
4.371684e-06 1
1.024693e-06 1
1.869662e-06 1
5.436693e-06 3
2.959058e-05 1
1.443180e-06 119
9.367531e-06 1
2.560334e-05 1
2.743632e-05 1
9.981608e-06 226
4.318900e-05 1
8.460722e-07 158
7.945675e-06 1
8.493502e-06 1
1.049939e-05 1266
4.350094e-06 2
1.715932e-05 3
5.715114e-06 492
8.605224e-06 207
5.724129e-05 1
4.607353e-05 238
2.044890e-06 2
1.695870e-05 1
8.480600e-06 158
6.620328e-06 1
1.643950e-08 194
5.052668e-08 1
1.018242e-06 220
8.903835e-06 1
7.412828e-06 1
4.360119e-06 1
1.455519e-05 1
1.138755e-06 1
7.583830e-06 2
1.183421e-05 7
3.710607e-05 1
5.657587e-06 3
5.513534e-06 1
7.023568e-06 6
8.598393e-06 26
1.533319e-05 6
1.889394e-05 5
1.321528e-05 1
1.653761e-05 21145
3.052511e-05 1
4.820573e-06 438
4.724404e-06 2
4.468702e-06 4
1.757958e-05 257
1.549174e-05 1
5.924368e-06 1
5.057368e-06 1
3.746915e-06 2
1.523241e-07 1
9.680620e-06 1
3.766345e-06 2
1.087829e-05 1
5.691529e-06 1
7.040625e-06 1
2.668168e-05 768
2.719604e-07 2
3.460216e-06 158749
1.981755e-05 6
1.047144e-05 1
2.960070e-06 2
1.165342e-06 1
5.513491e-07 1094
7.731579e-06 1
4.057629e-06 6
2.313302e-05 2
1.606423e-05 2
6.876649e-06 1
7.936484e-06 1
3.376922e-07 3
2.980800e-05 4
2.426032e-07 48
1.195793e-05 1
6.180916e-06 187
6.555862e-06 3
1.846060e-05 1
9.552875e-06 1781
6.379137e-06 2067
1.466095e-07 1
2.253000e-05 1
1.780056e-06 1
2.257058e-05 1
8.651177e-06 1
3.704992e-06 5
1.870902e-05 250
2.673764e-05 1
2.579608e-06 3
6.264926e-06 2
6.639122e-07 246
3.142821e-05 1
3.001867e-05 1
3.998646e-06 1
1.205605e-05 1
5.035458e-06 1
1.047984e-06 2
1.069155e-05 561
6.447929e-06 1
1.428128e-05 2
7.158992e-06 6
4.230468e-06 1
2.049893e-05 924
3.900251e-06 1
6.631418e-06 1
3.200425e-07 1
5.302365e-06 1
1.649676e-05 3
1.653153e-05 1
5.885113e-06 3
7.998637e-06 1128
8.361205e-06 1375
1.524193e-06 1356
1.722307e-05 1
1.548930e-06 3
1.636704e-05 1
3.258873e-06 3
6.469181e-06 3
1.892683e-06 1
4.245031e-06 1
3.228914e-06 1
4.101359e-06 4
3.880851e-05 3
2.343522e-05 1
4.911043e-06 6
3.878616e-06 1
2.854182e-05 787
9.058156e-06 1
7.794985e-06 2
1.441876e-05 1
4.271942e-06 1
2.016968e-05 3
1.687145e-06 1
1.717765e-05 1
1.511898e-06 1
4.773853e-07 2
7.499373e-06 1
2.552829e-06 1
5.830878e-06 1
2.935335e-05 1
6.071389e-06 3
1.050769e-05 1
6.001284e-06 2
1.316010e-05 1
5.072738e-06 1
1.025999e-06 2
1.986045e-06 1
4.669765e-06 1
1.470897e-05 3
4.889737e-06 1
9.113133e-06 1894
2.663817e-05 2
1.949744e-05 1
3.644470e-06 1
1.386209e-05 1
1.581947e-05 3
4.491933e-07 148
1.148084e-05 1
1.088971e-05 1
3.981884e-05 1
2.660430e-05 1
1.030889e-05 1
1.363052e-05 1
3.684909e-06 4656
8.128985e-06 6
5.167955e-06 1446
1.958439e-05 3
9.050606e-07 7
6.456724e-06 1
3.032526e-05 1
8.145669e-07 243
2.773446e-05 2
3.566418e-05 1
3.156598e-05 192
9.504212e-07 1
3.325659e-05 1
1.031467e-05 1
2.417361e-05 2
1.051671e-05 1
3.806232e-06 1
2.337273e-06 1235
3.486254e-05 339734
1.570210e-05 187
1.942400e-05 2
7.919925e-07 106
3.931924e-07 1
1.127943e-05 1
9.856198e-06 1
4.732631e-06 1
7.489605e-06 217024
2.969963e-07 1
9.659313e-07 1
4.303155e-05 1
1.527709e-06 1
2.881678e-06 1
2.415397e-06 1
1.495848e-05 1
1.081756e-05 2
9.311676e-06 18
7.358200e-07 1
3.026766e-05 1
2.736115e-05 1410
1.785229e-06 2
1.712941e-05 2
4.073704e-05 4
2.128593e-05 1
4.225257e-05 3
1.355139e-05 271591
7.377622e-07 1
1.288513e-05 1
2.833556e-06 1
1.532755e-05 5
2.866230e-06 6
7.181198e-07 5
1.011286e-05 2
7.185686e-06 1
3.279440e-05 1
3.301792e-05 1
2.528719e-05 1
4.255209e-05 1
2.737076e-06 241
5.542615e-08 159
2.066547e-05 4
1.510832e-05 2
1.334786e-06 3
1.982142e-05 3
2.723888e-06 31698
5.775476e-07 1
1.856169e-06 3
1.782759e-05 1
3.152758e-05 3
4.975803e-06 3
5.906204e-06 1
1.924651e-05 3
2.758794e-05 513
1.374529e-06 1
4.077363e-06 1
1.702584e-05 7
3.432353e-06 925
5.181501e-07 102
1.529719e-05 4
1.345718e-06 209
2.438771e-05 2
5.265142e-06 3
3.107063e-06 214
3.211133e-05 2
7.010789e-06 56888
8.039725e-07 229
3.147669e-06 1
6.716905e-06 1
1.566345e-06 1
2.890066e-05 1
2.493100e-06 3
6.904073e-06 1637
6.762487e-06 57895
1.270554e-05 2
1.045363e-05 1
9.209979e-06 73
3.318042e-05 1
2.190998e-05 1
1.181232e-05 7
3.948315e-06 160
3.782185e-05 23
9.868579e-07 2
1.221407e-05 1
1.225035e-05 1
9.010168e-06 1
2.619701e-05 1
2.824328e-06 5
6.988537e-06 1
2.664948e-06 228
2.126851e-05 4
1.842140e-06 6
5.969562e-06 3
2.940799e-06 1
7.795481e-06 4
3.389658e-05 1
3.317427e-05 1
5.505052e-06 1
9.610993e-06 91
1.007793e-05 2
1.567246e-05 2
4.008162e-06 308
1.041007e-05 189
2.523421e-05 1
5.039759e-06 1
6.570863e-06 204
2.878885e-06 3
2.853456e-05 1
2.171322e-05 3
1.048262e-05 1
1.638910e-05 1
8.946990e-06 23439
2.746930e-06 1
7.552906e-06 1
8.927050e-09 124
1.163676e-05 1
1.137213e-05 3
1.707905e-05 2058
1.112718e-05 7
2.047878e-05 6
1.493799e-05 1
1.239427e-05 33259
2.065721e-05 5
3.756638e-06 1
2.266213e-05 1
5.541778e-06 1
1.421219e-05 137
4.777493e-06 1632
1.215863e-05 1
2.547615e-05 1
4.065703e-06 1
2.056508e-05 60208
4.877159e-06 2
1.170574e-05 1
3.599415e-06 1
1.656536e-05 171
8.933240e-06 1
3.171801e-06 1544
1.299983e-05 2
8.187067e-06 7
2.308893e-06 1
3.133876e-06 79
4.723473e-06 2
6.270752e-06 1
6.526694e-06 23984
9.393200e-06 1
8.967103e-06 28
1.907202e-05 3
1.615064e-06 1
1.589966e-05 1
2.590929e-05 1
4.354586e-05 1
2.414500e-05 1
1.495677e-07 1
1.419037e-05 1551
2.844548e-05 1
3.242713e-06 1
1.052893e-05 97
3.620362e-05 1
5.151470e-06 43488
1.038277e-05 1541
1.030684e-05 1
5.396472e-06 1
5.255003e-06 7
6.502551e-06 2
5.263366e-06 2
2.993265e-06 1
1.711844e-05 4
3.096041e-06 1
5.282598e-06 93597
4.177800e-05 1
4.308444e-06 130
1.901836e-06 1
3.530034e-06 1
9.148394e-06 1
1.177664e-06 2
6.495319e-07 1
8.138292e-06 1
6.324012e-06 4
2.346337e-05 1
1.635907e-06 1
1.515706e-05 1
1.476146e-05 1
4.230938e-06 2
1.564818e-05 1
1.849482e-05 7
1.457086e-05 1167
2.466208e-05 1
2.356001e-06 1
8.300817e-06 2
1.450281e-06 62
1.012746e-05 1
9.093966e-07 2
4.631187e-06 22
1.574456e-05 1
3.681116e-05 2
1.115503e-05 1
6.147025e-05 3
3.869053e-05 1
1.555808e-05 2
1.408104e-05 1
2.276933e-05 205
8.069732e-06 150
6.167059e-06 3
1.553199e-06 1
2.301196e-05 1
1.189275e-05 1
4.045927e-06 2
2.283442e-05 3
3.580226e-05 1
8.469188e-07 1
2.586657e-05 1
2.240212e-05 1
2.416869e-06 6
1.964446e-05 4
1.559767e-07 210
7.564651e-06 38160
7.115220e-06 5
1.126882e-05 1
1.969479e-06 7451
6.946352e-06 1
2.833665e-06 3
4.668656e-05 1
3.845516e-06 9054
1.992968e-05 6
2.409476e-06 112
2.740549e-05 1
8.948746e-06 1
1.271296e-06 232187
6.973185e-06 76
1.295634e-05 3
3.644530e-06 1
2.284551e-05 1377
1.796586e-05 7
1.141548e-06 1
1.580835e-06 1
5.335056e-06 1
1.116226e-05 1
3.760305e-05 1
4.098624e-06 3
5.936459e-06 1
1.357079e-05 1
1.580877e-05 3
5.224080e-06 1
9.203855e-06 1
2.352551e-06 3
5.352735e-06 7
3.165403e-06 1
1.185988e-05 1
4.455630e-06 16
1.369101e-06 3
8.585606e-06 1
6.143808e-06 1
3.146440e-06 38745
1.876360e-06 1
2.738650e-05 1
3.983469e-05 12
1.194352e-05 4
3.412403e-06 1
5.529540e-06 1
9.748612e-06 1
4.059059e-05 1
9.515138e-06 3
1.542378e-05 1
1.059120e-06 3
2.830016e-06 1
5.673982e-06 1153
4.127638e-06 593
1.025111e-05 13630
3.888981e-06 1
4.953934e-06 80
2.233557e-06 1
3.902990e-05 1
2.471223e-06 1
6.996573e-06 143
2.727683e-05 79
5.484540e-06 1
1.851457e-05 85
2.428278e-05 1
7.047938e-06 59
1.598666e-05 2
1.312260e-05 1
2.885843e-06 55862
5.313974e-06 325753
2.316130e-05 1
9.279131e-06 3
1.689136e-06 1
4.357767e-05 18089
3.830836e-06 268
2.889091e-05 1902
8.301976e-06 3
2.010796e-05 5
3.467140e-06 1805
2.468279e-07 3
4.743160e-05 7
1.508718e-05 1
1.840514e-05 3
6.575041e-05 4
4.628788e-05 1
5.439191e-06 6
1.135712e-05 1124
1.034552e-05 1
1.100314e-06 1
7.746471e-07 1
1.023338e-05 1
1.365382e-05 1
2.542676e-05 1
3.093608e-05 1247
6.104758e-06 1
1.458580e-05 1
2.436349e-06 1283
3.699568e-05 7
2.454696e-05 1
7.396628e-06 1
9.073786e-06 6
5.009680e-06 1
8.452921e-07 2
3.059690e-05 2
6.429685e-06 3
4.300771e-06 6
1.096617e-05 1
2.879329e-05 3
3.962546e-07 187
3.295514e-05 1
4.827383e-06 1
2.789497e-05 1
5.431420e-05 1
1.447445e-06 208
1.736455e-05 1166
1.035074e-05 1
1.115516e-05 565003
1.160582e-05 2
1.173982e-05 125
8.102619e-06 198
5.876024e-07 2
1.258109e-05 1
3.978508e-06 3
1.247434e-06 3
1.513974e-05 1
2.638901e-06 1
2.494589e-06 3
7.839817e-06 3
6.868251e-06 2
5.988573e-05 2
5.399628e-07 3
7.295649e-06 5
1.241005e-05 1
6.024930e-07 1
2.128689e-05 2
2.311815e-05 1
1.937229e-05 1
1.857473e-05 1
3.044141e-05 1
1.975031e-05 40481
6.690813e-06 4
2.120522e-06 4
7.510443e-06 1
6.069494e-06 1
3.136173e-06 929
1.974664e-05 413
4.433786e-06 1
5.001267e-06 3
7.181540e-06 1
4.511363e-06 37841
6.673796e-07 31359
3.132926e-06 52648
2.752100e-06 1
1.123621e-06 1
2.964097e-06 1
4.408226e-06 496815
1.351079e-06 1
1.392097e-05 2
1.809310e-05 2
1.563254e-05 6
1.772963e-06 1
1.519477e-06 1
3.216646e-05 1
3.482834e-08 4
2.978052e-07 1
1.220971e-05 1
4.312544e-06 1
3.757775e-06 1
1.142547e-05 3
3.420139e-06 42843
2.111550e-05 1
8.155298e-06 40854
1.675658e-05 1
2.072464e-06 1
5.656801e-06 64498
2.104266e-05 1
2.052850e-05 39
1.819873e-05 1
7.049469e-07 1
1.894125e-06 3
3.729446e-07 1827
4.274162e-06 85
1.186944e-05 3
7.982955e-06 1
2.786769e-05 3
1.497658e-05 22180
1.514720e-05 1
1.307561e-05 2
1.430624e-05 2
6.128961e-06 3
1.350953e-05 1
8.411440e-06 2
1.663574e-05 1
1.821541e-05 164
5.524840e-06 5
1.290954e-05 3
2.412580e-07 1
1.206096e-05 3
2.922510e-06 3
3.281729e-05 1
1.299604e-05 1
4.279282e-05 1
5.491675e-06 103
3.927774e-05 3
3.555491e-06 95
3.568620e-06 1
2.920101e-05 2
1.751376e-05 1
1.947547e-07 1
1.269284e-05 3
2.116858e-06 2
8.203644e-06 159
1.070155e-05 1
9.606236e-05 3
2.495142e-05 6
2.315132e-06 1
4.315601e-06 146
3.771674e-06 2
1.551191e-05 134
6.873204e-06 1
7.114562e-06 1
5.992820e-06 2
2.145804e-05 1
1.446815e-05 4
1.150782e-05 1
2.377200e-06 2
1.110694e-05 1
9.283264e-06 1
1.017779e-05 1
9.354777e-06 1
1.661503e-06 1
1.143559e-05 1
2.290078e-06 1201
1.984938e-05 216
2.536556e-05 1587
2.492796e-06 1
1.663430e-05 1
1.278780e-05 66
8.395521e-06 2
9.521882e-07 1
8.979532e-06 1
1.122766e-05 1
2.111304e-05 1
2.438582e-05 1
5.491278e-06 2
2.815790e-05 3
3.330799e-06 1
8.485703e-06 1
6.213895e-06 216
3.382774e-06 1
8.349138e-06 894
2.547228e-05 1
4.531475e-07 3
2.040093e-05 765
9.993572e-06 3
9.818209e-06 1
6.177538e-07 3
8.490288e-06 2
3.607785e-06 2
3.756242e-07 3
4.312364e-05 246
3.207542e-05 4
9.496004e-06 39
2.167625e-05 3
5.455800e-06 3
6.779460e-05 1
2.638556e-05 1
9.443868e-06 2
1.735569e-06 3
9.789264e-06 1
1.975148e-05 51710
3.212395e-05 3
1.806228e-05 3
9.329491e-07 3
2.162686e-05 3
1.106306e-05 1517
1.843897e-06 1
1.299743e-05 37
3.312133e-05 1
1.203481e-05 1
4.839420e-06 1
2.731001e-05 7
1.121886e-05 1
3.451785e-05 1
2.713245e-05 1
1.917992e-05 1
7.089479e-06 1
5.245809e-05 1
1.736502e-05 1
5.698261e-06 88
2.322698e-05 1
3.891364e-06 3
3.290858e-05 1
3.729051e-07 1
7.930996e-06 1
6.498498e-06 130
1.170651e-06 1
1.217306e-05 1
9.998081e-07 3
7.069549e-06 1
7.703656e-06 711
3.317175e-05 1
4.648987e-05 1
3.389719e-06 1
1.279565e-05 486
8.965838e-06 1
1.767421e-05 1
7.891618e-07 1
1.828628e-05 5
3.117907e-08 1
1.828975e-05 1
4.406592e-06 7
2.864731e-05 9618
4.597215e-06 1
3.940439e-07 4
1.121125e-06 1
4.653733e-06 125
1.048746e-05 2
8.836361e-06 217
1.752384e-05 1
4.288248e-05 3
1.912659e-05 4
4.489207e-05 1
4.275323e-05 1
6.505911e-07 1
6.153887e-06 1
3.783966e-06 1
5.185664e-05 1
1.761710e-05 199
2.539964e-05 2
2.722828e-06 1
2.905388e-06 2
8.655954e-06 2
4.050464e-06 1
3.728656e-05 1
1.279006e-05 1
4.409384e-06 5
1.577349e-05 7
4.176757e-06 3
1.139479e-05 2
1.191498e-05 1
1.368613e-06 1
2.724663e-06 2
6.372275e-06 1
5.769969e-06 3
1.027935e-05 2
8.647682e-06 1863
8.036424e-06 6
1.829743e-06 1
9.146938e-06 6
1.628275e-06 1
3.585213e-06 1
7.315701e-06 1
3.990814e-05 1
5.662405e-06 4
3.986955e-06 167
2.668687e-05 1
1.369031e-05 1
2.230272e-05 2
1.954948e-05 1
2.841476e-06 1
1.609717e-05 54
4.611276e-06 1
5.162757e-06 1
4.075566e-06 57825
2.029373e-05 4419
9.799460e-07 1
7.126164e-06 1
5.228490e-06 1994
3.007767e-06 1
3.324434e-05 2
1.404681e-05 103
5.134330e-06 5
1.167986e-05 1716
2.003920e-05 38457
7.549874e-06 1
1.437339e-06 5
7.486777e-06 2
1.412691e-06 203
7.544072e-06 1
2.702573e-05 5
1.814185e-05 225
3.574071e-06 3
5.783546e-06 1
2.026345e-05 390
5.821214e-06 3
8.686747e-06 3
1.290098e-05 1
1.506070e-05 6
5.724518e-06 1
1.491278e-06 6
4.201850e-05 1
7.478481e-06 3
7.804084e-06 3
1.250002e-05 2
8.710463e-06 1
3.747659e-05 192
2.025683e-05 1
2.655893e-05 2
5.324822e-07 2
5.245731e-06 1
8.246171e-06 2
4.298574e-06 1
9.247401e-06 2
3.293584e-05 2
1.858135e-05 3
1.100158e-06 429225
2.937515e-06 1
3.859347e-05 266
8.404484e-06 1
3.091740e-05 1
1.062880e-05 26
8.362217e-06 1
1.509867e-05 1
1.700500e-05 7
5.734704e-06 1
2.007622e-06 1
2.053963e-05 16166
2.215987e-05 59
8.921312e-07 1
1.038944e-05 2
1.413188e-06 1
5.119666e-07 3
1.461278e-06 1
4.125136e-06 1
1.214039e-06 57
6.101808e-07 1286
9.027630e-06 1
5.379161e-06 1
1.416221e-06 1
3.126218e-06 2
3.344325e-06 1
7.353180e-06 3
7.008796e-06 789
5.201094e-06 160
3.198875e-06 2
1.729394e-07 2
2.742999e-05 1
1.031184e-05 3
2.017877e-07 2
2.085165e-05 3
7.778882e-06 1
1.445757e-05 1
1.373142e-05 1
3.853526e-05 267
6.464619e-06 1
3.842453e-07 82
4.523601e-07 2
1.003997e-05 1
6.507121e-06 1
7.408784e-06 235
1.980863e-06 292065
1.740285e-05 2
4.560580e-06 2
1.807570e-05 1
2.842305e-05 1
5.668250e-06 1
1.258438e-05 1
5.573907e-06 28
2.082993e-05 5
3.255059e-06 2
7.025500e-07 1
3.628905e-06 2
5.017844e-06 1
4.587248e-07 1
4.744421e-06 3
1.395021e-05 1
1.554268e-05 5
2.578862e-05 3
1.761352e-05 1
2.456661e-05 36963
1.675302e-05 1
3.292141e-05 1
5.428401e-07 111
4.748208e-06 1
1.902264e-05 243
1.570274e-05 1
3.353509e-05 1
1.079731e-05 2
3.834781e-05 1
1.038506e-06 1
3.423731e-05 1
1.340555e-06 2
4.638175e-07 33
9.849583e-06 1
7.085947e-06 1
2.297627e-05 498707
2.896934e-06 1
7.460330e-06 3
1.583635e-06 2
1.238661e-05 5
3.568667e-05 5
3.616580e-05 3
1.998841e-05 260
2.767762e-06 1
1.194370e-05 3
7.436631e-06 1
4.226551e-06 1
2.043432e-05 5
8.316644e-06 1
1.831547e-05 265
2.764310e-05 21158
1.181918e-07 1
2.585863e-05 1
7.957095e-06 1
8.158158e-06 3
1.214223e-06 1
1.290182e-06 3
2.176591e-05 175
2.120678e-07 1
3.737470e-06 5
1.018136e-05 2
1.078587e-05 5
5.615786e-06 1
1.583618e-05 1
9.638669e-06 534
4.524603e-05 1
1.117254e-07 1
2.002972e-05 3
1.577876e-06 1
6.641060e-06 429
6.944625e-06 1
2.736558e-05 3
3.815578e-06 1
2.946442e-06 1
8.063594e-06 3
1.389480e-05 3
1.955764e-05 1
3.710410e-06 1
1.970869e-05 1
5.562039e-06 1
3.170655e-05 41314
1.106145e-05 1
7.133508e-07 2
1.334419e-05 210
2.789898e-07 1
4.173221e-05 1
9.132102e-06 1
1.035721e-05 1
2.680731e-06 7
1.009063e-05 1
7.909772e-06 3
7.153387e-06 3
2.450610e-06 3
1.418413e-05 1
1.502242e-06 2
2.369656e-07 1
2.949883e-06 1
1.413374e-05 1
4.821977e-06 1205
6.492125e-06 2
2.203058e-05 1
3.070798e-05 1
3.691073e-07 58488
4.484111e-06 1
1.041904e-06 3
1.332916e-05 6
2.371497e-05 1
1.693039e-05 2
1.065590e-05 1
1.166107e-05 1499
1.264570e-05 1
2.627833e-06 1
9.100377e-06 1
3.679635e-05 1
2.119208e-06 228
3.692372e-06 1
2.343149e-05 3
1.468597e-05 245
8.266035e-07 3
1.424764e-06 1862
9.975262e-07 1
4.041776e-06 1
1.052636e-05 1
7.002765e-06 197
2.817132e-05 3
3.434753e-06 1
2.006874e-07 1
1.385813e-06 2
7.221799e-07 3
2.475939e-06 1
4.654621e-06 125
8.470859e-06 142
6.211137e-06 1
8.878200e-07 1
4.114841e-06 1
6.019234e-06 1
2.453253e-06 1
1.634520e-05 3
5.206761e-06 2
9.956429e-06 1
2.311600e-05 1
7.841645e-06 1
6.675746e-07 1
2.879853e-05 1
1.818305e-06 4
5.894123e-06 1
4.359969e-05 1
2.585941e-05 7
1.526515e-05 1
5.738865e-05 3
3.020611e-05 1
5.712019e-06 2
1.523338e-06 4
3.493780e-05 1
7.975706e-06 1
5.061238e-05 1
3.694224e-06 1
4.677426e-06 1
1.099768e-05 1
2.516234e-06 1
4.278678e-06 1
7.451537e-07 1
1.227540e-05 1
1.095366e-05 228
4.347389e-06 54975
6.614971e-06 1
3.101354e-05 53290
4.616664e-06 1
2.448227e-06 1
2.695098e-06 14917
1.344398e-06 2
2.562589e-06 1
5.729045e-07 2
3.315545e-06 2
2.000879e-06 13
2.491024e-05 1
1.816596e-05 1
9.769721e-06 2
5.635589e-06 1
1.104155e-05 2
6.991349e-06 199
2.412732e-05 3
4.092647e-05 1339
1.923863e-07 2
4.312713e-06 2
1.957917e-06 3
2.911276e-05 1
3.008136e-05 1
5.047588e-06 255
6.439549e-06 1
1.295632e-05 2
4.665475e-06 1
1.707131e-06 1
1.249596e-06 3
7.190880e-06 1
7.957112e-06 1
2.707736e-05 1
1.475280e-05 1
7.221628e-06 2
4.239145e-06 3
8.616319e-06 40342
7.645619e-06 1
1.127754e-05 1813
8.785029e-06 1
4.051258e-06 1
2.738413e-06 2
4.164367e-05 44
6.875644e-07 1
3.090965e-05 1
1.359882e-05 1
1.581245e-05 193
4.459475e-06 233
3.397448e-06 1
5.815568e-06 3
6.325364e-06 1
5.366659e-07 3
2.192628e-05 1
3.097095e-06 2
8.190533e-06 1
1.496095e-05 1
1.864566e-05 1
1.525748e-05 6
2.670678e-05 4
5.715156e-06 1
1.177546e-05 5
8.652059e-06 1
9.465883e-06 3
3.767826e-06 1
2.670005e-06 42544
8.972563e-07 3
9.465653e-06 1
2.174881e-06 2
6.689472e-06 2
1.386702e-05 1
1.947683e-05 26
2.233584e-05 3
3.727528e-06 1
1.149695e-06 1
2.004725e-06 1
5.192729e-07 1
4.534368e-06 267
7.349757e-06 29
5.930817e-06 6
1.680414e-06 2
3.930325e-07 7
2.346541e-05 1
2.391901e-05 12380
2.040660e-06 2
1.047026e-05 1
4.274755e-06 3
1.013070e-05 602
2.389251e-05 2
7.138873e-06 61770
1.891937e-05 1
6.960417e-06 1458
4.316449e-05 1
9.489199e-06 1
2.231591e-05 2
6.073730e-06 1
2.349166e-06 205
3.385950e-05 1
6.621774e-07 1
5.306950e-06 2
4.745423e-06 2
4.095505e-06 1
1.723268e-05 2
7.915413e-06 4
4.510436e-06 4131
1.178498e-05 2
2.456243e-05 1
8.139753e-06 1
1.992835e-06 1
4.731562e-06 13
1.732062e-05 1
2.989190e-05 17782
2.422686e-06 1
1.765902e-06 915
1.936286e-05 1
1.097528e-05 41302
2.345107e-06 5
5.076712e-05 1
1.033806e-05 1
2.998266e-06 3
1.717141e-05 1
6.749239e-06 1
2.900693e-05 2
2.803226e-05 2
2.999043e-05 92
3.421838e-05 1
2.570324e-05 3
4.165690e-06 1
5.478581e-06 7
9.275989e-06 1
1.007384e-05 6
3.278817e-07 3
2.090228e-05 2
2.065630e-05 2
2.925201e-05 3
3.739536e-06 2
4.010999e-05 4
6.793637e-06 153
5.380345e-07 1
3.234013e-05 3
1.328647e-05 7
7.931909e-06 1
1.810290e-06 6
4.899933e-06 1
1.666702e-05 1846
5.369609e-06 1
5.527853e-06 3
2.373525e-05 1
2.978424e-05 1
4.041211e-06 1
7.677547e-07 1
4.947835e-07 892
5.031696e-06 2
3.203557e-05 1
1.892473e-06 1
1.466207e-05 2046
1.596100e-05 250
2.415459e-06 1
1.146271e-06 1
7.591249e-06 1
2.986361e-05 2
4.623127e-07 1072
2.138988e-05 3
3.780072e-07 1
1.404594e-05 1800
1.294996e-06 6
1.310761e-05 51648
9.344232e-06 1
3.507830e-05 1
2.255860e-06 1
1.941919e-05 7
2.250810e-06 1
3.442463e-05 159
4.945604e-06 1
2.595275e-06 35077
1.194067e-06 1
2.844135e-05 199
7.260248e-07 62503
5.844448e-06 1
3.046790e-06 1
1.881846e-05 1
1.889429e-05 235
1.440914e-06 2
2.925643e-05 2
4.547782e-05 115
3.141199e-06 1
2.162075e-05 1
1.345248e-06 1755
3.357950e-06 1
3.526665e-06 1
7.506176e-06 276
5.602150e-06 1
3.210702e-06 3775
5.765096e-06 1
1.359755e-06 1
8.316799e-06 6
1.084716e-05 3
1.351219e-06 1
6.122705e-06 3
7.220971e-06 1
9.737522e-06 1
2.713397e-06 1
1.357657e-06 6
1.014573e-05 187936
3.856035e-06 1
6.111123e-06 1
3.546410e-05 1
1.577818e-05 3
2.149565e-06 235
7.235928e-06 37187
9.334029e-06 1
1.053124e-06 1
1.792853e-05 3
3.840304e-08 239
9.681177e-06 7
9.540297e-06 1
1.853179e-05 1
1.638040e-06 1
8.557945e-06 1
2.383533e-05 1
1.258387e-05 4
9.800576e-06 1
6.977582e-06 1
6.350502e-07 2
1.184169e-05 60265
1.770025e-05 2021
5.318883e-06 3
1.221327e-05 55
1.024983e-05 4
3.714228e-06 1
4.671177e-06 3
3.983919e-06 1
1.537759e-05 28357
1.132589e-05 3
7.085714e-06 1
6.904719e-06 1
2.140398e-06 3
3.029407e-05 1
9.356139e-07 556
3.189910e-06 1
5.268277e-06 1
1.239124e-05 230
1.622276e-05 1
2.284836e-05 237
2.353178e-05 6
3.005756e-05 1
2.610792e-05 1
2.376691e-05 1
1.080888e-05 3
3.400869e-07 1
6.731498e-07 1
1.166346e-05 42903
2.825297e-05 1
3.024482e-05 48
2.697634e-05 2
3.411302e-06 1
3.690572e-05 2
1.237589e-05 1
1.306152e-05 1
1.452893e-06 1
4.321370e-05 2
2.395557e-06 5
2.046330e-06 3
4.920130e-06 1
2.021071e-05 1
4.614067e-07 3
8.445921e-06 4
1.746176e-06 1
3.850314e-06 1
1.037703e-05 1
6.034266e-06 1436
5.790408e-06 1
5.830490e-06 1
9.397724e-06 1
1.523310e-06 1
5.071835e-06 5
1.776442e-06 7
3.465265e-07 1
3.266788e-06 1
5.396111e-06 7
1.060880e-06 1
3.486419e-05 1
9.648111e-06 1
8.602927e-06 1
9.608582e-06 1
3.998745e-06 200
7.572283e-06 37143
1.920537e-06 1
7.064186e-06 2
2.723486e-05 117
1.572554e-06 1
2.553976e-05 1
1.864220e-05 19
1.059844e-05 1
8.892953e-05 1
1.237225e-05 1
6.923020e-06 1
1.399604e-05 2
2.623138e-05 1552
2.660532e-05 1
1.573720e-05 1
3.844682e-05 274
3.002470e-06 2
1.782620e-05 1605
2.664476e-05 1
9.516125e-08 5
9.125621e-06 1
3.491771e-06 3
5.167802e-07 6
5.516039e-06 97
1.359141e-06 4
2.600907e-06 1
1.469779e-05 4
1.560565e-05 24316
2.474209e-06 1
2.055395e-05 128
1.479498e-05 1
1.074737e-05 1
8.659796e-06 5
6.593125e-06 1
2.622509e-05 1
9.610828e-06 3
2.197612e-05 1
3.580147e-06 1
1.266504e-05 2
7.869379e-06 2
1.216991e-05 134
2.130225e-06 1
1.906672e-05 1
1.325623e-05 1
2.779753e-05 2
3.435072e-06 59
8.974502e-06 1
2.153662e-05 1
5.801919e-06 1
3.427669e-05 36546
4.822481e-05 1
4.047348e-06 3
3.219115e-05 5
8.082265e-06 370
3.648220e-05 1
2.125692e-05 2
5.279387e-06 1
1.150153e-05 2
2.396614e-06 2
9.314145e-06 1
5.502244e-05 1
9.154230e-06 1
9.404662e-07 2
1.978360e-06 1
1.501826e-06 1
1.533342e-05 1
1.138754e-05 1
8.880616e-06 1
1.054878e-05 1
1.794758e-06 3
8.015472e-06 3
9.318762e-05 1
5.745517e-06 1414
2.333278e-06 1
5.333206e-06 3
1.869291e-06 114
3.899380e-05 3
2.510649e-06 2
6.595763e-06 6
3.891081e-08 5
2.848120e-06 1
1.497120e-05 1
9.291193e-06 2
1.617676e-05 1
6.353850e-06 2
1.267467e-05 1750
2.144239e-05 50
7.881522e-06 1
5.344399e-05 1
1.962275e-05 2
1.593605e-05 1
6.126032e-06 2
8.416876e-06 53412
2.222294e-05 1
7.212313e-06 1
1.296599e-05 3
8.367540e-06 5
1.143580e-05 4
4.977942e-06 3
1.288697e-05 1
1.613315e-05 1
5.264566e-05 1
8.218895e-06 1
1.466913e-05 1
3.410122e-06 2
2.309235e-06 1
1.301107e-05 163
2.030170e-05 1
1.590175e-05 129
2.051889e-06 1
3.557252e-05 3
1.935655e-06 200
1.651112e-05 2
7.187494e-06 47
2.548193e-07 1
1.472441e-06 218
4.569971e-06 1
2.241881e-06 1
1.173544e-05 4
2.643458e-05 204
1.594972e-05 1
6.980162e-06 1
5.418502e-06 5
4.106822e-06 1
9.075377e-06 1
3.154743e-06 1
4.849202e-06 1
8.907307e-07 2
6.049456e-06 110
1.401267e-06 1
1.605743e-05 17396
1.486042e-05 6
5.929390e-06 1
7.904997e-06 2
2.735864e-05 3
2.115027e-06 1
1.338565e-06 1
1.067540e-05 7
5.324125e-06 7
9.497357e-06 2
5.207456e-06 1
1.796963e-06 2
1.780711e-05 2
4.435350e-06 1
2.035394e-06 1
1.180198e-05 3
2.181120e-05 1487
6.209820e-07 1227
5.615450e-06 1
5.415244e-06 3
2.797805e-06 1
1.078484e-05 146
5.040265e-06 1
3.096656e-05 1
1.116155e-05 3
1.819546e-06 1
1.016389e-05 2
2.380737e-06 2
4.455323e-05 2
1.142037e-05 5
1.120778e-05 151
1.121563e-05 1
6.324505e-06 1
2.384765e-06 6
2.957409e-06 1
2.015927e-05 175
4.079566e-06 1
3.088160e-06 1
2.921956e-05 7
4.131859e-07 1
1.898978e-05 5
4.132788e-05 1
2.406257e-05 1
3.139730e-05 1063
3.788412e-05 17412
1.312018e-06 2
1.511089e-05 1579
4.783956e-06 5
4.146926e-06 5
4.859368e-06 1
1.154189e-05 4
1.865546e-05 91
1.996665e-05 1
4.301482e-07 3
4.372388e-06 1155
5.138173e-06 213
5.478540e-06 3
1.429224e-05 3
4.187601e-06 5
1.903841e-05 114
2.016842e-07 476
1.496708e-06 1
6.073994e-06 5
7.182138e-06 66
2.045246e-05 971
6.894685e-06 1
2.250256e-06 1
1.989928e-07 3
5.815489e-06 1
2.107206e-05 1
4.174887e-06 1
3.166472e-05 1
2.443289e-06 1
4.423417e-05 3
1.476674e-06 4
3.842341e-06 1
9.782043e-06 1
3.837658e-06 1
3.078953e-06 7
8.584365e-06 1
1.261804e-06 1
9.087409e-06 1190
5.247451e-06 39
2.298350e-05 1
1.347611e-05 1
2.107047e-05 1
8.561677e-06 1
1.057731e-05 1
4.959191e-06 1
5.135463e-07 232
2.516355e-05 1
3.917339e-06 52427
3.103630e-05 4
1.795095e-06 1
1.064155e-05 5
3.835344e-05 1
1.203512e-05 1
2.302408e-05 435856
3.532998e-07 1
1.705455e-05 2
1.474232e-05 1915
1.175634e-06 235
1.613143e-05 1
7.622152e-06 7994
7.047727e-06 1
1.470328e-06 1
8.957610e-06 266
6.625286e-06 119
1.265941e-07 1
1.086859e-05 1956
2.005079e-06 230
2.837566e-07 86
6.585377e-06 1
6.611994e-06 45535
3.894749e-06 1
1.675829e-05 225
7.981046e-07 1
2.525817e-05 61372
5.293245e-06 3
1.462532e-05 3
1.464478e-05 788
3.160436e-06 234
1.100744e-05 3
1.538201e-06 1
9.204736e-06 202
8.675672e-06 66
3.887140e-06 5
2.266357e-06 3
5.584788e-05 3
4.034923e-06 427970
1.147222e-05 1
1.412498e-05 1
5.235882e-06 1
2.195748e-05 1
2.506162e-06 1
1.968981e-05 6
4.047131e-05 113
3.629209e-05 1
1.167370e-06 274672
5.599991e-06 62084
7.156480e-06 3
3.353477e-06 1
2.009888e-05 2
2.389248e-06 3
2.943238e-07 4
1.872565e-07 1
3.163561e-06 1
7.896147e-06 1
1.163805e-05 4
3.499196e-06 257
4.329507e-06 179
6.673418e-05 1
5.817204e-06 1
1.072458e-05 1
1.238312e-05 1
9.488453e-06 241
1.119272e-05 1228
3.354763e-06 1
1.253901e-06 1
3.107818e-05 1
9.745742e-06 1
7.740646e-06 3733
1.217857e-05 3
4.196379e-06 3
2.504686e-07 1
2.100509e-05 1
4.287870e-05 1
1.218026e-05 1
8.222953e-06 2
4.628833e-05 3
1.393670e-05 3
5.238165e-06 3
1.193143e-06 2
2.215956e-05 1
3.919647e-06 5
1.563426e-05 4
1.994389e-06 1593
1.134843e-06 1
5.674761e-05 1
3.087987e-05 2
9.142414e-06 2
1.991481e-07 2
5.469598e-06 55
1.061299e-05 1258
3.768023e-05 701
8.050237e-07 1
2.334053e-05 31729
1.990923e-06 1
4.901883e-05 2
8.346781e-06 16921
1.069627e-05 87
2.706839e-05 3
3.005328e-05 2
1.020377e-05 1
2.074763e-06 1
7.140980e-06 20
7.125774e-06 1707
5.547506e-05 1
4.717995e-06 1
1.196369e-05 1
1.629926e-05 820
1.023731e-05 6
2.655953e-05 1
2.864705e-06 1
8.420683e-06 1980
4.907694e-05 7
2.387212e-05 2
2.025993e-05 1
7.669538e-07 1
7.719813e-06 2
8.394217e-06 1
6.120464e-06 1
3.888825e-06 14
2.003355e-05 1
2.327491e-05 1
1.149086e-05 834
1.805012e-05 1
1.830179e-06 658320
3.773833e-06 4
1.315763e-05 1
4.269026e-06 6
3.632421e-05 2
4.004716e-05 1
2.578217e-06 1
1.614912e-05 1
9.630850e-06 3
1.919915e-05 2
1.117408e-05 1
2.018827e-05 7
1.265662e-05 1
2.231872e-06 2
1.202332e-05 7
5.708130e-06 1
2.457941e-05 1
2.885580e-05 1
1.702301e-06 117
6.838802e-06 178571
3.933486e-06 267968
6.546638e-06 1
4.385090e-05 1
2.402726e-05 1
5.695920e-07 1
2.230052e-05 1
3.141281e-05 1
5.658015e-06 2
4.683507e-06 4
6.650901e-06 17381
1.857962e-05 947
1.884190e-05 1
6.401657e-06 1
2.155024e-07 398
2.384689e-05 3
1.570822e-06 1
1.187043e-05 2
6.322460e-06 1
1.557979e-05 109
1.457840e-05 3
3.778677e-05 1
6.297723e-06 141
1.433074e-05 2
6.967848e-06 1
3.589134e-06 5
8.047091e-06 1
1.533925e-05 1
1.639577e-05 1
1.316345e-05 1
2.210614e-06 1
6.263998e-06 240
6.428306e-06 1
1.188581e-05 1
3.646538e-07 1
1.055393e-06 1
5.335291e-06 5
7.781960e-07 290004
3.036195e-05 2
6.520375e-06 1
1.227298e-05 2
7.355535e-06 28
3.938940e-05 1
3.313219e-05 1
4.287442e-06 1
2.774506e-05 686
4.614005e-06 63
1.458205e-05 6
8.136641e-06 4
3.784082e-06 1
4.874566e-05 1
1.058151e-05 161
1.409802e-05 24
1.047243e-05 1
2.058781e-05 2
1.182353e-05 1
1.732920e-05 7
5.922137e-06 2
1.593795e-06 1
3.324490e-06 1
2.129089e-05 1
9.058025e-06 1
5.101638e-06 114
3.034327e-06 1
4.559523e-06 6
1.959388e-05 2
9.422824e-06 3
5.129653e-06 3
1.958701e-05 1
2.902150e-06 97
6.004823e-06 3
2.325901e-06 158
1.236019e-05 2
3.443715e-05 1
2.619813e-05 1
1.773906e-05 4
2.215582e-05 6
7.501716e-07 1
4.857998e-06 1
8.032972e-06 1
2.020850e-06 1
3.098118e-05 8716
1.005299e-06 1
5.820402e-06 3
2.343930e-05 5
1.890151e-05 573
5.301212e-06 3
8.756614e-06 1
2.378877e-05 1
1.552575e-05 4
1.970442e-06 1
3.611980e-07 73
4.099527e-06 7
5.328079e-06 5
2.118006e-05 1
8.251714e-06 2
1.809593e-06 3
5.788690e-06 5
2.187554e-05 1
9.744330e-07 1
3.150198e-06 3
1.072113e-05 1
2.573332e-06 50818
3.095119e-05 2
3.575714e-07 369
4.751353e-05 5
4.618608e-05 1
1.096882e-05 1
1.811317e-05 46
3.688105e-06 164
3.819102e-06 1
1.766122e-05 1
5.363317e-06 3
1.241731e-05 6
9.442780e-06 1
1.196258e-05 201
1.985272e-05 3
1.721175e-06 1
1.619896e-05 1
3.524774e-06 1
8.986373e-06 1
2.156968e-05 6
1.198085e-05 1
1.401409e-06 7
1.360557e-05 3
7.892858e-06 1
2.695472e-05 3
4.548960e-06 1
1.895723e-05 6
1.446795e-05 2
3.350736e-05 216
1.338637e-05 5
2.735803e-06 1
1.225662e-05 1
2.480747e-05 242
5.046863e-06 1
2.670746e-05 1
7.785938e-07 286758
3.704059e-06 1
3.764831e-06 3
5.823838e-06 129
9.102277e-07 1
5.043565e-05 1
6.047462e-06 1
4.585606e-06 1
1.475455e-06 1
9.323407e-06 1
6.598475e-06 1
5.272225e-06 1
6.221393e-06 1
9.143971e-06 1
2.101314e-06 1
1.406590e-06 1
4.709152e-06 1
2.239044e-05 2
1.300595e-05 3
4.161976e-06 153
1.516597e-06 1
1.364029e-05 1
6.081692e-06 2
2.799665e-06 2
2.609612e-06 1
2.397976e-05 3
1.114891e-05 233
1.086162e-06 530
1.792690e-05 2
8.695523e-06 5
1.601327e-05 1
2.109657e-05 1
4.096630e-06 1
2.939286e-06 1
6.870188e-06 1
2.503852e-06 1
7.849433e-06 3
1.124414e-05 3
6.371008e-06 1
8.611123e-08 3
1.175403e-05 1
4.362263e-06 6
1.863014e-08 1
7.300728e-06 258
2.417792e-06 3
1.750677e-06 1
1.562942e-05 1
8.301149e-06 1
2.729998e-05 1
3.600683e-05 1
3.922508e-05 3
6.359733e-06 6
1.060416e-05 506
1.275921e-05 1
2.216802e-05 1
3.394049e-06 1
3.462427e-05 1
8.259374e-06 1
1.155994e-05 5
6.411261e-06 1702
1.727266e-06 1
4.446272e-06 1
4.740468e-06 47
5.598927e-06 1
6.661498e-06 3
7.327355e-06 3
6.576338e-06 1
1.015195e-05 2
1.768691e-06 2
2.285672e-05 1883
9.445957e-06 1
1.371557e-06 2
3.361911e-05 2
3.149922e-06 1
1.165744e-05 2
1.104572e-05 1
2.146706e-05 1
1.586109e-05 1
7.506544e-06 1304
4.716043e-06 253
2.696219e-06 5
3.884460e-05 3
1.885321e-06 1
2.135543e-06 5
8.652465e-06 1
1.413120e-05 7
3.254349e-05 2
1.071094e-06 2
1.193383e-05 1
3.156854e-06 25438
2.945008e-06 1
6.046152e-06 1138
8.934771e-06 1
3.114106e-06 2
9.472988e-07 1780
2.153940e-05 1
2.269587e-05 728
2.338766e-05 1
2.703269e-06 1
6.748389e-06 3
1.363228e-05 1
4.879565e-05 1
1.805917e-06 7
1.665661e-05 1
1.061222e-05 1
7.056816e-06 1
7.805444e-06 1
4.471413e-06 1
3.785610e-06 1
1.047127e-05 3
2.026913e-06 1
5.525026e-06 3
1.424593e-05 1
1.741087e-05 1
2.969079e-06 386
1.879048e-08 5
3.094471e-06 5
6.924706e-06 1
1.443825e-05 201
1.886787e-05 3
5.030306e-07 5
1.872298e-05 1
3.196483e-05 6
6.902789e-06 1
9.158479e-06 1
3.260625e-05 1
3.920759e-05 2
5.833620e-06 589
8.463715e-07 2
1.243538e-05 6
3.277706e-06 3
9.659478e-06 2025
7.326892e-06 16
5.926069e-08 1
3.228117e-06 6
1.168602e-05 1
9.781187e-06 1
3.345965e-06 6
6.076624e-05 245
1.814621e-06 1
5.569612e-06 7
1.191375e-05 1
2.031090e-05 182
1.732762e-05 3
1.055056e-05 2
1.331785e-05 3
9.011614e-07 1
4.466656e-07 2
9.979512e-07 1
6.427984e-06 1
1.850413e-05 56686
5.163984e-06 4
8.787241e-06 1
2.207078e-05 1
1.936395e-05 71
2.550292e-06 193
1.296233e-05 1
4.999050e-06 5
2.894699e-06 245
1.273107e-05 1
2.499889e-05 2
4.559233e-06 1
7.764472e-06 2
2.682094e-05 41374
2.400375e-06 29783
4.443421e-06 26981
1.564463e-05 1
1.197632e-05 1
2.754387e-06 4
6.906048e-06 3
2.199061e-06 2
8.302328e-06 1
1.827471e-05 3
3.172475e-05 5
6.225997e-06 3
8.282723e-06 2
2.930602e-05 63392
1.326824e-05 1
1.369606e-05 1
1.846161e-06 1
2.922982e-06 1
1.223034e-05 36437
9.859944e-06 3
1.563524e-05 194
1.268357e-05 1
7.489504e-06 1
1.424165e-05 1
2.363354e-06 1112
9.938190e-06 1
8.534437e-06 1
1.765396e-06 1
4.045831e-06 51859
6.212932e-06 1
1.600088e-05 1252
5.619862e-06 1
1.619410e-06 2
2.334779e-05 4
6.452137e-06 1
1.512349e-05 1
7.907073e-06 3
1.117917e-05 1001
8.658017e-06 1
7.342759e-06 3
2.577316e-05 106
3.137377e-06 3
3.383487e-06 3
8.019677e-06 2
2.642640e-06 1
1.418493e-05 122
1.288760e-05 198
2.360509e-05 1
3.875096e-06 1
1.478754e-08 1
3.568303e-07 1
1.631023e-05 1
8.492358e-06 10283
3.055388e-05 61612
8.606028e-06 1
1.225423e-05 1
3.990038e-06 1
6.673522e-07 1
2.650655e-05 2
1.921356e-06 168
1.889194e-05 1
9.017314e-06 5
1.040478e-05 2
7.689382e-06 1
2.237056e-05 1
1.031847e-05 1
4.854823e-06 1
3.022225e-05 2
5.447023e-06 3
2.016996e-05 1
3.830522e-06 1
1.329396e-05 1
2.181912e-06 1
9.461980e-07 1
7.607898e-06 3
2.573366e-05 1
4.121717e-05 11362
1.820362e-05 1
2.202575e-06 1
2.002427e-05 1
1.198518e-05 2105
2.811457e-05 7
1.470541e-05 2
1.139472e-06 1
4.325825e-05 135
6.939812e-06 3
1.057003e-05 1100
1.363335e-05 1
9.424534e-06 1
4.996333e-06 1
3.128673e-06 80
1.259660e-06 1
1.965287e-06 42201
3.613829e-07 5
3.681665e-06 1
8.453749e-06 1
8.248624e-06 1
2.525115e-06 1
3.691004e-06 2
1.487600e-05 1
6.024495e-06 1
6.081060e-06 2
1.841069e-05 3
1.173201e-05 1
1.368350e-06 3
1.472694e-06 7
1.116271e-05 2
3.846829e-07 1
1.601797e-06 2
8.409429e-06 5
7.572308e-06 3
8.136428e-07 1
2.191383e-05 1
4.051158e-05 1
2.122688e-05 2
1.735008e-05 6
6.757431e-06 1
1.659849e-05 1
1.801608e-05 1
6.626169e-06 1
1.748645e-06 1
3.623064e-06 2
1.607484e-06 4
1.379936e-05 1717
9.529285e-06 1
9.450439e-06 2
1.086442e-05 3
9.836536e-06 2
6.422875e-06 4
3.337407e-06 1
3.801273e-06 2
9.463640e-06 1
1.677604e-05 23
2.366809e-06 1
7.276408e-06 1
1.747214e-05 1
1.985561e-06 1
5.243634e-06 1
2.509383e-06 7
2.624871e-05 3
9.776014e-06 1
8.319997e-06 3
3.202231e-06 1
1.466408e-06 1
1.723311e-05 36107
4.300092e-05 1
1.547863e-05 5
3.112902e-06 22680
4.304692e-06 4
1.345797e-06 1
2.879664e-06 2
1.848613e-05 3
2.224816e-06 1
8.776071e-06 1
7.718856e-08 1
3.844713e-06 2
4.777490e-05 1
4.277892e-06 1
3.159236e-06 1
2.348083e-06 1
3.689630e-05 1
2.395635e-06 2
4.179360e-05 1
7.665097e-06 1
2.407382e-05 1713
1.116271e-08 1
4.005646e-07 1
2.419263e-06 1
8.440201e-07 1
1.467611e-06 3
1.674897e-05 447
1.185742e-07 1
1.162781e-05 3
4.859582e-06 1
5.544167e-06 6
1.873301e-05 2
2.123314e-05 136
8.465172e-06 1
1.693877e-05 1
1.442378e-05 1
1.581570e-05 1
2.464995e-06 1
8.519430e-07 3
5.546917e-07 1076
5.085914e-06 2009
1.076122e-06 1
7.746894e-06 1
6.957483e-07 6
2.370072e-05 3
9.651261e-06 1
3.492610e-06 114
5.944903e-07 1
6.423634e-06 1
9.301117e-06 1
9.579415e-07 2
5.316368e-06 3
4.234108e-06 2
2.166272e-05 1
1.653668e-06 960
1.337612e-05 1
3.532361e-06 10452
1.799374e-05 1
2.322582e-06 1
5.784340e-07 1
4.785669e-06 107
7.147317e-05 1
1.133195e-05 3
8.627486e-07 5
2.200724e-05 569036
1.702082e-05 72
8.385755e-07 818
2.344250e-05 3
5.762122e-06 217
3.365667e-06 53170
8.732559e-06 3
1.051823e-05 1
1.889709e-06 819
1.538645e-05 1
1.050670e-05 10
7.057812e-06 1
1.923453e-05 1
1.869067e-05 3
1.976868e-05 1
2.228931e-06 1
3.983001e-05 3
5.654958e-06 6
8.532317e-07 1
2.167331e-05 2
2.729539e-06 3
3.852805e-06 1
3.258639e-05 6
8.785510e-06 4
2.106660e-05 3
2.911228e-05 1
1.789891e-05 1
1.319102e-06 1
2.288472e-05 1
1.504113e-05 1
1.312297e-06 1
3.596337e-05 2
3.174901e-07 1
1.869601e-05 124
9.323061e-07 1
2.635711e-05 1
1.406334e-05 2
1.630905e-05 215
1.015262e-04 1
3.987471e-05 211
6.905807e-05 177
3.040732e-05 1210
1.051979e-05 1
4.364845e-06 1
2.955311e-06 1
1.051590e-06 2
1.684485e-05 3
1.263841e-05 3
1.377017e-05 2
8.908912e-06 1
2.400598e-05 3
2.416773e-06 26410
9.010818e-06 1
4.983802e-06 3
1.204495e-05 1
9.403323e-06 7
1.806810e-05 1
4.060300e-06 5
5.784780e-06 3
8.024265e-06 6
5.798197e-06 8693
1.253292e-06 1
4.961631e-06 2
3.322964e-05 7
1.011165e-05 1
4.899660e-05 1
1.905351e-05 1
2.330115e-07 1
2.991530e-05 3
1.414148e-06 1
3.987083e-06 1
8.456936e-06 1
9.762188e-06 1
4.774805e-06 1
5.751875e-06 1
4.425439e-06 1
8.604738e-07 64537
4.339935e-06 1
5.439729e-06 1
2.306969e-06 3
7.145925e-06 4355
7.350076e-06 44292
2.790565e-05 1
7.435551e-06 1
8.839126e-06 1
5.635454e-06 3
4.217007e-06 1
4.170158e-05 41713
1.023971e-06 6
6.720120e-06 1
7.240088e-06 1
2.092337e-05 10990
6.787164e-06 100
7.500705e-06 3
8.816632e-08 1
2.718450e-06 1
3.132660e-06 1
1.053125e-05 7
6.121455e-07 1
1.941836e-05 1
2.481532e-06 1586
3.156917e-06 17
6.026586e-05 1760
1.510858e-05 160
2.910591e-06 149
1.312320e-05 3
3.772463e-05 79
3.043302e-05 115
1.954811e-05 3
2.247539e-06 3
2.021682e-06 1
2.040582e-05 1
4.720324e-06 2
1.874529e-05 1
1.081061e-05 1
7.365574e-06 1
3.023158e-06 1
8.028325e-06 2
2.438844e-06 1
3.733125e-06 6
9.573542e-06 6
5.481923e-06 2
1.127808e-05 1
2.617725e-06 3
3.537009e-06 1
2.038597e-05 1
5.047429e-06 1
6.746399e-06 1373
2.333094e-05 3
4.035730e-06 1
6.589874e-06 1
1.021868e-05 6
1.345332e-06 65637
2.545562e-07 1
2.345033e-05 1
4.331623e-06 6
9.514199e-06 1
2.168152e-05 1604
2.281931e-05 2
2.763889e-06 1
4.837733e-05 6
6.320657e-06 1
8.535535e-07 1
5.863331e-06 1
3.688474e-05 21
2.752723e-05 7
3.886444e-06 1
1.208330e-05 2
3.835274e-06 2
3.626163e-06 2
9.772600e-07 1
1.481935e-06 1
1.192954e-05 7
5.756928e-06 1
1.303776e-05 280
4.424636e-05 1
1.271987e-06 2
7.700990e-06 1
2.513573e-05 452
8.323534e-06 3
6.934141e-06 1
7.417226e-06 1
7.546869e-07 4
1.700057e-05 3
7.068871e-06 1
1.979939e-05 1
6.798126e-07 22
4.202978e-06 1
2.082627e-06 1
8.433413e-07 7
5.619041e-06 17
4.406443e-05 2
1.401781e-06 1
7.685721e-06 1
2.773194e-05 61
1.732883e-06 307
8.259538e-06 1
8.796958e-06 1
1.454868e-06 206
2.348031e-05 2
1.174631e-05 5
1.790490e-05 1
3.427651e-05 3
5.567847e-06 193
2.979136e-05 99
5.531242e-06 2
3.272842e-05 2
2.544264e-05 1
9.707967e-06 1
1.755144e-05 6
4.293786e-06 2
9.455361e-06 1
1.089556e-05 608
1.444369e-05 1
1.874700e-05 1
9.454573e-06 3
1.235901e-05 2
7.600907e-07 1
4.340991e-06 2
1.852800e-05 3
5.857401e-06 157
1.346328e-05 45343
4.615893e-07 1
6.776989e-08 469
1.842315e-06 1
2.171033e-05 1
8.492718e-06 6
4.295248e-07 6
2.866364e-06 647757
3.326081e-07 1
4.317983e-06 3
2.081865e-05 1
1.497652e-07 45106
3.357400e-06 1
1.075364e-05 1
7.683722e-06 1
6.367522e-07 1
2.623738e-07 258
1.029428e-05 1
1.396280e-06 100
5.273013e-06 3
4.590672e-06 296
8.328445e-06 1
4.575414e-07 6
5.123975e-06 1
4.903080e-08 1606
7.134311e-06 1
1.558597e-05 1
1.116360e-05 5
5.251061e-05 1
5.508240e-05 1
1.676537e-05 1
1.220182e-06 18
5.543378e-06 6
4.619710e-06 1
6.829665e-06 5
2.415547e-05 1
5.205635e-06 1
1.026120e-05 2
8.249977e-06 6399
1.982166e-05 1
2.805908e-05 4
9.249480e-07 256
1.164626e-05 2045
1.990501e-05 2
2.340867e-05 1
8.924164e-07 177
3.106383e-07 1
3.830877e-06 1
4.200174e-07 3
4.731536e-05 477809
7.761190e-06 232
6.585541e-06 1
1.214391e-06 2
8.886437e-06 8009
6.188722e-06 650
1.706701e-05 1
2.508442e-06 1
1.390447e-05 1
8.041916e-06 7
6.422375e-06 2
1.668674e-05 1
6.912139e-06 1
4.307491e-06 1
7.878243e-08 4
6.710317e-07 1
2.446223e-05 1
8.548452e-06 1880
1.051880e-05 1
3.070153e-05 1
2.954044e-05 2
2.170559e-05 3
6.606638e-06 1
1.691424e-05 1
4.607984e-06 2
7.629570e-06 1
2.516959e-06 5
2.226931e-06 1
3.426441e-07 7
2.157659e-05 5
1.349882e-05 1
1.378201e-06 1
1.710157e-05 1
1.379826e-06 1
2.129961e-05 4
9.116229e-06 1
2.620169e-06 3
3.225246e-06 1
1.268826e-05 3
3.379373e-06 57
9.727398e-06 4
1.705768e-06 6
1.455705e-05 1
3.294966e-06 1
2.748174e-07 3
2.337355e-05 441
8.678933e-06 1
1.603969e-06 1
4.182037e-05 40868
1.795178e-05 1
4.041124e-07 1
1.491986e-06 1
2.608545e-06 32379
1.588157e-06 2
2.067948e-06 3
9.604653e-06 1
2.356143e-06 5
3.473566e-05 7918
1.988499e-05 6
1.065176e-05 1
2.674951e-06 3
6.061099e-05 4
8.094445e-06 1
1.088232e-05 1
1.853432e-05 3
3.165927e-06 1
5.803500e-06 1
4.676460e-06 6
1.202220e-05 1
1.119531e-06 3
8.017776e-07 3
3.312373e-05 1
1.023336e-05 1
4.190923e-05 2
2.529234e-06 7
3.361572e-05 2
3.134752e-06 1708
1.544020e-05 1
1.191742e-06 5
2.304097e-05 3
3.929834e-06 1
1.283191e-05 3
4.104350e-07 1
2.759076e-05 1
3.403679e-05 1
7.239417e-06 1
4.060754e-06 19
3.430674e-05 2
3.001468e-06 1
1.784357e-05 142
4.458316e-06 4
4.081758e-06 249
4.702837e-06 3
2.186574e-06 114
4.167266e-05 2
5.082074e-06 2023
5.114687e-06 201
8.636765e-06 1
4.921383e-06 1
2.802219e-06 1
1.293592e-05 6
1.212404e-05 1
1.887161e-05 3
1.064041e-05 937
1.593819e-05 2
1.625326e-05 1
2.139254e-05 2
1.762224e-06 1
9.835320e-06 1
7.742508e-06 1
9.568956e-06 1
1.621194e-05 1
1.144575e-06 2
1.205230e-05 1967
1.724005e-05 1
6.512860e-06 1
1.321042e-06 2
2.793539e-05 5
3.527446e-06 1
6.172593e-06 1477
1.864342e-06 7
5.387507e-06 16711
2.497616e-05 7
1.832204e-06 36
7.043573e-06 1451
9.974073e-06 7
2.299066e-05 2
1.645293e-06 1
2.038740e-05 2
2.816500e-06 816
1.075675e-05 3
4.504581e-06 2
8.037763e-06 3
4.008654e-05 1
8.701592e-06 6
7.584811e-06 1
2.479854e-05 1968
1.491316e-05 4
1.644265e-06 3
2.145627e-06 6
5.714942e-06 1
9.456391e-06 1
8.747202e-06 1
9.911041e-06 1
6.298494e-06 177
9.878765e-06 1
3.252736e-05 2
2.510640e-07 1
5.407641e-06 1
6.444269e-06 2
5.941514e-07 237
4.645766e-06 3
5.074342e-06 1
1.184040e-05 1
7.870645e-07 1
1.218694e-05 1
9.609022e-06 3
4.138748e-06 3
5.414519e-06 1
2.633104e-06 38
6.417100e-06 911
1.053314e-05 1
1.728559e-05 1
4.051667e-06 149
2.348582e-05 3
1.016355e-05 3
1.570353e-05 1
3.458664e-05 3
1.465376e-06 1
5.912669e-06 3
1.076090e-05 1
5.984309e-06 2
1.042209e-05 1
3.596640e-05 2
3.554226e-06 1
1.699172e-05 4
7.659580e-06 7
1.449268e-05 2
1.157748e-05 1
1.080010e-05 1
5.298975e-05 1579
1.649532e-05 2
1.390673e-05 78701
6.325057e-06 1
3.216453e-06 1
1.985732e-06 6
1.164743e-05 33112
3.227029e-07 1
1.060904e-05 1
2.203152e-05 1
1.012485e-05 5
6.628369e-07 1
4.734056e-07 1
2.811327e-06 2
5.262078e-06 2
2.944509e-05 1
1.910497e-05 600
1.348257e-05 43810
6.126006e-06 1
5.172601e-05 1
2.883793e-05 3
1.827261e-05 1
1.552018e-05 1
3.657775e-06 465473
1.138502e-05 3
1.472112e-05 3
8.495988e-06 3
1.454940e-05 2
1.822572e-05 218
3.133427e-05 1
1.987172e-05 1
3.212669e-06 4
2.936279e-06 3
2.062261e-05 1
3.846104e-06 1
4.480483e-06 1
1.460444e-05 2
4.098565e-06 1
5.985055e-06 1
8.356728e-06 1
1.114351e-05 1
6.337310e-08 2
8.616760e-06 1691
2.155248e-06 1
4.747205e-06 1
4.087378e-06 1
2.915536e-05 119
1.016211e-05 11743
1.934758e-05 3
7.697981e-06 1
1.629158e-05 3
3.938592e-06 1
1.011604e-05 3
1.580256e-05 1
7.115165e-07 2
2.256612e-06 1
2.500563e-05 34935
1.022297e-06 15434
1.518820e-05 1
7.681042e-06 56668
3.182350e-06 5
1.946710e-06 123
7.213714e-06 1
6.346335e-05 1
7.176144e-06 1
3.872290e-06 1
6.562921e-07 85
9.031073e-06 5
3.899782e-05 114
7.519957e-06 65
4.918353e-06 1
3.625446e-06 3
1.675574e-06 3
1.680566e-05 4
1.002789e-05 1
4.586149e-07 2
1.512373e-05 7
2.388323e-06 1
3.643371e-05 1
1.700557e-07 1
1.235564e-05 59219
1.205961e-05 1
9.735179e-07 1
7.210571e-06 1957
5.467713e-06 3
1.038799e-05 2044
2.314476e-06 615583
1.503956e-05 2
1.594069e-06 66521
2.283920e-06 1
1.185037e-05 1
6.508784e-06 146
8.131513e-06 119
2.752007e-05 2
2.924927e-05 1
1.109346e-05 1
1.699711e-06 1
2.242390e-05 1
7.586120e-06 1
1.422716e-05 1
2.814644e-05 3
3.686076e-06 219
3.451228e-06 1
1.813092e-05 3
3.330254e-06 1109
8.847396e-07 3
7.229508e-06 2
6.261649e-05 1
2.338648e-05 1
7.495165e-08 1
2.034181e-05 1
5.521404e-06 1
1.123882e-05 612
9.083060e-06 1
4.417035e-06 1
6.207465e-08 1
7.906814e-06 1
2.821497e-06 5
7.309570e-06 5
5.184840e-06 1
1.489072e-05 1
5.016117e-06 1
9.560415e-06 3
1.536611e-05 3
9.861204e-06 1
1.185995e-05 3
4.825356e-06 24
2.491290e-06 121
2.037372e-05 1
3.807372e-06 3
3.118437e-05 1
4.250520e-07 1
3.663877e-06 1
2.045257e-05 2
1.846979e-05 6
1.139491e-05 1
1.548157e-07 2
5.975317e-06 146
2.672523e-05 1
1.492605e-05 1
4.134417e-05 1
1.910499e-06 3
1.001170e-05 7
4.008149e-05 3
3.467570e-06 56466
5.385275e-06 1
9.915021e-06 3
2.561890e-05 3
1.176173e-05 267
1.082761e-06 1
5.949403e-06 1
1.984150e-05 1
2.819194e-05 5
7.167730e-06 2
2.420674e-05 1
6.356598e-07 1
3.093180e-06 1
1.740274e-05 1
1.899254e-06 3
4.434316e-08 2
1.075123e-05 1
6.154089e-07 2
3.686441e-05 3
1.223896e-06 36770
5.318889e-06 3
1.485658e-05 1
1.483913e-06 3
5.991688e-06 1
2.814388e-05 1
3.983376e-06 1
2.016922e-06 3
3.732128e-05 249
1.448118e-05 105
9.382624e-07 69
9.527056e-06 1
1.338053e-05 18124
2.906976e-06 1
4.770040e-06 3
4.846588e-08 126
1.132209e-06 2
1.707599e-05 5
7.961381e-06 1
9.059315e-07 99
6.279256e-06 5
6.901548e-06 1
2.878937e-05 3
2.484578e-06 2
3.010785e-05 24887
5.923387e-06 1
3.372524e-06 2
1.553728e-05 1
3.216210e-06 180
6.511437e-06 5
1.953539e-05 1
1.077028e-05 1
1.691790e-05 20736
5.876216e-08 521
8.587452e-07 1
5.836388e-06 3
5.653247e-06 3
3.341076e-06 2
1.149473e-05 71
1.916260e-05 3
2.039302e-06 2
1.594543e-06 2
6.550743e-06 6
6.398306e-06 45
2.436584e-06 1
1.502736e-05 1
5.167644e-06 5
3.014207e-06 1
1.549661e-05 3
1.459136e-05 1133
1.845271e-06 6
4.313501e-05 54682
8.738573e-06 638446
4.484023e-05 1
1.651975e-05 1
1.443672e-05 1
8.629527e-06 1
5.539079e-06 1
1.357565e-06 1
5.779277e-06 4
1.424351e-07 3
1.798913e-05 292107
9.025990e-05 5
4.874748e-06 7
1.199661e-05 1
2.242175e-05 3
1.466926e-05 1
6.470287e-06 137
8.750893e-06 1
8.342009e-06 222
6.259302e-06 2
1.366118e-07 108
3.923294e-06 6
1.418124e-05 537
2.455536e-06 1
3.694914e-06 3
6.857794e-06 1
3.233757e-07 6
3.232168e-07 1
3.920443e-05 1
2.845428e-06 133
1.401332e-05 1
8.623806e-07 1
1.667520e-06 3
1.124174e-05 1
2.672942e-06 1
8.133928e-06 1
5.180027e-06 2
4.620392e-05 1
1.188620e-05 6
1.943839e-05 488
1.307769e-05 1
1.150082e-05 1842
1.855987e-05 1
2.909233e-05 7
2.838096e-06 1
1.269659e-06 1
5.059732e-06 563
6.399561e-06 2
5.844237e-07 1684
1.968351e-05 5
1.277263e-05 45788
3.977020e-06 950
9.414649e-06 1
1.026424e-05 1
9.666934e-06 227
8.448029e-06 1
1.270857e-05 1
2.072958e-06 1
4.856366e-06 1
1.449000e-05 1
3.596221e-06 1
1.304463e-05 56851
1.076739e-05 1
2.076934e-05 113
7.467415e-06 1166
4.259304e-06 1
9.578226e-06 3
2.846618e-08 1
4.426082e-05 3
2.199381e-05 88
1.842768e-06 1
2.088819e-05 3
1.693176e-05 1
5.913091e-06 6
2.357993e-05 1
3.298658e-06 1
5.049514e-05 441680
1.118616e-06 147
2.324102e-06 3
3.534376e-05 4
4.188993e-06 1
1.469824e-05 5
5.034498e-08 2
3.418670e-06 1
6.161602e-06 3
1.485374e-06 3
8.055613e-06 7
1.195241e-05 7
2.029293e-07 1
2.192288e-07 1
7.970748e-06 2
2.008849e-05 1
9.869017e-06 27
8.741303e-06 1
8.566145e-06 51
3.793171e-06 1
1.659399e-06 1
7.217870e-06 258
2.440024e-05 3
5.583844e-06 19479
2.046617e-06 1
6.363793e-06 2
3.777654e-07 1
6.553464e-05 1
2.240813e-05 1
