1.116876e-04 1
2.538774e-06 3
2.417689e-05 32
3.723008e-05 1
8.248980e-05 1
5.000904e-07 2
4.520028e-06 108
2.071200e-05 2
3.385773e-06 1
6.735926e-07 1
7.444572e-06 3
2.251036e-06 3
5.294464e-05 1
6.216813e-05 1
1.496640e-04 1
3.929462e-06 1
1.650622e-05 1
1.226284e-05 1
2.320417e-05 24516
2.427906e-05 1
4.060037e-05 1
7.718927e-06 211
1.852978e-05 4
3.565572e-05 1
8.041803e-07 2
9.953886e-06 2
2.751928e-05 1
1.388712e-05 1
1.032342e-07 189
1.976557e-05 1
8.143621e-05 5
2.991998e-05 2
1.602420e-06 3
6.740021e-05 1
1.102738e-05 2
4.625916e-05 1
7.349400e-06 1
5.257950e-05 1
8.865454e-06 3
3.926022e-05 2
9.824235e-06 1624
2.941511e-05 25
5.188127e-06 1
1.812950e-05 1
3.055647e-05 3
3.102437e-06 866
2.189344e-05 1
5.970834e-05 1
7.814103e-06 1
1.999075e-05 3
1.778918e-05 70
1.114228e-05 1
2.041216e-06 32951
1.414962e-05 1140
3.226210e-06 3
1.034123e-05 1
8.700756e-06 2
3.967203e-05 3
9.868600e-06 3
1.098726e-05 5
9.336677e-06 31876
2.679874e-05 1
4.160577e-05 7
2.300187e-05 3
1.771966e-05 1
2.138500e-05 3
2.940161e-05 1
2.866412e-05 1
3.206470e-05 157
1.087632e-05 1
2.642482e-05 1
2.275832e-05 273
1.480348e-05 1
3.700475e-05 1
2.385667e-05 1
1.307639e-05 1
3.746510e-05 1
3.357437e-06 149
9.959427e-06 1
2.163333e-05 1836
6.980613e-05 4
2.423596e-06 1
9.496175e-07 83
2.201585e-05 1
1.214948e-05 3
1.239503e-05 62
6.725977e-06 2
4.287698e-05 1
9.948499e-06 1
2.518071e-05 1
1.270735e-04 1
5.736541e-05 6
2.770008e-05 1595
2.185504e-05 3
5.256599e-06 51067
4.640491e-06 187
4.743326e-05 57
1.098670e-05 1
5.792451e-05 1
7.331993e-05 1
8.083563e-05 1
2.795376e-09 1
4.495528e-05 1460
2.968999e-05 6
5.254817e-06 61
2.961206e-06 1
2.235339e-05 1
7.009322e-06 1
9.302786e-05 3
2.959787e-05 4
3.873911e-05 95
2.139798e-05 700
5.284673e-08 1
1.682726e-06 1057
2.970104e-05 213
4.880540e-07 7
1.687898e-05 1
2.425941e-05 1
6.403368e-06 2
1.299231e-05 1
3.916020e-05 1
2.190595e-05 1450
4.963802e-05 3
2.025174e-05 1
1.303198e-05 2
3.060897e-05 1
8.852861e-07 1
2.761236e-06 1
1.145577e-05 3
2.042004e-05 1
5.694119e-06 3
2.940689e-07 1
1.800312e-05 41611
9.875522e-06 1
9.325519e-06 1341
6.530746e-06 1
1.775411e-05 1
1.623031e-05 1
3.769749e-06 1
1.772836e-06 1
4.206083e-06 4
7.527607e-06 1
7.188685e-05 1
1.628228e-05 2
1.621483e-05 1
1.456633e-05 1
1.370465e-06 2
1.032454e-05 3
5.361210e-06 3
1.095432e-05 179
1.591813e-05 7
2.236239e-05 2
9.629750e-06 7
2.844392e-05 1
1.181118e-06 2
8.670918e-05 1
3.287611e-05 2
1.306244e-05 55355
2.862305e-07 1
6.958782e-06 5
4.475338e-05 5
2.866973e-06 1
1.962847e-05 1
7.170607e-05 1
1.121199e-05 1
1.783413e-05 2
2.865080e-05 185
2.222251e-05 1
2.360208e-05 4
1.059294e-04 57635
4.261796e-05 1
4.562020e-06 384263
7.556816e-05 1
1.571145e-06 1
3.436066e-07 25
2.465019e-05 1
5.115436e-07 1
2.396040e-05 1
2.236989e-05 1
3.899273e-06 1
1.373873e-05 179
8.036014e-06 1
6.437302e-06 2
6.683632e-06 1
4.621548e-06 1
1.244892e-05 46808
3.274980e-05 1
1.591486e-05 1
1.993893e-05 6
9.283017e-06 1
4.471224e-05 1588
1.947287e-05 190
5.671226e-05 1
4.052165e-06 1
2.416299e-06 1
2.932738e-05 1
1.018840e-06 7
1.665740e-06 1
5.099040e-07 1
6.910015e-06 1
1.626145e-05 1
1.176901e-05 1
5.299778e-06 3
3.927208e-05 7
8.373808e-06 2
3.777262e-05 1
3.258489e-05 1
1.216308e-05 1
7.396990e-06 5
1.822633e-05 1
4.324292e-06 1
1.470685e-06 1
1.082766e-07 1
8.955295e-06 1
4.757614e-06 3
1.087782e-05 7
6.466211e-05 3
5.704940e-06 1
2.198209e-06 6
2.938179e-06 1
8.078576e-06 1
2.766008e-06 1
3.903870e-05 572
6.954093e-06 2
4.978668e-05 1
5.476988e-06 1
3.144362e-05 1
2.235170e-05 1
2.209180e-06 1
1.061447e-05 1
3.088407e-05 131
2.254467e-05 1
2.478987e-05 1
2.006225e-05 1
8.419339e-06 1
1.233882e-05 57010
8.011284e-05 8137
1.492774e-05 22992
1.474003e-05 1
1.403591e-04 3
2.154125e-05 7
1.543527e-05 1
5.499830e-05 3
7.811020e-06 1
1.086790e-05 4
4.638477e-06 83
6.340256e-05 1
4.474917e-06 21978
8.900793e-06 1
1.294494e-05 3
3.540923e-05 1
1.542397e-05 1
2.712308e-06 1
1.317684e-05 1
3.482239e-05 6
5.982674e-06 1
3.565909e-05 46
3.769887e-05 2
2.787442e-05 1
6.092939e-06 1
7.852542e-06 1
1.536606e-05 1
4.321214e-05 1
8.523327e-06 2
2.777706e-05 1
2.328940e-05 6
2.953305e-05 1
3.295905e-06 50219
1.042101e-05 5
2.712475e-05 1
7.536205e-05 3
2.557708e-06 3
3.397175e-05 247
7.038528e-05 1
7.250665e-07 5
1.004724e-04 1
5.504606e-05 43656
2.842178e-05 2
2.781034e-06 70
1.244955e-05 1
3.476324e-05 1
8.088813e-05 1
1.510700e-05 1
7.345292e-06 5
1.896921e-05 3
2.764299e-05 1
1.849278e-05 2
4.833652e-05 131
2.647381e-06 1
4.995291e-05 3
2.141034e-06 1
6.143931e-05 1
3.925597e-05 4
2.242455e-05 7
2.851750e-06 1
6.328323e-05 2
1.227889e-05 1
3.387624e-05 1
9.423830e-06 1
7.778910e-06 3
5.622544e-05 3
9.881341e-06 1
6.798400e-05 3
1.713273e-06 1
3.336082e-05 5
1.810326e-05 1
2.789201e-05 2
1.253895e-05 1
1.544415e-05 1
9.353741e-06 1
1.559403e-05 1
4.660107e-05 189
1.251020e-05 3
3.014052e-05 2
6.322758e-06 1
8.465259e-05 1
3.074967e-06 953
5.742089e-05 7
1.252390e-05 39866
1.640737e-05 5
3.116759e-05 1
1.272440e-05 3
1.710063e-05 2
1.903431e-05 3
3.310497e-06 56
1.705801e-06 7
5.055387e-06 3
4.368310e-06 2
3.305224e-05 1
1.459087e-06 2
1.501659e-06 5
1.383525e-05 165
2.924536e-05 1
1.001881e-05 1
5.085471e-05 1
1.059365e-05 2
2.188390e-05 2
1.402603e-05 1
7.840066e-06 1
4.792479e-05 2
9.228971e-07 3
2.870002e-05 1
4.701374e-05 4
3.167263e-05 1
3.332279e-06 259
1.681750e-07 1
5.750345e-06 350
8.880808e-06 1
4.574629e-06 1
2.423102e-05 5
5.858702e-05 178
1.915037e-06 61
4.380886e-05 1
7.386731e-05 1
8.977270e-06 2
2.231112e-05 1
4.400774e-06 133
9.839383e-06 5
3.447094e-06 130
6.601658e-05 1
1.413220e-06 491
2.959471e-06 3
4.182672e-06 1
3.605005e-05 1
2.093600e-06 3
3.336663e-05 2
1.573661e-05 21438
3.958978e-05 55
3.019072e-05 3
2.006858e-05 3
2.964364e-05 1
9.087540e-06 1
5.235520e-05 1
5.262618e-06 1
2.826304e-05 984
1.734997e-06 3
2.030120e-06 34
5.992118e-05 3
2.018854e-05 1
2.089224e-05 246
2.326583e-05 4
1.280269e-05 1
1.103561e-07 7
2.029434e-05 1
7.969129e-06 1
7.304091e-05 1
3.414808e-05 1
4.174096e-06 2
6.434752e-06 1
2.514329e-06 234
6.073861e-05 1337
2.987712e-06 3
7.474747e-05 1
3.521045e-05 1
2.583177e-05 1
4.792420e-06 155
8.251790e-05 180
1.863624e-05 180
5.256527e-05 2
1.090615e-05 2
2.359363e-05 1
2.794049e-05 1
7.636314e-07 1
1.752172e-05 12499
4.465891e-05 1
1.516631e-05 2
1.170655e-05 1
8.752300e-06 1268
1.076333e-05 2
2.291114e-05 2
7.238082e-06 3
2.812563e-06 1
4.545873e-05 229
2.876114e-05 1
4.109174e-05 1
5.880284e-06 1
2.001225e-05 1
2.729904e-05 1
1.379865e-05 1
1.387242e-05 3
1.945656e-05 1
7.183502e-06 101
1.473280e-05 3
5.235737e-06 53691
5.064403e-05 2
5.343368e-06 5
3.719755e-06 1
1.724370e-05 1
1.329104e-05 242
2.717121e-07 1
1.557948e-06 1
5.876904e-06 1
2.553410e-05 1
3.749455e-05 2
6.650155e-05 6
4.836779e-06 3
2.500989e-07 1
9.691412e-06 74
5.373183e-06 1
1.260145e-04 1
1.789238e-05 1
1.616829e-05 1
1.150797e-05 6
2.989997e-05 1
1.776132e-05 1
3.190326e-07 3
2.730607e-05 7
2.620552e-05 1
3.796399e-05 1
3.145204e-05 7
1.003894e-05 1
4.031593e-05 3
3.867934e-05 1
7.193723e-06 390089
1.017060e-05 6
1.697063e-05 1819
5.293391e-05 1
6.448032e-06 33
8.969347e-05 1
1.117238e-05 2
4.068680e-06 4
3.534583e-06 111
1.367888e-05 1
1.201231e-05 1
7.761389e-06 2
1.490441e-05 4
2.561236e-05 1
7.460370e-06 1605
2.525249e-05 2
5.908521e-06 138
3.113894e-05 1
5.683237e-05 2
1.662265e-05 212
8.762385e-06 2
7.136274e-05 1
1.889055e-05 1
3.400460e-05 1
1.679563e-05 4
8.901203e-06 1
1.511687e-07 1
3.595230e-06 1
5.339786e-05 1
2.745409e-05 3
5.460705e-05 1
2.003934e-05 3
1.787803e-06 1
9.307358e-06 3
5.504247e-05 2
8.505535e-06 5
8.493207e-06 1
1.456926e-05 64
8.021068e-06 7
2.327970e-05 1
1.530459e-05 69
1.125634e-05 1
2.621117e-05 1
2.840158e-05 1
2.465026e-06 1
2.556663e-05 14
2.414893e-05 1
7.076339e-06 2
6.338902e-06 1
5.998640e-06 1
1.159245e-05 1
3.907706e-05 1
1.285461e-05 1
5.267165e-05 1
4.550375e-05 3
3.246130e-06 1
8.163190e-06 1
3.418961e-05 1
8.809766e-06 1
3.215825e-05 1
3.706310e-05 5
5.091192e-06 7395
3.561148e-06 1
4.959059e-05 1
1.725558e-05 32423
3.858016e-05 1
4.719978e-06 2
1.107441e-05 3
7.991791e-05 2
6.861414e-05 9
7.464227e-05 250
5.463424e-05 5
3.505054e-06 1
4.354092e-06 1
2.414752e-05 1389
2.518708e-05 1562
1.494990e-05 3
6.220124e-06 1
8.259767e-06 1
1.670518e-05 1
8.036192e-06 1
2.615349e-05 7
1.330367e-05 1
2.687317e-05 4
4.096962e-05 97
1.790443e-05 3
9.394196e-06 4
3.685341e-06 3
2.383187e-06 1
2.331877e-05 1
6.693195e-06 6
4.253702e-05 32251
3.061975e-05 1
2.924700e-05 3
1.096724e-06 1
3.701737e-05 1
3.898185e-07 1
1.225512e-05 4
6.455080e-05 7
1.697805e-05 7
5.234719e-06 342
4.538797e-05 28413
6.311875e-05 7
3.616759e-06 197
9.442456e-06 1
7.019793e-06 3
2.021155e-05 1
1.138496e-04 1
1.784894e-06 1
2.461836e-06 2
1.860614e-05 1
3.137061e-05 3
3.000812e-06 1
1.231127e-05 7
9.538240e-05 4
7.042506e-06 3
1.085402e-05 719
1.959896e-05 1
2.034680e-05 6
6.302885e-06 61
6.648286e-05 3
5.105937e-05 153
2.395775e-06 1
6.712659e-06 1
7.775853e-06 1
1.377198e-05 7
2.540895e-06 1
2.657174e-05 1
1.203157e-05 1
6.924937e-06 1
1.743283e-05 1
1.909186e-05 1
1.695727e-05 370
1.201164e-05 4
7.539778e-06 1
2.957286e-05 1
9.984742e-06 1
2.496399e-05 170
1.782295e-05 2
6.645519e-05 1
1.046784e-04 4
9.981753e-06 129
4.065610e-06 1
2.252586e-05 2
1.248414e-05 5
2.046803e-05 64755
5.960374e-06 1
3.687733e-05 5
1.219015e-05 1
1.181699e-06 27
2.012431e-06 2
3.719651e-08 1
2.981192e-05 3
3.043030e-07 243
5.113748e-06 1
8.029973e-06 1
4.361002e-06 1
1.886358e-05 3
2.697355e-05 1
3.853197e-05 1
7.715674e-06 2
8.328938e-06 1
5.323526e-06 1
1.281214e-05 1
2.448916e-05 1
5.946041e-06 1
1.323018e-05 1
1.918758e-05 1088
1.566244e-05 1
6.304688e-05 1
1.353096e-05 7
4.044768e-05 6
2.493671e-06 3
8.357555e-05 2
1.614619e-05 1
6.183931e-05 11
5.756835e-06 1
6.401533e-06 1
1.976116e-06 2
1.668452e-06 6
6.149068e-05 3
2.472668e-05 1
9.485552e-07 1
5.680184e-05 1
3.238520e-06 1
5.924688e-06 1
5.328818e-05 6
6.753453e-05 1
3.447175e-06 1262
3.368527e-05 2
8.814418e-05 1
3.212469e-05 1
2.389056e-05 1
3.206087e-06 1
1.631478e-05 43
1.018763e-05 3
3.896118e-05 1
4.847103e-05 1
5.708729e-05 1
1.131774e-04 262
1.376294e-05 1
1.213525e-07 5
2.006906e-05 1
2.056764e-05 1
1.286828e-07 62584
3.698192e-05 2024
2.749398e-05 1
2.003747e-05 232
5.642683e-06 1
3.341352e-06 3
1.883174e-05 1
2.446017e-05 1
2.841481e-05 1
2.625686e-06 2
3.363386e-05 2
5.879877e-06 5
3.568385e-05 1
8.060101e-06 1
2.482586e-06 2
3.465616e-06 2
1.312954e-05 2
2.064588e-06 29584
9.434334e-06 2
5.599919e-06 1
1.101540e-05 3
3.208154e-06 2007
3.117564e-05 1
1.190840e-05 6
6.675828e-06 1
1.077596e-04 1
4.832074e-05 1290
3.120135e-05 213
8.213771e-06 3
1.314680e-05 1
5.449620e-05 1772
1.974529e-05 1690
4.712762e-05 3
1.029533e-05 1
4.375408e-05 1
6.445184e-06 1
1.102168e-04 1
2.387740e-06 1
1.614338e-05 5
7.452343e-05 6
2.119204e-06 6
4.493715e-06 1
5.992939e-05 1
4.438953e-06 1
1.810605e-06 1
7.254863e-05 2
2.665567e-05 1
2.736538e-05 1
1.719863e-05 1
4.641530e-06 1
2.421580e-05 31318
3.774941e-05 1
3.681413e-05 88
3.602251e-05 2
1.719550e-06 1
2.222574e-05 1
1.341860e-06 1
1.232108e-05 1
1.076394e-05 2
4.876928e-06 2
5.791377e-06 7
8.625306e-05 51
1.155142e-06 1
5.271876e-06 1
6.070555e-05 33261
4.241977e-06 2
4.737673e-05 1
3.028257e-05 4
1.746381e-05 1
2.821167e-05 3
1.478105e-06 1
1.085672e-05 713
4.473207e-05 1
3.261602e-06 7
7.975079e-06 1
1.907443e-06 1781
1.221331e-06 3
4.583128e-05 3
1.401626e-04 1
5.045101e-06 1
5.859756e-05 3
2.477502e-06 1
5.970646e-05 1
3.360265e-05 5
2.878965e-05 4
1.599535e-05 1
2.772598e-05 1
2.745831e-06 3
6.435763e-06 1
3.937210e-06 1
1.487949e-05 1
2.882941e-05 1
2.895421e-06 148
1.599383e-05 1
2.921097e-05 1
1.612022e-05 3
8.155428e-05 1
1.236240e-05 1
4.993348e-06 1
4.174908e-05 52666
1.822300e-05 1
9.693371e-06 1
2.044723e-05 2095
3.460580e-06 127
1.966777e-06 1
3.906145e-05 1
8.206007e-06 1
2.055815e-05 1
1.366295e-05 1
4.231511e-05 3
2.387964e-05 5
7.454171e-06 1
2.430447e-05 6
2.264342e-05 1
1.223465e-05 1
1.527694e-05 2
2.567386e-05 6
9.106945e-06 1
8.362407e-06 3
1.817754e-05 1
2.552363e-05 1
2.624777e-05 2
8.684507e-05 1
1.851563e-05 194
1.400954e-04 3
4.891220e-05 2
2.725319e-05 1
8.735054e-06 2
1.660425e-05 4
1.271925e-05 3
3.858067e-06 2
1.871860e-05 365
1.945491e-05 1
7.465754e-06 1
1.155594e-05 630
1.780111e-05 69
4.929546e-06 23
1.050583e-05 3
1.565191e-06 1
2.941084e-05 1
8.435772e-06 2
1.449576e-05 1
9.415291e-05 1
7.290983e-06 81
4.162927e-06 5
2.327969e-05 1
5.251947e-05 1
3.547218e-05 5
6.439873e-06 138
3.358891e-06 45
4.090324e-05 2
4.318320e-05 1
2.552975e-05 1
7.156088e-05 3
5.699228e-06 1
1.071744e-05 4
5.469027e-06 3
4.001993e-06 1
1.284703e-05 822
7.245601e-05 54311
5.986328e-05 1
9.005133e-06 2
2.416418e-05 1
6.100421e-05 1
2.220164e-05 1
1.900278e-05 1
1.216701e-05 1
3.121208e-05 2
5.206662e-05 1
9.445077e-06 219
3.188473e-06 1
3.443665e-06 1
1.495523e-05 3
1.361284e-05 1
9.954559e-08 1
3.664085e-05 9540
5.181329e-05 6
1.305825e-05 1
1.921753e-06 1
1.247293e-04 140
6.858449e-06 1
1.406265e-05 1
2.869127e-05 3
3.640819e-05 1
2.995787e-05 2
1.096771e-05 73
6.213680e-05 3
1.615704e-05 1
9.067682e-06 7
8.783864e-05 1
3.535707e-05 4
7.214553e-05 1
2.854583e-05 4
3.709620e-05 1
1.491406e-05 1
1.837389e-05 1
2.312652e-05 1
5.670292e-06 5
2.182418e-05 1
6.748988e-06 1
4.426999e-05 1
1.347705e-05 1
3.069148e-05 1
3.270521e-05 1
7.622261e-07 2
1.470123e-05 3
6.797324e-06 2
2.583913e-05 1
2.923375e-05 1
1.318084e-05 1607
4.838173e-05 1
1.168661e-05 65
6.985995e-05 201
1.204148e-06 1
5.379880e-06 1
8.151800e-06 1
1.988712e-05 1
1.402891e-05 1
4.018951e-05 1
2.976042e-06 1
5.301403e-06 5
1.072338e-05 2
6.945768e-05 4
5.430711e-06 233
4.119784e-05 1
2.938286e-06 138
3.564510e-06 13659
3.392557e-05 1
3.987471e-05 1
3.482905e-05 1
2.266624e-06 1
1.268413e-05 1
1.830979e-06 562
7.021248e-06 3
1.219262e-05 2
5.027402e-06 107
2.216139e-06 1
1.497252e-05 1
3.665767e-05 2
8.258063e-05 1
2.845557e-05 8396
7.760155e-05 1
5.437330e-05 65
1.858324e-06 2
4.417351e-05 2
4.066065e-07 19267
3.952791e-06 20
2.671572e-05 1
3.911854e-05 181
2.541601e-05 27
6.694928e-05 3
2.417477e-05 1
8.746824e-06 30440
7.274739e-06 1
2.698626e-05 209
4.883671e-06 5
3.449499e-05 112
1.862944e-05 2
3.643918e-06 1
2.999349e-05 1
1.264717e-05 1
2.254058e-06 6
1.649489e-06 1
8.418088e-06 1
3.987043e-05 1
5.060208e-05 1
5.873873e-06 1
1.053941e-05 1
1.015080e-05 6
3.647276e-06 1
9.000734e-06 658
9.856217e-05 1
1.044577e-04 179
3.161636e-05 1
9.626977e-05 889
2.795089e-05 1
6.256356e-06 2
3.802474e-06 1
2.086402e-05 3
1.313332e-07 7
4.378817e-05 1
3.001226e-05 1
1.151573e-05 1
4.561705e-05 1
6.981932e-06 35442
4.161970e-06 1
9.408862e-06 1
3.381145e-05 3
1.036193e-05 1
1.617303e-05 7
5.694540e-06 1
1.952871e-05 1
2.833247e-05 1
1.479929e-05 1
9.146982e-06 5
2.704413e-05 1
3.764622e-05 1
1.524984e-05 1
2.504561e-05 1
1.540015e-05 1
1.449100e-05 1
9.712766e-06 1
1.866478e-05 4
4.480945e-06 3
4.002326e-05 1
1.396487e-05 147
4.192697e-06 2
3.848483e-05 6
1.050243e-05 2
2.154396e-05 1
2.615088e-05 1
1.596269e-05 113099
7.353688e-05 1
6.327750e-05 1
6.047678e-05 36
8.331955e-07 1
4.640849e-06 1
1.621308e-06 6
5.537482e-05 2
2.441101e-05 1
2.058693e-05 1
1.689811e-05 7
3.588336e-05 5
2.242319e-05 6288
1.517764e-05 3
3.855089e-05 1
3.386127e-05 41829
2.435417e-05 1126
8.522243e-07 2
2.669261e-06 1
2.541241e-05 30704
1.229584e-05 1
9.082047e-05 6
1.613087e-06 132
1.897515e-05 1
2.502926e-05 1
7.998555e-06 3
1.113345e-05 42826
5.792904e-07 3
4.517943e-06 4
8.261881e-05 3
1.848309e-05 1
8.128215e-05 1
1.981308e-04 1
2.089786e-05 1
4.531467e-05 3
3.057210e-05 152
3.670849e-05 1
7.843892e-06 65647
2.246927e-05 192
4.779997e-06 262
7.542169e-05 1
7.057974e-06 2
3.847433e-05 2
4.807029e-09 3
6.614989e-05 1
4.945654e-06 1
2.089374e-05 38
6.647173e-05 1
5.523796e-06 2
1.058916e-04 3
4.962234e-08 1
8.692288e-06 36361
1.998902e-06 2
8.722759e-06 1
3.221429e-05 1
1.400247e-05 1
5.826257e-06 1
6.242351e-06 73
4.898832e-05 1
2.259146e-05 1
3.234064e-05 139
3.168858e-05 61432
8.298529e-06 3
1.186453e-05 1
2.112198e-05 1
5.708491e-06 1939
6.155684e-07 3
3.656613e-05 1
3.420885e-05 1
3.206856e-05 3
3.127293e-05 6
5.015293e-07 1
1.147722e-05 1
8.102119e-06 3
1.008234e-05 1
9.630892e-07 2029
3.947903e-05 1
1.836989e-05 1
1.830331e-05 4
2.382306e-06 1
5.097107e-06 2
1.888527e-05 151
4.251341e-05 239
8.518109e-05 3
1.650758e-06 1
3.905939e-07 1
1.519965e-05 1
2.139129e-05 1
8.167877e-08 1
7.384956e-06 1
4.929807e-06 23
2.592765e-05 1
2.375916e-05 1
4.816564e-05 1
4.971270e-06 6
2.320406e-05 1
2.906288e-06 1
2.017072e-06 1
1.769871e-05 1
1.713065e-05 1
1.344417e-04 234
2.659633e-05 1
1.143839e-05 13186
2.024711e-06 1
6.120464e-05 5
5.969380e-05 1
2.519704e-05 3
2.273916e-06 1
8.878990e-06 1
2.795480e-05 1
4.726945e-05 52185
6.135701e-05 25739
2.029901e-05 1
1.561665e-05 1
3.244693e-05 1
2.392107e-05 159
2.179622e-05 1
3.913894e-05 76
2.610418e-05 1
1.597131e-04 1
2.347020e-05 1
3.535349e-05 63
4.341324e-06 1
2.626981e-06 6
5.940572e-05 1703
1.470059e-05 3
7.500758e-05 1
1.480849e-05 2
1.760594e-05 6237
1.137561e-05 1
2.824058e-07 1
4.828489e-07 1
1.674321e-05 6856
6.377332e-06 1
2.545563e-05 128
6.691147e-07 3
1.188568e-07 5
1.034123e-05 4
4.431629e-05 2
3.305527e-05 2
8.509762e-05 3
1.488966e-06 1
2.816103e-06 1
4.016897e-05 1
3.138782e-05 1
1.156407e-05 1
2.144730e-05 1
1.109716e-05 261
4.145119e-05 4
4.407192e-06 1
3.204714e-05 3
2.711554e-05 95
4.765046e-06 3
1.860153e-05 4
1.430239e-06 57813
1.042463e-04 2
1.860313e-05 2
3.719825e-05 1
3.005543e-05 3
3.396141e-05 1
2.149398e-05 4
3.221100e-05 1
2.429404e-05 1
1.777711e-05 1
2.823424e-05 3
5.146885e-05 1
9.375075e-06 1
3.453956e-05 214
1.392160e-05 1
7.924959e-05 12612
3.191095e-05 7
9.532705e-06 3
2.244077e-05 1
9.015526e-06 84
7.201382e-05 7
9.825510e-06 1
8.159330e-06 1
3.208910e-05 1
2.172308e-05 3
2.808676e-05 1
1.296605e-05 1
3.369824e-05 3
2.166416e-05 1
2.895195e-06 1
1.503037e-05 105
2.970709e-06 2
3.716033e-05 1
1.664288e-05 1
1.541510e-05 1
8.315157e-06 3
9.841374e-05 3
4.077123e-08 1
2.968691e-05 3
3.450270e-05 2
5.145616e-06 1
9.136294e-06 1
5.953125e-05 262
4.883604e-05 1
2.971006e-05 1
1.738418e-05 119
1.539496e-05 1
3.074393e-05 3
1.384125e-05 60
3.243112e-05 1
6.170733e-05 3
2.523458e-06 1
4.580870e-07 4
3.807740e-05 5
1.321355e-05 1
1.098354e-05 1
5.510754e-05 1
3.285200e-06 61
4.527674e-05 3
9.317036e-06 1
1.061073e-05 2
2.042472e-05 1
2.694625e-05 1
3.112763e-05 19900
5.116137e-06 89
1.620096e-05 1
5.363480e-05 5
2.042392e-05 1
1.137002e-05 1
1.308348e-05 334
6.639749e-06 1
2.118388e-05 1
1.168496e-05 1
4.072674e-05 4
1.457859e-07 2
5.281293e-06 1
2.324344e-06 5
1.053260e-05 1
6.830325e-05 6
3.308102e-05 4
2.920496e-05 1
1.657263e-05 1
6.664031e-06 1
3.686875e-07 3
3.171187e-05 3
1.720002e-05 1
6.483807e-06 1
3.401410e-05 1
1.317293e-05 7
1.737776e-06 1
3.644092e-05 1
4.063767e-05 1
9.482774e-06 1
4.175060e-05 1
1.758407e-05 4
4.139577e-06 2
1.256112e-05 36451
1.169946e-05 1
3.547299e-05 1
6.086257e-05 1
4.444572e-05 1
8.891445e-05 1
2.685798e-05 1
2.858102e-05 1
2.691624e-05 7
1.608315e-05 58373
3.035136e-05 3
6.365449e-06 1
7.192885e-05 1
1.241800e-05 1
8.662549e-06 1
5.828081e-06 1
3.690643e-05 65438
1.538132e-05 267
1.035237e-05 2
2.206690e-05 1
2.356086e-06 1
1.721922e-07 172
1.223137e-05 1
1.315245e-05 3
7.417804e-05 1
4.835841e-06 146
2.617326e-05 2
2.860560e-07 1
6.425835e-05 1
6.626232e-05 1
5.636418e-06 1
4.882751e-05 1
6.717808e-05 1309
3.499855e-05 4
7.391809e-05 1
2.548517e-05 2
4.245599e-05 1
2.725036e-05 1
2.628967e-05 3
2.355712e-05 2
1.942496e-05 1
5.385706e-05 5
2.882260e-05 2
4.306683e-08 7
6.071199e-05 6
9.228128e-06 1
6.690990e-06 1
1.133041e-05 1
3.526842e-05 172
8.880078e-05 1
2.778805e-05 1
1.156055e-05 1
4.562620e-05 1
2.806089e-05 1
2.363763e-05 4
2.800124e-05 2
1.768631e-05 3
2.294947e-05 39453
1.631260e-05 1
1.184975e-06 1
1.456693e-04 1
6.825197e-06 1
5.693197e-05 16636
1.471368e-05 5
1.147547e-05 1
3.570198e-05 40978
1.904232e-05 1319
3.870233e-05 3
7.868416e-07 1
2.428720e-06 46
3.277996e-06 1
3.939430e-06 1
1.069039e-04 2
3.904304e-05 1
6.254210e-05 6
4.047815e-05 2
1.586368e-05 3
4.373419e-05 2
1.543969e-05 2
3.554438e-05 3
1.094786e-05 5
1.192706e-05 31039
3.853210e-05 526869
2.097214e-05 30
1.059237e-05 1
1.756728e-05 2
7.229489e-06 197
3.501851e-05 1
2.579682e-06 4
8.324464e-06 1
3.442739e-05 21160
1.355684e-05 407924
2.361159e-06 1
2.295018e-05 3
3.366409e-06 1
7.041592e-07 1
3.834088e-05 3
4.872158e-06 1
3.532819e-05 2
1.672716e-05 1
4.136356e-06 1
2.051483e-05 522
3.963217e-05 5
2.815155e-06 1
2.327329e-05 1
7.729137e-06 1
2.385401e-05 2
5.168893e-05 1
2.760335e-05 265
3.105589e-05 1
5.133059e-05 41
1.027815e-05 1
1.297708e-05 80
1.509167e-05 2
2.824548e-05 1
3.664149e-06 2
1.119425e-05 38
1.864945e-05 1
1.189752e-05 5
2.422178e-05 5
6.957110e-05 1
9.818751e-06 156
1.179496e-05 152
1.762923e-06 1
9.658644e-07 1
3.857250e-06 3
3.101730e-05 1
3.004832e-05 1
6.196491e-06 1
8.976039e-05 1
4.882990e-05 3
1.695738e-05 2
6.193459e-05 3
5.994554e-06 1
1.723015e-05 1
3.570800e-05 252
6.040000e-06 2
4.431638e-05 1
5.081083e-06 1
3.148311e-05 2
1.016372e-05 1
5.267820e-05 1
2.958113e-05 117
3.429814e-05 1
2.138229e-05 2
7.173242e-06 1
1.837503e-06 2013
1.082522e-05 1
3.273322e-05 1
7.329192e-06 59706
4.341612e-05 1
1.301273e-05 75
6.608450e-06 1
2.436532e-06 1
1.471623e-04 24978
2.069260e-05 163
1.328018e-05 1
6.216121e-05 1
5.150388e-05 1
1.526105e-07 1
9.252988e-06 2
7.998588e-05 4
2.342713e-05 101
2.797901e-06 1
1.608331e-05 446
1.805392e-04 10
7.868713e-06 1
6.122496e-06 1
2.716846e-05 1
5.140489e-05 1
2.830630e-05 1
4.359368e-06 2
1.583908e-05 13228
2.623035e-05 1
3.986429e-05 1
3.198877e-05 1
3.067759e-05 1471
7.198227e-05 1
6.381854e-06 1
3.623854e-06 1
5.723832e-07 1
4.983194e-05 66239
3.119600e-05 1
1.319727e-05 3
1.913450e-05 4
7.412752e-06 2
9.408976e-06 1
2.351607e-05 1
2.735976e-05 1
7.810634e-05 1
1.700203e-06 1
6.481159e-05 1
2.740500e-05 448
2.717809e-05 1
2.806791e-05 26615
6.595766e-06 213
1.045048e-05 1
8.479645e-06 1
1.061897e-05 2
1.034433e-05 7
2.656598e-05 5
7.884613e-05 1
6.763968e-06 3
2.015561e-05 1
1.235807e-06 118
4.369887e-06 1
7.059898e-05 1
2.490511e-05 1
2.710225e-06 1
7.569353e-06 6
7.169187e-07 1
9.897905e-06 1
3.934640e-05 54840
9.523672e-06 1
6.199830e-05 1
2.756765e-05 60
1.091034e-07 2
6.692366e-06 1
1.348503e-05 1
1.154138e-05 191
3.614025e-05 1
3.886207e-05 2
4.073899e-06 202
3.893415e-05 3
4.343775e-06 1
8.020064e-06 1
5.980803e-06 4
1.130716e-04 3
1.789699e-05 162
5.172510e-06 521
2.403816e-06 1
1.978252e-05 52
3.768009e-05 6
4.322277e-06 1
3.865992e-05 3
1.190247e-05 6
6.735455e-06 1
6.671577e-05 244
4.902009e-06 1
1.488444e-05 1
1.216279e-05 1
4.039648e-06 1
1.479244e-04 6
1.969724e-05 165
4.998068e-06 1
2.407832e-05 3
2.820428e-06 2
8.999668e-06 1
4.954906e-06 1
4.311316e-07 2
3.179645e-06 1
1.871250e-05 1
4.147323e-06 2
1.970831e-05 275
1.530675e-05 69
5.083267e-05 1
7.657350e-07 1
3.014202e-05 2
1.467322e-06 1
3.783982e-05 1
2.219099e-05 1
1.150412e-05 1
1.323663e-05 1
1.336619e-05 6
1.119918e-05 1
3.272615e-05 3
3.945047e-05 1
2.130945e-05 10541
1.507602e-05 1
6.729890e-06 2071
2.554307e-06 1
6.436810e-05 1
2.673126e-05 1
3.688259e-05 3
2.858256e-05 1
2.605118e-06 1
5.322110e-05 263974
7.626692e-06 1
3.524789e-05 3
3.467921e-05 2
3.948596e-06 1
7.139888e-05 5
7.081501e-06 1
1.554173e-05 3
3.417716e-05 1
1.969890e-05 7
7.340556e-05 1
3.349076e-06 1
1.354969e-07 1
1.317868e-05 1
2.916613e-05 1
4.473723e-05 2
5.766944e-06 5
2.880833e-06 42966
7.920764e-06 174
2.957273e-05 1
9.057118e-06 1
9.833656e-06 3
1.212209e-05 1
2.453119e-05 1
1.897719e-05 3
3.191987e-05 62
3.798811e-05 236
3.033360e-05 1
9.857953e-05 6
1.740247e-05 3
3.957005e-06 19
6.602833e-05 150
1.741498e-06 7
6.842339e-06 1
3.898359e-05 1
1.942290e-05 91
7.042618e-06 128
9.892084e-06 144
7.798544e-06 196
3.255045e-05 2
2.091206e-05 1
4.645547e-05 1
6.040764e-06 8
2.343498e-07 2
2.123863e-06 1067
1.066968e-05 1
3.946002e-05 3
1.286842e-05 96
3.128308e-05 894
3.779552e-06 1
1.076113e-05 1
1.354651e-05 1
4.696194e-05 1
1.916895e-05 1
5.408591e-07 7
1.798676e-05 2
1.962481e-05 1
5.502361e-06 1
6.914756e-06 1
1.014879e-04 84
1.648005e-05 1
2.673864e-06 1
1.932784e-05 102
6.061337e-06 7
5.075822e-06 1
4.084338e-07 3
5.068002e-06 1
1.763402e-05 1
3.561892e-05 1
1.756526e-06 7
1.150825e-05 2
2.685061e-06 1
9.821399e-06 1
1.929646e-05 2
3.423954e-05 27964
1.389542e-05 53
3.062714e-05 3
4.618129e-06 1
4.992688e-05 1
8.913477e-06 3
4.415197e-05 1
4.251755e-06 1
7.006450e-05 1
3.850444e-05 107
2.769868e-05 1
2.844867e-05 2
8.452014e-06 2
2.026483e-05 1
1.415444e-05 3
1.303620e-05 1
5.497858e-06 3
1.660931e-05 1
6.736596e-05 29996
9.504841e-05 1
1.651859e-05 1
1.161539e-05 1
7.219920e-05 1
9.332281e-06 1
4.267225e-06 1
4.287910e-06 1
4.073873e-06 1
6.913644e-06 1
3.358844e-05 1772
4.276789e-05 1
1.993891e-05 3
3.755530e-06 5
1.972374e-05 2
6.199794e-05 1
1.011710e-06 3
6.764216e-07 1
4.195514e-06 2
7.712864e-05 1
2.114818e-05 1
6.438442e-05 1
1.426945e-05 1
4.234793e-06 1
5.595923e-05 1
5.162178e-05 1
5.905207e-06 1
7.076859e-06 1
1.764000e-05 1
5.346527e-06 1
1.606726e-05 3
6.758954e-06 1
3.066152e-06 1
2.221375e-05 2
1.439508e-05 6
6.007810e-05 252
2.234208e-06 1
2.346135e-05 345074
1.245640e-05 2
2.193460e-05 1
1.843542e-06 1
2.744803e-05 1
8.101807e-06 245
3.110212e-05 4
8.370535e-06 4
5.629037e-06 89
1.993260e-05 1402
5.612728e-05 1
1.941571e-06 2
1.408839e-05 1
3.445070e-05 1
3.469319e-05 1
3.391383e-05 2
6.465980e-05 171
6.787397e-05 1
4.255911e-06 164
7.170720e-05 1
1.513501e-05 1
9.808694e-07 3
4.961743e-06 2
4.654665e-05 1
3.762129e-05 1
2.818603e-05 3
2.340763e-05 6
7.679355e-07 1233
8.030986e-06 3
1.714837e-05 147
2.227982e-05 1
3.668447e-05 1
3.286007e-06 2
2.383119e-05 1
2.179720e-06 2
2.358002e-05 650
3.481618e-06 1
7.216593e-06 1
3.377486e-05 2
1.442494e-05 187
1.615522e-05 3
8.407410e-06 87
8.952530e-06 2
1.227455e-04 37412
2.614750e-06 4
7.449901e-05 43
1.020440e-04 5
1.971839e-05 5
1.753694e-05 7
8.086820e-06 1
1.756620e-06 1
2.709326e-05 1
3.329089e-05 1
2.431224e-05 20
3.058863e-05 151
1.243160e-05 1
6.864551e-06 1
3.236746e-05 137
3.903116e-05 7
1.716590e-05 2
2.103787e-05 1
3.518324e-05 177
6.406918e-05 2
2.327174e-05 219
4.660723e-05 3
2.848063e-06 1
2.080850e-05 3
6.755136e-06 2
4.713277e-05 1
3.263819e-05 1
4.308441e-07 4
5.480497e-06 1
1.097265e-05 58606
1.023890e-05 3
2.230762e-05 3
2.869739e-06 44525
1.773313e-05 3
3.612570e-05 1
1.108964e-05 1
2.044800e-05 7
1.681847e-05 1
4.244360e-05 1
1.579754e-05 1
6.217372e-05 1
4.847456e-06 1
4.917451e-05 2
7.040121e-08 198
2.084354e-05 1
8.549025e-06 1
7.802681e-06 4
2.004511e-06 1
1.203282e-05 3
4.916199e-05 1
4.307914e-06 1
3.208594e-05 2
1.451325e-05 4
8.369816e-06 197
2.679623e-06 6573
3.326033e-05 7
1.864506e-05 1
2.955292e-05 1
5.059742e-05 1
2.226769e-05 1
9.037715e-06 1
1.021010e-05 1
1.946808e-05 1
4.185468e-05 1
2.546355e-05 231
2.356893e-06 52229
5.271057e-05 1
1.030274e-06 1
2.297247e-06 180
3.816310e-06 3
8.952481e-06 1
7.163354e-05 2
5.799616e-05 1
6.267518e-06 2
2.696953e-05 1
4.072388e-06 3
2.519213e-05 151
2.864990e-05 7
2.605278e-05 523
6.387920e-05 2026
4.207625e-05 1
1.264657e-05 2
5.536410e-06 1
1.335644e-05 1
2.039502e-05 1
5.957647e-07 1
5.551325e-06 3
1.051572e-05 2
3.562558e-05 2
1.270687e-05 1
6.343544e-05 3112
1.930726e-05 2
5.738463e-05 2
1.846045e-05 6
7.386669e-05 44639
2.885751e-05 5
1.397772e-05 1
1.564300e-05 25
1.805737e-05 3
1.118233e-05 1
2.842367e-05 1
6.518949e-05 1729
1.936695e-05 6
1.056639e-04 2
1.140957e-05 3
2.929347e-06 36
7.413433e-06 1
4.948317e-06 3
2.290155e-05 1
1.790502e-05 1
2.229432e-05 4
2.960784e-05 1
2.869282e-05 1
4.497654e-05 2
3.694020e-05 4
2.655295e-05 1
1.152110e-05 1
7.508012e-05 36742
3.074789e-05 3
2.507313e-05 3
1.147759e-05 97
1.117637e-06 1497
4.422722e-06 2
1.199959e-04 1
2.540388e-05 1
1.372044e-05 1989
4.818903e-07 1
1.006717e-07 2396
3.346905e-05 2
3.321470e-05 3
4.251285e-06 1
1.560649e-05 1315
4.273577e-06 1
2.161118e-05 1867
4.964610e-05 1
3.168288e-05 1
1.391137e-05 3
2.399082e-06 1
3.531449e-05 1
1.565017e-05 1
1.592977e-05 1
2.150800e-05 2
1.781669e-05 2
1.210271e-05 1
1.052390e-05 1
2.422251e-05 3
2.832858e-05 2
5.607861e-05 1
1.017454e-05 1
1.400958e-06 1
1.405878e-05 1
2.565666e-05 2
5.606794e-06 1
1.392856e-05 1
8.716382e-06 2
1.823229e-05 1
4.895831e-05 1
6.724050e-05 3
3.370238e-05 55
5.100139e-06 2
1.470091e-05 3
1.204682e-05 3
3.572961e-05 2
1.245562e-05 1
1.361610e-05 214105
2.096426e-05 1
1.965743e-05 1
2.025392e-06 1
4.439063e-06 3
1.014619e-05 1
5.452255e-05 1
1.159172e-06 1
3.079260e-06 2
1.556697e-05 1
5.245186e-06 7
4.086701e-05 1
1.133534e-05 1
2.024241e-05 2
6.342995e-06 3
1.325427e-05 5
4.869318e-05 1122
2.902626e-05 1
5.198609e-05 127
1.961159e-06 1
4.394556e-05 78
6.946149e-05 1
1.832604e-05 1003
4.909406e-07 1
2.887927e-05 1
5.298835e-07 1
4.013458e-05 1
9.816900e-05 3
1.415945e-05 1
7.308474e-06 3
1.944359e-06 1
2.488955e-05 2
7.103865e-06 1
5.496734e-05 1
8.364477e-06 1
1.056299e-05 5
1.662368e-06 2
1.777187e-05 1
7.953505e-06 1
4.144165e-07 6
3.721012e-06 1
3.812923e-05 1
3.662216e-06 2
1.286502e-05 2
8.384213e-05 372
4.188586e-05 2
3.913655e-05 1
2.648676e-05 1
7.317357e-05 3
2.125472e-05 1
3.694067e-05 4
5.232757e-05 1
1.078210e-05 1
8.004241e-07 1
9.517143e-06 1
5.020021e-06 1
3.815927e-05 25848
5.445504e-05 1
3.092042e-05 1
5.861876e-06 6
6.509252e-06 1
1.532458e-06 151
5.497898e-07 1
8.960030e-06 265030
1.713196e-06 2
1.371586e-07 1
1.454310e-05 3
7.508337e-06 3
1.762861e-05 1
5.187203e-05 1
6.221318e-05 3
2.987667e-05 787
6.878369e-07 1
4.299984e-05 1
2.648348e-05 6
2.587574e-05 2
5.369330e-06 36901
1.641896e-05 1
4.808418e-06 1
8.530286e-07 1
2.343664e-06 54116
3.027206e-05 1
2.334898e-05 1
2.089309e-05 1
6.827217e-07 1
3.341765e-05 1
3.826864e-05 1
2.723177e-05 1
8.006207e-06 1
1.420609e-05 1
3.485465e-05 1
8.536702e-06 168
2.108356e-05 1
8.971146e-06 730
7.587182e-06 30178
3.993125e-06 220
5.500858e-05 1
2.355226e-06 5
3.325552e-05 82
1.156296e-05 84
8.381096e-06 2
3.188082e-05 1
2.572599e-06 6
3.327711e-05 2
2.328577e-05 10
2.159984e-05 1
6.276923e-06 1
4.041672e-05 1141
1.099590e-05 3
1.616312e-06 235
1.398339e-05 2
1.239826e-05 1
1.059394e-06 48681
4.426309e-05 2
5.470429e-06 6
1.900954e-05 1
3.337738e-05 1
2.833958e-05 13825
4.425261e-05 1
3.456943e-05 3
4.460427e-06 1
2.910123e-07 1
7.344211e-06 7
3.972103e-05 3
2.548929e-06 18
1.887727e-05 1
2.454465e-05 3
2.050126e-05 1
2.541660e-05 1
2.039668e-05 3
3.993977e-05 3
1.189954e-05 6
5.440923e-06 1
9.104667e-06 2
7.230499e-06 1
2.211695e-05 18
8.932028e-06 1
2.927546e-05 1
3.141918e-06 3
4.159418e-05 2
2.509622e-06 1
2.980437e-05 3
1.235524e-06 1
1.126749e-04 1
2.145248e-05 1
1.328441e-05 1
1.749961e-05 3
2.732076e-05 1
3.740044e-06 1
6.984677e-06 1
8.687358e-07 1
3.540656e-05 5
1.258340e-05 33
1.055181e-05 140
2.314061e-05 2
7.197260e-07 1
4.089355e-05 204
1.443865e-05 3
5.972080e-05 259
1.563558e-05 3
4.836508e-05 1
7.306343e-06 1
6.045072e-06 215
5.488371e-05 2
6.470289e-06 1
6.346924e-06 1
7.171695e-06 1
4.614307e-05 2
9.980011e-06 1257
4.295827e-06 1
3.097322e-05 1
3.323063e-06 5
1.818690e-05 3
4.182473e-05 7
4.127494e-05 605
3.250848e-05 1243
1.956000e-05 1
1.501468e-05 2
2.220102e-05 1
4.759939e-05 3
4.082739e-05 3
7.067203e-05 2869
2.681364e-05 1
2.705830e-05 2
1.915188e-05 6
2.920177e-06 3
3.996573e-05 1
1.922272e-05 6
4.262248e-06 3
1.403122e-05 2
1.585367e-05 1
1.913364e-05 1
3.615830e-05 2
5.850929e-05 1
5.404375e-05 1
9.550586e-06 336769
2.199459e-06 1
1.681678e-06 1
1.539517e-05 1
1.898421e-05 36132
5.888034e-06 1
2.497432e-05 1
1.908223e-06 306
1.732163e-06 1
8.173844e-06 1
2.448901e-05 588428
5.556252e-05 1
2.486584e-05 1
2.313317e-06 1
7.252417e-05 1
2.276341e-05 267
8.369761e-06 749
1.246128e-05 1
1.684049e-05 7
4.814316e-06 3
4.827417e-05 1
6.868497e-05 1
2.701261e-05 1
2.610400e-05 73
4.125765e-06 1
6.616844e-06 1
6.652435e-05 37536
4.245104e-06 1
6.629230e-06 12420
5.658892e-05 1
2.534203e-05 1
4.588862e-05 1
2.272636e-05 4
1.483937e-05 1280
9.598430e-05 1
2.727312e-05 4
6.388038e-06 5
2.465315e-05 1
2.775724e-05 1
1.825185e-05 1
1.102873e-05 1
9.454416e-06 1
4.326006e-05 1
5.658067e-05 1
3.804066e-05 1
3.424272e-06 1
2.613807e-05 423
3.052440e-05 2
4.815385e-06 1
3.432469e-06 1
1.221005e-05 193
8.494882e-06 1
1.936631e-05 807
4.731458e-05 7
5.148635e-06 590
1.397367e-05 1
1.135918e-05 1
3.779764e-05 1
1.334257e-05 1
1.130605e-05 1
5.434510e-07 1
2.206403e-05 3
8.132964e-06 136
1.272106e-06 1
3.782991e-05 1
1.591971e-05 742
3.224239e-05 1
6.560458e-06 1
9.487163e-06 1
1.439704e-05 1
1.212322e-05 1
7.472353e-05 1
8.831271e-06 1
7.266733e-06 2
3.512623e-05 1
3.756539e-05 3
1.118115e-05 144
1.299849e-07 1
4.693796e-06 1
4.775552e-06 1
1.235070e-05 1
1.135131e-05 1
1.251026e-05 2
1.092199e-04 3
2.778735e-05 6
1.774277e-05 3
5.771750e-06 3
6.900538e-05 1
5.986870e-05 256
6.455323e-05 1
2.989588e-05 1
6.533523e-07 156
2.187511e-05 3
3.171578e-05 1963
8.648336e-06 1
1.979225e-05 1
1.569641e-06 3
4.785376e-06 1
1.169387e-04 3
1.153490e-05 7
9.771816e-06 50893
1.485746e-05 1
2.290309e-05 42191
1.884393e-05 1
5.269148e-06 49489
1.276376e-05 1
1.983276e-05 42448
2.899840e-05 3
4.464998e-05 1
9.933634e-06 1
4.253361e-05 1
2.057451e-05 1
3.270163e-05 1
1.671814e-06 22186
1.634207e-06 27712
2.182980e-05 1
1.349492e-05 6
3.303454e-07 3
3.813494e-05 26605
6.877079e-07 1
3.023522e-05 57680
1.051341e-05 5
2.182966e-06 1
4.887577e-07 6554
5.491378e-05 1
4.847198e-06 2
2.462884e-05 780
4.249617e-05 32
1.159948e-06 1
2.303326e-05 1
2.870055e-05 1
1.333395e-05 1
1.803091e-05 2
1.038473e-05 317
7.398011e-05 7
2.399721e-06 46143
2.216299e-05 222
1.799042e-05 1
4.648903e-05 1
5.020592e-06 4
2.658920e-05 3
2.080134e-05 43052
2.228586e-05 3
5.470970e-06 225
2.706697e-05 1
5.545797e-06 210
1.861657e-05 1
2.416971e-05 1
2.359377e-05 1
3.119542e-06 2
1.879131e-05 1
3.465318e-05 473519
1.096524e-05 1
6.306909e-05 1
4.701182e-05 1
3.728724e-05 53170
3.016179e-07 1
4.757072e-05 1636
3.362195e-06 1
2.540125e-06 3
2.106690e-05 1
1.803387e-05 42
4.098551e-05 1
1.267094e-04 1
3.378594e-05 3
3.558182e-05 45086
1.467200e-06 62
2.535109e-05 33
5.182289e-05 1
4.732082e-07 3
3.242211e-05 1
2.510555e-05 1
2.369104e-05 505
3.570433e-05 1
3.249796e-06 1876
5.020654e-06 6
4.079681e-06 9280
8.698608e-05 1
1.665732e-05 208
5.217396e-06 2
6.821955e-05 1
9.556416e-06 7
5.950473e-05 1
2.408146e-05 145
3.023953e-05 1
5.846532e-06 1
4.450206e-05 1
5.256912e-05 18089
6.348193e-06 156
2.712391e-05 2
2.396415e-05 1
1.586228e-05 1
6.651469e-06 1
6.724827e-05 1
4.260583e-05 1
9.521738e-06 102
2.368075e-05 3
1.726286e-05 2
8.715177e-06 1
3.018937e-05 1
1.180635e-05 255
1.371680e-06 2
5.878079e-06 2
9.183550e-05 1
1.110398e-05 1
7.374252e-07 31
3.403431e-05 5
7.674612e-06 1
6.654178e-06 1
4.001681e-05 1
1.070160e-05 1
1.726177e-05 1
2.914846e-05 1
2.194770e-05 1
2.730863e-05 7
2.865431e-05 1
3.765779e-06 1753
1.703070e-05 2
1.962127e-06 3
1.059950e-07 5
1.087773e-06 50
2.986450e-05 1
6.425955e-06 1
6.113603e-06 1
5.045789e-05 2
7.939140e-07 17
3.627609e-07 4
3.232117e-05 6
8.522143e-06 3
2.258272e-05 512
6.069981e-06 2
3.189712e-06 1
6.807434e-06 2
4.818581e-05 3
9.978473e-06 1
1.250683e-05 1
9.022040e-06 1
3.672682e-05 1
2.557748e-05 1
8.325722e-05 1
5.864797e-05 1
1.782070e-05 368
1.191918e-05 6
8.256885e-06 1
8.765443e-06 2
1.808473e-05 2
4.727364e-06 5
5.268450e-05 1
2.085403e-05 1
6.514782e-05 1
7.409201e-06 3
5.104020e-05 49
5.210437e-06 1
2.216830e-05 1
1.786775e-05 2
2.151790e-05 529
3.619414e-05 17
6.374475e-07 5
2.631292e-05 3
8.108907e-06 1
9.041972e-06 2
3.925407e-05 1
2.833000e-05 1
6.678990e-05 1
5.913019e-06 1
2.984670e-05 1
4.837326e-07 94
1.706481e-05 7
4.696613e-07 1
8.870290e-05 1
4.405563e-06 132
3.905149e-05 2
1.992669e-05 1
4.791501e-06 1
4.403639e-05 479
4.554580e-06 1
5.746853e-05 2
4.820026e-06 3
1.682694e-05 1
8.174174e-05 2
9.093253e-05 24
3.023110e-05 5
7.282794e-05 1
1.403674e-06 78
7.315234e-05 5
3.120419e-05 2
3.408315e-05 1
7.540252e-07 131
9.463599e-06 3
2.727924e-05 1
1.061862e-04 3
2.337488e-06 1
4.381939e-05 1
2.677332e-06 1
1.670156e-05 98
3.634396e-05 9
1.558309e-06 6
9.519665e-06 102
2.617624e-06 4
7.561362e-05 3
1.795449e-05 1
7.409609e-06 1
4.346312e-05 1
2.543813e-06 1
3.960318e-06 1
2.724435e-05 3
2.207336e-05 2
5.541519e-05 1
2.736404e-05 1
4.050666e-06 1
6.813550e-05 23341
3.324532e-05 1
8.116537e-05 2
1.424018e-05 1
1.109704e-05 1
9.901150e-05 2
2.254407e-05 2
1.729797e-05 3
2.028506e-05 7
1.440720e-05 7
4.722482e-06 2
1.204964e-06 21
6.964491e-06 1
9.027148e-06 1
8.650390e-06 2
3.237314e-05 33
9.644901e-07 184
2.856081e-05 2
1.662952e-05 944
1.389714e-05 1
4.425457e-05 1
1.323445e-05 1
7.663169e-06 4
6.247429e-05 1
1.250862e-05 1
3.211595e-06 1
1.666927e-05 1
4.439643e-05 1
1.036829e-04 1
3.219033e-05 45
3.732874e-05 1
4.035224e-06 1
1.376628e-05 3
2.206794e-05 3
2.684435e-05 4
5.570102e-05 1
1.769657e-05 1
8.575427e-05 2
5.881566e-05 1
6.462297e-05 4
2.169392e-05 1
1.020576e-05 222441
2.546291e-06 2
5.698984e-06 4
4.664977e-05 2075
8.189238e-06 1204
4.244379e-05 5
6.115242e-05 1
9.725763e-06 1
9.222602e-07 4
1.401329e-04 230
8.526159e-06 170
4.584820e-05 3
1.738762e-05 3
4.212015e-05 1
1.676779e-05 1
4.805594e-06 1
1.649549e-05 1
2.362433e-06 1
1.051922e-05 1
2.035365e-06 1
6.474823e-06 30799
7.007438e-06 1
1.007484e-05 114
5.087574e-06 4
2.347167e-05 1
3.518846e-06 19856
1.865186e-06 2
3.980167e-05 1
9.482261e-06 4
1.140402e-06 1
6.082388e-05 2
1.620873e-05 1
1.300486e-05 1
4.080649e-05 1
1.180275e-05 1
5.458313e-05 1
2.886282e-07 1
5.050836e-05 53817
1.512059e-05 7024
1.042506e-04 2
5.376492e-06 1
1.091786e-05 1
8.016236e-06 46301
1.300770e-05 5
1.498659e-05 1
2.088764e-05 3
1.092097e-05 63708
1.501350e-05 1
1.527729e-06 43394
1.793668e-05 3
2.486785e-06 1
4.041670e-05 1140
2.076096e-05 52
2.497081e-05 170
1.098063e-05 175
1.294377e-05 1
9.935001e-08 6
3.331327e-05 182
7.436514e-07 1
4.171895e-05 1
1.785206e-05 1
5.805844e-06 1
4.497848e-05 1
3.163607e-05 3
1.226617e-05 2
2.094495e-05 2
6.425333e-05 1
6.807721e-06 2
4.525937e-07 2
2.230037e-05 208
4.357006e-05 7
2.422097e-05 1
3.008092e-05 1
4.637803e-06 187
2.023240e-05 1
3.302599e-06 1
3.100772e-05 18
1.505692e-05 1
1.246114e-05 3
2.630227e-05 5
1.917696e-05 1
9.879518e-05 3
4.157390e-05 1
4.113275e-05 2
3.015556e-05 1
1.978727e-05 5
7.736770e-05 1
5.204849e-08 361986
9.363996e-06 3
7.222215e-06 1
2.109015e-05 4
1.548346e-05 1
1.934392e-05 2
5.062899e-05 2
8.778734e-06 3
1.707614e-06 7
1.774477e-05 1
1.796327e-05 1
4.966465e-05 167068
9.274692e-06 5
2.193050e-05 1
4.310453e-05 4
4.176052e-06 1
1.938191e-06 47878
1.123945e-06 3
2.739903e-05 1
1.243585e-05 1
5.880577e-05 5
5.179133e-06 7
8.157548e-06 30558
4.377696e-05 3
8.902376e-05 1
2.045196e-06 3
1.899676e-05 1
6.917191e-06 1
1.052437e-04 456
3.268695e-05 221
6.968835e-06 1
4.346859e-05 201
3.604143e-06 3
9.953034e-06 1
3.022893e-07 35458
4.027107e-06 6
7.041437e-05 3
9.765899e-06 1
3.257180e-05 26261
1.706119e-05 1
1.942752e-05 711
8.460309e-06 3
2.160638e-05 4
2.991064e-05 3
1.576367e-05 113
2.223743e-05 1
3.956661e-07 2
7.374907e-07 1
2.255446e-05 1
6.556663e-06 12
6.251115e-05 469147
1.466983e-05 2
3.549201e-06 211
6.423563e-06 1
1.838066e-05 2
1.029186e-05 3
2.197690e-06 203
1.742231e-05 4
4.965556e-07 6
5.936160e-06 1
5.047755e-06 207
8.148038e-06 1
9.340688e-06 3
7.659276e-06 1
2.267084e-05 1
3.447663e-05 1
4.934171e-05 394635
1.354911e-06 1
3.926024e-06 1
2.397183e-05 45028
5.751064e-06 1
8.300695e-06 4
4.588756e-05 17265
5.819605e-06 7
9.998501e-05 1
4.596584e-05 1
1.074912e-04 5
4.639564e-08 1
7.918896e-06 1
4.367583e-06 6
1.628588e-05 3
3.433820e-05 1
1.898252e-05 2
2.013044e-05 1
9.823140e-06 7
9.190571e-05 1
1.424230e-05 1
2.091879e-05 1
2.742672e-06 1
1.868545e-06 2
1.133638e-05 1
8.627447e-06 3
1.161739e-05 1
4.688871e-06 1
2.255058e-05 1
2.831905e-07 144
7.337692e-08 7
3.721936e-05 1
8.512061e-07 943
1.128167e-04 1
5.885022e-05 1
4.086350e-05 431557
4.824267e-05 30
4.585305e-05 1
4.248727e-06 1
2.819110e-05 4
1.953854e-05 1
1.032873e-04 1
9.959304e-06 1
2.834640e-05 1
6.616567e-05 1
7.504400e-06 6
2.746271e-06 1
1.258717e-05 3
2.356658e-05 1
2.879256e-05 1
1.118303e-05 1
2.253224e-05 581
2.194775e-05 1
1.124789e-05 3
2.745145e-06 1
4.614667e-06 1
1.150668e-05 93
1.860727e-05 1
1.395584e-05 3
6.136490e-05 2
2.093453e-05 1
3.627419e-06 3
2.758497e-06 1
2.113459e-06 3
2.612163e-05 1914
2.636385e-06 1
2.563011e-05 3
5.876941e-06 2
3.085972e-05 1
2.237863e-06 7
2.388798e-05 1
1.229368e-06 15
2.907683e-06 5
1.197734e-06 1
2.649764e-05 1
5.281489e-06 47924
2.389608e-05 3
6.161640e-05 1
3.569297e-05 2
7.100941e-06 1
1.025906e-04 3
2.111628e-05 4
7.431620e-06 1
2.057614e-05 1
3.920937e-05 2
1.182425e-04 3
2.714405e-05 1
2.175813e-05 2
4.030592e-06 108
1.452731e-04 1170
5.604683e-06 2
4.745285e-05 1
1.466236e-05 1
1.709514e-05 1
6.748484e-05 1
1.937242e-05 3
1.251164e-05 1
6.066247e-05 1
3.236615e-06 72
1.306520e-05 4
9.705758e-06 1
4.957675e-06 3
8.130025e-06 1
5.113927e-05 1
7.237463e-08 1
2.509683e-05 3
4.712139e-06 1
2.971038e-05 4
1.694599e-06 1
1.270954e-05 1
1.779934e-05 173
1.481828e-05 1
1.093369e-04 1
3.305636e-06 1
3.742983e-06 1
1.035286e-04 3
1.519941e-05 2
9.370318e-06 1233
1.773163e-06 1
2.385716e-05 290
6.182441e-06 2
1.976086e-06 6
4.620739e-05 1
1.997015e-05 5
2.979313e-07 1
4.065350e-05 1
4.216722e-06 5
1.060317e-05 5
6.738679e-05 1
1.968565e-05 5
4.625218e-05 1
8.596304e-06 5
5.899070e-05 1
3.484961e-05 1
2.375814e-05 3
3.671764e-05 7012
3.399160e-05 5
6.892753e-05 609867
2.523830e-05 1
5.546326e-05 3
8.223209e-07 114
1.530938e-07 1
1.771917e-05 1
5.919726e-06 3
1.127186e-05 2
8.909215e-05 1
6.607261e-05 5
7.908905e-05 1
2.700747e-05 487755
9.739424e-06 54250
2.685136e-05 1
7.230921e-06 1
1.234682e-05 4
1.382845e-05 1
9.359621e-05 115
3.122302e-05 2
2.917770e-05 2
1.078690e-05 1
1.112741e-04 3
3.268441e-06 53981
2.449776e-05 1
9.847835e-06 1
3.531857e-05 1
1.583880e-06 2
2.751377e-05 2
2.120925e-05 1
6.353854e-06 1
7.658768e-06 3
4.179928e-05 1
3.101571e-05 18
7.257604e-06 1
1.816030e-06 1
1.441776e-05 1
2.739787e-05 1
1.225059e-05 1
1.498111e-05 1
2.089651e-05 246
2.063554e-05 1
1.331250e-06 1
6.512877e-06 6
1.348802e-05 1
1.394035e-05 1
1.076421e-06 1
1.695020e-06 3
3.463295e-05 1
1.319149e-05 1
2.975244e-05 2
1.159318e-05 1
1.351474e-05 1
1.681185e-05 1
2.067972e-05 4
1.653993e-06 24785
4.887725e-05 3
7.019859e-06 1295
1.030970e-05 3
1.884783e-05 5
7.544848e-05 3
2.042648e-05 3
4.161271e-05 1
6.668799e-06 2
3.047389e-05 47433
4.107823e-06 1
1.292876e-05 1
3.042901e-05 1
4.422610e-05 7
2.835068e-05 1
2.887054e-05 1
2.043002e-05 2
7.225641e-06 6
3.732733e-05 4
4.500221e-05 246
3.910250e-06 1
8.813722e-06 4
5.569564e-05 241
1.859638e-05 1
5.578645e-05 5
6.325586e-05 173380
1.636509e-05 1
1.713757e-05 253
6.224423e-06 3
1.301618e-05 2
6.181201e-05 1
9.205347e-06 5
4.135352e-05 3
2.286699e-06 1
4.721428e-05 64
7.527061e-06 1
1.912357e-05 2
7.465015e-05 1
5.011538e-06 3
9.832212e-07 3
2.233419e-07 1677
1.142130e-05 2
2.321738e-05 3
5.425243e-05 172
2.210488e-05 2
2.203329e-05 1
8.288034e-06 1
9.424414e-06 2
3.728458e-06 2
2.074420e-05 1
1.040959e-05 1
6.525492e-07 1
1.759059e-05 1
1.285356e-05 1
4.037514e-05 1
5.777164e-05 2
1.063808e-05 3
1.487676e-05 1
2.285957e-06 1
5.486030e-06 14
7.653487e-05 1
2.178585e-05 1
2.739485e-05 5
1.048709e-04 1
1.641727e-06 1
2.709908e-05 6
1.834467e-05 4
4.029141e-05 231
4.463066e-06 3
2.052188e-05 1
4.517849e-06 2
3.010910e-05 1
1.855951e-05 66085
1.199506e-05 1
1.371169e-05 62254
1.266557e-05 26858
9.827775e-06 1
4.099761e-05 199
8.007313e-05 1
5.013237e-06 981
1.875691e-05 1775
6.342296e-06 53
1.867217e-05 1912
1.153542e-04 3
3.591785e-05 1
1.914393e-06 1758
2.037139e-06 33556
1.080004e-06 45576
1.209095e-05 15605
1.086077e-04 332
1.474434e-05 2
1.423237e-05 1
1.211548e-05 7
4.507127e-07 1
1.151168e-05 4
2.852667e-05 1
1.070166e-05 3
7.987901e-05 1
4.688039e-06 1931
9.174100e-06 1
1.669056e-05 3
9.615734e-06 1
2.687555e-05 3
8.593359e-05 7
5.633118e-05 3
6.003491e-06 1
2.157170e-05 2
7.958572e-06 1
5.827316e-05 2
1.872293e-05 1
1.544778e-05 1
1.355486e-05 205
2.473515e-05 2
1.497217e-04 1141
2.621248e-05 1
7.402588e-06 4
4.752514e-05 1
4.648832e-06 7
1.013779e-05 13237
3.078888e-05 1
3.444359e-07 233
6.348492e-06 3
3.830729e-05 3
3.887960e-06 5
2.312991e-06 1
2.982345e-06 1
2.974104e-05 14679
5.261670e-05 17300
1.878281e-05 50258
2.263089e-05 1918
1.333556e-05 28
1.568695e-05 1
2.972928e-05 1
2.545020e-06 227
3.418437e-05 1271
1.383783e-05 51223
2.069021e-05 50255
2.524921e-05 1486
5.861284e-05 58884
8.410993e-05 1
3.375103e-05 45911
5.540463e-06 1
6.839067e-05 1070
3.968029e-05 2
2.122953e-05 3
1.390054e-05 156
4.265197e-06 2
2.397572e-05 1
3.360811e-05 61
3.491487e-05 1
6.812678e-05 3
1.783787e-05 1
5.091606e-06 3
2.438756e-05 1
2.160101e-05 56766
7.674682e-06 1
2.654637e-05 1
1.245573e-05 3
2.912766e-06 1
2.540614e-05 1
1.687729e-05 1
3.234699e-05 1
5.719981e-05 1
8.444136e-05 1
7.045836e-05 2
5.536723e-06 1
6.656043e-05 246
4.794730e-06 1618
3.866856e-05 4
2.653011e-05 1
3.802126e-05 1274
1.591910e-05 1
4.559793e-06 1
3.145985e-05 7
8.978624e-06 2
1.890809e-05 2
4.388497e-05 5
9.910210e-06 1
4.470544e-05 1591
3.704279e-05 1
5.717760e-06 7
2.006124e-05 6
3.869828e-05 3
1.247585e-07 1
1.644611e-05 29859
4.416267e-06 1
4.883024e-06 1
5.348818e-05 1
3.357376e-05 2
3.376922e-05 5
2.204380e-06 340539
1.526592e-05 2
8.161252e-06 1
3.958959e-05 47757
1.280634e-05 1
5.434807e-07 79
2.611917e-06 1
1.588435e-05 6
4.238797e-06 167
7.386015e-06 1
7.458665e-06 1
2.682876e-05 2
2.581995e-05 3
8.853089e-06 1
3.246788e-05 1
3.417591e-06 3
9.008680e-06 2
1.548355e-05 1
1.041309e-05 5
4.987927e-05 1
1.652635e-05 1
2.026041e-05 4
8.676670e-05 1
2.972443e-05 211
5.009443e-05 5
4.654115e-06 1
3.198652e-05 3
8.561745e-06 1
1.567586e-05 1
1.680955e-05 1
1.258159e-05 6
6.162852e-05 1104
7.558563e-06 1
5.336564e-06 1
3.837956e-05 1
1.557939e-05 6
4.728490e-06 65
1.351308e-05 1
1.123502e-05 2
1.670339e-05 1
1.052037e-05 3
8.253263e-06 1
2.320234e-05 1
3.685755e-05 79627
1.101203e-05 4
3.397221e-05 1
2.353741e-05 2
1.879156e-05 1
2.740088e-05 1
2.222862e-05 2
3.639694e-06 1
1.634455e-05 2
3.160090e-05 1
3.984254e-06 4
4.286663e-05 1
2.258549e-05 1
1.944424e-05 1
4.180320e-05 1
1.838452e-05 1
1.289387e-06 1
9.340900e-06 3
3.779504e-05 2
4.149243e-06 7
5.043442e-05 1
1.181439e-05 6
2.869272e-06 1
1.698038e-05 2
3.430974e-05 123
3.178225e-05 1
4.622174e-05 2
6.335639e-06 1
1.950523e-06 156
3.981731e-05 1
6.646869e-06 1
3.122718e-05 1
1.064730e-05 2
1.435423e-06 1
1.739097e-06 445963
7.474447e-06 1
1.506618e-05 4
1.874603e-05 167
1.307257e-05 4
7.329171e-06 1
2.593204e-05 2
2.573256e-05 1
4.983604e-07 177372
7.548621e-06 1
1.869512e-05 3
5.272678e-06 1
5.506249e-07 3
