4.036975e-05 1
1.513765e-05 1
3.436663e-05 3
1.438514e-05 2049
8.842727e-05 2
5.127497e-06 1
5.382104e-06 1
1.482180e-05 2
1.012956e-05 3
8.666292e-06 3
1.659326e-05 7
5.571490e-05 1
5.403808e-05 1
3.010466e-05 1
8.749238e-05 1
2.098258e-05 1
1.650705e-05 1
9.572523e-05 1
7.036488e-06 51
5.774585e-05 3
3.346228e-05 17
1.251606e-05 1
5.041244e-05 5
7.326723e-06 1
5.539136e-05 1
6.390320e-05 7
6.713578e-06 1
6.337673e-05 4
1.207292e-04 1
7.446926e-06 1
1.322111e-06 1
4.811014e-05 15
2.046093e-05 2
9.822421e-06 6
1.059195e-05 42757
3.761963e-05 27
2.113413e-05 2
1.269850e-06 574
2.969592e-05 1
1.079566e-05 2
1.784303e-05 35036
2.406972e-04 1
1.632436e-05 3
3.439062e-05 7
1.229190e-05 3
6.528078e-05 38383
2.554097e-05 1
1.500026e-05 5
8.341090e-05 108
9.558414e-05 1
1.118462e-05 1
1.574928e-05 1
1.253479e-04 261
4.348361e-05 1
2.359294e-05 3
4.870138e-05 1
3.105632e-06 1
3.082330e-05 1
5.947060e-05 1
2.817560e-05 7
5.673083e-05 6
7.726094e-05 2079
2.682553e-05 1
1.432118e-05 1
9.343782e-05 2
2.419724e-06 1
6.227126e-05 3
2.089905e-04 40679
3.266652e-05 7
2.742082e-05 1
1.274459e-05 6
4.689931e-05 1
3.257625e-05 3
9.777081e-06 1
3.316212e-05 2
2.836649e-05 1457
1.725030e-05 1
5.949284e-06 51015
2.648142e-05 1
8.541054e-05 1
6.291060e-07 2
1.557660e-05 233965
3.377070e-05 20
1.320987e-05 1
6.936030e-05 1
2.134058e-05 1
4.804348e-06 7
4.507695e-05 1
9.701560e-05 31094
1.237764e-05 1
6.664402e-05 1
2.022942e-05 1
9.803385e-06 1
2.646387e-05 1
4.047784e-05 1
1.973428e-05 3
1.684265e-05 1
6.146130e-05 107
1.818087e-05 159
3.660940e-05 1
1.265365e-04 2
1.567586e-05 6
8.036168e-05 1
2.536120e-06 3
1.509108e-05 1
6.721181e-05 3
5.145828e-05 1
2.503799e-05 2
2.545767e-05 1
1.080919e-04 1
3.050693e-05 1
3.946713e-05 1
1.190836e-05 5
7.955179e-06 114
1.463660e-05 817
3.446064e-05 1
1.086509e-05 1963
2.256204e-05 1990
3.460271e-05 2025
4.796484e-05 1
2.625551e-05 3
3.424835e-06 1
3.076434e-05 238
3.080174e-06 1
3.113435e-05 1
2.120374e-06 1
7.733175e-05 1
9.177397e-06 1
1.346527e-04 3
5.344891e-06 2
5.100511e-05 1
4.366407e-06 1
5.515751e-05 52653
2.614855e-06 1
4.360063e-05 1
1.778622e-05 2
1.167887e-05 1
6.507906e-05 3
4.507602e-05 1726
5.860139e-06 1
1.546990e-05 1
1.612447e-05 1
7.037312e-06 2
1.161746e-05 6
2.531488e-05 214
1.761054e-06 219
9.908108e-05 3
2.073291e-05 1
6.615514e-06 1
4.911701e-05 1
1.495018e-05 1
3.768481e-05 1
6.462409e-05 2
3.593421e-05 1
2.191874e-05 1
1.205833e-05 1
2.420801e-05 3
3.047950e-05 3
1.143417e-05 1
7.218531e-05 2
2.115452e-05 1774
3.094297e-05 3
9.935445e-06 1
1.023111e-05 1
2.657385e-05 1
6.487072e-05 7
4.385815e-05 1
8.457938e-06 4
1.222009e-04 43
2.419461e-05 1
1.093814e-05 3
2.848762e-05 1
7.652473e-05 1
1.172416e-04 1
1.506294e-05 1
2.363676e-05 1
1.592915e-04 1
1.064101e-05 1
9.051002e-05 1
5.181266e-06 60437
3.467448e-06 123
5.226376e-05 2
3.944029e-05 225
3.404262e-05 1
2.045986e-05 1
6.283972e-05 1
2.415599e-04 2
8.121527e-05 1
4.560270e-06 2
4.805304e-07 3
6.427223e-05 1
8.995510e-05 351
7.548191e-06 1
5.175218e-06 1
1.977133e-05 1
2.247977e-05 1641
3.804034e-05 1
4.954529e-05 18504
7.841884e-06 1
2.016880e-06 3
1.737912e-05 1803
1.311011e-05 1
1.601729e-04 1
4.087971e-05 6
3.389571e-05 1
1.940904e-05 2
5.718461e-05 5
3.267431e-05 43391
2.893667e-05 1
2.175736e-05 1
1.936568e-05 267
1.854818e-05 1
5.703768e-05 37
7.291356e-05 1
7.369222e-06 1
2.450411e-05 1
1.079267e-05 1015
7.079357e-07 1
6.911199e-05 1
7.767752e-06 142
6.324378e-06 1402
2.126931e-05 2
6.416628e-05 1
2.242153e-05 1
4.314895e-07 6
1.786312e-06 1
1.923858e-05 1
8.575989e-05 1
8.997736e-06 7
1.717093e-05 1
9.545950e-05 1
2.770319e-05 93
7.077352e-07 21
1.123734e-05 1
1.490411e-05 1
4.453682e-05 1
1.748592e-05 2
3.659821e-05 1
2.292734e-06 6
7.605841e-06 1
2.720402e-05 6
2.127408e-05 1
5.702684e-05 1
1.267146e-05 1
1.352565e-05 2
1.464511e-05 1
8.666679e-05 2
1.404501e-05 84
5.859538e-05 2
5.845049e-05 1
7.011891e-05 1
1.553421e-05 3
4.123573e-05 1
3.812926e-05 7
4.866283e-05 4
4.204026e-06 647
9.352479e-06 1
2.910523e-05 1
2.580883e-05 1
4.131737e-06 56
1.582717e-05 35261
1.737186e-04 4
1.631995e-05 1
4.624641e-05 1
5.397141e-05 6580
6.843558e-05 2
4.179197e-06 196
1.306229e-05 1
5.697561e-05 1
5.423935e-06 1
2.024881e-05 1
1.241496e-05 3
3.479635e-05 2
3.544369e-05 31
1.051401e-04 1
6.674879e-05 58889
2.099474e-05 152
9.256224e-05 193
1.560234e-06 1
2.269741e-05 3
8.464239e-05 1
5.152462e-06 1
4.033968e-06 2
2.354379e-05 1
3.496035e-06 1
5.458040e-05 1
2.357842e-05 1
4.081188e-05 1
1.885182e-05 5
3.725838e-05 7
1.041019e-04 1
1.385288e-06 1
2.574838e-05 238
9.689828e-06 1
4.868050e-06 1
1.903612e-04 4
1.131509e-05 228
2.177226e-05 1
2.822514e-05 1
1.191992e-04 1
8.863651e-05 3
1.856178e-04 14094
4.518466e-05 209
1.274470e-05 1
2.011542e-04 1
5.010266e-05 4
2.982229e-05 75
1.068762e-04 4
9.265818e-05 5
4.302155e-05 2
8.643301e-05 3
9.803796e-06 1
6.028278e-06 1
8.957919e-05 1
1.944777e-05 3
5.744856e-05 1
5.701118e-05 1
2.659256e-05 2
8.296085e-05 1
4.644700e-05 1
3.694247e-06 3
3.029848e-05 3
3.223483e-06 1
2.368890e-06 5
1.624509e-04 3
1.576276e-04 1
4.768680e-05 1
1.614198e-05 3
5.790944e-06 1
2.972678e-06 1
2.501855e-05 1
8.050226e-06 4
4.531232e-06 11355
2.426881e-04 148
5.705779e-05 51
3.321862e-05 6
1.694627e-05 1
6.003187e-05 3
1.484932e-05 238804
1.633636e-04 2
5.266363e-06 3
1.620532e-05 4
6.090937e-08 1
1.615161e-05 1
7.817342e-06 1
1.981816e-05 1
1.329780e-05 4
2.204183e-05 171
5.855766e-05 1
2.408784e-05 3
7.011597e-05 1
2.177628e-05 1
2.827492e-05 6
1.562636e-05 1
2.820538e-05 49182
2.721459e-05 1555
1.141554e-04 3
1.548911e-04 5
1.325782e-05 7
1.864491e-04 2
3.979999e-05 1
1.071718e-04 6
2.071934e-05 2
4.137723e-05 17419
1.572023e-05 55
2.893963e-05 1
2.465166e-05 1
7.074058e-05 1
3.331665e-06 1627
8.818796e-05 3
7.240742e-05 1
2.673880e-07 1
6.168255e-05 1
1.357783e-04 212
3.043716e-05 2064
4.950385e-05 3
3.834492e-05 1
3.131236e-05 1
6.122534e-05 299
7.336017e-06 1
5.133909e-05 1
5.317808e-05 3
6.511784e-05 2
1.119203e-06 3
3.292705e-05 1
1.191131e-05 1
5.949730e-06 1
1.211104e-04 3
2.490515e-05 1
4.483491e-05 1
1.415283e-05 3
5.926067e-06 2
2.546957e-05 3
2.812648e-05 1
3.033967e-06 1
3.871656e-05 1
1.612751e-05 1
5.412682e-06 1
6.415046e-06 1
5.016330e-07 4
7.012052e-05 3
4.467936e-05 2088
1.546539e-06 3
1.151752e-05 1
5.462681e-05 1
1.226097e-04 142
2.382652e-05 155
7.862290e-05 221
1.033525e-04 1
3.267055e-06 1
6.015244e-06 2
8.809220e-05 3
1.016467e-04 1
2.364438e-05 1
2.362153e-05 2
8.202743e-05 3
2.355597e-05 1
2.517567e-05 1
4.429121e-06 1
6.855671e-05 1
1.320647e-05 1
1.941366e-05 1
4.650775e-05 1
3.720433e-05 1
2.896362e-05 1
1.346353e-05 1
2.297462e-05 1
3.319493e-05 2
3.818670e-05 1
6.891816e-05 1
3.694642e-05 3
3.527791e-05 3
3.628370e-07 2
2.944086e-05 43480
5.744816e-05 1
1.357069e-05 1
7.920226e-05 2
1.264611e-04 185
5.869239e-05 1
1.319183e-04 1
5.739904e-06 5
6.988807e-05 1
8.165240e-06 1
1.845666e-05 1
2.766094e-05 2
8.117349e-05 1
4.448899e-05 741
2.526459e-06 2
1.397157e-05 2
4.510829e-06 1
1.134076e-04 1
4.474786e-05 2
9.763673e-05 3
5.064398e-05 1
2.462562e-05 3
4.553843e-05 1
1.657052e-05 1
9.074026e-06 1856
1.031866e-05 1
2.042386e-05 6
4.538864e-06 2
2.192763e-05 2
4.315301e-05 1
1.267111e-05 1
5.792441e-05 1
4.106101e-06 1
5.904506e-06 627
8.495637e-08 1
8.204249e-05 1
2.261320e-05 39961
6.690813e-06 1
9.691271e-05 1
9.184707e-06 157
6.658255e-06 442
1.290667e-05 1
2.448237e-05 1
9.907231e-05 1
1.759849e-06 234
7.459931e-06 7
6.969287e-06 1
2.606187e-05 6
1.790675e-04 1
2.294664e-05 1
6.648962e-05 3
8.057427e-05 3
1.550685e-05 211
3.433120e-06 1
3.739217e-05 1
6.179073e-06 1
3.342470e-05 1
1.039164e-04 4
2.849997e-05 5680
3.927418e-06 2
5.184560e-05 1
5.995261e-05 3
1.448622e-05 57
3.788828e-06 1
1.988082e-05 274
3.175446e-05 184
1.774473e-05 1
3.637607e-05 1
3.001022e-05 7
7.379897e-05 110
1.543301e-05 1
1.863852e-05 1
1.322730e-06 1324
1.837120e-05 3
3.042852e-05 1
2.916642e-05 1
7.802637e-06 1
3.171467e-06 2
1.622214e-05 56622
3.303668e-05 1
4.535560e-05 7245
1.486189e-05 1
1.689583e-05 1
4.154878e-05 1
6.351803e-07 1
4.521324e-05 1
6.250341e-05 1
1.828654e-05 1
2.480910e-05 5
2.516531e-06 2
6.928743e-05 1
7.730380e-05 1
3.418029e-05 1
9.638066e-05 1
6.384677e-05 27005
3.191154e-05 2
9.279823e-05 1
3.328832e-06 43602
4.855932e-05 1
1.011585e-04 1
4.414524e-07 2
9.593779e-05 1
7.054534e-05 1
1.200696e-05 1
1.828111e-05 225
1.151289e-04 1
1.720447e-05 1
1.218296e-05 1
7.711528e-05 225
5.117226e-06 2
2.513922e-05 1
7.702992e-06 155771
6.773020e-05 1
3.537514e-05 2
8.571270e-06 1540
3.113633e-05 50
6.400355e-05 1
8.525190e-07 1
3.130689e-05 3
1.827390e-05 2
2.350050e-05 1
2.601274e-06 1
1.848124e-05 1342
4.009571e-05 175
3.759153e-05 2
5.699603e-05 2
5.225714e-06 3
5.508756e-05 222
1.522229e-05 228
1.174631e-04 62217
6.872811e-05 1
7.007049e-05 1
1.619303e-06 1
1.108649e-05 1
3.957971e-05 1
4.961397e-05 1
4.435059e-05 6
1.501370e-06 1
2.228948e-05 1
2.463790e-04 1
2.936866e-05 1
1.561087e-05 1
8.346110e-05 151
1.089355e-04 1247
6.275466e-06 3
1.260672e-04 944
2.307423e-05 1
3.666687e-05 33021
5.274340e-05 1387
7.060078e-05 1
2.158976e-06 1
4.865669e-05 1
3.544124e-05 246
5.548632e-05 3
2.836724e-05 1
6.421320e-05 1
4.931248e-06 7
1.142484e-05 49
4.004194e-05 610
1.528431e-05 1
8.117634e-05 1
1.987934e-05 96
1.923659e-05 3
6.573726e-05 3
1.727834e-05 1
1.058270e-07 3
6.177418e-05 764
3.740294e-05 1
2.525712e-05 7
1.652002e-04 1
1.120186e-06 1
1.182284e-06 1
1.338478e-04 3
2.053097e-05 1
1.938762e-05 3
1.107702e-05 258
5.714926e-05 2
7.218224e-05 1
3.641953e-05 1
3.469094e-05 4
3.911258e-05 149
8.616983e-06 1
1.887987e-05 2
6.329235e-06 189
4.332527e-05 1
2.985324e-05 3
6.263009e-05 201
5.421848e-05 3
4.685908e-06 1
2.621785e-05 1
4.900717e-05 1
1.546929e-06 1
6.984259e-06 7
5.508983e-05 265
3.598098e-06 1
9.253104e-06 1
2.124539e-05 183
7.771828e-05 140174
1.865234e-06 3
7.207707e-05 1
1.011188e-04 242
1.403877e-05 3
7.549269e-05 131
4.383681e-05 5
2.217396e-05 207
2.146174e-05 1
3.732723e-05 3
1.053892e-05 5
2.331985e-05 3
5.326108e-05 4
8.590648e-05 1
2.514091e-05 2
5.486902e-05 1
3.793747e-05 1
5.732887e-05 1
1.545429e-05 5
2.708227e-05 1
1.492070e-05 24052
2.012660e-04 4
2.165724e-05 1
9.523506e-05 1
5.448796e-05 1
3.371468e-05 180
1.610833e-06 7
1.087326e-05 3
1.992989e-06 1
2.174669e-05 1
2.212962e-05 5
4.627015e-05 1
4.973193e-05 46
7.429734e-06 1
5.268915e-06 140
1.109146e-04 2
9.951365e-06 3
6.308259e-05 1
6.556828e-06 4
3.450141e-05 2
1.018271e-04 1
1.609573e-04 1764
5.566674e-05 3
6.528209e-05 1
2.286831e-04 122
3.350542e-06 1
4.853883e-05 2
1.902381e-05 199
2.359941e-06 1
1.610939e-05 16107
5.022654e-05 1
2.633353e-05 7
9.400758e-06 1
6.356930e-05 1
6.252040e-06 1
2.960020e-05 1
4.384550e-06 1
1.049599e-05 2
1.276736e-05 1
1.191247e-04 3
2.106321e-05 134
7.626193e-05 1
3.302258e-06 7
1.614512e-05 1
4.337202e-05 1
2.336841e-05 3
3.413209e-05 179
4.661630e-05 2
2.075840e-05 1
1.017304e-05 2
1.302081e-04 171
4.091237e-05 178
1.106328e-04 1
4.563225e-07 1
8.240616e-06 2
7.437047e-05 1
8.193698e-05 1
1.024898e-04 1
9.057490e-05 239
5.436867e-05 18883
6.315035e-05 148
1.816390e-06 1
1.367785e-06 51
1.457718e-05 2
2.408593e-05 4
7.453978e-05 1969
8.363255e-06 1
4.349757e-06 1
2.311492e-05 17
9.749816e-06 1
9.931785e-06 1
1.868799e-05 1
5.898587e-06 633
1.369396e-05 3
1.348099e-05 6
4.541575e-05 31
1.159867e-04 526
1.676365e-04 1
4.475987e-05 6
1.816471e-05 1
6.924080e-05 1
2.103874e-05 1
4.161199e-05 6
5.278372e-05 1
3.096004e-05 3
2.401757e-05 1
1.322463e-05 92
1.714185e-05 2
3.927052e-06 1
3.997786e-05 2
4.236449e-06 34566
2.190013e-05 1
7.988052e-05 7855
1.336510e-06 6
4.301154e-05 3
1.709627e-04 1
4.264185e-06 1
4.980027e-05 1984
3.311507e-05 1
1.460681e-05 2
9.646480e-07 100
3.003115e-05 267
8.012974e-06 1
1.533624e-05 1
2.752477e-05 3
1.819938e-06 1
1.087683e-04 1
7.225972e-07 1
4.549002e-05 72
9.441760e-05 1
1.447453e-05 6
1.968069e-05 1
3.734540e-05 2
1.995971e-05 1
4.964694e-05 1
5.142197e-05 608
3.169636e-05 1
9.919523e-06 1
1.500384e-05 1
3.474972e-05 1
1.065749e-04 1
1.561552e-06 1
9.956899e-06 2
3.058560e-05 1
3.972568e-05 1
6.377622e-05 1
9.855421e-06 2
1.106491e-05 173
2.660701e-05 3
8.256822e-06 5
1.044313e-06 2
1.159777e-05 3
5.744400e-06 7
3.669976e-05 1
5.041055e-06 4688
8.101322e-05 1
2.359182e-05 1
2.432759e-05 1
1.286892e-05 5
1.010388e-04 3
2.097563e-05 1
3.269135e-05 1
1.172472e-05 1
5.503398e-05 2
6.062500e-05 3
5.867605e-06 289311
2.570049e-05 211
4.221813e-05 1
2.120971e-05 256
1.970569e-05 609
3.028435e-05 1
1.624104e-05 96
5.537618e-07 1
7.886757e-06 18
1.447724e-04 1
1.264995e-05 1
2.511963e-06 2
8.029977e-05 1
2.086400e-05 1
1.573242e-05 1
3.921872e-06 187
7.545724e-05 1
4.708924e-06 7
1.491247e-05 1
2.951443e-05 1
6.219189e-06 1
6.618895e-05 1
6.742802e-05 1
2.474223e-05 1
2.023042e-06 1
2.725948e-05 1
2.145597e-05 1
1.911296e-04 1
1.789432e-06 3
3.557620e-05 1
7.560262e-05 3
5.275712e-05 4
1.688623e-05 59631
9.938266e-05 1
2.800007e-06 234
3.019113e-06 1
9.377499e-05 4
9.944826e-05 1
1.530381e-05 1
3.763177e-06 6
1.055692e-05 34
2.546731e-05 2
3.436631e-05 2
1.479482e-04 1
1.362158e-05 310652
1.736384e-04 1
5.081496e-05 7
4.115970e-05 4
1.038678e-04 1
9.039109e-05 2
8.704311e-07 1
4.946694e-05 1
7.468224e-05 39429
1.148835e-04 1
1.364589e-05 2
5.250895e-05 3
5.483972e-05 309
1.944833e-05 1
1.706480e-05 1
7.484192e-05 1
4.332334e-05 6
1.690117e-04 161
2.557103e-04 1
3.768023e-05 3
1.077527e-04 1
9.067781e-05 1
4.485193e-05 1
5.327171e-05 7
5.683388e-06 1
5.650605e-05 1
1.429931e-05 2
3.457596e-05 1
9.467508e-06 2
3.160903e-05 1
1.660504e-05 1
3.492697e-05 1
9.203812e-05 1
2.628079e-05 1
1.238202e-05 1
4.259294e-06 1
3.004641e-06 2
1.001727e-04 1
1.013279e-05 1
6.380210e-05 1
1.619821e-04 2
5.302312e-05 482
2.043206e-05 1
1.886695e-05 1
4.946895e-05 153
1.306821e-04 5
5.421905e-06 2
7.010200e-05 178
6.818123e-05 1
3.741930e-05 148
2.287469e-05 1
5.734312e-05 2
3.201847e-05 1
1.482130e-04 80
9.593684e-06 7
6.508262e-05 71
1.796954e-06 2
9.703625e-06 1
5.080101e-05 1
3.137320e-06 3
1.387460e-04 1
4.588091e-05 1
5.878612e-05 2
5.526009e-05 488493
3.586561e-06 4
8.692641e-05 1
5.494331e-05 4
2.419250e-05 289580
4.199305e-05 1
5.852228e-06 4
1.083128e-04 1
2.531466e-05 2
4.143899e-05 1
2.921715e-05 7
5.174311e-05 6
2.045392e-05 1
6.366661e-05 28967
7.863511e-06 3
2.003038e-06 2
9.966172e-05 1
3.683651e-05 2
2.909350e-06 46774
5.359337e-06 2
8.273019e-06 2
8.053774e-06 1
4.814133e-05 1
2.288971e-05 3
2.629186e-05 1
7.762849e-06 1
7.368849e-05 1
8.149697e-06 336
1.944612e-05 7
2.338245e-06 3
6.940782e-06 2
1.375385e-05 7
5.514986e-06 1
4.376028e-05 3
7.399111e-05 1
3.478931e-05 1
1.247322e-05 1
2.054347e-04 74
7.138088e-06 105512
1.708034e-05 1
8.907654e-05 873
3.599124e-07 2
1.213985e-04 2
1.147172e-05 1
3.192792e-05 1
4.573013e-05 1
4.304379e-05 13
1.857770e-05 1
4.837923e-06 3
1.691526e-06 1
3.274895e-05 102
4.140026e-06 1
1.067186e-05 1
1.206442e-05 1
1.904889e-05 1
1.373306e-04 53449
6.115688e-05 1
7.082285e-05 2
4.375142e-05 1
1.886515e-05 1
1.512343e-05 2
1.580716e-04 2
1.333514e-05 3
3.071457e-05 1
3.067211e-05 1
8.079122e-05 3
5.601167e-05 2
3.080239e-05 3
2.848663e-05 1
9.159456e-07 1
2.055764e-05 17
4.947094e-05 1
5.595938e-05 1
4.381621e-05 1
5.889492e-05 1
1.622989e-05 25
1.396969e-05 3
5.983843e-06 1
3.050004e-05 1
1.335549e-05 2
8.064839e-05 5
4.722365e-05 1
1.086215e-04 7
7.232747e-05 15013
2.709336e-05 1
5.908388e-05 6
1.231515e-05 163
3.199381e-05 1
9.184141e-05 1
1.359008e-05 126
7.461172e-06 3
1.099564e-05 3
6.770816e-06 1
2.203003e-05 1
8.558410e-05 1
1.109729e-04 1
2.024317e-05 6
6.923556e-05 3
3.191130e-05 1
1.856462e-05 238
2.059465e-05 159
5.576551e-05 1
1.641637e-04 1
4.494520e-05 1
2.086368e-05 1
4.574642e-05 6
3.678336e-05 1
3.394118e-05 1
1.289794e-04 1610
1.834766e-05 1
7.203956e-06 1
2.169415e-06 2
3.705234e-07 1
1.538651e-05 1
6.601286e-06 6
6.713212e-05 3
2.144740e-06 1
7.954061e-05 1
1.813205e-07 1
1.925884e-05 1
8.385783e-06 6
2.562227e-05 3
2.875564e-05 5
9.684717e-05 1
5.550984e-05 2
4.721962e-05 3
4.650586e-05 3
3.863864e-05 1
4.015531e-05 1
1.952581e-05 1
9.998041e-06 348
1.438214e-05 1
3.368593e-05 1
7.523090e-05 3
6.512287e-05 2
7.010973e-06 2
1.121127e-04 42815
3.466422e-06 3
2.844713e-05 24923
1.407975e-05 1
3.221965e-05 1
7.194256e-05 1
7.127676e-05 74
7.912069e-05 22365
2.976193e-05 554210
1.620461e-05 2
2.311895e-05 1
1.622435e-05 1
3.480665e-07 1
2.869259e-06 1
2.196662e-07 6
1.657512e-06 7
1.693401e-05 1
2.195010e-05 3
1.050992e-05 1
2.460084e-06 1
5.509289e-05 2
2.699859e-05 2
1.197138e-05 1
3.351855e-06 1
5.241388e-05 1
1.301020e-04 1
5.312560e-06 1059
6.741809e-06 1
5.156117e-05 3
6.116412e-05 1
3.887636e-05 171
5.308500e-05 1
2.810482e-05 5
2.672156e-05 1
1.309395e-04 1
1.487266e-05 5
3.212356e-06 158
5.551339e-05 2
3.480771e-05 5
1.548511e-05 1
3.905201e-05 1
2.479111e-05 300907
7.089674e-05 1
2.820829e-05 1
7.313110e-07 2
2.667255e-05 1
1.306613e-04 2
4.480006e-05 1
5.686581e-05 1
1.739485e-05 1
9.335424e-05 3
3.541980e-06 1
5.235964e-05 3
3.886780e-05 57
4.628180e-06 991
6.761839e-05 1
3.381215e-05 1
4.584628e-05 6
1.565935e-05 1
5.596215e-05 2
3.674904e-05 5
2.016005e-06 3
2.572084e-05 2
6.172277e-06 7
3.270669e-05 1
4.387699e-05 1
5.378836e-05 1
3.509242e-05 1569
1.412523e-04 1
2.429162e-05 1
2.694329e-06 1
5.130484e-05 1
3.421383e-05 1007
1.455268e-05 96
1.286426e-05 1757
6.597950e-05 1
2.684824e-06 1
1.229211e-04 1
1.317065e-05 1
1.734512e-05 134
1.048045e-05 1
4.092347e-05 2
7.912331e-06 1
5.996627e-05 3
6.864690e-05 186
3.860252e-05 80
1.900033e-05 1
1.065090e-04 1
3.800602e-06 1
5.909673e-06 3
1.420657e-05 1390
9.515024e-05 5
1.089526e-04 2
4.833286e-06 1
1.549608e-06 1
8.749702e-05 3
2.982032e-05 3
6.968540e-05 1
1.049653e-05 196
1.434843e-05 3
1.577743e-05 1
1.793717e-05 1361
1.239771e-05 1
1.454073e-06 2
1.859254e-05 1
3.430914e-06 1311
5.685677e-06 3
1.848410e-05 1
1.961759e-05 1
7.204453e-05 1
1.050812e-05 1
9.291678e-05 2
6.260591e-06 4
2.813474e-05 1
2.465172e-05 2
8.142627e-05 1
3.617864e-05 5
7.957279e-05 1
8.266904e-05 6
5.317367e-05 2
4.055153e-05 261
2.008114e-05 3
9.181098e-05 4
3.777519e-06 1
1.217143e-04 138438
2.810896e-06 1
1.962803e-06 1
1.076791e-05 35473
1.730227e-05 3
8.790234e-05 1843
3.974445e-06 1
1.774401e-05 2
4.604189e-06 1
1.370037e-05 3
6.216684e-05 36803
4.259672e-07 1
1.803680e-05 1
2.348946e-06 1
5.954924e-07 1
3.881209e-05 23628
6.019370e-06 11
1.136516e-04 3
1.499222e-05 1
5.759471e-06 1
3.511885e-05 5
3.742046e-05 1
9.269982e-07 1
1.248484e-05 1
4.589225e-06 3
1.887894e-05 1
4.457821e-05 2
5.829499e-05 1
2.808758e-06 1
2.015485e-05 6
2.866853e-05 1
3.944668e-05 1
3.511602e-05 6
2.018180e-06 3
2.534022e-05 1
1.066139e-05 1
1.491622e-06 1
1.078037e-04 7
1.197062e-04 1
6.185909e-05 114
4.616478e-05 7
4.072702e-05 2
1.026152e-05 1
5.123902e-06 1
1.928943e-04 38
1.900394e-06 1046
5.277475e-05 2
5.083565e-05 3
1.155462e-05 1
7.204992e-05 7
6.936091e-06 1
9.916264e-06 1
2.768534e-05 3
2.723890e-05 1
6.963581e-05 1
1.526624e-04 1
9.854407e-05 6148
1.791942e-05 1
3.923262e-06 2
6.332789e-05 1
1.349437e-05 1
1.250378e-04 132
3.017261e-05 1
2.234584e-05 3
2.348477e-05 1
8.051453e-05 1
7.040510e-06 79
5.169130e-05 3
2.071978e-05 181
3.269606e-05 2
9.415639e-05 853
1.757951e-05 135
4.191311e-06 3
1.301415e-04 40287
8.831115e-06 4
1.532494e-05 1
6.618914e-05 1906
3.290703e-06 1
4.014891e-05 202
9.593972e-05 2
5.504168e-05 2
4.632422e-05 1
2.323349e-05 5
4.654466e-05 1
1.967790e-05 2
3.829212e-05 1
1.081667e-05 1
1.066273e-05 39827
6.734903e-06 1
4.779450e-05 1
5.194612e-05 2
1.111384e-04 152
8.172027e-05 57151
2.312839e-05 1
7.118010e-05 1
4.578581e-05 2
7.748192e-06 4
4.997466e-05 2
1.661434e-06 1
4.540958e-05 3
1.473169e-04 694
1.676220e-05 876
4.354873e-05 3
4.833737e-05 3
5.551691e-06 7
4.730921e-06 5
1.956647e-05 1
1.336733e-05 1
1.040026e-04 3
1.594416e-04 1
1.512199e-04 7
3.535127e-05 5
7.181209e-05 81
1.688025e-04 1
3.280061e-05 6
1.254058e-05 1
6.726448e-06 1
3.770060e-05 1
5.195138e-05 1
9.582950e-05 3
8.320591e-06 1
3.150669e-05 179
3.899973e-05 38
5.174443e-06 1
3.308460e-06 2
1.853444e-05 4
2.106175e-05 1
6.124830e-05 4
3.593953e-05 1
5.179076e-06 2016
9.823679e-06 2
3.345476e-05 2
1.130983e-04 4
4.148412e-05 3
1.410110e-05 1685
1.020328e-04 193
2.463327e-05 160
5.890444e-06 1
6.056470e-05 1
2.841784e-06 1
7.402685e-05 50
2.691208e-05 3
2.995444e-05 41
1.731495e-04 1
2.486820e-05 1
8.336345e-06 1
1.110151e-04 1
5.772211e-06 1
6.801357e-05 1488
1.691571e-05 2
2.263368e-05 1
7.577566e-05 1
9.711964e-05 1
1.433528e-05 1
2.880783e-05 1
4.242163e-06 1
2.709186e-05 1
8.410473e-05 3
4.604304e-05 1
1.391682e-05 221
5.844277e-05 94
2.631405e-05 2779
5.118114e-05 1
2.127288e-05 1
3.463825e-06 1
8.244977e-05 105
1.423340e-05 3
3.181490e-05 6
5.257396e-06 1
1.294650e-04 1
5.761683e-05 1
6.471001e-06 3
9.441168e-05 1
1.644113e-05 30922
3.902073e-05 138
2.363958e-05 4
4.800233e-06 4
8.608188e-06 1
5.516479e-05 1
2.307238e-05 48
3.275639e-05 1
4.738826e-05 2
1.871999e-05 1
1.361548e-04 1
1.352674e-04 2
1.045372e-05 1
1.749785e-05 1
8.102536e-05 1441
1.552753e-04 38
8.754792e-06 1
3.036118e-06 229
1.962872e-05 54853
1.614379e-04 1
7.593597e-05 1
1.633397e-05 6
5.101565e-05 1
3.387462e-05 59
9.427733e-06 6
7.176434e-06 2
2.332831e-05 1
1.501949e-04 4
1.154263e-05 1
2.991022e-05 1149
5.000907e-06 1
7.063885e-05 3
9.349020e-05 4004
3.119007e-06 1
7.021395e-06 55167
3.953180e-05 1
1.686368e-05 24769
7.317342e-05 3
1.093248e-04 1
1.032803e-04 1
8.774707e-05 3
2.292262e-06 2
7.093614e-06 1
5.934302e-05 1
8.055629e-05 1314
3.088725e-06 1
8.016925e-05 4
4.901412e-05 2
3.466470e-05 73
1.712448e-05 1804
1.910520e-05 1
1.493950e-05 50110
1.750913e-05 1
8.387203e-05 3
1.089542e-05 1
3.255310e-05 1
3.172735e-06 1
5.262729e-06 2
1.558950e-05 1
1.349440e-04 1
1.596245e-05 1
4.418296e-05 1
4.611289e-05 2
1.376609e-05 756
1.426328e-05 7
1.670500e-05 1939
1.523697e-06 19668
1.421606e-05 2
5.899522e-06 17671
3.720700e-06 42011
4.735310e-05 1
5.420339e-05 2
1.474761e-05 1
2.390132e-05 1
2.240474e-06 1
1.391169e-04 1
6.378294e-05 3
2.805554e-05 2
3.376570e-05 2
3.142403e-06 1
2.898236e-06 1
4.483583e-05 1
5.510602e-05 35
3.236057e-06 3
2.900358e-05 54849
2.079772e-05 1
1.531184e-05 1
6.938027e-06 2
3.055240e-05 1
5.482639e-06 1
5.885113e-05 1966
2.043664e-05 1
7.038254e-05 1
3.215893e-05 2
1.064420e-04 1
2.765454e-06 1258
3.977690e-05 57640
2.226497e-05 4
9.290134e-05 1
2.052564e-05 1
1.696016e-05 227
6.005752e-06 12716
2.479847e-05 4
1.317688e-05 4
4.125429e-06 6
2.279926e-05 1
9.069199e-06 1
8.988871e-05 1
3.177763e-05 3
1.405568e-05 2
1.105928e-04 1
2.156665e-05 7
1.734438e-05 1
5.561749e-06 1
2.636037e-06 1
1.891798e-04 1
6.095532e-06 2
8.234239e-06 5
4.932695e-05 1
2.080460e-05 18
1.070004e-06 3
2.774248e-06 1
2.911007e-05 1
2.305218e-05 49
8.012878e-06 38
2.332744e-05 1
3.146944e-06 3
2.697394e-05 29052
1.268437e-05 1
3.892129e-05 3
9.682238e-06 1
5.474610e-05 43
3.101874e-06 46025
8.839284e-05 1
4.428528e-05 1637
9.610097e-05 3
7.166015e-06 1
5.214706e-05 1
2.012532e-05 1
1.318209e-05 27812
8.992469e-05 1
1.344005e-05 53489
7.438127e-06 1
3.739441e-05 3
2.461916e-05 1
1.304451e-05 2
2.421187e-05 1
3.198747e-05 189
2.505460e-05 1
5.411783e-05 1
4.099755e-05 6
3.145518e-05 1
1.002134e-04 1
3.876403e-05 1
2.626917e-05 1
5.311091e-05 2
2.387226e-05 1
7.061833e-05 199
1.077590e-06 7
3.119516e-06 1
8.203667e-06 1
5.095233e-05 2
1.119856e-05 2
8.433758e-05 1
1.092476e-05 6
1.344030e-04 3
4.023297e-05 1
2.944205e-06 2
9.929752e-05 7
5.817004e-05 1
3.557162e-06 1
2.112646e-05 2
1.408508e-05 1
1.228696e-05 3
3.652610e-06 1
1.759237e-04 1289
2.948956e-05 261
3.079348e-05 1
8.910879e-06 1
2.670060e-05 3
5.254130e-05 1
3.076790e-06 1
3.010928e-05 1
3.782194e-06 1
2.109263e-05 1
1.684528e-05 1
3.580066e-05 6
6.478510e-05 6
2.810802e-05 4
3.878085e-06 4
8.194609e-05 1
1.737270e-06 1
3.231635e-05 3
7.960759e-06 1
5.941451e-05 2
8.505630e-06 4
1.330124e-05 49949
1.878307e-05 1
1.021527e-05 1
1.439671e-05 1
3.467931e-05 1
3.125620e-05 1
3.217920e-05 2
7.077518e-07 1
3.412773e-05 1
2.501535e-05 1
2.944609e-07 1
1.226599e-05 5
1.858949e-05 1
1.324594e-05 191
1.027057e-04 88
6.191640e-05 2
2.993309e-05 1
4.476785e-05 629
1.092216e-04 3
2.370288e-06 1
4.084512e-05 1
2.141354e-05 1
1.533227e-06 2
8.291232e-05 1
2.507144e-06 1
4.768665e-05 3
3.392571e-05 1
7.519756e-05 1
8.569811e-06 728
1.517448e-05 7
3.546731e-05 1
5.573799e-05 1
2.826074e-06 1
7.996496e-05 3
3.301206e-06 1
3.624832e-05 1
1.304747e-06 1
7.777140e-05 1
7.176045e-06 1
1.426064e-05 3
2.011324e-05 1
5.165796e-06 1
2.812989e-05 2
9.155136e-06 1
4.764351e-06 1
3.314182e-06 1
2.391889e-05 2
4.085036e-06 1
9.905914e-05 142
4.471670e-05 593530
6.504427e-05 1
4.602067e-06 1
6.984147e-05 1
1.279680e-05 3
5.583912e-05 7821
1.172955e-05 1
4.289625e-05 1
1.482183e-05 2
1.238796e-05 2
1.245526e-05 11767
9.763176e-05 3
6.717953e-07 46725
2.093973e-05 1
1.512255e-05 1
8.956380e-05 7
2.719737e-05 1
4.125043e-05 1
1.180005e-04 3
3.803086e-05 1
3.068775e-05 2
1.178533e-04 1
1.321601e-05 1
8.920588e-06 3
1.684696e-04 2
8.574976e-05 6
3.668016e-05 1
2.065778e-05 2
6.956190e-05 4
6.541915e-05 1
1.922725e-06 1
2.036719e-05 1
1.958355e-05 1
2.306614e-05 1
7.169010e-05 3
3.375946e-05 1
5.672474e-06 1
1.774907e-05 1
1.717688e-04 1
2.802994e-05 1
3.571281e-05 1
5.391684e-06 1
2.342747e-05 1
2.156556e-05 1
6.517202e-08 4
1.006670e-05 1
7.789971e-05 3
3.220602e-05 1
7.756322e-05 1
5.970212e-05 3
8.747465e-05 275
1.169500e-04 1
2.192557e-05 1
4.483661e-05 1
9.446919e-05 1
2.620859e-05 1
1.245187e-05 212
4.336231e-07 1
9.930318e-05 1
5.029330e-05 2
1.172329e-04 1460
5.059145e-05 20203
6.315768e-06 2
9.068645e-06 1455
1.028009e-05 2
1.520057e-05 215
2.064498e-05 3
3.004855e-05 1
1.067103e-04 1228
9.227761e-05 1
2.073068e-05 1
1.802877e-05 1
4.543925e-05 1
6.594834e-06 1
1.623282e-05 2
2.481282e-05 1
1.762800e-04 1
2.546801e-05 3
1.647672e-05 1
9.812857e-06 2
4.945156e-05 1
5.972493e-05 3
7.889474e-05 1
9.628961e-06 1
7.746715e-06 1
2.008009e-05 2
4.715923e-05 170
2.947854e-05 1
4.222605e-05 1
8.831638e-05 3
7.632069e-05 1
1.151641e-04 1
1.529064e-06 6
1.247008e-05 2269
1.248641e-05 1
1.550506e-05 3
4.383993e-05 2
5.712627e-05 1
1.087165e-04 1
1.693822e-05 1
4.815983e-05 2
3.250389e-05 198
5.824540e-06 1
1.528617e-05 181
3.985660e-06 82
1.044169e-04 3
1.975775e-06 201
5.361560e-05 1
4.917204e-05 1
3.900437e-05 5
1.063575e-05 1
4.429563e-05 3
1.022821e-05 3
1.503859e-05 1
3.620436e-07 1
1.396788e-04 1
1.923705e-05 3
8.883065e-05 1
2.798486e-05 1079
8.316597e-05 6
1.752826e-05 1
2.208430e-05 1
3.524191e-05 1
1.679426e-05 266
6.173462e-05 2
2.029105e-05 1
2.089329e-06 1
2.801412e-05 2
1.276317e-05 1
8.826770e-05 2
1.601594e-05 1894
7.300709e-05 2
2.527357e-06 1
1.867225e-05 3
3.053610e-05 1
1.047679e-05 1
1.776922e-05 1493
1.056669e-04 1
3.965188e-05 1
9.276160e-06 3
4.663550e-06 343
1.165950e-06 3
7.681037e-05 1
3.181454e-05 7
3.924464e-05 1
1.009199e-05 3
3.894750e-05 2
1.182139e-04 2
4.621095e-07 1
3.725026e-05 7
4.125595e-05 96
3.376684e-05 3
5.977536e-05 96
2.138779e-04 3
1.046532e-05 1
2.538102e-05 10
2.890238e-05 5
7.837783e-05 2
3.828484e-05 1
1.466136e-05 6
4.498804e-05 6
1.221173e-04 4
1.996771e-05 3
2.818036e-05 1
3.697551e-06 7
6.115140e-05 2
4.487169e-05 3
5.475032e-06 64346
7.590663e-05 47243
4.127855e-05 3
2.810136e-05 6
3.404892e-05 1
2.260948e-05 1
2.555084e-05 261
4.023190e-05 1
1.364812e-06 1
5.221647e-05 3
1.670050e-06 1
5.483728e-08 1440
5.358522e-05 1
1.028601e-04 1
3.090653e-05 6
8.756507e-05 2
2.149457e-06 6
6.769630e-06 1
5.108312e-07 2
1.140578e-04 2
1.108729e-04 1
3.359424e-05 3
4.182537e-05 7
7.138871e-05 1
1.323647e-05 1
2.402532e-06 2
2.433895e-05 7
7.110196e-05 1635
1.675433e-04 148
1.312705e-04 2
2.413010e-06 1
6.625085e-05 1
3.011417e-06 3
3.205983e-05 2
3.556023e-05 57232
1.537740e-05 2
7.024676e-07 1
1.786873e-05 2
2.657658e-04 23124
1.483136e-05 1
4.674159e-06 4
1.636805e-05 1
2.496642e-05 1
4.155878e-05 3
1.013354e-05 5
9.271147e-06 2
4.514946e-06 1
3.286593e-05 1
4.644283e-05 218
2.857704e-05 1
1.187212e-05 1
3.924610e-05 6
8.022448e-05 1
1.555957e-04 23
7.311263e-07 2
7.867651e-05 1
6.459000e-05 1
1.177868e-06 2
1.650860e-05 7
1.330283e-05 3
9.602980e-05 4
4.910831e-05 1
2.159223e-06 1
1.554307e-05 1
1.353425e-05 58
1.062098e-04 1
9.473679e-05 1
4.366052e-05 1
7.428637e-06 1
1.852397e-05 3
5.323100e-06 1
1.998350e-05 6
3.264675e-06 55719
3.981343e-06 55940
1.047788e-06 1
2.675125e-06 1
2.940351e-05 2
1.448563e-05 7
2.344926e-05 1
5.322400e-05 7
3.969266e-05 5
4.512329e-05 1
1.290858e-04 60338
8.712944e-06 1
4.833864e-05 167
4.588092e-05 1
1.394815e-04 3
3.671263e-05 1
8.174974e-05 3
4.029290e-05 5
1.011392e-05 1
1.370693e-04 3
7.828728e-05 3
9.951347e-06 7155
5.773735e-06 1
2.517349e-05 1
1.090224e-06 1
6.722300e-05 65
1.187565e-05 6
8.577656e-05 1
7.072564e-05 1
2.872707e-05 178
3.094432e-05 1
1.698797e-05 1
1.143544e-04 121
1.159179e-04 1
1.010781e-05 2
1.261405e-05 3
2.418106e-05 1
3.405196e-05 240
3.982624e-05 505
7.156094e-05 1
1.072665e-05 1
7.091864e-05 108
2.618676e-05 984
9.888829e-05 1
1.442589e-06 1
1.540993e-05 88
1.055105e-04 1
2.209036e-05 1306
2.237273e-05 1
9.984135e-06 1
1.805736e-05 7
1.778764e-05 4
1.754898e-05 1
2.753851e-06 1
2.337080e-05 1
2.625973e-05 114
4.073277e-06 1
1.504165e-05 7
2.535538e-05 2
1.473430e-05 1
1.014761e-04 2
3.207966e-05 2
6.094283e-06 149
1.952045e-05 1
7.956841e-05 1
7.931596e-05 1
7.176572e-06 1
3.336431e-05 1
3.129207e-05 1
5.171914e-05 1
9.169641e-06 1
4.181139e-05 1
5.686793e-05 1
3.373032e-05 5
1.339590e-05 1
3.589219e-05 1
2.133328e-05 2
2.762758e-05 2
2.817175e-05 1
1.448733e-05 1
5.584921e-06 1
6.500384e-07 6
2.595192e-05 1
5.386289e-05 8098
1.739550e-05 2
4.590960e-06 1
7.924777e-06 2
6.516217e-05 523
1.650208e-05 182
2.972870e-05 1
8.820995e-06 1
3.174759e-05 3
1.014430e-04 1
6.859409e-05 6
1.833718e-05 251
6.660521e-05 1
5.349877e-05 1
5.798893e-05 204
1.250868e-05 1
5.612404e-06 1
3.663686e-05 1201
3.262205e-06 1
2.198137e-05 1
1.341196e-06 1
5.988406e-06 2
1.161883e-05 1
1.475270e-05 2
2.330692e-05 2
3.699466e-06 60885
4.494254e-06 1
2.087688e-05 1
3.479757e-05 1
4.448483e-05 2
3.030966e-05 1730
4.028928e-05 1
9.096186e-05 53203
6.793318e-05 5
2.317774e-05 545
1.704335e-05 1
1.291504e-05 1
1.692473e-04 2
4.730247e-05 63454
6.791454e-05 3
3.632960e-06 1
1.247949e-04 1
3.219214e-05 2
5.640451e-05 5
8.946412e-06 4
4.257474e-05 1
2.554938e-05 5
2.300838e-05 36801
4.476207e-05 1
3.835759e-05 4
2.964301e-05 4
4.018441e-05 3
3.391217e-05 1
1.371252e-04 3
2.753734e-05 2
8.311740e-06 1
7.694765e-06 7017
1.462979e-05 1
3.953393e-05 1
4.885284e-05 1
1.200282e-04 1
4.396879e-05 6
3.361509e-05 2
2.145974e-04 3
2.045668e-06 152
1.771431e-06 1
1.477723e-05 25
3.594891e-06 48220
4.896959e-05 1
8.492875e-05 1
5.062054e-05 3
9.485148e-06 2
1.964089e-05 1
3.356920e-05 6
3.568468e-05 3
6.433137e-05 1
6.492222e-06 1
6.591754e-06 2
3.154428e-05 1
1.168714e-04 1
3.855422e-05 1
6.757927e-06 1
1.524878e-05 1
8.412747e-05 1
2.193762e-05 1
2.007147e-05 3
3.124818e-06 1
6.519823e-05 1
1.350565e-05 476917
1.735349e-05 3
4.930156e-05 1
2.768535e-05 1
8.646062e-06 1
3.861682e-05 1
1.055858e-04 2
2.463348e-05 3
3.187727e-05 4
1.581102e-04 1
3.582426e-05 2
7.387539e-05 5
8.255095e-06 35
3.253936e-05 1
3.913407e-05 3
1.041065e-04 1
3.563797e-06 31928
1.347704e-04 1349
5.959940e-05 2
6.243690e-06 19502
1.017353e-04 5
3.411995e-05 1
6.125039e-05 1
1.378482e-04 1
1.997321e-05 1425
1.109442e-06 5
1.765583e-05 1
2.397445e-05 148
1.589748e-05 5
5.425221e-05 1104
3.025261e-05 2
7.872523e-06 1
7.527731e-05 7
1.096489e-04 1
1.174883e-06 1
4.411413e-06 163
1.040574e-06 1662
1.416036e-05 1
3.806141e-05 1
4.255467e-05 1
5.123423e-05 6
5.305778e-05 1
3.357907e-05 1
1.713113e-04 3
2.969756e-06 1
8.041459e-06 2
1.900954e-05 2
4.375465e-05 2
2.441382e-05 1
9.010167e-05 4
4.735355e-05 1
1.351776e-05 1
9.236572e-06 1
1.113593e-05 4
1.623442e-05 1
3.515046e-05 7
6.182717e-05 2
9.995825e-06 1
1.281571e-04 178
3.181841e-06 1
1.099186e-05 1
7.232221e-06 3
9.274009e-05 2
6.002940e-05 1
1.947466e-04 1
9.323666e-06 1
1.748524e-05 1
1.250199e-05 1
2.267335e-05 3
5.826502e-05 2
2.710127e-05 1
1.270698e-04 1
3.772574e-07 1
5.225664e-05 31067
4.572453e-05 3
2.106421e-04 3
2.707361e-06 1
1.716227e-05 58798
1.483980e-05 1
5.751211e-05 1
4.141663e-05 1
6.035665e-06 4
7.389581e-06 1
2.427669e-05 3
5.991458e-06 3
1.372766e-05 1
2.681618e-05 3
8.763910e-05 1
1.071572e-05 1494
1.520561e-05 1
4.125011e-05 1
1.877747e-05 1
3.598591e-05 1
4.940902e-05 1
5.602174e-05 1
1.091637e-05 56094
3.244895e-05 1
6.794817e-05 3
4.363579e-06 1
2.681294e-07 1
3.218993e-05 5
2.949047e-05 2
7.347029e-05 1
5.462385e-05 1190
1.062017e-05 2
2.146683e-04 3
3.187093e-05 1
5.179485e-06 3
7.815374e-05 7
2.540755e-05 1
4.914679e-05 60
1.414059e-04 53
2.614924e-05 515322
2.252035e-05 7
2.191562e-04 2
1.572523e-05 7
1.345731e-05 4
1.568909e-04 1
8.330029e-05 2
1.175352e-04 2
8.593475e-05 6
5.603457e-05 2
1.548320e-04 1
4.045107e-06 1
1.683503e-05 1
2.371904e-05 1
1.580045e-06 2
2.169953e-05 3
3.216728e-05 239
7.496160e-05 1
8.184865e-05 2
2.203591e-05 1
3.371350e-05 2
2.896102e-06 183
1.397820e-05 102
1.884219e-05 1
1.155628e-05 1
1.219875e-04 1
3.859047e-05 668
4.258474e-05 1
7.689624e-05 3
2.197227e-05 103
2.422646e-05 6
5.422647e-05 1
1.389046e-05 1
5.770393e-06 1
6.512274e-05 1
4.248355e-05 7
1.103939e-05 1
7.750449e-06 1
6.988987e-05 3
3.554373e-05 171
8.814634e-05 1
3.255230e-05 1
5.382656e-05 8600
6.898614e-05 180
8.147047e-05 1
3.227555e-06 1
9.180512e-05 7
8.209267e-06 1
2.652466e-06 3
4.806851e-06 2
7.387550e-05 1
2.807870e-05 1
9.072609e-06 150
1.622645e-05 4
7.882764e-05 1
8.922185e-05 1
1.518824e-06 1
3.037201e-05 1085
4.108724e-05 2
8.326936e-06 1
2.409923e-06 6
9.581767e-05 1
5.154558e-05 2
4.796335e-07 1
1.193522e-05 1
6.349386e-05 4
6.314714e-05 77
7.597684e-06 3
9.377652e-05 3
2.243947e-05 1
5.697576e-06 4
9.505452e-05 1
4.801733e-06 42892
9.722331e-06 1
4.823828e-06 1
1.012908e-04 6
2.067956e-05 3
1.669860e-06 198
1.118063e-05 1
6.367695e-05 2
3.835112e-05 3
2.214926e-05 1
1.527680e-05 1
2.764581e-05 4
2.425704e-05 1
5.244135e-07 1
6.600242e-05 1
1.130965e-04 2
2.745421e-05 1406
3.326172e-05 1
2.132097e-05 1
1.292622e-04 2
1.049997e-05 1
1.820907e-05 1
5.984158e-06 1
2.127407e-05 1484
3.936252e-05 1
5.319910e-06 1
6.527572e-05 20612
3.700011e-05 1
3.587720e-05 968
1.080515e-05 47
6.027643e-05 29
1.000013e-05 1
4.959468e-05 3
1.115144e-05 1
3.598354e-05 1
1.450511e-05 2
2.481200e-05 1
1.923419e-05 6
8.107215e-05 1
6.121557e-06 2
2.737583e-07 41274
6.347907e-05 1
2.456630e-05 1
4.660451e-05 1
6.467923e-05 2
2.895445e-05 4
5.509087e-05 1
1.041948e-04 1
6.119100e-06 2
2.406720e-05 1
3.646471e-05 1
7.357722e-05 5
1.000795e-04 3
7.038710e-05 5790
3.180956e-05 1
3.414997e-06 2
4.677867e-06 200
1.362702e-05 4
3.777280e-06 1
2.406596e-05 101
1.626394e-05 1
3.779595e-05 1
6.864140e-05 28
1.485486e-04 2
1.055982e-05 1
4.466498e-05 671
1.474310e-05 5
1.259073e-06 1
1.089604e-04 121
4.280772e-06 1
5.029120e-05 1
6.783959e-05 1
8.512137e-06 1
1.856413e-05 2
1.828204e-05 1
3.243114e-05 6
9.513144e-06 5
8.394473e-06 1
2.921932e-05 5
1.032352e-04 6
3.344940e-05 2
4.444792e-06 2
3.529057e-05 1
6.338771e-06 1
5.339737e-06 250
2.231175e-05 2
5.316805e-05 193
2.339131e-05 5
1.258937e-05 1
9.863524e-05 1
4.696010e-05 1
1.510691e-06 7
2.253498e-05 1
5.196830e-05 1
1.424418e-05 1
6.837928e-06 267
1.119095e-04 1
1.324267e-05 1
9.486214e-06 6
6.015814e-05 146
3.907576e-06 1
1.859570e-05 1
1.093488e-05 3
1.389928e-04 1
7.118577e-05 183188
7.128100e-05 5
5.037836e-05 1
2.190575e-05 120
5.858472e-05 1
4.619078e-05 1
1.721486e-04 1
2.233674e-05 66310
7.185363e-05 1
8.842883e-05 3
4.470281e-05 1
6.927069e-06 1179
9.400479e-07 1
4.192741e-05 1
2.351125e-05 1
6.948380e-05 1
9.493922e-05 1
1.196591e-04 3
7.172511e-06 3
9.113454e-05 1624
1.200243e-05 69
3.031645e-05 29992
5.358339e-05 1
5.897305e-07 785
1.675635e-05 1
2.854313e-05 6
5.216823e-05 1
4.031190e-05 2
1.660333e-05 1
6.986675e-06 1
2.417551e-05 1
1.951692e-05 2
3.519464e-05 1
1.720379e-05 1
9.935009e-06 1
1.759071e-05 1
1.100852e-04 40649
6.839004e-05 3
7.522310e-07 1
4.948947e-05 1
2.815857e-05 1
8.779158e-06 1
2.620115e-05 6
4.125575e-05 1
5.468188e-05 1
2.986814e-05 1
2.147839e-05 1
1.175375e-04 1
1.615575e-05 2
7.379505e-06 2
1.029385e-04 1156
5.336724e-05 1
2.014530e-05 3
2.635730e-05 1
1.225917e-04 1
9.418502e-05 1
1.600975e-06 586
1.617101e-05 1
2.549562e-06 1
3.827267e-05 1
3.234436e-05 1
1.276910e-05 1
2.135416e-05 2
5.379341e-05 1
2.125713e-05 124
2.457411e-05 3
4.591288e-05 1
8.296451e-05 1135
1.021407e-06 1
5.137733e-05 1
2.385923e-05 5
4.159101e-07 1
3.897712e-05 1
4.517476e-05 1
2.394306e-06 1
1.376929e-05 1
6.545712e-05 4
4.005407e-05 3
8.735636e-06 1
8.283151e-05 4
4.179892e-05 2
9.121746e-05 5
2.477152e-05 1
4.163039e-05 1
8.240382e-05 1
1.354527e-05 1
3.082086e-05 1
5.370384e-05 1
6.110480e-07 1775
4.957014e-05 3
3.270547e-05 1
1.109739e-05 1
3.682239e-05 1
5.282463e-06 153
1.101483e-04 1
4.327221e-05 2
1.987484e-05 24
8.698603e-05 3
1.629389e-04 1
3.476670e-07 1
6.597834e-05 3
1.972438e-05 798
2.128102e-06 1
4.389061e-05 1
7.190715e-05 1
5.113444e-06 36909
1.323870e-05 2
4.213535e-05 69
2.104310e-05 1
3.903879e-05 1
2.706384e-05 5
2.376447e-05 1
6.786875e-05 1
1.014309e-04 1
2.018904e-06 1
9.941605e-06 1
2.017796e-05 1
3.522058e-05 1
3.283522e-05 3
7.947287e-05 5
2.805439e-05 3
6.968403e-05 1
6.946665e-05 1
4.047693e-05 8125
4.739781e-05 1
2.474971e-05 1
2.456250e-05 249
8.162337e-05 3
3.559526e-05 3
1.013578e-05 2
3.995906e-05 3
8.654174e-06 7
5.046800e-05 2
6.557740e-05 3
1.618137e-05 3
2.364085e-05 2
6.206026e-05 6
3.098891e-05 1
9.679984e-06 1
2.721374e-06 1
9.364497e-05 1
2.219835e-04 1
1.412908e-05 1
4.599462e-05 3
9.582531e-05 2
2.067605e-05 140
1.907598e-04 3
1.431253e-04 1
2.836426e-05 1
1.704680e-05 1
9.511242e-05 2
1.165305e-05 34
5.354906e-05 1
8.722995e-05 1
4.857958e-05 1
9.516944e-06 1
5.720081e-05 1
2.645761e-05 1
7.808505e-05 1
1.029567e-04 3
4.786675e-06 1
8.310058e-05 1
3.995898e-05 1
3.345265e-05 4
2.855869e-06 72
1.463697e-05 1
1.388187e-06 1
1.348333e-05 1
6.940462e-06 72
1.359543e-04 1
1.443611e-05 1
1.946740e-05 3
5.979069e-06 3
4.151074e-07 1
8.799177e-05 2
1.350416e-05 783
1.129064e-05 1
1.006356e-04 73
3.801353e-05 2
3.353151e-05 1
4.539822e-05 7
1.122605e-04 1
1.212051e-05 2
9.492775e-05 1
2.761605e-05 2
4.058220e-06 191
3.023585e-06 6
5.050541e-05 1
2.473665e-04 1
3.854756e-05 1096
2.931059e-06 1
2.868561e-05 1
1.171785e-05 1
1.650895e-04 1
4.616926e-05 1
8.656493e-06 3
1.221141e-05 113
8.976696e-06 1
2.764972e-05 1
7.961802e-05 1
5.003671e-05 1
6.048078e-05 1
2.620400e-05 1
3.586799e-06 1
5.357303e-05 1
3.864747e-05 107
5.218195e-06 1
3.779282e-06 715
1.543615e-04 1
1.669949e-06 1
2.060043e-05 29
1.725312e-04 1
9.855507e-06 2
1.316058e-05 1
1.053960e-04 114
2.107135e-05 3
1.368272e-05 5
9.606180e-06 3
7.248370e-05 2
3.261964e-05 1
5.208605e-06 1
1.914081e-04 1
3.870468e-07 1
1.459174e-06 7
3.293617e-05 3
1.112888e-04 1
1.033150e-04 1
1.923713e-05 58
1.096924e-04 1
1.130077e-05 1
1.708505e-06 22
1.059818e-04 3
1.874381e-04 4
4.395649e-05 4
1.756721e-05 5
4.722745e-05 1
3.148898e-05 1873
2.979971e-05 1
6.593838e-05 2
8.484986e-06 4
2.357377e-05 2
2.578260e-06 3
4.583342e-05 2
2.877652e-05 2
8.224150e-05 1
3.602608e-06 1
1.263592e-04 6
9.101145e-06 3
9.584854e-05 1
1.255214e-05 7936
1.597674e-06 2
8.480800e-06 1630
2.677432e-05 1
1.559978e-05 33
5.716752e-05 2
2.965236e-05 1
6.367614e-05 1
8.635251e-06 1
6.213526e-06 1
1.287126e-04 220
6.104107e-07 2
2.125986e-07 2
3.328616e-05 2
1.630234e-05 1
5.243657e-05 138
2.730636e-05 1
6.029830e-06 2
7.695569e-05 913
9.867274e-06 3
1.610198e-06 1
3.986856e-05 6
3.253876e-05 1
2.828485e-05 1
3.803922e-05 21749
4.816351e-05 1
4.927786e-05 3
6.050009e-06 1
8.108449e-05 1
1.150306e-04 1
8.164643e-06 1
1.330755e-05 49695
5.311961e-05 3
4.783751e-05 1
3.229042e-05 1022
5.276804e-05 362
2.223209e-05 1
4.225264e-05 3
3.083472e-05 1
1.697104e-04 2
4.552057e-06 1
3.945764e-06 13
2.228268e-05 1
6.401527e-05 1
1.121840e-05 4
1.907510e-05 1
1.347801e-05 2
5.390755e-05 1
1.127525e-04 4
1.010127e-05 9759
6.607538e-05 3
6.222557e-06 1
1.862772e-05 1
3.028873e-05 2
3.017467e-06 1
3.345271e-05 1
3.845131e-05 13207
3.192906e-05 1
1.679515e-05 1
2.784075e-05 3
1.717749e-04 7
3.495804e-05 1
2.036784e-05 142
7.492407e-06 1
8.946081e-06 1
1.777264e-05 6
9.425306e-06 1
5.666600e-05 14740
1.246811e-05 1
7.002033e-05 9202
7.754828e-06 1
1.405488e-04 3
8.195810e-06 1
2.820559e-06 1
3.627962e-06 1
8.885807e-05 1
1.520476e-05 4
4.478430e-05 1
1.891942e-04 3
9.788130e-06 550
5.413862e-05 1
4.448248e-05 28
5.426156e-05 6
7.124360e-07 1
7.380453e-05 1
1.125362e-05 1
9.889521e-06 2
3.569663e-06 129
3.081982e-05 1
1.169996e-05 1
1.354266e-05 92365
5.585611e-05 1
1.724024e-05 1
3.954971e-05 1
9.844809e-06 1
1.734639e-05 1
1.738920e-04 1
1.619239e-05 1
8.001013e-06 7
5.828746e-05 1
7.935413e-05 11
1.510740e-04 2
3.058305e-05 1167
3.191857e-05 1
3.796860e-05 1
2.498102e-06 1
3.954132e-06 1
5.539954e-07 1845
9.164344e-05 3
1.949597e-04 1
6.130416e-08 1
8.328455e-05 1
1.616453e-05 259
1.860434e-05 62447
2.593351e-05 1
1.626693e-05 1
6.312977e-05 206
5.769027e-05 5
6.285387e-06 3
5.086203e-05 1
9.759589e-06 1
2.968407e-05 7
8.220621e-06 1281
2.350467e-05 128
4.510179e-05 1
2.166274e-06 1
4.685267e-06 1
4.363653e-05 1
2.158493e-05 4
1.500198e-04 16869
1.638286e-05 982
6.979143e-05 1
1.590213e-05 6
1.204501e-05 2090
1.356760e-05 1
2.251951e-04 5
1.537937e-04 1
1.173726e-04 1
1.260189e-05 5
2.697020e-05 4
3.890163e-05 1
1.017960e-04 3
1.676772e-05 1
1.652009e-07 2
1.009782e-05 1
1.386621e-04 1
2.278846e-05 1
9.082494e-06 1
4.035966e-05 1
2.399221e-05 2
9.131942e-05 1
1.638519e-05 2
5.422990e-06 1
5.223986e-05 1
5.171739e-06 1
6.744280e-05 1
6.651297e-05 148
2.279915e-05 1
1.487479e-05 1
6.617271e-06 2273
1.843881e-04 41481
1.067609e-05 1
1.778434e-04 1668
4.929663e-05 3
4.671330e-06 1
9.365124e-06 3
1.051337e-05 3
2.987708e-05 1
1.717874e-05 1
6.200886e-05 1
1.254977e-05 1
8.944390e-05 2
1.820165e-05 1
1.848310e-05 42
3.406610e-05 1
4.607623e-05 1
3.059999e-05 3
4.709100e-05 3
7.487691e-06 1
9.486744e-06 208
6.570551e-05 51777
9.642571e-06 1
3.887552e-05 2
1.150340e-05 130
3.211901e-06 2
5.105009e-05 1
8.176310e-06 256
2.539748e-05 239
3.796099e-05 966
7.041365e-06 1
2.690131e-05 3
7.198739e-07 1
3.709572e-05 1
9.457151e-06 1
1.343872e-05 3
1.541732e-05 3
2.513766e-05 2
2.617581e-06 77
2.067025e-05 1
1.149064e-05 3
2.397197e-05 1
4.814211e-06 1
1.147906e-04 4
5.488038e-06 7
4.737008e-06 66
8.488438e-05 1
1.691865e-05 2
1.615826e-04 1
6.984009e-05 7
5.318135e-07 1
1.326923e-05 1
4.793827e-05 1
6.407794e-05 3
9.142476e-05 3
3.089269e-05 2
1.792931e-05 72
2.712438e-05 3
2.375560e-06 1
6.185421e-05 1
4.659922e-05 1
5.537277e-05 3
3.330278e-05 3
3.703542e-05 262
4.586061e-05 7
4.855665e-06 1
3.780181e-06 2
1.163637e-05 1
1.370376e-05 1
1.426551e-04 250316
1.409852e-04 6
6.238574e-06 1493
3.199840e-05 3
1.049122e-05 2
1.617226e-05 1
4.622342e-05 1
2.389557e-05 123
1.100597e-06 5
2.815272e-05 1
1.392041e-05 1
5.385395e-05 1
1.771609e-04 7
7.512974e-06 1
3.989438e-06 1
8.040587e-05 1
6.823405e-06 3
6.244645e-05 3
3.195491e-05 1
5.748051e-06 1
6.121456e-06 1
1.108492e-04 1
1.721218e-05 1
4.691252e-05 1
4.266680e-05 885
9.029632e-06 1
1.066441e-05 3
4.113120e-05 1
6.646070e-06 1
5.522398e-05 1
2.547730e-05 3
3.283139e-05 3978
1.023798e-05 3
3.260969e-05 251
2.340906e-05 6
4.104222e-05 7
7.261153e-05 1
1.436522e-05 7
3.902003e-06 1
1.394706e-05 1
1.169371e-06 10
2.133904e-07 1
2.433253e-05 1
1.988347e-05 1
4.853072e-06 5
1.956638e-05 1
2.214812e-06 1
1.519792e-05 1
8.782306e-05 1
3.584333e-05 1
4.299867e-05 5
1.192454e-04 519
5.266120e-06 1
1.534784e-05 1
1.688885e-05 1
3.095793e-05 1
2.513604e-05 1
1.083329e-06 1
6.510034e-06 3
4.627174e-06 158133
6.925804e-06 1
5.189748e-07 1
1.583108e-04 1
3.886999e-05 1
8.671505e-06 2
6.176243e-05 1
5.446426e-05 92
7.982479e-06 1318
1.687598e-05 1
2.875453e-06 1
5.854801e-05 1
1.517784e-06 1
1.959221e-05 1
6.013055e-06 5
1.004453e-04 1
4.366556e-05 1
8.891324e-05 1
3.114729e-05 1455
5.837465e-05 1
2.806575e-05 1
2.337672e-05 5
1.042787e-04 1
1.111135e-05 4
6.862208e-05 336
5.394393e-05 1
2.577784e-05 1
6.893700e-05 38
9.194141e-05 1
6.922668e-05 34528
9.770729e-06 3
3.358409e-05 2
2.670775e-05 6
8.403037e-05 1
2.679235e-05 2
4.568079e-05 673
2.788733e-05 2
1.458984e-04 2
1.306205e-04 1
5.167202e-05 1
5.593996e-05 89
2.208392e-05 1
7.605357e-06 1
3.555035e-05 1
2.975931e-06 2
5.842613e-06 1
4.138570e-05 2
1.405733e-05 241
1.304679e-05 374
1.429007e-05 1521
1.140085e-04 1
1.145984e-05 3
7.589204e-06 169
1.029622e-04 1
1.217407e-05 129
3.894481e-05 1
5.903688e-05 1
3.334779e-05 1
5.555541e-05 1714
3.616918e-05 1
1.114957e-04 438
7.440910e-06 5
1.233728e-05 1
1.098362e-05 1
8.991458e-05 2
3.636712e-07 1
1.077581e-05 2048
2.696103e-05 1
2.697229e-05 1
5.571576e-05 1
5.616778e-05 3
4.661020e-07 157
3.921905e-07 4
6.125047e-05 1
1.253211e-05 1
7.746168e-06 14
2.287555e-05 3
1.274436e-05 3
6.351944e-06 3
4.683419e-06 1
2.834739e-05 45402
4.980114e-05 2
7.419582e-06 1
1.041661e-06 645
6.389807e-05 1
8.192669e-05 2
2.233933e-04 1
9.137755e-06 1
5.117609e-06 1
1.206154e-04 3
9.091497e-06 8158
3.624643e-06 7
1.570334e-06 1
2.351172e-05 379913
4.642616e-05 7
7.627547e-06 195
1.502701e-05 29017
9.421483e-06 3
2.725157e-05 1
6.505612e-06 47
1.660661e-05 1
5.681136e-05 1
1.263389e-04 1
8.936395e-06 1
4.698579e-05 473801
9.973729e-06 1
4.067955e-05 7
9.766921e-05 3
2.500713e-05 1
1.195005e-06 1
2.514859e-05 1
5.615262e-05 1
1.949880e-05 1
6.036302e-05 13
5.544905e-05 1
3.974490e-05 2
1.081252e-05 1
1.315240e-05 5
8.084566e-06 5
1.534605e-05 264
8.389473e-05 1
5.608589e-06 2
5.214737e-06 3
2.145223e-05 3
2.633544e-05 889
7.718674e-05 1
3.076210e-05 4
2.166625e-05 2
4.725737e-05 1
4.033542e-05 38
2.357146e-05 1
9.678114e-05 1
2.342147e-05 149252
7.387848e-06 906
1.990870e-05 1
2.601604e-05 1
4.057366e-05 6
7.719289e-05 1
2.609101e-05 2
3.374019e-06 3
2.422302e-05 1
2.574528e-06 1
4.413987e-05 2
9.050651e-05 5
5.808992e-05 2
3.609030e-05 252
1.045956e-05 256
1.043561e-05 1
5.348584e-05 1
1.478736e-04 6
3.593607e-05 3
5.551230e-06 2
5.560515e-05 6
8.470411e-06 3
1.067688e-05 1
2.411970e-05 1
1.807665e-06 29
4.003345e-05 77
1.991039e-05 1
4.438523e-05 1597
3.765132e-05 1
1.443543e-05 1
1.395554e-04 1
4.161432e-05 214
1.453685e-05 25
2.044515e-05 1
7.415296e-05 2
3.287948e-05 7
2.514906e-05 1
1.314258e-04 1
4.046417e-05 26206
4.916961e-05 1
3.185617e-05 50
2.299864e-05 2
6.857008e-05 3
1.179841e-05 1
9.842321e-06 1
1.684195e-04 2
3.130443e-05 1
9.634626e-06 1
5.645418e-06 1
2.396133e-04 1
4.553961e-05 1
4.749446e-05 3
2.468730e-05 1
2.401125e-05 2
