1.817852e-04 1
3.269847e-06 1
1.628617e-05 155
8.702348e-05 1
5.050909e-05 214
3.041566e-05 1
7.196146e-05 1
2.369664e-04 1
1.239810e-06 1
1.019061e-04 1
3.640312e-05 4
5.609010e-06 1
1.175208e-04 1
6.335655e-05 3
5.284001e-05 357
7.910012e-05 1033
4.543896e-05 1
2.206478e-04 242
8.940454e-05 7
5.308509e-05 1
1.153634e-04 1
6.949093e-05 1
3.576269e-05 1
1.520827e-04 6
2.827253e-05 1
6.841039e-05 1
2.454943e-05 6
2.379205e-06 77
3.347549e-05 1
3.841020e-05 1
8.501552e-05 1
1.353184e-05 1
1.831174e-05 3
6.161639e-05 3
6.658177e-05 1
4.883489e-05 3
6.067301e-05 1
9.963438e-05 1
2.164852e-05 1
4.216043e-06 2
5.077825e-05 3
2.341806e-05 113
2.879657e-06 1
5.381367e-05 38630
1.426420e-04 3
3.141642e-05 1
1.577738e-05 7
1.373638e-04 1
1.999978e-04 3
6.632359e-05 243
4.180103e-06 1924
1.618651e-05 1
1.294479e-05 46
7.672046e-05 2
1.935994e-05 6
5.562001e-05 2
6.098138e-05 1
1.251169e-04 1771
4.659770e-05 3
1.029783e-05 1
3.683306e-05 35
5.360602e-05 1
4.370782e-05 4
1.050534e-04 3
2.334809e-04 1
8.099836e-05 7
6.641977e-06 1
6.513356e-05 1
1.280311e-05 1
3.863971e-05 178
5.358567e-05 1
1.704011e-04 1
3.885467e-05 1
8.333517e-05 1
3.169366e-05 2
2.875607e-06 6
2.423826e-05 64712
5.631957e-05 1
8.725717e-06 1
9.987453e-05 3
1.093082e-04 1
1.598523e-05 6
5.363538e-05 41987
1.058129e-05 1287
3.197999e-05 1
1.993036e-04 1175
6.153019e-05 1
2.879774e-05 50611
2.151243e-04 6
9.914076e-05 6
2.257718e-04 1
6.969993e-05 2
1.451500e-04 3
6.919265e-05 1170
2.014054e-05 221
5.680317e-05 1
3.543580e-05 766
1.682307e-05 1
2.814296e-05 1
1.886485e-04 1
2.138005e-05 1
4.909004e-05 15573
3.915677e-06 2
3.892246e-05 2
8.989056e-05 1107
2.433414e-04 1
3.303042e-05 1
1.772675e-05 1
1.815067e-04 1
5.376913e-05 1
2.459072e-05 1
1.334904e-04 1
1.003181e-04 1
2.429116e-05 2
5.787650e-06 1
6.856210e-05 6
8.379280e-05 2
1.788804e-06 1
6.826959e-05 1
7.478879e-06 3
9.672208e-06 1
1.115835e-04 2
2.790421e-04 7
1.717908e-05 4
1.634183e-04 1
1.891604e-05 29716
1.790498e-04 1
1.200059e-04 2
2.980342e-05 1
3.089566e-05 1
1.630532e-05 615675
1.991732e-05 2
6.351215e-05 129
5.853680e-05 2
5.205667e-05 2
2.127476e-05 1808
4.559929e-05 1
3.061559e-05 1
3.071651e-05 2
9.545727e-06 214
3.600493e-06 1
8.590572e-06 1
3.400522e-05 1
1.000252e-04 1
1.245551e-04 1
2.563061e-05 1
2.256505e-05 2
4.388381e-05 6
1.906532e-05 752
9.983185e-05 1
8.178922e-06 6
4.963633e-06 1
2.336200e-04 5
4.918144e-05 1
4.194560e-05 1
2.660327e-05 1
2.189631e-04 2
4.356123e-05 262
1.045581e-06 262576
4.180453e-06 1
6.947490e-05 1
6.560399e-05 49086
1.307092e-05 7
2.159805e-05 1
7.768979e-06 2
1.033973e-04 1
7.178247e-06 1
5.087500e-05 1
4.720937e-05 1
2.452682e-06 503
3.152792e-05 1165
1.419029e-05 37193
1.274443e-04 1
1.182972e-04 1
6.021972e-05 112
3.778939e-05 1
6.279948e-05 68
3.122584e-04 1
1.104909e-05 1280
3.137353e-06 1
1.254225e-04 1
1.188208e-05 1
6.989746e-05 1
2.492324e-05 201
5.371729e-07 1
4.364643e-05 180
5.356980e-05 1
2.143532e-05 1
2.032050e-05 3
1.794947e-04 7
3.075782e-06 3
2.073564e-04 1
2.467704e-05 1
3.978529e-05 1
6.353278e-06 1
5.593845e-05 1
7.916372e-05 3
4.109200e-05 1
1.105686e-04 1
9.183008e-06 1
6.530589e-06 51
2.771071e-04 68
2.896019e-05 4
4.135050e-05 4
6.870323e-05 1
3.930850e-05 4
1.005131e-04 2030
2.413253e-05 1
3.349397e-06 1
1.760701e-04 1
9.677037e-05 26
3.392540e-05 1
1.457542e-05 3
4.593601e-05 3
1.533850e-05 14820
1.780181e-09 5
4.740796e-06 5
2.376068e-05 97
1.160729e-04 2
3.051749e-05 2
9.542925e-06 1
2.443918e-06 1
6.095107e-06 1
7.188559e-05 1
1.184590e-04 1
1.483786e-05 1
3.881038e-05 2
1.086384e-05 1431
1.034251e-04 3
1.038824e-05 1
1.419255e-05 1
4.049553e-05 1
8.703576e-05 140
8.496573e-05 4
9.570932e-06 1
4.091381e-05 418
7.508836e-06 4
5.843730e-05 7
5.950565e-05 6
4.186144e-06 198
1.865705e-05 4
1.426440e-05 2
1.839913e-04 1635
2.866786e-05 190
1.812668e-05 1
7.870786e-05 42400
1.228156e-04 1
2.261060e-05 6
4.429349e-05 3
3.598400e-05 1
1.827601e-05 1
2.480649e-05 1
5.178805e-05 1
4.229327e-06 5
4.838358e-05 2
1.275874e-04 5
2.750875e-05 241
1.491425e-05 1
7.281210e-05 1
8.595473e-06 1
2.970084e-05 144
1.661822e-05 2
5.013952e-05 3
1.066818e-04 1
1.278493e-05 1
2.861369e-05 2
9.174199e-05 1777
1.424163e-05 212
1.027877e-05 1
4.194721e-05 1
6.225086e-07 347
1.271452e-05 165
6.318947e-06 1
5.113754e-05 88
1.221444e-04 1
2.322324e-05 1
2.550626e-04 149
2.681888e-06 1
6.823041e-05 1876
4.900922e-05 7
8.289231e-05 1
2.361424e-06 184
9.692215e-06 3
2.468013e-06 1
4.375895e-05 1
2.770615e-06 1
9.785122e-05 2
2.682713e-05 1
9.532753e-05 3
3.942900e-04 6
4.697636e-07 1
1.453943e-05 1
8.053301e-05 1
1.827915e-05 6
1.670083e-05 7
1.152667e-05 2
4.447164e-05 124
9.600472e-05 1
4.411710e-05 3
2.023411e-05 1
6.633768e-06 3
8.153670e-05 1
9.239771e-07 173
9.374920e-05 3
4.921739e-05 1
2.471590e-05 1
7.484802e-06 1
1.853995e-04 10575
4.286290e-05 1
7.632546e-06 1
8.984589e-05 1
1.962069e-05 1
5.665384e-05 3
5.857934e-06 1
8.986717e-05 330887
1.615691e-04 1
3.055807e-05 2
5.034478e-05 6
4.557129e-05 112
2.548943e-05 1
7.134835e-05 1
3.126515e-05 1
1.044801e-04 1
6.294330e-05 250
7.527804e-05 688
7.444231e-05 7
1.214520e-05 1
4.084412e-05 1
5.737468e-05 1
2.523613e-05 1
1.258488e-04 1
1.337848e-04 1
4.359397e-05 1
2.478189e-04 5
5.984058e-05 2
1.009337e-04 1
1.468780e-04 1
2.385786e-05 1
2.938794e-05 158
1.111956e-05 1
1.036286e-05 7
1.059500e-05 1
9.341021e-05 1
8.053934e-05 1
3.901404e-05 1
1.836577e-04 1
4.780361e-05 1
2.158206e-04 4
1.202264e-04 3
4.148527e-05 1
2.597379e-05 1
6.409069e-05 1101
5.468468e-05 2
3.734509e-05 1
5.219835e-05 2
1.365238e-05 165
6.576655e-05 1
9.771254e-06 1
6.048944e-05 1
7.949136e-05 1
2.776955e-05 1
2.317061e-05 3
3.039675e-05 2
3.942354e-05 3
2.121798e-05 3
1.851266e-05 1
6.186476e-05 6
2.994509e-05 625
1.259817e-04 6
9.550312e-05 3
1.810518e-05 22719
5.006695e-05 2
5.591061e-05 3
1.016790e-04 109
1.917294e-04 2
1.175126e-05 60
7.059642e-05 165
5.414993e-06 3
5.756715e-05 1
1.653553e-04 1
4.183430e-05 1
8.243078e-05 1
6.759077e-05 5
2.904997e-05 1
2.074048e-05 1
3.596815e-05 1
3.233453e-05 6
4.945917e-05 1
1.464300e-04 4
3.873542e-05 1
9.957441e-06 2
4.253099e-06 1
2.581994e-05 1
5.865427e-05 1
1.893360e-05 123
6.365858e-05 1
3.095814e-05 1
2.013085e-04 1
6.656771e-06 2
8.635992e-05 1
1.374790e-05 266
3.761991e-05 2
2.306382e-05 1
7.167996e-05 5
6.152743e-05 1
1.942486e-04 1
6.308580e-05 2
5.051599e-05 2
5.720685e-05 2
1.454760e-06 1
1.918643e-05 1
3.985713e-05 1
1.500049e-05 1
2.230983e-06 1
9.841749e-05 1
1.942706e-04 2
2.905488e-05 1
8.910716e-06 1
3.617648e-05 1
4.263930e-05 4346
2.903747e-05 1
9.423588e-05 1
6.612469e-05 3
1.963759e-05 246
3.234115e-05 1
2.581598e-07 1
6.024813e-05 1
9.926621e-05 1
9.608866e-05 1
6.293132e-05 12
2.437804e-05 2
1.334572e-04 4
5.091336e-05 1
4.600687e-06 1
6.557136e-05 3
1.717888e-05 1009
4.407780e-05 1
1.328529e-04 5993
1.273561e-04 4
8.600099e-05 2
1.397187e-04 1
1.809914e-05 2
9.369343e-06 2
7.230576e-05 1
9.780068e-06 7
1.376083e-05 3
2.629730e-05 5
6.970167e-05 1
7.985416e-05 1
2.996304e-05 6
7.029169e-06 1
3.844246e-07 3
8.131896e-05 1
2.182128e-05 38142
6.197311e-06 2
7.815303e-05 3
3.724848e-05 1631
1.115096e-04 160
5.976959e-05 6
7.229504e-05 1
9.341464e-07 1
6.480569e-05 1
1.393926e-04 1
2.045227e-04 261
4.589155e-05 2
2.373806e-05 1
3.664043e-05 1
4.165647e-05 3
1.899079e-04 1
7.456209e-05 1
5.098176e-05 1
1.767402e-05 1
1.377791e-04 1
6.339430e-05 1
1.093666e-05 3
2.469029e-05 1
6.331977e-05 1
3.206381e-05 1
1.444580e-04 172
8.749055e-05 2
1.479964e-05 235
6.176924e-05 2
1.148250e-04 5
1.866352e-05 1
9.435320e-05 3
1.522465e-04 1
3.163950e-05 348
1.307565e-05 1
5.114113e-06 1
1.613231e-04 7
5.203617e-04 1345
2.140755e-04 3
3.721744e-05 1
6.572537e-07 1816
9.496651e-05 1
2.274178e-05 6
1.807484e-05 1473
1.705331e-05 5
1.986127e-05 49
8.928225e-07 1
7.812174e-05 1
4.425386e-06 1
9.993596e-05 276
5.920432e-05 3
1.916716e-05 1
2.971488e-05 1
2.366892e-05 1
1.085549e-04 1
7.980612e-05 174
2.129903e-05 1
4.722470e-05 2
1.926724e-04 5
9.052357e-05 1
5.435164e-05 1
2.732506e-05 4
2.466907e-05 3
2.406528e-05 1
6.386276e-05 41
4.598789e-05 3
7.499216e-05 1
4.914006e-05 4
3.683689e-05 1
5.254333e-05 18
2.186812e-05 1
7.704056e-05 1
1.118251e-04 3
3.696734e-06 1
1.279594e-04 2
1.285864e-04 3
7.344930e-05 3
2.049426e-04 2
7.946737e-05 1
1.744152e-04 1
1.859103e-05 1
2.598151e-05 4
2.247503e-04 1651
4.899346e-05 1
2.614177e-05 1
7.573955e-05 4
1.140836e-05 1
2.052366e-05 6
1.076339e-04 2
3.778031e-05 1
3.435908e-04 2
1.795868e-04 39
6.245158e-05 1
9.518720e-05 584
5.473061e-05 37939
1.779393e-05 1
6.589366e-07 1
2.208881e-05 1
5.886535e-05 4
1.253807e-05 3
4.554272e-05 1
2.114511e-04 7
5.401008e-05 6
4.968244e-05 1
3.061315e-05 1343
2.532859e-05 235
7.129517e-06 11421
1.144846e-04 1
1.516730e-04 1
3.238809e-05 1
1.343421e-04 1
8.367464e-05 1
9.132648e-05 5
3.635538e-06 4
1.174896e-04 1
3.886622e-05 3
6.722642e-05 1
3.561110e-05 1
2.576628e-05 2
9.948326e-05 1125
2.822116e-04 750
2.572657e-05 1
1.089311e-04 2
1.218682e-04 64
4.121595e-05 3
6.559911e-06 4
3.065800e-05 1
1.555635e-05 1856
1.064514e-04 1
4.522073e-05 2
2.616132e-05 1
1.651680e-05 3
1.100729e-04 1
1.771556e-05 1
1.435842e-04 7
1.752182e-05 41571
8.689167e-05 1
4.764154e-06 1
1.758066e-06 1
1.025127e-04 1
1.368619e-04 1
1.099189e-04 1
6.514956e-06 1
2.401815e-04 1
1.548301e-05 1
6.408963e-05 1477
9.702332e-05 917
5.245420e-05 1
3.005995e-04 100
6.577742e-05 124
4.458938e-05 1
5.668358e-05 159
7.888861e-05 1
2.787299e-05 1
1.016796e-04 83
1.424033e-04 56
2.339721e-05 5
8.150258e-05 3
6.296024e-05 1
6.367673e-05 1
6.219689e-05 1
7.956857e-06 1
2.558488e-05 6
7.864644e-06 3
1.809367e-04 1
8.738216e-06 1
3.314843e-05 1
1.052192e-04 2
4.781981e-05 8581
1.378490e-04 1
3.318656e-06 7
5.087210e-05 2
1.117456e-05 252
2.786355e-05 1
2.513183e-05 1
4.971735e-05 27
1.195181e-04 6
8.495727e-05 1
2.938632e-05 1
1.012237e-04 2
1.398237e-04 1
1.843219e-05 69
6.671125e-05 47
5.977736e-05 3
1.127429e-04 3
1.806271e-05 40560
6.817383e-05 2
6.204006e-05 3
2.937435e-05 2
1.066780e-05 1
4.627332e-05 7898
1.310386e-04 7
1.023958e-05 461901
3.939466e-05 1
4.280579e-06 219
2.695495e-05 1
1.642301e-07 3
3.154486e-05 400258
7.605503e-05 1
2.365004e-05 1
7.040389e-05 2
9.537504e-05 1
1.840806e-05 3
1.416405e-05 7
2.938917e-06 1180
2.021487e-04 3
3.245993e-05 3
1.657713e-04 1
6.876378e-05 1
1.206852e-05 1581
7.206591e-05 7
1.574053e-05 211
4.345477e-05 1
3.796424e-05 1
1.601135e-06 1
1.725829e-06 1
2.376913e-05 29111
1.763363e-04 5
3.307267e-05 1
3.886135e-05 1
7.863467e-05 1
1.352922e-05 13
6.931238e-05 1
4.785579e-05 1
3.285755e-05 41442
2.252848e-05 3
2.356200e-05 212
6.473001e-06 3
3.747476e-05 3
2.188752e-04 1
6.324912e-06 2
7.018617e-06 1
3.032717e-05 170
9.970922e-05 1
5.595876e-06 3
9.376917e-05 3
1.406468e-04 45959
1.649989e-04 220
4.849528e-05 3
4.508872e-05 1
1.266264e-04 1
6.148999e-05 67407
2.130848e-05 1
6.776357e-05 3
1.074665e-04 2
1.264891e-05 1
5.448401e-05 5
1.468007e-05 4080
2.804990e-04 1
2.665975e-05 1
1.299440e-05 1
6.314909e-05 1
2.256439e-05 1
1.281314e-04 3
9.018426e-05 30
1.192727e-05 1
2.380182e-05 61089
1.524049e-05 1
8.277112e-06 585
9.921582e-05 3
8.368731e-06 205
1.963450e-05 1
7.941679e-05 1
4.336287e-05 1
1.427666e-04 3
4.967235e-05 270
7.997026e-05 3
3.687984e-05 2
1.200899e-06 49
3.663753e-05 1
2.330541e-04 7
6.404887e-05 1
1.767907e-04 1
1.005108e-04 127
6.651584e-08 1
6.733759e-05 1
1.539003e-05 1
1.016832e-04 3
4.740080e-05 2
1.964307e-05 3
8.496809e-06 171
1.866926e-04 114
1.010973e-05 4
9.622483e-05 167
2.920616e-06 6
8.242986e-05 7
3.323295e-05 1
5.197451e-05 1
6.039827e-05 1
3.502267e-05 1
7.794904e-05 1
7.769171e-06 1
6.262866e-05 1
1.296903e-05 13393
2.721517e-05 1
1.680963e-04 2
5.392907e-05 1
1.228567e-05 3
2.538612e-05 7
6.624130e-05 5
1.079164e-04 1
2.036811e-05 1
3.048344e-04 1
1.464961e-04 236
5.009396e-05 1
1.022213e-04 1
8.845848e-05 3
6.113524e-05 1
2.508460e-05 2
1.465034e-04 130
2.966022e-06 2
7.395193e-05 88
9.335601e-05 1
9.523851e-05 1
3.644937e-05 1
2.716520e-04 2
2.892012e-05 2
3.722781e-05 1
8.438926e-05 1
8.611081e-05 2
3.292042e-05 2
9.465853e-06 1
2.194430e-05 1
1.171672e-05 6
1.264397e-05 57650
3.627341e-06 1
3.987582e-05 1
1.801479e-04 1
1.883425e-04 1
2.525639e-05 1
1.415805e-04 3
6.231117e-05 1
2.875741e-05 1
4.532994e-05 147
3.799078e-05 1
1.237378e-04 1
3.326791e-05 1
1.339524e-04 49
7.213274e-05 1
4.310536e-06 1807
9.871184e-05 101
2.200795e-05 1
1.921279e-06 1
5.717938e-05 1
7.147552e-05 1
1.055202e-05 3
6.472739e-05 4
1.019151e-04 35152
1.688556e-04 1
5.290981e-05 1
5.083713e-05 4
5.541566e-05 1
7.811728e-05 1
7.824787e-05 233
2.750734e-06 2
3.484583e-05 194
3.656873e-06 1
2.058292e-04 552917
5.153901e-05 1
1.539666e-05 1
2.166655e-05 171
8.374426e-05 228
7.559117e-05 1
5.412623e-07 252
1.134959e-05 2
7.377393e-05 1
4.558749e-05 1
1.571937e-04 1
1.250188e-05 230
1.211559e-05 7
5.856032e-05 3
1.885933e-04 2
1.398742e-04 1
7.782760e-05 1
1.076345e-04 3
6.726271e-05 1
3.731470e-05 1
1.036558e-05 2
2.044932e-04 1
1.755320e-04 5
5.913956e-05 3
6.791283e-05 2
3.628212e-05 1
3.897555e-05 1
8.389868e-05 1
4.655722e-06 6
8.166429e-05 1
7.430083e-05 1
1.382163e-05 1
1.528794e-04 5125
8.369384e-07 100
8.206747e-06 6
2.206082e-04 4
8.931868e-05 1
7.513493e-05 1
9.614081e-05 1
5.655608e-05 1
5.159263e-04 2
2.783444e-05 1
1.415898e-05 4
3.066956e-05 2
2.351847e-04 1
1.228899e-04 2
1.257625e-04 22
5.223090e-05 3
6.085441e-05 3
4.548835e-05 1
7.362601e-05 1
2.689987e-05 1
4.666969e-05 1298
8.995187e-05 1
8.682821e-05 223
7.574063e-05 1
6.492720e-05 3
4.531432e-05 6
1.751051e-04 1464
2.638560e-05 1
1.054251e-04 2
1.271978e-05 1
1.043099e-04 1
4.051199e-05 1
1.148462e-04 1
1.214741e-04 28056
1.303508e-04 2
3.276690e-04 1
7.755737e-05 1
1.073046e-04 1
5.284163e-05 1
1.519113e-04 170
5.585574e-05 1
2.100471e-05 5
4.449220e-05 2
5.772720e-05 1
1.207285e-04 209
4.971401e-05 1
7.734046e-05 1
2.887759e-05 1
2.536510e-05 233
1.358190e-04 1
7.576856e-05 1
1.041002e-04 3
2.888892e-05 1
1.911924e-05 1
3.554963e-06 106
1.233968e-04 4
9.455263e-05 1
3.825339e-05 1457
5.474445e-05 1
2.752469e-05 1
9.703512e-06 6
9.014575e-05 84
3.673481e-05 2
1.592431e-05 1
1.835119e-05 126
1.384271e-04 1
3.150092e-05 2
3.517486e-05 21
2.761662e-05 157
3.578338e-06 1
5.944532e-04 1
1.927226e-05 1
2.038964e-06 1
1.278850e-04 2
2.064773e-06 1
2.132610e-04 940
1.228925e-04 2
5.704576e-05 61530
4.535664e-05 3
5.768774e-05 1
1.323812e-04 1
4.159385e-05 2
2.299799e-04 7
5.881005e-06 2
2.710884e-05 3
5.916745e-05 1
1.202630e-05 3
3.304341e-05 1
5.725524e-05 1
1.770497e-05 2
8.305370e-05 37223
8.563778e-05 1
1.005124e-04 5
6.673068e-05 899
6.889498e-05 4
3.849010e-05 51
1.622909e-04 3
1.799683e-04 761
3.507915e-05 264
2.837962e-05 70
5.572501e-06 1
1.492739e-05 1
1.666344e-04 3
2.285311e-05 1
1.150475e-05 3
1.000873e-04 213
1.433920e-04 1
9.260356e-05 442
6.124452e-05 5
7.133490e-06 1
8.943050e-05 255
1.063008e-04 1
1.165137e-05 3
6.783454e-05 1
1.376420e-05 2
2.431613e-05 1
7.360708e-05 1
3.813199e-05 1
1.911811e-05 140
1.035133e-04 1
1.468769e-04 1
5.019405e-05 1
5.064634e-05 2
6.819663e-05 1
7.692257e-05 102
1.427294e-04 2
4.937194e-05 1909
4.413191e-06 7
1.406311e-04 1
4.519375e-05 179
2.066787e-04 1
6.536378e-06 1
9.688365e-05 3
1.393402e-05 1
7.693597e-05 1304
2.135981e-05 3
1.149873e-05 4
6.016435e-05 1
9.505994e-05 4
4.204825e-05 1
7.947579e-05 1
1.229525e-04 131
1.401538e-04 2
2.987750e-05 1
6.946813e-05 1076
9.523157e-05 24
4.491094e-05 109
7.594850e-05 2
4.943659e-05 1
7.642091e-05 5
9.420492e-05 14
2.516264e-05 4818
4.031797e-05 141
1.100994e-05 5
1.310126e-06 1
2.391847e-04 506837
2.650191e-05 1
4.880412e-05 294
1.150208e-05 3
8.295559e-06 2071
1.640098e-04 226
1.191447e-05 1
3.111189e-05 110
2.545792e-05 1599
3.630428e-07 1
4.511727e-05 1
1.572938e-05 2
7.714656e-05 1
7.596525e-07 2
2.174802e-04 1
4.097215e-05 25496
1.295955e-04 3
1.134187e-05 190
1.026094e-04 1
7.038361e-05 1
3.681737e-04 61159
5.733929e-05 140
3.376483e-05 79
4.404671e-05 1
7.690119e-05 1
2.846113e-05 13
1.626235e-05 1
1.272275e-04 5
9.503936e-05 2691
1.671180e-04 929
1.666443e-05 7
1.471558e-05 1
1.017265e-04 1023
3.246107e-05 79
2.418246e-07 7
6.587639e-05 1579
3.195643e-05 3
3.005070e-06 24618
4.398071e-05 3
3.736489e-05 3
9.949163e-05 1874
4.186627e-05 2
1.742515e-04 1
5.905601e-06 3
4.096339e-05 3
2.094741e-05 1
1.462244e-05 3
1.056692e-04 1
4.242662e-05 1
3.193134e-05 1
5.602731e-06 1
7.151415e-05 1
2.981139e-04 1
1.250902e-05 1
3.676608e-04 11826
2.466154e-04 1
7.004165e-05 5
1.617182e-04 1
7.273387e-05 195
1.587226e-04 1
1.538819e-05 1
9.873188e-05 101
1.637989e-05 480
8.645207e-05 71
6.176946e-05 2
1.560955e-04 2
5.154037e-05 1
2.952957e-05 2
1.104049e-04 2
1.542926e-05 3
2.154593e-05 1
2.724166e-05 1
5.045459e-05 1
4.850808e-05 5
2.684095e-05 2
9.251226e-05 1
1.371538e-04 1
5.718132e-05 1
6.957908e-05 242
8.496809e-05 1
4.266178e-05 1
1.726940e-04 231
2.298959e-06 7
1.113190e-05 149
2.810826e-05 1
2.255394e-05 1297
4.552577e-06 1
2.954439e-05 1
2.707597e-05 16079
3.920871e-04 1
3.315227e-05 1
1.784401e-04 1
2.528856e-05 1335
2.287926e-05 6
1.199259e-04 2
7.362474e-06 3
3.222513e-05 1
1.526248e-05 2
9.586761e-05 1
7.433932e-05 4
1.609037e-06 4
2.441652e-04 1
1.688990e-04 1
7.061225e-05 4
1.778156e-05 1
8.906737e-06 1
4.236840e-06 1498
9.514953e-05 1
1.880231e-05 1
7.420964e-06 1
6.814464e-06 1
3.565033e-04 13908
1.722625e-04 1
1.782404e-04 1
4.322925e-05 3
5.419555e-05 1
2.403607e-05 1
2.112289e-05 3
7.727494e-05 1
8.301810e-05 1
1.942652e-06 1
7.063138e-05 1
1.371406e-05 1
1.550936e-05 9105
3.701239e-05 1
7.466421e-06 527
1.742051e-05 2
1.763520e-06 1
9.703791e-05 1
8.401989e-05 1
1.914970e-05 1
4.332507e-05 1
2.072240e-05 22468
2.480561e-05 3
8.956031e-05 2
7.208955e-05 1
6.371767e-05 2
2.903482e-05 11184
9.623571e-06 1
3.884625e-05 1
6.801107e-06 5
3.424669e-05 3
3.728748e-05 44
7.637535e-05 194
1.187909e-04 46759
6.134818e-05 4
4.026643e-05 7
1.191715e-04 1187
2.508913e-04 2
6.599347e-05 10024
2.630050e-05 5
2.017424e-05 1
1.597398e-04 4
3.637555e-05 1
9.365046e-05 4
2.176358e-04 1
3.596407e-05 1
1.865478e-05 1
1.656740e-04 1
4.222842e-05 1
2.092317e-05 1
2.221792e-04 1
5.088931e-05 1596
7.637943e-05 1
1.585335e-05 1
4.769571e-05 1
5.165150e-05 2
1.724610e-05 1
6.669204e-05 1
4.951322e-05 1
3.810868e-04 1
7.438930e-06 6
1.530023e-04 3
2.873792e-04 1056
3.035390e-05 6
8.701893e-06 3
2.203535e-04 1
1.373003e-04 1
6.550141e-05 1
1.925905e-06 27
4.138021e-05 75
1.536400e-04 1
7.377866e-05 1160
2.214295e-06 3
1.143356e-04 1
1.020483e-04 1
7.028604e-05 172
3.963305e-05 1
1.280437e-04 6
8.095141e-05 63185
2.201564e-04 1
7.039150e-05 1
3.533688e-05 1
5.218586e-05 3
8.577005e-05 1
2.385725e-05 251
6.044288e-05 1
3.052629e-05 1
7.396245e-05 1
1.908567e-05 2
3.717641e-05 2
1.325831e-04 1
6.225079e-05 2
7.187422e-05 2
6.440884e-05 1
5.268066e-06 1
1.044949e-05 5
1.031027e-04 1113
2.196269e-04 1
9.100039e-05 484500
4.455299e-05 1
7.115100e-06 1
3.561415e-05 4
7.078137e-06 3
4.392525e-05 1
3.796388e-05 4
1.334787e-04 988
6.403302e-05 1
3.341436e-06 2
3.280216e-05 1
3.339639e-05 2
4.653974e-05 79
8.738443e-05 1
1.438790e-04 7
3.653487e-05 1
1.420513e-05 1
1.948548e-04 1
6.088740e-05 1
1.504307e-04 3
2.235820e-05 7
5.227647e-05 604
1.328294e-04 5
1.185807e-04 47
2.725056e-06 81
2.137253e-05 1
2.101987e-05 1
6.438252e-06 1
1.168329e-04 1571
1.019656e-04 1
1.256739e-04 1
1.110718e-05 857
1.049361e-04 3
3.606242e-05 1
2.544746e-05 1
5.735182e-05 4
1.194280e-04 1
6.574790e-05 1
3.053853e-06 1
1.290290e-04 1
2.008710e-05 1
2.389932e-05 1
1.079094e-04 74
6.662550e-05 1
1.153633e-05 2
6.985846e-05 1
1.179800e-04 1
6.170334e-06 1
1.256057e-04 50086
8.526038e-06 1
5.746861e-05 1
1.319953e-04 2
4.214257e-05 1
7.183800e-05 1
1.479276e-05 1
6.357433e-05 6
6.418963e-05 3
2.570561e-05 1
1.435643e-05 1
9.734222e-07 5
1.399145e-05 1
8.149519e-05 2
1.619081e-05 19342
5.815609e-05 3
9.786503e-05 1
5.798208e-06 1
4.780048e-05 1
8.315478e-06 1
4.959538e-05 1
8.175130e-05 108
1.320253e-04 1
8.211958e-05 3
6.537435e-05 5
5.905007e-05 1
2.425955e-06 6
2.058014e-05 1
5.543243e-05 3
1.316533e-04 123
9.860337e-05 2
1.576887e-04 26
2.377550e-05 1
7.091105e-05 237
1.959736e-04 1
7.143948e-05 419474
2.972186e-05 1
6.240516e-05 1
7.233445e-05 2
1.967040e-05 1
5.884526e-05 44
2.530005e-05 1
1.378106e-04 1
7.802701e-05 1
9.656928e-06 1
4.573753e-05 27
1.125697e-04 60219
1.219770e-05 141
1.309117e-04 1
1.339621e-04 1
6.962058e-05 1
8.749090e-05 1
1.878225e-04 1
7.879655e-06 1
1.446999e-04 6
4.029620e-05 41012
1.054306e-04 3
7.324457e-05 955
7.056258e-05 23048
3.329365e-05 1
1.764854e-07 3
1.062654e-04 7
1.112907e-05 1
7.821214e-05 3
7.996820e-06 1
1.330588e-04 1
6.184294e-05 1
1.268234e-04 2
1.582894e-04 1
1.263965e-04 175
9.896783e-06 1
1.558909e-04 41970
3.793057e-04 1
1.454209e-04 3
3.989713e-05 210
7.435810e-05 1
1.912266e-04 28898
1.116654e-04 1
5.815243e-05 1
3.175817e-05 2
1.950453e-04 188
1.108406e-05 7
1.574919e-05 1
4.134661e-05 1
8.661413e-06 3
9.853103e-05 1
1.180271e-04 1
7.007164e-05 124
8.355290e-06 126
5.126121e-06 1
6.171753e-05 1
3.358091e-05 3
4.669368e-06 1
5.984645e-05 6
2.022804e-04 136
1.460188e-04 1
1.458412e-04 1
8.868940e-05 53882
4.518470e-05 1
7.140044e-06 1
7.339042e-05 1
1.026297e-04 1
9.902692e-05 123
2.228037e-04 2
3.488120e-05 245
5.164448e-05 4
1.420506e-05 1
2.430593e-06 1
1.154001e-04 2
3.796150e-05 3
1.772931e-05 3
1.598416e-04 1157
1.043261e-04 1240
2.498098e-05 787
1.287323e-06 3
1.997836e-04 9608
3.617380e-06 1
1.631475e-05 6
7.449491e-06 7
5.791143e-07 1
2.201870e-05 1
5.677066e-05 4
3.151891e-05 1
8.760736e-05 2
8.621347e-05 1
1.162944e-04 1
8.967776e-06 1
3.933181e-05 1
1.020213e-04 1
6.055213e-05 23
3.010659e-05 127
9.761708e-05 1160
1.755411e-05 731
1.490189e-04 246128
4.208207e-05 1
5.713995e-05 1
6.488081e-05 5
7.021983e-05 1
5.762719e-05 1
2.300050e-04 2
1.804236e-04 2
1.169865e-05 2
2.071297e-04 2
2.279719e-04 1
1.181503e-04 1
1.624979e-04 1680
2.373218e-05 204
4.176384e-05 1480
3.249716e-05 1
7.056793e-05 1
5.601356e-06 2
2.348309e-05 3
9.843166e-05 106
2.212789e-04 1
2.007144e-04 1
1.369930e-04 1
2.490192e-04 1
4.790948e-05 1
1.086800e-04 7
6.273793e-05 1
1.736069e-05 1
6.591754e-05 1
7.298461e-05 1
4.212975e-07 4
4.457196e-05 1
8.792344e-05 1
1.936978e-05 607543
8.819647e-05 3
4.954975e-05 1
7.163507e-05 1
1.998818e-05 1
1.675694e-05 183
1.531280e-04 1
2.361314e-04 3
1.398482e-04 1
1.178598e-04 1
1.343744e-04 257
4.707285e-05 3
8.713881e-05 1
1.768822e-05 1007
1.800471e-05 2
7.476183e-05 1
2.571620e-05 1
1.003671e-04 1
3.608560e-06 1
2.457053e-06 2
5.112746e-05 1
1.690746e-04 7
3.496825e-06 1
3.400395e-05 7
3.548272e-06 1
1.226452e-06 2027
2.107783e-04 1
4.337060e-05 1
3.952501e-05 1
8.542791e-06 359
4.350343e-05 3
8.910755e-06 1
1.019865e-04 1
6.386933e-06 3
7.701804e-05 1
2.098988e-05 1
8.607495e-05 1338
9.744251e-06 3
2.738503e-04 125
2.628581e-05 3
8.168573e-05 2
2.945779e-04 1
1.185655e-04 4
5.550342e-05 1
3.105210e-05 1
1.886271e-06 2
2.763731e-05 4
1.686967e-05 2
2.118837e-04 1
1.853736e-05 3
4.841158e-05 1
1.358262e-04 1
6.821430e-07 1792
6.657704e-05 2
1.802755e-04 1
5.869800e-06 1
4.862578e-05 1
1.106855e-04 58675
3.077061e-05 1
1.574501e-05 1
7.453143e-05 2
9.861562e-06 2
2.910959e-04 7
1.182334e-04 131
1.629406e-04 20
8.806225e-05 5
3.516760e-05 1
3.445904e-05 3
9.482447e-06 1822
1.024532e-05 2
7.297116e-05 1
1.024828e-04 1
2.334488e-05 63
7.350861e-05 204
1.666853e-04 17787
4.475020e-06 1
1.033730e-04 54875
7.398766e-06 1
5.179152e-05 1
8.298317e-05 1
7.026949e-05 1
5.049544e-05 647
4.709601e-05 2
1.727491e-05 3
8.077666e-05 2
9.117091e-06 1
1.091789e-04 1
5.205460e-05 7
7.439804e-05 1
9.006667e-06 1
3.678689e-04 1
1.406750e-05 142
7.935547e-05 1
6.650291e-05 1
1.839311e-05 1
4.557151e-05 3
4.053567e-05 266
1.312185e-05 1868
4.391117e-05 1
2.212416e-05 1217
1.002733e-05 1
8.071842e-05 1
8.613382e-05 2
6.105796e-05 142
9.045615e-05 78
3.151661e-05 1
7.675328e-05 7
8.296133e-05 1
4.411878e-05 3
4.699154e-06 279349
8.529750e-05 1
1.034280e-04 1
7.322095e-05 1
3.812136e-06 1
1.820854e-05 4
6.967987e-05 1
1.171816e-04 11
3.388983e-05 1
2.589942e-05 2
1.652163e-04 329
1.196582e-04 24171
1.702794e-04 1
2.899316e-04 2
1.273572e-04 2
5.113234e-05 3
1.932167e-05 1
5.343558e-05 3
5.959107e-05 1689
7.187297e-05 5
1.113285e-04 1
3.603913e-05 1
3.041706e-05 3
6.273827e-06 1
4.603871e-05 45791
6.996285e-05 4
1.102267e-04 2
3.711500e-06 1
1.192764e-04 7
4.517626e-05 1
2.487713e-04 1
9.799340e-05 139
2.536515e-05 1
4.557700e-05 2
7.774302e-05 6
6.299728e-05 2
1.114012e-04 2
1.261137e-05 1
6.363645e-07 1
1.367274e-04 7
3.790468e-04 411
1.463597e-04 3
4.738418e-07 1
8.402048e-05 1
3.498587e-05 55
1.299482e-05 1
2.816917e-04 1
1.920097e-05 1
2.315066e-05 1
5.573780e-05 1
2.866762e-06 1
7.222029e-05 1
1.075325e-05 170
4.955672e-05 165
3.471405e-04 181
3.463334e-05 3
2.104924e-06 11795
2.885522e-06 17
2.065574e-05 1
3.848535e-06 348
8.327609e-05 1
2.230050e-05 1
1.350820e-05 1
7.388779e-05 350869
6.731318e-05 1
1.617892e-05 240
3.076808e-05 6
1.877830e-04 3
2.819798e-05 84028
4.658712e-05 1
1.727672e-04 1
1.188806e-04 1
3.977941e-05 20039
1.262952e-05 5
1.021908e-04 1
5.030547e-05 1
3.213471e-04 1838
5.965197e-05 1
2.032870e-05 1
1.047275e-05 3
1.539903e-04 2
2.252508e-05 1
1.542322e-04 48824
1.761957e-05 54873
1.775183e-04 3
2.102793e-04 1
5.904331e-06 1
6.465244e-05 6
1.110338e-04 219
3.305250e-07 1
3.596637e-06 1
1.556461e-05 2
1.848102e-05 1
3.606579e-04 1
7.003069e-05 30868
7.635865e-05 1
9.755240e-06 1970
9.389935e-05 3
1.010469e-05 1
6.433115e-05 1
5.646347e-05 1
1.180712e-05 1
8.483884e-05 65225
1.015214e-04 2
1.482729e-04 1
4.180300e-05 1
2.895894e-05 1
3.491897e-05 5
4.185231e-05 3
3.130010e-06 1
2.858615e-05 1
6.420482e-06 4
5.890581e-05 1
3.369943e-05 1
1.358375e-06 775
1.183566e-05 6
4.637864e-05 1
4.016411e-05 67
6.725948e-05 1
9.974170e-05 138
3.012478e-05 2
1.951852e-05 2
1.504860e-05 1
2.128612e-04 1
7.216589e-05 553
2.682402e-05 1086
3.290209e-05 1
1.615953e-05 135
2.368307e-05 2
1.567213e-04 1
2.248658e-05 4
1.242279e-04 118
1.122589e-05 1
1.281342e-04 1
6.730605e-05 5
1.110907e-04 55424
7.139028e-05 1
5.502113e-06 89
2.007810e-04 1
4.862133e-05 222
9.009117e-05 1
2.883250e-05 1
1.013689e-05 6
1.126509e-04 10167
1.461956e-04 1
1.687374e-05 1236
4.313681e-05 2
1.767308e-05 82
1.203396e-05 1
1.802812e-05 1
5.361284e-06 1
1.490583e-05 1
3.950021e-05 5
1.079278e-04 1
3.146866e-05 1
1.347584e-05 1
3.587285e-05 1
2.878094e-04 1
2.463488e-04 7
1.145273e-04 2
6.536083e-05 1389
4.488781e-05 2
1.069611e-04 1
6.503674e-05 1
1.327722e-04 1
9.529839e-05 262
3.633467e-05 636
2.807249e-05 1
5.860516e-05 1
1.379523e-05 157
5.063862e-05 1
1.789605e-04 4
2.225809e-04 79
1.611378e-05 5
4.177030e-05 1
2.279356e-04 5
2.330304e-05 1
2.704704e-05 1
3.749410e-05 2
1.538666e-05 1
3.227740e-05 1
7.732566e-06 21578
8.828582e-06 1
1.063439e-05 1
3.928058e-05 1
6.070966e-05 3
9.673530e-05 1
9.549131e-05 46
9.785142e-06 1
2.868234e-05 1
7.643352e-05 1
1.920155e-05 4
3.338638e-05 5
1.373607e-04 1
5.933144e-05 1
8.084369e-05 1
5.171874e-05 1
3.781209e-04 3
1.847292e-04 96
2.141747e-05 2
1.819776e-04 7
3.943654e-07 1
1.106603e-05 232
8.032512e-05 1
7.165893e-05 6
4.553586e-05 1
2.401486e-05 3
2.518543e-04 3
2.528089e-05 1
2.857120e-04 166
8.633423e-05 1
4.497306e-05 1
1.962918e-05 34
6.664051e-06 1
2.791526e-05 5
2.019056e-04 1
6.427130e-06 3
1.959352e-04 7
1.218283e-04 1
9.689587e-06 1
2.727123e-05 1
9.722538e-05 3
4.330434e-05 1
2.370995e-05 72
9.607561e-05 1
1.287211e-05 1
6.348778e-06 3
5.712834e-06 4
7.438969e-07 1
1.908842e-05 1
2.232679e-05 2
1.942596e-06 159
4.391289e-05 1
3.546380e-06 7
4.726490e-06 111
5.826809e-05 714
2.042889e-05 1
4.356298e-05 1
8.495597e-06 3
2.377821e-05 2
1.788309e-05 2
4.245418e-05 89
7.695601e-05 181
9.890576e-05 555518
1.985537e-05 182
3.192767e-05 1
8.439850e-06 94
4.146350e-05 1
1.383461e-04 3
3.704992e-05 2
1.991108e-05 1
7.371369e-05 1
1.538629e-05 1986
4.033200e-05 194
3.106978e-06 82
1.532412e-04 3
5.498475e-05 1
1.441652e-04 1
1.887852e-05 3
5.996690e-05 1
1.382182e-04 1
3.857602e-05 1
6.180104e-05 3
7.604448e-05 3
1.113726e-05 4
1.923779e-05 1
1.361282e-04 7
3.244867e-05 2
8.078229e-05 2
2.112543e-05 7
9.900325e-05 3
1.162976e-04 1
1.339331e-05 1
4.356126e-05 1693
1.733567e-04 1
1.374687e-04 44
1.081051e-05 3
7.545995e-05 3
5.529635e-06 1
1.570251e-04 1
4.006096e-05 490
3.267164e-07 4
8.077114e-05 234
1.606895e-04 2
5.039356e-05 6
2.280551e-05 1
4.578672e-05 1
4.193891e-05 36501
2.927021e-04 1
3.393800e-04 1
7.657022e-05 2
6.158796e-05 1
5.029820e-05 1
3.833548e-05 216
8.524857e-06 3
2.466919e-05 619
7.167703e-05 1
4.666203e-05 1302
4.365918e-05 126
1.348975e-05 1
1.844162e-05 1
4.166534e-05 9730
1.538814e-05 6
1.492474e-06 1
6.306536e-05 1857
1.809286e-05 193
1.713687e-04 159
4.378715e-05 121
8.025558e-05 3
5.610937e-05 1
8.865643e-05 2
1.299959e-04 3
8.395757e-06 1
3.140457e-05 1
1.027545e-04 2
1.046815e-05 1
1.797332e-05 1
7.482034e-06 2
8.001980e-05 1
2.916961e-05 1
4.961386e-06 1
3.045102e-05 22300
2.976172e-05 1
1.021899e-04 2
7.666724e-05 3
3.456581e-05 3
4.060444e-05 1
5.399234e-05 2
2.199850e-04 1
3.929618e-05 1
2.074344e-05 1
5.890596e-05 61533
1.008716e-05 1
1.000378e-04 36121
1.050235e-06 7
5.314323e-08 3
1.268872e-05 1
3.176127e-05 1
1.990656e-05 2
9.075835e-05 1
8.933336e-05 2
8.374993e-05 175
8.230860e-05 1
4.600057e-05 1
9.560915e-05 1
2.043764e-05 1
1.626875e-05 1
3.119158e-05 213
2.561234e-05 4
1.305462e-04 1
1.879293e-05 4
7.372162e-05 1
4.987037e-05 5
3.631350e-05 272
7.280324e-05 5
1.043155e-05 1
1.397218e-04 3
1.612345e-04 7
6.097093e-05 3
3.522858e-04 1
1.541415e-04 3
1.033530e-04 686
4.598600e-05 1
2.796784e-05 1
2.759746e-05 17941
2.142763e-05 2
1.093679e-04 1
6.026876e-05 5
2.534940e-05 919
1.791152e-05 2
3.298050e-05 1
1.498683e-04 1
2.595322e-04 1
4.726026e-05 1
3.376114e-05 238
2.961268e-05 3
9.442638e-06 1
2.291995e-05 84
2.972150e-05 1
2.372608e-05 6
2.585200e-05 1
1.075025e-05 250
7.121873e-05 1
1.653528e-04 1
8.246303e-06 2335
3.253222e-05 1
3.944560e-05 3
7.558140e-05 1
2.956265e-05 3
3.698004e-04 2
3.121355e-05 1
4.339857e-05 2
8.517200e-05 1
1.322637e-04 1
5.808054e-05 1
3.138269e-05 19
4.793357e-05 1
3.598438e-05 44975
1.373095e-04 1
2.130292e-05 37510
1.551668e-04 44944
6.902720e-05 1
2.965972e-05 6
1.136635e-04 2
3.549843e-04 2
1.729271e-05 22
2.689579e-05 2
3.301625e-06 1
3.545267e-06 2
4.688501e-05 5
3.456672e-05 1
1.278264e-04 1
2.875857e-05 1
7.608957e-06 198
7.222632e-06 1
1.665874e-04 2
4.995018e-05 1
8.568276e-05 1
1.186637e-04 5
1.151568e-04 1
8.899512e-05 1
7.673557e-05 51907
2.519780e-04 1
1.652779e-04 4
8.727546e-05 1
7.831626e-05 73
1.850880e-06 1
8.989193e-05 61
3.210721e-05 1
1.167819e-05 1
5.589828e-05 1
1.326414e-04 722
6.341214e-06 3
9.243692e-05 858
5.657706e-05 2
6.152836e-06 1
1.487683e-05 72
9.474975e-06 1
6.157003e-05 1
1.719112e-05 7
5.563741e-06 2
1.409064e-04 1
1.117808e-04 50
7.687347e-05 5
6.817989e-06 7
1.047875e-04 3
2.591291e-05 1
6.368059e-05 72
6.952013e-05 1
5.601006e-06 1
1.062291e-05 1
1.249645e-04 1
5.467915e-05 1
2.879993e-04 163
1.110734e-04 1
1.776827e-04 1
3.385592e-05 1
1.486775e-05 1
5.723699e-05 6
1.767374e-05 1
3.715757e-05 1
3.106624e-05 1
5.894514e-05 1
5.923151e-05 1
2.312484e-05 1
3.164464e-05 5
1.950134e-04 2
1.633278e-04 4
1.436251e-05 1
5.585657e-05 2
1.065893e-04 5
1.827331e-05 68693
1.686166e-04 1
8.551916e-05 3
4.530641e-05 3
7.164426e-06 1
2.385725e-04 2
2.265788e-05 2
7.578572e-05 2
9.353039e-06 27271
1.008148e-04 1
1.651976e-04 60
7.038379e-06 4
7.474621e-05 1
1.004568e-05 1
2.082866e-05 2
2.847079e-06 1
1.024319e-04 1
2.178749e-05 2
1.391510e-05 13678
1.319475e-04 1
1.359716e-05 3
4.519087e-06 63016
1.605915e-05 1
6.822471e-05 2
9.129977e-05 1
2.896578e-05 29536
1.682457e-06 1
6.540386e-05 240
1.164899e-04 1
6.876363e-05 76
1.386507e-05 1
2.874858e-05 3
3.138693e-05 1
1.836217e-05 3
2.081614e-04 3
7.071870e-05 196916
7.484065e-05 1
2.747437e-05 3
8.022542e-05 7
1.466944e-04 1
1.709446e-04 1
5.507440e-05 1
1.429151e-04 1
1.076040e-05 5
7.095549e-06 1
1.463131e-04 34573
4.189231e-05 21078
1.614685e-05 1783
1.464980e-05 5106
8.256635e-05 415
7.097257e-05 1
1.775870e-06 90
1.020671e-04 6
3.167625e-05 5
5.261442e-05 5
2.178343e-06 1
9.032367e-05 1
4.871090e-05 1
7.766992e-05 2
1.096242e-05 3
5.512062e-05 1
2.498269e-06 1
5.993996e-05 1
1.261972e-05 1
5.669224e-05 1730
3.197572e-04 6
1.578693e-05 1
5.049547e-05 3
4.506238e-06 3
5.223672e-05 2
3.044270e-04 1
2.162509e-04 1
4.791830e-04 1
3.647364e-05 2
2.117302e-05 5
1.050381e-04 1
2.121973e-06 2
1.142980e-04 1
4.992474e-05 3
4.255303e-05 1
3.531317e-05 1
4.159478e-06 3
6.944401e-05 1
1.597467e-05 1
1.469060e-04 64725
1.145378e-04 1
1.050578e-04 3
9.146676e-05 1
1.621266e-05 3
3.357497e-06 2
9.399197e-05 1
1.359389e-04 6
8.574010e-06 1
1.990884e-05 1
1.905518e-05 1
5.717044e-05 3
1.493951e-05 2
2.468291e-05 1
8.910098e-05 1
5.765082e-05 1
1.187495e-04 1630
1.157076e-04 1
7.674556e-05 3
1.067619e-05 1
6.913262e-07 1
4.634777e-05 59
1.313989e-05 1
1.115950e-04 1
4.788302e-07 29713
3.139921e-05 3
5.085348e-05 532657
2.948239e-05 4
1.760934e-05 1
1.800619e-05 1
3.256976e-05 1
5.199588e-05 1
4.065499e-05 1
9.752369e-05 3
1.568464e-04 3
1.170319e-04 26505
1.698353e-04 1
7.759607e-06 651
1.267212e-05 1
1.589207e-04 1
1.114192e-06 5
3.422283e-05 219
4.505968e-05 17263
8.043665e-05 135
4.655453e-05 1
2.044504e-05 205
4.132845e-05 954
6.953440e-05 137
8.883511e-05 2842
6.144969e-05 2
2.945584e-05 49133
4.519050e-05 3
5.360098e-05 1
1.901146e-06 1
1.338357e-05 6
1.243075e-05 7
6.150116e-05 1
1.177006e-05 2
1.407156e-05 3
1.600433e-04 7
4.725445e-05 1
9.885971e-05 510
1.184026e-05 1
1.534976e-04 1
1.182542e-05 4
9.918411e-05 1
5.945523e-05 1
1.606270e-04 1
3.520007e-05 153
1.010109e-04 2
4.322287e-05 1
1.060001e-05 1
2.369900e-04 1281
1.859240e-04 1
7.098703e-05 1
6.638084e-05 3
1.209592e-05 173
2.253420e-04 1
9.453518e-06 34
1.240531e-05 1
2.518560e-06 1
6.279072e-05 1
7.268170e-05 143
8.071377e-05 76
5.443706e-05 1
2.778954e-05 3
5.750003e-05 1
4.211442e-05 1
3.143579e-05 2
4.573104e-06 1
4.118042e-05 1
5.100076e-05 1
1.019167e-04 51608
2.558979e-04 7
3.399490e-04 210
1.433705e-05 1
1.277245e-04 241
9.002279e-05 2
3.995633e-06 3
7.032256e-05 26567
3.299848e-06 1
1.006230e-05 589
6.944384e-06 212
3.030851e-05 1153
2.247019e-04 1
1.650392e-04 3
1.275735e-04 163
6.071329e-05 1251
1.770903e-05 159
6.601792e-05 2
8.323688e-06 22
1.873224e-05 1
1.443862e-04 2
1.669295e-04 1
9.018080e-05 1
2.367737e-05 3
1.660552e-04 2
2.350770e-05 5
1.270575e-04 1
1.408562e-04 1
3.989149e-05 2
8.935144e-05 1
2.047271e-04 6
3.715833e-05 65736
5.941834e-06 1
3.648322e-06 1
2.511595e-04 1
5.173704e-06 2
1.013640e-06 6
7.326486e-05 1
1.058406e-05 1
1.093147e-05 52373
2.435498e-05 1
4.388219e-06 1
1.489499e-05 1
4.061144e-05 6
1.165694e-04 1
6.757312e-05 1
1.847251e-04 1
5.514099e-05 1
5.608053e-05 1
8.299946e-05 1
2.259973e-05 2
4.691419e-05 1
1.888591e-05 1
4.993524e-07 5
6.175385e-05 150
5.712255e-05 1
2.538345e-05 1273
3.683893e-05 3
2.850727e-05 1893
1.707958e-04 241
3.600553e-05 1
5.955484e-05 1
9.888314e-06 1860
2.632297e-05 5
1.024455e-05 1
2.650411e-05 3
1.535129e-04 1
1.760843e-05 3
9.396823e-05 1
6.061300e-05 260
1.525544e-04 3
4.312275e-07 1
9.694722e-05 1310
1.981868e-05 1
6.491570e-05 66
1.226209e-04 1
3.824090e-05 3
3.839882e-05 5
1.535548e-04 1
5.400260e-05 1
3.882106e-05 1
9.061131e-05 1
3.052864e-06 3
1.890650e-05 1
1.255993e-05 1
1.769383e-05 1
4.037068e-05 3
1.646225e-05 252
1.525462e-04 1
4.954595e-05 7
1.165130e-04 1
6.633952e-06 3
2.336379e-05 1
6.351237e-05 1
1.956352e-04 1
2.100586e-04 1
5.167464e-05 4
2.010538e-04 1
1.407291e-04 1
2.303180e-05 18096
3.858781e-05 259
6.969635e-05 1
4.414594e-07 1
1.050738e-04 1
1.419257e-04 1
3.151238e-05 66
1.111952e-04 1
1.143809e-04 4
1.882310e-04 4
1.065345e-04 1
7.213167e-05 1
4.238071e-05 1
2.488606e-05 1
6.015540e-05 1
9.812759e-06 1
4.906649e-05 633979
1.367930e-05 3
8.399833e-05 3
4.684130e-05 1967
6.600448e-05 1
3.291438e-06 2
4.188358e-06 1
7.092413e-05 1
9.376482e-06 1
1.180304e-04 3
1.930256e-05 1
7.211532e-06 1
1.715283e-05 2
1.518269e-05 2
5.484248e-05 107
4.523460e-05 1
5.087978e-05 123
5.746807e-05 21031
8.944494e-05 1
1.877958e-04 2
1.285327e-06 1
4.480818e-05 1
2.310674e-05 1
3.440515e-05 2
3.881796e-04 58232
3.713926e-05 1
9.520316e-05 1
6.992530e-05 921
4.163826e-07 1
3.266119e-05 18
9.147155e-05 3
1.163889e-04 1
2.019195e-04 1
8.451687e-07 258
1.888194e-05 2
1.274641e-04 111
1.546664e-04 231
6.990412e-05 553
1.020004e-04 5
7.587049e-05 1
1.638271e-04 1
2.097082e-05 1
5.062271e-05 1
5.611049e-05 1
3.880924e-06 7
1.192029e-04 146
2.549723e-05 1
4.623060e-05 758
1.538867e-05 1
2.643271e-05 1
6.659644e-06 1
5.832815e-05 218
1.419847e-05 7
6.313847e-06 5
5.412405e-05 1
6.711853e-05 90
9.041891e-05 1
1.779558e-05 1
5.906901e-05 1
2.579634e-05 160
3.835695e-05 1
1.804785e-04 2
9.365199e-05 2
2.508481e-06 68
5.821589e-05 2
1.048784e-04 1
8.051404e-06 1
4.627781e-05 168
1.793034e-04 27306
7.760919e-05 220
2.199571e-05 1
1.038901e-04 1
8.202791e-05 2
2.429969e-05 230
9.706925e-06 1
5.543849e-05 1
4.019268e-05 59874
1.052231e-04 3
4.856612e-05 1
1.406822e-04 1
6.216172e-05 139
1.838761e-05 1
9.194729e-06 2
1.173332e-04 1
2.815275e-05 2
3.149529e-05 11067
5.037840e-05 1
6.890183e-06 1
1.147716e-06 3
4.889089e-05 2
6.949466e-05 1
3.736291e-05 460456
1.415183e-05 1
1.560991e-04 1
2.778002e-05 1
8.458230e-05 1
1.143491e-04 1
6.066442e-05 153
2.469697e-05 1
1.300055e-05 3
7.998773e-05 42415
3.544762e-05 1
1.443135e-05 16
1.436125e-04 14603
1.611061e-05 5
2.760367e-05 25
6.684498e-05 1
1.173650e-04 1
3.784532e-06 1
3.512942e-06 1
1.980913e-05 6
5.506827e-05 1
5.103299e-05 2
1.299130e-05 1
1.273381e-05 5
1.664094e-05 1
1.525582e-05 2
1.730016e-05 1
3.497524e-04 3
3.309525e-05 1
1.859411e-05 1
1.511881e-04 1
1.865215e-04 247
6.412075e-05 4
2.872062e-05 1
7.870539e-05 1
1.230457e-05 1
2.961070e-05 175
1.397332e-05 1
6.704389e-05 3
6.732862e-05 688
3.509578e-05 1334
4.878301e-05 679
9.798643e-06 146
7.680038e-05 4
7.936208e-06 46884
3.545762e-06 2
9.913976e-06 336
4.819552e-06 1
1.015024e-04 1
8.901059e-05 1
9.335800e-05 2
1.147531e-05 1
6.923384e-05 6
3.215015e-06 2
1.748225e-05 3
7.730821e-05 1
7.989853e-05 1
1.301419e-04 6
1.437322e-04 1
1.433333e-04 1
8.983427e-05 1
4.663625e-05 1
2.879219e-05 1
2.744683e-04 1
4.199153e-05 6
1.339169e-05 1280
1.672936e-04 3
5.668723e-05 1
7.349967e-06 3071
8.089353e-06 1
2.599119e-05 72
9.700550e-05 1
2.598257e-05 1
4.096082e-05 1
4.259048e-05 1
6.006109e-06 7
7.577385e-05 1
3.679772e-06 2
3.105902e-06 1
2.985961e-05 1
6.026483e-05 5
1.176076e-06 33589
4.764078e-05 3
1.248162e-04 112
3.670507e-05 1
2.161864e-04 1
1.108470e-06 1
3.227495e-05 1
4.586038e-05 3
7.456263e-05 7
2.708998e-05 1
1.459801e-04 1
1.575994e-04 2147
9.314410e-06 1
1.619286e-05 7
7.657262e-05 1
1.437660e-04 2
1.041871e-05 190
1.559924e-05 3
2.336067e-05 7
2.561387e-06 6
7.779642e-05 1
1.221707e-04 4
3.319289e-05 22
1.213584e-04 1
1.170019e-04 1
1.185105e-06 1
1.204508e-05 7
1.474600e-04 5
2.132205e-05 1
7.540633e-06 1
1.685569e-05 1
1.673441e-05 1
8.643380e-06 1
5.651065e-06 2
7.093593e-06 70
1.426372e-04 2
1.832601e-04 1
3.868168e-05 17
1.298803e-04 7
4.688290e-05 1
1.176985e-04 1
2.410280e-05 1
4.526643e-05 1
1.154100e-04 7
2.318434e-04 1
9.965594e-05 3
2.688816e-05 1
2.226670e-05 1
1.626270e-05 23
1.221024e-04 34
1.889567e-04 50911
8.925071e-05 1
4.700375e-05 1
1.247030e-04 7
3.242481e-04 1
2.924981e-05 1
4.164066e-05 1
3.005713e-05 1
9.660221e-05 2
5.577709e-06 1
5.543341e-05 1
4.824705e-06 1
2.055633e-05 1
5.367630e-05 1
2.013938e-04 1
9.789510e-05 1
1.489497e-04 38867
1.425756e-04 1
1.120287e-04 3
8.305067e-05 162
1.098345e-05 1
1.051268e-05 1
2.670861e-04 6
1.470978e-04 3
3.547443e-06 186
1.026655e-04 1
9.562524e-05 1
2.337107e-05 1
4.560096e-05 2
1.300477e-04 3
3.603002e-05 1
4.880555e-05 2
1.235392e-04 1
1.265021e-04 1
8.506066e-07 3
9.060797e-06 4
4.628255e-05 733
3.865207e-05 1
7.375369e-05 225
5.522782e-05 1
1.058270e-06 5
2.793750e-05 1502
2.508363e-05 1
1.343428e-04 3
1.831869e-04 1
4.043273e-05 1
6.535536e-05 6
9.135546e-06 1
2.197745e-05 2
1.134852e-04 1
4.487515e-05 163
1.214332e-04 44818
3.953277e-05 144
1.010397e-04 1
2.779035e-04 1
5.127006e-05 1
1.873716e-05 3
3.703463e-05 1
4.395289e-05 5
9.297927e-05 352
1.007658e-04 1
2.071377e-04 3
1.406266e-05 116
5.904725e-05 3
1.347678e-05 462
4.839995e-05 1
1.691065e-05 1
1.493954e-04 1
3.165065e-05 1
5.437119e-05 3
7.389738e-05 222
9.692733e-05 76
1.477236e-04 466138
2.839971e-05 1
3.058058e-05 1
2.915078e-05 1
8.675136e-06 1749
1.903377e-05 7
1.196707e-04 2
2.178014e-05 3
1.218745e-04 3
1.140850e-05 265
9.105141e-05 121
4.687609e-05 1
2.094542e-05 1288
8.410954e-05 5
2.679260e-04 1
6.855003e-05 55
1.669074e-04 1
2.495303e-05 1
5.476499e-05 1
2.074712e-05 190
1.019036e-04 4
2.149092e-04 1627
4.157969e-06 1
9.759668e-06 1
2.726848e-04 1
3.711839e-05 1
9.861574e-06 1
3.324212e-05 1
3.991518e-06 2
1.609846e-04 1
1.354997e-04 3
1.375461e-04 1
6.873662e-05 1
1.695498e-05 2
5.374865e-05 1
4.530303e-05 6
1.625805e-05 2
1.362607e-04 1
2.227678e-04 17944
7.208579e-05 24
8.440210e-07 19
3.596452e-05 1
7.097189e-05 2073
2.573024e-05 1
1.807134e-06 3
1.005955e-05 1
5.260068e-05 1
1.857085e-05 1
5.854644e-05 105
5.539956e-05 1
3.305387e-04 1
5.537537e-05 1
7.693082e-06 1083
2.684013e-05 1
1.902961e-04 1
1.866890e-05 1
6.238537e-05 6
6.724239e-05 300051
8.630583e-06 1
2.898968e-04 1
8.289789e-05 2
5.353883e-05 2
9.014458e-07 1
1.857560e-04 1
8.120377e-05 1
9.417341e-05 3
3.370710e-05 1381
3.265312e-05 1
2.003379e-05 2
8.159946e-05 1
1.828637e-04 1
1.338566e-05 1
1.707827e-04 1
2.834767e-05 1
3.852889e-05 129
6.655708e-06 1
8.820296e-05 1
6.076904e-05 1
6.932281e-05 57849
1.807228e-04 4
5.659953e-05 1
2.006805e-04 324285
2.382372e-05 4
1.187003e-04 1
4.776718e-05 1
2.368013e-04 1
4.488280e-05 1
3.362122e-05 3
1.081500e-04 1
5.905611e-05 7
8.919248e-05 1
1.288616e-04 1
7.909026e-05 53931
3.343050e-05 251
1.471130e-05 35971
1.257592e-04 102
2.379651e-05 1
1.564306e-04 1
4.082024e-05 1
1.338137e-05 1
8.022555e-06 1
1.012519e-04 1
1.492402e-04 1
1.358214e-05 249
4.044327e-05 1
3.994269e-06 2
9.325787e-05 1
4.288798e-05 1
1.383732e-05 1
2.185431e-05 3
1.350694e-04 5
1.766392e-05 1
3.537177e-05 120
2.606106e-05 68
4.045812e-05 3
1.582636e-04 1
9.868274e-05 1
1.505484e-04 2
6.547674e-08 46
2.241443e-06 218
1.658102e-04 1
4.906135e-05 1
1.200049e-04 1
1.979227e-04 2
6.119936e-05 3
3.926067e-05 1
7.461756e-05 5
1.967603e-06 1
7.224986e-05 1
2.419485e-05 1
1.226511e-05 1
1.176096e-04 1
1.245750e-04 1
1.926251e-04 1
4.450679e-05 1
1.293300e-05 7
5.111309e-06 3
4.310277e-05 2
2.964873e-05 444673
2.801699e-05 1
6.996375e-07 273
7.847165e-05 7
2.797714e-06 2
4.210419e-05 2
1.055999e-04 186
5.865039e-05 1
3.122528e-05 1
2.879317e-05 6
4.633537e-05 3
2.897167e-05 4
5.530536e-05 1
3.569972e-06 1
4.631305e-07 2
7.928293e-05 1
1.318271e-05 1
3.508880e-05 1
1.046821e-05 1
1.817538e-05 1
2.823391e-05 1
8.522478e-05 1
2.116189e-04 3174
9.262824e-05 2
1.210698e-04 1
1.785386e-05 570867
1.043020e-04 1
1.089706e-04 1
8.121077e-06 1
1.951281e-04 6
1.788516e-04 1
3.434455e-05 1388
1.168664e-05 1
1.330809e-04 1
1.072343e-04 1
2.141276e-05 104
1.189434e-05 6
1.443947e-05 3
8.331609e-05 1
1.143420e-04 3
2.499026e-05 1
1.670975e-04 1
1.076059e-05 1140
8.094045e-05 1
9.631374e-05 1
4.857046e-05 1
2.729251e-05 2
4.114585e-05 7
9.982615e-05 2
1.991050e-04 1
5.510221e-06 3
1.262301e-04 1984
1.005120e-05 2
2.468044e-05 1
3.130174e-05 1
9.840674e-05 3
1.079804e-04 47
1.928834e-04 1
3.825854e-05 1
4.049312e-05 1
2.028567e-04 1
2.695230e-05 1
3.680996e-05 2
3.261767e-05 1
1.197099e-05 1
3.020957e-05 3
1.684303e-06 1
3.182210e-05 2
6.836602e-05 1
5.778484e-05 1660
1.405131e-05 1
4.392758e-05 1135
4.933642e-05 7
5.687362e-05 2
1.537595e-05 1
5.267898e-05 120
3.809043e-05 2
8.717131e-05 3
1.025553e-04 475
8.409075e-05 3
1.037052e-05 3
3.828613e-05 3
1.983803e-05 3
1.284086e-05 51
8.105752e-06 168
5.024219e-05 6
2.239471e-05 1
1.365930e-04 1
6.427996e-05 3
9.437718e-07 7
7.393695e-05 3
1.935261e-05 1
1.917062e-05 675
2.599772e-05 1
1.036628e-05 3
2.835852e-05 3
3.721090e-05 7
6.186128e-05 41
4.990142e-05 3
6.824006e-05 1
6.859867e-05 3
1.301379e-04 1
1.520765e-04 3
2.297377e-04 1
4.686879e-05 2
2.134958e-05 1
1.438062e-04 1
1.200666e-04 1
1.118509e-04 1
1.427857e-04 2
1.718963e-05 2
4.478873e-05 1
1.245648e-05 1
5.725533e-05 2
1.127579e-04 5
4.382034e-05 5
1.326666e-04 5
2.923402e-05 1
1.057796e-05 1
3.040337e-08 3
2.193928e-04 1
4.092252e-06 1
1.537285e-04 1
1.251811e-04 5
1.127842e-06 6
6.335976e-05 213
1.028769e-04 3
7.818920e-07 130
9.407798e-05 1
8.967369e-06 1
3.984590e-05 1
2.895623e-04 2
4.702603e-05 222
6.970475e-05 213
1.319087e-04 2
2.203846e-04 674
2.440248e-05 1
1.193806e-04 171
2.496392e-04 1
1.333093e-05 2
1.549141e-05 1
7.644921e-05 86
1.400658e-04 1
3.738862e-05 1
4.267224e-05 1
2.394981e-05 1100
1.511907e-05 1
1.512113e-04 1
1.071249e-05 6
1.293179e-05 1
1.698765e-04 1
7.040651e-05 384
1.459233e-05 1
7.710985e-05 63386
2.587880e-05 1
8.481462e-05 7
3.401039e-05 2
8.372106e-05 2
4.336340e-04 2
2.208774e-04 281
1.601606e-04 1
2.347039e-05 1
1.505174e-04 3
2.071517e-05 1
3.141097e-05 3
7.271099e-05 1
1.085406e-04 6
1.466224e-06 2
7.508371e-05 3
1.752199e-05 249
3.003575e-05 6
5.224444e-05 2
2.025018e-04 1
6.169003e-05 1
8.299452e-05 1
3.052135e-06 3
9.406828e-05 1
1.326195e-04 4
2.191971e-05 2
1.575259e-04 27
2.177563e-04 1
6.179669e-05 16
2.014918e-04 1
8.483550e-05 1670
3.950626e-05 409
9.977230e-06 1
5.392862e-05 1
7.505659e-06 30128
8.565119e-05 2
1.050291e-04 1
1.423807e-04 189
2.476376e-05 1
5.185821e-05 26611
1.040526e-04 3
1.740167e-05 2
5.813588e-05 1
2.261372e-04 3
4.677653e-05 2
3.603393e-04 1
6.923563e-05 1
3.444648e-04 3
9.186977e-06 1
2.452506e-05 3
1.040732e-04 1
8.513056e-05 2
1.014745e-05 1
3.800763e-05 255
1.302072e-05 3
3.729363e-05 1
3.979884e-05 1
5.948055e-06 1
6.867719e-05 1
4.583543e-05 1
9.745383e-05 11536
2.255667e-05 1
4.285753e-05 1
1.355828e-05 3
7.496027e-06 3
1.166291e-05 2
6.971821e-05 1
2.182072e-04 1
8.615235e-05 1
1.303117e-05 3
8.429919e-05 1440
2.623748e-05 1
1.056199e-04 1
6.037305e-06 135
4.953423e-05 3
4.044534e-05 3
1.990310e-05 5
1.155501e-04 1787
2.082952e-05 1
3.086250e-05 7
1.308427e-04 2
9.763650e-07 1
9.969921e-05 86
1.817256e-04 1
7.850231e-05 459
1.585349e-04 1
5.104795e-05 1
3.075808e-04 1
4.235399e-05 5
4.148661e-06 1
6.653179e-05 184
5.061864e-05 3
3.782935e-05 1
9.017749e-05 3
4.693803e-05 3
6.054683e-06 1
1.062241e-04 5
5.725079e-05 3
5.091877e-06 3
2.882055e-04 1
9.853513e-05 1
1.801454e-05 1
1.183897e-04 76
2.546794e-05 1
5.839948e-05 1
4.736560e-05 1
5.117204e-05 2
1.025496e-05 1
3.211762e-05 4
7.419838e-05 1
1.861547e-06 1
5.767384e-06 47169
2.080020e-05 1
2.651680e-05 1
2.289305e-04 1
2.587152e-05 1
2.897714e-05 96
9.921847e-06 1
5.416878e-05 1
3.112911e-06 3801
6.925887e-05 1
7.600659e-05 5
4.478489e-06 1
1.535366e-06 1
