4.005760e-05 1
2.189315e-06 1
5.050981e-06 1
4.572144e-06 3
2.270738e-05 1
2.498648e-06 2
1.725123e-06 1
6.944488e-06 1
4.485290e-06 1
1.534507e-05 2
3.708901e-06 241
1.158396e-05 6
2.941448e-06 1
2.632060e-06 4
1.322288e-05 3
3.796513e-06 301
1.299429e-05 7
9.287378e-06 159
1.671346e-05 1
1.411797e-06 1
2.268289e-05 1
1.129647e-05 1
5.061889e-06 1
2.610983e-06 2
1.242054e-05 1
2.055117e-05 2
8.924179e-06 1
9.945984e-06 651864
7.821584e-06 1
9.494546e-07 248
1.087061e-06 60760
1.033136e-06 1
2.426077e-06 1340
1.289293e-05 1
2.126250e-05 5
4.372597e-06 1
6.910875e-06 2
5.208781e-06 1
3.576530e-06 1
8.910133e-06 1
2.122560e-06 1
5.664547e-06 2
4.876722e-06 5
8.688912e-06 1
7.602857e-06 1742
8.652610e-06 6
2.537528e-06 1
2.853559e-05 4
8.246937e-06 1
5.813604e-06 1
4.088333e-06 7
1.014107e-05 1
5.511112e-07 1
2.880337e-06 7
2.707388e-06 1
7.392569e-06 1
1.906942e-05 1
8.105347e-06 1
4.246173e-06 1
1.579016e-05 1
1.860009e-06 1
3.596190e-06 1
6.932745e-06 59586
6.618182e-06 1
1.041725e-05 2
3.850287e-05 724
2.742968e-06 2024
1.708906e-05 7
2.703382e-05 1
7.065693e-06 1
1.531071e-06 1
1.844705e-05 6740
1.223086e-05 3
4.523149e-06 3
8.786663e-06 144
3.822497e-05 2
1.522815e-06 1
1.404883e-06 1
3.259950e-05 156100
1.658842e-05 1
1.167594e-06 6
4.797076e-06 45433
1.039790e-06 2
7.694224e-06 10662
1.872662e-05 1
1.482564e-05 5
1.774818e-05 1
3.861195e-06 1
8.770039e-06 2
1.070708e-05 2
4.621329e-05 1
8.089736e-06 1
4.453900e-06 356
6.050870e-06 2
8.808454e-06 1
9.955213e-06 144
2.362484e-07 7
6.391343e-06 2
1.855050e-05 1
1.546255e-05 98353
1.895161e-05 3
2.360936e-05 2
3.027332e-05 1
3.663870e-05 256
1.095336e-05 7
3.362570e-07 4
1.374363e-05 2
9.168157e-06 3
9.790438e-06 1
6.443365e-06 1
6.250844e-06 1
3.939544e-06 1
3.096843e-05 1
7.184494e-07 1
5.094106e-06 47
1.129615e-06 1
1.237500e-06 1
2.318102e-06 3
4.071873e-06 1
1.007286e-05 7
3.245059e-06 1
1.701402e-05 1
1.240127e-06 1
2.454896e-06 1
5.780868e-06 1
1.172297e-06 1
6.492079e-06 7
3.921963e-06 1
4.109288e-06 3
1.317730e-05 1
3.002504e-06 25
4.472118e-06 1
3.087453e-06 1
4.365937e-07 1
1.124545e-05 5
3.010298e-05 1
8.403640e-06 1
5.945785e-07 2
5.490633e-06 1
1.979493e-05 1
2.445349e-06 4
8.841524e-06 1035
2.016232e-05 1
5.815099e-06 6
1.420849e-06 1
3.931495e-07 1
1.234925e-05 1
1.877939e-05 7
1.399201e-05 1
2.738806e-06 1
1.775802e-05 654693
4.860043e-07 2
2.994207e-06 7
1.573095e-06 2
1.336255e-05 1
1.980183e-05 3
7.672983e-07 1
2.353388e-06 186
3.880084e-06 4
2.846077e-06 1
7.641919e-06 700
3.458698e-06 6
5.038709e-07 1
4.225935e-06 1
1.467751e-06 1
6.035374e-06 1781
2.350494e-05 1
1.267531e-06 1
3.084998e-05 1
6.518787e-06 1
1.804730e-06 1
8.920780e-07 7
3.271909e-06 3
1.636988e-05 5
1.025116e-06 1
1.454978e-05 3
3.010173e-06 1
2.229080e-06 3
1.225876e-05 46
2.080681e-05 58131
3.191983e-06 2
2.951585e-05 3
4.098066e-06 1
3.222415e-05 1
2.100561e-05 1
1.181448e-05 1
1.054491e-05 1
2.207770e-06 1
2.167894e-05 1
9.637598e-07 1676
2.969368e-05 1
1.758019e-05 2
1.806499e-05 1
5.777095e-06 1
1.989765e-05 3
3.782267e-06 1
9.285694e-06 1423
5.297685e-06 2
6.025080e-06 124
2.629911e-05 1
1.884863e-06 5
1.293691e-06 1
3.238647e-06 2
1.412213e-07 1
4.378639e-06 7
1.048946e-05 3
1.168456e-05 1
1.921215e-06 1993
1.353756e-05 46
1.725825e-06 1
6.801621e-06 5
5.088971e-06 2
4.279058e-06 1
6.902682e-06 245
2.841708e-06 3
3.209117e-06 1882
9.998072e-06 263
2.907332e-05 1
1.027903e-05 1
5.314107e-06 579
1.190780e-06 2
7.317630e-06 1
5.615861e-06 1
1.852667e-05 1
1.354760e-05 3
1.014488e-06 5810
9.897607e-06 1
1.224172e-05 49
1.644204e-05 1217
6.091347e-06 2
5.467374e-06 6
8.928264e-06 3
1.043436e-05 2
1.468985e-06 2
5.694464e-06 1
1.166521e-05 1
6.603884e-06 1
2.745602e-06 430464
8.575921e-07 1
1.052427e-05 1
2.229982e-05 1
2.006316e-06 2
1.241561e-06 1
4.009381e-05 1
3.745279e-06 3
1.802266e-06 1
5.608627e-06 1
8.699231e-06 1
6.851577e-06 259
4.434547e-06 6
1.503590e-05 3
1.165459e-05 209
5.752209e-06 3
4.080259e-05 2
6.680065e-06 3
4.862652e-07 1
6.177979e-06 204
9.379885e-06 38086
3.923450e-06 1
9.499169e-07 1
4.164707e-05 1
2.923888e-07 3
1.131744e-05 77
2.165464e-05 1
2.824189e-06 5
5.335136e-06 1
1.115427e-05 169
8.011105e-06 1
3.471734e-06 4
1.535406e-05 135
9.938161e-06 1
1.223348e-05 4
2.585820e-05 2
2.557293e-06 1397
9.807879e-06 3
4.431457e-06 1
3.125800e-05 1
7.236896e-07 1
1.453898e-06 239
7.620772e-06 1
1.156101e-05 1
1.647639e-05 2065
1.868621e-06 2
1.343272e-05 61
5.286528e-06 1
1.251169e-05 1
3.533619e-05 2
6.721765e-06 1
6.395089e-06 1
1.268193e-06 1
1.861132e-05 3
1.723029e-05 2
5.263259e-07 1
4.965097e-06 1
2.234001e-05 2
1.750723e-06 1
7.472767e-06 1
2.269028e-06 3
2.334146e-07 1
3.394145e-06 1
9.869517e-06 4
7.793600e-06 7
1.526885e-06 2
3.547349e-06 1
6.676087e-08 1
7.768483e-06 1
8.177671e-06 1
3.041740e-05 2
7.144866e-07 1
5.778319e-06 1
1.183950e-06 1
6.420493e-06 1
4.775393e-06 2
8.303755e-06 3
1.898741e-05 45
6.041120e-06 1
8.612780e-06 6
5.760054e-07 261
1.191734e-05 1
4.583283e-06 1
1.088982e-05 1
4.301247e-06 7
3.326500e-05 1
2.881462e-05 7
9.987392e-06 1
9.426099e-06 1
1.330022e-05 1
1.502361e-05 6
1.069632e-05 1
1.255666e-05 1
1.013418e-05 172
3.241558e-06 2
9.840831e-06 1
8.847268e-06 2
2.098455e-05 96
2.338086e-05 1
6.809131e-06 1
1.126366e-05 4
4.115091e-05 1
1.511814e-06 1252
1.135496e-05 1
1.333933e-05 1
8.125416e-06 175
1.117082e-05 1
8.990177e-06 5
6.320589e-06 3
1.606421e-06 3
8.531475e-06 1
7.087207e-06 4
5.738948e-06 6313
2.522363e-07 1
1.291427e-06 5
1.152366e-05 41
2.067200e-05 1
4.219389e-06 1
7.866834e-06 1675
1.647705e-06 1
1.521910e-05 1
1.464235e-06 1
2.849783e-06 3
8.019982e-06 1
1.314462e-05 3
2.779173e-05 3
1.738599e-06 1
1.260362e-05 2
1.270757e-06 1
1.349171e-05 2
6.456684e-06 1
7.456671e-06 10022
3.969202e-05 4
1.411059e-05 1
7.026901e-06 210
2.390632e-06 2
7.070206e-06 261
4.635152e-06 208
1.180322e-05 2
1.371472e-06 4
1.562442e-06 1
1.454301e-05 1
1.770452e-05 7
2.887688e-05 1
9.040592e-07 5
8.739059e-06 7
1.303701e-05 1
6.004368e-06 284036
2.046173e-05 1
1.602157e-05 1
3.444981e-06 1
4.694006e-06 1
8.732328e-06 2
6.009172e-05 1
1.178808e-05 1812
4.363185e-06 1
4.124722e-06 5
9.591136e-07 3
1.019467e-05 96
7.501752e-06 323
3.905929e-06 1
1.489329e-06 1
4.960180e-06 1
2.600265e-06 1
3.390437e-06 1
2.085152e-05 1
1.438557e-05 4
1.181623e-05 7
3.834404e-05 1644
7.810284e-06 1
1.999259e-06 1
2.025933e-05 6
7.360386e-06 1
1.489931e-05 2
2.728093e-05 1
6.215143e-06 1
2.582184e-06 42773
2.536814e-06 16067
7.776960e-06 73
8.192041e-06 2
2.694591e-06 6
4.972263e-07 1
2.102168e-05 1
2.652934e-06 7
1.170186e-05 1
2.450247e-05 1
8.780442e-06 1
1.101622e-05 1
1.241941e-05 1
6.134558e-06 27
1.369920e-06 1
2.963162e-06 2
2.611511e-05 2
2.206793e-05 1
2.019565e-05 2
1.554099e-05 3
1.097467e-06 3
8.212837e-06 1
2.899082e-06 3
5.046400e-06 1
1.321750e-05 1
4.421509e-06 1
2.847068e-05 1
1.605055e-06 1
7.241532e-06 1
3.577205e-06 230
1.902868e-06 1
3.194244e-07 1
1.131391e-05 1
5.596613e-06 1
1.024695e-05 5
1.180218e-05 1
3.395761e-05 1
1.334555e-06 173
1.070876e-06 57
2.037514e-05 1
9.409228e-06 3
3.319745e-06 5
3.161871e-06 1
1.906090e-05 1
1.174831e-05 1009
2.416640e-05 1
2.185706e-05 4
2.347801e-06 4
1.522269e-06 1
1.270239e-06 3
5.748009e-06 1
3.934839e-06 152
4.372122e-06 1
3.231153e-06 1
1.724160e-06 1
4.200730e-07 50266
1.083822e-05 53569
1.716377e-06 4
1.810487e-06 1
3.537477e-06 183
1.928635e-05 1
1.728188e-05 4
6.758300e-07 2086
1.821607e-05 1
4.790034e-06 1
2.357338e-05 1
3.206044e-06 1
2.291861e-05 5
2.482817e-06 2
7.131067e-06 7
1.722340e-05 1
3.913837e-05 4
1.716630e-05 4
3.869120e-06 1
1.681569e-06 1
1.417141e-05 46403
5.089293e-06 1
3.619938e-06 1
1.320573e-05 1
1.140413e-06 1
1.646971e-05 1
8.266637e-06 2061
1.050013e-06 3
2.992025e-06 4
4.838054e-06 36473
2.502439e-05 18
2.285181e-06 3
1.896871e-05 1
8.325144e-06 6
4.338543e-06 1
7.706036e-06 1
1.562962e-05 40
7.138211e-06 3
3.997042e-06 4
8.444349e-07 1
6.341130e-06 2
9.642727e-06 146
3.891986e-06 6
8.452311e-06 1
1.144329e-05 1
2.338734e-07 1
1.207885e-06 4
5.282410e-06 1
1.734797e-05 1
1.400643e-05 5
1.081244e-05 3
3.883114e-06 1
4.455946e-06 1
2.398662e-06 1
7.099910e-07 1
7.109747e-06 1823
7.995074e-07 3
4.003153e-06 3
4.755327e-06 2
1.816494e-05 1
4.203117e-06 5
2.560466e-05 1
2.184261e-05 2
4.661574e-07 1
1.607737e-06 52891
9.479054e-06 180
2.709120e-05 7
5.971039e-06 1
6.129644e-06 1
5.253449e-05 3
2.967181e-05 2
3.374838e-06 2
1.330708e-05 142
6.602993e-05 7
1.151037e-06 1
2.671387e-06 1
2.549814e-05 1
1.058774e-05 1
7.079059e-06 324361
3.006453e-06 1
3.385405e-06 1
6.607593e-06 2
4.019788e-06 56
8.028368e-06 1
4.277394e-06 2
9.788177e-06 1
5.503352e-06 5
7.885303e-06 1
9.421291e-06 4
6.577391e-06 1
3.409677e-06 1603
1.155916e-05 3
5.884988e-06 3
1.715543e-05 4
1.348933e-05 1
1.009812e-05 6
7.094001e-06 1
5.721015e-05 50915
3.493856e-06 1
1.326542e-06 1685
1.638780e-05 1
1.221916e-05 179
8.975172e-07 382
2.290721e-05 1
1.149638e-05 1616
1.461990e-06 2
1.498458e-07 103242
9.319206e-05 7
2.059673e-05 6
6.558845e-06 5
3.751265e-06 1
2.471623e-05 1
8.430056e-06 1
9.885651e-07 2
6.490619e-06 2
6.052946e-07 6
7.584013e-06 2
1.535134e-05 1
3.874743e-06 112
7.938742e-06 1
1.405163e-05 1
7.896408e-06 7
4.724872e-06 1
6.769841e-06 3
2.705288e-05 1077
1.424607e-06 977
2.693412e-06 1
2.170261e-05 24380
7.152736e-06 1
1.706972e-05 1
1.491473e-05 1
4.307651e-06 1
2.083514e-07 1
5.877455e-06 57775
1.203833e-06 2
1.394844e-05 1
1.342934e-05 3
2.137419e-07 3
5.901718e-07 3
4.205775e-06 1
7.513132e-07 7
5.405271e-06 1
5.910671e-06 1
1.667195e-06 1
2.144585e-06 1
1.846393e-05 1
5.618512e-06 1
5.657822e-06 1
6.336718e-06 1380
1.141619e-05 1
2.466779e-05 1
1.154281e-05 1
3.588428e-06 1
7.942692e-07 1
3.196226e-06 1
3.620426e-06 1
2.842319e-07 1
1.209474e-05 5
1.169884e-05 7
2.305053e-06 1
7.751778e-06 1
1.967624e-05 2
3.162828e-07 3
2.725263e-06 209
1.551927e-06 1
1.217635e-06 2
8.356262e-06 1
1.436740e-05 63
1.243895e-05 1
1.167706e-07 2079
5.541957e-06 3
7.046685e-07 3
1.291244e-05 1
1.037183e-06 1
8.854450e-06 65
2.592384e-06 1
2.389575e-06 1
7.894039e-06 1
5.590304e-06 198
3.946103e-06 3
3.879512e-06 1
1.376208e-05 1
4.085345e-06 2
5.051634e-06 1
7.397657e-06 1
8.854545e-07 1371
1.284422e-06 1
6.351577e-07 1
7.675768e-06 6
8.455352e-08 51931
5.144645e-06 1
3.262820e-06 1
3.948695e-06 1
6.702066e-06 1
1.253304e-05 257
9.233679e-06 1
8.208161e-06 1
3.525248e-06 1
1.390717e-05 1
8.981332e-07 1
2.626157e-06 1
9.653845e-06 6
2.344742e-05 415
1.354152e-05 1
1.440847e-05 2
5.175008e-06 1
5.659950e-07 1
4.542513e-06 23342
4.277674e-05 7
1.815437e-05 1
8.865366e-07 1
1.285242e-06 394243
1.577096e-05 1
6.249107e-06 2
1.621126e-05 1
5.981915e-06 3
2.470833e-05 1
3.690137e-06 1
1.047857e-06 4
6.126794e-06 156
1.581134e-05 147
1.006236e-06 1
1.034028e-06 1
1.892977e-05 3
5.073852e-05 19021
3.403069e-06 7
1.500378e-05 1
4.443516e-06 1
9.076858e-07 1
1.013830e-05 1
8.515252e-07 7
2.490626e-06 5
2.406228e-05 909
6.900729e-06 1750
2.162060e-06 1
1.318855e-05 1
3.769148e-06 1
5.275927e-07 7
7.164379e-06 3
3.862393e-06 7
1.477436e-05 140
3.708235e-05 1
1.294688e-06 1
1.952789e-05 1
1.706522e-06 5
4.338465e-06 126
6.709831e-06 3
4.860867e-06 1
3.453949e-06 1
1.189742e-05 4
7.708655e-07 1
1.499110e-05 7
3.322364e-05 51
6.074805e-06 1
1.468535e-05 7
1.433089e-05 1
6.695186e-06 1
1.017940e-05 2
2.861091e-07 1
1.945015e-07 1
1.222359e-05 179
3.582443e-06 2
1.783310e-06 76
6.749019e-06 4
7.852450e-06 3
2.125832e-06 54766
8.786314e-06 3
4.108705e-06 1
4.149084e-06 1
1.481670e-06 1
6.199178e-06 1
1.926288e-05 1
1.049277e-07 1
2.006663e-08 3
1.234569e-05 96
1.851855e-06 1
2.343959e-06 1
6.760036e-06 1
4.998980e-06 1
2.236099e-06 1
1.198699e-05 3
9.317462e-06 2
1.103856e-05 1
3.207609e-06 3
2.593914e-05 1
1.458060e-05 1
6.742567e-06 3
4.705043e-06 6
2.427825e-05 1
1.366918e-05 9151
7.509069e-07 1
3.559195e-06 1
1.473156e-06 1
4.967030e-06 6
2.714516e-06 5
8.698790e-06 1
9.544650e-06 1
8.711121e-06 1
7.930982e-06 3
5.588090e-06 36478
8.630145e-07 2
2.642042e-05 2
1.406549e-05 2
8.301753e-06 1
2.753289e-05 1
5.649849e-06 1
1.297453e-06 3
1.569449e-05 4
2.167863e-06 209
2.691579e-06 2
6.495711e-07 1393
4.774256e-06 1
3.851927e-06 1
1.583209e-06 238
1.058758e-05 1
2.197095e-06 1
1.918941e-05 1
4.688012e-06 1
2.051758e-05 1
3.195833e-06 1
1.624562e-05 3
8.525016e-07 725
7.856607e-06 1
2.566314e-06 1
4.093934e-06 7
1.992849e-06 1
1.678631e-05 1
2.493483e-07 1
3.805670e-06 1
4.424114e-06 7
1.059888e-05 2691
2.495929e-05 1
1.188474e-05 1
1.149079e-05 1
9.410758e-06 3
4.571257e-06 1
6.875606e-06 3
2.029717e-06 2
1.006800e-05 1
1.147098e-06 17
1.876647e-06 1
1.224617e-05 1
9.631916e-06 1
4.993386e-05 6
3.652871e-06 3
1.424650e-05 1
3.856980e-06 246
2.737362e-06 3
6.221993e-06 1
1.675553e-05 2
2.018656e-05 1
3.296836e-06 1
3.000623e-05 3
7.802791e-06 1907
1.166729e-05 1
6.387328e-07 7
7.865237e-06 783
2.686633e-05 2
2.388550e-06 1
8.778674e-08 11392
3.916440e-05 1
2.111349e-05 2
4.297622e-08 2
3.697853e-06 5
5.064718e-06 1
5.953645e-07 3
8.158972e-06 1
2.477989e-05 1
6.993692e-07 1
7.200395e-06 1
1.013119e-05 59218
6.856840e-06 1
4.392183e-06 3
1.040876e-06 1
1.392043e-05 2
9.683501e-06 1115
1.802218e-07 168
1.363758e-05 1
3.092532e-06 114
3.746233e-07 26853
5.505077e-06 2
5.468032e-05 3
2.877865e-06 2
2.251347e-06 1
2.242462e-06 174
2.951422e-06 1
2.484973e-06 1
1.052570e-05 1
2.075982e-05 6
1.932862e-05 3
7.711141e-07 8193
1.622994e-06 5
2.036479e-06 3
1.232050e-05 1
4.868755e-06 252
4.378111e-06 1
1.827999e-06 1
1.778884e-05 6
1.285298e-05 1
1.931088e-05 211
3.144126e-06 1
3.591196e-07 1
6.150650e-06 1
9.584134e-07 24311
7.738055e-06 1
9.872624e-07 228
9.054680e-06 1
1.282550e-05 1
6.782096e-06 1
1.233692e-05 1
4.832612e-06 1
1.154509e-06 7
1.008460e-05 1
1.329439e-05 1
9.384841e-06 2
8.376955e-06 62208
3.831090e-06 6
1.133011e-05 3
2.453701e-06 2
2.830636e-05 1
8.545601e-07 5
8.163706e-07 1
3.410724e-06 1597
2.746414e-05 3
1.057432e-05 23
1.646646e-05 1182
2.277027e-06 1
1.396147e-06 1
1.667384e-05 1785
1.943904e-05 2
1.417969e-05 1
3.838786e-07 1700
3.139126e-06 3
1.043177e-05 1
2.682789e-07 1736
1.801460e-06 1
1.492583e-05 185
3.372817e-05 3
2.455256e-05 38
9.204524e-06 1
1.404311e-05 4
1.042314e-05 7
6.090124e-06 7
4.829390e-06 3
2.435432e-06 382
5.854270e-06 788
2.039509e-07 1
4.123962e-06 3
1.280402e-05 2
3.156046e-05 2
1.037982e-05 1
2.833203e-05 222
1.550905e-07 1
1.132846e-05 3
1.381729e-05 3
6.193405e-06 1
1.149213e-06 1
3.307684e-06 5
5.368177e-06 1
2.138358e-06 1
1.809334e-05 244
5.908587e-07 1
1.815050e-06 3
7.119741e-06 1
1.906557e-06 1
1.873684e-05 64
1.750095e-05 1
3.243760e-05 1881
8.774170e-06 7
1.952258e-06 1
2.398814e-06 1
1.178546e-06 1
1.086481e-05 1
1.451078e-06 1
6.554968e-07 90
1.451821e-06 3
7.982613e-06 1
1.029191e-05 1
1.833835e-05 51665
3.324771e-07 1
1.734404e-06 1
1.999060e-06 1
8.802107e-07 1
3.219738e-06 2
1.078942e-05 3
2.477299e-06 6
1.928503e-06 2
1.617466e-06 1
1.991622e-06 2
3.655680e-07 1
7.627825e-06 48
5.130732e-06 1
1.358003e-05 1
2.194842e-05 1
3.308106e-06 2
3.459704e-06 1
6.943070e-06 7
4.679475e-06 1
1.498568e-06 7
1.139941e-05 1
2.714570e-06 1
3.735911e-06 1
3.210479e-06 1
7.603810e-06 2
3.844957e-06 929
8.004887e-06 1
1.518030e-06 1
1.706163e-06 1
1.017334e-05 2
2.574989e-06 1
4.237252e-06 2
6.998551e-06 2
3.772631e-06 3
2.187795e-05 1
2.023263e-05 1
2.108770e-05 153
1.850625e-05 1
1.253614e-05 1
3.530331e-05 1
1.757927e-05 1
7.487481e-06 1
8.709214e-06 2
1.082940e-06 6
9.347084e-06 1
1.060094e-05 2
3.543116e-06 1
1.130676e-05 1
2.086108e-06 7
1.217752e-05 1
1.543708e-06 4
1.247081e-05 1
2.244121e-05 1
4.162727e-06 1
4.786882e-07 1
8.663792e-06 3
5.369321e-06 7
1.006362e-05 4
1.495712e-06 1
4.367979e-06 1
1.448052e-06 1
1.804350e-05 3
1.890068e-05 1
8.660247e-06 1
1.631991e-06 214
2.362871e-06 25758
1.927706e-05 1
2.059983e-05 2
2.706444e-05 1072
3.959044e-06 1
1.014130e-05 1
1.346372e-05 3
1.034822e-05 7
1.391205e-05 1
7.483946e-06 3
3.429373e-06 100
1.862614e-07 1
1.997313e-05 2
1.139329e-05 1869
3.052651e-06 1
8.031424e-06 1088
2.789643e-05 1
4.433295e-06 1
3.748209e-06 1
1.337168e-06 1
1.369105e-06 29
9.430946e-06 1
1.071925e-05 1
1.825095e-06 1
1.010593e-05 2
7.348852e-06 1
6.294796e-06 1
4.921194e-05 1
6.051269e-06 6
1.716534e-05 1
6.382814e-06 1
7.379992e-06 1
1.249746e-05 1
9.150757e-07 4
4.946468e-06 1
1.972983e-05 3
1.721129e-05 3
4.017741e-06 66317
3.427904e-05 224
1.598401e-06 3
4.050974e-06 1
2.746784e-05 2
1.460133e-06 46
1.451797e-06 7
6.210148e-06 3
1.244067e-06 1
1.993025e-06 1
2.809711e-06 2
1.709171e-06 1658
4.640935e-06 1
1.170737e-05 2
9.360742e-06 3
5.281644e-06 733
6.393848e-06 1
1.161042e-05 1
5.049903e-07 7
7.557640e-06 1
3.534209e-06 1
1.173004e-05 1
5.026486e-06 6
8.575426e-06 1
2.851878e-05 4
6.154707e-06 364
5.967815e-06 1
7.641777e-06 3
1.460227e-06 2
2.682948e-05 1
6.135038e-06 1
7.510106e-06 7
1.188390e-05 170
9.321244e-06 2
2.072789e-05 239
8.446842e-06 3
6.347846e-06 1
2.367119e-06 53
4.743223e-06 1
2.082294e-06 3
6.093574e-06 230
5.386136e-06 1
1.791183e-06 3
4.424788e-05 1
2.030089e-05 2
1.796908e-05 4
5.587996e-06 3
1.450818e-05 4
9.349042e-06 3
6.467713e-06 2
4.713309e-05 1
3.060775e-06 1
2.835830e-05 1
4.908303e-06 1
1.082758e-05 1
1.282632e-06 1
1.637835e-05 1
9.393183e-06 1
8.602340e-06 124
1.596728e-06 3
3.899119e-06 1
2.494383e-07 4
1.927581e-06 1
1.767930e-06 4
1.065923e-05 1
1.278120e-05 2
1.259571e-05 120
7.713279e-06 4
7.712003e-06 1
2.305437e-07 12
2.439422e-05 1
2.847027e-06 3
5.098461e-06 1
7.200100e-06 4
1.127885e-05 1
1.959293e-07 1
2.400515e-06 7
2.592028e-07 3
3.292168e-06 1
2.740712e-05 1
9.216606e-06 2
9.909378e-07 1
9.390075e-06 73
6.673963e-06 1
2.141997e-05 69
6.517757e-06 1
2.733881e-05 2
5.443113e-07 1
6.566265e-06 1
3.749264e-05 1
4.019715e-06 1
9.879272e-06 1
2.629018e-06 125
8.293016e-07 1
6.919979e-06 1
4.828578e-06 2
1.276587e-05 6
5.986095e-06 2
1.446557e-05 1
1.779915e-07 1
7.941500e-06 1
2.959413e-06 1587
1.661749e-05 1
1.593709e-05 1
3.015375e-06 1
3.412967e-06 1
1.584020e-06 60233
7.038973e-07 1
1.557878e-05 4
9.959332e-06 1
2.392694e-05 2
1.902782e-07 3
9.181469e-06 7
6.186206e-06 1
7.073011e-06 197
6.698737e-06 7
4.731861e-06 1
1.009174e-05 1
3.896467e-06 41
6.697369e-06 1
7.677987e-06 1465
1.568293e-05 225
3.480964e-06 79
1.665397e-06 1
7.011646e-06 1
1.538183e-06 1
3.713954e-07 1
1.504609e-06 1
7.160032e-06 1
3.135651e-06 1
9.945695e-06 1
1.238189e-06 51186
8.093714e-06 2
2.346869e-05 1
9.443891e-06 1
1.516574e-05 156
2.041820e-05 3
1.072100e-05 7
1.009240e-05 1
7.294637e-07 3
8.469148e-06 1
7.504548e-06 1
2.857470e-06 2
3.156513e-05 1
3.305848e-06 3
6.967589e-06 1
7.528297e-06 5
2.203835e-06 2
3.339949e-05 48
1.050780e-05 1
7.571400e-06 1
8.373041e-06 1
6.900831e-06 1
2.693732e-06 11935
2.009394e-06 4
4.519617e-07 3
1.023222e-05 1
7.218702e-06 1
2.748715e-06 1
8.503032e-06 6
1.001873e-05 2
1.639394e-05 3
5.375327e-06 2
3.819371e-06 35405
1.303345e-05 1
7.404113e-06 107
3.142376e-06 3
2.225970e-05 212
1.441848e-05 7
1.196837e-05 1
8.439954e-07 2
2.576457e-06 2
1.972524e-05 1
3.541731e-06 2
6.172075e-06 1
1.638572e-06 1
1.181648e-05 3
5.451805e-06 1
2.767833e-06 1
7.520843e-06 2047
7.485510e-06 1
3.666274e-06 1
6.786848e-06 3
1.499870e-06 1
2.385979e-05 1
2.173683e-05 1
1.463552e-05 1
5.206700e-06 199
7.724119e-06 5863
5.570236e-05 7
7.926112e-06 1
1.953917e-06 1771
2.211631e-05 1
3.219684e-06 3
1.026407e-05 83
6.324588e-07 1527
3.651959e-05 1
1.805950e-05 2
1.863206e-05 1
1.918099e-05 3
4.730652e-06 1
6.618141e-06 416440
3.205421e-07 45982
3.209556e-06 3
7.870566e-06 1
2.735065e-06 1175
2.681420e-06 6
4.141841e-05 1
6.895213e-06 1
1.357703e-05 1
7.452583e-07 3
8.623059e-06 1
8.627537e-06 7
7.609430e-07 159
6.388656e-06 1
5.560297e-06 145
9.299525e-06 3
2.959226e-05 2
5.472391e-06 4
9.964177e-07 159
7.676934e-06 1
2.657724e-06 1
1.283466e-05 1
3.108388e-05 1
8.229729e-06 1
5.268291e-06 1
1.634857e-05 1
1.458148e-06 1
1.508458e-05 7
5.361418e-06 1253
1.480248e-07 924
3.516947e-05 1
4.266730e-06 1
7.599833e-06 1
4.842305e-06 1
3.526861e-06 1
8.547740e-07 172
2.098962e-05 1
9.593660e-06 1
7.147391e-06 1
6.373436e-06 7
2.358257e-06 1
4.344446e-06 251
8.544467e-07 109
1.521649e-06 2
2.466547e-05 1
1.029882e-05 1
5.990685e-06 2
4.026550e-07 17007
1.570286e-05 1
2.273117e-06 3
4.851393e-06 3
2.079263e-05 1
8.513929e-06 5
4.072251e-05 1
2.045907e-06 6
1.169148e-05 1
1.098411e-05 424246
5.614846e-06 1
2.194935e-05 102
1.196796e-05 1
5.695611e-05 7
4.010225e-05 1
1.602532e-05 1
4.907156e-06 1
8.617569e-06 1
2.738880e-07 1
1.181860e-06 1
1.182250e-06 1
2.210866e-05 10106
1.704880e-05 21
7.245031e-06 6
3.969872e-06 1
2.023166e-06 3
2.171276e-05 1709
7.874020e-06 1
1.417409e-05 3
2.124916e-05 1
1.210196e-05 8
7.211994e-06 1
6.180527e-07 1
3.321787e-06 1
5.767780e-06 2
1.659612e-05 7
3.044654e-06 1
1.434054e-05 2
7.296947e-06 3
3.807104e-06 139
5.734927e-06 7118
1.692259e-05 5
2.600502e-06 1
1.374374e-05 7
1.499626e-05 61646
1.880207e-05 1
1.221891e-05 1
1.744875e-05 20967
3.427786e-06 3
5.124118e-06 590
2.417869e-05 1
1.166927e-06 1
6.229045e-06 4
1.241263e-06 2
7.078390e-06 1
2.761400e-06 1
5.493384e-06 1
1.795929e-05 129
2.294066e-05 1
4.178775e-06 1
7.973495e-06 396
1.777342e-07 3
4.589159e-06 1
2.597937e-05 1
2.844520e-06 1
6.542961e-06 1
4.753162e-05 1
7.754755e-06 3
8.757427e-06 4
1.176906e-05 1
9.589353e-06 3
1.433738e-05 1
3.340942e-06 1
2.410291e-05 2
4.809784e-06 42654
6.796003e-06 1
4.226932e-06 1
1.984701e-06 1
4.857710e-06 3
1.831947e-05 1
3.207393e-06 1
2.119398e-05 1
9.201255e-06 1
4.751116e-06 1
2.712361e-05 1
3.284451e-06 540
8.540041e-06 11
4.232415e-05 1
7.217570e-06 1
1.363522e-05 1
1.408108e-05 3
3.494381e-06 1
3.592479e-06 1
1.363777e-05 2
1.026286e-05 5
1.132596e-05 3
1.270064e-05 6
4.759016e-06 1
1.740249e-05 4
7.004022e-07 1
1.947819e-05 1
6.101685e-06 100
5.514936e-06 1434
1.289241e-06 346729
4.587804e-06 5
2.328811e-05 1
4.257876e-06 3
9.134397e-06 1
1.336828e-05 6
1.099666e-05 3
3.762685e-05 118
6.760974e-06 11105
5.717375e-06 1
2.086681e-05 1
9.750471e-06 28638
1.884980e-05 2
1.074737e-05 1
4.487091e-05 1894
7.241047e-06 3
4.760215e-06 1
1.444294e-05 1
6.006605e-06 1
2.691914e-05 1
3.231489e-06 25773
1.499285e-06 2
8.663815e-06 1
9.334245e-05 1
4.171804e-06 1
1.315946e-05 14242
1.862882e-07 5
2.738101e-06 1
6.280719e-06 46
8.469612e-07 1
5.022333e-06 3
2.783279e-07 1
1.351489e-05 1
2.574051e-05 64160
2.173500e-06 2
7.025822e-06 1
2.078835e-06 1
1.331411e-05 14
1.377419e-05 271
8.783820e-06 1
1.436721e-06 1
8.864206e-07 155
4.746036e-06 2
5.366281e-05 1
2.694373e-06 1
1.027077e-05 1
1.700129e-05 1
9.695559e-06 1
5.422344e-06 3
4.421836e-06 1421
6.728231e-06 41
7.500434e-07 38
7.814383e-06 2
1.575875e-05 1
7.070834e-06 1
2.446820e-07 1
4.031543e-06 1
1.233747e-07 3
5.857495e-06 61683
2.636341e-05 3
1.163032e-06 1
1.800815e-05 2
3.429796e-07 1
3.456192e-05 1
2.895956e-06 1
5.491807e-06 1
2.867544e-05 149
1.156015e-05 1
4.297235e-06 1
2.370959e-06 115
3.423664e-06 1
3.808960e-06 1
1.647394e-05 1
1.237089e-05 9246
3.780573e-06 1287
8.304507e-06 3
2.625851e-05 562
2.510260e-06 6
1.356668e-05 2
5.832995e-05 1
8.320026e-06 1
1.681874e-05 3
9.156705e-06 3
7.588360e-06 1
2.778198e-06 4
1.610120e-05 1
5.798528e-07 1
9.822998e-06 1
2.060963e-05 2
3.822537e-06 1
1.700381e-05 2
5.990189e-07 891
1.171430e-06 67
1.566527e-05 1
2.839548e-05 2
2.582373e-05 3
7.616489e-06 1
1.074547e-06 1
3.452176e-05 1
8.626529e-06 1
2.756699e-07 240
2.326324e-05 1
3.889133e-06 6
2.101720e-05 1
1.369688e-05 1
2.142557e-05 6
3.258976e-05 1
6.517253e-07 48766
1.770336e-05 6
9.506098e-06 1
2.549950e-06 1
6.815490e-07 1
1.161961e-05 1
1.829505e-06 2
9.733351e-06 1
4.222507e-06 1
7.338140e-06 1
1.281742e-05 45451
5.290661e-06 1
5.790830e-06 5
2.955212e-05 4
1.999345e-06 1
8.936983e-06 2
2.655042e-05 3
1.804314e-06 1
7.313766e-06 5
9.486060e-06 1
7.183427e-06 1
1.779228e-05 2
4.259568e-06 9373
1.146604e-05 1
2.642334e-06 1
1.142294e-05 1
8.400557e-06 172
7.889646e-06 5
2.111732e-05 3
2.247407e-06 1
1.245071e-05 1196
8.159474e-06 3
5.441555e-06 120
8.044710e-06 1
3.263491e-06 1
4.936073e-06 1
6.954390e-06 2
4.365009e-07 3
6.893014e-06 184
4.473161e-06 1
1.177487e-06 3
1.167897e-06 1
6.124470e-06 1393
9.055666e-07 321
5.829882e-06 1
9.881724e-07 1
8.073837e-06 125
1.092311e-06 1
3.844670e-06 2
4.216841e-06 19333
2.260675e-06 1
6.115040e-06 1
1.030942e-05 1
4.167970e-06 1
2.433876e-06 3
1.731102e-05 1
9.511282e-06 1
4.742992e-06 1
3.854539e-06 2
9.623420e-06 1
6.900853e-06 119
2.165644e-05 119
1.578885e-05 213
7.631080e-06 1637
2.098825e-05 1
2.646289e-06 1
1.714162e-05 3
3.499590e-06 3
7.520471e-06 1
4.145000e-06 1
6.193516e-06 1
1.005508e-05 1831
7.292909e-07 1
4.436049e-06 7
7.489135e-06 7
2.203959e-05 1
1.427006e-06 1
3.385789e-06 2
1.049198e-05 1
4.165547e-05 3
4.344930e-06 1
6.694580e-06 1
8.074285e-07 2
4.249264e-06 1
1.412659e-06 3
1.676779e-05 1
4.980387e-05 1
5.128936e-06 1
3.669966e-05 1
4.942177e-06 1
3.843870e-06 1
2.656983e-05 1
2.127024e-06 6
6.387640e-06 1
2.017960e-05 1
1.154539e-05 1
1.535441e-05 2
3.461944e-06 1
1.600001e-05 30964
3.292396e-06 3
1.809571e-05 2
6.661348e-06 1
1.920209e-05 1
1.776391e-05 1
1.415253e-05 3
5.523926e-06 3
2.236841e-05 5
1.034274e-05 2
5.017622e-06 5
2.566253e-05 1
5.010504e-07 3
3.992010e-07 3
4.465730e-07 2
4.091453e-06 1
6.755542e-06 7
2.812718e-07 2
3.596672e-06 96
2.336813e-05 218
7.647006e-06 18273
6.188333e-06 1
2.735137e-06 6
2.094008e-06 1725
6.760504e-08 107
3.252904e-06 1
1.983543e-06 1
1.610151e-05 116
5.614081e-06 1
1.376002e-05 1
7.313858e-06 68
1.627932e-05 1
1.032259e-05 2
9.458262e-07 1
7.194842e-06 5
1.657034e-05 6
1.554001e-06 1
2.011543e-05 1
1.014008e-05 1
1.147908e-05 1
3.519473e-06 1
1.114007e-05 1
1.924590e-05 1
2.808898e-07 1
5.385706e-06 478115
5.091919e-07 235
1.490676e-05 5
3.785009e-06 84
9.763437e-06 1
1.597554e-05 3
1.394334e-05 3
2.675110e-06 1
1.280462e-05 1
4.207031e-06 2
5.203707e-06 1
4.709566e-06 1
8.890354e-06 57
1.483986e-05 1
2.612474e-05 1
1.243541e-05 1
1.998470e-05 1
6.689435e-06 1
1.105130e-05 142836
7.936957e-06 3
9.017964e-06 2
5.010784e-06 3
1.878536e-05 1
4.772377e-06 2
1.704810e-05 4
1.356916e-05 1
1.694489e-06 862
5.105229e-06 1
5.374505e-06 7
1.055608e-05 2
9.609616e-07 1
2.798509e-05 1
1.112785e-07 1
3.401999e-05 1
9.216446e-07 1
2.930378e-05 2
2.255351e-06 56548
1.940054e-05 1162
8.968245e-06 2
6.630153e-06 1
3.196853e-05 2006
3.768420e-06 3
5.122447e-06 54014
4.091647e-06 2
1.517548e-06 1
1.857243e-05 3
1.108889e-05 1
3.912385e-06 1
3.250957e-05 1
6.745900e-07 1
5.293667e-06 1
2.699001e-06 2
9.038629e-06 3
4.722701e-06 240
7.994429e-07 2
1.387793e-05 1
4.434165e-07 3
4.250450e-06 222
5.884815e-06 1
1.633062e-06 395
7.772175e-06 1
4.633289e-07 1
9.106599e-06 1
1.439473e-05 6
2.551583e-05 1
2.154988e-05 946
2.362484e-05 2
6.783281e-06 5
1.036646e-06 1
1.974032e-05 2
2.249918e-06 692
8.053147e-06 66
6.204823e-06 3
1.013208e-05 6
3.845239e-06 1
4.962713e-06 1
1.280652e-06 1
8.707890e-06 1
2.642403e-05 1
7.830546e-06 2
1.360131e-05 1
2.052705e-05 1
7.613529e-06 179
1.288942e-05 1149
1.460967e-05 33
1.127066e-06 8357
1.361646e-05 99
8.611757e-06 1
2.127623e-06 1
3.374070e-06 1
1.877869e-05 61
9.629500e-06 44362
2.843613e-06 1
4.809956e-06 1
2.989438e-05 1741
4.505160e-06 4
6.356068e-06 1
1.370535e-05 1
5.513742e-06 1
5.187912e-06 4
3.276771e-07 1
1.577020e-06 2
2.374204e-05 6
1.444452e-05 1
2.299181e-05 1
1.230392e-06 1
6.258423e-06 1713
6.318441e-06 1
6.907358e-06 117
1.848783e-06 1
2.115766e-05 1
6.300829e-06 1
6.170411e-06 1
1.004120e-05 206115
1.716252e-05 1
5.469539e-06 1
6.551033e-06 2
3.527616e-06 1
6.463679e-06 1
4.841640e-06 3
1.131361e-05 526129
1.934441e-05 41944
1.555078e-06 189
2.029420e-05 39576
2.980449e-06 3
1.036718e-06 1
2.064343e-06 258
5.563844e-06 7
2.303613e-06 1
9.545037e-06 1
1.640716e-06 4
7.312049e-06 2
8.420279e-06 1
3.694591e-07 123
6.365482e-06 1
7.679530e-06 1459
6.101144e-06 597
3.027914e-06 1
7.596212e-06 1
3.643175e-06 1
3.470522e-06 7
1.274515e-06 1
2.671693e-06 43
2.865529e-05 1
6.992655e-06 1
1.289114e-06 1
7.766132e-06 1
2.855882e-05 3
3.061580e-06 1866
5.320609e-06 1
1.655481e-05 1
1.350125e-05 3
1.404870e-05 1
2.115702e-05 1
6.857317e-06 1
2.546438e-06 2
6.875421e-06 1
8.819235e-06 3
7.400076e-06 58751
5.032986e-05 1
7.321426e-06 1
2.898059e-05 1
6.452487e-06 3
7.511427e-06 6
2.074275e-05 1
6.460804e-06 1
2.560001e-05 905
5.968764e-07 1
5.137121e-07 17594
6.790598e-07 1
9.516746e-07 869
1.912422e-05 1
1.368141e-05 8116
2.067271e-06 3
1.029555e-05 203
3.367163e-05 1
1.722161e-05 3
4.868525e-06 252
4.480466e-06 2
1.247333e-06 1
1.058465e-05 2
1.204649e-05 1
1.229205e-05 3
1.104015e-05 3
3.281326e-06 2
1.348333e-05 1
2.597561e-05 1
1.990105e-05 1
1.500354e-05 7
1.515449e-05 1
1.173579e-06 1
2.201281e-06 1
1.480585e-05 1
1.976944e-06 5
4.387395e-05 4
2.941187e-06 1
4.029027e-06 1
6.040091e-06 3
1.084625e-05 225
2.180241e-07 43137
4.346438e-06 1
6.668139e-06 1
1.951733e-05 1
1.560428e-05 3
2.878068e-05 1
1.521754e-05 1
2.322066e-05 6
1.877451e-05 2
9.952519e-06 1
2.389650e-06 1
1.506750e-05 2
3.212206e-06 3
7.308190e-07 4
7.462090e-06 1
1.523204e-05 3
2.536017e-05 195
3.558333e-06 3
1.304775e-05 1
7.539614e-06 1
7.529478e-06 1
9.256026e-06 5
1.513397e-08 1
1.187787e-05 1
1.494153e-05 2
2.549673e-05 126
3.306959e-07 2
9.732356e-06 1
3.785016e-06 1
1.115721e-06 3
1.285621e-06 6
1.258444e-05 3
7.312158e-06 2
4.549576e-06 1
6.983338e-06 1
5.672985e-06 1
5.912262e-06 1
1.959291e-05 1
2.360054e-05 592701
4.783303e-06 1
2.610018e-06 1
1.202699e-05 4
1.972589e-05 7
1.027578e-06 7
4.741920e-06 1
1.658398e-06 1
2.514325e-06 774
3.262541e-05 1
2.362752e-05 1
1.555973e-05 2
7.441496e-06 1
1.850932e-05 1
1.255953e-06 2
2.187292e-05 1
2.452075e-05 5
1.853484e-06 1
2.846248e-05 6
8.070771e-06 1
8.961191e-06 1
2.419823e-06 1
2.712994e-05 195
2.139511e-05 375308
7.595747e-06 183
4.045187e-06 1
2.045923e-06 3
4.773634e-07 1
4.884147e-06 1
3.713123e-06 7
1.992650e-05 1
3.187476e-06 1
8.466582e-06 1
7.406351e-06 43
1.039513e-05 2
2.347465e-06 252
1.799628e-06 2
2.121745e-06 1
9.939030e-06 3
1.384966e-06 1
2.137223e-06 33
1.056439e-05 1
3.140115e-05 1
3.075386e-06 1
4.384028e-06 7
1.423796e-06 31522
1.752681e-06 3
8.367938e-07 1
2.303303e-05 3
8.322113e-06 3
8.249818e-06 7
2.790135e-05 1600
4.404250e-06 1
8.319284e-06 1
5.737216e-06 1
2.033880e-06 1231
3.109909e-07 1
9.378902e-06 1
2.351183e-06 1
2.984090e-06 2
2.170662e-06 3
1.925935e-05 2
1.308120e-05 2
7.393756e-06 1
4.883961e-08 1
6.478879e-06 2
2.595427e-06 1
5.859028e-07 1
9.793813e-06 1
1.960895e-06 1
6.602055e-06 3
1.326841e-05 1
2.660195e-06 2
2.904945e-05 38614
8.181644e-06 1
1.575206e-05 1
1.842349e-05 3
4.308992e-06 438077
5.361382e-06 1
4.833769e-06 1
3.038503e-05 43
1.762445e-06 2
2.643106e-06 1
1.235038e-06 7
1.754020e-05 229
7.302082e-06 35732
3.118452e-05 3
3.977776e-06 2
1.023249e-05 1
3.000702e-07 1
2.708343e-05 3
1.752699e-06 1
7.725543e-06 1
2.692768e-05 1
1.600904e-05 2
6.855918e-06 3
1.518663e-05 4
1.318607e-05 3
2.973347e-07 38
4.924004e-06 1
6.025675e-06 1
2.317696e-05 1
6.718472e-06 7
4.779210e-06 1
4.071711e-06 2
6.867676e-06 2
1.786589e-06 3
1.075008e-05 1
6.052523e-06 2
6.815881e-07 1
7.154848e-07 2
9.877843e-06 1
2.206912e-06 1
4.104237e-06 151
3.130441e-06 224
1.116839e-05 1
3.198845e-05 2
6.983334e-06 50775
3.007753e-05 782
2.275134e-05 3
7.891122e-06 2
2.595831e-05 1
1.210175e-05 71
8.246984e-06 145
8.433096e-06 1
5.037739e-09 3
1.711057e-05 2
8.332998e-07 247
4.738312e-06 3
1.165116e-05 3468
2.187791e-05 1
4.772310e-06 3
1.308398e-05 1
5.769149e-06 1
7.018409e-06 1
2.053242e-06 1
1.316528e-06 1
1.280537e-05 1
1.324969e-05 406
1.037090e-05 162905
1.887135e-05 3
1.475266e-05 555088
9.332503e-06 1
1.469630e-05 386
8.688122e-06 2
3.033055e-06 1
8.675621e-07 1
4.728047e-06 7
2.411992e-05 247
1.630340e-05 1
2.664228e-06 2
2.999229e-06 1
3.529241e-06 2
3.174223e-05 204
1.845592e-05 6288
1.106146e-05 2
1.175801e-06 1
4.208498e-06 2
1.278284e-05 1
2.972104e-06 1
4.669300e-06 69
1.349834e-05 1
5.149935e-06 1
6.579229e-06 6
6.947167e-06 1
3.927158e-05 3
4.061317e-06 167
9.681959e-06 1
2.102406e-05 1
1.209353e-05 1
4.931667e-06 1
5.761884e-06 6
1.378336e-05 1
1.791305e-05 260
6.289547e-06 1
1.304300e-05 3
1.512450e-06 1
2.818746e-06 5
8.782712e-06 1
5.710277e-06 33
1.475208e-06 3
1.133386e-05 74
1.574184e-05 2
4.145628e-06 1086
7.327749e-06 1
4.534892e-06 3
7.419119e-07 1
5.852596e-06 1
5.155377e-06 1
2.912185e-06 1
2.630751e-05 160
3.664086e-06 1
7.330932e-06 1
9.660033e-06 1
2.303955e-06 1
5.961121e-06 7
1.942792e-05 1
6.736931e-06 229
1.083310e-06 1
6.066176e-06 111
2.446047e-08 196
1.196869e-05 1
2.035911e-05 1
3.010497e-06 1
3.207781e-06 992
2.414650e-06 1
8.597932e-06 5
4.103473e-05 6
2.023731e-06 1
6.204843e-07 7
1.791756e-05 4
1.589741e-06 1
1.969682e-05 65326
4.105614e-06 5
6.965576e-07 258
2.863804e-06 1
5.567700e-06 293
5.065892e-06 2
6.114587e-07 1
7.534918e-06 1
4.450203e-05 1
5.420182e-06 1
1.020619e-05 1
5.774888e-06 1
5.298915e-06 1
1.499336e-05 1
4.090020e-06 1
6.733817e-06 7
4.414994e-06 161
1.019234e-05 1
8.321868e-07 3
5.571238e-05 225
2.135828e-05 3
2.224966e-05 1
1.824583e-06 1
1.145244e-05 2
5.150734e-06 2
1.507297e-06 386
1.500085e-05 2
1.066672e-05 34091
7.927587e-06 6
1.628304e-05 1
2.917900e-06 2
8.825467e-06 1
4.857607e-07 1
3.313346e-06 1
6.979686e-06 1
1.181311e-05 7
7.826308e-08 4
1.108205e-05 119
1.200441e-06 116
1.316812e-05 5
7.526244e-06 3
7.474964e-06 3
9.442383e-06 1
1.711132e-05 3
1.133865e-05 1
2.356129e-05 635453
2.451937e-05 5
1.911378e-05 4
3.528072e-06 3
3.971238e-06 1
3.228506e-07 1294
1.348147e-05 245
1.640970e-05 4
1.897605e-05 1
1.349048e-07 3
6.097620e-06 1
1.450902e-05 1
1.333983e-05 1
5.992437e-06 1
2.261921e-08 1
2.426806e-06 1
8.913635e-07 1
7.671029e-06 164
4.245491e-06 1
2.096795e-06 242
1.581416e-05 1
2.530194e-06 233
4.934083e-05 1
1.537186e-05 1
6.263197e-06 1
1.014639e-05 1
3.140079e-06 1
1.026203e-05 1
2.826875e-06 2
1.403792e-05 4
1.198962e-05 1
3.134553e-06 1
1.053679e-06 3
4.589668e-06 1
5.662547e-06 48
1.550587e-05 7
1.606930e-05 1
2.227570e-05 1
5.772506e-06 203
5.862862e-06 3
1.601174e-05 1
2.190372e-06 1
5.262995e-07 1
4.204461e-06 6
1.691652e-05 6
4.606213e-05 1
7.973474e-06 1
4.813622e-06 1
9.033164e-06 1
2.435546e-05 46
2.167634e-05 54
2.001383e-06 34
1.461910e-05 1
2.089365e-06 182
4.248591e-06 2
2.016945e-05 1
9.127202e-07 1
1.179923e-05 2
1.014528e-06 2
1.505284e-05 1
3.553780e-06 176
1.543239e-05 1852
2.961104e-06 3
2.950315e-06 7
1.161781e-05 1
2.108081e-05 217
1.298070e-05 2
4.822085e-06 2073
1.485487e-05 1
5.883775e-06 232
1.973077e-06 2
8.480578e-07 239
7.934444e-06 1
4.660202e-07 3
2.438825e-05 1
3.993931e-06 1
1.807116e-05 4
1.291882e-05 1
6.201775e-06 4
6.418670e-06 4
2.933555e-07 1
1.035225e-05 1
2.698335e-06 1
1.235202e-05 1
3.670948e-06 2
4.283736e-06 1
5.767117e-06 15
8.817020e-06 37280
1.724549e-07 1
3.628957e-05 1
6.228297e-06 2
1.020128e-05 520
5.465107e-06 113
8.035810e-06 1
1.733750e-06 2
7.654635e-06 17044
5.597482e-06 1
1.330284e-05 1
8.657847e-06 20830
6.274519e-06 4
1.230379e-05 2
1.272970e-06 1
1.137361e-06 2
2.364067e-06 1
2.297771e-05 2
7.207724e-06 1
1.752560e-06 218
8.909669e-06 24143
1.466116e-06 1
4.231460e-05 1
3.902252e-06 1
1.813780e-05 22737
3.816498e-06 1
5.573379e-06 204
4.386116e-06 1
9.330517e-06 2
6.295388e-06 1
1.727981e-09 1
9.689125e-06 1
3.878502e-06 21035
8.978260e-07 3
5.993360e-06 1
2.404439e-06 6
3.540849e-06 1
1.579422e-05 1
9.765130e-06 120
1.929670e-05 1
3.897155e-08 1
2.327687e-06 1081
4.589847e-06 1
1.089836e-05 431
5.742639e-06 1
1.531294e-05 2
7.165992e-06 1
7.547628e-08 2
2.147754e-06 1
6.055023e-06 1695
3.987447e-06 1
6.325192e-06 159
9.649679e-06 4
2.716568e-07 1
2.373066e-05 265
4.874031e-06 4
2.257911e-06 1
3.501164e-06 1
1.878056e-05 1
6.507201e-08 5
2.853696e-06 1337
8.409277e-06 1
4.320892e-06 2
1.469328e-05 3
2.603355e-06 1
1.650783e-06 1
8.843912e-06 1
1.129021e-05 3
6.553505e-06 9057
5.951892e-06 1
7.064208e-06 4
1.854467e-06 1
1.279494e-05 1
4.038954e-07 40
1.974071e-06 1
8.463204e-07 1
4.374682e-05 198
4.888497e-06 7
8.930641e-06 1
8.758420e-06 1
7.861967e-06 795
2.800405e-06 1
9.025344e-07 3
1.635979e-05 216
1.302785e-06 3
1.014733e-05 1
5.352280e-06 4
2.238201e-05 1
3.551216e-05 1
1.699965e-05 1
6.366203e-06 147
1.472693e-06 1
1.291519e-05 1
1.105661e-05 120389
9.956884e-06 1
1.188547e-05 1
7.794702e-06 1
2.876827e-06 298
1.547440e-05 1
1.495867e-07 1
8.873359e-08 1
6.910213e-06 1
1.754620e-05 1
9.859032e-06 14721
3.712260e-05 1
4.442907e-05 3
1.206175e-05 534475
1.153757e-05 7
6.663493e-07 1
1.008658e-05 1
2.277249e-06 1
5.341179e-07 2
2.600605e-05 3
4.648918e-06 266
1.683840e-05 105
1.603112e-05 4
1.220338e-06 2
7.312817e-06 1
9.695568e-06 1
1.889560e-05 1
5.931447e-06 4
8.244049e-06 1
7.612771e-06 5
1.482469e-05 2
9.956540e-06 601971
1.167725e-05 15
1.084500e-06 3
1.409252e-05 7
1.212766e-05 1
3.011994e-05 2
6.302192e-06 2
1.178551e-05 1
2.303327e-05 1
1.416832e-05 1
5.874770e-06 4
1.450910e-05 172
3.668164e-05 1
2.066294e-05 1
2.546379e-08 195
6.118039e-06 1
5.567712e-06 1
1.104016e-06 1
2.064672e-06 1
1.643564e-05 2
8.963197e-06 1
8.381691e-06 3
1.861939e-06 2
3.191271e-06 9
1.314310e-05 1
5.713677e-06 4
1.079368e-05 2
5.159007e-07 1
1.984110e-05 1
6.084503e-06 1
1.017182e-05 3
7.581124e-06 1
2.341235e-06 255
8.794608e-07 1
2.647118e-05 3
3.740327e-06 1
2.087399e-06 3
3.952758e-06 1
6.869864e-07 2
4.736762e-06 58717
5.329759e-06 157
2.121982e-05 1
9.468759e-06 1
2.387968e-07 261
2.746601e-06 1
2.576696e-06 212
1.188478e-05 1
8.313898e-06 252671
3.144965e-06 3
1.848470e-05 2
3.430383e-06 2
1.966030e-05 1
1.060678e-05 3
1.127220e-05 1
1.858271e-06 1
2.995436e-06 3
7.066605e-06 1
1.721356e-05 1
1.602134e-05 1
5.608656e-06 1002
2.835175e-06 52082
2.333922e-06 1
1.634314e-07 2
9.872896e-06 1
1.590686e-06 1
3.888165e-06 1
9.518436e-07 1
3.264724e-05 1827
1.101955e-05 1
8.054511e-06 5
7.330761e-06 3
2.991256e-05 2
2.025510e-05 3
2.790204e-05 1600
2.028153e-05 2
4.727385e-06 1
2.753292e-06 1
9.629898e-07 4
1.267991e-06 1
5.520737e-06 10750
5.607029e-06 1
3.137399e-06 3
1.177471e-05 1
6.875369e-06 1
4.788128e-06 1
5.481012e-07 2
2.801968e-05 3
1.062986e-07 3
2.558139e-05 1812
3.807169e-06 3
2.458885e-06 2
4.300356e-06 1
2.488002e-07 2
8.075974e-06 1
2.414868e-06 1
9.950981e-06 145
1.157918e-05 3
2.116692e-05 7
3.143099e-05 1
9.023648e-06 1
4.142921e-06 9
5.901243e-06 1
8.526841e-06 1
1.809744e-06 3
1.200991e-05 2
1.176492e-06 7
1.292029e-05 2
5.043937e-06 3
5.092535e-06 6
3.419588e-08 201394
1.848622e-05 3
4.714033e-06 1
2.559229e-05 1
1.573662e-06 7
6.929420e-06 111
1.101235e-05 1
4.080486e-06 1
9.429327e-06 1
2.478257e-06 3
1.630726e-06 1
5.491453e-06 1543
3.299778e-06 2
2.550127e-06 1
5.895500e-07 1
1.895378e-05 1
4.854602e-07 1
1.179098e-05 1
8.861039e-06 1
6.057747e-06 22881
8.278355e-06 1
2.157536e-06 1
1.668713e-06 1
8.292869e-06 3
3.099080e-05 1
1.116766e-05 7
1.166123e-05 1
2.155306e-05 5
7.290835e-06 1
5.341982e-06 47408
9.115696e-06 4
3.933524e-05 165
2.496750e-06 2
1.292278e-06 195
1.991578e-07 10537
1.123815e-05 1
9.531697e-06 1
6.866225e-06 1
4.671590e-06 1
8.837321e-07 2
3.690027e-06 1
1.593814e-05 4
2.797557e-05 1
7.344478e-06 28635
3.672632e-06 3
1.710032e-06 5
2.411191e-06 2
2.069804e-05 1
8.009747e-06 1164
1.193992e-05 558
3.193579e-05 3
5.500337e-06 3
9.317677e-06 4
7.550220e-06 1
1.286761e-07 1
3.946568e-06 1
1.060327e-06 30125
2.173073e-05 242
9.399515e-06 5
8.623306e-07 1
1.615711e-06 1
5.467564e-06 1
1.605434e-05 248
1.762200e-07 1
1.121124e-05 1
4.546702e-06 1
5.445683e-06 1756
3.774290e-06 1
1.795915e-05 1
3.776553e-06 24
8.512126e-06 2
3.207596e-06 1
5.587376e-06 5
1.194908e-05 4
3.843085e-06 2
2.699406e-06 1
9.124442e-06 2
2.005720e-05 94
6.695144e-06 4
2.081681e-06 28314
2.184739e-05 3
3.926207e-06 6
4.592300e-05 2
1.028504e-05 2081
3.110138e-06 6
1.759248e-05 559
6.671471e-07 1
1.374776e-05 1
3.740354e-05 1
3.147825e-06 3
9.306131e-06 3
1.636677e-05 3
1.072587e-05 1
7.219365e-06 3
1.111227e-05 1
8.096224e-06 1
8.677653e-06 7
1.444068e-05 181
5.650711e-07 204
5.875001e-06 3
4.587679e-06 3
2.303143e-05 1
3.066891e-07 6
2.685572e-06 1
7.516718e-06 1
4.277235e-05 3
1.222027e-05 1
2.153517e-05 3
7.041268e-06 1
2.002426e-06 1
2.685311e-05 1170
2.696867e-06 1
2.169173e-05 2
4.824644e-06 2
2.591686e-06 1
3.632008e-06 1
1.019028e-05 1
1.805052e-05 27348
8.543681e-06 3
4.570326e-06 1
3.748035e-05 1
1.797778e-05 1
3.044142e-06 1
1.261177e-05 1
4.433224e-06 8752
2.102627e-06 1
4.889952e-07 1
1.317317e-05 161
3.919533e-06 1
1.264971e-05 1
1.865229e-05 1
2.105871e-05 2
1.212881e-07 1
3.670096e-06 2
1.222461e-06 1
1.516609e-06 3
2.207371e-06 3
1.237641e-06 2
1.991490e-06 2
4.801803e-06 2
1.549153e-06 1
8.842134e-06 1
1.006588e-07 1
1.516524e-05 30
8.661891e-06 1
1.089353e-06 1
1.006770e-05 1
2.570134e-05 1
5.533995e-06 1
1.335313e-05 1
8.894034e-06 1
1.513741e-06 340
2.168922e-06 1
6.742183e-06 1
1.007586e-05 3
3.496097e-07 5
1.654834e-05 260
1.140536e-05 1
6.948811e-06 1
9.842431e-06 2
3.450470e-06 1
3.123234e-05 6
9.550693e-06 102
1.964522e-05 1
9.865499e-06 1
1.855369e-05 1
1.170821e-06 258
1.308795e-05 1
6.898495e-06 3
3.831560e-06 5
1.352679e-05 3
6.111436e-06 552
5.753284e-07 1
6.484875e-06 1
1.940574e-05 1
7.020585e-06 3
1.681903e-05 1
7.063823e-06 1
2.873101e-06 1
1.583493e-05 1
4.816192e-06 1
1.008965e-05 1
2.704087e-05 1
1.131108e-05 5
4.166957e-06 1
4.310784e-06 2
1.846431e-05 86
9.886881e-06 1
1.792967e-05 1035
5.132235e-06 3
4.476139e-06 1
4.654717e-06 138
1.159221e-05 1
3.582940e-06 3
5.902937e-06 1
4.994929e-06 3
1.105287e-05 1
1.436181e-05 31246
5.232001e-06 1
1.983922e-06 169
6.237511e-06 3
5.082848e-06 1
1.658137e-07 1
6.006075e-06 1
8.642140e-06 1
8.734973e-06 1
9.503427e-07 2
3.749990e-06 5
8.377390e-06 1
1.537724e-05 1
5.217401e-06 1
2.405294e-05 1
1.017490e-06 21
5.834013e-06 1
1.736477e-05 2
1.062301e-05 39214
1.335786e-05 1
4.720978e-06 1
4.074422e-06 35
1.332875e-06 3
7.886552e-06 172
8.780054e-06 3
8.810000e-07 1
8.479912e-07 1
1.474254e-06 622
7.974201e-06 1
9.177278e-06 56
1.240589e-06 222
1.184512e-05 1
2.907958e-06 3
9.353923e-07 192
8.075566e-06 4
4.627511e-06 1
3.313003e-06 1
1.748849e-05 5
3.147168e-05 1
5.894529e-05 1
1.727493e-05 3
1.147398e-06 207
2.234412e-06 1
5.921648e-06 49168
6.411635e-06 1
1.771182e-05 7
3.098910e-06 4
6.304477e-06 1
2.553459e-06 1
7.755353e-07 6710
5.514985e-07 1
1.474910e-05 16
2.023971e-06 1
1.890713e-05 1
2.644718e-07 1
9.990366e-07 1
8.600756e-06 929
1.201637e-06 3
1.648382e-06 40372
5.476198e-06 2
7.502126e-06 3
9.485809e-06 2
1.023761e-05 1
3.958017e-06 1
2.232972e-05 1
9.944745e-06 1
6.040647e-06 1
3.121108e-06 3
3.705083e-06 3
1.944961e-05 4
3.897127e-05 1
7.198567e-06 3
9.400576e-06 1
3.164467e-07 2
1.471220e-05 1
1.670598e-06 2
3.463345e-07 1
1.319374e-05 95
7.426085e-06 2
6.131679e-06 1
5.632489e-06 1
1.483038e-05 1951
8.512344e-08 1
1.259952e-05 1
8.772410e-07 3
3.300626e-05 3
9.194373e-06 3
1.565111e-05 1
1.430298e-05 1
2.641327e-05 93
5.479139e-06 1
3.256171e-06 2
8.580648e-06 1
4.066354e-06 1
2.168875e-07 7
5.616647e-06 1
5.443271e-05 1
5.633658e-06 2
3.026678e-06 3
1.148395e-05 1
7.163040e-06 1
2.296534e-05 3
6.725521e-06 1
6.843322e-06 2
6.927034e-06 1
7.704533e-06 9017
4.797606e-07 1
2.195324e-05 1
1.512673e-05 2
8.351476e-07 1
2.841467e-07 3
1.527593e-05 2
1.029670e-05 2
9.920264e-06 25
1.291189e-05 1
1.012721e-05 3
1.712536e-05 1
5.069014e-07 1
4.630058e-05 7
1.135137e-05 6
3.572210e-05 141
3.002852e-06 1324
3.364050e-05 4
1.609883e-05 1
2.262929e-05 1
3.165128e-05 5
4.967460e-06 1
5.894271e-06 1
3.137666e-06 1
2.073214e-06 1
3.179264e-06 1
4.000020e-06 1
1.411353e-05 1429
6.452743e-06 4
1.217409e-05 1
1.211340e-05 1
4.151232e-07 1
6.048319e-06 1
1.282982e-05 2
9.461306e-06 1
3.406123e-06 1
1.156444e-05 1450
3.370216e-06 1
1.948031e-06 3
1.716254e-06 1
7.862298e-06 3
5.484366e-07 1
3.243585e-07 1
2.355465e-06 3
7.340354e-06 1
3.211571e-05 35259
8.293551e-06 2
3.383773e-06 1
2.823295e-05 1
1.702016e-05 1
3.025553e-06 4
1.729193e-05 1
3.971764e-06 1
8.995684e-06 1
1.213098e-07 2
5.375652e-06 1
3.196767e-07 1
1.238569e-08 1
8.525803e-06 3
8.868351e-06 166450
2.077234e-05 2
2.751451e-07 3
6.733212e-06 4
1.908561e-06 1
1.020029e-05 6
9.380880e-06 1
3.097836e-06 2
2.991439e-07 1
3.551072e-07 5
3.416288e-06 1
3.141050e-06 1
4.552238e-06 1
1.112299e-05 2
1.117115e-05 1526
1.193346e-05 35
6.178747e-07 3
2.944906e-06 1
8.606788e-06 1
2.220049e-06 5
1.939575e-05 3
4.119242e-06 1
4.482763e-06 1
5.890030e-06 230
1.441692e-05 878
3.850767e-06 3
3.514892e-06 1
1.219476e-06 1
2.824548e-06 1517
8.778463e-06 2
5.098951e-06 1
1.234457e-05 1
1.521741e-05 1
4.224784e-06 5
5.872624e-06 1
1.944225e-05 3
2.092634e-05 163
6.423450e-07 1
6.707121e-06 60086
1.411615e-06 2
3.626541e-05 1066
3.275005e-06 2
1.474640e-05 7
3.234298e-06 1
3.314774e-05 1
1.468257e-05 3
9.319808e-06 1
3.437081e-07 1
1.337996e-05 1
1.133717e-05 1
3.463156e-06 3
5.745022e-06 1
1.046593e-05 4
4.139731e-06 10
4.552149e-05 175659
3.167273e-06 1
1.236812e-06 1
1.293418e-05 6
3.310693e-06 1
6.034072e-06 1
2.081485e-06 1
4.558821e-06 59015
2.386289e-07 1
9.146456e-06 1
4.497160e-07 1
2.009322e-06 1
5.384981e-06 1
8.810004e-06 3
2.496425e-05 362
3.401004e-05 1
4.220354e-06 1
6.668490e-06 185
7.450484e-06 1413
7.822336e-06 7
2.967840e-05 1
2.373686e-06 7
1.176331e-05 4
2.203363e-05 1
8.542694e-07 172
3.722334e-06 5
2.928839e-06 1
2.000914e-05 1
4.016001e-06 1
1.935193e-05 1
8.809823e-06 75
1.311018e-07 1
7.410677e-06 232
2.746230e-05 1
7.748172e-06 1
5.072958e-06 2
1.101039e-05 2
8.504168e-06 661794
3.789990e-06 2
4.306758e-06 1
1.542897e-06 1
8.273563e-07 2
7.966767e-08 1
7.672634e-06 2
6.423350e-06 193
5.374365e-06 1
2.962152e-06 1
2.854033e-06 1
4.849020e-06 5
1.141788e-06 1
3.466978e-06 4
4.261047e-06 1
3.036376e-07 97
5.272671e-06 3
4.772185e-06 1
5.101501e-06 44
7.841236e-06 1
3.498994e-05 3
7.318938e-06 1
3.832083e-05 2
2.587578e-06 1
2.104163e-06 3
3.646309e-06 1
2.752117e-08 1
7.122335e-06 1
2.105774e-05 1
1.199217e-05 1
4.146515e-06 1
1.860994e-06 1
2.091738e-06 1
5.191300e-06 1
6.817336e-06 1
1.941445e-05 7
7.848674e-08 1
1.305651e-05 6
2.166962e-05 1
3.833949e-06 3
1.587351e-05 1
6.885331e-06 1
1.929988e-06 1
1.102398e-05 3
6.993195e-06 1
5.347779e-05 1
3.964996e-05 1
3.828940e-06 2
2.288064e-06 5
1.826279e-05 4
2.280787e-06 1
1.267570e-06 3
4.260718e-06 1
2.734037e-06 2
1.541685e-05 6
1.841332e-05 3
1.141777e-06 3
1.933750e-06 268038
2.069103e-05 115
1.557231e-05 1
1.902881e-05 105
3.201400e-05 1
5.802285e-06 1020
2.316000e-06 1
1.779830e-06 3
6.657458e-06 1
8.828017e-06 1
1.849831e-05 2
8.705925e-06 5
1.548548e-05 1
4.779868e-06 1
1.821483e-05 1
3.592009e-07 1
3.253149e-05 1
4.461708e-06 1
3.955280e-06 609297
1.857420e-05 1
6.140354e-06 7
8.099620e-06 1
1.577280e-05 3
6.750440e-06 2
7.112176e-06 1
5.818002e-06 1
4.951714e-06 5
1.058912e-05 1
