8.587142e-05 1
6.220525e-06 1
2.754127e-05 1
4.446991e-05 1
1.905213e-05 692
8.216710e-06 2
4.363516e-06 1
3.518338e-06 1
3.180108e-06 1
6.318136e-06 1
5.353654e-06 1
5.179001e-05 2
4.788445e-07 1
1.037417e-05 1
5.984441e-06 1
1.565898e-05 1
1.789595e-05 1
3.857466e-05 1
3.620596e-05 4
3.179443e-05 2
5.903690e-06 7
2.627387e-05 1
3.630479e-05 31713
1.566996e-06 1
2.330323e-05 1
8.123119e-06 2
1.834535e-05 3
1.657277e-05 1
3.972766e-05 3
7.799439e-06 172
1.732291e-06 2
2.405105e-05 50218
3.197617e-05 1
2.986687e-05 2
2.360050e-06 1
2.235967e-06 2067
1.820991e-05 2046
2.520599e-06 768
2.168022e-05 1
6.721278e-06 19788
1.611309e-05 2
5.636905e-06 1
1.659274e-05 1
5.533705e-06 2
3.179417e-05 1
3.057093e-05 1
5.569433e-05 1
1.151471e-05 1
5.840031e-05 1
3.857432e-05 1693
1.489522e-05 174
9.653063e-06 4
1.018338e-05 3
3.039867e-05 1
6.513229e-06 51509
3.460675e-05 1
1.722420e-05 5
1.167185e-06 105
2.257085e-05 1
1.350887e-05 1
1.582449e-05 2
2.024603e-05 171
1.139848e-05 2
1.682701e-05 6
3.008621e-05 74
5.285513e-06 1
3.643428e-05 1
1.629256e-06 1
7.910353e-06 1
1.500878e-05 1
1.446631e-05 1
3.068090e-06 131
4.525533e-05 1
4.421716e-05 1
4.012147e-06 64601
2.822335e-06 1
4.761228e-06 3
1.092246e-05 3
5.294651e-05 72
2.899541e-06 183
7.336738e-06 3
2.022550e-05 3
5.532000e-06 1
3.729223e-06 1
1.405827e-05 1
5.986224e-07 823
3.475959e-06 1
2.051770e-06 37799
9.207390e-06 5
1.131892e-05 1
9.612512e-05 1
1.056522e-04 1
2.108933e-07 33929
1.641855e-05 7
9.096811e-07 3
1.451726e-05 229
1.493988e-05 168
6.471285e-06 1
5.003876e-05 1
2.333599e-06 3
8.611716e-06 7
9.026019e-06 6
6.233534e-06 6
4.526489e-05 3
1.492671e-05 170
4.307358e-05 1
1.488645e-05 3
1.156996e-05 1
2.164327e-05 1
1.368459e-05 1
1.106058e-05 3
2.568902e-05 1
1.987314e-05 209
2.178819e-05 20
4.019186e-07 1836
1.313328e-05 1
3.610938e-06 1
8.754165e-06 7
2.805713e-05 3
4.028618e-05 1
1.819069e-06 1
2.940983e-06 170
3.140773e-06 1
4.238448e-06 1
1.159733e-05 54
2.433682e-05 36144
1.602828e-06 1
2.966664e-06 1
3.990152e-06 5
3.297950e-05 6
1.221819e-05 2
1.161959e-05 1
9.299785e-07 3
1.160498e-05 1
5.071210e-06 1
5.888270e-07 1
5.454389e-06 2
3.940663e-05 1
9.927572e-06 1
6.827385e-06 1
2.498241e-05 4
4.525209e-06 1
1.863133e-05 1360
1.986986e-05 1
1.018776e-05 1
3.141873e-06 1
1.101927e-05 159
2.195283e-06 1
3.059980e-06 1
1.677977e-05 2
1.133528e-05 2
1.334768e-05 1
3.516642e-06 7
6.421333e-06 1
2.382865e-05 61376
8.702525e-06 7
4.324701e-06 4
2.908578e-05 1
4.391620e-06 1991
5.798231e-08 1
1.173181e-05 2
3.514826e-05 1
1.865129e-06 5
9.258324e-07 1
2.695602e-05 1
9.486874e-06 1
1.675899e-05 2
2.251907e-06 3
2.128910e-05 1
1.568068e-05 2
4.127483e-08 1
1.798949e-05 1
1.082381e-05 1
1.150229e-06 1
1.302789e-05 1
6.776966e-06 1
1.824867e-05 3
8.694533e-06 7
6.370129e-06 1
1.256117e-05 6
2.230538e-06 1
1.078162e-05 1
2.810702e-05 3
6.271293e-07 1
5.247616e-06 3
1.012942e-05 3
9.078976e-06 2
5.905879e-07 3
8.469789e-05 1
1.255171e-06 1
6.216536e-06 6
1.934986e-05 1
4.923058e-05 1
1.007284e-05 1
1.419917e-06 1
9.686621e-06 4
4.391705e-05 3
4.963496e-06 230
1.474229e-06 1
2.240615e-05 1
2.226451e-05 2
1.243010e-05 1
2.647312e-05 3
2.542894e-06 1
5.655533e-06 1
3.660516e-05 1
1.987528e-05 3
2.803542e-05 1
7.199754e-06 3
3.869396e-06 1
2.228703e-05 2
4.883430e-06 252
1.149576e-05 1
2.583060e-06 3
2.572504e-05 3
4.347337e-05 3
5.328655e-06 1
5.641907e-06 2
1.788736e-05 1
2.077346e-05 2
1.507630e-05 3
1.326771e-05 17173
4.064602e-06 1
3.544219e-06 1
1.693348e-05 1
8.488266e-06 1
8.890731e-06 2
6.366806e-06 1
2.531130e-05 1831
6.358079e-06 1
5.084464e-07 1286
1.070286e-05 1
1.123036e-05 1
1.757692e-05 46198
3.120442e-05 2
1.008970e-05 3
3.655076e-05 4
1.375396e-05 1365
9.726585e-06 1
2.213600e-05 1
2.033386e-05 1
5.093222e-07 3
3.827285e-05 1828
2.331970e-05 1
3.840169e-06 6
4.404865e-06 1
3.410842e-05 6
6.087982e-06 6
2.569001e-06 3
5.186996e-05 2
2.300397e-07 4
1.735351e-05 1
1.981021e-07 4
2.844403e-06 1
8.309038e-07 223
3.157697e-05 7
2.327118e-05 6
1.524544e-05 1
2.064311e-05 130
2.534170e-06 706
2.336255e-05 1
3.773179e-05 1
1.610103e-05 1
4.566418e-05 189
2.974130e-06 3
1.691538e-06 2
6.488000e-05 7
1.362082e-05 1659
3.724501e-06 6
1.464471e-06 1
3.299273e-07 1
5.447634e-05 2
2.131440e-06 1
3.796443e-06 1
3.761207e-06 6
2.455245e-05 1
2.463345e-05 1
2.341976e-05 647351
2.314065e-05 6
6.906941e-06 1
9.353419e-06 1
2.437942e-06 3
4.529895e-07 3
7.180590e-06 3
3.696804e-05 17017
1.185431e-05 1
2.691708e-05 3
6.047103e-05 1
5.362508e-06 122
3.155386e-06 1
1.332623e-06 1
1.800218e-05 14565
8.767266e-06 1
1.576133e-06 2
1.556906e-06 1
4.096784e-05 702
6.856917e-06 1
1.425535e-06 1
1.140477e-05 1
2.513177e-07 1
1.266568e-05 1
2.818543e-06 3
1.651403e-05 7
8.857550e-06 2
1.798003e-05 1
2.978684e-07 1
8.335610e-06 2
2.703690e-06 1
3.323723e-06 1
1.420130e-05 1
9.995517e-06 1
5.727917e-05 1
4.253377e-06 4
2.492948e-06 1
9.995673e-06 1
1.535809e-05 2
3.051598e-05 1
6.921024e-06 3
1.015637e-05 3
2.756297e-06 1
1.946540e-05 3
5.076809e-05 2
1.455116e-06 7
1.234529e-05 2
2.410104e-06 1
1.743659e-05 1
2.964961e-06 1
1.991912e-05 1
9.121519e-06 2
1.107346e-05 149
4.659550e-05 3
2.250325e-06 1
1.888698e-05 3
9.233945e-06 5
1.096502e-05 1
8.346886e-06 2
4.184108e-05 378
4.297335e-05 1
2.334960e-05 1
9.543703e-06 1
1.074485e-05 211
1.207260e-05 1
1.194883e-05 2
1.961304e-05 3
3.103410e-05 1
7.030107e-06 1
1.898937e-05 1
1.936735e-05 263
2.256679e-05 2
1.813441e-06 2
1.314205e-06 2
5.997022e-07 818
1.618466e-05 1
1.872404e-05 1211
5.259631e-07 1
3.775842e-06 1
4.321924e-06 1
2.902418e-05 1
1.097268e-05 3
1.052923e-05 1
7.647246e-06 1
5.881262e-05 2
2.840005e-05 171
1.200244e-05 7
4.295314e-06 4
1.158795e-05 56
4.839447e-05 1
1.116443e-05 2
3.155052e-05 1
1.266505e-05 1
1.226177e-05 1
2.617008e-06 3
2.151613e-05 1
1.069121e-05 1
2.660324e-07 21251
4.156615e-06 4
6.349554e-07 637
3.993386e-05 1112
2.673728e-06 254
9.131584e-06 1
2.113515e-05 1
4.073665e-08 5
3.517162e-06 7
3.283974e-05 6
2.325903e-06 3
1.868638e-05 1271
5.304754e-06 138
6.911692e-06 1857
1.912539e-06 5
2.149722e-06 1
2.539618e-05 1
1.861794e-05 1
9.707310e-07 1
4.225016e-05 1
6.031187e-06 1
1.461859e-05 214
3.202933e-06 89
6.560429e-06 5
3.269805e-06 1
2.350543e-05 482307
1.901530e-05 750
9.445870e-06 5
3.514454e-05 1
1.839904e-05 1
1.630094e-05 1
1.544623e-05 1
1.544449e-05 1
3.748859e-05 4
2.298522e-06 1
4.381254e-05 228
1.624893e-05 7
7.302235e-06 1
5.538130e-05 1
3.583347e-05 1
1.268711e-05 5
1.100377e-05 1
2.197466e-05 1
2.917344e-06 3
9.424098e-06 1
6.350610e-06 436512
1.114729e-05 1
1.418902e-06 2
6.576566e-06 41800
9.040393e-07 3
1.729246e-06 6
3.555921e-05 49017
2.162008e-05 2
3.681959e-06 1
2.138167e-06 1
9.179550e-06 5
1.551629e-05 1
2.137989e-05 1
6.926970e-06 1
6.404132e-05 2
2.050568e-05 1
2.583294e-05 3
2.545269e-05 1
1.288696e-05 1
7.407165e-06 262
1.969233e-05 228
3.806353e-06 1
5.109717e-06 3
4.565943e-05 3
6.624483e-06 1
7.332518e-06 440
2.264011e-05 1
1.317071e-05 1
4.348784e-06 4552
3.195129e-06 1
1.750333e-05 1
1.429498e-06 1
1.951744e-05 1
5.740093e-06 23
1.166157e-05 1
3.659223e-06 7
6.185888e-06 6
4.073510e-06 1
6.845257e-06 3
1.925049e-05 384
2.393713e-06 1
2.480022e-05 4
1.102156e-05 3
2.010329e-07 4
2.451875e-05 27291
5.457356e-06 1
8.653501e-06 1
1.979893e-05 217
2.924343e-06 175
5.910062e-07 1
6.640848e-06 4
1.188680e-06 1
3.432634e-06 1
1.443671e-05 241
1.726521e-05 5
8.409189e-06 36
7.598864e-06 218
1.306845e-05 37107
2.829337e-06 1
4.731393e-05 157
5.135269e-05 93
2.744286e-05 231
2.165487e-05 1
2.201641e-06 1
4.782835e-05 1
1.265627e-05 1
1.219862e-06 1
2.207086e-05 1
3.367772e-06 1
1.753653e-06 2
1.374037e-05 1
2.398765e-06 1
1.632352e-06 2
3.092841e-05 2
1.112829e-05 3
3.641230e-05 1
6.089880e-06 1
3.046990e-06 2
2.026937e-05 3
3.462148e-06 11
8.732112e-06 7
3.580606e-06 1
1.123445e-05 1
1.792122e-06 6
1.538482e-05 1
2.157561e-05 2
1.352566e-06 1
1.386612e-05 3
2.930937e-06 1
3.511088e-07 3
4.720804e-06 1
4.117334e-05 1
1.931365e-05 287
1.975352e-05 3
8.528616e-06 1
1.843285e-05 1
9.819976e-06 1
3.919530e-06 1
1.826765e-05 1
3.714379e-05 1
7.138455e-06 1089
1.082885e-05 195
4.495895e-05 203
1.546682e-06 2
3.095875e-06 122
1.563402e-05 70
3.695287e-05 1
3.963857e-05 1
3.736996e-05 4
5.043949e-06 1
6.632862e-06 33215
2.171805e-05 1
1.013298e-06 1
1.033765e-05 1
4.681966e-06 1
3.539761e-06 7
1.170188e-05 36
2.933916e-05 1
3.261455e-05 1
2.643744e-05 3
1.014817e-05 1085
1.927136e-05 1
4.064675e-05 1
3.096147e-05 2
1.234482e-04 1
6.057193e-06 6
1.930343e-05 3
3.092132e-05 1
8.532765e-06 2
7.482466e-06 1
7.140607e-06 1
4.862767e-05 2
2.036534e-05 1
3.407962e-05 1
6.382825e-06 5
1.829403e-05 1
2.025563e-05 1
3.162168e-05 1
3.295817e-05 2
5.213667e-06 1
1.418536e-05 3
6.857361e-06 1
1.218958e-06 1
4.436908e-06 3
1.363832e-05 3
1.405941e-05 1
1.669468e-05 1
1.757550e-05 1
1.847499e-06 1
4.031400e-05 958
2.901276e-07 15739
7.761631e-06 180
1.111021e-04 1
6.790393e-06 4
1.643629e-05 7
6.612150e-06 4
4.069605e-05 1
1.017614e-05 1
8.370502e-06 44
8.315269e-06 1
7.178713e-06 1
1.803908e-05 4
4.968742e-06 229
1.789101e-05 22757
1.645188e-05 1
2.145998e-05 1
5.349127e-05 1
4.760724e-05 3
5.591667e-05 1
1.224770e-05 1
2.844464e-06 3
1.261036e-05 1
2.074530e-05 1
4.521916e-06 1
1.894079e-06 1
4.073396e-05 3
1.266210e-05 5
4.305382e-05 245
5.975141e-06 1
2.718244e-06 240
1.781402e-06 6
8.507572e-06 1
2.468352e-05 19386
5.633608e-06 1
1.141207e-05 88
6.020046e-06 1
3.989978e-06 5
5.247843e-06 1
7.300837e-06 545
6.460021e-06 1
3.507844e-06 1
3.203701e-06 1
1.460862e-05 1
1.235413e-05 6
4.256251e-05 257
3.105477e-05 2
4.324563e-05 1
2.526304e-05 1882
2.442834e-05 1
4.407788e-07 1
3.622580e-06 2
1.112577e-06 2
3.368213e-06 1
2.272304e-05 1
8.242116e-06 1
2.623421e-06 1
5.387971e-05 2
5.699156e-06 1
6.293258e-07 3
2.015228e-05 1
2.126200e-05 1
1.407224e-05 3
3.286569e-05 1
5.845529e-06 1
1.614236e-05 7
4.777481e-05 149
9.483322e-07 1
1.951965e-06 5
1.689068e-05 1
1.714188e-05 542703
1.551789e-05 86
2.988331e-05 2
3.985042e-06 1
3.388064e-05 1
4.631561e-05 176
6.915933e-06 1
4.586219e-05 185
2.106152e-05 2
3.317672e-05 1
1.047200e-05 263
9.867696e-06 1
3.057895e-05 48
3.279131e-05 6
3.859460e-05 3
2.059876e-05 2
2.876639e-05 1
1.933234e-06 5
1.021080e-05 1
4.106355e-08 310567
3.897657e-06 2
9.366105e-06 5
1.239131e-06 2
3.928194e-06 1
1.894815e-05 1
5.679574e-06 2
4.714669e-05 160
9.529403e-06 4
4.499471e-06 3
4.401908e-06 3
4.831524e-06 1
3.521285e-05 1
3.869803e-06 1
4.444797e-06 3
6.667914e-05 2
4.404412e-06 3
1.019654e-05 3
6.282759e-07 1
1.358987e-05 3
3.066204e-05 1
3.899622e-06 2
2.456908e-05 24878
5.815512e-06 1
1.770411e-05 36651
3.239556e-05 2
1.870842e-05 1
7.792316e-06 1
3.520444e-07 1
1.042248e-07 5
8.844656e-06 1
8.857679e-06 1
3.017518e-06 1
2.594362e-05 1
2.262768e-05 2
5.906528e-06 2
4.184033e-06 33774
1.164116e-05 47
2.706225e-06 1
1.644622e-06 2
1.781487e-05 1
1.793235e-05 1
1.027245e-05 1
1.288841e-05 5
2.812100e-05 1
4.341390e-05 237
2.558434e-05 1
2.045635e-05 149
1.634942e-05 1
2.264208e-05 2
4.895510e-06 1
2.125117e-05 2
2.362294e-06 1
4.631866e-06 3
6.802793e-06 1
8.337586e-06 51
6.736366e-05 7
1.244245e-06 1
2.337632e-05 1
1.476251e-06 7
1.528452e-05 119
2.740280e-05 1
1.015622e-06 1
1.339188e-05 4
2.794612e-06 216
1.979876e-05 1
4.300783e-05 1
1.383175e-05 1
2.982225e-05 89
1.068388e-05 222
9.865151e-06 3
2.906614e-07 15604
2.945980e-05 109
2.375012e-05 5
8.448586e-06 27
1.948175e-06 1
3.110511e-05 1
2.606226e-05 3
1.138510e-05 1
7.272546e-06 639
3.950389e-05 1290
5.293949e-06 141
5.122698e-05 1
1.803854e-05 1
3.869868e-06 6
1.764076e-05 1
1.480064e-05 1
6.309060e-06 1
4.849195e-05 1
3.366177e-06 1
5.690415e-06 36
4.694419e-06 788
2.274988e-06 1
7.900083e-06 1
3.139019e-06 2
1.286917e-06 63
3.121411e-05 2
1.252715e-06 1
1.644790e-05 1
5.996064e-06 7
8.480539e-06 1
2.529288e-05 1
2.505488e-05 1
1.098020e-05 3
1.043794e-04 6
2.757208e-05 222
6.274778e-05 1
6.519056e-07 1
7.256763e-06 1
2.517776e-05 3
1.768470e-06 2
1.470334e-05 3
9.896487e-06 1789
1.497872e-05 3
1.571976e-05 1
6.716926e-06 20437
2.853960e-05 1
6.825850e-06 1
7.553811e-06 3
1.077765e-05 1
9.000537e-06 6
7.012276e-07 1
1.102135e-06 1
6.533953e-06 5
1.968586e-06 1
1.655921e-06 6
3.444314e-05 1
1.724694e-05 5
2.793522e-06 1
1.432447e-05 1
6.779470e-06 10970
1.898499e-05 1
7.728783e-06 188
5.530435e-05 1
7.627131e-06 1
1.489979e-05 173
4.505862e-06 1
2.994114e-05 1
9.914446e-06 3
9.700760e-06 4
5.675517e-06 1
1.688346e-05 1
1.934681e-05 265
1.446557e-06 2
2.683959e-06 1
1.087923e-05 1
3.168083e-05 7
8.797455e-07 206
1.957593e-05 1
2.425819e-06 1
1.963335e-05 1
7.021802e-08 1
2.498604e-05 1
2.764708e-07 1
1.364979e-05 3
3.801324e-06 6
3.093383e-06 1
1.571277e-05 1
2.045271e-06 1
3.559834e-05 5
1.788330e-05 23320
1.742696e-05 5
7.090477e-05 1
1.158046e-05 1
3.758547e-06 1
3.143534e-05 7
8.233911e-05 6
3.223196e-05 1
2.417180e-05 1
3.925445e-05 3
1.684933e-05 1
7.587189e-06 1
1.080138e-06 135
2.939027e-06 1
4.313286e-06 10826
3.868737e-06 2
1.538379e-05 105
7.083765e-06 1
1.581183e-05 1
1.269677e-05 1
5.097305e-05 1
1.666254e-05 1
3.055086e-05 1
4.355292e-05 1
2.406702e-05 49433
5.549898e-06 1
5.253490e-06 1
1.588993e-05 1
2.799583e-05 1
4.044643e-06 58735
1.845269e-05 1
1.498468e-05 3
3.840623e-06 6
1.674645e-06 1
5.698771e-06 34
1.083519e-05 1
6.231137e-05 1
4.760295e-06 1
8.232479e-07 1
1.019279e-05 1
2.273525e-05 2
2.040824e-05 3
1.147610e-06 1
1.327192e-06 1
2.324540e-05 1
1.896249e-05 1
2.864452e-05 3
3.316981e-05 2
1.687937e-06 1
1.039086e-05 3
1.077498e-05 1
1.720993e-05 1
2.634068e-05 1
2.705048e-05 1
8.445802e-06 1
1.881512e-05 1066
7.826876e-06 165
7.360323e-06 1
3.360086e-06 1
5.494711e-06 87
3.545477e-05 51512
2.333955e-05 1
7.327642e-06 3
6.458141e-06 5
3.430300e-06 1
2.288914e-06 1
1.379999e-05 1264
4.089816e-05 1
3.800615e-05 1
1.502397e-06 1
1.609313e-05 1
1.872452e-08 5
2.196760e-05 7
5.214241e-06 1
2.626275e-06 1
1.477511e-05 192
2.532197e-05 1820
5.713058e-06 30
4.689693e-06 3
2.456968e-06 3
7.393275e-06 1
3.090571e-05 2
6.782830e-06 4
2.653082e-06 1
7.132975e-06 1107
1.294688e-07 52714
1.125470e-05 2
1.419168e-06 1
3.177161e-05 1
3.441879e-06 17
1.992883e-07 1
6.694615e-06 1
4.897885e-06 1
8.172840e-06 88
5.306736e-06 1
1.177133e-05 2
2.290565e-05 6
1.707125e-06 6
3.736803e-05 1
4.838016e-06 265
2.727811e-06 1
1.793875e-05 1
3.795875e-05 1
2.394634e-05 1
3.800378e-05 1
1.702396e-05 1
4.565214e-05 1
2.621071e-05 1
3.653979e-06 7
9.864526e-06 1
3.810545e-05 3
2.583636e-06 3
1.258560e-05 1
1.231760e-06 1
3.786810e-05 3
1.485718e-05 1
9.964954e-06 1
4.944049e-06 3
5.191030e-06 1
3.525547e-06 7
1.004119e-07 1
1.536072e-05 1
1.232119e-05 1
7.240138e-06 748
2.789328e-06 218
1.765548e-05 1
6.927004e-06 1
1.454429e-05 1
2.049699e-05 145
1.142039e-05 2
3.104027e-05 24
4.727738e-05 1
1.495258e-05 1
9.745321e-06 1
1.004658e-05 1368
4.462699e-06 1707
2.706521e-05 255
4.775970e-07 3
3.246660e-05 2
5.032907e-07 3
3.126082e-06 1
2.776137e-06 3
3.650714e-05 27174
9.131113e-06 1
5.855762e-06 7
2.276699e-06 1
6.919461e-06 1830
2.411837e-05 5
2.313993e-05 1
8.192308e-06 83
1.153449e-05 1
5.950607e-06 7
2.352585e-05 1
2.274440e-05 1
2.003683e-05 1
5.859403e-05 13
7.415897e-07 3
5.825069e-06 1
3.380149e-06 1
1.114373e-05 1
4.297308e-06 1
3.396911e-05 1
9.099076e-07 195
1.196119e-05 1
1.120160e-06 121
5.728723e-06 26
2.926459e-05 1
3.762973e-05 4
2.336978e-05 1
1.642259e-05 1
1.583102e-05 2
6.861808e-06 1
9.886752e-06 1816
5.069490e-07 1294
5.709144e-06 2
1.128469e-05 1
3.022836e-07 1
2.108961e-05 86
2.199027e-06 1
2.796380e-06 1
7.593070e-06 3
2.393140e-06 1347
1.901284e-05 754
1.142039e-05 1
2.890610e-05 3
2.593740e-05 3
4.808627e-07 1428
3.589601e-05 1
3.537386e-05 5
2.640284e-05 1
5.400052e-05 1
8.505634e-06 15
3.575056e-06 1
6.648188e-06 30883
1.991366e-06 1
3.703748e-06 1
1.821110e-07 1
2.002849e-05 1
4.522340e-06 1
1.659426e-06 6
2.188179e-05 1
6.025818e-06 1
4.881474e-06 1
1.140378e-05 89
8.739355e-06 7
3.916060e-05 1
3.022569e-06 1
2.133010e-05 1
6.767544e-06 4
5.576334e-06 2
3.819606e-06 1
7.947350e-06 1
1.007249e-05 3
3.714990e-07 1
1.247113e-05 1
8.100785e-06 104
1.031348e-06 3
1.055629e-05 246
1.207803e-05 7
2.883429e-06 1
1.420178e-05 1
5.871484e-06 1
2.039014e-05 156
1.069535e-06 1
1.682497e-05 6
1.458902e-05 1
7.425123e-06 1
3.308926e-06 1
1.685806e-05 1
3.596947e-05 39401
1.409229e-06 1
2.061929e-05 1
6.614903e-06 4
1.435130e-05 254
7.629821e-06 3
1.941559e-05 3
9.247255e-06 5
2.155670e-05 2
8.159254e-06 91
6.986870e-06 1
3.437723e-05 5
4.506013e-06 1
9.077357e-06 6
2.465764e-06 3
2.329579e-06 1637
3.464900e-05 238309
1.086124e-05 1
2.073938e-05 2
1.276836e-05 103069
2.258865e-06 1962
1.631967e-05 1
3.901863e-05 3
2.017058e-05 178
2.132481e-05 64
1.392688e-04 6
7.973687e-08 1
1.151386e-05 1
1.934470e-06 1
5.211461e-06 163
8.799465e-06 7
6.350837e-06 1
9.072289e-07 3
2.812840e-06 210
1.014192e-05 1
1.745070e-05 1
2.721434e-06 1
3.235792e-06 79
1.051963e-05 1
1.110964e-05 3
2.771048e-06 3
2.500955e-05 1
8.595433e-06 7
2.317610e-05 6
3.501261e-06 1
8.160660e-07 229
2.523059e-05 1
1.033926e-06 152
8.496502e-06 17
6.583812e-05 2
1.844066e-05 1
3.186378e-06 2
7.087058e-06 1
2.036870e-05 158
6.133438e-06 6
5.501903e-07 1
1.273094e-05 1
1.058910e-05 240
2.876176e-05 1
2.971187e-05 1
1.434958e-06 12
3.345982e-05 1
7.628619e-06 3
1.924820e-05 3
4.243355e-05 1
4.985817e-06 3
1.211214e-06 1
9.808228e-06 3
1.459368e-05 3
3.397084e-07 4396
2.494794e-05 4
6.771253e-07 3
4.947211e-05 2
4.133218e-05 3
2.573493e-05 3
3.641167e-05 29299
1.787935e-06 1
5.460762e-07 1
1.702834e-06 6
2.690199e-05 266
4.017922e-06 5
1.624788e-05 1
1.381319e-07 1
2.698915e-06 1
1.389372e-05 1
1.334878e-05 4
3.024648e-05 1
1.100954e-05 1
3.283846e-05 2
2.179539e-06 1
9.463967e-06 1
3.645585e-05 4
1.762016e-05 1
2.227111e-05 1
2.331573e-05 1
3.352224e-06 44
1.605957e-06 2
3.364710e-05 2
1.356044e-05 1
1.020107e-04 6
1.637084e-05 7
2.633584e-05 1
9.151296e-06 1
1.452263e-05 1
4.482134e-06 1
1.195059e-05 7
1.103481e-05 3
1.495158e-05 1
7.497619e-06 1
1.031878e-05 1
3.317818e-06 1
7.536633e-06 3
2.175895e-05 1
9.047599e-06 6
3.975508e-06 5
3.442503e-05 1
3.766570e-06 1
2.629569e-06 3
9.094588e-06 1
2.360719e-06 1494
1.902939e-05 3
1.473708e-05 197
4.935852e-06 3
3.191976e-05 1
2.319442e-05 6
3.937690e-05 1
4.049313e-05 887
1.310590e-05 33341
2.945716e-05 1
8.641326e-06 1
5.274933e-06 146
1.506514e-05 1
5.495735e-07 1
2.401950e-06 1
9.332557e-06 1
8.967540e-06 6
8.352966e-06 2
6.333630e-07 1
1.444749e-06 1
1.874505e-06 1
1.483436e-05 183
1.993004e-06 49832
1.554831e-05 82
2.220366e-05 1
1.526827e-05 1
2.094897e-06 1
6.161358e-07 1
1.162852e-05 1
6.681182e-06 1
2.475068e-05 4
8.028339e-06 2
1.339762e-05 4
1.800355e-05 1
3.497315e-05 1
2.062597e-05 1
6.085761e-06 1
3.624923e-05 1
2.247196e-05 2
1.422989e-05 3
1.040453e-05 381
1.412943e-05 1
8.021987e-07 3
1.130715e-05 1
2.866012e-06 1
7.489087e-07 253
4.992937e-06 222
1.675514e-05 1
3.391632e-06 1
2.717852e-06 3
2.849562e-05 165
1.188378e-05 2
1.970139e-05 1
1.016974e-05 3
4.880985e-06 253
1.552873e-06 1
5.199675e-05 1
2.936972e-05 114
1.544759e-05 2
1.457871e-05 1
4.663015e-06 912
1.307985e-05 1
5.979101e-06 7
3.165787e-05 1
4.160163e-06 1
2.342242e-05 1
1.264047e-06 1
1.542390e-05 2
4.106079e-07 1
1.354698e-05 1823
4.100745e-06 1
8.298097e-07 1
3.737354e-06 1
4.054018e-05 1
4.001292e-05 3
2.811405e-05 1
1.452580e-05 1
1.078781e-05 1
1.464743e-05 210
6.931061e-07 1
2.014094e-05 181
1.819790e-05 2066
1.832428e-05 1858
2.114406e-05 1
2.360392e-06 1496
2.956190e-06 166
1.836984e-05 1
1.078085e-05 1
1.767995e-05 4
1.285273e-05 5
2.911505e-06 3
1.030813e-05 645
1.702162e-05 6
2.550029e-06 635
1.556767e-05 79
8.487374e-06 2
3.490211e-06 7
7.052578e-06 3
3.258057e-05 2
7.940420e-06 140
3.175499e-06 2
2.239778e-06 1
6.688096e-06 1
8.641531e-07 1
1.536815e-05 1
5.374523e-06 2
1.194144e-05 1
2.130548e-05 1
8.353547e-06 2
2.993573e-06 1
3.589847e-05 4
1.021778e-05 1
1.025363e-06 1
1.281889e-06 1
6.040908e-06 2
2.490282e-05 1
8.597135e-06 1
1.532365e-05 1
3.787143e-06 2
1.090522e-06 2
1.918772e-05 1
3.521325e-05 1
8.144302e-06 1
5.615510e-06 56
2.186119e-05 2
1.749643e-05 5
1.724842e-05 1
7.118637e-06 3
8.318088e-05 2
1.242000e-06 79
7.099128e-06 1221
7.562793e-05 2
1.849574e-05 1
1.349002e-05 1
1.849042e-06 1
4.597376e-05 1
2.006577e-05 1
2.995391e-06 3
1.533372e-06 7
9.243470e-06 209949
9.386989e-06 1
1.823904e-05 1
3.104767e-05 2
2.954243e-05 1
3.697058e-06 2
4.055955e-05 1
3.206712e-07 1
4.780444e-06 3
1.189302e-05 1
6.635479e-06 32818
2.174803e-06 12729
4.567119e-06 3
3.581091e-06 1
1.270507e-05 5
9.042471e-06 1
2.444665e-05 4
2.985142e-06 1
8.555278e-06 7
3.773238e-06 1
4.578310e-05 186
1.714051e-05 547050
1.646690e-05 2
7.740442e-05 6
6.728533e-05 1
1.178230e-05 1
8.072469e-06 1
6.952452e-05 2
1.585383e-06 1
6.698050e-06 23291
5.614462e-06 1
2.121149e-05 1
4.714874e-05 3
1.812271e-06 2
8.360983e-06 46
4.027351e-05 3
4.801517e-07 1432
2.465865e-05 20588
1.503729e-05 1
8.833753e-06 1
2.784398e-05 1
3.231402e-06 2
7.741672e-06 185
1.925192e-05 382
3.102412e-06 1
2.025429e-05 1
1.617073e-05 7
4.041578e-06 1
8.070204e-07 3
1.066451e-05 3
9.864360e-06 1
7.669091e-07 3
7.287359e-06 590
3.241249e-05 1
4.465538e-06 1695
3.172226e-05 7
1.701223e-05 2
7.179744e-06 1
4.093318e-05 716
7.488548e-07 1
1.924853e-06 1
3.052656e-06 2
1.991736e-05 3
1.172910e-05 1
3.575562e-06 1
8.083395e-06 1
2.210415e-05 1
2.023919e-05 3
1.586313e-05 2
1.334335e-06 2
1.307191e-05 36773
1.451676e-05 3
4.010134e-06 1
5.136627e-05 93
1.759225e-05 5
2.123115e-05 1
2.704161e-05 1
7.295553e-06 1
1.422169e-05 352
3.468933e-06 9
2.337911e-05 1
4.082568e-06 1
2.585461e-05 1
1.711028e-05 633600
9.510394e-06 4
6.988948e-06 1594
4.877377e-05 1
4.352185e-06 3943
3.799973e-05 1
9.711268e-05 6
2.163931e-05 34
8.424990e-06 32
3.234037e-05 7
1.239392e-05 6
1.495637e-06 1
8.564707e-06 1
2.457731e-05 24488
5.321692e-05 2
4.866415e-06 1
1.315673e-05 1
1.976923e-05 220
6.578280e-06 1
4.504646e-06 1539
4.751517e-06 1
2.792250e-05 1
3.436917e-05 5
1.641068e-05 2
5.465054e-05 52
7.333924e-06 1
1.266236e-06 2
5.633769e-05 34
8.645165e-06 7
2.324544e-05 1
1.320137e-05 1
2.913381e-05 1
6.398954e-05 1
5.128777e-06 1
1.761590e-05 43253
1.700968e-05 2
2.023951e-06 43492
9.079695e-07 1
1.210417e-06 1
4.197965e-05 1
2.054760e-05 1
1.545329e-06 1
2.551271e-05 1
4.694453e-05 1
1.144914e-05 1
2.101012e-06 4
4.198390e-05 3
8.008763e-06 2
4.995622e-05 1
1.315766e-05 28156
4.294877e-07 1694
2.084194e-05 2
6.684503e-06 25360
4.207165e-06 1
1.923603e-05 1
3.960413e-05 1
2.353443e-05 1
4.865732e-06 1
2.196829e-05 1
5.870704e-05 1
6.358759e-06 5
1.087361e-07 5
6.807968e-06 4
2.388310e-05 5
1.778920e-05 1
1.102042e-06 128
5.813967e-06 1
5.021274e-05 1
2.604959e-05 1
7.213593e-06 836
3.684742e-05 1
2.465810e-05 20601
2.816341e-05 185
2.844016e-05 1
1.945797e-05 1
2.212384e-06 5113
2.150606e-05 1
1.484101e-05 1
1.401202e-05 1
1.320053e-05 4
2.279189e-05 1
3.109902e-06 1
1.093363e-05 1
6.900560e-06 1895
1.190544e-06 2
1.112891e-05 3
7.581269e-06 222
5.772125e-05 21
2.493134e-06 1
3.734621e-05 1
2.713528e-05 251
1.483439e-05 3
1.909294e-05 3
7.135119e-06 1
7.856958e-07 240
3.143752e-06 2
1.433312e-05 1
2.770888e-05 214
2.849860e-06 199
3.248060e-06 1
2.506576e-05 1
1.463495e-06 1
7.906207e-07 1
7.123460e-06 1
1.879650e-05 1
9.447059e-07 1
1.177378e-05 23
2.435581e-05 1
1.059546e-05 1
6.324916e-06 584991
4.505072e-06 3
1.895956e-06 183398
2.081445e-05 1
6.130882e-06 2
1.185165e-06 99
4.116050e-05 1
7.852348e-05 1
3.052451e-05 2
2.705212e-05 256
1.996786e-05 199
2.020915e-05 3
1.680990e-06 1
1.457013e-06 7
4.793218e-06 1
3.781986e-06 2
2.652599e-05 1
6.579653e-06 1
8.054475e-05 1
2.253932e-05 1
6.810785e-06 1
1.165590e-06 1
3.697966e-05 16757
5.979444e-07 827
3.124605e-05 1
6.682990e-06 1
9.968642e-06 1586
2.603071e-05 3
1.125701e-05 2
9.350884e-06 56735
1.746928e-05 1
5.087310e-05 1
4.679819e-07 3
6.731194e-06 4
1.382483e-06 2
4.047896e-05 3
2.637321e-05 1
3.312356e-05 1
1.029832e-05 1
2.317334e-05 2
7.081486e-05 1
7.132723e-07 1
2.020432e-06 1
8.982454e-07 1
1.153786e-06 110
8.038903e-06 1
2.184699e-05 15
5.020183e-07 3
4.629122e-06 1046
2.595569e-05 1171
2.271334e-06 1905
1.719971e-05 376055
1.317162e-05 1
9.528509e-06 1
7.767555e-06 179
4.399370e-05 1
3.340053e-05 6
3.352582e-06 44
3.532253e-06 1
2.936489e-06 1
6.710836e-06 4
7.130410e-05 1
3.743731e-06 1
1.042898e-05 314
7.282001e-06 608
2.317940e-05 2
5.454152e-06 98
1.748283e-05 1
1.100139e-05 163
2.940351e-06 1
2.008356e-05 187
9.880431e-06 1
2.945053e-05 1
2.323725e-05 6
3.184124e-05 1
5.246372e-06 3
3.692171e-07 1
7.752953e-06 3
2.927676e-05 119
6.339725e-07 3
8.991028e-07 1
1.103140e-05 3
5.647956e-05 33
2.343121e-05 625225
5.680711e-06 1
1.013307e-05 1
6.425278e-06 65061
5.229595e-06 158
2.675124e-05 3
2.066718e-06 34733
1.185777e-05 1
2.442496e-05 1
5.350828e-08 1
4.858658e-06 259
9.334466e-07 1
6.901430e-06 1
2.827112e-09 1
1.999069e-06 48572
3.411993e-06 1
6.845708e-07 1
1.036234e-05 3
2.045380e-06 39098
5.019507e-06 1
2.438854e-05 4
3.352423e-06 1
5.275444e-05 1
1.079924e-05 200
6.319491e-06 1
6.920672e-06 1826
2.390193e-06 3
1.161885e-05 1
1.820589e-05 2053
1.206939e-05 7
5.104856e-06 3
4.872958e-05 1
1.713352e-05 567213
1.712726e-05 584951
1.034386e-05 1
3.000370e-05 79
1.671077e-05 1
1.277649e-06 66
1.428680e-05 3
4.355045e-05 1
1.330465e-05 1
8.502517e-06 1
9.118727e-06 1
3.547256e-06 2
4.776871e-06 1
3.280265e-05 1
3.716406e-06 1
1.265268e-05 546600
2.935171e-06 3
3.102791e-06 120
4.769867e-05 3
2.124529e-05 1
6.326697e-05 1
8.902924e-06 1
2.651439e-06 261
1.136873e-05 95
2.647309e-05 660
5.336158e-06 129
2.926128e-06 1
4.429964e-06 3
9.302307e-06 62958
8.312203e-06 57
4.271151e-06 1
1.862261e-05 1374
7.667531e-06 1
1.078039e-05 204
1.500405e-06 7
7.306116e-06 528
5.644795e-06 48
1.067900e-05 223
1.707111e-06 2
2.435821e-07 26406
7.432931e-06 3
1.464444e-05 211
2.322768e-05 1
3.186942e-07 4
6.343329e-05 2
1.910881e-05 604
4.328516e-06 4
1.226220e-05 1
9.778843e-06 1
2.928349e-05 2
3.394011e-05 1
1.082678e-05 3
1.293021e-06 61
2.714147e-05 1
1.739200e-05 5
1.579335e-05 2
1.827162e-05 1
9.597864e-06 25383
9.997287e-06 1506
1.563237e-05 70
4.550889e-06 1
1.352146e-05 1
1.209865e-06 1
2.581528e-05 1
2.541670e-05 1721
2.763197e-05 1
4.823011e-07 1421
3.437549e-06 2
3.329829e-05 6
7.950927e-06 1
2.525890e-06 1
1.466122e-06 7
2.079431e-06 4
2.232849e-06 1
3.651892e-06 1
3.143016e-06 108
2.624600e-05 3
5.443270e-06 101
5.180938e-06 1
1.279913e-05 1
8.378002e-06 1
3.500155e-06 2
2.940047e-05 1
2.099198e-05 1
2.096602e-05 99
1.049280e-05 259
2.412544e-07 1
3.777951e-06 2
3.002101e-06 1
1.602761e-06 1
3.117099e-06 2
6.947972e-06 3
4.061932e-05 1
3.513358e-06 1
3.855330e-05 1
6.152736e-06 2
3.668780e-06 1
9.636305e-06 1
3.959468e-05 3
2.886014e-05 3
6.780963e-05 1
7.349349e-06 3
1.587914e-05 1
3.215674e-05 1
2.367690e-05 1
2.226908e-05 2
1.137680e-05 94
9.997114e-07 164
3.176515e-06 98
2.974114e-05 1
7.087169e-07 267
1.365189e-05 3
9.724696e-06 4
2.438973e-06 1138
2.258401e-06 3
1.948660e-05 250
1.823029e-05 3
2.167046e-05 1
3.474620e-06 1
3.906508e-05 3
2.912680e-05 1
7.688210e-06 197
9.749913e-07 1
2.253830e-05 7
1.939522e-05 1
1.942201e-05 257
4.319756e-05 242
6.348895e-07 1
9.970018e-06 1
5.396537e-05 60
1.244224e-06 78
1.266643e-05 1
4.360833e-05 3
5.172326e-06 1
2.879202e-06 190
3.489306e-06 1
1.144813e-05 81
1.685201e-05 1
9.279814e-06 1
1.771597e-05 35751
2.939360e-06 3
3.118668e-06 1
8.319866e-06 2
4.595064e-06 3
2.516485e-05 1985
2.867966e-06 193
9.883218e-06 1
3.451835e-06 1
4.735165e-06 1
3.579352e-05 5
1.352220e-05 1
1.661905e-05 1
1.124279e-05 2
3.060643e-06 1
6.530541e-06 1
9.530842e-06 4
2.910995e-06 180
1.550014e-05 88
5.513716e-07 1
3.123164e-05 1
2.332769e-05 6
3.680431e-06 1
2.598593e-05 3
3.060304e-05 2
1.069742e-05 1
7.322126e-06 3
1.526390e-05 1
1.871596e-05 3
2.038360e-05 1
9.855039e-07 169
1.803295e-05 4
6.754696e-05 7
3.595381e-05 4
3.192206e-05 1
1.919096e-06 1
1.708741e-05 2
7.501484e-06 1
7.015278e-06 1505
4.213916e-06 28463
1.419588e-05 1
2.987426e-05 1
9.299332e-06 5
1.599066e-05 2
1.160440e-05 53
1.442899e-05 1
2.851385e-05 164
1.402983e-05 764
3.478757e-06 1
2.896144e-06 184
1.691770e-05 1
5.036124e-06 210
6.360931e-06 376689
1.302289e-05 41698
1.540569e-06 1
4.993744e-06 3
2.827081e-05 179
3.648106e-06 1
1.574670e-06 7
6.805019e-06 1
1.843941e-05 3
7.691230e-06 3
2.299603e-06 1
4.200721e-06 1
1.463806e-05 1
3.712825e-05 1
9.508412e-06 1
6.362119e-07 1
2.392349e-06 1350
2.070937e-05 2
1.723449e-05 5
8.482933e-06 1
2.102906e-05 1
5.397717e-06 1
8.124826e-06 1
2.062246e-05 1
1.896221e-05 1
4.138525e-06 4
4.604742e-06 3
3.443096e-06 2
3.710552e-06 2
1.443532e-05 3
1.399846e-05 3
2.711506e-06 1
9.111201e-06 1
1.818772e-05 3
4.139807e-06 1
1.016887e-06 1
4.671944e-06 3
9.987112e-06 1
4.614761e-06 1
1.007712e-05 1
1.719928e-06 1
1.271809e-05 1
4.987896e-06 1
1.812475e-05 1
1.875809e-05 1
6.214100e-05 7
6.662069e-06 4
1.973912e-05 3
4.413943e-06 1
1.850730e-05 1560
1.879347e-05 1
9.304434e-06 5
2.674792e-05 1
2.914522e-06 3
5.378944e-07 3
2.175435e-05 1
1.343808e-05 2066
1.629576e-05 7
2.683236e-06 1
5.881932e-06 1
5.259444e-05 1
1.746541e-05 54634
3.957884e-06 354124
3.761363e-06 6
1.119796e-05 127
2.477727e-07 1
1.866523e-05 1305
3.638255e-06 7
7.711592e-06 1
3.207872e-06 1
7.119555e-05 2
3.344125e-05 1
1.231678e-05 1
6.950715e-06 1724
7.698724e-06 1
6.132217e-06 1
7.417776e-06 3
1.453082e-05 3
9.855403e-07 169
3.163136e-05 7
1.495919e-05 1
2.636232e-05 1
1.428855e-05 1
2.015599e-07 1
1.373996e-05 1396
3.216810e-05 7
1.557343e-05 1
1.533155e-05 112
1.008211e-05 1
4.820499e-07 1422
1.179010e-05 1
1.560084e-05 2
3.223596e-05 1
1.996985e-05 199
6.527199e-06 49367
1.642924e-05 7
2.259909e-07 1
4.026833e-06 1
1.618851e-05 7
7.604329e-06 1
2.974029e-06 3
6.094367e-08 1
3.582734e-06 7
1.780992e-05 4
9.401998e-07 3
6.745970e-07 3
1.311200e-05 4
3.541117e-05 1
2.910184e-05 1
9.844483e-06 3
8.570765e-06 7
2.890200e-05 3
1.187876e-05 1
4.037520e-05 1
5.703517e-06 33
9.318743e-06 5
6.038943e-05 1
2.658584e-05 551
2.940154e-06 1
3.222270e-06 84
1.800152e-05 14609
3.803087e-05 3
1.185693e-05 1
4.178669e-06 1
1.001417e-05 1
1.803201e-05 1
8.067531e-06 1
1.713749e-05 1
5.657932e-06 1
2.485492e-05 11238
7.997132e-07 235
4.365843e-06 3
9.675901e-06 15570
1.047099e-05 1
1.120329e-05 1
1.406819e-05 681
1.079744e-05 201
7.747085e-06 1
4.608700e-06 3
2.830675e-05 1
2.104356e-05 91
1.432259e-06 13
4.692084e-06 1
2.409651e-05 1
1.384204e-06 1
7.375499e-06 1
4.092434e-05 1
6.251982e-06 1
2.051184e-06 37902
7.091327e-06 1
2.035289e-05 1
8.815435e-06 1
8.202801e-06 1
3.990540e-06 1
7.750845e-06 3
3.306945e-05 6
8.980009e-06 6
5.105060e-06 1
1.184012e-06 99
5.813058e-06 1
2.095333e-05 1
5.545774e-07 1
2.128938e-06 4
1.534186e-06 2
4.120454e-06 45139
6.538481e-06 1
6.477461e-06 57005
1.976727e-05 1
2.575977e-05 1369
3.129291e-05 1
3.178941e-06 2
1.129930e-05 1
7.736878e-07 1
9.256176e-06 1
2.610918e-05 3
1.469765e-05 1
5.799064e-06 8
2.248084e-05 1
6.409114e-06 1
8.748276e-07 208
6.353267e-07 635
5.430411e-06 1
5.592601e-06 1
1.190352e-05 1
4.204414e-06 1
6.499959e-06 53560
9.103052e-06 1
8.867138e-06 1
3.054837e-05 49
1.817749e-05 2100
1.923965e-05 1
2.797432e-05 3
1.754996e-05 48233
3.227278e-05 7
1.453417e-05 3
1.527719e-06 7
1.620539e-05 2
1.593036e-05 1
3.793886e-05 1
8.577295e-06 1
2.666723e-05 3
1.142284e-05 2
1.418644e-05 427
2.002632e-06 1
2.172185e-05 1
6.649580e-06 30669
6.338910e-06 1
1.200215e-05 2
1.238434e-06 80
1.197612e-05 1
7.136638e-06 1
7.880753e-07 1
1.541869e-05 100
1.855496e-05 1
5.850941e-06 7
1.544546e-05 96
9.027071e-06 1
4.619988e-06 3
5.039468e-06 3
4.037621e-06 1
4.644325e-06 3
2.004467e-06 5
7.759448e-06 181
1.801795e-08 510633
1.351250e-06 1
2.454115e-05 26223
1.844708e-06 577654
8.671039e-06 1
2.406936e-05 1
1.955432e-05 243
2.206175e-05 7
8.048229e-05 6
3.902779e-06 1
1.555277e-05 2
2.192722e-05 1
1.951237e-05 247
2.811838e-06 1
4.655203e-06 1
3.068818e-06 131
1.224301e-05 1
5.081080e-06 198
3.389001e-05 1
2.889547e-06 1
5.535654e-06 2
6.342006e-06 1
2.577288e-05 1
1.288757e-05 1
2.206666e-05 2
4.951141e-05 1
1.182488e-05 1
1.589275e-05 1
2.494521e-05 1
4.219969e-06 1
2.488568e-05 1
8.285278e-06 1
7.406727e-06 3
3.983043e-06 1
2.568546e-06 3
2.960586e-05 1
1.568236e-05 63
3.212172e-05 2
2.971768e-06 3
5.559298e-06 2
9.749200e-07 1
6.942221e-06 1
1.610781e-05 1
1.761160e-05 43579
1.706317e-05 1
5.673782e-06 40
5.184765e-06 1
1.110769e-05 143
3.658171e-06 1
9.753594e-06 1
7.833827e-06 1
3.995407e-06 101882
1.139436e-06 2
4.618207e-06 1
6.349581e-06 5
1.336115e-05 7895
1.044809e-06 1
5.660930e-06 44
2.576253e-05 1366
1.223052e-05 1
1.485696e-06 1
5.406366e-06 1
2.679293e-05 1
1.528461e-05 1
1.727359e-06 1
1.415595e-05 493
6.930708e-06 1
1.134557e-05 1
4.277303e-06 17202
5.571974e-06 67
8.075742e-05 6
8.490190e-06 18
1.552430e-05 2
3.637137e-06 1
4.216022e-05 1
1.894582e-05 1
1.691312e-05 2
1.342888e-06 1
4.082592e-05 1
8.180319e-06 1
6.877930e-06 1
1.899100e-05 3
1.139508e-05 91
2.192534e-05 1
1.328133e-05 1
3.003830e-06 1
3.186474e-06 1
8.807648e-07 1
9.109559e-06 1
6.227775e-06 2
1.908568e-05 3
5.401931e-06 1
5.372921e-06 1
1.929879e-06 1
4.619401e-05 178
4.805382e-05 1
4.092413e-06 5
4.115918e-05 1
1.933069e-06 1
5.710751e-06 1
6.489672e-08 104863
2.721544e-05 245
3.584329e-05 4
2.398633e-05 1
9.130552e-07 3
1.993270e-05 3
2.464528e-05 1
3.075587e-05 1
1.629968e-05 1
4.401874e-06 1950
1.600402e-05 1
7.980697e-06 131
2.673515e-08 5
1.869285e-06 1
1.856577e-06 1
2.298051e-05 1
8.100993e-07 231
2.265552e-05 1
1.373630e-05 1404
2.973929e-06 3
1.788181e-06 1
3.748562e-06 6
9.103731e-06 2
1.555415e-07 46690
7.803948e-06 171
2.037814e-05 1
3.797937e-05 3
3.329421e-05 1
2.697449e-05 1
1.510195e-05 3
1.207263e-05 1
1.171350e-05 34
1.609934e-06 7
1.644427e-05 2
1.636672e-06 2
2.920736e-05 1
2.619876e-05 1
1.072259e-05 1
3.757116e-06 1
1.184702e-05 2
1.036806e-05 480
2.770790e-06 223
1.657317e-05 7
6.473575e-06 5
9.288661e-06 5
6.502338e-06 5
2.383461e-05 1
6.693651e-06 1
1.050675e-06 1
1.506115e-05 1
1.703880e-05 1
3.692560e-06 2
9.613871e-07 1
8.153863e-06 92
3.785944e-06 1
1.360646e-05 1691
1.402337e-06 1
1.860648e-05 1
4.778857e-06 3
6.221089e-06 1
2.904747e-05 2
1.499011e-05 160
2.202172e-05 2
9.589816e-05 1
1.453949e-05 1
3.776499e-06 2
1.721947e-05 1
3.433177e-06 20
1.103470e-05 1
2.160870e-06 1
5.119214e-06 188
2.644029e-06 3
1.229060e-05 1
1.335427e-05 8581
3.914495e-06 1
3.476692e-05 128013
4.895889e-05 1
3.156843e-05 2
1.445047e-05 239
9.479154e-06 1
1.060758e-05 1
3.497130e-06 7
2.876509e-05 3
3.258325e-06 72
4.867636e-06 256
7.600124e-06 217
3.642240e-06 1
8.735038e-06 1
1.949789e-05 1
7.949978e-07 1
4.602446e-05 182
3.867882e-05 1
2.214716e-05 1
8.486206e-07 1
2.238205e-05 2
1.280485e-05 1
7.589766e-06 3
2.042790e-05 1
2.425604e-05 1
1.917439e-05 3
7.706628e-06 1
1.102003e-05 159
2.729205e-05 3
2.433494e-05 1
9.908609e-07 1
4.252464e-05 3
1.814246e-05 1
2.318017e-05 1
1.768784e-05 37869
1.562419e-05 1
9.050962e-07 1
5.349041e-06 2
6.520810e-06 1
3.718468e-06 1
1.317122e-05 1
1.206335e-05 1
1.393418e-05 971
2.029615e-05 1
4.244628e-06 4
2.873568e-05 1
5.592577e-06 1
1.532544e-05 1
2.192230e-05 1
4.079679e-06 1
9.726966e-06 1
4.279488e-05 3
2.925952e-05 1
1.772328e-05 1
4.227236e-07 1
3.042208e-06 139
2.756953e-05 3
2.104389e-05 2
2.865938e-05 3
2.660875e-05 3
1.453393e-05 1
8.998741e-06 2
7.924719e-05 1
1.681152e-05 1
5.991342e-06 1
1.532540e-05 2
1.020993e-05 1
6.379233e-06 5
5.818574e-06 1
4.749473e-06 1
1.726712e-05 5
1.618736e-06 7
1.168463e-05 2
3.172345e-05 7
6.083329e-06 2
3.443028e-05 5
1.636305e-05 7
6.652168e-05 1
3.016403e-05 70
1.844474e-05 1661
9.496058e-06 1
2.576890e-05 1
2.343580e-05 5
3.726583e-06 6
2.250556e-05 1
3.883988e-06 1
5.868803e-06 1
1.245109e-05 6
9.514531e-06 4
1.835625e-05 1806
1.377850e-05 3
3.685648e-05 1
4.135413e-05 3
3.419948e-05 664982
6.222824e-06 1
4.639612e-05 174
4.323590e-06 1
6.701993e-06 22699
1.408956e-05 3
1.045142e-05 1
5.319353e-05 1
2.254467e-05 2
3.454712e-06 1
2.891428e-06 1
1.618635e-05 1
1.704559e-05 6
2.760045e-05 1
4.617037e-05 3
6.438631e-06 1
1.716167e-05 1
2.091128e-05 1
3.222605e-05 1
7.154500e-06 1
5.446213e-06 1
1.988948e-06 1
6.251496e-06 1
2.188577e-05 1
8.944808e-08 5
7.416111e-07 3
1.642911e-05 1
4.379796e-06 1
2.348157e-05 5
5.797703e-06 1
1.280388e-05 1
1.827410e-05 1
3.331223e-07 1
2.303005e-06 1759
5.485614e-05 1
1.297020e-05 5
1.173645e-05 30
7.818617e-06 1
1.049756e-05 258
4.219209e-05 266
4.836696e-05 1
5.528487e-05 45
1.927061e-06 63399
1.188674e-05 1
2.006148e-05 3
5.666569e-06 1
9.566737e-06 1
9.636359e-06 4
1.740177e-05 5
1.340021e-05 1
2.594637e-05 3
6.913897e-06 3
2.363978e-05 5
2.025832e-05 1
5.643789e-06 1
5.165453e-05 1
7.944020e-05 1
1.719051e-05 5
6.360072e-07 632
1.676449e-05 2
2.325044e-06 1
5.198039e-05 1
1.657800e-05 1
1.624605e-05 1
1.202539e-07 5
7.297989e-06 3
2.921434e-05 2
2.696965e-06 1
3.412353e-07 4
8.079493e-06 1
7.708865e-07 3
1.404268e-05 1
6.207459e-07 710
2.114584e-05 2
1.922347e-06 64365
6.322316e-06 599536
5.406972e-06 1
2.931962e-05 1
2.636695e-06 266
4.255954e-05 1
1.715244e-05 5
1.780027e-05 29475
1.542442e-07 1
1.049429e-05 1
7.190661e-06 1
3.429733e-05 1
3.646738e-05 28049
1.847752e-05 1
1.215410e-05 1
2.752071e-06 1
5.219137e-05 1
1.439971e-05 1
3.838967e-06 6
3.908137e-05 3
3.219318e-06 84
2.949703e-06 1
2.601884e-05 3
2.007049e-06 46950
2.260216e-05 2
7.173864e-06 970
3.994486e-05 1
2.016076e-05 3
8.658922e-07 1
6.947828e-06 1
2.476098e-05 1
6.104964e-06 2
4.100108e-05 3
1.188395e-05 2
1.035470e-06 1
1.376941e-05 1331
2.655482e-06 1
5.179771e-07 3
1.018438e-05 985
1.517822e-05 1
1.293910e-05 1
7.957595e-06 1
1.295592e-05 48485
2.817732e-05 184
6.716133e-06 1
4.781212e-05 1
1.449234e-05 1
8.608461e-06 1
1.383266e-05 1192
1.746802e-05 5
3.046077e-05 54
9.570059e-06 4
3.576007e-05 5
1.798144e-05 1
9.804748e-06 1
5.195363e-06 1
2.092620e-05 102
2.736753e-05 236
1.820754e-06 1
2.646404e-05 3
1.442202e-06 1
1.406805e-05 681
1.996584e-05 1
1.261208e-05 1
1.679539e-05 2
6.680048e-08 5
2.872184e-05 1
2.252488e-05 7
2.626684e-05 1
2.848531e-05 166
2.285348e-06 1840
3.980944e-06 1
8.214521e-06 1
4.193588e-06 4
2.642798e-06 1
1.293022e-05 1
4.464715e-06 1
1.282765e-05 1
8.191488e-06 2
2.629042e-05 1
3.376342e-05 1
4.659866e-05 171
1.537674e-05 1
1.451553e-05 230
1.419234e-05 3
2.697869e-05 261
1.738878e-05 1
1.781414e-06 1
4.953498e-05 2
2.895852e-05 1
4.562400e-07 1
7.770690e-06 3
3.913893e-05 1
1.967819e-05 1
4.857477e-06 259
1.565814e-05 67
6.527096e-06 1
1.663929e-08 522261
7.914223e-06 3
2.929194e-05 2
8.585176e-08 1
2.174576e-05 2
9.892913e-06 1
1.728569e-06 6
4.811304e-07 1
1.743827e-05 1
2.325348e-05 2
3.819738e-06 1
8.553628e-06 1
1.009913e-05 1222
5.586149e-05 1
2.792492e-06 1
5.083001e-06 3
1.012522e-05 3
1.086819e-05 188
1.830696e-05 3
2.491186e-05 8557
2.074311e-08 1
4.592044e-06 1
3.608142e-05 4
2.555557e-05 3
7.076756e-05 1
5.020142e-05 2
3.142934e-05 7
1.027035e-05 1
3.831362e-05 3
2.231905e-05 7
1.154977e-05 1
1.447363e-05 236
1.107153e-06 126
1.409911e-06 1
9.637727e-08 60379
2.640631e-06 1
2.586529e-07 1
3.353884e-05 2
1.020959e-05 3
4.113855e-05 1
1.148669e-06 2
7.589353e-06 3
1.525897e-07 1
3.136358e-05 1
3.244625e-05 1
8.340009e-06 51
8.161149e-06 2
3.506723e-05 1
3.813823e-06 1
6.886151e-06 3
1.165253e-05 1
6.429653e-05 2
3.148094e-05 1
4.178604e-06 1
1.666931e-06 6
1.051431e-05 254
2.241577e-05 7
1.183144e-05 2
3.670837e-06 7
2.488632e-06 912
5.640653e-05 1
3.075854e-05 2
1.959208e-06 1
8.680916e-07 1
9.337700e-07 1
3.676257e-06 2
8.532127e-06 1
1.910974e-05 3
4.990037e-06 3
4.857428e-06 1
2.390964e-05 1
2.118418e-05 1
1.836757e-05 1
1.530330e-05 116
1.121029e-05 1
5.396075e-06 2
1.003474e-05 1401
2.731347e-06 3
8.426611e-06 32
1.148521e-05 2
2.513239e-05 3
4.132883e-05 1
2.731804e-05 3
5.941724e-06 2
3.567773e-06 7
2.541064e-06 3
9.567467e-06 1
3.353693e-05 6
1.648282e-05 1
2.656671e-06 1
3.176961e-06 2
7.649938e-06 3
9.827628e-06 3
2.269518e-05 2
9.182637e-07 1
4.047925e-05 3
3.502336e-06 7
2.111827e-05 2
2.697385e-07 20405
6.853411e-06 1
1.431620e-05 3
5.925220e-06 7
1.502728e-05 155
5.388937e-06 2
6.331243e-07 3
3.797596e-06 6
3.201221e-05 7
8.865302e-06 6
3.389284e-05 2
1.495610e-05 1
4.514652e-06 1
2.049141e-05 1
1.523877e-06 1
4.272234e-06 4
1.900440e-05 767
9.595055e-06 4
9.668057e-06 4
3.034755e-06 141
1.055713e-05 1
1.089799e-05 182
1.648461e-05 1
9.506587e-08 1
1.710440e-05 1
2.414057e-06 1251
1.853174e-05 1
3.577458e-06 1
2.893642e-05 3
1.921679e-05 1
2.965622e-06 1
4.303025e-06 4
1.604060e-05 2
1.489382e-06 1
2.220352e-05 1
2.729081e-05 3
2.443959e-05 31132
6.982402e-07 315
8.679885e-06 7
5.654369e-06 1
9.003667e-07 199
4.770861e-06 488
1.448518e-05 1
9.163929e-07 3
4.344340e-07 1
8.099708e-06 104
1.489440e-05 1
3.378248e-05 6
2.183212e-05 1
8.926616e-08 1
2.182927e-06 4
3.315242e-05 6
6.716625e-06 20491
1.936104e-06 1
3.434421e-05 1
4.161055e-05 462
3.250337e-05 1
5.092235e-06 1
9.660990e-06 1
7.368015e-06 322
1.221705e-05 7
2.944437e-05 110
2.310191e-05 1
1.245066e-05 2
3.914323e-05 1
5.186401e-05 1
2.386112e-06 1
6.133944e-06 1
1.353159e-06 1
2.934463e-06 1
8.509222e-06 14
1.373735e-05 3
6.036540e-06 1
1.922109e-06 1
8.152355e-06 1
1.370902e-05 1
6.791353e-06 1
1.323274e-06 1
5.808903e-05 1
1.227527e-05 6
4.846072e-05 137
4.757453e-06 3
3.300854e-06 1
2.184713e-05 1
6.697036e-06 23455
5.084448e-06 1
1.954310e-05 3
1.233282e-05 1
9.930524e-06 1
1.768350e-05 1
1.059254e-05 1
1.572672e-05 57
1.162222e-05 1
1.753421e-05 1
2.700957e-06 1
3.771881e-06 6
3.481801e-05 5
1.562020e-05 72
7.285406e-06 597
1.776291e-06 2
3.321452e-05 6
2.602216e-05 1104
7.604364e-06 3
3.875358e-06 2
1.813221e-05 1
3.506858e-05 5
4.903290e-05 128
5.013423e-06 1
5.476214e-06 1
4.335740e-06 6852
5.446938e-06 2
3.231766e-06 1
2.383838e-05 60873
1.923598e-05 406
7.232716e-06 3
1.521520e-05 2
7.167618e-06 1
5.804128e-08 164012
2.568775e-05 1
2.930537e-05 2
4.902542e-05 2
2.279566e-07 4
3.304459e-06 58
2.602550e-06 1
2.374035e-05 65848
1.200514e-05 1
1.917519e-06 1
1.360252e-05 1699
4.106672e-06 47603
1.385780e-06 1
9.425787e-06 1
2.556623e-06 1
8.358389e-07 1
1.037332e-05 1
1.890300e-06 5
2.232678e-07 1
2.220474e-05 2
1.739084e-05 1
7.696780e-07 1
1.228897e-06 1
2.103529e-05 2
3.457547e-05 1
2.473963e-05 16716
4.841376e-06 3
9.132587e-06 1
1.147806e-05 1
2.727136e-05 1
8.965071e-05 1
2.041561e-05 3
9.470122e-06 1
9.899601e-07 1
1.401475e-05 1
1.317591e-05 26326
9.225604e-06 1
2.398157e-05 53705
3.711264e-05 1
1.713556e-07 5
1.037006e-05 1
1.599021e-05 21
1.863324e-06 1
2.676213e-05 3
2.541539e-05 1
1.052142e-05 253
4.810869e-06 1
3.310383e-07 1
3.928996e-05 1380
2.844949e-05 168
1.275204e-05 1
1.811598e-06 1
1.944438e-06 59811
1.367461e-06 1
8.738703e-06 2
3.404620e-05 1
2.647363e-05 1
6.481885e-06 1
2.851504e-05 3
7.136216e-06 3
1.012416e-06 159
5.465980e-05 1
9.999981e-06 1
1.829993e-06 2
1.227249e-06 2
2.412238e-06 1259
1.572897e-05 57
1.168673e-05 1
2.870559e-05 153
5.437982e-05 1
3.788675e-05 2006
3.368100e-05 1
3.379894e-05 6
1.007059e-05 1301
1.269841e-06 69
9.158001e-06 1
1.491593e-05 171
2.208455e-06 4
2.743377e-05 3
1.507543e-05 3
2.607301e-05 3
1.078181e-05 204
1.609990e-05 2
2.451074e-06 1
1.690300e-05 6
1.942869e-05 1
4.225219e-05 265
3.732009e-06 1
1.020055e-06 1
1.770650e-05 4
7.305627e-05 2
2.035666e-06 4
4.533073e-06 1426
6.308317e-06 1
2.995276e-05 81
3.995055e-05 1
3.373179e-06 1
1.276309e-05 1
3.012629e-05 1
3.206769e-06 1
4.026787e-05 1
1.508093e-05 147
4.726568e-06 1
4.502693e-06 1
3.699069e-06 6
3.231830e-05 2
1.558421e-05 1
3.661714e-06 7
3.603030e-05 37994
4.160045e-06 1
1.357404e-06 39
5.037785e-05 1
1.373254e-06 33
9.817627e-06 3
8.565279e-06 1
1.177259e-06 1
3.732082e-06 2
1.020720e-05 3
1.158399e-05 1
4.211908e-06 1
1.366766e-05 1
6.297308e-06 6
1.047003e-06 3
6.805306e-06 4
1.034006e-06 3
7.861882e-06 3
1.198277e-05 7
1.950538e-06 1
1.018106e-05 3
2.106819e-05 89
1.884315e-06 1
3.844378e-05 3
1.525553e-05 1
1.624117e-06 1
1.746092e-05 1
9.281520e-06 5
1.375769e-05 1
3.061353e-06 2
3.021615e-05 1
2.387494e-05 1
6.171060e-06 6
1.129361e-05 1
9.168705e-06 1
1.148994e-05 1
1.042498e-05 325
9.819798e-06 2005
5.048413e-06 1
2.150431e-05 1
1.311669e-05 1
8.442199e-06 28
3.481584e-06 1
1.367878e-05 3
1.854480e-06 502553
2.192737e-06 1
5.321466e-07 1
5.095926e-06 1
2.002632e-05 193
1.631372e-07 1
2.298833e-06 1778
3.388959e-05 1
1.418368e-07 49853
7.442822e-05 6
5.265547e-06 1
4.989770e-06 1
6.632316e-06 33302
2.456203e-05 4
1.387235e-06 1
3.042536e-06 1
2.131279e-05 65
8.737843e-06 1
8.621072e-06 1
1.201591e-05 1
8.182455e-06 1
1.002453e-05 1
3.674464e-05 1
2.159843e-06 1
1.044941e-05 3
3.760604e-06 2
2.753327e-06 229
5.053300e-06 1
2.732463e-06 236
8.665097e-06 7
2.921044e-05 1
2.372888e-06 1439
2.981950e-06 158
7.569780e-05 2
5.257456e-06 1
2.263633e-06 1
1.982093e-05 1
6.898447e-05 1
8.112847e-06 1
1.944510e-07 4
2.204317e-07 1
7.350886e-06 379
2.976236e-06 1
2.437329e-05 1
1.174168e-05 1
2.247779e-06 3
4.395504e-06 1976
4.951149e-05 2
1.662239e-05 1
1.972015e-05 225
3.610583e-06 1
1.443132e-04 6
6.123977e-07 1
1.535324e-05 2
4.291247e-05 249
7.473923e-06 247
2.603425e-05 1
6.212575e-06 6
8.705120e-06 1
3.378876e-05 2
3.983593e-06 1
2.825978e-05 179
1.296150e-05 5
1.750544e-05 1
5.262172e-07 1
9.777258e-06 1
1.164369e-05 2
2.825732e-06 3
6.216067e-06 6
2.684487e-05 303
1.523531e-05 126
8.911764e-05 1
1.918672e-05 1
4.323792e-06 8958
6.064308e-06 6
5.171898e-06 3
7.205857e-06 863
4.097056e-06 1
3.380601e-05 1
1.807884e-05 1
2.884163e-05 1
6.714123e-06 20862
1.882231e-05 1055
4.724069e-05 1
3.524885e-06 2
4.162345e-05 3
2.915182e-06 1
2.656543e-06 1
4.265068e-06 1
1.466256e-05 3
8.191242e-07 1
8.156431e-06 2
2.010369e-06 1
1.393347e-05 1
1.592407e-05 1
6.594167e-06 39116
5.858211e-06 1
9.961117e-06 1
3.722486e-06 6
3.097503e-05 27
1.605363e-05 1
1.583491e-05 42
1.101468e-06 1
4.040963e-07 1825
4.767511e-06 1
2.919393e-05 124
1.418514e-05 1
1.101902e-05 1
5.882491e-06 7
2.262990e-05 2
1.773311e-05 1
2.550242e-05 1
1.836753e-05 1787
2.839697e-07 1
3.226966e-06 1
2.597701e-06 1
4.436096e-06 1
1.316939e-05 26973
2.380498e-05 62576
8.264650e-08 1
2.241519e-06 1
2.377542e-05 1
6.522083e-06 1
1.353928e-05 1840
3.877078e-06 6
5.286423e-06 143
1.701473e-05 6
3.974729e-06 1
4.510178e-06 1517
4.248444e-05 259
7.675187e-06 1
6.986486e-06 1602
3.395562e-06 2
2.468856e-05 4
2.243865e-05 2
1.861310e-05 1389
1.731670e-05 65996
7.948110e-06 1
2.367965e-05 1
1.059171e-06 1
7.905976e-06 3
6.526588e-05 2
1.136392e-05 2
1.093392e-05 1
5.789284e-06 1
2.630605e-05 823
1.434760e-06 12
2.284655e-05 6
6.872486e-06 1
2.059436e-05 1
4.795062e-05 1
7.911003e-06 1
5.189992e-07 3
1.138893e-05 1
1.256732e-05 1
2.327100e-05 1
6.671825e-06 1
1.001282e-05 3
2.297629e-05 1
8.701091e-06 1
6.584475e-06 4
6.135876e-06 1
8.194383e-06 83
1.782843e-05 4
6.960110e-06 1
7.194561e-06 1
1.836002e-05 1800
3.174150e-06 1
1.665575e-05 1
1.051633e-05 254
