3.201791e-05 1
7.766034e-07 2
9.097868e-06 3
5.625127e-06 2
2.162169e-06 1726
6.146975e-06 1
9.617848e-06 102
1.513045e-05 1
2.609695e-06 1
2.878140e-07 1
1.826960e-07 1
1.954250e-05 1
7.611695e-07 160
1.767819e-05 1
2.287135e-05 1
3.031002e-05 1
8.715003e-06 3
2.201719e-05 3
4.194472e-07 172
1.894773e-05 3
1.183228e-05 4
1.766252e-06 2
3.146393e-05 2
4.131868e-06 93
1.097888e-05 2
1.443391e-05 3
1.748622e-05 1
4.457892e-06 1
7.193323e-06 233
2.567527e-05 73
8.590506e-06 1
5.463252e-06 1
3.295920e-06 1
6.147752e-07 1
2.328213e-06 1
1.021468e-05 1
4.893401e-06 2
1.466051e-05 119994
1.632653e-05 1
2.336347e-05 109
2.233460e-06 260
7.239000e-06 2
1.334399e-06 1
3.813272e-06 49081
2.833487e-05 1
3.104501e-06 174
5.430940e-06 1
5.711184e-07 1
1.448539e-06 4
6.977818e-07 1
2.429122e-06 1
1.545730e-06 1
3.126602e-05 35
8.639510e-06 1
1.862288e-06 1
1.151166e-05 1
3.700037e-06 1
2.695105e-06 2
2.590087e-05 1
1.813061e-05 2
1.616723e-06 1
4.676631e-07 1
2.744452e-05 178
8.358680e-06 3
1.017474e-05 3
3.705716e-06 1
1.394823e-06 1
3.376226e-06 1
1.380813e-06 1
8.290712e-07 3
3.451359e-06 1
1.112669e-05 1
1.429837e-06 1
5.495871e-06 2
3.270522e-08 1
5.150636e-06 5
4.469723e-06 192
1.625030e-06 1
1.489344e-06 1
9.133741e-06 1
2.141168e-06 7
5.799383e-06 1683
1.680685e-05 50931
2.052180e-05 1
3.415645e-05 1
9.497337e-06 5
5.603514e-06 1
8.138632e-06 1
2.483273e-07 3
1.334646e-05 1
3.817624e-05 1
2.223728e-05 3
1.394914e-05 1
6.824747e-06 7
7.297329e-06 1
1.598342e-05 1
7.909814e-06 3
5.029783e-06 1
1.050867e-05 3
1.467120e-05 1
6.822479e-06 3
9.552807e-06 1
1.678887e-05 1
4.650448e-06 1
2.169221e-05 1
1.265949e-05 57245
3.473632e-06 3
4.869114e-06 1
6.248626e-06 267
2.415998e-06 102
1.847978e-05 1
5.555973e-06 1
3.722910e-06 4
8.322307e-06 1
1.925314e-05 1
5.419374e-06 1
1.321285e-05 1
2.409037e-06 1
2.695622e-06 860
3.481397e-05 2
6.016652e-06 3
9.587332e-06 1
3.528633e-05 1
9.693713e-08 2
8.095263e-06 1
6.003878e-06 1991
9.143948e-06 8
1.548645e-06 1
1.274836e-05 1
1.849778e-05 1
6.102571e-06 40
1.723944e-06 1
2.024185e-05 6
6.441330e-06 6
5.680235e-05 3
5.872318e-06 1
3.415272e-06 1
2.267784e-07 719
3.587830e-05 1
2.127629e-06 6
2.998413e-05 1
1.454710e-05 1
1.425103e-06 1
1.645442e-05 4
4.504906e-06 1
7.686891e-06 1
9.965979e-07 1
1.481837e-06 1
3.017201e-06 2
3.782845e-06 3
8.508477e-06 2
6.897935e-07 3
7.486272e-06 1
1.231861e-05 4
1.299897e-05 1
7.362285e-06 3
2.213331e-06 1
6.522253e-06 1
6.238553e-06 1
3.068584e-06 1803
2.789117e-07 4
6.258381e-06 35960
2.639724e-06 2
3.332816e-06 1
3.597565e-06 6
2.971206e-06 1
1.014994e-05 1
5.123028e-06 1
1.069137e-06 3
1.495893e-05 4
1.801839e-05 1
3.181492e-06 1
3.201933e-05 48
6.334364e-06 2
5.033936e-06 1
1.373137e-05 1
1.673943e-06 2
2.197704e-06 1
9.327032e-06 1
6.049791e-06 1
2.635988e-06 2
3.197480e-06 1
2.749188e-06 554
6.213781e-06 1
2.121069e-05 136
3.114230e-06 1
4.862126e-06 1
1.180950e-05 1
7.422272e-06 1
1.470700e-05 1
1.646136e-05 2
1.682829e-05 1
1.002343e-05 3
1.719608e-07 1
9.072490e-06 1
6.384339e-06 5
1.080815e-05 2
1.147031e-05 4
7.748590e-06 912
1.677315e-05 4
6.432369e-07 5
1.112918e-05 1
1.066998e-06 1
1.183580e-05 3
1.294473e-06 251
2.447696e-06 1
7.695508e-07 4
5.015422e-06 2
6.354641e-06 1
1.853752e-05 228
1.243849e-05 1
1.055021e-05 7
1.386284e-06 1
2.515390e-06 3
3.359792e-07 1
4.787430e-08 16887
1.054801e-05 7
3.925392e-07 2
1.952304e-06 25118
7.228088e-06 7
1.406560e-07 1
7.530195e-06 3
1.981371e-06 5
6.097782e-06 1
1.836565e-05 3
1.227425e-05 5
4.036738e-06 2
9.297527e-06 1
2.251990e-05 1
4.426484e-06 1
2.437595e-05 1
8.621557e-06 2
1.251582e-05 1
9.464439e-06 1
6.374903e-06 1
2.975011e-06 1
4.685562e-06 1
4.620035e-05 27
2.766197e-06 4
7.467426e-06 7
3.559666e-05 592
1.055091e-05 1
4.648085e-06 3
2.680124e-05 2
1.076072e-05 1
1.005111e-05 20
2.854021e-06 1
1.159552e-06 1310
2.439944e-06 3
2.218397e-06 2
1.895319e-05 6
6.775644e-06 18
1.916975e-06 1
5.306291e-06 4
8.492022e-07 143
5.366725e-06 1
5.375561e-06 2
7.418253e-06 1
1.028371e-06 1
1.314062e-06 1
2.765410e-05 1
2.815960e-05 1
1.157589e-05 316
4.037634e-05 1
1.255739e-05 3
2.676031e-06 1
9.157284e-06 1
9.306568e-06 2
9.463236e-06 1
2.391336e-06 2
8.420914e-07 1
2.389788e-05 1
7.141123e-06 363071
2.682438e-06 3
3.583142e-06 34414
1.285467e-05 329
1.043464e-05 2
4.337641e-06 1
1.316254e-05 204
7.744522e-06 1
6.191839e-06 1
1.703460e-05 1
9.765468e-06 1
6.239827e-06 1
5.950890e-05 1
2.083467e-05 52762
6.157116e-06 1
1.296902e-05 64238
1.809436e-05 1
3.824438e-05 1
8.101217e-06 1
3.890221e-07 1
4.738428e-06 983
2.027414e-06 1
1.082170e-05 1
6.510567e-06 1
7.393622e-06 1
3.209155e-06 21664
5.559953e-06 170
4.456492e-06 5
2.698150e-06 1
3.865182e-06 1
1.898470e-05 1
1.048265e-05 184
1.908939e-05 3
9.890442e-06 4
1.912470e-06 104
4.349527e-06 99
9.480638e-06 1
2.368718e-05 14237
3.746691e-06 2
1.165213e-05 1
1.768861e-05 1020
8.866208e-06 1
7.840671e-07 2
1.246193e-05 112
3.052535e-06 195
6.611761e-07 1
3.210079e-06 1
6.081682e-06 1
1.787223e-07 57
1.971175e-06 3
5.265289e-07 1555
1.729568e-05 1
4.628235e-05 1
1.123900e-06 1
2.506956e-06 3
6.512767e-06 1
5.057307e-06 1
1.141677e-06 1
1.339431e-05 1
2.746807e-06 2
2.501236e-05 64667
3.217359e-07 3
2.366356e-05 1
1.805235e-05 1
2.088176e-06 1
7.006364e-07 1
2.738806e-05 1
9.082816e-06 1
2.882542e-07 1
2.710802e-05 214
7.998663e-07 3
3.891190e-07 7
3.548019e-06 7
1.943151e-06 1
5.533394e-06 15417
8.273390e-06 1
1.374206e-05 1
3.407349e-06 1871
4.840901e-06 5
3.405318e-06 1
1.208535e-05 193
1.584359e-06 1
6.827157e-06 1
2.227374e-05 1
9.199060e-06 184
4.996791e-06 1
1.769461e-06 1
2.065613e-05 25959
4.584062e-06 940
3.749634e-05 1
2.042337e-06 2
1.095182e-07 1
7.106641e-06 2
2.256517e-05 1
2.351504e-06 1
2.045969e-05 49888
2.557468e-05 1
2.329785e-05 1866
4.308816e-05 7
2.699693e-06 2
4.585455e-06 2
1.887982e-06 222
1.520377e-05 1
6.068998e-06 3
3.644932e-06 1
5.789917e-06 2
6.969769e-06 2
2.741816e-06 4
8.572954e-07 3
5.378197e-06 3
2.299928e-06 1
1.792390e-05 1
1.215571e-06 73
1.519324e-06 1
6.498004e-06 1
3.536448e-06 1
2.548190e-05 1
1.950634e-05 1
1.303219e-05 1
3.412302e-06 5
3.630510e-06 1
4.484045e-06 4
8.482111e-06 29626
1.711607e-05 1
8.481086e-07 1
8.878695e-06 1918
3.007990e-07 1
4.600898e-07 7
1.888802e-05 3
5.210352e-06 195
4.846500e-06 3
1.088208e-05 1
1.283907e-05 86
2.732806e-06 26
1.740399e-06 1
1.384851e-05 1
2.004078e-06 1
2.885046e-06 1684
1.565271e-06 2
4.173132e-06 1
1.082939e-05 1
1.068460e-06 1
1.768672e-06 1505
2.861468e-06 5
1.125329e-06 1
1.172060e-05 3
1.756440e-06 226
5.723704e-06 6
9.382588e-06 63437
1.447108e-05 31526
7.165499e-06 3
7.240973e-06 1
6.789697e-06 1
8.411935e-06 1
9.843285e-06 2
1.440738e-05 1
2.133400e-06 3
1.078459e-05 1
1.774637e-05 1
1.135224e-05 28655
1.603087e-05 1
1.128549e-05 2
3.813009e-06 1
4.401311e-07 1
1.719296e-05 4
1.182705e-05 125
6.065161e-06 5
3.363559e-06 6
1.694158e-05 1534
1.839899e-06 1
6.772328e-07 95
1.512318e-05 2
1.443641e-05 1
8.857203e-06 3
1.144247e-06 1
1.377717e-06 131
2.322465e-05 6
1.463328e-05 6
1.949613e-05 1
1.088088e-06 1
1.007125e-05 97
5.231327e-06 1
8.798819e-06 1
6.186211e-06 1
3.042970e-06 1
4.409862e-06 1
2.523200e-06 219
2.509382e-06 1
2.635990e-05 2
1.911875e-06 1
6.862007e-06 1
1.634951e-06 2
5.519648e-07 1
2.925500e-07 3
3.902058e-05 1
3.348053e-06 55466
2.016122e-05 5
3.432152e-06 2
1.827162e-06 1
9.827472e-07 265
1.367847e-06 2
3.798354e-06 1
5.711016e-06 7
1.923326e-05 2040
1.805597e-06 1
6.667427e-06 1
2.842817e-07 1
1.435661e-05 689
1.128026e-06 3
4.864187e-06 2
6.159509e-06 3
9.181583e-06 5
2.306789e-05 2012
6.972243e-06 1
1.947087e-05 1
7.057589e-07 4864
2.703253e-05 3
1.618500e-05 1
3.618329e-06 1
2.045928e-05 6
1.543858e-05 45
7.367386e-06 3
1.523216e-05 120
8.973680e-06 1260
1.374624e-05 2
5.907510e-06 1242
1.850418e-05 204
2.330620e-06 1
6.371501e-06 1
3.637016e-06 3
1.973571e-05 1
1.611719e-06 1
3.497374e-06 1
2.391988e-05 3
5.307618e-06 1
2.040084e-05 1
2.858338e-06 56682
1.869133e-05 307
3.921826e-06 7
8.092180e-06 1
5.915747e-07 5
3.695581e-06 1
4.170814e-06 1
2.777477e-05 1
2.275006e-06 1
1.027319e-05 2
2.770711e-06 1
4.619542e-06 395
4.548002e-06 1
9.372971e-06 1
6.751122e-06 2
3.948067e-07 2
1.144206e-05 1
8.121339e-06 7
1.124800e-05 2
9.921511e-07 6
3.613292e-06 467632
7.557725e-06 2
1.285261e-05 218
1.052960e-05 3
5.134777e-06 1
1.771432e-05 1370
2.098983e-05 41
8.684123e-06 1
1.383791e-05 1
8.707894e-07 1
5.380390e-06 2
2.146477e-06 82
4.873447e-06 2
9.979679e-06 1
1.555555e-05 33
2.650898e-06 1
1.383108e-05 3
4.898159e-05 179
2.073345e-05 1
8.058103e-06 1
8.322368e-07 1
2.371316e-06 1
1.458691e-06 3
3.541834e-06 1
1.741065e-05 6
2.312528e-06 5
4.421137e-08 102
3.333237e-06 1
4.121802e-06 4
8.810364e-06 1
3.202283e-05 1
1.712125e-06 24685
1.305231e-06 1
6.963725e-06 1
8.287915e-06 1
4.918148e-07 1
3.435661e-06 3
6.577333e-07 3
5.931061e-06 1
9.931833e-06 1
1.552746e-05 116
6.153953e-06 1
2.407914e-05 133
8.033420e-06 1
4.138687e-06 1
1.803589e-05 1
3.117257e-05 1
1.003150e-05 1
1.295740e-06 1
1.410282e-05 1
2.470195e-05 135
3.603032e-06 2
1.488257e-05 1
4.058185e-07 1
4.108038e-06 3
5.434234e-06 1
4.527522e-07 1
3.647441e-06 104
1.199465e-06 5
1.097349e-06 6
4.039787e-05 7
4.025408e-06 1
4.145667e-05 1
2.828847e-05 1
5.664602e-06 4
1.053028e-05 1
2.247173e-05 1
6.475442e-06 1
2.582367e-06 59193
3.698233e-06 1
7.360941e-06 1
1.936172e-05 1
3.608303e-06 1
1.832912e-06 2
1.916195e-05 592
2.089036e-06 161
2.433746e-05 1
7.576064e-07 1
1.223595e-05 1
5.468995e-06 9
3.729106e-06 1
4.480884e-06 108
1.036707e-05 6
3.852566e-06 1
9.342338e-07 1
2.077919e-05 3
6.182804e-06 1
1.660959e-05 1
2.547090e-06 1
4.783215e-06 2
4.652730e-06 1
1.059711e-05 5
3.420116e-05 2
9.973904e-06 1
7.238945e-06 1
2.214740e-05 247
1.309126e-05 2
2.281088e-05 1
1.559960e-05 2
1.247234e-05 1
3.139880e-06 1
1.087482e-05 462559
1.553353e-05 3
4.093681e-06 1
2.754003e-05 6
1.509585e-05 1
4.382997e-06 5
4.684958e-06 5
9.022100e-06 60
1.010693e-06 3
2.436426e-06 201
1.076249e-05 1
6.271951e-07 1
6.335949e-06 1
8.127243e-07 7
1.038315e-05 1
2.150182e-05 1
3.677772e-06 66
8.053879e-06 4
1.461722e-05 160
3.225563e-06 3
9.253827e-06 46060
3.174437e-07 171
1.894168e-06 2
6.280106e-06 48878
1.760298e-05 1
5.790200e-07 10
3.035555e-06 2
5.968146e-06 7
2.013168e-07 16086
1.236939e-06 170
4.848056e-06 861
3.355766e-07 1
7.520677e-06 2
4.130045e-06 3
4.587265e-06 207
4.154927e-06 6
5.603326e-06 77
8.859076e-06 1
2.579139e-06 1
1.621631e-05 1
1.612142e-06 3
8.859726e-06 227
8.358774e-06 1
5.307935e-07 222
2.238164e-05 21
3.226161e-05 17
7.877484e-06 1
1.147877e-05 206
7.240107e-06 141
5.722680e-06 1
6.460141e-06 263
2.942203e-06 1
3.669946e-06 3
2.582558e-06 9223
6.805218e-07 4
9.885175e-07 1
5.262493e-06 3
5.939955e-06 2
6.549993e-06 1
1.791704e-06 184
2.414024e-05 1
2.363428e-06 15646
5.489448e-06 320186
1.365305e-06 1
4.855538e-06 1
2.776838e-06 5
5.698337e-06 1
7.679488e-06 1
1.815705e-06 62524
3.059445e-06 1
1.612585e-05 1
7.495255e-06 1
8.761758e-07 1
8.247223e-06 1
6.878965e-06 1
7.622168e-07 1
5.129659e-06 1
1.412054e-05 1
2.872857e-06 1
2.936411e-06 1
9.497184e-06 7
3.749320e-06 30097
2.031526e-06 7
1.009479e-06 2
3.511318e-05 2
1.913107e-05 7
3.153162e-07 65
1.227782e-05 2
3.352508e-05 184
2.684206e-05 1
5.205338e-06 3
1.019255e-05 18198
2.268482e-05 6
6.190809e-06 1
6.289247e-06 63965
2.805862e-06 7
9.635128e-06 3
1.067390e-05 231
1.964907e-05 48333
6.159389e-06 1
2.777331e-05 1
1.632532e-05 5
1.515931e-05 1
1.432860e-05 1
2.535367e-06 1
1.240804e-05 1590
1.092605e-06 2
5.316210e-06 56
5.492860e-06 2
1.658397e-05 1
1.122131e-05 2
1.980720e-05 2
2.794452e-07 2
7.760435e-06 4
4.415973e-06 1
1.093845e-06 1
3.438686e-05 1
3.630920e-06 6895
3.447045e-06 2
2.956912e-06 2
2.518260e-05 1
2.013832e-05 1
1.549455e-05 1
3.438595e-05 1
1.651019e-06 1
1.942809e-05 7
1.058047e-06 1
1.298631e-05 3
6.014479e-07 1
1.610493e-06 1
4.523256e-06 1
1.791203e-06 1
7.127711e-07 1
1.465913e-05 1
1.966561e-06 3
1.663463e-05 1
1.060927e-05 82
9.713730e-06 1
3.131177e-06 56907
2.635853e-05 1
5.929265e-06 1
3.726175e-06 3
2.351231e-06 1
8.174527e-06 2
1.149833e-05 2
5.637908e-06 6
8.748429e-06 44071
7.229496e-06 1
3.327358e-06 1
2.618920e-05 3
4.554314e-06 1
8.662920e-06 22083
1.157287e-05 1
6.152187e-06 1
3.093416e-07 1
3.754571e-06 1
6.375405e-06 1
2.823466e-07 1
2.951923e-06 1
1.412758e-05 1
2.288227e-05 185
1.004011e-06 7
1.171648e-05 1
2.440149e-06 1
1.119822e-05 5
6.215359e-06 10070
2.074988e-05 5907
6.457615e-06 5
1.371911e-06 214
5.325901e-06 20993
2.701957e-06 146
1.506578e-05 1844
1.127085e-06 142
9.765397e-06 1
1.097506e-06 4
1.097652e-06 22
7.157618e-06 7
8.896625e-05 1
1.269828e-06 1
1.903411e-05 1
5.755567e-06 1
5.680399e-07 1
1.190236e-05 140
1.030628e-05 1
3.202520e-06 2
3.313625e-05 1
1.651323e-06 5
3.963217e-06 1
2.011254e-07 1
4.193352e-06 1
8.140598e-06 89
7.336819e-07 1
2.158805e-05 1
1.335727e-05 1
4.403017e-06 5
3.697214e-05 42659
9.106899e-06 3
1.777889e-05 1
9.353893e-07 3
5.618746e-06 1
1.944160e-05 1
6.004716e-06 3
5.694241e-06 1
1.112855e-06 229
1.002837e-05 1
9.090669e-06 1679
2.214108e-05 1
3.900746e-06 2
2.620957e-07 1215
4.702273e-06 1
1.868085e-05 1
5.155952e-06 3
5.492656e-06 1
1.790439e-06 1
9.777791e-06 125
3.850678e-06 3
3.723391e-06 1
4.021150e-06 1
2.737801e-05 1
1.017130e-05 53859
1.659223e-07 2
4.894841e-06 5
3.488237e-06 2
7.536731e-06 1
6.837510e-06 6280
1.487513e-05 2
2.318419e-05 1
1.344286e-06 1
5.711033e-06 32736
1.610011e-05 1
1.605173e-06 1
2.612717e-06 1
1.077728e-05 2
1.102583e-05 28376
3.331934e-06 61
2.942544e-05 2
3.750980e-06 1
4.078163e-06 1
1.916542e-05 2
4.896179e-06 2
1.743141e-05 1
4.957717e-05 1
1.184016e-05 6
6.539264e-06 1
2.702947e-05 29
1.164251e-05 6
4.001636e-05 3
2.191984e-05 1
8.285126e-06 1
2.743383e-07 87
2.106762e-06 7
2.627820e-06 3
1.465915e-07 2
2.609519e-05 1
1.033634e-05 1
3.778051e-06 7
3.288377e-06 1
3.700398e-06 246
2.982941e-05 422
5.190624e-06 3
8.857567e-06 1
3.207576e-05 1
3.858561e-06 294
1.917409e-05 1
2.263024e-05 1
3.557839e-06 2
4.064952e-06 1159
1.753817e-05 1
3.379788e-05 5
1.411506e-06 1
2.088476e-07 1
1.589822e-07 2
5.290626e-07 2
6.476307e-07 190
2.616278e-06 1
2.136091e-06 3
3.198578e-07 1
1.795097e-05 246
1.839894e-07 1
1.266627e-05 1
2.516076e-05 6
1.184744e-05 1
5.066133e-06 26
4.350084e-06 1
4.686516e-06 2
1.774528e-06 4
8.573406e-06 6
3.688532e-06 1
4.506870e-06 46
2.049986e-06 2030
7.346999e-06 1
1.370964e-07 1
3.286744e-06 1
1.948353e-05 2
2.179521e-05 1
2.681056e-06 564
8.747643e-06 1
3.034244e-05 1
1.508881e-05 1
2.179429e-05 1
3.543798e-06 3
2.065112e-06 1
5.706116e-06 1
4.587311e-06 1
6.989419e-07 2
1.427581e-05 1
3.231247e-06 2
2.341562e-06 1
2.022575e-05 1
6.236465e-06 110
1.037464e-05 1
8.822815e-07 2
2.598832e-06 1
2.483810e-06 1
6.233021e-06 4
4.900086e-06 1
1.297220e-05 175
9.016555e-06 2
4.767684e-06 1
3.055622e-06 1
4.882056e-06 332045
2.832015e-06 4
1.827565e-06 221
1.872966e-06 6
1.281184e-05 1
1.010050e-05 1
2.278530e-05 3
1.046440e-05 1
7.545386e-06 1
3.608820e-06 1
3.470882e-05 2
1.697510e-05 1
1.128311e-05 6
2.896804e-06 2
3.571720e-06 1
7.124389e-06 1
5.280068e-08 204
5.587836e-07 2
1.571781e-05 1
4.796375e-06 1
9.379333e-06 1
7.290993e-06 1
2.926948e-06 1
2.113947e-05 3
5.744872e-06 3
2.632211e-05 7
7.582819e-07 1799
1.176424e-05 1
3.188073e-07 2
1.703023e-05 6
1.254617e-06 7
1.683008e-05 2
2.101876e-05 1
9.959478e-06 118
1.773028e-05 4
1.119067e-06 5
1.121494e-05 1
1.810981e-07 7
6.352969e-06 1
7.428080e-06 1
1.506167e-05 3
2.799786e-06 1
4.750756e-06 153
1.301718e-05 1
4.856568e-06 3
1.663786e-05 4
1.576265e-05 1581
1.658080e-06 6
3.162976e-06 3
4.802428e-06 6
2.091702e-06 4152
1.185306e-06 2
9.932996e-06 1
1.198733e-05 17597
2.275875e-05 1
2.021911e-06 2
1.027493e-05 3
6.815168e-06 196
5.991334e-05 1
6.226256e-06 5
6.329832e-06 1
2.090217e-05 234
1.191439e-05 1
2.222911e-06 3
2.820909e-06 1
2.545743e-05 239173
5.667219e-06 4
1.588502e-05 1
6.823502e-06 113
2.460288e-05 1
2.433623e-05 7
2.064909e-06 171
2.058424e-05 1574
2.859042e-06 1451
6.664226e-06 2
1.114818e-05 49155
4.027712e-06 1
1.076055e-05 1
2.428031e-05 1
1.506650e-06 1
8.591575e-06 2
5.426218e-06 3
1.142782e-05 1
2.839606e-07 3
8.595267e-06 1
3.700465e-05 1
2.820832e-07 1
1.429722e-05 1
3.846560e-06 3
9.123527e-06 1
4.808810e-06 2
1.443407e-05 17512
2.783038e-06 1
6.782686e-09 15
3.557767e-06 1
3.125597e-05 3
6.728969e-06 1
2.769428e-05 2
8.947700e-06 1
8.580508e-06 1
9.337527e-06 597
5.616450e-06 260
3.317790e-06 2
3.949480e-06 1
1.138056e-05 1
3.506488e-05 1064
4.589682e-07 3
1.780220e-06 1
8.845103e-06 4
1.119937e-05 5
3.629615e-06 1
6.808655e-06 1
1.146446e-05 1
7.336652e-06 1
9.642853e-06 1
7.133938e-06 7
5.433925e-06 261
3.908544e-06 225
5.042282e-06 1
6.619134e-06 1876
3.629668e-07 1
1.855458e-05 3
8.022123e-07 1
2.960033e-05 2
5.691876e-07 1
4.188543e-06 100
1.503475e-05 2
2.222686e-05 304
1.150588e-05 6
2.174536e-06 1
2.356655e-05 5
5.644545e-06 91
7.099061e-06 6
1.167041e-05 1
1.361723e-05 1
7.553754e-06 3
1.936649e-05 1
9.848594e-06 7
1.483884e-05 28
1.855364e-06 1
5.193221e-06 2
4.439927e-06 122
4.973581e-06 1
1.241553e-05 1
1.789727e-05 1
6.176432e-06 5
4.500632e-06 1
1.108191e-05 1
6.407577e-06 1
2.161879e-06 1
4.761489e-06 2
5.859478e-06 1
5.539546e-06 1
1.500797e-07 1
4.267537e-05 1
5.750153e-07 12
5.902501e-06 64864
4.443650e-06 1
5.605674e-07 73
3.312910e-06 2
3.597883e-06 1
1.191761e-05 1
5.852191e-06 4
1.951103e-06 1
2.033228e-06 1
2.707422e-06 10
6.621399e-06 368258
9.103497e-06 1
5.208044e-06 3
6.411760e-06 59806
2.880780e-06 1
3.457166e-07 1
3.304891e-05 2
1.157820e-05 3
2.030068e-06 1
1.752136e-06 4
1.227588e-05 1
8.720721e-07 1
9.914152e-06 2
9.932168e-06 1
1.135549e-05 1
1.961025e-06 1
4.138431e-05 1
1.724651e-05 1
2.511082e-05 1
8.632464e-06 1
7.588150e-06 6572
1.884584e-06 169
4.613068e-06 1
1.555655e-05 4
2.156805e-05 1
3.018368e-06 101
6.159623e-06 3
7.302729e-06 1
9.880281e-06 1
1.432996e-05 1
1.252560e-05 1
6.659026e-06 22
8.439166e-06 1
9.161537e-07 1
4.830442e-06 1
1.046264e-06 1
3.775117e-06 3
6.890588e-06 4
1.620246e-05 3
8.819892e-07 1
5.053108e-06 1
9.416773e-06 1
8.618535e-06 61258
6.523665e-06 192
9.718205e-06 1
6.989417e-07 1
1.139728e-06 4
6.242360e-06 3
2.768317e-06 2
8.035532e-06 1
1.191982e-05 1
2.859203e-05 1975
2.052895e-06 1
1.124525e-06 1
3.012350e-05 1
9.361042e-07 1
2.974361e-06 806
6.178747e-06 1
6.806139e-06 5
1.144964e-06 3
4.175627e-06 182721
1.594257e-06 85
9.436616e-07 3
1.128331e-06 7
4.239133e-05 1
7.710904e-06 3
2.933490e-05 22
1.816983e-05 1
1.613667e-05 1
2.279627e-06 3
5.042160e-06 1
2.008177e-05 1
2.338814e-06 1
1.093636e-05 1
1.433513e-06 1
1.364162e-06 2
1.906083e-06 3
6.114668e-06 1
1.310038e-05 6
6.248940e-06 1
8.603985e-06 1
5.154287e-06 1
1.022778e-05 14244
2.174175e-06 1274
1.218714e-05 65816
4.050530e-06 1
1.122211e-05 1
1.294275e-06 1
9.029742e-07 3
1.731897e-05 3
2.639771e-05 1
3.635894e-06 3
1.615796e-05 214
3.892858e-06 2
1.397844e-05 1
1.166003e-05 2
1.183178e-05 4
1.277529e-05 1
6.954657e-05 2
3.266916e-06 1
1.913344e-05 1
1.233362e-05 1
5.936559e-06 1
3.257610e-06 1
8.753770e-08 1
4.036048e-06 126
1.168369e-05 2
2.656759e-05 1
1.309474e-05 25
3.767217e-06 1
2.803489e-06 3
9.324440e-07 1
4.954700e-06 1
2.669391e-05 1
9.696047e-06 1
9.081371e-06 1
1.984490e-05 7
8.066077e-07 1
4.421574e-06 1
3.086883e-06 1
1.921783e-05 1
1.034437e-05 1
2.080444e-05 1
9.869800e-06 1
7.426132e-06 176
5.123600e-06 2
6.892441e-07 1
2.965310e-05 95
1.746560e-05 1
2.558477e-05 3
4.274091e-06 3
7.034482e-07 1
9.105707e-07 1
1.041707e-05 1
1.191380e-05 1
3.734248e-05 3
2.531052e-05 1
2.925726e-05 104
1.249399e-05 1
2.206366e-06 164
1.163891e-05 3
8.139381e-06 1
9.171123e-06 2
5.956753e-06 3
1.104831e-05 1
2.453926e-06 5
2.167642e-06 1
1.108880e-06 15426
8.254542e-06 1
9.720186e-06 1
6.322194e-06 1
8.177884e-06 273
7.132596e-07 2
1.879357e-07 1
1.575987e-06 2
8.802177e-06 1
2.287344e-05 1760
1.091683e-06 3
1.975420e-06 76
8.124114e-06 1203
2.668450e-07 252
4.628336e-06 1
5.282734e-06 3
5.971837e-06 1
1.893793e-06 1
1.128541e-05 1
1.320009e-07 3
1.481120e-06 2
7.705259e-07 2093
3.095920e-05 3
5.837830e-07 1
4.904970e-06 3
7.319880e-06 3
2.765815e-05 1
1.071243e-05 2
3.829736e-07 6
1.662050e-05 1
1.340276e-06 861
1.478809e-05 1
2.861997e-05 1
4.199238e-07 2
5.369776e-06 1
2.865362e-05 1
1.786810e-05 2
6.990912e-07 700
6.383657e-06 1
2.624938e-05 54660
5.009379e-06 1
8.986179e-07 172
2.860932e-05 1
6.365887e-06 1
2.635449e-06 146
6.173542e-06 1
1.919895e-05 3
1.153080e-05 3
9.890212e-06 1
1.287915e-05 1
1.192190e-05 1
2.505047e-06 1
2.053340e-05 256
3.300393e-05 3
3.406377e-06 1
1.275169e-05 1
6.661495e-06 1
2.423626e-06 6
7.870187e-06 1
1.636738e-06 1
1.719357e-06 1
7.959020e-06 19096
3.647507e-06 77
2.114201e-05 2
8.806803e-06 1
1.106018e-05 1
1.548500e-05 201
7.287345e-06 3
1.800078e-05 266684
4.883294e-06 1
3.104532e-06 1
2.607081e-06 1
2.059438e-06 1
1.368211e-07 1
1.079658e-06 6
3.399925e-06 1910
5.463359e-06 65
2.079472e-05 1
8.077170e-06 157
1.724319e-05 1
1.322058e-05 1
1.297940e-05 1
1.230986e-05 4820
1.764280e-05 1
8.201301e-06 2
2.526044e-06 218
3.025834e-05 1
2.006336e-05 2
1.534583e-05 1
8.525275e-06 1
1.628490e-05 202
1.330450e-05 1
4.249179e-07 3
1.393790e-06 1
5.395961e-06 31
4.590484e-05 5905
1.768472e-05 1
1.126768e-06 4
1.146927e-05 932
4.062516e-05 1
1.710439e-06 1
7.382483e-06 1397
1.387502e-05 2
5.408462e-06 1
8.315750e-07 3
5.505255e-06 1
7.359628e-07 1
1.822109e-05 61447
1.486918e-05 7
5.832743e-06 1546
1.670854e-05 3
7.868847e-07 1
1.730342e-05 1
7.866512e-06 1
2.720077e-06 1
1.436676e-05 672
4.610101e-06 1
5.312544e-06 1
8.047128e-06 6
4.141757e-06 1
8.987621e-07 3
2.064092e-06 1
2.800751e-05 1
8.914988e-06 1
7.419265e-06 1
2.068748e-05 2
5.512477e-06 104
3.892902e-06 612654
2.456028e-06 1
1.392316e-06 124
3.284236e-06 1
1.237580e-05 1
2.529816e-06 300
5.793455e-06 7
6.251923e-06 20430
5.378911e-06 1
7.968092e-06 262
5.102754e-06 1
6.476735e-06 258
2.506391e-06 2
1.745048e-06 7
1.110531e-05 1
9.724116e-06 1
1.133677e-05 1
2.061392e-06 5
7.318541e-06 2
7.030518e-07 1
3.046527e-06 1
8.566312e-06 1
6.636556e-06 1
2.875152e-05 7
1.172066e-05 1
2.085459e-06 1
1.847455e-05 66179
1.693241e-07 142
1.452225e-05 4
1.319223e-05 1
1.887813e-05 1
2.566361e-05 1
9.634550e-06 1
3.817372e-07 1
2.172387e-05 6
3.216872e-06 1
1.034218e-06 80
1.140875e-05 1
1.047909e-05 2
8.495179e-06 144
1.861711e-06 1
6.868165e-06 1
5.749342e-06 114
1.085928e-05 3
3.181809e-06 1
5.056266e-06 1
6.578567e-08 27565
1.852237e-05 1
7.526676e-06 522
2.258642e-06 1
2.204632e-05 172
8.129479e-06 11600
6.566554e-07 1
1.120425e-05 2
3.215899e-05 1
1.693232e-05 1
7.039289e-06 58
4.729490e-06 3
2.214092e-06 5
1.404419e-06 1
1.115795e-05 7
6.614356e-06 1
2.758572e-06 1
2.311315e-06 2
2.934809e-06 1
1.164250e-07 10772
1.587364e-05 1
5.004275e-06 152
2.239325e-05 1
1.802291e-06 2
1.813378e-06 2
3.146818e-07 146
1.778909e-05 1
4.111805e-05 2
1.372606e-06 3
1.510205e-05 4
1.988972e-05 1
9.084139e-06 1
9.310090e-06 3
2.249192e-06 1
8.084683e-06 1
3.485661e-06 1
1.121529e-07 2
7.371105e-06 3
2.086645e-06 1
2.021337e-05 4
8.868111e-06 1
6.783717e-06 1
1.305025e-05 1
3.333891e-06 4
9.273814e-06 2
9.517775e-06 475
1.227163e-05 2
6.077863e-06 1
4.239318e-06 2
1.521475e-05 1
8.615755e-06 1
8.694327e-06 1
4.958323e-07 7
9.595662e-06 1
2.486090e-06 2
2.022086e-05 748
6.184144e-09 1
5.719179e-07 1
3.194043e-06 3
9.618901e-06 3
2.578750e-06 1
1.425431e-05 1
3.087887e-06 1
1.733514e-05 189
4.430670e-06 1
2.262602e-06 1
2.431758e-05 1
3.915080e-06 7
7.076274e-06 1
1.117379e-06 1
7.637122e-07 6
3.915194e-06 3
1.473706e-05 1
3.705979e-06 1
4.601254e-06 1
1.547118e-05 2
4.934072e-06 1
2.041074e-06 2
1.443167e-05 2
3.167230e-06 1
2.534721e-05 1
7.080541e-06 1
8.119490e-07 188
6.341503e-05 1
3.316962e-05 1
5.649479e-05 1
1.610872e-05 2
1.617739e-05 2
4.751646e-06 3
2.623638e-06 1
9.820776e-06 1170
1.182227e-06 1
2.429822e-07 1357
4.252144e-05 2
1.039351e-05 93
1.374039e-05 1
2.151357e-05 1
1.873974e-06 2
3.588133e-07 177
6.394376e-06 6
6.653082e-06 185
1.679188e-06 1
3.051802e-06 26091
1.588017e-05 1
1.134734e-05 1
2.614853e-06 2
1.735714e-05 1
2.862439e-06 135
3.879271e-06 101
2.279452e-05 1
3.439933e-06 1
1.066780e-05 1
7.945954e-06 1
5.563573e-06 1
3.123600e-06 1
2.431013e-05 123
1.801330e-05 1
7.553460e-06 91
1.515258e-06 1
1.204155e-05 1
1.407216e-06 1
1.019994e-05 127
1.708771e-06 1
6.074082e-06 3
2.748474e-05 1
5.366891e-06 40
1.818593e-06 2
7.586796e-06 1
1.206660e-06 1
5.249056e-06 1
1.425204e-06 1
1.100957e-05 46688
4.498062e-06 35168
1.868964e-05 3
9.876046e-07 1
2.896938e-05 1
2.116893e-05 138
2.156765e-07 28033
1.039238e-05 146
2.545977e-05 1
4.864423e-06 4
3.159637e-06 1
1.798835e-05 1
7.158773e-06 1
4.357206e-06 1
1.392270e-06 205
5.603824e-06 103
6.178055e-06 4
1.409977e-06 170
1.344731e-06 1
2.751105e-06 1
1.445442e-06 50203
1.236081e-05 1306
7.006101e-06 1969
7.891588e-09 1
3.382987e-06 1
6.079421e-06 4
1.719352e-06 3
2.069971e-05 7
3.898424e-06 851
6.747899e-06 216927
1.062723e-05 1
8.073980e-06 1
2.420682e-06 3
2.118591e-05 3
1.233335e-05 3
1.213788e-05 2
4.255920e-07 1
2.921978e-07 1
3.577053e-06 1
1.588093e-05 1
1.301029e-05 6
7.168109e-07 1
1.106937e-05 218
1.732974e-05 6126
9.722232e-06 3
2.103479e-05 2
2.406033e-06 214
1.792077e-06 1
1.000377e-05 3
1.563557e-06 1
3.287573e-05 1
1.805266e-05 2
1.323221e-05 9283
5.946269e-07 3
3.963292e-05 5
8.191544e-06 1
3.520946e-06 1
2.316075e-06 1
1.076707e-05 2
2.008946e-05 1
5.000589e-06 2071
1.197567e-05 3
4.429151e-06 99
5.687021e-06 1
1.368650e-05 1
1.101619e-06 1
1.943508e-06 117
1.768287e-05 214
1.963555e-06 215
4.138017e-06 1
6.717497e-06 1
1.512693e-05 53032
2.714913e-06 1
9.457607e-06 4349
5.217738e-06 139
8.711804e-06 519
1.410201e-06 1
1.555784e-05 2
3.777825e-07 1
1.268348e-05 2
1.105304e-06 1
9.173696e-06 303
1.063678e-05 238
2.766252e-06 1
1.252848e-06 6
7.867074e-06 1
1.837577e-06 1
2.886910e-06 152
2.289628e-05 3
2.789290e-07 1469
1.995598e-05 2
7.371473e-06 2
2.216648e-05 1
2.589858e-05 1
4.047467e-06 4
8.485537e-07 6
5.899422e-06 44
3.553190e-05 1
2.728327e-06 1
4.106578e-06 1
1.600304e-05 3
2.700386e-06 120
1.190179e-05 7
1.660060e-05 2
4.354269e-06 1
4.727233e-07 1
1.396815e-05 1
6.878306e-06 1
7.338978e-06 1
8.274521e-06 5
9.297334e-06 3
2.283805e-05 1
8.601275e-06 255
7.424265e-06 123
1.519065e-06 1
1.159068e-05 3
5.780958e-07 1184
3.941284e-06 1
8.108304e-06 495
1.974167e-06 4
1.216085e-05 1
1.305812e-05 320
2.024646e-05 1
3.181582e-06 2
8.910037e-06 2
4.236739e-06 1
3.036503e-05 1
1.098228e-06 4
9.852421e-06 1
1.575748e-05 5
3.298273e-06 3
1.148621e-05 1
4.908129e-06 1
8.205964e-06 942
4.379097e-06 8
5.877845e-06 1
1.272302e-05 3
6.993573e-07 57
4.798903e-07 2
4.111786e-05 54538
2.056691e-05 227
5.540471e-06 4
9.747031e-06 1
7.084369e-06 261
9.833410e-06 1
2.437319e-06 2
7.298869e-06 1
2.349784e-05 52581
9.609869e-06 3
7.829641e-06 6
1.235931e-05 1
1.825054e-05 2
1.689587e-05 1
4.911076e-06 6
2.328992e-06 57898
2.509730e-07 33142
5.206177e-07 1
6.582730e-06 4
1.316424e-05 1
5.170045e-06 1
8.684496e-06 1
6.370426e-06 153
7.249502e-07 1
3.229472e-07 2
1.812186e-06 3
1.769217e-06 1
2.492048e-06 1
4.887809e-06 4
1.074671e-05 1
5.170012e-06 2
8.459217e-06 1
8.091937e-06 1
1.588659e-06 4
7.132544e-07 2
6.432410e-06 1
9.061906e-06 7
1.059993e-08 1
3.918627e-06 1
4.298009e-06 401
2.770331e-05 3
3.821479e-07 2
7.308143e-06 1
1.843646e-06 38193
1.304395e-06 24428
1.008262e-05 1
5.556091e-07 35237
3.345579e-06 1
1.753562e-05 2
3.552806e-06 362528
2.423871e-06 1
2.686421e-05 3
4.510056e-06 32698
1.065768e-06 225
1.197706e-06 243
4.110035e-06 1
1.999746e-06 442
4.583438e-06 1
7.983459e-06 3
8.786508e-06 189
5.359435e-06 1
5.610447e-06 74
3.059873e-05 3
3.985294e-06 1
2.060672e-06 1
8.100160e-06 6
1.403621e-05 94
7.162952e-06 1
5.885996e-07 1
1.436254e-05 163
6.815421e-06 1
1.882914e-05 1
5.900961e-06 204
2.196123e-05 1
2.499878e-06 255
1.657443e-06 4
1.483671e-05 1
3.482575e-06 192
4.231495e-06 1
3.016612e-05 1
4.086231e-06 135
4.568263e-06 2
3.899817e-06 1
4.017291e-06 54082
5.043192e-06 1
2.724652e-06 1
7.757513e-06 1
1.186358e-05 1
1.814367e-05 3
2.299926e-05 1
4.534857e-06 2
2.153423e-06 2
4.943148e-07 3
4.300415e-06 169
9.097616e-06 1
1.818316e-05 3
4.789859e-06 1
5.785720e-06 5
6.452743e-06 7
3.953331e-06 155
1.357225e-06 1
6.832876e-06 218
1.807795e-05 1
1.100398e-06 75
7.042269e-06 1
7.009698e-06 7
3.934672e-05 1
6.990067e-06 2
3.722182e-06 19557
1.000532e-07 7
6.585417e-06 1
2.028759e-06 106
2.219232e-05 4
6.613917e-07 1
1.858873e-05 1
3.725028e-06 1
6.085437e-07 1
3.649368e-06 4
1.131308e-05 5
2.130824e-06 1
8.590187e-06 1
1.102493e-05 28471
1.521996e-05 1
3.604293e-06 62867
8.656185e-06 243
1.170898e-05 3
2.311923e-06 173
1.282223e-06 1
4.048102e-07 1
1.664994e-05 1
6.244192e-06 188
3.391336e-06 1
5.215640e-06 3
1.062474e-05 1
3.714521e-06 2
1.260607e-05 3
1.081981e-05 179
1.162039e-07 1
2.478892e-05 997
2.004452e-05 1
7.683187e-06 1
7.585801e-07 3
8.577453e-06 1
3.722315e-05 1
4.656116e-06 1
3.730742e-06 1
1.215072e-06 1
1.295312e-05 1
1.191251e-05 1
9.381597e-06 1
4.503262e-07 140235
2.327389e-07 1
6.512524e-06 195
2.411484e-05 1752
1.660334e-06 1
2.849703e-07 2
7.332102e-06 1
5.570629e-07 182
2.828125e-05 1
9.759846e-06 48
9.858741e-06 1
1.481151e-06 23345
9.226831e-06 6
6.110269e-06 1
2.916869e-06 1
6.318182e-06 1
2.385186e-05 5
8.123270e-07 81
1.201500e-05 1
2.724624e-06 6
4.923338e-05 3
1.564312e-06 233
9.342759e-06 263
2.454223e-06 5
2.548810e-06 74
1.657695e-06 4
1.062172e-06 4
7.291532e-07 3
2.493859e-05 2
2.611743e-05 1090
2.947954e-06 1
3.645776e-06 1
1.445852e-06 3
7.013028e-06 6
3.727488e-05 138
1.026371e-06 2
2.643289e-06 2
2.204914e-06 1
1.158374e-06 1
3.526882e-06 1
3.919071e-06 3
6.832494e-06 3
1.934220e-06 1
8.951252e-06 6
2.804058e-06 1
1.550463e-05 1
3.900789e-07 3
7.043562e-07 1801
1.869542e-05 1
2.270824e-05 7
1.329607e-05 1
7.607032e-06 1
1.331038e-05 1
8.608533e-06 1
5.074247e-06 3
1.746796e-06 1
7.232037e-06 3
1.771515e-06 1
9.924352e-06 1
2.462985e-06 1
3.502731e-06 104
9.717332e-06 163
4.638445e-06 1824
1.699930e-06 3
4.294297e-06 1
1.541701e-05 34093
5.221478e-06 5
1.147569e-05 1297
1.493277e-05 1
6.044984e-06 1
7.881340e-06 46885
1.303087e-05 1
2.228950e-06 943
1.925484e-06 1
4.701213e-06 2
1.303603e-06 246
7.044489e-06 110
4.846104e-06 1
2.406550e-06 1
4.910497e-06 1
7.287727e-06 3
3.529249e-06 3
4.661434e-06 1
4.425012e-06 1
5.079377e-06 156
4.162116e-05 3
5.391874e-06 2
6.327036e-06 1
4.423795e-06 1
1.374482e-05 2
3.084083e-06 1
2.954118e-06 1
3.199150e-05 6
5.039498e-06 1
1.322702e-05 1
2.299701e-05 5
2.178403e-06 1
9.730328e-06 2
4.961739e-06 246
7.694610e-06 2
2.264398e-05 7
3.792732e-08 1
1.888494e-05 1
3.248071e-06 1
2.817058e-06 3
2.796464e-06 2
2.930830e-06 1
9.714031e-06 1
7.110267e-06 1
3.172643e-07 493546
1.801733e-06 1
1.167300e-05 3
1.383725e-05 3
1.723856e-06 1
1.481987e-06 1
2.905377e-05 280273
2.330804e-05 1
1.628325e-06 6
8.694685e-07 2
2.078674e-05 1
1.232003e-06 45594
4.871021e-06 2
4.110530e-06 1
1.349675e-07 1
1.730635e-05 3
5.951191e-07 1
1.072561e-06 34
9.983334e-06 4
1.309909e-06 1
5.414725e-06 1
2.535892e-06 1
2.647254e-06 3
6.653314e-06 3
8.089548e-06 1
9.221187e-07 2
2.960247e-07 183
4.811272e-06 2
6.199303e-06 227
2.251697e-05 2
3.320007e-06 5
6.171663e-06 34251
2.210122e-05 1
5.125688e-06 1
2.436690e-06 174
1.138919e-07 1
2.206369e-06 1
1.048951e-05 1
5.747689e-06 1
2.858539e-05 147
5.050705e-06 23962
6.034334e-06 1
7.919076e-07 1
7.677358e-06 2
9.057129e-06 1
9.312132e-07 2
3.132098e-06 1
1.762648e-06 1164
2.058185e-05 437
3.775540e-05 2
3.763775e-06 1
3.280101e-06 6
1.122965e-05 6
3.836253e-06 1
1.538526e-05 1
4.602358e-05 3
1.545063e-06 1
2.488394e-05 6
3.816597e-06 15076
9.631210e-06 6
2.770778e-06 1
3.918491e-06 1
8.300152e-06 1
1.652870e-05 1
1.556020e-06 1
1.187302e-06 42106
2.707212e-05 1
2.775194e-05 1
9.147729e-06 1
3.565540e-07 1
9.187348e-06 160
5.428250e-06 1
5.429419e-06 1
2.668432e-05 1
8.401190e-07 1
6.592249e-06 3
1.113630e-05 1
7.859146e-06 1
8.272697e-07 33916
1.676590e-05 7
2.118953e-06 3
1.033329e-05 1
2.901951e-05 6
7.253080e-06 1
4.954032e-07 1
1.151201e-05 1
5.629913e-05 57060
1.359201e-06 378985
4.772331e-08 1
3.727624e-07 62
3.828706e-06 1962
5.575621e-06 1
3.831099e-06 2
2.097764e-05 1
1.628370e-05 1
2.117527e-05 1
1.473618e-05 1
4.672731e-07 4
2.064197e-05 3
1.252107e-05 3
3.945252e-06 19901
1.260834e-05 1
6.325678e-06 3
1.161595e-05 265
3.491040e-05 1
1.499952e-05 1
3.253940e-05 1
4.366889e-06 254
1.459380e-05 3
5.467256e-06 4
2.490273e-05 1
1.414713e-05 1
1.016991e-05 7
4.079803e-05 2
4.907058e-06 1
2.176432e-06 6
2.223128e-05 39362
1.392217e-05 55096
9.319919e-06 241
3.186084e-06 1
9.787062e-06 1
7.865915e-06 523
4.345010e-06 1
2.336287e-06 1
1.530290e-05 1
5.289698e-06 3
7.587962e-07 3
2.197194e-05 1
4.030189e-06 2
1.395752e-05 2
2.885761e-06 3
4.338389e-06 6
6.141977e-06 5
1.005148e-06 1
6.811945e-06 1
4.437166e-06 4
2.240560e-07 1
4.117386e-06 3
6.501812e-06 1
1.282217e-05 1
9.482631e-06 1330
7.540010e-06 1
8.889353e-06 3
7.042108e-06 1
6.931326e-06 85
1.407235e-06 1
8.222681e-06 889
3.737924e-06 1
3.043030e-06 1
8.131534e-06 1
2.309517e-05 95
3.048881e-05 1361
1.444514e-05 1
4.164581e-06 1
5.459122e-06 1
1.046688e-08 1
3.303361e-06 1
5.622114e-06 4
1.329209e-05 1
1.106163e-05 1
2.473441e-06 1
4.270179e-06 1
5.195800e-06 1
2.391356e-07 266
2.926623e-06 1
7.331278e-06 1
1.309904e-05 1
3.891697e-06 1
1.976479e-05 1
1.283050e-05 87
1.625705e-05 1
1.101331e-05 1598
4.595230e-05 4
1.348033e-05 39305
1.287649e-05 2
1.266294e-05 2
2.524129e-06 713
1.269968e-05 2
8.902386e-06 3
3.634785e-06 1
7.041402e-07 1802
4.424649e-06 1
9.719302e-06 1
1.281096e-05 5
7.826807e-07 122
2.948795e-06 1
7.826105e-06 1
1.289041e-06 3
1.316592e-06 1
4.136377e-05 1
4.071271e-06 3
2.711347e-05 214
8.751939e-06 1
1.275650e-06 7
2.979118e-06 7
7.600087e-06 1
1.842011e-06 1
6.443638e-06 645
6.943612e-06 1
1.521102e-06 1
4.628070e-06 58383
8.504414e-06 1
7.843267e-06 1
7.380470e-06 5
2.693603e-06 3
4.508017e-06 16467
2.816761e-06 3
2.712519e-06 1
1.265549e-05 1
2.622005e-07 46109
1.742904e-05 3
7.356167e-06 1
3.867400e-07 1
1.237446e-05 1
4.458479e-06 1910
1.650968e-06 1
3.256588e-06 1
7.047101e-06 56104
5.211925e-07 5
1.190127e-05 1
7.787690e-07 2
1.024736e-05 1
2.660553e-06 1
4.307189e-06 1
3.802586e-05 1
4.884587e-06 1
7.266536e-07 15018
7.415612e-07 1
1.772156e-05 264
2.604258e-05 1
1.493018e-05 32949
5.288676e-06 1
8.469591e-06 230
2.286339e-05 1
2.554230e-06 1
5.827189e-06 1
7.473094e-06 1
2.170005e-05 3
1.927985e-06 1
1.398444e-06 2
2.582381e-05 148
2.260883e-05 1178
7.319519e-06 2
3.509858e-05 1
1.400778e-05 1
3.845947e-06 1
7.242662e-06 3
1.017767e-06 1
5.959653e-06 1
6.927802e-06 32
3.978165e-05 2
3.738588e-06 44
4.663541e-05 37459
1.511981e-05 7
2.841043e-06 2
4.998069e-06 1
1.122780e-05 219
2.854246e-05 1
2.225523e-05 2
4.670128e-07 1
3.455354e-05 399
1.258150e-05 1
9.985347e-07 1
1.894640e-06 1
1.202442e-05 2003
1.289336e-05 1
9.557464e-06 3
2.122256e-05 2
2.444744e-05 2
3.632609e-06 3
9.062750e-06 1
1.145295e-05 1
2.909020e-06 1
1.359271e-05 3
2.015798e-05 1
1.145609e-06 1
2.673737e-05 226
1.118087e-05 1
2.054732e-05 2
6.714713e-06 2
5.539014e-07 23
1.813991e-05 1652
6.112902e-06 144
1.387182e-05 87
8.887007e-06 1
1.044219e-05 1
9.796409e-06 3
9.822403e-07 4
1.644836e-05 3
5.869065e-06 2
1.079294e-05 1
2.181442e-06 564842
8.001614e-06 4
3.348819e-06 54
1.446116e-05 98
4.254354e-05 71
4.713876e-07 1
3.115529e-06 1
1.314671e-05 1
8.161886e-06 325088
1.223907e-05 144
1.528287e-05 1
7.487507e-06 1
2.956091e-06 1
1.948128e-05 215
3.803171e-06 1
1.320002e-06 7
4.040408e-06 1
1.127862e-06 4
7.087174e-06 2
3.091389e-06 1
1.797750e-06 1
1.522420e-05 228
3.825684e-06 1
1.408774e-05 7
3.004705e-06 1
5.691455e-06 174817
5.698055e-06 1
3.391262e-06 512659
2.849190e-06 1
8.999342e-06 198
2.153135e-06 5
1.171287e-06 1
5.532347e-06 98
9.630134e-07 1
1.287653e-05 7
1.623095e-06 1
8.546715e-06 6
1.783914e-05 5
5.513901e-05 1
1.044296e-05 1
9.215493e-06 181
2.265210e-05 142
1.489870e-06 1
1.192880e-06 1
9.847439e-06 1
1.363151e-05 1
1.078234e-06 219
2.127974e-06 3
4.659389e-06 2
3.078481e-05 517
3.031374e-05 244448
5.041558e-06 1
4.176804e-05 3
6.417397e-07 1
4.630428e-06 1
3.680255e-05 43753
3.600274e-05 1
1.518615e-05 1
5.091133e-07 1
1.046488e-05 53
6.833501e-06 110
1.296874e-06 1
1.259139e-06 1
1.924241e-07 7
3.787142e-05 1
5.789113e-06 1
2.490463e-05 7
1.122068e-05 220
2.705575e-06 118
8.588236e-07 1
4.194043e-06 125
9.336847e-07 7
2.526193e-06 30
3.074842e-06 4
6.959864e-06 1
9.338786e-06 52185
2.232693e-06 1
9.504646e-06 4
6.821130e-06 1
1.823005e-05 117
1.522327e-06 28249
1.045366e-06 3
1.503309e-05 2
2.221605e-06 24
1.494364e-06 1
2.284276e-07 7
8.064865e-07 3
4.623956e-06 3
1.231895e-05 4
1.481876e-06 1
7.468446e-06 1
1.943284e-05 330
3.887550e-07 280
3.123053e-06 1
3.620344e-06 1
4.334690e-05 1
5.436823e-05 1
7.218297e-06 1
3.288383e-06 238
4.471845e-06 1
1.247646e-05 137
6.087158e-06 2
6.964900e-06 1
1.213416e-07 1
4.305817e-06 113
2.795004e-06 277831
2.627861e-05 1
1.415426e-06 1
7.546173e-06 3
3.790206e-05 1
2.758997e-06 1
1.808891e-05 128
5.556982e-06 6
4.348827e-06 1
1.377547e-05 1
1.729047e-05 246
1.428476e-06 3
3.724844e-05 192
7.126043e-08 1
5.255166e-05 2
7.414293e-06 3
7.968922e-06 2
5.430035e-06 1
9.551198e-06 1
3.225518e-07 7
7.413858e-06 1
1.551327e-05 1
1.179957e-05 2
3.052710e-05 210
4.027067e-06 588
6.669444e-06 1687
5.201439e-06 5
2.109763e-05 1
4.733463e-06 3
7.694440e-06 1
1.067772e-06 3
4.798969e-06 218
4.382808e-07 189
5.641218e-06 12195
1.085982e-05 1
2.611444e-06 3
1.862782e-07 160
2.155001e-06 1
2.357670e-05 1
4.766401e-06 30352
1.913896e-07 163109
1.015363e-05 1
1.689782e-07 2
1.375218e-07 1
2.262125e-06 33
1.435368e-05 1
3.510618e-06 1
2.171021e-05 1
1.586650e-05 1
1.736933e-05 1
6.467247e-06 1
9.171888e-06 5
9.741969e-06 2
5.316358e-06 1
9.130012e-08 6
3.364649e-07 6
4.140252e-06 1
1.292820e-06 1
1.086557e-05 2
7.199175e-06 1
3.042387e-06 3
3.252733e-06 2
1.548974e-05 6
5.421224e-06 1
1.208222e-05 3
5.422102e-06 2
9.336580e-06 1
4.661500e-06 1
2.425036e-05 1
4.176167e-05 1
3.821306e-06 3
5.605357e-06 2
5.429061e-07 28
4.003173e-06 3
2.378163e-05 2
1.906877e-05 1
4.078986e-06 165
7.975055e-06 1
3.531685e-06 2
1.619895e-06 1
3.961148e-06 233
3.564098e-05 75
5.290598e-06 6
9.069772e-06 2
6.008626e-06 1
6.608921e-06 250
1.625554e-06 1
3.952982e-06 7
6.293802e-06 94
1.596448e-05 1
1.728602e-06 20102
6.960522e-07 6
1.380419e-05 7
1.238475e-06 1
1.681325e-06 3
1.266596e-05 1
1.235082e-05 2
3.931872e-06 2
3.968223e-06 1
1.340320e-06 1
3.792095e-06 1
4.427607e-06 1
1.779083e-07 3
8.111538e-08 55752
1.195434e-05 6
4.057245e-06 4
9.229736e-06 1
9.732504e-09 201
4.550502e-06 24353
6.783863e-06 1
6.399511e-06 2
1.126933e-06 1
1.917131e-06 2
1.725969e-05 1145
5.049695e-06 1
1.991438e-06 149
5.471560e-06 1
1.642017e-05 1
1.685528e-05 31616
2.781171e-05 114
6.014909e-07 1
1.711943e-05 1
2.110900e-06 1
2.450136e-05 3
1.229511e-05 3
1.137542e-05 2
1.078961e-05 1
2.294853e-05 1
1.743728e-05 1
1.334001e-05 1
1.571994e-06 1
6.057277e-06 1
3.647045e-06 5
4.790944e-06 1
6.055709e-06 133
7.562121e-06 1160
1.882054e-05 1
4.782596e-07 387
9.294333e-07 238
4.781160e-07 1
9.706920e-06 1
9.503638e-06 1
8.979377e-07 7
4.482148e-05 2
9.022729e-06 8597
1.013504e-05 1
2.388062e-05 1
1.275694e-05 2036
1.017124e-06 2
5.844702e-06 1
4.780699e-06 3
2.399231e-05 1
4.616587e-06 1
9.148858e-07 1
4.316991e-06 1
3.983043e-06 5
9.891590e-06 1
1.565408e-06 5
3.374134e-06 3
1.031318e-05 1
1.189908e-05 1
3.089375e-06 1
1.100096e-06 1
3.271034e-07 1
5.808105e-06 2
3.755101e-07 1
8.678950e-06 51
3.297464e-05 1
3.220418e-07 1
4.946786e-06 1
3.314375e-06 1
1.505658e-05 1
2.691025e-06 1
2.446417e-05 1
1.336372e-05 1
1.551753e-07 42
3.485474e-05 166
6.421126e-07 3
8.994065e-06 1
1.718223e-05 2
3.205784e-05 1
1.484971e-05 1
3.357676e-06 1
3.445992e-06 7
4.003342e-06 6
6.840192e-06 1
6.139814e-06 3
7.937965e-06 1
2.013979e-05 1
2.223866e-06 23
2.115669e-05 1
2.851502e-07 6
1.739163e-07 2
6.333636e-06 1
9.507859e-06 881
2.095907e-06 1
1.439771e-05 1
3.082363e-05 1
7.812063e-06 84
2.227060e-06 1
2.712950e-06 1
1.396721e-06 5
1.290783e-06 1
7.012441e-06 1
1.208889e-05 4
8.295147e-06 3
8.930258e-06 1
4.857790e-06 4
1.217811e-09 3
1.501893e-05 1
8.406280e-06 2
1.028012e-05 1
4.892951e-06 251214
5.616347e-06 4
1.025743e-05 2
1.037024e-05 1
1.816348e-05 488
1.877259e-05 3
5.922379e-06 7
1.592066e-06 1
1.069889e-05 1
7.763302e-06 3
4.823624e-06 1
2.885686e-07 6
2.271356e-06 2
4.613463e-06 2
4.949274e-06 5
9.181200e-06 1
1.627165e-06 7
1.000032e-05 1
4.744973e-06 2
1.544070e-06 1
7.167241e-06 2
7.103098e-06 1
9.920009e-06 1
2.388228e-06 1
1.893021e-06 1
6.204375e-06 1194
4.089901e-06 1
2.146754e-06 1
1.972507e-05 253
5.657340e-06 1
9.387414e-06 174
3.503998e-06 1
7.365139e-06 1
1.530707e-05 343
4.210282e-06 45729
6.086708e-06 1
8.047155e-06 7
6.701866e-06 145
9.274051e-06 1
5.561068e-07 2101
1.925610e-05 1
2.318677e-05 117
1.110418e-05 1
2.548810e-07 1
1.992677e-06 1
5.010608e-06 3
1.041862e-05 1
4.137482e-05 6
1.319007e-06 1
1.220990e-05 41
8.899086e-06 3
8.201720e-06 1
1.889349e-05 1
2.479255e-05 3
1.160377e-05 2
3.766327e-05 1
4.507640e-06 260
1.709942e-05 1
2.348312e-06 3
1.606501e-05 1
4.863847e-06 1
2.510581e-05 1
4.105732e-06 129
9.263758e-06 1943
2.479828e-06 76
1.987023e-06 7
2.236742e-05 4
4.613226e-06 4
1.269769e-05 7
1.202633e-05 1
1.163285e-05 1
3.261146e-06 1
6.738057e-06 135
8.025190e-06 2
2.526785e-08 3
4.223038e-06 1
2.400710e-05 1
6.045646e-07 3
1.571704e-06 1
1.621662e-05 2
4.624313e-06 1
1.731120e-06 1
1.979114e-05 1
1.206003e-06 105
9.973673e-06 1
3.378822e-06 1
4.319461e-06 1
1.034883e-06 1
2.899228e-05 3
2.200580e-06 2
9.748816e-06 3
2.951506e-05 1
1.140972e-06 216
2.107390e-05 2
3.565928e-06 1
4.828719e-06 3
7.653133e-06 1
1.572189e-05 1
5.847708e-06 1
3.379028e-06 1
4.008472e-06 1
8.383644e-07 4
2.496639e-06 230
1.751965e-06 121
1.152496e-05 252
2.148515e-05 228
4.218091e-06 1
7.083047e-06 1
4.072642e-06 4
1.557250e-06 3
7.134698e-06 1
1.296023e-06 1
1.011255e-05 1
4.897591e-06 1
8.454990e-06 2
1.084628e-05 1
9.206578e-06 2
3.941089e-07 1
1.805172e-05 1
6.572053e-06 1
3.426587e-05 3
5.599820e-08 2
6.773070e-06 4
2.412319e-05 1
4.242876e-06 7
4.653685e-06 1
1.381855e-05 7
7.596825e-06 663
7.058439e-06 1
2.224937e-05 1
3.815577e-07 1
1.900701e-06 2
7.540937e-07 1
2.745381e-06 4
1.178474e-05 78
1.416853e-07 1
2.374724e-06 1
1.615392e-05 1
1.904175e-06 161
5.004112e-06 4
9.328621e-06 1
2.081590e-06 1
1.139170e-06 301398
5.334309e-06 1
1.703175e-05 7
6.570038e-06 1
5.275850e-06 1
5.413512e-06 1782
1.277530e-05 2
1.511467e-05 25
8.559853e-07 5
3.399659e-06 3
1.510280e-06 97
8.478750e-07 1
1.009713e-06 1
1.885815e-05 1
8.652673e-06 2
4.588066e-06 1
1.876967e-05 77
2.482028e-05 3
3.413196e-06 3
1.812175e-06 1
8.746093e-06 1
1.307361e-05 3
9.103098e-06 1
5.978452e-06 1
1.805034e-06 3
1.050967e-05 1
5.988657e-05 1
3.655150e-05 2
4.210563e-06 39
4.936503e-06 6
1.203276e-05 1
1.001662e-06 1
7.564031e-06 35
3.848973e-06 32
1.149754e-05 1
1.251603e-05 1
2.627236e-06 1
1.902108e-06 189
3.330568e-06 1
1.340643e-05 3
7.805834e-06 3
6.709806e-07 1279
7.043450e-06 1
1.068314e-05 2008
6.733437e-07 1
3.813391e-07 1
1.956522e-05 2
2.826211e-06 1
8.668097e-06 3
1.854944e-06 1
2.256798e-06 1
2.061737e-05 1
1.062480e-05 3
4.906969e-06 1
9.084183e-07 34
3.661402e-06 1
1.947774e-05 1
2.550822e-07 1
9.899091e-06 3
3.071314e-05 2
4.479167e-05 3
2.981316e-06 1
6.472802e-06 1292
8.290222e-06 1
9.590442e-06 1
2.518079e-05 1929
7.125871e-06 2
1.130030e-06 1
3.003515e-05 3
2.520596e-06 25023
1.859557e-05 1
2.701530e-05 4
2.828130e-05 2
2.431777e-06 3
1.050009e-05 3
4.009574e-06 1
1.071857e-05 3
7.082701e-06 3
8.582579e-07 1
1.704966e-05 160
1.200266e-05 3
3.392478e-06 1
6.345152e-06 7
2.684557e-06 3
6.005151e-06 121
1.965515e-06 7
2.668271e-05 3
4.211892e-06 1
2.570537e-05 3
4.348581e-06 1
6.510885e-08 1
1.437518e-05 1
3.109773e-05 38
6.387493e-06 1
8.643856e-07 216
6.160303e-06 172216
2.281478e-06 213
4.887968e-07 1
5.597021e-06 1
1.169615e-05 1
2.252232e-05 1
1.399990e-05 2
6.598567e-06 815
1.044636e-05 1
1.472565e-06 194
5.099515e-06 872
1.873538e-06 1
5.926448e-06 63
8.862890e-06 1
1.423432e-05 3
7.936175e-06 275243
1.188038e-05 1550
1.878009e-07 5
1.506746e-05 1
1.196378e-06 163
5.781823e-07 1
1.605893e-06 1
2.427411e-06 3
1.803763e-05 25
1.045713e-05 1
1.651779e-07 1
3.800030e-06 103
1.103684e-05 1
6.483378e-06 1
4.875079e-06 1
1.070717e-05 1
1.246675e-05 1
2.010048e-05 1
2.044249e-05 261
2.304432e-05 2
8.697429e-06 1
1.913873e-06 1
2.021423e-06 56317
5.974452e-06 1
1.030673e-06 1
1.760655e-05 2
2.047946e-05 1283
3.857763e-06 2
1.562717e-06 1
1.985761e-05 1
1.132887e-05 1
1.240376e-05 3
7.680322e-06 1
3.661534e-06 66512
2.018753e-05 35
7.136190e-06 3
1.746566e-05 5
5.748370e-07 1
4.595798e-05 3
1.376242e-05 1
3.562786e-06 2
2.822143e-06 2
6.249003e-06 1
7.894605e-06 145
2.087441e-06 1
1.773922e-05 22
2.877780e-07 1
1.470001e-05 1
2.566259e-06 3
4.691377e-06 3
1.421846e-05 4
8.503327e-07 250
1.577864e-06 39
1.675490e-06 3
5.293046e-07 4
3.379375e-05 1
1.320692e-05 1
1.291816e-05 1
1.465286e-06 5
1.242865e-05 117
7.887215e-06 1
6.457908e-06 3
1.579764e-05 1
1.632136e-06 121
4.457169e-06 10386
4.875714e-05 1
1.613977e-06 7
6.815393e-06 222
7.846987e-06 1
1.464879e-05 6
6.830169e-06 1
4.077307e-06 1
7.318287e-08 5
3.909827e-06 1
1.645215e-05 2
1.209461e-05 1
3.074630e-05 232
7.602828e-06 1
5.826477e-07 1
5.765985e-06 1
5.444601e-06 1
1.896138e-05 412
4.963642e-06 165
3.165592e-06 1
7.681012e-07 7
2.033219e-05 2
1.513342e-06 1
8.153444e-06 2
6.560218e-06 1
7.014789e-06 1
9.493495e-06 72
8.776188e-06 5
1.307896e-06 1
5.332765e-06 1
8.655524e-06 688
2.514584e-05 1
8.125211e-06 173
1.305023e-06 1854
4.710511e-06 6
1.866663e-05 1
8.424416e-06 3
2.182146e-06 1
2.108961e-06 6
3.616110e-06 2
9.441807e-06 1
5.967147e-07 28
4.290586e-06 2
4.941992e-06 509052
4.549589e-06 1
1.933372e-05 1
5.860399e-06 1
2.827863e-06 1
3.798009e-06 3
4.039825e-06 1
4.425801e-06 1
1.103313e-06 3
6.407453e-06 1
1.344700e-05 1
5.300661e-06 1
3.503752e-06 1
2.487426e-05 5
4.915516e-06 1
1.039214e-05 7
1.870191e-05 1
7.998596e-07 5
7.309167e-06 893
1.712506e-06 1
5.028691e-05 1
1.075211e-05 1
3.065260e-06 1
1.121433e-05 1
6.371500e-06 1
9.141410e-06 2
2.199611e-05 14
2.086240e-06 5
2.351904e-06 1
6.108542e-06 1
1.045087e-05 1
2.332545e-05 1
2.466878e-05 2
5.109425e-06 1
1.528299e-05 5
8.394176e-06 1
2.471985e-06 5
2.496943e-06 1
5.557136e-06 3
1.186858e-05 6
1.160222e-05 2
2.961669e-06 1
2.276769e-05 1
2.822713e-06 1
8.185858e-08 242
4.318267e-07 8001
4.578363e-06 3
2.023806e-05 1
2.865173e-06 107
3.058019e-05 1
5.946346e-06 6
1.420892e-07 1
4.187237e-06 2
5.934095e-07 3
1.977648e-07 127
1.532776e-06 194
2.341791e-05 273
2.178612e-05 2
4.298729e-07 3
9.079085e-06 1333
4.518453e-06 256
1.206953e-05 1
1.341615e-05 1
1.662012e-05 1
2.586871e-06 1
5.280858e-06 1
1.001868e-05 7
1.456138e-06 1
3.288528e-05 1
