1.288071e-04 1
9.330788e-06 1
4.131191e-05 1
6.670486e-05 1
2.857819e-05 692
1.232506e-05 2
6.545274e-06 1
5.277507e-06 1
4.770162e-06 1
9.477204e-06 1
8.030481e-06 1
7.768502e-05 2
7.182668e-07 1
1.556126e-05 1
8.976661e-06 1
2.348847e-05 1
2.684393e-05 1
5.786199e-05 1
5.430894e-05 4
4.769165e-05 2
8.855535e-06 7
3.941081e-05 1
5.445719e-05 31713
2.350494e-06 1
3.495485e-05 1
1.218468e-05 2
2.751803e-05 3
2.485915e-05 1
5.959149e-05 3
1.169916e-05 172
2.598436e-06 2
3.607658e-05 50218
4.796426e-05 1
4.480030e-05 2
3.540075e-06 1
3.353951e-06 2067
2.731487e-05 2046
3.780899e-06 768
3.252033e-05 1
1.008192e-05 19788
2.416964e-05 2
8.455357e-06 1
2.488911e-05 1
8.300558e-06 2
4.769126e-05 1
4.585639e-05 1
8.354150e-05 1
1.727207e-05 1
8.760047e-05 1
5.786147e-05 1693
2.234283e-05 174
1.447960e-05 4
1.527506e-05 3
4.559800e-05 1
9.769843e-06 51509
5.191012e-05 1
2.583630e-05 5
1.750778e-06 105
3.385628e-05 1
2.026330e-05 1
2.373674e-05 2
3.036905e-05 171
1.709773e-05 2
2.524052e-05 6
4.512932e-05 74
7.928269e-06 1
5.465142e-05 1
2.443884e-06 1
1.186553e-05 1
2.251317e-05 1
2.169946e-05 1
4.602135e-06 131
6.788299e-05 1
6.632574e-05 1
6.018221e-06 64601
4.233503e-06 1
7.141841e-06 3
1.638369e-05 3
7.941976e-05 72
4.349311e-06 183
1.100511e-05 3
3.033826e-05 3
8.298000e-06 1
5.593834e-06 1
2.108740e-05 1
8.979336e-07 823
5.213939e-06 1
3.077656e-06 37799
1.381109e-05 5
1.697837e-05 1
1.441877e-04 1
1.584782e-04 1
3.163400e-07 33929
2.462783e-05 7
1.364522e-06 3
2.177589e-05 229
2.240982e-05 168
9.706927e-06 1
7.505814e-05 1
3.500399e-06 3
1.291757e-05 7
1.353903e-05 6
9.350300e-06 6
6.789734e-05 3
2.239007e-05 170
6.461037e-05 1
2.232967e-05 3
1.735495e-05 1
3.246491e-05 1
2.052688e-05 1
1.659086e-05 3
3.853353e-05 1
2.980970e-05 209
3.268228e-05 20
6.028779e-07 1836
1.969993e-05 1
5.416408e-06 1
1.313125e-05 7
4.208570e-05 3
6.042927e-05 1
2.728603e-06 1
4.411474e-06 170
4.711160e-06 1
6.357672e-06 1
1.739600e-05 54
3.650523e-05 36144
2.404242e-06 1
4.449996e-06 1
5.985228e-06 5
4.946926e-05 6
1.832728e-05 2
1.742939e-05 1
1.394968e-06 3
1.740748e-05 1
7.606814e-06 1
8.832405e-07 1
8.181584e-06 2
5.910994e-05 1
1.489136e-05 1
1.024108e-05 1
3.747362e-05 4
6.787813e-06 1
2.794700e-05 1360
2.980479e-05 1
1.528163e-05 1
4.712810e-06 1
1.652891e-05 159
3.292925e-06 1
4.589971e-06 1
2.516966e-05 2
1.700292e-05 2
2.002153e-05 1
5.274964e-06 7
9.632000e-06 1
3.574298e-05 61376
1.305379e-05 7
6.487051e-06 4
4.362868e-05 1
6.587431e-06 1991
8.697346e-08 1
1.759771e-05 2
5.272240e-05 1
2.797693e-06 5
1.388749e-06 1
4.043402e-05 1
1.423031e-05 1
2.513849e-05 2
3.377861e-06 3
3.193365e-05 1
2.352102e-05 2
6.191224e-08 1
2.698423e-05 1
1.623571e-05 1
1.725343e-06 1
1.954183e-05 1
1.016545e-05 1
2.737301e-05 3
1.304180e-05 7
9.555193e-06 1
1.884175e-05 6
3.345807e-06 1
1.617243e-05 1
4.216054e-05 3
9.406940e-07 1
7.871424e-06 3
1.519414e-05 3
1.361846e-05 2
8.858819e-07 3
1.270468e-04 1
1.882756e-06 1
9.324804e-06 6
2.902479e-05 1
7.384587e-05 1
1.510926e-05 1
2.129876e-06 1
1.452993e-05 4
6.587557e-05 3
7.445243e-06 230
2.211343e-06 1
3.360923e-05 1
3.339676e-05 2
1.864515e-05 1
3.970968e-05 3
3.814340e-06 1
8.483299e-06 1
5.490773e-05 1
2.981292e-05 3
4.205313e-05 1
1.079963e-05 3
5.804094e-06 1
3.343055e-05 2
7.325146e-06 252
1.724364e-05 1
3.874590e-06 3
3.858756e-05 3
6.521005e-05 3
7.992983e-06 1
8.462861e-06 2
2.683103e-05 1
3.116019e-05 2
2.261445e-05 3
1.990156e-05 17173
6.096903e-06 1
5.316329e-06 1
2.540022e-05 1
1.273240e-05 1
1.333610e-05 2
9.550209e-06 1
3.796694e-05 1831
9.537118e-06 1
7.626696e-07 1286
1.605430e-05 1
1.684554e-05 1
2.636539e-05 46198
4.680663e-05 2
1.513455e-05 3
5.482613e-05 4
2.063093e-05 1365
1.458988e-05 1
3.320399e-05 1
3.050078e-05 1
7.639834e-07 3
5.740928e-05 1828
3.497954e-05 1
5.760254e-06 6
6.607298e-06 1
5.116263e-05 6
9.131972e-06 6
3.853502e-06 3
7.780494e-05 2
3.450596e-07 4
2.603027e-05 1
2.971532e-07 4
4.266604e-06 1
1.246356e-06 223
4.736545e-05 7
3.490677e-05 6
2.286816e-05 1
3.096466e-05 130
3.801255e-06 706
3.504383e-05 1
5.659768e-05 1
2.415155e-05 1
6.849627e-05 189
4.461194e-06 3
2.537307e-06 2
9.731999e-05 7
2.043123e-05 1659
5.586751e-06 6
2.196706e-06 1
4.948910e-07 1
8.171452e-05 2
3.197159e-06 1
5.694664e-06 1
5.641811e-06 6
3.682868e-05 1
3.695018e-05 1
3.512964e-05 647351
3.471097e-05 6
1.036041e-05 1
1.403013e-05 1
3.656913e-06 3
6.794842e-07 3
1.077089e-05 3
5.545206e-05 17017
1.778147e-05 1
4.037562e-05 3
9.070655e-05 1
8.043762e-06 122
4.733078e-06 1
1.998934e-06 1
2.700326e-05 14565
1.315090e-05 1
2.364199e-06 2
2.335359e-06 1
6.145175e-05 702
1.028537e-05 1
2.138302e-06 1
1.710716e-05 1
3.769766e-07 1
1.899852e-05 1
4.227815e-06 3
2.477105e-05 7
1.328632e-05 2
2.697005e-05 1
4.468026e-07 1
1.250342e-05 2
4.055534e-06 1
4.985584e-06 1
2.130196e-05 1
1.499328e-05 1
8.591876e-05 1
6.380066e-06 4
3.739422e-06 1
1.499351e-05 1
2.303714e-05 2
4.577398e-05 1
1.038154e-05 3
1.523455e-05 3
4.134446e-06 1
2.919809e-05 3
7.615214e-05 2
2.182674e-06 7
1.851794e-05 2
3.615156e-06 1
2.615489e-05 1
4.447441e-06 1
2.987868e-05 1
1.368228e-05 2
1.661019e-05 149
6.989325e-05 3
3.375487e-06 1
2.833046e-05 3
1.385092e-05 5
1.644753e-05 1
1.252033e-05 2
6.276162e-05 378
6.446003e-05 1
3.502440e-05 1
1.431555e-05 1
1.611727e-05 211
1.810890e-05 1
1.792324e-05 2
2.941956e-05 3
4.655115e-05 1
1.054516e-05 1
2.848406e-05 1
2.905103e-05 263
3.385018e-05 2
2.720161e-06 2
1.971307e-06 2
8.995533e-07 818
2.427700e-05 1
2.808607e-05 1211
7.889446e-07 1
5.663763e-06 1
6.482886e-06 1
4.353627e-05 1
1.645902e-05 3
1.579384e-05 1
1.147087e-05 1
8.821893e-05 2
4.260007e-05 171
1.800366e-05 7
6.442972e-06 4
1.738193e-05 56
7.259170e-05 1
1.674664e-05 2
4.732578e-05 1
1.899757e-05 1
1.839265e-05 1
3.925512e-06 3
3.227419e-05 1
1.603681e-05 1
3.990485e-07 21251
6.234922e-06 4
9.524332e-07 637
5.990079e-05 1112
4.010592e-06 254
1.369738e-05 1
3.170272e-05 1
6.110497e-08 5
5.275742e-06 7
4.925962e-05 6
3.488854e-06 3
2.802958e-05 1271
7.957131e-06 138
1.036754e-05 1857
2.868808e-06 5
3.224583e-06 1
3.809427e-05 1
2.792690e-05 1
1.456096e-06 1
6.337525e-05 1
9.046780e-06 1
2.192788e-05 214
4.804400e-06 89
9.840644e-06 5
4.904708e-06 1
3.525814e-05 482307
2.852295e-05 750
1.416880e-05 5
5.271681e-05 1
2.759856e-05 1
2.445141e-05 1
2.316935e-05 1
2.316673e-05 1
5.623288e-05 4
3.447782e-06 1
6.571881e-05 228
2.437339e-05 7
1.095335e-05 1
8.307196e-05 1
5.375020e-05 1
1.903067e-05 5
1.650565e-05 1
3.296199e-05 1
4.376017e-06 3
1.413615e-05 1
9.525915e-06 436512
1.672093e-05 1
2.128354e-06 2
9.864849e-06 41800
1.356059e-06 3
2.593870e-06 6
5.333882e-05 49017
3.243012e-05 2
5.522938e-06 1
3.207250e-06 1
1.376933e-05 5
2.327444e-05 1
3.206984e-05 1
1.039045e-05 1
9.606198e-05 2
3.075852e-05 1
3.874941e-05 3
3.817904e-05 1
1.933044e-05 1
1.111075e-05 262
2.953849e-05 228
5.709530e-06 1
7.664576e-06 3
6.848915e-05 3
9.936724e-06 1
1.099878e-05 440
3.396016e-05 1
1.975607e-05 1
6.523175e-06 4552
4.792694e-06 1
2.625499e-05 1
2.144247e-06 1
2.927616e-05 1
8.610140e-06 23
1.749236e-05 1
5.488834e-06 7
9.278831e-06 6
6.110264e-06 1
1.026788e-05 3
2.887573e-05 384
3.590569e-06 1
3.720033e-05 4
1.653234e-05 3
3.015494e-07 4
3.677813e-05 27291
8.186034e-06 1
1.298025e-05 1
2.969839e-05 217
4.386514e-06 175
8.865093e-07 1
9.961272e-06 4
1.783020e-06 1
5.148952e-06 1
2.165507e-05 241
2.589781e-05 5
1.261378e-05 36
1.139830e-05 218
1.960267e-05 37107
4.244006e-06 1
7.097090e-05 157
7.702904e-05 93
4.116429e-05 231
3.248231e-05 1
3.302462e-06 1
7.174252e-05 1
1.898440e-05 1
1.829793e-06 1
3.310628e-05 1
5.051659e-06 1
2.630480e-06 2
2.061056e-05 1
3.598147e-06 1
2.448528e-06 2
4.639262e-05 2
1.669244e-05 3
5.461845e-05 1
9.134820e-06 1
4.570485e-06 2
3.040405e-05 3
5.193222e-06 11
1.309817e-05 7
5.370909e-06 1
1.685167e-05 1
2.688183e-06 6
2.307724e-05 1
3.236342e-05 2
2.028849e-06 1
2.079918e-05 3
4.396405e-06 1
5.266632e-07 3
7.081206e-06 1
6.176001e-05 1
2.897048e-05 287
2.963028e-05 3
1.279292e-05 1
2.764927e-05 1
1.472996e-05 1
5.879294e-06 1
2.740147e-05 1
5.571568e-05 1
1.070768e-05 1089
1.624327e-05 195
6.743842e-05 203
2.320023e-06 2
4.643813e-06 122
2.345103e-05 70
5.542931e-05 1
5.945785e-05 1
5.605493e-05 4
7.565924e-06 1
9.949293e-06 33215
3.257708e-05 1
1.519947e-06 1
1.550648e-05 1
7.022949e-06 1
5.309641e-06 7
1.755282e-05 36
4.400874e-05 1
4.892182e-05 1
3.965616e-05 3
1.522226e-05 1085
2.890704e-05 1
6.097013e-05 1
4.644220e-05 2
1.851723e-04 1
9.085790e-06 6
2.895514e-05 3
4.638197e-05 1
1.279915e-05 2
1.122370e-05 1
1.071091e-05 1
7.294151e-05 2
3.054801e-05 1
5.111943e-05 1
9.574238e-06 5
2.744104e-05 1
3.038345e-05 1
4.743251e-05 1
4.943726e-05 2
7.820501e-06 1
2.127804e-05 3
1.028604e-05 1
1.828436e-06 1
6.655362e-06 3
2.045749e-05 3
2.108912e-05 1
2.504202e-05 1
2.636325e-05 1
2.771249e-06 1
6.047100e-05 958
4.351915e-07 15739
1.164245e-05 180
1.666531e-04 1
1.018559e-05 4
2.465444e-05 7
9.918225e-06 4
6.104407e-05 1
1.526421e-05 1
1.255575e-05 44
1.247290e-05 1
1.076807e-05 1
2.705862e-05 4
7.453114e-06 229
2.683651e-05 22757
2.467782e-05 1
3.218996e-05 1
8.023691e-05 1
7.141086e-05 3
8.387500e-05 1
1.837156e-05 1
4.266695e-06 3
1.891555e-05 1
3.111795e-05 1
6.782875e-06 1
2.841119e-06 1
6.110094e-05 3
1.899315e-05 5
6.458073e-05 245
8.962711e-06 1
4.077366e-06 240
2.672103e-06 6
1.276136e-05 1
3.702529e-05 19386
8.450411e-06 1
1.711811e-05 88
9.030069e-06 1
5.984966e-06 5
7.871765e-06 1
1.095126e-05 545
9.690031e-06 1
5.261766e-06 1
4.805551e-06 1
2.191293e-05 1
1.853120e-05 6
6.384376e-05 257
4.658215e-05 2
6.486844e-05 1
3.789455e-05 1882
3.664251e-05 1
6.611682e-07 1
5.433871e-06 2
1.668866e-06 2
5.052319e-06 1
3.408457e-05 1
1.236317e-05 1
3.935132e-06 1
8.081957e-05 2
8.548735e-06 1
9.439887e-07 3
3.022841e-05 1
3.189300e-05 1
2.110836e-05 3
4.929853e-05 1
8.768294e-06 1
2.421354e-05 7
7.166221e-05 149
1.422498e-06 1
2.927947e-06 5
2.533602e-05 1
2.571282e-05 542703
2.327683e-05 86
4.482497e-05 2
5.977563e-06 1
5.082096e-05 1
6.947341e-05 176
1.037390e-05 1
6.879328e-05 185
3.159228e-05 2
4.976508e-05 1
1.570800e-05 263
1.480154e-05 1
4.586842e-05 48
4.918696e-05 6
5.789191e-05 3
3.089814e-05 2
4.314958e-05 1
2.899851e-06 5
1.531620e-05 1
6.159532e-08 310567
5.846486e-06 2
1.404916e-05 5
1.858697e-06 2
5.892291e-06 1
2.842222e-05 1
8.519361e-06 2
7.072003e-05 160
1.429410e-05 4
6.749207e-06 3
6.602861e-06 3
7.247286e-06 1
5.281928e-05 1
5.804705e-06 1
6.667195e-06 3
1.000187e-04 2
6.606618e-06 3
1.529482e-05 3
9.424139e-07 1
2.038481e-05 3
4.599307e-05 1
5.849432e-06 2
3.685362e-05 24878
8.723267e-06 1
2.655617e-05 36651
4.859333e-05 2
2.806263e-05 1
1.168847e-05 1
5.280666e-07 1
1.563371e-07 5
1.326698e-05 1
1.328652e-05 1
4.526276e-06 1
3.891543e-05 1
3.394152e-05 2
8.859792e-06 2
6.276050e-06 33774
1.746174e-05 47
4.059338e-06 1
2.466933e-06 2
2.672230e-05 1
2.689852e-05 1
1.540867e-05 1
1.933262e-05 5
4.218150e-05 1
6.512084e-05 237
3.837651e-05 1
3.068452e-05 149
2.452414e-05 1
3.396311e-05 2
7.343265e-06 1
3.187676e-05 2
3.543442e-06 1
6.947800e-06 3
1.020419e-05 1
1.250638e-05 51
1.010455e-04 7
1.866368e-06 1
3.506449e-05 1
2.214376e-06 7
2.292678e-05 119
4.110419e-05 1
1.523434e-06 1
2.008781e-05 4
4.191917e-06 216
2.969814e-05 1
6.451174e-05 1
2.074763e-05 1
4.473337e-05 89
1.602582e-05 222
1.479773e-05 3
4.359921e-07 15604
4.418970e-05 109
3.562518e-05 5
1.267288e-05 27
2.922263e-06 1
4.665766e-05 1
3.909339e-05 3
1.707765e-05 1
1.090882e-05 639
5.925583e-05 1290
7.940924e-06 141
7.684048e-05 1
2.705781e-05 1
5.804803e-06 6
2.646114e-05 1
2.220096e-05 1
9.463590e-06 1
7.273793e-05 1
5.049266e-06 1
8.535623e-06 36
7.041628e-06 788
3.412482e-06 1
1.185012e-05 1
4.708529e-06 2
1.930375e-06 63
4.682116e-05 2
1.879073e-06 1
2.467185e-05 1
8.994096e-06 7
1.272081e-05 1
3.793932e-05 1
3.758231e-05 1
1.647030e-05 3
1.565691e-04 6
4.135813e-05 222
9.412166e-05 1
9.778584e-07 1
1.088514e-05 1
3.776664e-05 3
2.652705e-06 2
2.205501e-05 3
1.484473e-05 1789
2.246807e-05 3
2.357964e-05 1
1.007539e-05 20437
4.280939e-05 1
1.023878e-05 1
1.133072e-05 3
1.616648e-05 1
1.350081e-05 6
1.051841e-06 1
1.653203e-06 1
9.800930e-06 5
2.952878e-06 1
2.483881e-06 6
5.166471e-05 1
2.587041e-05 5
4.190283e-06 1
2.148670e-05 1
1.016920e-05 10970
2.847749e-05 1
1.159317e-05 188
8.295652e-05 1
1.144070e-05 1
2.234969e-05 173
6.758792e-06 1
4.491171e-05 1
1.487167e-05 3
1.455114e-05 4
8.513275e-06 1
2.532520e-05 1
2.902021e-05 265
2.169836e-06 2
4.025939e-06 1
1.631885e-05 1
4.752125e-05 7
1.319618e-06 206
2.936390e-05 1
3.638729e-06 1
2.945003e-05 1
1.053270e-07 1
3.747906e-05 1
4.147062e-07 1
2.047468e-05 3
5.701985e-06 6
4.640075e-06 1
2.356915e-05 1
3.067907e-06 1
5.339751e-05 5
2.682495e-05 23320
2.614044e-05 5
1.063572e-04 1
1.737070e-05 1
5.637821e-06 1
4.715301e-05 7
1.235087e-04 6
4.834795e-05 1
3.625770e-05 1
5.888168e-05 3
2.527399e-05 1
1.138078e-05 1
1.620207e-06 135
4.408541e-06 1
6.469929e-06 10826
5.803105e-06 2
2.307568e-05 105
1.062565e-05 1
2.371774e-05 1
1.904515e-05 1
7.645957e-05 1
2.499381e-05 1
4.582629e-05 1
6.532938e-05 1
3.610052e-05 49433
8.324847e-06 1
7.880234e-06 1
2.383490e-05 1
4.199375e-05 1
6.066965e-06 58735
2.767904e-05 1
2.247703e-05 3
5.760934e-06 6
2.511968e-06 1
8.548157e-06 34
1.625279e-05 1
9.346706e-05 1
7.140442e-06 1
1.234872e-06 1
1.528919e-05 1
3.410287e-05 2
3.061236e-05 3
1.721415e-06 1
1.990788e-06 1
3.486811e-05 1
2.844374e-05 1
4.296678e-05 3
4.975471e-05 2
2.531905e-06 1
1.558629e-05 3
1.616247e-05 1
2.581490e-05 1
3.951102e-05 1
4.057572e-05 1
1.266870e-05 1
2.822268e-05 1066
1.174031e-05 165
1.104048e-05 1
5.040128e-06 1
8.242067e-06 87
5.318216e-05 51512
3.500933e-05 1
1.099146e-05 3
9.687211e-06 5
5.145450e-06 1
3.433372e-06 1
2.069998e-05 1264
6.134724e-05 1
5.700922e-05 1
2.253595e-06 1
2.413970e-05 1
2.808679e-08 5
3.295140e-05 7
7.821361e-06 1
3.939413e-06 1
2.216267e-05 192
3.798295e-05 1820
8.569587e-06 30
7.034539e-06 3
3.685452e-06 3
1.108991e-05 1
4.635857e-05 2
1.017425e-05 4
3.979622e-06 1
1.069946e-05 1107
1.942032e-07 52714
1.688205e-05 2
2.128752e-06 1
4.765742e-05 1
5.162819e-06 17
2.989325e-07 1
1.004192e-05 1
7.346827e-06 1
1.225926e-05 88
7.960103e-06 1
1.765699e-05 2
3.435847e-05 6
2.560688e-06 6
5.605204e-05 1
7.257024e-06 265
4.091717e-06 1
2.690813e-05 1
5.693812e-05 1
3.591951e-05 1
5.700568e-05 1
2.553594e-05 1
6.847821e-05 1
3.931607e-05 1
5.480968e-06 7
1.479679e-05 1
5.715818e-05 3
3.875454e-06 3
1.887840e-05 1
1.847641e-06 1
5.680215e-05 3
2.228577e-05 1
1.494743e-05 1
7.416073e-06 3
7.786545e-06 1
5.288321e-06 7
1.506179e-07 1
2.304108e-05 1
1.848179e-05 1
1.086021e-05 748
4.183992e-06 218
2.648323e-05 1
1.039051e-05 1
2.181643e-05 1
3.074549e-05 145
1.713058e-05 2
4.656040e-05 24
7.091608e-05 1
2.242887e-05 1
1.461798e-05 1
1.506987e-05 1368
6.694049e-06 1707
4.059781e-05 255
7.163955e-07 3
4.869991e-05 2
7.549360e-07 3
4.689124e-06 1
4.164205e-06 3
5.476072e-05 27174
1.369667e-05 1
8.783642e-06 7
3.415048e-06 1
1.037919e-05 1830
3.617756e-05 5
3.470990e-05 1
1.228846e-05 83
1.730174e-05 1
8.925911e-06 7
3.528878e-05 1
3.411659e-05 1
3.005525e-05 1
8.789104e-05 13
1.112385e-06 3
8.737604e-06 1
5.070224e-06 1
1.671559e-05 1
6.445962e-06 1
5.095367e-05 1
1.364861e-06 195
1.794179e-05 1
1.680241e-06 121
8.593085e-06 26
4.389688e-05 1
5.644460e-05 4
3.505467e-05 1
2.463389e-05 1
2.374653e-05 2
1.029271e-05 1
1.483013e-05 1816
7.604235e-07 1294
8.563717e-06 2
1.692704e-05 1
4.534254e-07 1
3.163441e-05 86
3.298541e-06 1
4.194570e-06 1
1.138960e-05 3
3.589711e-06 1347
2.851927e-05 754
1.713059e-05 1
4.335915e-05 3
3.890611e-05 3
7.212941e-07 1428
5.384402e-05 1
5.306080e-05 5
3.960426e-05 1
8.100078e-05 1
1.275845e-05 15
5.362583e-06 1
9.972282e-06 30883
2.987049e-06 1
5.555623e-06 1
2.731665e-07 1
3.004274e-05 1
6.783510e-06 1
2.489139e-06 6
3.282269e-05 1
9.038726e-06 1
7.322211e-06 1
1.710567e-05 89
1.310903e-05 7
5.874090e-05 1
4.533854e-06 1
3.199515e-05 1
1.015132e-05 4
8.364501e-06 2
5.729409e-06 1
1.192102e-05 1
1.510873e-05 3
5.572485e-07 1
1.870670e-05 1
1.215118e-05 104
1.547021e-06 3
1.583444e-05 246
1.811705e-05 7
4.325143e-06 1
2.130268e-05 1
8.807225e-06 1
3.058520e-05 156
1.604302e-06 1
2.523746e-05 6
2.188353e-05 1
1.113769e-05 1
4.963389e-06 1
2.528709e-05 1
5.395420e-05 39401
2.113844e-06 1
3.092894e-05 1
9.922354e-06 4
2.152695e-05 254
1.144473e-05 3
2.912339e-05 3
1.387088e-05 5
3.233504e-05 2
1.223888e-05 91
1.048031e-05 1
5.156584e-05 5
6.759020e-06 1
1.361604e-05 6
3.698646e-06 3
3.494368e-06 1637
5.197350e-05 238309
1.629185e-05 1
3.110907e-05 2
1.915253e-05 103069
3.388298e-06 1962
2.447951e-05 1
5.852795e-05 3
3.025587e-05 178
3.198721e-05 64
2.089032e-04 6
1.196053e-07 1
1.727079e-05 1
2.901705e-06 1
7.817191e-06 163
1.319920e-05 7
9.526256e-06 1
1.360843e-06 3
4.219260e-06 210
1.521288e-05 1
2.617605e-05 1
4.082151e-06 1
4.853688e-06 79
1.577945e-05 1
1.666447e-05 3
4.156572e-06 3
3.751433e-05 1
1.289315e-05 7
3.476414e-05 6
5.251892e-06 1
1.224099e-06 229
3.784589e-05 1
1.550889e-06 152
1.274475e-05 17
9.875717e-05 2
2.766099e-05 1
4.779566e-06 2
1.063059e-05 1
3.055305e-05 158
9.200157e-06 6
8.252854e-07 1
1.909641e-05 1
1.588365e-05 240
4.314264e-05 1
4.456781e-05 1
2.152438e-06 12
5.018973e-05 1
1.144293e-05 3
2.887230e-05 3
6.365032e-05 1
7.478726e-06 3
1.816822e-06 1
1.471234e-05 3
2.189052e-05 3
5.095627e-07 4396
3.742190e-05 4
1.015688e-06 3
7.420817e-05 2
6.199827e-05 3
3.860240e-05 3
5.461751e-05 29299
2.681903e-06 1
8.191143e-07 1
2.554251e-06 6
4.035299e-05 266
6.026883e-06 5
2.437182e-05 1
2.071979e-07 1
4.048372e-06 1
2.084059e-05 1
2.002317e-05 4
4.536971e-05 1
1.651431e-05 1
4.925770e-05 2
3.269309e-06 1
1.419595e-05 1
5.468377e-05 4
2.643024e-05 1
3.340667e-05 1
3.497359e-05 1
5.028335e-06 44
2.408936e-06 2
5.047065e-05 2
2.034067e-05 1
1.530160e-04 6
2.455626e-05 7
3.950376e-05 1
1.372694e-05 1
2.178394e-05 1
6.723201e-06 1
1.792589e-05 7
1.655222e-05 3
2.242737e-05 1
1.124643e-05 1
1.547818e-05 1
4.976728e-06 1
1.130495e-05 3
3.263842e-05 1
1.357140e-05 6
5.963262e-06 5
5.163755e-05 1
5.649856e-06 1
3.944353e-06 3
1.364188e-05 1
3.541079e-06 1494
2.854408e-05 3
2.210561e-05 197
7.403778e-06 3
4.787964e-05 1
3.479163e-05 6
5.906535e-05 1
6.073970e-05 887
1.965885e-05 33341
4.418574e-05 1
1.296199e-05 1
7.912400e-06 146
2.259771e-05 1
8.243603e-07 1
3.602925e-06 1
1.399884e-05 1
1.345131e-05 6
1.252945e-05 2
9.500444e-07 1
2.167124e-06 1
2.811758e-06 1
2.225153e-05 183
2.989506e-06 49832
2.332246e-05 82
3.330549e-05 1
2.290240e-05 1
3.142346e-06 1
9.242038e-07 1
1.744278e-05 1
1.002177e-05 1
3.712602e-05 4
1.204251e-05 2
2.009643e-05 4
2.700532e-05 1
5.245972e-05 1
3.093896e-05 1
9.128642e-06 1
5.437384e-05 1
3.370794e-05 2
2.134484e-05 3
1.560679e-05 381
2.119415e-05 1
1.203298e-06 3
1.696072e-05 1
4.299018e-06 1
1.123363e-06 253
7.489405e-06 222
2.513271e-05 1
5.087448e-06 1
4.076777e-06 3
4.274343e-05 165
1.782567e-05 2
2.955208e-05 1
1.525462e-05 3
7.321477e-06 253
2.329310e-06 1
7.799512e-05 1
4.405458e-05 114
2.317138e-05 2
2.186807e-05 1
6.994523e-06 912
1.961978e-05 1
8.968651e-06 7
4.748680e-05 1
6.240244e-06 1
3.513363e-05 1
1.896071e-06 1
2.313585e-05 2
6.159118e-07 1
2.032048e-05 1823
6.151118e-06 1
1.244714e-06 1
5.606031e-06 1
6.081026e-05 1
6.001938e-05 3
4.217107e-05 1
2.178869e-05 1
1.618172e-05 1
2.197114e-05 210
1.039659e-06 1
3.021141e-05 181
2.729685e-05 2066
2.748642e-05 1858
3.171610e-05 1
3.540588e-06 1496
4.434285e-06 166
2.755476e-05 1
1.617128e-05 1
2.651993e-05 4
1.927910e-05 5
4.367258e-06 3
1.546220e-05 645
2.553244e-05 6
3.825043e-06 635
2.335151e-05 79
1.273106e-05 2
5.235317e-06 7
1.057887e-05 3
4.887086e-05 2
1.191063e-05 140
4.763249e-06 2
3.359667e-06 1
1.003214e-05 1
1.296230e-06 1
2.305222e-05 1
8.061784e-06 2
1.791216e-05 1
3.195822e-05 1
1.253032e-05 2
4.490359e-06 1
5.384771e-05 4
1.532666e-05 1
1.538045e-06 1
1.922833e-06 1
9.061362e-06 2
3.735423e-05 1
1.289570e-05 1
2.298547e-05 1
5.680714e-06 2
1.635783e-06 2
2.878159e-05 1
5.281988e-05 1
1.221645e-05 1
8.423266e-06 56
3.279178e-05 2
2.624464e-05 5
2.587263e-05 1
1.067796e-05 3
1.247713e-04 2
1.863000e-06 79
1.064869e-05 1221
1.134419e-04 2
2.774361e-05 1
2.023504e-05 1
2.773562e-06 1
6.896065e-05 1
3.009866e-05 1
4.493086e-06 3
2.300059e-06 7
1.386521e-05 209949
1.408048e-05 1
2.735856e-05 1
4.657150e-05 2
4.431365e-05 1
5.545587e-06 2
6.083933e-05 1
4.810068e-07 1
7.170666e-06 3
1.783953e-05 1
9.953218e-06 32818
3.262204e-06 12729
6.850679e-06 3
5.371636e-06 1
1.905761e-05 5
1.356371e-05 1
3.666997e-05 4
4.477713e-06 1
1.283292e-05 7
5.659857e-06 1
6.867465e-05 186
2.571077e-05 547050
2.470035e-05 2
1.161066e-04 6
1.009280e-04 1
1.767346e-05 1
1.210870e-05 1
1.042868e-04 2
2.378074e-06 1
1.004707e-05 23291
8.421693e-06 1
3.181724e-05 1
7.072311e-05 3
2.718406e-06 2
1.254147e-05 46
6.041026e-05 3
7.202276e-07 1432
3.698797e-05 20588
2.255594e-05 1
1.325063e-05 1
4.176598e-05 1
4.847103e-06 2
1.161251e-05 185
2.887788e-05 382
4.653619e-06 1
3.038143e-05 1
2.425609e-05 7
6.062367e-06 1
1.210531e-06 3
1.599676e-05 3
1.479654e-05 1
1.150364e-06 3
1.093104e-05 590
4.861874e-05 1
6.698307e-06 1695
4.758339e-05 7
2.551834e-05 2
1.076962e-05 1
6.139977e-05 716
1.123282e-06 1
2.887280e-06 1
4.578984e-06 2
2.987603e-05 3
1.759365e-05 1
5.363343e-06 1
1.212509e-05 1
3.315623e-05 1
3.035879e-05 3
2.379469e-05 2
2.001502e-06 2
1.960786e-05 36773
2.177515e-05 3
6.015201e-06 1
7.704941e-05 93
2.638837e-05 5
3.184672e-05 1
4.056241e-05 1
1.094333e-05 1
2.133254e-05 352
5.203400e-06 9
3.506867e-05 1
6.123851e-06 1
3.878191e-05 1
2.566542e-05 633600
1.426559e-05 4
1.048342e-05 1594
7.316066e-05 1
6.528277e-06 3943
5.699960e-05 1
1.456690e-04 6
3.245897e-05 34
1.263748e-05 32
4.851056e-05 7
1.859088e-05 6
2.243455e-06 1
1.284706e-05 1
3.686596e-05 24488
7.982538e-05 2
7.299622e-06 1
1.973510e-05 1
2.965385e-05 220
9.867420e-06 1
6.756969e-06 1539
7.127276e-06 1
4.188375e-05 1
5.155376e-05 5
2.461601e-05 2
8.197581e-05 52
1.100089e-05 1
1.899354e-06 2
8.450653e-05 34
1.296775e-05 7
3.486816e-05 1
1.980205e-05 1
4.370071e-05 1
9.598431e-05 1
7.693166e-06 1
2.642386e-05 43253
2.551452e-05 2
3.035927e-06 43492
1.361954e-06 1
1.815626e-06 1
6.296947e-05 1
3.082140e-05 1
2.317993e-06 1
3.826906e-05 1
7.041679e-05 1
1.717372e-05 1
3.151517e-06 4
6.297586e-05 3
1.201314e-05 2
7.493433e-05 1
1.973649e-05 28156
6.442315e-07 1694
3.126291e-05 2
1.002675e-05 25360
6.310747e-06 1
2.885404e-05 1
5.940619e-05 1
3.530164e-05 1
7.298598e-06 1
3.295244e-05 1
8.806057e-05 1
9.538139e-06 5
1.631041e-07 5
1.021195e-05 4
3.582465e-05 5
2.668379e-05 1
1.653062e-06 128
8.720951e-06 1
7.531910e-05 1
3.907439e-05 1
1.082039e-05 836
5.527113e-05 1
3.698715e-05 20601
4.224511e-05 185
4.266023e-05 1
2.918696e-05 1
3.318575e-06 5113
3.225909e-05 1
2.226151e-05 1
2.101802e-05 1
1.980080e-05 4
3.418783e-05 1
4.664853e-06 1
1.640044e-05 1
1.035084e-05 1895
1.785816e-06 2
1.669337e-05 3
1.137190e-05 222
8.658187e-05 21
3.739701e-06 1
5.601932e-05 1
4.070292e-05 251
2.225158e-05 3
2.863941e-05 3
1.070268e-05 1
1.178544e-06 240
4.715628e-06 2
2.149967e-05 1
4.156332e-05 214
4.274789e-06 199
4.872090e-06 1
3.759863e-05 1
2.195243e-06 1
1.185931e-06 1
1.068519e-05 1
2.819475e-05 1
1.417059e-06 1
1.766068e-05 23
3.653372e-05 1
1.589318e-05 1
9.487374e-06 584991
6.757608e-06 3
2.843934e-06 183398
3.122167e-05 1
9.196324e-06 2
1.777748e-06 99
6.174075e-05 1
1.177852e-04 1
4.578676e-05 2
4.057818e-05 256
2.995178e-05 199
3.031372e-05 3
2.521484e-06 1
2.185519e-06 7
7.189827e-06 1
5.672979e-06 2
3.978899e-05 1
9.869479e-06 1
1.208171e-04 1
3.380898e-05 1
1.021618e-05 1
1.748385e-06 1
5.546949e-05 16757
8.969166e-07 827
4.686908e-05 1
1.002448e-05 1
1.495296e-05 1586
3.904607e-05 3
1.688552e-05 2
1.402633e-05 56735
2.620392e-05 1
7.630965e-05 1
7.019729e-07 3
1.009679e-05 4
2.073724e-06 2
6.071845e-05 3
3.955982e-05 1
4.968534e-05 1
1.544747e-05 1
3.476001e-05 2
1.062223e-04 1
1.069908e-06 1
3.030648e-06 1
1.347368e-06 1
1.730679e-06 110
1.205835e-05 1
3.277049e-05 15
7.530275e-07 3
6.943683e-06 1046
3.893353e-05 1171
3.407001e-06 1905
2.579956e-05 376055
1.975743e-05 1
1.429276e-05 1
1.165133e-05 179
6.599055e-05 1
5.010079e-05 6
5.028872e-06 44
5.298380e-06 1
4.404733e-06 1
1.006625e-05 4
1.069561e-04 1
5.615597e-06 1
1.564347e-05 314
1.092300e-05 608
3.476910e-05 2
8.181227e-06 98
2.622425e-05 1
1.650208e-05 163
4.410526e-06 1
3.012534e-05 187
1.482065e-05 1
4.417579e-05 1
3.485587e-05 6
4.776186e-05 1
7.869559e-06 3
5.538256e-07 1
1.162943e-05 3
4.391514e-05 119
9.509587e-07 3
1.348654e-06 1
1.654710e-05 3
8.471934e-05 33
3.514681e-05 625225
8.521067e-06 1
1.519960e-05 1
9.637918e-06 65061
7.844392e-06 158
4.012686e-05 3
3.100077e-06 34733
1.778666e-05 1
3.663745e-05 1
8.026242e-08 1
7.287988e-06 259
1.400170e-06 1
1.035215e-05 1
4.240668e-09 1
2.998604e-06 48572
5.117989e-06 1
1.026856e-06 1
1.554351e-05 3
3.068070e-06 39098
7.529261e-06 1
3.658281e-05 4
5.028634e-06 1
7.913167e-05 1
1.619886e-05 200
9.479236e-06 1
1.038101e-05 1826
3.585289e-06 3
1.742828e-05 1
2.730883e-05 2053
1.810409e-05 7
7.657284e-06 3
7.309437e-05 1
2.570028e-05 567213
2.569090e-05 584951
1.551579e-05 1
4.500555e-05 79
2.506615e-05 1
1.916474e-06 66
2.143020e-05 3
6.532568e-05 1
1.995697e-05 1
1.275378e-05 1
1.367809e-05 1
5.320884e-06 2
7.165307e-06 1
4.920397e-05 1
5.574608e-06 1
1.897903e-05 546600
4.402756e-06 3
4.654186e-06 120
7.154801e-05 3
3.186794e-05 1
9.490046e-05 1
1.335439e-05 1
3.977158e-06 261
1.705309e-05 95
3.970964e-05 660
8.004237e-06 129
4.389192e-06 1
6.644946e-06 3
1.395346e-05 62958
1.246830e-05 57
6.406727e-06 1
2.793392e-05 1374
1.150130e-05 1
1.617058e-05 204
2.250608e-06 7
1.095917e-05 528
8.467193e-06 48
1.601850e-05 223
2.560667e-06 2
3.653731e-07 26406
1.114940e-05 3
2.196666e-05 211
3.484151e-05 1
4.780413e-07 4
9.514994e-05 2
2.866321e-05 604
6.492775e-06 4
1.839331e-05 1
1.466826e-05 1
4.392524e-05 2
5.091016e-05 1
1.624017e-05 3
1.939531e-06 61
4.071221e-05 1
2.608800e-05 5
2.369002e-05 2
2.740744e-05 1
1.439680e-05 25383
1.499593e-05 1506
2.344855e-05 70
6.826334e-06 1
2.028219e-05 1
1.814798e-06 1
3.872292e-05 1
3.812506e-05 1721
4.144795e-05 1
7.234517e-07 1421
5.156323e-06 2
4.994743e-05 6
1.192639e-05 1
3.788836e-06 1
2.199183e-06 7
3.119147e-06 4
3.349273e-06 1
5.477838e-06 1
4.714525e-06 108
3.936900e-05 3
8.164905e-06 101
7.771407e-06 1
1.919869e-05 1
1.256700e-05 1
5.250233e-06 2
4.410071e-05 1
3.148797e-05 1
3.144903e-05 99
1.573920e-05 259
3.618816e-07 1
5.666926e-06 2
4.503151e-06 1
2.404142e-06 1
4.675648e-06 2
1.042196e-05 3
6.092898e-05 1
5.270036e-06 1
5.782995e-05 1
9.229105e-06 2
5.503169e-06 1
1.445446e-05 1
5.939201e-05 3
4.329021e-05 3
1.017144e-04 1
1.102402e-05 3
2.381872e-05 1
4.823511e-05 1
3.551535e-05 1
3.340362e-05 2
1.706521e-05 94
1.499567e-06 164
4.764772e-06 98
4.461172e-05 1
1.063075e-06 267
2.047783e-05 3
1.458704e-05 4
3.658459e-06 1138
3.387602e-06 3
2.922990e-05 250
2.734543e-05 3
3.250570e-05 1
5.211930e-06 1
5.859762e-05 3
4.369020e-05 1
1.153231e-05 197
1.462487e-06 1
3.380745e-05 7
2.909283e-05 1
2.913301e-05 257
6.479634e-05 242
9.523342e-07 1
1.495503e-05 1
8.094805e-05 60
1.866336e-06 78
1.899964e-05 1
6.541249e-05 3
7.758490e-06 1
4.318803e-06 190
5.233960e-06 1
1.717219e-05 81
2.527801e-05 1
1.391972e-05 1
2.657396e-05 35751
4.409040e-06 3
4.678002e-06 1
1.247980e-05 2
6.892596e-06 3
3.774728e-05 1985
4.301949e-06 193
1.482483e-05 1
5.177753e-06 1
7.102748e-06 1
5.369028e-05 5
2.028329e-05 1
2.492858e-05 1
1.686418e-05 2
4.590965e-06 1
9.795812e-06 1
1.429626e-05 4
4.366493e-06 180
2.325021e-05 88
8.270575e-07 1
4.684746e-05 1
3.499154e-05 6
5.520646e-06 1
3.897889e-05 3
4.590456e-05 2
1.604613e-05 1
1.098319e-05 3
2.289586e-05 1
2.807394e-05 3
3.057540e-05 1
1.478256e-06 169
2.704943e-05 4
1.013204e-04 7
5.393072e-05 4
4.788310e-05 1
2.878645e-06 1
2.563112e-05 2
1.125223e-05 1
1.052292e-05 1505
6.320874e-06 28463
2.129382e-05 1
4.481139e-05 1
1.394900e-05 5
2.398599e-05 2
1.740660e-05 53
2.164349e-05 1
4.277077e-05 164
2.104474e-05 764
5.218135e-06 1
4.344216e-06 184
2.537655e-05 1
7.554186e-06 210
9.541396e-06 376689
1.953433e-05 41698
2.310853e-06 1
7.490615e-06 3
4.240622e-05 179
5.472159e-06 1
2.362005e-06 7
1.020753e-05 1
2.765911e-05 3
1.153684e-05 3
3.449404e-06 1
6.301082e-06 1
2.195709e-05 1
5.569238e-05 1
1.426262e-05 1
9.543179e-07 1
3.588523e-06 1350
3.106405e-05 2
2.585174e-05 5
1.272440e-05 1
3.154358e-05 1
8.096575e-06 1
1.218724e-05 1
3.093369e-05 1
2.844331e-05 1
6.207787e-06 4
6.907112e-06 3
5.164645e-06 2
5.565829e-06 2
2.165298e-05 3
2.099769e-05 3
4.067259e-06 1
1.366680e-05 1
2.728158e-05 3
6.209710e-06 1
1.525330e-06 1
7.007915e-06 3
1.498067e-05 1
6.922142e-06 1
1.511568e-05 1
2.579892e-06 1
1.907713e-05 1
7.481844e-06 1
2.718713e-05 1
2.813713e-05 1
9.321150e-05 7
9.993104e-06 4
2.960867e-05 3
6.620915e-06 1
2.776095e-05 1560
2.819020e-05 1
1.395665e-05 5
4.012188e-05 1
4.371783e-06 3
8.068416e-07 3
3.263152e-05 1
2.015713e-05 2066
2.444364e-05 7
4.024854e-06 1
8.822898e-06 1
7.889165e-05 1
2.619812e-05 54634
5.936826e-06 354124
5.642045e-06 6
1.679694e-05 127
3.716591e-07 1
2.799785e-05 1305
5.457383e-06 7
1.156739e-05 1
4.811808e-06 1
1.067933e-04 2
5.016188e-05 1
1.847517e-05 1
1.042607e-05 1724
1.154809e-05 1
9.198325e-06 1
1.112666e-05 3
2.179623e-05 3
1.478311e-06 169
4.744704e-05 7
2.243879e-05 1
3.954348e-05 1
2.143282e-05 1
3.023398e-07 1
2.060993e-05 1396
4.825215e-05 7
2.336014e-05 1
2.299732e-05 112
1.512316e-05 1
7.230748e-07 1422
1.768515e-05 1
2.340126e-05 2
4.835395e-05 1
2.995477e-05 199
9.790798e-06 49367
2.464385e-05 7
3.389863e-07 1
6.040249e-06 1
2.428276e-05 7
1.140649e-05 1
4.461044e-06 3
9.141550e-08 1
5.374102e-06 7
2.671488e-05 4
1.410300e-06 3
1.011896e-06 3
1.966800e-05 4
5.311676e-05 1
4.365276e-05 1
1.476672e-05 3
1.285615e-05 7
4.335300e-05 3
1.781814e-05 1
6.056281e-05 1
8.555276e-06 33
1.397811e-05 5
9.058415e-05 1
3.987876e-05 551
4.410232e-06 1
4.833405e-06 84
2.700227e-05 14609
5.704630e-05 3
1.778540e-05 1
6.268003e-06 1
1.502126e-05 1
2.704801e-05 1
1.210130e-05 1
2.570624e-05 1
8.486899e-06 1
3.728237e-05 11238
1.199570e-06 235
6.548765e-06 3
1.451385e-05 15570
1.570649e-05 1
1.680493e-05 1
2.110228e-05 681
1.619616e-05 201
1.162063e-05 1
6.913050e-06 3
4.246012e-05 1
3.156533e-05 91
2.148389e-06 13
7.038125e-06 1
3.614476e-05 1
2.076306e-06 1
1.106325e-05 1
6.138651e-05 1
9.377974e-06 1
3.076777e-06 37902
1.063699e-05 1
3.052933e-05 1
1.322315e-05 1
1.230420e-05 1
5.985810e-06 1
1.162627e-05 3
4.960417e-05 6
1.347001e-05 6
7.657591e-06 1
1.776018e-06 99
8.719588e-06 1
3.142999e-05 1
8.318662e-07 1
3.193408e-06 4
2.301279e-06 2
6.180680e-06 45139
9.807721e-06 1
9.716191e-06 57005
2.965091e-05 1
3.863965e-05 1369
4.693936e-05 1
4.768412e-06 2
1.694895e-05 1
1.160532e-06 1
1.388426e-05 1
3.916377e-05 3
2.204647e-05 1
8.698596e-06 8
3.372126e-05 1
9.613672e-06 1
1.312241e-06 208
9.529901e-07 635
8.145617e-06 1
8.388901e-06 1
1.785528e-05 1
6.306620e-06 1
9.749938e-06 53560
1.365458e-05 1
1.330071e-05 1
4.582255e-05 49
2.726624e-05 2100
2.885947e-05 1
4.196148e-05 3
2.632495e-05 48233
4.840917e-05 7
2.180126e-05 3
2.291578e-06 7
2.430808e-05 2
2.389553e-05 1
5.690829e-05 1
1.286594e-05 1
4.000085e-05 3
1.713426e-05 2
2.127967e-05 427
3.003948e-06 1
3.258277e-05 1
9.974370e-06 30669
9.508366e-06 1
1.800323e-05 2
1.857651e-06 80
1.796417e-05 1
1.070496e-05 1
1.182113e-06 1
2.312804e-05 100
2.783244e-05 1
8.776412e-06 7
2.316818e-05 96
1.354061e-05 1
6.929983e-06 3
7.559202e-06 3
6.056431e-06 1
6.966487e-06 3
3.006701e-06 5
1.163917e-05 181
2.702693e-08 510633
2.026876e-06 1
3.681172e-05 26223
2.767062e-06 577654
1.300656e-05 1
3.610404e-05 1
2.933147e-05 243
3.309262e-05 7
1.207234e-04 6
5.854168e-06 1
2.332916e-05 2
3.289083e-05 1
2.926855e-05 247
4.217758e-06 1
6.982804e-06 1
4.603227e-06 131
1.836452e-05 1
7.621621e-06 198
5.083502e-05 1
4.334320e-06 1
8.303480e-06 2
9.513009e-06 1
3.865932e-05 1
1.933135e-05 1
3.309999e-05 2
7.426711e-05 1
1.773732e-05 1
2.383913e-05 1
3.741782e-05 1
6.329954e-06 1
3.732852e-05 1
1.242792e-05 1
1.111009e-05 3
5.974565e-06 1
3.852819e-06 3
4.440880e-05 1
2.352354e-05 63
4.818258e-05 2
4.457652e-06 3
8.338947e-06 2
1.462380e-06 1
1.041333e-05 1
2.416171e-05 1
2.641740e-05 43579
2.559475e-05 1
8.510672e-06 40
7.777148e-06 1
1.666153e-05 143
5.487257e-06 1
1.463039e-05 1
1.175074e-05 1
5.993111e-06 101882
1.709153e-06 2
6.927310e-06 1
9.524372e-06 5
2.004172e-05 7895
1.567213e-06 1
8.491395e-06 44
3.864379e-05 1366
1.834579e-05 1
2.228544e-06 1
8.109549e-06 1
4.018939e-05 1
2.292691e-05 1
2.591038e-06 1
2.123393e-05 493
1.039606e-05 1
1.701836e-05 1
6.415955e-06 17202
8.357961e-06 67
1.211361e-04 6
1.273528e-05 18
2.328645e-05 2
5.455706e-06 1
6.324032e-05 1
2.841873e-05 1
2.536968e-05 2
2.014333e-06 1
6.123888e-05 1
1.227048e-05 1
1.031689e-05 1
2.848650e-05 3
1.709263e-05 91
3.288801e-05 1
1.992200e-05 1
4.505745e-06 1
4.779711e-06 1
1.321147e-06 1
1.366434e-05 1
9.341662e-06 2
2.862852e-05 3
8.102896e-06 1
8.059382e-06 1
2.894819e-06 1
6.929102e-05 178
7.208073e-05 1
6.138620e-06 5
6.173878e-05 1
2.899603e-06 1
8.566127e-06 1
9.734508e-08 104863
4.082317e-05 245
5.376494e-05 4
3.597950e-05 1
1.369583e-06 3
2.989906e-05 3
3.696792e-05 1
4.613381e-05 1
2.444952e-05 1
6.602812e-06 1950
2.400603e-05 1
1.197105e-05 131
4.010273e-08 5
2.803927e-06 1
2.784866e-06 1
3.447076e-05 1
1.215149e-06 231
3.398327e-05 1
2.060445e-05 1404
4.460893e-06 3
2.682271e-06 1
5.622844e-06 6
1.365560e-05 2
2.333122e-07 46690
1.170592e-05 171
3.056721e-05 1
5.696905e-05 3
4.994131e-05 1
4.046174e-05 1
2.265293e-05 3
1.810894e-05 1
1.757026e-05 34
2.414901e-06 7
2.466640e-05 2
2.455008e-06 2
4.381105e-05 1
3.929815e-05 1
1.608388e-05 1
5.635673e-06 1
1.777053e-05 2
1.555209e-05 480
4.156185e-06 223
2.485975e-05 7
9.710362e-06 5
1.393299e-05 5
9.753506e-06 5
3.575191e-05 1
1.004048e-05 1
1.576013e-06 1
2.259172e-05 1
2.555820e-05 1
5.538840e-06 2
1.442081e-06 1
1.223080e-05 92
5.678916e-06 1
2.040969e-05 1691
2.103506e-06 1
2.790971e-05 1
7.168286e-06 3
9.331633e-06 1
4.357120e-05 2
2.248516e-05 160
3.303259e-05 2
1.438472e-04 1
2.180924e-05 1
5.664749e-06 2
2.582920e-05 1
5.149766e-06 20
1.655204e-05 1
3.241305e-06 1
7.678822e-06 188
3.966044e-06 3
1.843591e-05 1
2.003141e-05 8581
5.871742e-06 1
5.215038e-05 128013
7.343833e-05 1
4.735265e-05 2
2.167571e-05 239
1.421873e-05 1
1.591137e-05 1
5.245695e-06 7
4.314764e-05 3
4.887488e-06 72
7.301454e-06 256
1.140019e-05 217
5.463360e-06 1
1.310256e-05 1
2.924683e-05 1
1.192497e-06 1
6.903669e-05 182
5.801823e-05 1
3.322074e-05 1
1.272931e-06 1
3.357307e-05 2
1.920727e-05 1
1.138465e-05 3
3.064184e-05 1
3.638406e-05 1
2.876159e-05 3
1.155994e-05 1
1.653004e-05 159
4.093808e-05 3
3.650241e-05 1
1.486291e-06 1
6.378697e-05 3
2.721370e-05 1
3.477025e-05 1
2.653176e-05 37869
2.343628e-05 1
1.357644e-06 1
8.023562e-06 2
9.781216e-06 1
5.577701e-06 1
1.975683e-05 1
1.809502e-05 1
2.090126e-05 971
3.044422e-05 1
6.366941e-06 4
4.310352e-05 1
8.388866e-06 1
2.298816e-05 1
3.288344e-05 1
6.119518e-06 1
1.459045e-05 1
6.419232e-05 3
4.388928e-05 1
2.658492e-05 1
6.340854e-07 1
4.563312e-06 139
4.135429e-05 3
3.156583e-05 2
4.298907e-05 3
3.991313e-05 3
2.180089e-05 1
1.349811e-05 2
1.188708e-04 1
2.521729e-05 1
8.987013e-06 1
2.298810e-05 2
1.531490e-05 1
9.568850e-06 5
8.727861e-06 1
7.124210e-06 1
2.590068e-05 5
2.428103e-06 7
1.752694e-05 2
4.758517e-05 7
9.124993e-06 2
5.164542e-05 5
2.454458e-05 7
9.978251e-05 1
4.524605e-05 70
2.766711e-05 1661
1.424409e-05 1
3.865335e-05 1
3.515370e-05 5
5.589874e-06 6
3.375833e-05 1
5.825981e-06 1
8.803204e-06 1
1.867664e-05 6
1.427180e-05 4
2.753437e-05 1806
2.066775e-05 3
5.528472e-05 1
6.203119e-05 3
5.129922e-05 664982
9.334236e-06 1
6.959418e-05 174
6.485386e-06 1
1.005299e-05 22699
2.113433e-05 3
1.567712e-05 1
7.979029e-05 1
3.381701e-05 2
5.182068e-06 1
4.337142e-06 1
2.427952e-05 1
2.556839e-05 6
4.140067e-05 1
6.925555e-05 3
9.657946e-06 1
2.574250e-05 1
3.136692e-05 1
4.833908e-05 1
1.073175e-05 1
8.169320e-06 1
2.983422e-06 1
9.377244e-06 1
3.282866e-05 1
1.341721e-07 5
1.112417e-06 3
2.464367e-05 1
6.569694e-06 1
3.522236e-05 5
8.696554e-06 1
1.920581e-05 1
2.741115e-05 1
4.996834e-07 1
3.454507e-06 1759
8.228420e-05 1
1.945529e-05 5
1.760467e-05 30
1.172793e-05 1
1.574634e-05 258
6.328813e-05 266
7.255044e-05 1
8.292730e-05 45
2.890591e-06 63399
1.783011e-05 1
3.009223e-05 3
8.499853e-06 1
1.435011e-05 1
1.445454e-05 4
2.610265e-05 5
2.010032e-05 1
3.891956e-05 3
1.037085e-05 3
3.545968e-05 5
3.038748e-05 1
8.465683e-06 1
7.748180e-05 1
1.191603e-04 1
2.578576e-05 5
9.540107e-07 632
2.514674e-05 2
3.487567e-06 1
7.797058e-05 1
2.486699e-05 1
2.436907e-05 1
1.803809e-07 5
1.094698e-05 3
4.382152e-05 2
4.045447e-06 1
5.118529e-07 4
1.211924e-05 1
1.156330e-06 3
2.106402e-05 1
9.311188e-07 710
3.171876e-05 2
2.883520e-06 64365
9.483474e-06 599536
8.110458e-06 1
4.397943e-05 1
3.955043e-06 266
6.383930e-05 1
2.572866e-05 5
2.670041e-05 29475
2.313663e-07 1
1.574143e-05 1
1.078599e-05 1
5.144600e-05 1
5.470107e-05 28049
2.771628e-05 1
1.823115e-05 1
4.128107e-06 1
7.828705e-05 1
2.159956e-05 1
5.758451e-06 6
5.862205e-05 3
4.828977e-06 84
4.424554e-06 1
3.902827e-05 3
3.010573e-06 46950
3.390324e-05 2
1.076080e-05 970
5.991730e-05 1
3.024114e-05 3
1.298838e-06 1
1.042174e-05 1
3.714146e-05 1
9.157446e-06 2
6.150161e-05 3
1.782592e-05 2
1.553205e-06 1
2.065412e-05 1331
3.983223e-06 1
7.769656e-07 3
1.527656e-05 985
2.276733e-05 1
1.940864e-05 1
1.193639e-05 1
1.943387e-05 48485
4.226598e-05 184
1.007420e-05 1
7.171818e-05 1
2.173851e-05 1
1.291269e-05 1
2.074900e-05 1192
2.620202e-05 5
4.569116e-05 54
1.435509e-05 4
5.364011e-05 5
2.697216e-05 1
1.470712e-05 1
7.793044e-06 1
3.138930e-05 102
4.105129e-05 236
2.731130e-06 1
3.969606e-05 3
2.163303e-06 1
2.110207e-05 681
2.994876e-05 1
1.891813e-05 1
2.519308e-05 2
1.002007e-07 5
4.308275e-05 1
3.378732e-05 7
3.940025e-05 1
4.272797e-05 166
3.428022e-06 1840
5.971415e-06 1
1.232178e-05 1
6.290383e-06 4
3.964196e-06 1
1.939533e-05 1
6.697072e-06 1
1.924147e-05 1
1.228723e-05 2
3.943563e-05 1
5.064513e-05 1
6.989800e-05 171
2.306511e-05 1
2.177330e-05 230
2.128851e-05 3
4.046803e-05 261
2.608318e-05 1
2.672122e-06 1
7.430246e-05 2
4.343778e-05 1
6.843600e-07 1
1.165603e-05 3
5.870840e-05 1
2.951728e-05 1
7.286216e-06 259
2.348721e-05 67
9.790643e-06 1
2.495894e-08 522261
1.187133e-05 3
4.393792e-05 2
1.287776e-07 1
3.261863e-05 2
1.483937e-05 1
2.592854e-06 6
7.216956e-07 1
2.615740e-05 1
3.488022e-05 2
5.729607e-06 1
1.283044e-05 1
1.514869e-05 1222
8.379223e-05 1
4.188738e-06 1
7.624502e-06 3
1.518783e-05 3
1.630228e-05 188
2.746044e-05 3
3.736778e-05 8557
3.111466e-08 1
6.888065e-06 1
5.412213e-05 4
3.833336e-05 3
1.061513e-04 1
7.530214e-05 2
4.714401e-05 7
1.540552e-05 1
5.747043e-05 3
3.347858e-05 7
1.732465e-05 1
2.171045e-05 236
1.660730e-06 126
2.114867e-06 1
1.445659e-07 60379
3.960946e-06 1
3.879794e-07 1
5.030826e-05 2
1.531438e-05 3
6.170782e-05 1
1.723004e-06 2
1.138403e-05 3
2.288846e-07 1
4.704537e-05 1
4.866937e-05 1
1.251001e-05 51
1.224172e-05 2
5.260084e-05 1
5.720734e-06 1
1.032923e-05 3
1.747880e-05 1
9.644479e-05 2
4.722141e-05 1
6.267907e-06 1
2.500396e-06 6
1.577146e-05 254
3.362365e-05 7
1.774715e-05 2
5.506256e-06 7
3.732948e-06 912
8.460979e-05 1
4.613782e-05 2
2.938812e-06 1
1.302137e-06 1
1.400655e-06 1
5.514385e-06 2
1.279819e-05 1
2.866461e-05 3
7.485055e-06 3
7.286142e-06 1
3.586445e-05 1
3.177626e-05 1
2.755136e-05 1
2.295495e-05 116
1.681544e-05 1
8.094113e-06 2
1.505212e-05 1401
4.097021e-06 3
1.263992e-05 32
1.722781e-05 2
3.769859e-05 3
6.199324e-05 1
4.097706e-05 3
8.912585e-06 2
5.351660e-06 7
3.811596e-06 3
1.435120e-05 1
5.030539e-05 6
2.472423e-05 1
3.985006e-06 1
4.765442e-06 2
1.147491e-05 3
1.474144e-05 3
3.404276e-05 2
1.377396e-06 1
6.071887e-05 3
5.253504e-06 7
3.167740e-05 2
4.046077e-07 20405
1.028012e-05 1
2.147429e-05 3
8.887830e-06 7
2.254092e-05 155
8.083405e-06 2
9.496865e-07 3
5.696394e-06 6
4.801832e-05 7
1.329795e-05 6
5.083926e-05 2
2.243415e-05 1
6.771977e-06 1
3.073711e-05 1
2.285815e-06 1
6.408351e-06 4
2.850659e-05 767
1.439258e-05 4
1.450209e-05 4
4.552132e-06 141
1.583569e-05 1
1.634699e-05 182
2.472692e-05 1
1.425988e-07 1
2.565660e-05 1
3.621086e-06 1251
2.779761e-05 1
5.366187e-06 1
4.340463e-05 3
2.882518e-05 1
4.448433e-06 1
6.454538e-06 4
2.406091e-05 2
2.234074e-06 1
3.330528e-05 1
4.093622e-05 3
3.665938e-05 31132
1.047360e-06 315
1.301983e-05 7
8.481554e-06 1
1.350550e-06 199
7.156291e-06 488
2.172776e-05 1
1.374589e-06 3
6.516510e-07 1
1.214956e-05 104
2.234161e-05 1
5.067372e-05 6
3.274819e-05 1
1.338992e-07 1
3.274390e-06 4
4.972862e-05 6
1.007494e-05 20491
2.904155e-06 1
5.151632e-05 1
6.241583e-05 462
4.875506e-05 1
7.638353e-06 1
1.449149e-05 1
1.105202e-05 322
1.832557e-05 7
4.416656e-05 110
3.465286e-05 1
1.867598e-05 2
5.871485e-05 1
7.779602e-05 1
3.579168e-06 1
9.200916e-06 1
2.029739e-06 1
4.401694e-06 1
1.276383e-05 14
2.060603e-05 3
9.054811e-06 1
2.883163e-06 1
1.222853e-05 1
2.056353e-05 1
1.018703e-05 1
1.984910e-06 1
8.713354e-05 1
1.841291e-05 6
7.269108e-05 137
7.136180e-06 3
4.951281e-06 1
3.277070e-05 1
1.004555e-05 23455
7.626672e-06 1
2.931465e-05 3
1.849923e-05 1
1.489579e-05 1
2.652525e-05 1
1.588881e-05 1
2.359008e-05 57
1.743333e-05 1
2.630132e-05 1
4.051436e-06 1
5.657822e-06 6
5.222701e-05 5
2.343030e-05 72
1.092811e-05 597
2.664436e-06 2
4.982178e-05 6
3.903324e-05 1104
1.140655e-05 3
5.813037e-06 2
2.719832e-05 1
5.260287e-05 5
7.354935e-05 128
7.520135e-06 1
8.214321e-06 1
6.503610e-06 6852
8.170407e-06 2
4.847649e-06 1
3.575757e-05 60873
2.885396e-05 406
1.084907e-05 3
2.282280e-05 2
1.075143e-05 1
8.706192e-08 164012
3.853163e-05 1
4.395806e-05 2
7.353813e-05 2
3.419349e-07 4
4.956688e-06 58
3.903825e-06 1
3.561053e-05 65848
1.800770e-05 1
2.876278e-06 1
2.040379e-05 1699
6.160009e-06 47603
2.078670e-06 1
1.413868e-05 1
3.834934e-06 1
1.253758e-06 1
1.555999e-05 1
2.835449e-06 5
3.349017e-07 1
3.330711e-05 2
2.608627e-05 1
1.154517e-06 1
1.843346e-06 1
3.155293e-05 2
5.186321e-05 1
3.710945e-05 16716
7.262064e-06 3
1.369888e-05 1
1.721709e-05 1
4.090704e-05 1
1.344761e-04 1
3.062342e-05 3
1.420518e-05 1
1.484940e-06 1
2.102213e-05 1
1.976386e-05 26326
1.383841e-05 1
3.597235e-05 53705
5.566896e-05 1
2.570335e-07 5
1.555509e-05 1
2.398531e-05 21
2.794985e-06 1
4.014319e-05 3
3.812309e-05 1
1.578213e-05 253
7.216303e-06 1
4.965574e-07 1
5.893494e-05 1380
4.267423e-05 168
1.912806e-05 1
2.717397e-06 1
2.916657e-06 59811
2.051191e-06 1
1.310805e-05 2
5.106931e-05 1
3.971044e-05 1
9.722827e-06 1
4.277255e-05 3
1.070432e-05 3
1.518624e-06 159
8.198969e-05 1
1.499997e-05 1
2.744990e-06 2
1.840874e-06 2
3.618357e-06 1259
2.359345e-05 57
1.753010e-05 1
4.305839e-05 153
8.156973e-05 1
5.683012e-05 2006
5.052150e-05 1
5.069842e-05 6
1.510588e-05 1301
1.904761e-06 69
1.373700e-05 1
2.237389e-05 171
3.312682e-06 4
4.115066e-05 3
2.261315e-05 3
3.910952e-05 3
1.617272e-05 204
2.414985e-05 2
3.676612e-06 1
2.535449e-05 6
2.914303e-05 1
6.337828e-05 265
5.598014e-06 1
1.530083e-06 1
2.655975e-05 4
1.095844e-04 2
3.053499e-06 4
6.799610e-06 1426
9.462475e-06 1
4.492915e-05 81
5.992582e-05 1
5.059768e-06 1
1.914464e-05 1
4.518944e-05 1
4.810153e-06 1
6.040180e-05 1
2.262140e-05 147
7.089851e-06 1
6.754040e-06 1
5.548603e-06 6
4.847746e-05 2
2.337631e-05 1
5.492571e-06 7
5.404545e-05 37994
6.240067e-06 1
2.036106e-06 39
7.556678e-05 1
2.059881e-06 33
1.472644e-05 3
1.284792e-05 1
1.765888e-06 1
5.598123e-06 2
1.531081e-05 3
1.737599e-05 1
6.317862e-06 1
2.050149e-05 1
9.445962e-06 6
1.570504e-06 3
1.020796e-05 4
1.551009e-06 3
1.179282e-05 3
1.797415e-05 7
2.925808e-06 1
1.527159e-05 3
3.160229e-05 89
2.826472e-06 1
5.766567e-05 3
2.288330e-05 1
2.436175e-06 1
2.619139e-05 1
1.392228e-05 5
2.063654e-05 1
4.592030e-06 2
4.532423e-05 1
3.581241e-05 1
9.256590e-06 6
1.694042e-05 1
1.375306e-05 1
1.723492e-05 1
1.563747e-05 325
1.472970e-05 2005
7.572619e-06 1
3.225647e-05 1
1.967504e-05 1
1.266330e-05 28
5.222375e-06 1
2.051817e-05 3
2.781720e-06 502553
3.289105e-06 1
7.982198e-07 1
7.643889e-06 1
3.003947e-05 193
2.447058e-07 1
3.448249e-06 1778
5.083438e-05 1
2.127552e-07 49853
1.116423e-04 6
7.898320e-06 1
7.484655e-06 1
9.948474e-06 33302
3.684304e-05 4
2.080852e-06 1
4.563804e-06 1
3.196919e-05 65
1.310677e-05 1
1.293161e-05 1
1.802386e-05 1
1.227368e-05 1
1.503680e-05 1
5.511696e-05 1
3.239764e-06 1
1.567411e-05 3
5.640906e-06 2
4.129991e-06 229
7.579951e-06 1
4.098695e-06 236
1.299765e-05 7
4.381566e-05 1
3.559332e-06 1439
4.472925e-06 158
1.135467e-04 2
7.886184e-06 1
3.395450e-06 1
2.973139e-05 1
1.034767e-04 1
1.216927e-05 1
2.916765e-07 4
3.306475e-07 1
1.102633e-05 379
4.464354e-06 1
3.655993e-05 1
1.761251e-05 1
3.371669e-06 3
6.593255e-06 1976
7.426723e-05 2
2.493358e-05 1
2.958023e-05 225
5.415874e-06 1
2.164697e-04 6
9.185965e-07 1
2.302985e-05 2
6.436871e-05 249
1.121088e-05 247
3.905137e-05 1
9.318862e-06 6
1.305768e-05 1
5.068314e-05 2
5.975390e-06 1
4.238968e-05 179
1.944226e-05 5
2.625816e-05 1
7.893258e-07 1
1.466589e-05 1
1.746554e-05 2
4.238599e-06 3
9.324101e-06 6
4.026731e-05 303
2.285297e-05 126
1.336765e-04 1
2.878008e-05 1
6.485689e-06 8958
9.096462e-06 6
7.757847e-06 3
1.080879e-05 863
6.145584e-06 1
5.070902e-05 1
2.711826e-05 1
4.326244e-05 1
1.007118e-05 20862
2.823346e-05 1055
7.086104e-05 1
5.287327e-06 2
6.243518e-05 3
4.372773e-06 1
3.984815e-06 1
6.397601e-06 1
2.199384e-05 3
1.228686e-06 1
1.223465e-05 2
3.015553e-06 1
2.090021e-05 1
2.388610e-05 1
9.891250e-06 39116
8.787316e-06 1
1.494168e-05 1
5.583729e-06 6
4.646255e-05 27
2.408045e-05 1
2.375237e-05 42
1.652202e-06 1
6.061444e-07 1825
7.151267e-06 1
4.379089e-05 124
2.127771e-05 1
1.652852e-05 1
8.823736e-06 7
3.394485e-05 2
2.659966e-05 1
3.825363e-05 1
2.755130e-05 1787
4.259545e-07 1
4.840449e-06 1
3.896552e-06 1
6.654145e-06 1
1.975408e-05 26973
3.570747e-05 62576
1.239697e-07 1
3.362278e-06 1
3.566313e-05 1
9.783124e-06 1
2.030891e-05 1840
5.815616e-06 6
7.929634e-06 143
2.552209e-05 6
5.962094e-06 1
6.765268e-06 1517
6.372665e-05 259
1.151278e-05 1
1.047973e-05 1602
5.093343e-06 2
3.703285e-05 4
3.365798e-05 2
2.791966e-05 1389
2.597506e-05 65996
1.192216e-05 1
3.551947e-05 1
1.588757e-06 1
1.185896e-05 3
9.789882e-05 2
1.704588e-05 2
1.640089e-05 1
8.683926e-06 1
3.945907e-05 823
2.152140e-06 12
3.426982e-05 6
1.030873e-05 1
3.089153e-05 1
7.192593e-05 1
1.186650e-05 1
7.784988e-07 3
1.708340e-05 1
1.885097e-05 1
3.490651e-05 1
1.000774e-05 1
1.501922e-05 3
3.446443e-05 1
1.305164e-05 1
9.876712e-06 4
9.203813e-06 1
1.229157e-05 83
2.674264e-05 4
1.044016e-05 1
1.079184e-05 1
2.754003e-05 1800
4.761225e-06 1
2.498363e-05 1
1.577449e-05 254
