3.181241e-04 1
5.722232e-06 1
2.850080e-05 155
1.522911e-04 1
8.839090e-05 214
5.322741e-05 1
1.259326e-04 1
4.146911e-04 1
2.169667e-06 1
1.783358e-04 1
6.370546e-05 4
9.815767e-06 1
2.056614e-04 1
1.108740e-04 3
9.247001e-05 357
1.384252e-04 1033
7.951819e-05 1
3.861336e-04 242
1.564579e-04 7
9.289890e-05 1
2.018859e-04 1
1.216091e-04 1
6.258471e-05 1
2.661447e-04 6
4.947693e-05 1
1.197182e-04 1
4.296151e-05 6
4.163608e-06 77
5.858211e-05 1
6.721785e-05 1
1.487772e-04 1
2.368072e-05 1
3.204555e-05 3
1.078287e-04 3
1.165181e-04 1
8.546105e-05 3
1.061778e-04 1
1.743602e-04 1
3.788491e-05 1
7.378076e-06 2
8.886194e-05 3
4.098161e-05 113
5.039400e-06 1
9.417392e-05 38630
2.496234e-04 3
5.497873e-05 1
2.761041e-05 7
2.403866e-04 1
3.499961e-04 3
1.160663e-04 243
7.315180e-06 1924
2.832639e-05 1
2.265339e-05 46
1.342608e-04 2
3.387990e-05 6
9.733501e-05 2
1.067174e-04 1
2.189546e-04 1771
8.154598e-05 3
1.802121e-05 1
6.445785e-05 35
9.381053e-05 1
7.648869e-05 4
1.838434e-04 3
4.085915e-04 1
1.417471e-04 7
1.162346e-05 1
1.139837e-04 1
2.240544e-05 1
6.761950e-05 178
9.377492e-05 1
2.982019e-04 1
6.799567e-05 1
1.458365e-04 1
5.546390e-05 2
5.032312e-06 6
4.241695e-05 64712
9.855925e-05 1
1.527001e-05 1
1.747804e-04 3
1.912893e-04 1
2.797415e-05 6
9.386192e-05 41987
1.851725e-05 1287
5.596498e-05 1
3.487814e-04 1175
1.076778e-04 1
5.039605e-05 50611
3.764675e-04 6
1.734963e-04 6
3.951006e-04 1
1.219749e-04 2
2.540126e-04 3
1.210871e-04 1170
3.524594e-05 221
9.940554e-05 1
6.201266e-05 766
2.944038e-05 1
4.925018e-05 1
3.301348e-04 1
3.741508e-05 1
8.590756e-05 15573
6.852436e-06 2
6.811431e-05 2
1.573085e-04 1107
4.258474e-04 1
5.780323e-05 1
3.102181e-05 1
3.176368e-04 1
9.409597e-05 1
4.303376e-05 1
2.336081e-04 1
1.755566e-04 1
4.250953e-05 2
1.012839e-05 1
1.199837e-04 6
1.466374e-04 2
3.130407e-06 1
1.194718e-04 1
1.308804e-05 3
1.692636e-05 1
1.952711e-04 2
4.883236e-04 7
3.006339e-05 4
2.859820e-04 1
3.310307e-05 29716
3.133372e-04 1
2.100102e-04 2
5.215599e-05 1
5.406740e-05 1
2.853431e-05 615675
3.485531e-05 2
1.111463e-04 129
1.024394e-04 2
9.109917e-05 2
3.723084e-05 1808
7.979876e-05 1
5.357729e-05 1
5.375389e-05 2
1.670502e-05 214
6.300863e-06 1
1.503350e-05 1
5.950914e-05 1
1.750442e-04 1
2.179715e-04 1
4.485356e-05 1
3.948884e-05 2
7.679666e-05 6
3.336431e-05 752
1.747057e-04 1
1.431311e-05 6
8.686357e-06 1
4.088350e-04 5
8.606752e-05 1
7.340479e-05 1
4.655571e-05 1
3.831854e-04 2
7.623216e-05 262
1.829767e-06 262576
7.315792e-06 1
1.215811e-04 1
1.148070e-04 49086
2.287411e-05 7
3.779658e-05 1
1.359571e-05 2
1.809452e-04 1
1.256193e-05 1
8.903125e-05 1
8.261639e-05 1
4.292193e-06 503
5.517386e-05 1165
2.483300e-05 37193
2.230275e-04 1
2.070201e-04 1
1.053845e-04 112
6.613143e-05 1
1.098991e-04 68
5.464522e-04 1
1.933591e-05 1280
5.490368e-06 1
2.194893e-04 1
2.079365e-05 1
1.223206e-04 1
4.361568e-05 201
9.400526e-07 1
7.638126e-05 180
9.374715e-05 1
3.751181e-05 1
3.556088e-05 3
3.141157e-04 7
5.382618e-06 3
3.628737e-04 1
4.318481e-05 1
6.962425e-05 1
1.111824e-05 1
9.789230e-05 1
1.385365e-04 3
7.191099e-05 1
1.934950e-04 1
1.607026e-05 1
1.142853e-05 51
4.849374e-04 68
5.068034e-05 4
7.236338e-05 4
1.202306e-04 1
6.878987e-05 4
1.758979e-04 2030
4.223192e-05 1
5.861444e-06 1
3.081227e-04 1
1.693481e-04 26
5.936945e-05 1
2.550698e-05 3
8.038802e-05 3
2.684237e-05 14820
3.115317e-09 5
8.296393e-06 5
4.158120e-05 97
2.031276e-04 2
5.340561e-05 2
1.670012e-05 1
4.276856e-06 1
1.066644e-05 1
1.257998e-04 1
2.073032e-04 1
2.596625e-05 1
6.791817e-05 2
1.901171e-05 1431
1.809939e-04 3
1.817942e-05 1
2.483696e-05 1
7.086717e-05 1
1.523126e-04 140
1.486900e-04 4
1.674913e-05 1
7.159917e-05 418
1.314046e-05 4
1.022653e-04 7
1.041349e-04 6
7.325753e-06 198
3.264984e-05 4
2.496270e-05 2
3.219847e-04 1635
5.016875e-05 190
3.172169e-05 1
1.377388e-04 42400
2.149272e-04 1
3.956855e-05 6
7.751361e-05 3
6.297199e-05 1
3.198301e-05 1
4.341135e-05 1
9.062909e-05 1
7.401322e-06 5
8.467127e-05 2
2.232780e-04 5
4.814031e-05 241
2.609994e-05 1
1.274212e-04 1
1.504208e-05 1
5.197648e-05 144
2.908189e-05 2
8.774416e-05 3
1.866932e-04 1
2.237362e-05 1
5.007397e-05 2
1.605485e-04 1777
2.492285e-05 212
1.798785e-05 1
7.340762e-05 1
1.089390e-06 347
2.225041e-05 165
1.105816e-05 1
8.949070e-05 88
2.137528e-04 1
4.064068e-05 1
4.463595e-04 149
4.693305e-06 1
1.194032e-04 1876
8.576614e-05 7
1.450615e-04 1
4.132492e-06 184
1.696138e-05 3
4.319023e-06 1
7.657817e-05 1
4.848576e-06 1
1.712396e-04 2
4.694749e-05 1
1.668232e-04 3
6.900075e-04 6
8.220864e-07 1
2.544400e-05 1
1.409328e-04 1
3.198852e-05 6
2.922645e-05 7
2.017167e-05 2
7.782536e-05 124
1.680083e-04 1
7.720493e-05 3
3.540970e-05 1
1.160909e-05 3
1.426892e-04 1
1.616960e-06 173
1.640611e-04 3
8.613043e-05 1
4.325283e-05 1
1.309840e-05 1
3.244492e-04 10575
7.501007e-05 1
1.335696e-05 1
1.572303e-04 1
3.433621e-05 1
9.914423e-05 3
1.025139e-05 1
1.572676e-04 330887
2.827460e-04 1
5.347662e-05 2
8.810337e-05 6
7.974976e-05 112
4.460651e-05 1
1.248596e-04 1
5.471401e-05 1
1.828401e-04 1
1.101508e-04 250
1.317366e-04 688
1.302740e-04 7
2.125411e-05 1
7.147721e-05 1
1.004057e-04 1
4.416323e-05 1
2.202354e-04 1
2.341233e-04 1
7.628944e-05 1
4.336832e-04 5
1.047210e-04 2
1.766340e-04 1
2.570365e-04 1
4.175126e-05 1
5.142889e-05 158
1.945924e-05 1
1.813500e-05 7
1.854125e-05 1
1.634679e-04 1
1.409438e-04 1
6.827457e-05 1
3.214009e-04 1
8.365632e-05 1
3.776861e-04 4
2.103963e-04 3
7.259923e-05 1
4.545413e-05 1
1.121587e-04 1101
9.569819e-05 2
6.535390e-05 1
9.134711e-05 2
2.389166e-05 165
1.150915e-04 1
1.709969e-05 1
1.058565e-04 1
1.391099e-04 1
4.859671e-05 1
4.054856e-05 3
5.319431e-05 2
6.899120e-05 3
3.713147e-05 3
3.239715e-05 1
1.082633e-04 6
5.240391e-05 625
2.204680e-04 6
1.671305e-04 3
3.168406e-05 22719
8.761716e-05 2
9.784357e-05 3
1.779382e-04 109
3.355265e-04 2
2.056471e-05 60
1.235437e-04 165
9.476237e-06 3
1.007425e-04 1
2.893717e-04 1
7.321003e-05 1
1.442539e-04 1
1.182839e-04 5
5.083744e-05 1
3.629584e-05 1
6.294426e-05 1
5.658543e-05 6
8.655355e-05 1
2.562525e-04 4
6.778698e-05 1
1.742552e-05 2
7.442923e-06 1
4.518489e-05 1
1.026450e-04 1
3.313379e-05 123
1.114025e-04 1
5.417675e-05 1
3.522899e-04 1
1.164935e-05 2
1.511299e-04 1
2.405883e-05 266
6.583484e-05 2
4.036169e-05 1
1.254399e-04 5
1.076730e-04 1
3.399351e-04 1
1.104002e-04 2
8.840298e-05 2
1.001120e-04 2
2.545831e-06 1
3.357626e-05 1
6.974998e-05 1
2.625085e-05 1
3.904220e-06 1
1.722306e-04 1
3.399735e-04 2
5.084604e-05 1
1.559375e-05 1
6.330884e-05 1
7.461878e-05 4346
5.081558e-05 1
1.649128e-04 1
1.157182e-04 3
3.436578e-05 246
5.659701e-05 1
4.517796e-07 1
1.054342e-04 1
1.737159e-04 1
1.681552e-04 1
1.101298e-04 12
4.266158e-05 2
2.335501e-04 4
8.909838e-05 1
8.051202e-06 1
1.147499e-04 3
3.006304e-05 1009
7.713615e-05 1
2.324926e-04 5993
2.228733e-04 4
1.505017e-04 2
2.445077e-04 1
3.167350e-05 2
1.639635e-05 2
1.265351e-04 1
1.711512e-05 7
2.408146e-05 3
4.602028e-05 5
1.219779e-04 1
1.397448e-04 1
5.243532e-05 6
1.230105e-05 1
6.727430e-07 3
1.423082e-04 1
3.818723e-05 38142
1.084529e-05 2
1.367678e-04 3
6.518484e-05 1631
1.951419e-04 160
1.045968e-04 6
1.265163e-04 1
1.634756e-06 1
1.134100e-04 1
2.439370e-04 1
3.579148e-04 261
8.031021e-05 2
4.154161e-05 1
6.412076e-05 1
7.289882e-05 3
3.323388e-04 1
1.304837e-04 1
8.921808e-05 1
3.092954e-05 1
2.411134e-04 1
1.109400e-04 1
1.913916e-05 3
4.320801e-05 1
1.108096e-04 1
5.611166e-05 1
2.528016e-04 172
1.531085e-04 2
2.589937e-05 235
1.080962e-04 2
2.009437e-04 5
3.266116e-05 1
1.651181e-04 3
2.664313e-04 1
5.536913e-05 348
2.288238e-05 1
8.949697e-06 1
2.823154e-04 7
9.106329e-04 1345
3.746322e-04 3
6.513052e-05 1
1.150194e-06 1816
1.661914e-04 1
3.979812e-05 6
3.163098e-05 1473
2.984329e-05 5
3.475722e-05 49
1.562439e-06 1
1.367130e-04 1
7.744426e-06 1
1.748879e-04 276
1.036076e-04 3
3.354253e-05 1
5.200104e-05 1
4.142061e-05 1
1.899710e-04 1
1.396607e-04 174
3.727330e-05 1
8.264323e-05 2
3.371767e-04 5
1.584163e-04 1
9.511537e-05 1
4.781885e-05 4
4.317087e-05 3
4.211424e-05 1
1.117598e-04 41
8.047881e-05 3
1.312363e-04 1
8.599511e-05 4
6.446455e-05 1
9.195083e-05 18
3.826922e-05 1
1.348210e-04 1
1.956939e-04 3
6.469285e-06 1
2.239290e-04 2
2.250262e-04 3
1.285363e-04 3
3.586496e-04 2
1.390679e-04 1
3.052266e-04 1
3.253431e-05 1
4.546765e-05 4
3.933130e-04 1651
8.573855e-05 1
4.574810e-05 1
1.325442e-04 4
1.996462e-05 1
3.591640e-05 6
1.883594e-04 2
6.611555e-05 1
6.012839e-04 2
3.142768e-04 39
1.092903e-04 1
1.665776e-04 584
9.577857e-05 37939
3.113938e-05 1
1.153139e-06 1
3.865543e-05 1
1.030144e-04 4
2.194163e-05 3
7.969976e-05 1
3.700393e-04 7
9.451763e-05 6
8.694426e-05 1
5.357302e-05 1343
4.432503e-05 235
1.247665e-05 11421
2.003480e-04 1
2.654278e-04 1
5.667916e-05 1
2.350988e-04 1
1.464306e-04 1
1.598213e-04 5
6.362191e-06 4
2.056067e-04 1
6.801589e-05 3
1.176462e-04 1
6.231942e-05 1
4.509099e-05 2
1.740957e-04 1125
4.938703e-04 750
4.502149e-05 1
1.906294e-04 2
2.132694e-04 64
7.212792e-05 3
1.147984e-05 4
5.365150e-05 1
2.722361e-05 1856
1.862900e-04 1
7.913628e-05 2
4.578231e-05 1
2.890440e-05 3
1.926277e-04 1
3.100223e-05 1
2.512724e-04 7
3.066318e-05 41571
1.520604e-04 1
8.337270e-06 1
3.076615e-06 1
1.793972e-04 1
2.395084e-04 1
1.923581e-04 1
1.140117e-05 1
4.203176e-04 1
2.709526e-05 1
1.121568e-04 1477
1.697908e-04 917
9.179485e-05 1
5.260490e-04 100
1.151105e-04 124
7.803142e-05 1
9.919627e-05 159
1.380551e-04 1
4.877773e-05 1
1.779394e-04 83
2.492058e-04 56
4.094512e-05 5
1.426295e-04 3
1.101804e-04 1
1.114343e-04 1
1.088446e-04 1
1.392450e-05 1
4.477354e-05 6
1.376313e-05 3
3.166392e-04 1
1.529188e-05 1
5.800974e-05 1
1.841336e-04 2
8.368467e-05 8581
2.412358e-04 1
5.807648e-06 7
8.902618e-05 2
1.955548e-05 252
4.876121e-05 1
4.398071e-05 1
8.700537e-05 27
2.091566e-04 6
1.486752e-04 1
5.142605e-05 1
1.771416e-04 2
2.446915e-04 1
3.225634e-05 69
1.167447e-04 47
1.046104e-04 3
1.973000e-04 3
3.160974e-05 40560
1.193042e-04 2
1.085701e-04 3
5.140512e-05 2
1.866865e-05 1
8.097830e-05 7898
2.293176e-04 7
1.791926e-05 461901
6.894066e-05 1
7.491013e-06 219
4.717116e-05 1
2.874027e-07 3
5.520350e-05 400258
1.330963e-04 1
4.138756e-05 1
1.232068e-04 2
1.669063e-04 1
3.221410e-05 3
2.478709e-05 7
5.143104e-06 1180
3.537602e-04 3
5.680488e-05 3
2.900997e-04 1
1.203366e-04 1
2.111991e-05 1581
1.261153e-04 7
2.754592e-05 211
7.604585e-05 1
6.643742e-05 1
2.801986e-06 1
3.020200e-06 1
4.159598e-05 29111
3.085885e-04 5
5.787718e-05 1
6.800735e-05 1
1.376107e-04 1
2.367614e-05 13
1.212967e-04 1
8.374764e-05 1
5.750071e-05 41442
3.942485e-05 3
4.123349e-05 212
1.132775e-05 3
6.558083e-05 3
3.830316e-04 1
1.106860e-05 2
1.228258e-05 1
5.307255e-05 170
1.744911e-04 1
9.792783e-06 3
1.640960e-04 3
2.461319e-04 45959
2.887480e-04 220
8.486675e-05 3
7.890527e-05 1
2.215962e-04 1
1.076075e-04 67407
3.728985e-05 1
1.185863e-04 3
1.880665e-04 2
2.213559e-05 1
9.534701e-05 5
2.569012e-05 4080
4.908733e-04 1
4.665456e-05 1
2.274020e-05 1
1.105109e-04 1
3.948768e-05 1
2.242299e-04 3
1.578225e-04 30
2.087272e-05 1
4.165319e-05 61089
2.667085e-05 1
1.448495e-05 585
1.736277e-04 3
1.464528e-05 205
3.436038e-05 1
1.389794e-04 1
7.588502e-05 1
2.498415e-04 3
8.692662e-05 270
1.399480e-04 3
6.453972e-05 2
2.101574e-06 49
6.411567e-05 1
4.078447e-04 7
1.120855e-04 1
3.093837e-04 1
1.758940e-04 127
1.164027e-07 1
1.178408e-04 1
2.693255e-05 1
1.779457e-04 3
8.295139e-05 2
3.437537e-05 3
1.486942e-05 171
3.267120e-04 114
1.769203e-05 4
1.683935e-04 167
5.111078e-06 6
1.442523e-04 7
5.815765e-05 1
9.095539e-05 1
1.056970e-04 1
6.128968e-05 1
1.364108e-04 1
1.359605e-05 1
1.096002e-04 1
2.269581e-05 13393
4.762655e-05 1
2.941686e-04 2
9.437588e-05 1
2.149992e-05 3
4.442571e-05 7
1.159223e-04 5
1.888537e-04 1
3.564420e-05 1
5.334602e-04 1
2.563682e-04 236
8.766443e-05 1
1.788874e-04 1
1.548023e-04 3
1.069867e-04 1
4.389805e-05 2
2.563810e-04 130
5.190538e-06 2
1.294159e-04 88
1.633730e-04 1
1.666674e-04 1
6.378640e-05 1
4.753910e-04 2
5.061020e-05 2
6.514867e-05 1
1.476812e-04 1
1.506939e-04 2
5.761073e-05 2
1.656524e-05 1
3.840253e-05 1
2.050426e-05 6
2.212695e-05 57650
6.347846e-06 1
6.978268e-05 1
3.152589e-04 1
3.295993e-04 1
4.419868e-05 1
2.477658e-04 3
1.090445e-04 1
5.032547e-05 1
7.932739e-05 147
6.648387e-05 1
2.165411e-04 1
5.821883e-05 1
2.344167e-04 49
1.262323e-04 1
7.543438e-06 1807
1.727457e-04 101
3.851390e-05 1
3.362239e-06 1
1.000639e-04 1
1.250822e-04 1
1.846604e-05 3
1.132729e-04 4
1.783515e-04 35152
2.954973e-04 1
9.259217e-05 1
8.896498e-05 4
9.697741e-05 1
1.367052e-04 1
1.369338e-04 233
4.813785e-06 2
6.098020e-05 194
6.399527e-06 1
3.602011e-04 552917
9.019327e-05 1
2.694416e-05 1
3.791647e-05 171
1.465525e-04 228
1.322845e-04 1
9.472091e-07 252
1.986179e-05 2
1.291044e-04 1
7.977810e-05 1
2.750889e-04 1
2.187829e-05 230
2.120229e-05 7
1.024806e-04 3
3.300382e-04 2
2.447799e-04 1
1.361983e-04 1
1.883604e-04 3
1.177097e-04 1
6.530073e-05 1
1.813976e-05 2
3.578630e-04 1
3.071811e-04 5
1.034942e-04 3
1.188475e-04 2
6.349371e-05 1
6.820721e-05 1
1.468227e-04 1
8.147514e-06 6
1.429125e-04 1
1.300265e-04 1
2.418786e-05 1
2.675390e-04 5125
1.464642e-06 100
1.436181e-05 6
3.860643e-04 4
1.563077e-04 1
1.314861e-04 1
1.682464e-04 1
9.897314e-05 1
9.028709e-04 2
4.871027e-05 1
2.477821e-05 4
5.367173e-05 2
4.115732e-04 1
2.150573e-04 2
2.200843e-04 22
9.140408e-05 3
1.064952e-04 3
7.960462e-05 1
1.288455e-04 1
4.707477e-05 1
8.167195e-05 1298
1.574158e-04 1
1.519494e-04 223
1.325461e-04 1
1.136226e-04 3
7.930006e-05 6
3.064339e-04 1464
4.617480e-05 1
1.844938e-04 2
2.225962e-05 1
1.825424e-04 1
7.089598e-05 1
2.009809e-04 1
2.125797e-04 28056
2.281139e-04 2
5.734207e-04 1
1.357254e-04 1
1.877831e-04 1
9.247286e-05 1
2.658448e-04 170
9.774754e-05 1
3.675824e-05 5
7.786136e-05 2
1.010226e-04 1
2.112749e-04 209
8.699951e-05 1
1.353458e-04 1
5.053577e-05 1
4.438892e-05 233
2.376833e-04 1
1.325950e-04 1
1.821754e-04 3
5.055562e-05 1
3.345868e-05 1
6.221186e-06 106
2.159444e-04 4
1.654671e-04 1
6.694343e-05 1457
9.580279e-05 1
4.816820e-05 1
1.698115e-05 6
1.577551e-04 84
6.428592e-05 2
2.786754e-05 1
3.211458e-05 126
2.422474e-04 1
5.512660e-05 2
6.155600e-05 21
4.832909e-05 157
6.262091e-06 1
1.040293e-03 1
3.372645e-05 1
3.568186e-06 1
2.237988e-04 2
3.613353e-06 1
3.732068e-04 940
2.150619e-04 2
9.983008e-05 61530
7.937413e-05 3
1.009536e-04 1
2.316670e-04 1
7.278924e-05 2
4.024649e-04 7
1.029176e-05 2
4.744048e-05 3
1.035430e-04 1
2.104603e-05 3
5.782597e-05 1
1.001967e-04 1
3.098370e-05 2
1.453440e-04 37223
1.498661e-04 1
1.758966e-04 5
1.167787e-04 899
1.205662e-04 4
6.735768e-05 51
2.840091e-04 3
3.149445e-04 761
6.138851e-05 264
4.966433e-05 70
9.751877e-06 1
2.612294e-05 1
2.916103e-04 3
3.999294e-05 1
2.013331e-05 3
1.751528e-04 213
2.509359e-04 1
1.620562e-04 442
1.071779e-04 5
1.248361e-05 1
1.565034e-04 255
1.860265e-04 1
2.038991e-05 3
1.187105e-04 1
2.408735e-05 2
4.255322e-05 1
1.288124e-04 1
6.673098e-05 1
3.345670e-05 140
1.811483e-04 1
2.570346e-04 1
8.783959e-05 1
8.863110e-05 2
1.193441e-04 1
1.346145e-04 102
2.497765e-04 2
8.640089e-05 1909
7.723084e-06 7
2.461045e-04 1
7.908907e-05 179
3.616877e-04 1
1.143866e-05 1
1.695464e-04 3
2.438453e-05 1
1.346379e-04 1304
3.737967e-05 3
2.012278e-05 4
1.052876e-04 1
1.663549e-04 4
7.358444e-05 1
1.390826e-04 1
2.151668e-04 131
2.452692e-04 2
5.228562e-05 1
1.215692e-04 1076
1.666553e-04 24
7.859415e-05 109
1.329099e-04 2
8.651403e-05 1
1.337366e-04 5
1.648586e-04 14
4.403463e-05 4818
7.055646e-05 141
1.926740e-05 5
2.292721e-06 1
4.185732e-04 506837
4.637835e-05 1
8.540721e-05 294
2.012865e-05 3
1.451723e-05 2071
2.870171e-04 226
2.085033e-05 1
5.444581e-05 110
4.455136e-05 1599
6.353249e-07 1
7.895522e-05 1
2.752641e-05 2
1.350065e-04 1
1.329392e-06 2
3.805903e-04 1
7.170126e-05 25496
2.267922e-04 3
1.984828e-05 190
1.795664e-04 1
1.231713e-04 1
6.443040e-04 61159
1.003438e-04 140
5.908845e-05 79
7.708174e-05 1
1.345771e-04 1
4.980697e-05 13
2.845911e-05 1
2.226480e-04 5
1.663189e-04 2691
2.924566e-04 929
2.916275e-05 7
2.575226e-05 1
1.780214e-04 1023
5.680687e-05 79
4.231931e-07 7
1.152837e-04 1579
5.592375e-05 3
5.258872e-06 24618
7.696624e-05 3
6.538856e-05 3
1.741104e-04 1874
7.326598e-05 2
3.049402e-04 1
1.033480e-05 3
7.168593e-05 3
3.665797e-05 1
2.558926e-05 3
1.849211e-04 1
7.424658e-05 1
5.587984e-05 1
9.804779e-06 1
1.251498e-04 1
5.216992e-04 1
2.189078e-05 1
6.434064e-04 11826
4.315770e-04 1
1.225729e-04 5
2.830069e-04 1
1.272843e-04 195
2.777645e-04 1
2.692934e-05 1
1.727808e-04 101
2.866480e-05 480
1.512911e-04 71
1.080965e-04 2
2.731671e-04 2
9.019565e-05 1
5.167674e-05 2
1.932086e-04 2
2.700120e-05 3
3.770537e-05 1
4.767291e-05 1
8.829554e-05 1
8.488914e-05 5
4.697166e-05 2
1.618964e-04 1
2.400191e-04 1
1.000673e-04 1
1.217634e-04 242
1.486942e-04 1
7.465812e-05 1
3.022144e-04 231
4.023179e-06 7
1.948083e-05 149
4.918945e-05 1
3.946939e-05 1297
7.967009e-06 1
5.170268e-05 1
4.738294e-05 16079
6.861525e-04 1
5.801647e-05 1
3.122701e-04 1
4.425499e-05 1335
4.003870e-05 6
2.098704e-04 2
1.288433e-05 3
5.639399e-05 1
2.670934e-05 2
1.677683e-04 1
1.300938e-04 4
2.815814e-06 4
4.272891e-04 1
2.955732e-04 1
1.235714e-04 4
3.111774e-05 1
1.558679e-05 1
7.414470e-06 1498
1.665117e-04 1
3.290404e-05 1
1.298669e-05 1
1.192531e-05 1
6.238808e-04 13908
3.014594e-04 1
3.119207e-04 1
7.565118e-05 3
9.484222e-05 1
4.206312e-05 1
3.696505e-05 3
1.352311e-04 1
1.452817e-04 1
3.399640e-06 1
1.236049e-04 1
2.399961e-05 1
2.714138e-05 9105
6.477168e-05 1
1.306624e-05 527
3.048589e-05 2
3.086160e-06 1
1.698163e-04 1
1.470348e-04 1
3.351197e-05 1
7.581887e-05 1
3.626420e-05 22468
4.340981e-05 3
1.567305e-04 2
1.261567e-04 1
1.115059e-04 2
5.081093e-05 11184
1.684125e-05 1
6.798094e-05 1
1.190194e-05 5
5.993170e-05 3
6.525308e-05 44
1.336569e-04 194
2.078841e-04 46759
1.073593e-04 4
7.046625e-05 7
2.085501e-04 1187
4.390599e-04 2
1.154886e-04 10024
4.602587e-05 5
3.530492e-05 1
2.795446e-04 4
6.365721e-05 1
1.638883e-04 4
3.808627e-04 1
6.293712e-05 1
3.264586e-05 1
2.899294e-04 1
7.389973e-05 1
3.661554e-05 1
3.888136e-04 1
8.905629e-05 1596
1.336640e-04 1
2.774337e-05 1
8.346749e-05 1
9.039012e-05 2
3.018067e-05 1
1.167111e-04 1
8.664813e-05 1
6.669020e-04 1
1.301813e-05 6
2.677541e-04 3
5.029137e-04 1056
5.311932e-05 6
1.522831e-05 3
3.856186e-04 1
2.402755e-04 1
1.146275e-04 1
3.370333e-06 27
7.241536e-05 75
2.688700e-04 1
1.291127e-04 1160
3.875016e-06 3
2.000874e-04 1
1.785844e-04 1
1.230006e-04 172
6.935784e-05 1
2.240765e-04 6
1.416650e-04 63185
3.852738e-04 1
1.231851e-04 1
6.183954e-05 1
9.132526e-05 3
1.500976e-04 1
4.175020e-05 251
1.057750e-04 1
5.342102e-05 1
1.294343e-04 1
3.339992e-05 2
6.505873e-05 2
2.320205e-04 1
1.089389e-04 2
1.257799e-04 2
1.127155e-04 1
9.219115e-06 1
1.828661e-05 5
1.804297e-04 1113
3.843471e-04 1
1.592507e-04 484500
7.796773e-05 1
1.245142e-05 1
6.232476e-05 4
1.238674e-05 3
7.686918e-05 1
6.643680e-05 4
2.335878e-04 988
1.120578e-04 1
5.847513e-06 2
5.740378e-05 1
5.844368e-05 2
8.144454e-05 79
1.529228e-04 1
2.517883e-04 7
6.393602e-05 1
2.485898e-05 1
3.409960e-04 1
1.065530e-04 1
2.632537e-04 3
3.912685e-05 7
9.148382e-05 604
2.324514e-04 5
2.075163e-04 47
4.768847e-06 81
3.740193e-05 1
3.678478e-05 1
1.126694e-05 1
2.044576e-04 1571
1.784397e-04 1
2.199294e-04 1
1.943757e-05 857
1.836381e-04 3
6.310924e-05 1
4.453305e-05 1
1.003657e-04 4
2.089989e-04 1
1.150588e-04 1
5.344244e-06 1
2.258007e-04 1
3.515242e-05 1
4.182381e-05 1
1.888414e-04 74
1.165946e-04 1
2.018857e-05 2
1.222523e-04 1
2.064651e-04 1
1.079809e-05 1
2.198100e-04 50086
1.492057e-05 1
1.005701e-04 1
2.309918e-04 2
7.374949e-05 1
1.257165e-04 1
2.588734e-05 1
1.112551e-04 6
1.123319e-04 3
4.498482e-05 1
2.512375e-05 1
1.703489e-06 5
2.448503e-05 1
1.426166e-04 2
2.833392e-05 19342
1.017732e-04 3
1.712638e-04 1
1.014686e-05 1
8.365085e-05 1
1.455209e-05 1
8.679192e-05 1
1.430648e-04 108
2.310442e-04 1
1.437093e-04 3
1.144051e-04 5
1.033376e-04 1
4.245422e-06 6
3.601525e-05 1
9.700676e-05 3
2.303932e-04 123
1.725559e-04 2
2.759551e-04 26
4.160712e-05 1
1.240943e-04 237
3.429538e-04 1
1.250191e-04 419474
5.201325e-05 1
1.092090e-04 1
1.265853e-04 2
3.442320e-05 1
1.029792e-04 44
4.427509e-05 1
2.411685e-04 1
1.365473e-04 1
1.689962e-05 1
8.004068e-05 27
1.969970e-04 60219
2.134597e-05 141
2.290955e-04 1
2.344337e-04 1
1.218360e-04 1
1.531091e-04 1
3.286893e-04 1
1.378940e-05 1
2.532247e-04 6
7.051835e-05 41012
1.845036e-04 3
1.281780e-04 955
1.234845e-04 23048
5.826389e-05 1
3.088495e-07 3
1.859645e-04 7
1.947587e-05 1
1.368712e-04 3
1.399443e-05 1
2.328529e-04 1
1.082251e-04 1
2.219410e-04 2
2.770065e-04 1
2.211940e-04 175
1.731937e-05 1
2.728091e-04 41970
6.637850e-04 1
2.544867e-04 3
6.981998e-05 210
1.301267e-04 1
3.346466e-04 28898
1.954145e-04 1
1.017667e-04 1
5.557680e-05 2
3.413292e-04 188
1.939711e-05 7
2.756108e-05 1
7.235657e-05 1
1.515747e-05 3
1.724293e-04 1
2.065474e-04 1
1.226254e-04 124
1.462176e-05 126
8.970712e-06 1
1.080057e-04 1
5.876660e-05 3
8.171394e-06 1
1.047313e-04 6
3.539907e-04 136
2.555328e-04 1
2.552221e-04 1
1.552065e-04 53882
7.907322e-05 1
1.249508e-05 1
1.284332e-04 1
1.796020e-04 1
1.732971e-04 123
3.899065e-04 2
6.104209e-05 245
9.037783e-05 4
2.485886e-05 1
4.253538e-06 1
2.019502e-04 2
6.643262e-05 3
3.102629e-05 3
2.797227e-04 1157
1.825707e-04 1240
4.371672e-05 787
2.252815e-06 3
3.496213e-04 9608
6.330415e-06 1
2.855081e-05 6
1.303661e-05 7
1.013450e-06 1
3.853272e-05 1
9.934865e-05 4
5.515810e-05 1
1.533129e-04 2
1.508736e-04 1
2.035152e-04 1
1.569361e-05 1
6.883066e-05 1
1.785373e-04 1
1.059662e-04 23
5.268654e-05 127
1.708299e-04 1160
3.071968e-05 731
2.607831e-04 246128
7.364361e-05 1
9.999492e-05 1
1.135414e-04 5
1.228847e-04 1
1.008476e-04 1
4.025087e-04 2
3.157412e-04 2
2.047264e-05 2
3.624769e-04 2
3.989509e-04 1
2.067630e-04 1
2.843714e-04 1680
4.153132e-05 204
7.308671e-05 1480
5.687002e-05 1
1.234939e-04 1
9.802374e-06 2
4.109540e-05 3
1.722554e-04 106
3.872381e-04 1
3.512503e-04 1
2.397377e-04 1
4.357836e-04 1
8.384160e-05 1
1.901899e-04 7
1.097914e-04 1
3.038121e-05 1
1.153557e-04 1
1.277231e-04 1
7.372706e-07 4
7.800093e-05 1
1.538660e-04 1
3.389712e-05 607543
1.543438e-04 3
8.671207e-05 1
1.253614e-04 1
3.497932e-05 1
2.932464e-05 183
2.679740e-04 1
4.132300e-04 3
2.447343e-04 1
2.062547e-04 1
2.351551e-04 257
8.237748e-05 3
1.524929e-04 1
3.095439e-05 1007
3.150825e-05 2
1.308332e-04 1
4.500335e-05 1
1.756424e-04 1
6.314980e-06 1
4.299843e-06 2
8.947305e-05 1
2.958806e-04 7
6.119444e-06 1
5.950691e-05 7
6.209475e-06 1
2.146291e-06 2027
3.688620e-04 1
7.589855e-05 1
6.916876e-05 1
1.494988e-05 359
7.613100e-05 3
1.559382e-05 1
1.784764e-04 1
1.117713e-05 3
1.347816e-04 1
3.673230e-05 1
1.506312e-04 1338
1.705244e-05 3
4.792380e-04 125
4.600018e-05 3
1.429500e-04 2
5.155113e-04 1
2.074896e-04 4
9.713099e-05 1
5.434117e-05 1
3.300974e-06 2
4.836529e-05 4
2.952192e-05 2
3.707965e-04 1
3.244038e-05 3
8.472026e-05 1
2.376959e-04 1
1.193750e-06 1792
1.165098e-04 2
3.154821e-04 1
1.027215e-05 1
8.509511e-05 1
1.936997e-04 58675
5.384856e-05 1
2.755377e-05 1
1.304300e-04 2
1.725773e-05 2
5.094179e-04 7
2.069085e-04 131
2.851461e-04 20
1.541089e-04 5
6.154331e-05 1
6.030332e-05 3
1.659428e-05 1822
1.792931e-05 2
1.276995e-04 1
1.793449e-04 1
4.085355e-05 63
1.286401e-04 204
2.916992e-04 17787
7.831285e-06 1
1.809028e-04 54875
1.294784e-05 1
9.063515e-05 1
1.452205e-04 1
1.229716e-04 1
8.836703e-05 647
8.241801e-05 2
3.023110e-05 3
1.413592e-04 2
1.595491e-05 1
1.910630e-04 1
9.109555e-05 7
1.301966e-04 1
1.576167e-05 1
6.437706e-04 1
2.461812e-05 142
1.388721e-04 1
1.163801e-04 1
3.218794e-05 1
7.975014e-05 3
7.093742e-05 266
2.296323e-05 1868
7.684454e-05 1
3.871728e-05 1217
1.754783e-05 1
1.412572e-04 1
1.507342e-04 2
1.068514e-04 142
1.582983e-04 78
5.515407e-05 1
1.343182e-04 7
1.451823e-04 1
7.720786e-05 3
8.223519e-06 279349
1.492706e-04 1
1.809989e-04 1
1.281367e-04 1
6.671237e-06 1
3.186494e-05 4
1.219398e-04 1
2.050678e-04 11
5.930720e-05 1
4.532398e-05 2
2.891286e-04 329
2.094019e-04 24171
2.979890e-04 1
5.073803e-04 2
2.228751e-04 2
8.948160e-05 3
3.381292e-05 1
9.351227e-05 3
1.042844e-04 1689
1.257777e-04 5
1.948249e-04 1
6.306847e-05 1
5.322986e-05 3
1.097920e-05 1
8.056774e-05 45791
1.224350e-04 4
1.928967e-04 2
6.495125e-06 1
2.087338e-04 7
7.905846e-05 1
4.353497e-04 1
1.714885e-04 139
4.438901e-05 1
7.975975e-05 2
1.360503e-04 6
1.102452e-04 2
1.949521e-04 2
2.206991e-05 1
1.113638e-06 1
2.392729e-04 7
6.633320e-04 411
2.561294e-04 3
8.292232e-07 1
1.470358e-04 1
6.122528e-05 55
2.274093e-05 1
4.929605e-04 1
3.360170e-05 1
4.051365e-05 1
9.754115e-05 1
5.016834e-06 1
1.263855e-04 1
1.881818e-05 170
8.672426e-05 165
6.074959e-04 181
6.060834e-05 3
3.683617e-06 11795
5.049663e-06 17
3.614754e-05 1
6.734936e-06 348
1.457332e-04 1
3.902588e-05 1
2.363935e-05 1
1.293036e-04 350869
1.177981e-04 1
2.831311e-05 240
5.384414e-05 6
3.286202e-04 3
4.934646e-05 84028
8.152746e-05 1
3.023427e-04 1
2.080411e-04 1
6.961397e-05 20039
2.210167e-05 5
1.788339e-04 1
8.803458e-05 1
5.623574e-04 1838
1.043909e-04 1
3.557522e-05 1
1.832731e-05 3
2.694830e-04 2
3.941889e-05 1
2.699064e-04 48824
3.083424e-05 54873
3.106571e-04 3
3.679888e-04 1
1.033258e-05 1
1.131418e-04 6
1.943092e-04 219
5.784187e-07 1
6.294114e-06 1
2.723806e-05 2
3.234178e-05 1
6.311513e-04 1
1.225537e-04 30868
1.336276e-04 1
1.707167e-05 1970
1.643239e-04 3
1.768320e-05 1
1.125795e-04 1
9.881107e-05 1
2.066246e-05 1
1.484680e-04 65225
1.776625e-04 2
2.594775e-04 1
7.315524e-05 1
5.067815e-05 1
6.110820e-05 5
7.324154e-05 3
5.477517e-06 1
5.002577e-05 1
1.123584e-05 4
1.030852e-04 1
5.897400e-05 1
2.377156e-06 775
2.071241e-05 6
8.116261e-05 1
7.028719e-05 67
1.177041e-04 1
1.745480e-04 138
5.271837e-05 2
3.415742e-05 2
2.633505e-05 1
3.725071e-04 1
1.262903e-04 553
4.694203e-05 1086
5.757867e-05 1
2.827918e-05 135
4.144537e-05 2
2.742623e-04 1
3.935151e-05 4
2.173988e-04 118
1.964530e-05 1
2.242348e-04 1
1.177856e-04 5
1.944087e-04 55424
1.249330e-04 1
9.628698e-06 89
3.513668e-04 1
8.508732e-05 222
1.576596e-04 1
5.045688e-05 1
1.773955e-05 6
1.971390e-04 10167
2.558424e-04 1
2.952905e-05 1236
7.548941e-05 2
3.092790e-05 82
2.105942e-05 1
3.154922e-05 1
9.382247e-06 1
2.608520e-05 1
6.912537e-05 5
1.888737e-04 1
5.507015e-05 1
2.358272e-05 1
6.277749e-05 1
5.036664e-04 1
4.311104e-04 7
2.004228e-04 2
1.143815e-04 1389
7.855366e-05 2
1.871819e-04 1
1.138143e-04 1
2.323513e-04 1
1.667722e-04 262
6.358567e-05 636
4.912685e-05 1
1.025590e-04 1
2.414164e-05 157
8.861758e-05 1
3.131809e-04 4
3.895166e-04 79
2.819911e-05 5
7.309803e-05 1
3.988872e-04 5
4.078032e-05 1
4.733233e-05 1
6.561468e-05 2
2.692666e-05 1
5.648546e-05 1
1.353199e-05 21578
1.545002e-05 1
1.861019e-05 1
6.874102e-05 1
1.062419e-04 3
1.692868e-04 1
1.671098e-04 46
1.712400e-05 1
5.019409e-05 1
1.337587e-04 1
3.360271e-05 4
5.842616e-05 5
2.403812e-04 1
1.038300e-04 1
1.414765e-04 1
9.050780e-05 1
6.617116e-04 3
3.232761e-04 96
3.748056e-05 2
3.184608e-04 7
6.901394e-07 1
1.936556e-05 232
1.405690e-04 1
1.254031e-04 6
7.968775e-05 1
4.202600e-05 3
4.407450e-04 3
4.424156e-05 1
4.999959e-04 166
1.510849e-04 1
7.870285e-05 1
3.435106e-05 34
1.166209e-05 1
4.885170e-05 5
3.533347e-04 1
1.124748e-05 3
3.428865e-04 7
2.131996e-04 1
1.695678e-05 1
4.772465e-05 1
1.701444e-04 3
7.578260e-05 1
4.149241e-05 72
1.681323e-04 1
2.252619e-05 1
1.111036e-05 3
9.997460e-06 4
1.301820e-06 1
3.340473e-05 1
3.907189e-05 2
3.399543e-06 159
7.684756e-05 1
6.206166e-06 7
8.271357e-06 111
1.019692e-04 714
3.575056e-05 1
7.623521e-05 1
1.486729e-05 3
4.161187e-05 2
3.129541e-05 2
7.429481e-05 89
1.346730e-04 181
1.730851e-04 555518
3.474690e-05 182
5.587342e-05 1
1.476974e-05 94
7.256113e-05 1
2.421057e-04 3
6.483736e-05 2
3.484439e-05 1
1.289990e-04 1
2.692601e-05 1986
7.058101e-05 194
5.437211e-06 82
2.681720e-04 3
9.622332e-05 1
2.522890e-04 1
3.303741e-05 3
1.049421e-04 1
2.418819e-04 1
6.750804e-05 1
1.081518e-04 3
1.330778e-04 3
1.949021e-05 4
3.366613e-05 1
2.382244e-04 7
5.678518e-05 2
1.413690e-04 2
3.696950e-05 7
1.732557e-04 3
2.035208e-04 1
2.343830e-05 1
7.623221e-05 1693
3.033743e-04 1
2.405701e-04 44
1.891840e-05 3
1.320549e-04 3
9.676861e-06 1
2.747938e-04 1
7.010667e-05 490
5.717537e-07 4
1.413495e-04 234
2.812067e-04 2
8.818873e-05 6
3.990965e-05 1
8.012676e-05 1
7.339310e-05 36501
5.122287e-04 1
5.939150e-04 1
1.339979e-04 2
1.077789e-04 1
8.802186e-05 1
6.708708e-05 216
1.491850e-05 3
4.317108e-05 619
1.254348e-04 1
8.165855e-05 1302
7.640357e-05 126
2.360706e-05 1
3.227284e-05 1
7.291434e-05 9730
2.692924e-05 6
2.611830e-06 1
1.103644e-04 1857
3.166250e-05 193
2.998953e-04 159
7.662752e-05 121
1.404473e-04 3
9.819140e-05 1
1.551488e-04 2
2.274928e-04 3
1.469257e-05 1
5.495799e-05 1
1.798204e-04 2
1.831926e-05 1
3.145330e-05 1
1.309356e-05 2
1.400346e-04 1
5.104682e-05 1
8.682426e-06 1
5.328929e-05 22300
5.208301e-05 1
1.788323e-04 2
1.341677e-04 3
6.049016e-05 3
7.105777e-05 1
9.448660e-05 2
3.849737e-04 1
6.876832e-05 1
3.630102e-05 1
1.030854e-04 61533
1.765253e-05 1
1.750661e-04 36121
1.837911e-06 7
9.300065e-08 3
2.220526e-05 1
5.558223e-05 1
3.483648e-05 2
1.588271e-04 1
1.563334e-04 2
1.465624e-04 175
1.440400e-04 1
8.050100e-05 1
1.673160e-04 1
3.576587e-05 1
2.847031e-05 1
5.458526e-05 213
4.482160e-05 4
2.284558e-04 1
3.288764e-05 4
1.290128e-04 1
8.727314e-05 5
6.354862e-05 272
1.274057e-04 5
1.825521e-05 1
2.445132e-04 3
2.821603e-04 7
1.066991e-04 3
6.165002e-04 1
2.697476e-04 3
1.808677e-04 686
8.047550e-05 1
4.894372e-05 1
4.829556e-05 17941
3.749836e-05 2
1.913938e-04 1
1.054703e-04 5
4.436145e-05 919
3.134516e-05 2
5.771588e-05 1
2.622696e-04 1
4.541814e-04 1
8.270545e-05 1
5.908200e-05 238
5.182220e-05 3
1.652462e-05 1
4.010991e-05 84
5.201263e-05 1
4.152063e-05 6
4.524100e-05 1
1.881293e-05 250
1.246328e-04 1
2.893675e-04 1
1.443103e-05 2335
5.693139e-05 1
6.902980e-05 3
1.322674e-04 1
5.173463e-05 3
6.471506e-04 2
5.462372e-05 1
7.594750e-05 2
1.490510e-04 1
2.314616e-04 1
1.016409e-04 1
5.491972e-05 19
8.388374e-05 1
6.297267e-05 44975
2.402917e-04 1
3.728011e-05 37510
2.715418e-04 44944
1.207976e-04 1
5.190451e-05 6
1.989111e-04 2
6.212224e-04 2
3.026224e-05 22
4.706764e-05 2
5.777844e-06 1
6.204217e-06 2
8.204877e-05 5
6.049176e-05 1
2.236962e-04 1
5.032749e-05 1
1.331568e-05 198
1.263961e-05 1
2.915279e-04 2
8.741281e-05 1
1.499448e-04 1
2.076615e-04 5
2.015245e-04 1
1.557415e-04 1
1.342873e-04 51907
4.409615e-04 1
2.892363e-04 4
1.527321e-04 1
1.370534e-04 73
3.239041e-06 1
1.573109e-04 61
5.618762e-05 1
2.043684e-05 1
9.782199e-05 1
2.321225e-04 722
1.109713e-05 3
1.617646e-04 858
9.900985e-05 2
1.076746e-05 1
2.603446e-05 72
1.658121e-05 1
1.077476e-04 1
3.008446e-05 7
9.736546e-06 2
2.465862e-04 1
1.956164e-04 50
1.345286e-04 5
1.193148e-05 7
1.833781e-04 3
4.534759e-05 1
1.114410e-04 72
1.216602e-04 1
9.801761e-06 1
1.859009e-05 1
2.186878e-04 1
9.568851e-05 1
5.039988e-04 163
1.943785e-04 1
3.109447e-04 1
5.924786e-05 1
2.601856e-05 1
1.001647e-04 6
3.092905e-05 1
6.502575e-05 1
5.436592e-05 1
1.031540e-04 1
1.036551e-04 1
4.046847e-05 1
5.537813e-05 5
3.412734e-04 2
2.858236e-04 4
2.513439e-05 1
9.774900e-05 2
1.865313e-04 5
3.197830e-05 68693
2.950791e-04 1
1.496585e-04 3
7.928623e-05 3
1.253774e-05 1
4.175019e-04 2
3.965130e-05 2
1.326250e-04 2
1.636782e-05 27271
1.764258e-04 1
2.890957e-04 60
1.231716e-05 4
1.308059e-04 1
1.757993e-05 1
3.645015e-05 2
4.982388e-06 1
1.792559e-04 1
3.812810e-05 2
2.435143e-05 13678
2.309082e-04 1
2.379504e-05 3
7.908402e-06 63016
2.810351e-05 1
1.193932e-04 2
1.597746e-04 1
5.069011e-05 29536
2.944299e-06 1
1.144568e-04 240
2.038573e-04 1
1.203363e-04 76
2.426388e-05 1
5.031002e-05 3
5.492712e-05 1
3.213379e-05 3
3.642824e-04 3
1.237577e-04 196916
1.309711e-04 1
4.808015e-05 3
1.403945e-04 7
2.567152e-04 1
2.991530e-04 1
9.638021e-05 1
2.501014e-04 1
1.883070e-05 5
1.241721e-05 1
2.560479e-04 34573
7.331155e-05 21078
2.825699e-05 1783
2.563715e-05 5106
1.444911e-04 415
1.242020e-04 1
3.107772e-06 90
1.786175e-04 6
5.543344e-05 5
9.207523e-05 5
3.812100e-06 1
1.580664e-04 1
8.524408e-05 1
1.359224e-04 2
1.918423e-05 3
9.646108e-05 1
4.371970e-06 1
1.048949e-04 1
2.208452e-05 1
9.921143e-05 1730
5.595750e-04 6
2.762713e-05 1
8.836707e-05 3
7.885916e-06 3
9.141425e-05 2
5.327473e-04 1
3.784392e-04 1
8.385702e-04 1
6.382888e-05 2
3.705278e-05 5
1.838166e-04 1
3.713453e-06 2
2.000215e-04 1
8.736829e-05 3
7.446780e-05 1
6.179806e-05 1
7.279086e-06 3
1.215270e-04 1
2.795567e-05 1
2.570855e-04 64725
2.004411e-04 1
1.838511e-04 3
1.600668e-04 1
2.837215e-05 3
5.875619e-06 2
1.644859e-04 1
2.378930e-04 6
1.500452e-05 1
3.484048e-05 1
3.334657e-05 1
1.000483e-04 3
2.614414e-05 2
4.319509e-05 1
1.559267e-04 1
1.008889e-04 1
2.078117e-04 1630
2.024884e-04 1
1.343047e-04 3
1.868333e-05 1
1.209821e-06 1
8.110860e-05 59
2.299481e-05 1
1.952912e-04 1
8.379529e-07 29713
5.494862e-05 3
8.899359e-05 532657
5.159418e-05 4
3.081635e-05 1
3.151082e-05 1
5.699709e-05 1
9.099280e-05 1
7.114623e-05 1
1.706665e-04 3
2.744812e-04 3
2.048058e-04 26505
2.972117e-04 1
1.357931e-05 651
2.217622e-05 1
2.781112e-04 1
1.949836e-06 5
5.988996e-05 219
7.885444e-05 17263
1.407641e-04 135
8.147043e-05 1
3.577883e-05 205
7.232479e-05 954
1.216852e-04 137
1.554614e-04 2842
1.075370e-04 2
5.154773e-05 49133
7.908338e-05 3
9.380172e-05 1
3.327005e-06 1
2.342124e-05 6
2.175381e-05 7
1.076270e-04 1
2.059761e-05 2
2.462522e-05 3
2.800757e-04 7
8.269528e-05 1
1.730045e-04 510
2.072046e-05 1
2.686208e-04 1
2.069448e-05 4
1.735722e-04 1
1.040467e-04 1
2.810973e-04 1
6.160013e-05 153
1.767690e-04 2
7.564001e-05 1
1.855002e-05 1
4.147325e-04 1281
3.253670e-04 1
1.242273e-04 1
1.161665e-04 3
2.116786e-05 173
3.943485e-04 1
1.654366e-05 34
2.170929e-05 1
4.407480e-06 1
1.098838e-04 1
1.271930e-04 143
1.412491e-04 76
9.526485e-05 1
4.863169e-05 3
1.006251e-04 1
7.370024e-05 1
5.501264e-05 2
8.002933e-06 1
7.206574e-05 1
8.925134e-05 1
1.783543e-04 51608
4.478214e-04 7
5.949107e-04 210
2.508984e-05 1
2.235180e-04 241
1.575399e-04 2
6.992358e-06 3
1.230645e-04 26567
5.774734e-06 1
1.760903e-05 589
1.215267e-05 212
5.303989e-05 1153
3.932283e-04 1
2.888187e-04 3
2.232536e-04 163
1.062483e-04 1251
3.099080e-05 159
1.155314e-04 2
1.456645e-05 22
3.278142e-05 1
2.526758e-04 2
2.921266e-04 1
1.578164e-04 1
4.143541e-05 3
2.905966e-04 2
4.113847e-05 5
2.223506e-04 1
2.464984e-04 1
6.981011e-05 2
1.563650e-04 1
3.582724e-04 6
6.502708e-05 65736
1.039821e-05 1
6.384563e-06 1
4.395292e-04 1
9.053982e-06 2
1.773869e-06 6
1.282135e-04 1
1.852211e-05 1
1.913007e-05 52373
4.262121e-05 1
7.679383e-06 1
2.606624e-05 1
7.107002e-05 6
2.039964e-04 1
1.182530e-04 1
3.232690e-04 1
9.649673e-05 1
9.814093e-05 1
1.452491e-04 1
3.954953e-05 2
8.209984e-05 1
3.305035e-05 1
8.738666e-07 5
1.080692e-04 150
9.996446e-05 1
4.442104e-05 1273
6.446812e-05 3
4.988773e-05 1893
2.988926e-04 241
6.300968e-05 1
1.042210e-04 1
1.730455e-05 1860
4.606520e-05 5
1.792797e-05 1
4.638219e-05 3
2.686475e-04 1
3.081475e-05 3
1.644444e-04 1
1.060728e-04 260
2.669701e-04 3
7.546481e-07 1
1.696576e-04 1310
3.468270e-05 1
1.136025e-04 66
2.145865e-04 1
6.692157e-05 3
6.719793e-05 5
2.687209e-04 1
9.450454e-05 1
6.793686e-05 1
1.585698e-04 1
5.342512e-06 3
3.308638e-05 1
2.197988e-05 1
3.096421e-05 1
7.064868e-05 3
2.880894e-05 252
2.669559e-04 1
8.670541e-05 7
2.038977e-04 1
1.160942e-05 3
4.088663e-05 1
1.111467e-04 1
3.423617e-04 1
3.676026e-04 1
9.043063e-05 4
3.518442e-04 1
2.462759e-04 1
4.030565e-05 18096
6.752866e-05 259
1.219686e-04 1
7.725540e-07 1
1.838792e-04 1
2.483699e-04 1
5.514666e-05 66
1.945917e-04 1
2.001666e-04 4
3.294042e-04 4
1.864354e-04 1
1.262304e-04 1
7.416625e-05 1
4.355060e-05 1
1.052720e-04 1
1.717233e-05 1
8.586635e-05 633979
2.393877e-05 3
1.469971e-04 3
8.197227e-05 1967
1.155078e-04 1
5.760016e-06 2
7.329627e-06 1
1.241172e-04 1
1.640884e-05 1
2.065531e-04 3
3.377948e-05 1
1.262018e-05 1
3.001745e-05 2
2.656970e-05 2
9.597433e-05 107
7.916056e-05 1
8.903961e-05 123
1.005691e-04 21031
1.565286e-04 1
3.286426e-04 2
2.249323e-06 1
7.841432e-05 1
4.043680e-05 1
6.020901e-05 2
6.793144e-04 58232
6.499370e-05 1
1.666055e-04 1
1.223693e-04 921
7.286695e-07 1
5.715709e-05 18
1.600752e-04 3
2.036805e-04 1
3.533591e-04 1
1.479045e-06 258
3.304339e-05 2
2.230622e-04 111
2.706661e-04 231
1.223322e-04 553
1.785006e-04 5
1.327734e-04 1
2.866975e-04 1
3.669893e-05 1
8.858974e-05 1
9.819336e-05 1
6.791617e-06 7
2.086050e-04 146
4.462014e-05 1
8.090355e-05 758
2.693017e-05 1
4.625724e-05 1
1.165438e-05 1
1.020743e-04 218
2.484733e-05 7
1.104923e-05 5
9.471708e-05 1
1.174574e-04 90
1.582331e-04 1
3.114226e-05 1
1.033708e-04 1
4.514359e-05 160
6.712467e-05 1
3.158373e-04 2
1.638910e-04 2
4.389842e-06 68
1.018778e-04 2
1.835372e-04 1
1.408996e-05 1
8.098616e-05 168
3.137809e-04 27306
1.358161e-04 220
3.849249e-05 1
1.818077e-04 1
1.435488e-04 2
4.252445e-05 230
1.698712e-05 1
9.701735e-05 1
7.033719e-05 59874
1.841405e-04 3
8.499071e-05 1
2.461938e-04 1
1.087830e-04 139
3.217832e-05 1
1.609078e-05 2
2.053331e-04 1
4.926730e-05 2
5.511676e-05 11067
8.816220e-05 1
1.205782e-05 1
2.008502e-06 3
8.555906e-05 2
1.216157e-04 1
6.538510e-05 460456
2.476570e-05 1
2.731734e-04 1
4.861503e-05 1
1.480190e-04 1
2.001110e-04 1
1.061627e-04 153
4.321970e-05 1
2.275097e-05 3
1.399785e-04 42415
6.203334e-05 1
2.525486e-05 16
2.513218e-04 14603
2.819358e-05 5
4.830642e-05 25
1.169787e-04 1
2.053887e-04 1
6.622931e-06 1
6.147648e-06 1
3.466598e-05 6
9.636947e-05 1
8.930773e-05 2
2.273478e-05 1
2.228417e-05 5
2.912164e-05 1
2.669768e-05 2
3.027527e-05 1
6.120667e-04 3
5.791669e-05 1
3.253970e-05 1
2.645791e-04 1
3.264127e-04 247
1.122113e-04 4
5.026109e-05 1
1.377344e-04 1
2.153300e-05 1
5.181873e-05 175
2.445330e-05 1
1.173268e-04 3
1.178251e-04 688
6.141762e-05 1334
8.537026e-05 679
1.714762e-05 146
1.344007e-04 4
1.388836e-05 46884
6.205084e-06 2
1.734946e-05 336
8.434215e-06 1
1.776292e-04 1
1.557685e-04 1
1.633765e-04 2
2.008180e-05 1
1.211592e-04 6
5.626276e-06 2
3.059393e-05 3
1.352894e-04 1
1.398224e-04 1
2.277483e-04 6
2.515314e-04 1
2.508332e-04 1
1.572100e-04 1
8.161343e-05 1
5.038633e-05 1
4.803195e-04 1
7.348519e-05 6
2.343545e-05 1280
2.927637e-04 3
9.920265e-05 1
1.286244e-05 3071
1.415637e-05 1
4.548458e-05 72
1.697596e-04 1
4.546950e-05 1
7.168143e-05 1
7.453334e-05 1
1.051069e-05 7
1.326042e-04 1
6.439602e-06 2
5.435329e-06 1
5.225432e-05 1
1.054635e-04 5
2.058134e-06 33589
8.337136e-05 3
2.184283e-04 112
6.423387e-05 1
3.783262e-04 1
1.939823e-06 1
5.648116e-05 1
8.025567e-05 3
1.304846e-04 7
4.740747e-05 1
2.554653e-04 1
2.757989e-04 2147
1.630022e-05 1
2.833751e-05 7
1.340021e-04 1
2.515906e-04 2
1.823274e-05 190
2.729868e-05 3
4.088117e-05 7
4.482428e-06 6
1.361437e-04 1
2.137987e-04 4
5.808755e-05 22
2.123772e-04 1
2.047533e-04 1
2.073934e-06 1
2.107889e-05 7
2.580549e-04 5
3.731358e-05 1
1.319611e-05 1
2.949746e-05 1
2.928522e-05 1
1.512591e-05 1
9.889364e-06 2
1.241379e-05 70
2.496151e-04 2
3.207051e-04 1
6.769293e-05 17
2.272905e-04 7
8.204507e-05 1
2.059724e-04 1
4.217990e-05 1
7.921624e-05 1
2.019674e-04 7
4.057260e-04 1
1.743979e-04 3
4.705427e-05 1
3.896673e-05 1
2.845972e-05 23
2.136793e-04 34
3.306742e-04 50911
1.561888e-04 1
8.225656e-05 1
2.182303e-04 7
5.674342e-04 1
5.118716e-05 1
7.287115e-05 1
5.259997e-05 1
1.690539e-04 2
9.760991e-06 1
9.700847e-05 1
8.443234e-06 1
3.597357e-05 1
9.393352e-05 1
3.524391e-04 1
1.713164e-04 1
2.606620e-04 38867
2.495073e-04 1
1.960502e-04 3
1.453387e-04 162
1.922103e-05 1
1.839718e-05 1
4.674006e-04 6
2.574212e-04 3
6.208025e-06 186
1.796647e-04 1
1.673442e-04 1
4.089938e-05 1
7.980168e-05 2
2.275834e-04 3
6.305254e-05 1
8.540972e-05 2
2.161935e-04 1
2.213786e-04 1
1.488562e-06 3
1.585639e-05 4
8.099446e-05 733
6.764113e-05 1
1.290689e-04 225
9.664869e-05 1
1.851973e-06 5
4.889063e-05 1502
4.389635e-05 1
2.351000e-04 3
3.205771e-04 1
7.075727e-05 1
1.143719e-04 6
1.598720e-05 1
3.846053e-05 2
1.985992e-04 1
7.853151e-05 163
2.125081e-04 44818
6.918235e-05 144
1.768194e-04 1
4.863311e-04 1
8.972261e-05 1
3.279003e-05 3
6.481060e-05 1
7.691756e-05 5
1.627137e-04 352
1.763402e-04 1
3.624910e-04 3
2.460966e-05 116
1.033327e-04 3
2.358436e-05 462
8.469992e-05 1
2.959364e-05 1
2.614419e-04 1
5.538864e-05 1
9.514959e-05 3
1.293204e-04 222
1.696228e-04 76
2.585162e-04 466138
4.969949e-05 1
5.351601e-05 1
5.101387e-05 1
1.518149e-05 1749
3.330909e-05 7
2.094238e-04 2
3.811524e-05 3
2.132804e-04 3
1.996487e-05 265
1.593400e-04 121
8.203315e-05 1
3.665449e-05 1288
1.471917e-04 5
4.688706e-04 1
1.199626e-04 55
2.920879e-04 1
4.366781e-05 1
9.583873e-05 1
3.630746e-05 190
1.783314e-04 4
3.760911e-04 1627
7.276446e-06 1
1.707942e-05 1
4.771984e-04 1
6.495719e-05 1
1.725775e-05 1
5.817371e-05 1
6.985157e-06 2
2.817230e-04 1
2.371245e-04 3
2.407057e-04 1
1.202891e-04 1
2.967122e-05 2
9.406013e-05 1
7.928030e-05 6
2.845158e-05 2
2.384563e-04 1
3.898437e-04 17944
1.261501e-04 24
1.477037e-06 19
6.293791e-05 1
1.242008e-04 2073
4.502791e-05 1
3.162484e-06 3
1.760421e-05 1
9.205119e-05 1
3.249899e-05 1
1.024563e-04 105
9.694922e-05 1
5.784428e-04 1
9.690689e-05 1
1.346289e-05 1083
4.697023e-05 1
3.330183e-04 1
3.267057e-05 1
1.091744e-04 6
1.176742e-04 300051
1.510352e-05 1
5.073194e-04 1
1.450713e-04 2
9.369296e-05 2
1.577530e-06 1
3.250731e-04 1
1.421066e-04 1
1.648035e-04 3
5.898743e-05 1381
5.714296e-05 1
3.505913e-05 2
1.427990e-04 1
3.200115e-04 1
2.342491e-05 1
2.988697e-04 1
4.960842e-05 1
6.742555e-05 129
1.164749e-05 1
1.543552e-04 1
1.063458e-04 1
1.213149e-04 57849
3.162649e-04 4
9.904917e-05 1
3.511909e-04 324285
4.169152e-05 4
2.077255e-04 1
8.359256e-05 1
4.144024e-04 1
7.854490e-05 1
5.883714e-05 3
1.892624e-04 1
1.033482e-04 7
1.560868e-04 1
2.255078e-04 1
1.384080e-04 53931
5.850337e-05 251
2.574478e-05 35971
2.200786e-04 102
4.164389e-05 1
2.737535e-04 1
7.143543e-05 1
2.341740e-05 1
1.403947e-05 1
1.771908e-04 1
2.611703e-04 1
2.376875e-05 249
7.077572e-05 1
6.989971e-06 2
1.632013e-04 1
7.505397e-05 1
2.421531e-05 1
3.824503e-05 3
2.363714e-04 5
3.091186e-05 1
6.190059e-05 120
4.560686e-05 68
7.080172e-05 3
2.769614e-04 1
1.726948e-04 1
2.634596e-04 2
1.145843e-07 46
3.922526e-06 218
2.901679e-04 1
8.585737e-05 1
2.100085e-04 1
3.463646e-04 2
1.070989e-04 3
6.870617e-05 1
1.305807e-04 5
3.443305e-06 1
1.264372e-04 1
4.234098e-05 1
2.146393e-05 1
2.058168e-04 1
2.180062e-04 1
3.370939e-04 1
7.788688e-05 1
2.263275e-05 7
8.944791e-06 3
7.542984e-05 2
5.188528e-05 444673
4.902974e-05 1
1.224366e-06 273
1.373254e-04 7
4.896000e-06 2
7.368233e-05 2
1.847998e-04 186
1.026382e-04 1
5.464423e-05 1
5.038804e-05 6
8.108689e-05 3
5.070043e-05 4
9.678438e-05 1
6.247451e-06 1
8.104784e-07 2
1.387451e-04 1
2.306975e-05 1
6.140540e-05 1
1.831937e-05 1
3.180692e-05 1
4.940934e-05 1
1.491434e-04 1
3.703330e-04 3174
1.620994e-04 2
2.118722e-04 1
3.124425e-05 570867
1.825286e-04 1
1.906986e-04 1
1.421188e-05 1
3.414742e-04 6
3.129904e-04 1
6.010297e-05 1388
2.045161e-05 1
2.328916e-04 1
1.876600e-04 1
3.747233e-05 104
2.081510e-05 6
2.526907e-05 3
1.458032e-04 1
2.000985e-04 3
4.373296e-05 1
2.924206e-04 1
1.883103e-05 1140
1.416458e-04 1
1.685490e-04 1
8.499830e-05 1
4.776189e-05 2
7.200524e-05 7
1.746958e-04 2
3.484338e-04 1
9.642886e-06 3
2.209027e-04 1984
1.758959e-05 2
4.319077e-05 1
5.477805e-05 1
1.722118e-04 3
1.889657e-04 47
3.375459e-04 1
6.695245e-05 1
7.086296e-05 1
3.549993e-04 1
4.716652e-05 1
6.441743e-05 2
5.708093e-05 1
2.094924e-05 1
5.286675e-05 3
2.947530e-06 1
5.568868e-05 2
1.196405e-04 1
1.011235e-04 1660
2.458979e-05 1
7.687327e-05 1135
8.633874e-05 7
9.952883e-05 2
2.690791e-05 1
9.218821e-05 120
6.665825e-05 2
1.525498e-04 3
1.794718e-04 475
1.471588e-04 3
1.814842e-05 3
6.700073e-05 3
3.471655e-05 3
2.247151e-05 51
1.418507e-05 168
8.792382e-05 6
3.919075e-05 1
2.390377e-04 1
1.124899e-04 3
1.651601e-06 7
1.293897e-04 3
3.386706e-05 1
3.354858e-05 675
4.549601e-05 1
1.814098e-05 3
4.962740e-05 3
6.511908e-05 7
1.082572e-04 41
8.732748e-05 3
1.194201e-04 1
1.200477e-04 3
2.277413e-04 1
2.661338e-04 3
4.020410e-04 1
8.202038e-05 2
3.736177e-05 1
2.516609e-04 1
2.101165e-04 1
1.957391e-04 1
2.498749e-04 2
3.008186e-05 2
7.838027e-05 1
2.179885e-05 1
1.001968e-04 2
1.973264e-04 5
7.668559e-05 5
2.321666e-04 5
5.115953e-05 1
1.851144e-05 1
5.320589e-08 3
3.839375e-04 1
7.161441e-06 1
2.690249e-04 1
2.190670e-04 5
1.973723e-06 6
1.108796e-04 213
1.800346e-04 3
1.368311e-06 130
1.646365e-04 1
1.569290e-05 1
6.973033e-05 1
5.067341e-04 2
8.229555e-05 222
1.219833e-04 213
2.308403e-04 2
3.856731e-04 674
4.270434e-05 1
2.089160e-04 171
4.368686e-04 1
2.332913e-05 2
2.710997e-05 1
1.337861e-04 86
2.451152e-04 1
6.543009e-05 1
7.467643e-05 1
4.191217e-05 1100
2.645837e-05 1
2.646197e-04 1
1.874685e-05 6
2.263062e-05 1
2.972838e-04 1
1.232114e-04 384
2.553658e-05 1
1.349422e-04 63386
4.528789e-05 1
1.484256e-04 7
5.951819e-05 2
1.465119e-04 2
7.588596e-04 2
3.865355e-04 281
2.802811e-04 1
4.107318e-05 1
2.634055e-04 3
3.625154e-05 1
5.496919e-05 3
1.272442e-04 1
1.899461e-04 6
2.565893e-06 2
1.313965e-04 3
3.066349e-05 249
5.256257e-05 6
9.142777e-05 2
3.543782e-04 1
1.079576e-04 1
1.452404e-04 1
5.341236e-06 3
1.646195e-04 1
2.320841e-04 4
3.835950e-05 2
2.756702e-04 27
3.810735e-04 1
1.081442e-04 16
3.526106e-04 1
1.484621e-04 1670
6.913595e-05 409
1.746015e-05 1
9.437509e-05 1
1.313490e-05 30128
1.498896e-04 2
1.838009e-04 1
2.491662e-04 189
4.333658e-05 1
9.075186e-05 26611
1.820920e-04 3
3.045292e-05 2
1.017378e-04 1
3.957401e-04 3
8.185892e-05 2
6.305939e-04 1
1.211623e-04 1
6.028134e-04 3
1.607721e-05 1
4.291886e-05 3
1.821282e-04 1
1.489785e-04 2
1.775804e-05 1
6.651336e-05 255
2.278627e-05 3
6.526385e-05 1
6.964796e-05 1
1.040910e-05 1
1.201851e-04 1
8.021201e-05 1
1.705442e-04 11536
3.947417e-05 1
7.500067e-05 1
2.372699e-05 3
1.311805e-05 3
2.041009e-05 2
1.220069e-04 1
3.818627e-04 1
1.507666e-04 1
2.280455e-05 3
1.475236e-04 1440
4.591558e-05 1
1.848348e-04 1
1.056528e-05 135
8.668491e-05 3
7.077934e-05 3
3.483043e-05 5
2.022126e-04 1787
3.645165e-05 1
5.400937e-05 7
2.289747e-04 2
1.708639e-06 1
1.744736e-04 86
3.180198e-04 1
1.373790e-04 459
2.774361e-04 1
8.933392e-05 1
5.382664e-04 1
7.411949e-05 5
7.260157e-06 1
1.164306e-04 184
8.858263e-05 3
6.620136e-05 1
1.578106e-04 3
8.214155e-05 3
1.059569e-05 1
1.858921e-04 5
1.001889e-04 3
8.910784e-06 3
5.043597e-04 1
1.724365e-04 1
3.152545e-05 1
2.071821e-04 76
4.456890e-05 1
1.021991e-04 1
8.288980e-05 1
8.955108e-05 2
1.794618e-05 1
5.620584e-05 4
1.298472e-04 1
3.257706e-06 1
1.009292e-05 47169
3.640036e-05 1
4.640441e-05 1
4.006283e-04 1
4.527516e-05 1
5.071000e-05 96
1.736323e-05 1
9.479536e-05 1
5.447593e-06 3801
1.212030e-04 1
1.330115e-04 5
7.837356e-06 1
2.686891e-06 1
