8.543458e-05 1
5.132783e-06 1
5.533503e-05 1
5.647161e-06 1
7.121931e-07 1
1.461521e-05 1
5.426284e-05 223
3.294153e-06 1015
6.410398e-05 251
3.847827e-05 5
5.237149e-06 1
2.157416e-05 14138
1.045947e-05 1
2.851518e-05 2
2.930118e-05 1373
6.319050e-06 1
3.771609e-05 2
1.110316e-05 58
1.813019e-05 5
3.248735e-05 1
4.571640e-05 1
3.714823e-06 1
3.179525e-06 1
1.768892e-05 2
1.551370e-06 1
2.697709e-06 1
2.752347e-05 1111
2.264543e-05 257
9.474961e-06 1
7.640746e-06 1
1.295546e-05 525
1.460244e-05 1
4.342163e-05 3
8.605779e-06 3
8.986435e-06 1
3.486236e-05 1
2.091806e-05 4
4.874857e-05 121
1.987585e-05 3
2.566598e-05 7
3.465052e-06 7
1.065058e-05 1
1.092589e-05 1
1.633397e-05 1560
4.293638e-06 3
4.726556e-06 1
3.909268e-06 1
1.719980e-05 97
1.694744e-05 1
5.556299e-06 1
5.280768e-06 258
1.171228e-06 1
1.608302e-05 1
4.277085e-05 1
7.589564e-06 242
5.866781e-06 1
4.916105e-05 1
3.721983e-05 1
2.530854e-05 1
1.896604e-05 1
2.337252e-06 170
1.630846e-05 1
1.989730e-06 3
1.572468e-05 1
6.350024e-06 1
4.392584e-05 1
7.880764e-05 45748
3.460026e-06 1
3.522071e-06 3
1.142623e-05 1
7.958508e-05 2
1.184960e-05 1
1.950349e-05 1
5.467646e-06 1
8.043149e-06 3
1.530533e-05 1
6.612308e-05 1
2.468061e-05 60
4.755944e-05 3
9.724630e-06 2
6.565008e-06 4
2.046042e-05 1
6.465351e-08 1
5.223630e-06 7
2.448462e-05 892
5.590066e-05 2
1.399805e-05 2037
2.883295e-05 1
6.932400e-05 2
6.179547e-06 1
1.008331e-04 1
2.003767e-05 6
1.270530e-05 81
1.321352e-05 1
3.545093e-05 2
1.505247e-05 1
4.877023e-05 222
1.694869e-05 3
3.166269e-05 2
6.004253e-06 1
3.614814e-06 90
6.418555e-06 3
7.039651e-05 1
3.958795e-05 1
1.816811e-05 232
4.381490e-05 2
2.244917e-05 1
5.175200e-06 41
5.439996e-05 3
6.813677e-06 1
3.288835e-07 6
3.414189e-05 1
3.170091e-06 1
9.496239e-06 253
1.603966e-05 3
4.052319e-05 1
3.192808e-05 3
1.667287e-05 6
4.570669e-05 143
1.330937e-05 4
2.286473e-05 1
1.023118e-05 2
2.606637e-05 1
6.828943e-05 1
8.928371e-07 1
1.571377e-05 1
3.695327e-05 1
4.650519e-05 1
8.175775e-07 181
1.175678e-05 1
5.535683e-05 1
7.431999e-05 1
1.419328e-05 2
2.273535e-05 1
1.784025e-05 4
1.733632e-06 1
1.527846e-05 51789
4.044850e-05 1
4.577851e-05 1
6.781496e-05 1
2.307255e-05 1
1.074598e-05 1
8.945862e-05 3
2.299765e-05 25
2.037238e-05 1
2.079398e-05 979
6.891675e-06 2
7.055090e-06 2
8.729020e-06 1
6.207451e-06 2
1.202238e-05 3
3.515601e-05 573
4.969964e-05 1
4.327598e-06 3
2.771821e-06 1
4.207662e-06 7
3.836764e-05 3
3.330068e-05 1
1.884299e-06 1
7.471292e-06 4
3.713870e-06 1
1.284919e-04 1
1.159115e-05 2
1.798898e-05 6
2.226109e-05 2
4.355478e-05 1407
5.311795e-05 2
1.767942e-05 1
5.188441e-06 5
1.220131e-05 470
4.738254e-06 1
3.704077e-06 2
3.745805e-05 1
9.642124e-07 116
3.816660e-05 1
4.405582e-05 1
9.941133e-06 2010
1.601304e-05 7
3.131865e-05 1
1.883824e-05 1689
2.734805e-05 7
1.425457e-05 1
4.627660e-05 125
2.119026e-06 451830
3.266108e-05 1
3.875033e-06 1
6.060082e-08 176
9.081365e-06 7
5.129518e-05 21
9.366990e-06 2
6.826182e-05 1
9.438692e-05 1
3.044956e-05 2
5.169542e-05 1
3.598192e-06 3
2.997218e-05 1
1.402231e-05 1
6.782158e-06 1
3.204486e-05 1
6.074490e-06 1
1.461204e-05 1
3.530115e-05 5
3.194864e-05 1
1.469976e-05 2
7.940560e-06 1
1.151009e-05 1
4.896679e-05 2
2.739465e-05 1
4.880709e-05 7
4.124479e-05 1
3.766471e-05 1
6.042647e-06 1
6.354630e-05 1
9.284419e-05 1
2.718112e-05 1
2.646042e-06 1
1.747608e-05 1
4.722766e-05 198
2.945086e-05 1
2.412792e-05 1
9.245490e-05 1
7.160427e-06 1
3.560482e-06 1
1.497328e-05 395
3.282751e-05 1
1.056779e-05 3
7.457907e-05 4642
3.123598e-05 1
6.348452e-06 1
1.550267e-05 4
1.810766e-05 2
2.651185e-06 1
5.647739e-06 1
4.513791e-06 193
1.259222e-06 1
3.640961e-06 1
5.812503e-06 4
3.522818e-07 1
1.535050e-05 2
7.112007e-05 2
2.352444e-06 5977
7.993257e-06 110
4.726608e-05 1
8.860576e-06 1
1.002237e-04 21816
5.754870e-05 156
2.885255e-06 1182
2.009941e-05 1
8.740596e-05 1
7.377449e-06 10414
4.339762e-05 1
3.049498e-05 3
1.608125e-05 1
1.564802e-05 1
2.566760e-05 1
2.493125e-05 1
3.893648e-05 3
1.652495e-05 2
1.847140e-05 1
1.851270e-05 96
8.994939e-06 1
3.382993e-05 1
2.360443e-05 1
3.163491e-05 1302
3.564890e-05 7
3.182745e-05 1625
2.455662e-05 1
9.194277e-06 1
6.945919e-05 1
1.851431e-06 1
2.954749e-05 1
2.382604e-05 228
9.045700e-06 185
5.130296e-05 5
8.134191e-06 1
3.315898e-05 223
1.000544e-05 3
1.225247e-05 1
1.464173e-05 3
2.340196e-05 1
1.573812e-06 5
7.145449e-06 1
7.264823e-06 226
4.788661e-05 7
3.884640e-06 1
9.609290e-06 6840
1.375067e-05 1
1.402180e-05 1
1.079374e-05 7
2.642047e-05 1
2.717968e-06 4
5.337885e-05 6
9.943247e-06 1
2.821017e-05 1
5.039571e-06 2
7.250333e-05 1
2.257331e-05 1
1.518983e-05 3
2.041740e-05 1
1.015776e-05 2
9.103631e-06 1
1.515678e-06 237
2.787518e-06 1
2.246303e-05 29478
1.498163e-06 1
2.269055e-05 1
4.101596e-05 1
1.353235e-05 1
2.454479e-05 7
6.927752e-06 3
1.816472e-05 1
1.277936e-05 1
2.923184e-06 4
7.840558e-07 1
8.019987e-06 4
1.034631e-05 1
4.635819e-06 1
3.432721e-06 1118
4.035673e-06 1
4.850381e-05 1
4.129755e-05 3
6.845790e-06 64269
6.388478e-06 169
2.122281e-05 1
2.129861e-06 3
2.498248e-05 1
7.659042e-06 1
7.867165e-05 7
2.901516e-07 126
7.239079e-06 2
1.674386e-05 1
2.788594e-05 7
3.331001e-05 7
7.225172e-05 2
1.236743e-05 1
4.167604e-06 1
8.788403e-06 1
1.670103e-05 2
8.954385e-06 1
1.736043e-05 476
5.191572e-06 3
1.112742e-05 190
4.887092e-06 1
4.380280e-05 3
5.493818e-06 60135
2.037045e-05 1
7.424782e-06 1
3.096413e-05 1
4.110569e-05 124877
3.633217e-05 131
7.333327e-06 1
6.485817e-06 2
2.440093e-05 1
1.071626e-04 2
1.452556e-05 1
5.668318e-06 6
5.135048e-05 583
9.674035e-06 42889
2.537876e-05 7
3.125489e-05 1
3.153210e-05 9
2.709644e-05 7
1.461217e-05 2
3.561059e-05 1
1.456723e-05 3
2.829200e-05 1
2.323213e-05 1
8.305127e-07 4
3.928014e-06 3
2.492333e-05 1
1.250959e-05 7
1.161996e-04 1
1.495227e-05 1
5.095826e-07 1
1.362466e-05 7
1.274144e-05 6
6.920223e-06 1
6.000614e-05 1
7.119089e-06 5
4.671543e-06 1
4.719493e-06 7
2.462846e-06 1
5.637449e-06 1
1.149031e-05 1
5.168026e-05 1
9.831646e-05 2
2.709030e-05 53
1.132156e-05 3
3.162741e-05 2
1.213873e-04 151
1.238239e-05 1
3.876929e-05 1
1.888543e-05 5
4.025145e-06 2
1.478478e-06 416
1.579268e-05 57400
2.724747e-06 1
1.092220e-05 1
2.937840e-05 1
3.231835e-05 1
1.037844e-05 2
2.583700e-05 1
2.020443e-05 1
4.690053e-05 1
2.554896e-05 1
4.790287e-05 1
1.415173e-05 1
5.983461e-05 3
8.248699e-06 1
1.062486e-05 1
3.154443e-05 1
1.683633e-06 1
1.194700e-05 1
6.627087e-05 1
5.625850e-05 249
2.094082e-06 1
4.476341e-05 1
3.365191e-05 61
1.249523e-05 4
5.371720e-05 47710
3.551014e-05 49870
8.685874e-05 1
7.595499e-05 153
3.521752e-05 2
1.894755e-07 3
1.312706e-05 2
3.088563e-05 1
3.415382e-05 2
2.497890e-05 172
7.528354e-06 2
3.743903e-05 1
3.129309e-06 1
5.117427e-05 1
1.491633e-06 4
3.551668e-05 803
2.782507e-05 1
4.175993e-05 5
1.380439e-05 1
1.680753e-05 1
2.617626e-06 1
3.862182e-05 1
1.112539e-05 1
4.032327e-06 1
5.928455e-06 2
4.090478e-06 1
4.209284e-08 1
4.173789e-06 1
1.183040e-05 1
7.481756e-06 225
1.695029e-04 1
1.178750e-05 1
6.786614e-06 237
3.907891e-05 2
5.703777e-06 7
6.133276e-05 1
7.383441e-06 1
1.921746e-05 1
3.570384e-05 23123
1.294270e-06 1
9.397888e-06 1
2.213952e-05 1
2.607718e-05 7
4.228945e-06 1
4.261472e-05 1
6.136075e-06 1
2.473386e-05 1
1.403172e-05 1
2.678226e-05 2
3.953441e-06 1
3.045393e-05 1
1.148234e-05 40
3.431280e-05 44826
3.218447e-06 1
5.025930e-05 1
2.333661e-06 1293
6.061847e-06 1
1.928596e-05 2
5.374083e-05 1
3.496783e-05 163
4.629832e-06 4
1.191033e-05 3
1.559383e-05 1
6.200117e-05 2
2.834492e-05 2
2.481281e-05 1
1.620462e-06 7
2.214309e-05 2
3.222544e-05 1
2.470678e-06 245
4.613160e-06 6
3.234985e-05 3
1.334611e-06 51339
2.839849e-05 1
1.045534e-05 5
8.268604e-06 48600
1.890399e-06 193
3.847066e-05 5
2.073748e-05 1
1.761377e-05 1
1.642745e-05 7
1.550838e-05 215
3.314596e-06 1916
2.794515e-05 3
1.376371e-05 1
1.504287e-06 1
3.578623e-05 3
2.914188e-06 1
2.147389e-05 1
1.915732e-05 27207
1.307490e-05 789
3.194742e-06 3
3.040687e-05 1
4.643462e-05 2
8.007728e-06 1
5.311143e-06 1
4.216969e-05 2
1.674189e-05 1
4.416461e-05 1
1.231758e-05 1
1.369523e-05 2
5.016531e-05 3
1.433651e-06 17546
1.031031e-05 1
1.797333e-06 1
9.562948e-05 3
1.678582e-06 1
4.182997e-06 590381
2.054179e-05 3
5.001696e-06 4
8.758611e-05 75
4.080972e-06 1
6.339254e-06 3
2.223000e-05 1
1.259629e-05 1654
1.891920e-05 1
1.392688e-06 1
6.105279e-07 1582
2.304701e-05 55
1.229846e-05 1
3.147891e-05 248
5.148160e-05 1972
3.523226e-05 3
2.854784e-05 1
6.645491e-06 6
5.422035e-05 1
3.880236e-05 3
2.984217e-06 5
1.819735e-05 1
1.392034e-05 1
2.204337e-05 1
5.737607e-06 1
3.391155e-05 1939
7.496978e-07 3
2.509444e-05 1
1.709707e-05 1
3.271782e-05 34090
6.469573e-06 1065
3.645977e-06 1
4.065932e-06 1
1.637509e-05 1
1.795377e-05 1
1.611793e-06 7
1.657084e-05 2
1.239183e-05 2
8.884279e-06 876
8.307197e-05 168
9.780987e-06 1
1.474358e-05 67
2.151213e-05 1
3.590509e-05 6
7.336251e-06 1
5.663316e-05 6
3.418251e-05 186867
2.496918e-06 1
1.303090e-06 1
3.539228e-05 3
9.337342e-06 3
3.259951e-05 1972
1.984007e-05 1
8.950381e-07 1
2.472053e-05 1
5.906990e-05 1
1.867132e-05 7
4.790488e-07 1
3.762704e-05 1
2.892228e-05 1
5.173865e-06 1
1.572332e-05 1
1.240485e-05 19
1.739163e-06 190
1.514069e-06 1
3.009765e-05 3
2.820366e-05 1
1.550273e-05 7
7.480274e-07 1
1.982711e-05 336
9.928888e-06 1
3.707367e-05 1
7.613381e-06 4
2.764423e-05 3
7.843128e-06 1
4.473169e-05 1
7.599088e-07 1
9.502657e-06 1
3.013174e-05 645
2.818894e-05 181
5.893523e-05 3
1.553212e-05 1
2.366516e-06 1
1.069972e-06 3
6.411497e-07 1
1.074893e-04 1
4.409912e-05 1
2.565782e-05 1
1.054710e-06 1
7.283782e-06 7
5.395205e-05 1
1.973748e-06 409
2.941371e-07 1
9.434154e-06 1
1.742963e-05 1
2.555447e-05 6
2.099351e-05 1
1.889159e-05 2
1.596555e-05 2
2.334022e-05 267
2.347478e-05 1
9.616413e-06 5
3.164145e-05 241124
2.801966e-06 2
3.985892e-05 1
5.152732e-05 2
2.264329e-06 1
1.416051e-06 2
1.404207e-05 117
7.673819e-05 446045
2.193127e-06 1
1.601249e-04 26
1.397161e-05 63911
7.878548e-05 4
8.639026e-06 3
3.564772e-05 1
7.422512e-06 1
2.186250e-06 278
8.395610e-06 1
1.243924e-05 986
2.625517e-05 1
1.046688e-04 6
3.866973e-05 6
4.619965e-06 2
6.336894e-05 1
1.270077e-06 1
8.188811e-06 2
8.056690e-06 1
2.491103e-05 1
1.256375e-05 2
8.722439e-08 3
3.986017e-07 28503
2.154952e-06 1
2.460101e-05 1
1.994449e-05 1
4.670114e-06 1
4.440525e-05 1
1.839505e-05 142
1.352485e-05 180
2.719733e-05 1
1.750988e-05 2
4.147117e-05 3
1.093211e-06 2
9.421106e-06 1
2.020877e-05 3
1.668832e-05 2
3.189291e-05 3
4.205894e-06 3
1.621476e-05 1
1.636405e-05 1
3.116843e-05 2
1.347494e-05 7
3.287995e-05 1
1.664280e-05 1
3.242240e-05 1
1.742912e-05 106
1.393704e-05 1
1.977164e-05 1
2.737998e-06 5
1.167520e-05 1
3.148681e-06 1
3.552100e-05 1
2.930454e-06 1
2.326692e-05 1
1.804397e-05 3
4.273049e-06 49467
6.688834e-05 4
2.953763e-07 1
1.113918e-05 1
4.547644e-05 1
1.167305e-05 36686
2.868118e-05 1
3.501840e-06 2
2.686307e-05 2
2.218249e-05 60
7.075731e-07 1
5.262427e-07 1
4.538749e-06 4
1.743588e-05 1
1.312246e-07 1
4.210993e-05 45018
3.749122e-06 31
6.776593e-07 1
1.206700e-05 4
5.415075e-05 1
6.518233e-05 1
1.236698e-05 21636
9.420605e-06 1
3.172292e-05 6
3.124329e-05 1
2.028846e-05 128
2.119725e-05 7
1.934997e-05 1
1.046314e-04 1907
2.830862e-05 3
8.289234e-05 3
7.076789e-05 68
2.111376e-05 19
7.610251e-06 229324
5.868228e-06 1
1.713946e-05 3
1.308081e-05 1
3.593116e-05 6
4.703894e-05 1
1.721318e-05 2
3.443926e-05 601
5.944970e-05 658183
3.722525e-05 5
1.136403e-06 1
5.684538e-05 1
1.520339e-05 1
5.613575e-05 1
1.006128e-05 69
3.344389e-05 1
1.688396e-06 1
2.536355e-05 1857
3.407019e-05 3
4.895771e-07 1
5.853566e-06 1
1.123888e-05 2
1.449057e-04 6
3.294676e-06 2
1.637482e-05 1
9.348622e-07 6
5.100986e-05 1180
4.258622e-05 3
4.516534e-06 63677
1.140142e-05 1
3.201566e-05 6
1.016778e-05 1
5.046837e-05 1
6.845885e-07 3
1.556345e-05 6
2.948047e-05 2
2.548469e-05 7
1.227284e-05 1
3.163174e-05 3
1.878794e-05 1
3.363239e-05 45674
3.009762e-05 1
8.827758e-05 1
3.456972e-05 217
5.952070e-05 1
1.014688e-05 1
2.335830e-05 1
1.600925e-05 1
1.637739e-04 7
8.561795e-05 1
5.059160e-06 1
7.983439e-05 2
2.859119e-05 1
1.958643e-05 3
5.190952e-06 1
2.170640e-05 3
1.065655e-05 1
1.676762e-05 5
9.249596e-05 4
4.980078e-05 1
4.976510e-05 1
5.102501e-05 1
2.762630e-05 84
1.002695e-05 5
6.511946e-05 1
7.074535e-06 1
1.540077e-05 1
1.202291e-05 35
5.301856e-06 255
6.825880e-05 7
1.177520e-05 169
1.352505e-05 1
3.023762e-05 1
8.128482e-06 1
2.550559e-05 32
1.579486e-06 1
9.995669e-05 1
4.719666e-06 1
3.621805e-06 1
1.248087e-04 1
2.704104e-05 1
9.789009e-06 1
2.271922e-06 3
7.215650e-06 167
5.080581e-06 1
3.200351e-06 35
2.782474e-05 2
3.210060e-05 2
8.505289e-05 61920
9.115175e-06 1
6.567392e-06 1
2.280580e-05 1368
4.682753e-06 7
5.006984e-05 7
5.513295e-05 1
7.217860e-06 1
1.783689e-05 30
5.503127e-06 6
8.841209e-06 1
1.221980e-06 1
4.949489e-06 3
8.625287e-06 3
9.776157e-05 2
1.164611e-04 56
3.586258e-06 1
2.379258e-06 1
1.717570e-05 1
1.274131e-06 1
1.917952e-06 1
6.782602e-05 5
2.656500e-05 1
4.328372e-05 1
3.192739e-05 1
1.288019e-05 1
2.344213e-05 192
2.428595e-06 7
4.990520e-06 2
1.466304e-05 1
2.620912e-05 1
1.641214e-05 1
6.504261e-05 1
7.389776e-06 1
8.069624e-05 2
3.054462e-06 1
8.323732e-06 1
2.472094e-05 21329
1.977184e-05 1
3.359603e-06 2
2.955193e-05 1
5.687972e-06 1
5.708163e-07 3
4.145192e-05 120
9.462582e-06 3
4.564771e-06 16307
7.372955e-06 1
1.089027e-05 121
1.358466e-05 4
1.418475e-06 1
1.709329e-05 1
5.329553e-05 6
4.025408e-05 1
4.056604e-06 1
5.465278e-06 1
1.087102e-05 1
8.093769e-06 1
1.551445e-05 1
7.231223e-05 1
1.019837e-05 3
2.572490e-05 2
7.863855e-06 1
3.247735e-05 1
9.324315e-06 6
1.226383e-05 4
1.294717e-05 2
3.094477e-05 1
6.493161e-06 4
2.654583e-05 1
1.014951e-05 5
1.056308e-06 6
1.027821e-05 1
2.979041e-06 3
1.361169e-05 1
1.651780e-05 2
5.049019e-05 1
2.228998e-06 1
1.014107e-05 159
4.069998e-06 1
1.243748e-05 1
1.697529e-05 1532
6.374133e-06 1
3.469349e-06 2
5.877202e-05 1
7.359747e-06 1
2.264397e-07 1330
1.075305e-05 2
2.460452e-06 429493
3.289986e-05 1
3.489551e-05 2
1.275958e-06 253
2.969652e-05 3
1.425097e-06 1
2.044441e-05 475
1.728480e-05 1
2.553013e-05 2
4.088505e-05 1
1.537603e-05 27
2.846997e-05 1
7.363941e-06 2
4.021342e-05 1
3.504865e-05 3
9.463305e-06 3
2.076385e-06 1
1.852261e-05 1
1.388215e-05 1
3.000974e-05 1
2.735023e-05 170
1.087575e-05 62339
1.360761e-05 1
3.405277e-05 1
9.180533e-06 3
1.911000e-05 3
6.079021e-05 1
4.359822e-05 2
6.785449e-05 3
8.826252e-06 1
3.013120e-05 1
1.211772e-05 7
7.352283e-06 3
7.051005e-07 1
7.801012e-06 4
2.538892e-05 1
4.001061e-05 1
5.719663e-06 1
5.442940e-06 1
2.677949e-06 1
3.324558e-05 7
3.798918e-05 2
2.360249e-05 3
2.535434e-06 3
5.849529e-06 1
1.178090e-05 6
4.657149e-05 1
1.269243e-05 3
2.300261e-05 1
6.066517e-07 3
1.070881e-06 1
1.553798e-05 2
2.958738e-05 1597
1.324315e-05 1
2.857139e-05 5
7.580236e-06 176
3.604695e-05 1
7.914798e-06 123
2.049302e-05 1368
1.154680e-06 897
3.394968e-06 1
2.405355e-06 1
4.357612e-05 2
2.862395e-05 6
1.139941e-05 3
5.102097e-05 1
2.937288e-05 1
1.101028e-05 1
7.513961e-06 1
5.369102e-06 1
2.574268e-05 1
2.111045e-05 1
3.048611e-05 1
7.283045e-06 2
2.932565e-05 3
2.115852e-06 1
3.261181e-05 1
5.135500e-06 1
7.812470e-05 1
6.267613e-07 3
2.793235e-05 1
6.616874e-05 3
2.780336e-06 1
3.867761e-05 2
1.344548e-05 1
2.109050e-05 3
1.704507e-06 1
6.302544e-05 1695
3.360249e-05 165
2.265477e-05 1
4.011247e-07 1
5.374565e-06 2
1.883175e-05 98
5.972910e-06 1
1.091493e-05 2
6.149274e-05 1
2.113005e-05 2
5.858335e-06 1
8.681199e-06 2
4.196503e-06 1476
5.976522e-07 2
5.878201e-05 1
2.034503e-05 5
9.001485e-07 1
1.755479e-05 3
1.044550e-05 1
4.262824e-05 43
4.050071e-05 1
1.203619e-06 1
2.937778e-06 221
1.542717e-05 224
2.433050e-05 53
1.716642e-05 4
4.571417e-05 7
5.570081e-05 1
1.480101e-06 1
2.821336e-05 1
2.443925e-05 4
6.110215e-05 3
3.027165e-05 525
1.515364e-05 53
9.445030e-06 1
4.282042e-05 6
1.569546e-06 7
1.860510e-05 635234
2.990847e-06 1
3.357569e-05 1
4.696024e-06 660
6.092943e-06 5
3.772204e-06 3
3.845076e-05 1
1.197936e-05 1
3.611881e-05 4
1.018936e-05 1
4.111028e-05 1
4.075008e-06 4
3.720599e-05 1
4.307649e-06 1
9.706720e-06 188
1.325197e-05 1
4.789187e-06 1
2.632191e-05 387
4.044381e-05 1
9.009470e-06 1
2.693047e-05 733
8.739871e-06 29
1.889341e-06 1
2.818793e-06 2
3.488419e-06 3
1.053054e-06 3
1.147704e-05 1
3.550504e-05 1
8.998404e-06 2
1.573206e-05 3
8.032015e-06 2
1.168558e-05 1
1.071162e-05 1
1.974522e-05 1
3.702288e-05 282
6.827039e-05 7
2.056285e-05 3
2.179211e-05 1
3.860842e-05 46631
1.156811e-05 3
3.521539e-06 1
2.388588e-05 1
4.489481e-06 3
2.900750e-06 1
3.028888e-08 1
8.672758e-06 2
1.591228e-05 1
7.138610e-05 65826
1.255126e-05 1
2.235309e-05 3
1.719210e-05 97
4.182619e-05 6
9.205797e-06 195
4.498180e-05 5
3.791450e-06 5
2.808823e-06 2
8.867593e-05 3
1.051874e-04 3
3.165028e-05 3
2.791728e-06 1
1.414858e-05 1
1.672957e-06 1
5.653398e-07 5
2.915778e-05 1024
3.719439e-05 24
1.495151e-05 110
3.787133e-05 3
1.017299e-06 3
9.272339e-06 1
1.185586e-05 2
1.923565e-06 1
2.880174e-06 232
1.218636e-05 3
4.783099e-05 1
4.859980e-06 3
2.121979e-05 1
4.720247e-06 1
6.921221e-06 1
1.350724e-06 1
2.069256e-06 1
4.266803e-06 4
2.488946e-05 1
1.124383e-05 241
5.341024e-05 208
6.792285e-06 1
8.988355e-06 2
1.483542e-05 4
4.136727e-05 2
2.063014e-07 1
1.181309e-05 7
2.026626e-06 1
1.975350e-05 1
3.819256e-05 4
7.415437e-05 1
2.733111e-05 4
5.362909e-05 1
2.937652e-05 1
2.724070e-05 1
3.293916e-06 1
4.641173e-05 1
3.811537e-05 1
9.408156e-06 3
2.764580e-05 6
2.889538e-05 135
6.434538e-06 64840
8.465476e-05 3
2.587397e-06 1
4.799486e-05 4
1.048085e-05 3
1.971283e-06 75
1.272893e-05 1
3.484456e-06 1
9.647529e-06 96
1.285535e-05 3
5.700683e-06 5
3.503107e-07 1
2.337118e-05 2
9.395540e-05 1
4.091479e-05 1
1.112669e-05 663991
4.577393e-06 1
3.752247e-06 98
3.152703e-05 1
1.293384e-05 1
6.258576e-06 2
1.014823e-05 91
1.164527e-05 6
5.260010e-07 1
1.350423e-05 1
9.775151e-06 6
3.197939e-06 3
1.408433e-05 1
2.198779e-05 1
2.441318e-05 13
7.691366e-05 3
5.741908e-05 3
6.572931e-06 3
2.783107e-05 205
8.240138e-06 1
3.231266e-06 2
1.395320e-04 1
4.271120e-05 1
3.999955e-05 11128
3.506194e-05 6
4.555531e-06 1977
9.251274e-06 1
4.481278e-06 3
3.455312e-06 3
1.749429e-06 6
6.603694e-05 1
6.270982e-06 1
2.809629e-05 1043
8.905513e-06 1
2.624423e-07 98
1.176619e-05 1
1.151377e-05 1
2.056123e-06 3
1.513757e-05 1
5.229084e-05 3
4.207693e-06 1
3.292135e-05 159260
1.665358e-06 1
6.044260e-06 1
1.743547e-05 842
5.009697e-07 1
8.217065e-05 3
4.870558e-05 1
1.302032e-05 1
2.394310e-05 253
2.007938e-06 1
4.891758e-05 7
1.985819e-05 2
6.639504e-05 1
1.268451e-05 1
2.838767e-05 3
3.073165e-05 1
6.356609e-06 1
3.697822e-05 237
1.587034e-05 1
7.423472e-05 171018
1.551670e-05 1
4.349863e-05 1
3.204631e-06 7
9.285896e-06 250
1.214855e-05 3
3.708868e-06 853
4.140775e-06 1
8.044735e-05 1
7.059177e-06 1
8.776573e-06 124
9.691687e-06 6
6.664407e-07 13515
3.815433e-05 2
1.664218e-05 1
6.585908e-05 126
4.115267e-06 1
5.239714e-05 1
1.742825e-05 2
3.459980e-05 1
4.608020e-05 1
1.084967e-05 43625
9.830455e-05 1
1.592806e-05 1
3.728249e-06 1
5.604937e-06 1
4.088723e-06 3
6.873260e-06 1
2.508921e-05 1
3.241681e-05 6
8.259592e-07 55173
9.969939e-09 1
2.425212e-05 1
1.554886e-05 1
2.042881e-05 1
5.300706e-06 7
3.489408e-05 3
9.794181e-06 1
2.780133e-05 1
3.027439e-05 6
3.661161e-05 1
1.600772e-05 42442
5.097449e-06 1
4.001319e-06 1
6.003534e-05 4
6.557802e-05 3
2.476536e-06 2
3.998107e-05 11591
6.313244e-07 2
2.777035e-06 1
3.645090e-05 1
2.175288e-05 1
6.577415e-05 93
3.345678e-05 72
1.358491e-05 72
1.699598e-05 1
5.792025e-06 68
8.460889e-05 3
4.655304e-05 1
5.375731e-06 1
4.388196e-06 149
3.134469e-06 1
2.434328e-05 1
4.754761e-06 3
1.042097e-05 7
1.578239e-05 1
7.131997e-06 1
1.365600e-05 1
3.082739e-06 1
1.020605e-05 993
5.238280e-06 5
4.161103e-05 1
7.296536e-05 1
1.750393e-05 6
2.073459e-05 1
1.140421e-04 1633
2.616769e-05 1
9.223627e-05 3
1.083025e-05 2
2.385208e-05 1
1.337098e-05 1
1.260440e-06 1
1.701688e-05 1
5.593597e-06 28365
2.036867e-05 1
4.663135e-05 2
1.368189e-05 3
3.314709e-05 1
6.666323e-06 1
1.121955e-05 4
4.879296e-06 60
3.414072e-06 2
4.038065e-06 1
3.399543e-05 2
1.396691e-05 2
3.198623e-06 1
1.879559e-05 1
1.875133e-05 1
6.677825e-06 1
1.585370e-06 1
3.074081e-06 6
7.305822e-06 17
1.814070e-05 1
1.763162e-06 5
3.353284e-05 1
1.044909e-06 1
1.417525e-05 1
1.029921e-05 1
3.495645e-05 3
1.137290e-06 1
2.219955e-05 1
2.703576e-07 1672
2.410581e-05 71
1.272268e-05 1
4.985197e-05 2
3.105038e-05 3
2.025826e-05 232
4.093835e-06 1
5.782149e-05 1
4.761161e-05 1
1.453257e-05 160
1.854278e-05 6
1.237034e-05 1113
3.572046e-05 64537
4.521262e-05 3
2.854753e-05 1
1.610211e-05 967
2.497123e-05 51381
1.681509e-05 2
1.297415e-05 3
3.022220e-06 1
9.258659e-06 7
2.758368e-05 1
3.476575e-05 2
4.912610e-06 1
3.628364e-05 134
2.036920e-06 3498
4.111609e-07 1
4.617191e-05 3
4.747769e-06 1
3.012473e-05 1
6.884376e-07 1
9.851817e-06 1
4.757382e-05 3
2.127496e-05 1
1.298818e-06 1
2.516140e-05 1
2.590270e-05 4
1.519589e-06 2
5.725411e-06 1
1.222328e-05 3
6.301454e-05 1219
7.096626e-06 6
1.407707e-06 3
1.537500e-05 1
5.220204e-06 2
3.402113e-05 1
1.393504e-04 1
6.293133e-05 2
1.083130e-05 1
7.913789e-06 1
3.379626e-06 306
5.704113e-05 1
3.597252e-06 5
4.990500e-05 2
6.097659e-06 6
1.194001e-05 3
1.694445e-05 2
5.189310e-06 1
2.054594e-05 1
1.330312e-05 141
2.201521e-05 1
5.287765e-05 2
5.954530e-06 1
1.816935e-05 1
4.635050e-06 4
6.137307e-05 1
4.587685e-05 6
4.778435e-05 1
1.640759e-06 1
2.290612e-06 1
5.170254e-06 1
9.047341e-06 1
6.117234e-06 1
5.152494e-06 3
3.528070e-05 478548
2.688124e-05 1
1.210653e-05 3
2.366988e-05 1
1.187186e-05 1
1.360144e-05 1
3.122614e-05 1
2.466330e-05 1175
2.431512e-06 1016
2.785121e-05 1
1.727352e-05 1
3.279811e-05 1
2.935716e-05 3
1.667642e-05 1
7.994204e-06 907
2.996481e-05 2
1.893243e-06 42597
3.552413e-05 1
3.701562e-05 1
1.378370e-05 1
3.446134e-05 256
3.843796e-07 1
3.202578e-06 309
4.394226e-05 3
1.908409e-05 3
1.210532e-04 16922
5.840417e-05 1
5.659689e-05 2
3.978262e-05 49
3.019115e-05 1
1.629820e-05 1
3.029779e-07 20486
5.258617e-05 1
3.378302e-06 1
4.661519e-06 166
2.132240e-05 2
1.063080e-05 1
1.764156e-05 7
9.148136e-05 2
3.972280e-05 3
1.408015e-05 462
3.463370e-05 1
1.638424e-05 5
7.316190e-06 1
2.091436e-05 1
3.619446e-06 1
3.094825e-05 1
1.249141e-05 1
1.222482e-05 2
5.658097e-05 1
4.297767e-05 3
9.800774e-05 1
2.498540e-05 7
4.479031e-05 50610
5.766362e-06 9769
4.151774e-06 1
9.540791e-06 1
1.347009e-06 2
6.407694e-05 3
3.421490e-05 1
2.464938e-05 1
1.444421e-05 1
1.353989e-05 54877
4.706113e-05 1
2.999052e-06 2
3.451383e-05 1
3.237964e-05 1
1.239338e-05 2
1.452455e-05 1
1.453003e-05 2
3.073865e-05 1
4.439482e-05 1
1.393095e-05 2
2.350077e-05 1
1.248973e-04 1
1.327056e-05 1
5.857783e-06 4
2.733830e-06 3
5.958048e-06 3
2.581078e-05 4
3.850493e-07 1
5.678724e-05 1767
3.128593e-05 1
1.120952e-05 3
1.894872e-05 1
1.046070e-05 5
5.172647e-05 1
7.010068e-06 2
7.855920e-07 1
2.571613e-05 532
2.897780e-05 5
2.195084e-05 1
2.939778e-06 5
2.756254e-05 1
9.453135e-05 1
4.450703e-06 3
1.048575e-05 76
3.251160e-05 3
9.129219e-06 3
2.291483e-05 134
1.230867e-06 2
4.048328e-06 3
1.547000e-05 185
6.562913e-05 1
4.223100e-06 1
8.146916e-06 611552
1.212935e-05 1
9.171133e-06 3
1.265096e-05 1
1.913777e-05 202250
4.635172e-05 2
8.978722e-06 1
3.943772e-05 131
1.370367e-07 2
3.443963e-06 1
3.184648e-06 3
4.861208e-05 91
9.958714e-06 2
1.084682e-05 5
3.462346e-06 1
6.671259e-06 1
3.985466e-06 1
5.539171e-05 165
8.107471e-07 3
2.951616e-05 1
4.242239e-06 1
5.567815e-06 3
2.323653e-05 1
2.510056e-05 1
2.183246e-05 1
7.697671e-05 2
3.897456e-06 1
1.998671e-05 2
1.889405e-05 22248
6.407279e-06 2
8.281899e-07 33914
1.110113e-05 1
2.973599e-05 3
5.327800e-05 1
2.528255e-05 1
1.281613e-05 1
6.571861e-05 195
1.270038e-05 1
7.638441e-05 1
5.624631e-07 1
3.922017e-06 1
6.287850e-06 2
5.294210e-07 2
5.768365e-06 207
4.695531e-06 228
4.777130e-05 1
6.895164e-05 2026
2.197422e-05 1
3.663656e-05 1
1.642292e-05 3
2.613084e-05 222
2.261124e-05 125
3.970868e-05 1
7.289119e-05 478
3.620933e-05 1
3.115521e-06 38491
4.144225e-05 1
4.500807e-05 724
7.383480e-06 1
7.888193e-06 6
3.232301e-05 135726
4.074136e-06 1
2.967811e-05 3
4.481117e-05 1
1.248181e-05 1
4.755478e-06 217
3.033625e-06 2
3.343370e-06 6
1.531254e-05 1
1.879002e-05 204
3.058450e-05 5
2.540919e-05 1
5.857505e-05 2
4.502158e-05 1
3.973477e-05 1
6.286429e-05 6
1.393230e-05 1
3.562347e-06 3
4.364216e-06 3
3.262586e-05 1
8.904121e-06 1
4.118580e-07 1
4.512323e-05 1
2.608300e-05 5
1.747037e-05 7
1.889220e-07 7
2.023345e-05 2
1.229373e-05 1
8.177999e-06 1
1.015003e-04 3
5.904116e-05 1654
1.432854e-04 167
3.393417e-05 1
1.146322e-06 1
2.070531e-05 4
3.213017e-05 428
1.723401e-05 1
5.095857e-05 1
1.813981e-05 6
5.647844e-06 1
4.199697e-05 1
1.030230e-05 1
3.098403e-07 5
2.706245e-06 4285
4.751091e-05 1
2.864840e-05 1
3.419927e-05 1
2.012398e-05 1
1.864392e-06 1
3.573551e-05 1
5.521553e-06 3
3.852223e-05 5
1.141120e-05 3
6.617503e-06 1
4.856077e-05 7
6.035778e-05 4
3.211216e-06 1
2.897610e-05 1
2.969649e-05 2
3.561774e-05 101404
1.388683e-05 202130
1.061753e-05 2
6.199341e-06 1
1.155602e-05 1
4.417480e-06 373790
4.495568e-05 1
4.574910e-05 2
3.437456e-05 1125
2.243473e-05 1
4.353543e-05 1
2.392296e-05 1
2.786439e-06 216
1.882545e-05 2
5.102064e-06 7
3.900677e-06 3
3.426163e-05 30
3.172903e-05 1
4.713525e-05 1
1.752867e-05 6
3.517870e-06 32469
3.211848e-06 1
5.947864e-05 6
9.203284e-06 1
1.261565e-04 78
2.778569e-05 7
4.721074e-06 1
4.270223e-05 2
5.088881e-05 1
1.738589e-06 41300
4.822619e-05 1744
8.831402e-05 3
4.127941e-05 1
5.406746e-06 3
2.079875e-05 81
4.010768e-05 1
3.591284e-05 3
1.709011e-05 3
3.235640e-05 1206
2.451002e-06 13
6.435319e-05 3
4.137659e-06 44036
8.519039e-05 1
4.951538e-05 158652
3.008832e-05 4
1.079542e-05 1
1.502341e-05 3
1.479100e-04 2
4.092086e-05 2
6.529143e-05 3
7.512181e-06 1
8.313761e-06 162
4.581971e-06 56287
5.545219e-06 1
5.399052e-05 1
1.287744e-05 194
3.394381e-05 1
7.154626e-05 1
9.792130e-07 13961
8.882057e-06 3
2.301195e-05 6
3.567555e-06 133
1.525477e-06 7
5.062565e-06 3
2.024974e-05 96548
5.697292e-05 1
1.758411e-05 3
7.398832e-06 1
3.186821e-05 1
3.796935e-06 3
1.444079e-05 2
6.515594e-06 147
1.478614e-05 1
1.033081e-05 7
4.307530e-05 94
1.285134e-05 1
1.485551e-06 1
1.168283e-05 5
3.962555e-05 1
3.254492e-07 1
2.595139e-05 3
7.454991e-05 1
2.782367e-05 1301
2.059446e-06 2
5.755014e-05 1
3.920845e-05 5
3.620827e-07 2
2.940870e-05 1
7.455976e-05 1
1.836216e-05 2
4.198843e-06 3
1.513987e-05 599
4.613619e-05 1656
1.115917e-05 3
3.693039e-05 1
9.886894e-06 2
2.394854e-06 2
1.839518e-05 176
9.324597e-06 2
2.018163e-05 5
2.049969e-05 1
5.756116e-05 4
4.482783e-05 1
1.715763e-05 3
7.188287e-06 7
3.745690e-05 1
2.523731e-05 1
1.590819e-06 1
3.410419e-05 1
3.358263e-06 1
2.252736e-05 1
1.248406e-05 2
3.069303e-05 1
4.388438e-05 293
1.779438e-05 1
3.223863e-05 1
2.601782e-07 5341
4.031828e-05 1
1.068274e-05 3
2.418951e-05 2
2.350172e-06 1
5.835578e-05 1
8.429175e-05 43748
1.226461e-05 5
5.482932e-05 895
3.153864e-05 1
3.951273e-07 1
1.284440e-05 88490
7.837772e-06 4
1.863268e-05 3
1.585805e-05 1
1.771345e-06 1
3.505357e-05 1
6.130969e-06 3
8.659866e-09 2
1.086238e-05 3
1.917400e-07 1
1.232837e-05 1
1.122952e-05 6
5.042586e-06 98
1.343693e-05 23
9.412743e-06 1
3.985829e-06 1
5.161127e-05 1
5.213600e-05 1
1.322334e-04 3
6.308178e-05 6
3.496409e-05 24533
2.683490e-05 3
4.915121e-06 7
5.956300e-06 1
2.305380e-05 223
1.131207e-05 3
9.002492e-05 1
1.773691e-05 3
2.722239e-05 1
2.644846e-07 2
8.206352e-06 4
3.836645e-05 1
1.485212e-05 4
1.541110e-05 2
1.703645e-05 46
2.876207e-05 1
2.698007e-05 2
2.730862e-05 1
1.996106e-05 4
2.291379e-06 1
3.134670e-05 87
1.010693e-05 3
3.031298e-05 1
2.466703e-05 1
1.876282e-04 1
5.106144e-06 6
4.485248e-06 3
4.105703e-05 6
7.545688e-06 2
2.841998e-05 200
1.237953e-05 3
5.183678e-07 1
5.971629e-05 3
3.861729e-05 1
8.424918e-06 2
1.409632e-05 43
2.854587e-05 1
1.106737e-05 7
1.494370e-05 2
1.483013e-06 1
8.368841e-07 3
9.683626e-06 2
3.261968e-05 1
2.181483e-05 43010
5.439053e-05 38580
5.824159e-06 2
1.720375e-05 2
9.860096e-06 1
3.070916e-06 2
4.465909e-06 101
7.803169e-06 6
2.174171e-05 1
8.955245e-07 266
2.578896e-05 2
7.805315e-05 1
2.145956e-05 1
9.281627e-06 1
2.514432e-05 1134
1.326141e-05 3
4.454192e-06 1
1.606943e-05 1496
8.458097e-06 1
4.943595e-05 1
6.981825e-07 3
1.278699e-05 2
1.849384e-05 1
5.002674e-06 2
1.061033e-06 3
1.709205e-05 1
1.986048e-06 6
5.225513e-05 1
7.458337e-06 1
1.045813e-05 1
1.839564e-05 1
1.495358e-05 1
3.492293e-05 1
2.287316e-06 1
1.316010e-07 22862
2.036117e-05 1
1.056889e-04 1870
2.028615e-05 1
1.807128e-05 1
9.105088e-05 5
5.951789e-06 1
1.640113e-05 1
2.558897e-05 1
2.272926e-06 2
1.248594e-05 1
2.010873e-05 1
2.331501e-05 1
1.637387e-06 1
1.753577e-05 2
6.751457e-06 142
7.686173e-05 3
5.757846e-05 1
8.464193e-06 2
7.220250e-06 2
1.308756e-05 66
8.034996e-05 51
5.729100e-05 3
7.550666e-05 1
3.216559e-05 1
3.392144e-05 1
4.577701e-07 62449
1.387386e-05 1
4.103678e-05 307
2.183105e-05 3
7.568423e-05 1
8.051286e-06 1
2.147180e-05 1
2.445826e-05 2
6.847287e-06 1
4.456701e-06 1
7.620024e-06 203
3.402511e-05 3
2.052505e-05 1
2.624708e-05 2
3.038559e-05 3
1.636411e-05 1
2.190172e-06 132
7.217542e-06 3
1.920621e-05 1
3.031445e-05 1
1.144191e-04 1
1.113059e-05 1
5.466587e-05 2
7.384473e-06 2
5.780463e-05 1
2.654697e-05 1
4.973104e-07 1
3.544404e-06 1
2.162035e-05 6
8.643585e-06 3
5.084121e-06 3
1.118316e-04 46578
1.486287e-06 1349
4.555945e-05 3
3.468232e-06 1
6.901577e-05 222
3.401499e-05 1
2.095909e-05 1
1.844093e-05 1
1.584040e-06 2
1.529217e-06 65
1.393287e-05 7
4.969922e-06 1
1.967151e-05 1
2.279208e-05 1
3.674986e-05 2
1.025678e-05 4
2.473048e-05 5
2.084440e-05 1
2.309437e-06 1
3.310422e-05 1
1.469307e-05 141
2.033092e-05 5
2.056307e-07 1872
2.562493e-06 4
3.781593e-05 2
2.389391e-05 2
1.783536e-05 1
9.253925e-08 34
4.858834e-06 1
3.570051e-05 1
6.151228e-06 6
6.674675e-05 3
6.859237e-06 4
4.340810e-05 537200
2.309160e-05 4
3.105426e-05 1
4.599835e-06 2
7.768694e-06 1
7.962788e-06 1
1.782019e-05 1
9.051016e-06 1
3.997059e-05 3
8.460843e-06 1
1.418054e-06 2
3.147245e-06 13734
3.097110e-05 1
4.890541e-05 3
3.391106e-05 6
6.038442e-06 1
2.882099e-05 1
6.923753e-06 1
5.316995e-05 213
7.904347e-08 3
2.357079e-05 4
1.450222e-05 3
1.195498e-07 1662
1.798956e-05 985
1.809804e-05 1
1.099726e-05 1
2.128444e-05 1
1.317720e-05 2040
1.035045e-05 1
4.922355e-05 2
4.725644e-05 1
2.686790e-05 1
1.192933e-05 1
1.933155e-05 3
3.692371e-05 1
3.797028e-05 1
3.235650e-05 1
1.954337e-06 2
1.502718e-05 1
4.007663e-05 1
2.701955e-05 1
2.512876e-05 2
5.240406e-06 3
7.277851e-06 613
7.715928e-06 87
7.472737e-06 1601
3.541707e-06 4
1.707558e-05 3
5.268746e-05 1
3.892015e-05 220
1.102757e-05 7
1.133002e-05 1
1.007621e-07 1
1.599285e-05 2
6.296907e-06 1
4.171684e-05 3
2.690050e-05 1
5.995902e-05 1
2.385010e-05 1
6.451054e-05 1
3.175924e-07 1526
4.794095e-06 53416
6.590945e-05 260
4.299505e-05 1
2.838277e-05 1
6.275503e-05 1
2.068200e-05 4
8.414845e-06 1
4.819499e-06 172
1.644261e-05 212
2.758293e-05 1
5.253296e-05 1
6.319093e-05 28
3.832234e-06 6
7.593609e-06 1
5.363035e-07 174
8.082751e-05 1
1.298896e-05 1
2.112899e-06 3
3.276932e-05 1
7.498958e-06 19226
4.101758e-05 1
9.254463e-05 52
3.056540e-05 1
5.181796e-06 1
4.057604e-05 1
2.202908e-05 3
6.701142e-05 1
6.208189e-06 1
7.797396e-06 5
3.782398e-05 1
4.337166e-05 2
7.931510e-06 5
1.794146e-06 1
6.143431e-06 1
1.035201e-05 1
5.006685e-05 1
5.507358e-05 1
2.687480e-06 1
6.408790e-05 1
2.617458e-05 58977
2.902983e-06 3
4.464623e-06 1
7.978068e-05 1
1.798787e-06 2
7.934897e-05 4
1.284914e-05 1
1.048255e-05 111
1.116975e-05 1
2.080434e-05 3
2.980756e-05 1882
1.689021e-05 1
1.265073e-05 1
3.884158e-05 1
3.164288e-05 8417
1.185917e-05 1
9.278234e-06 2
7.183219e-05 2062
5.387418e-07 3
6.838865e-06 1
4.363265e-06 1519
1.182865e-05 1
4.965798e-06 3
2.804106e-06 1
3.523506e-05 1
1.193161e-05 2
2.035029e-05 4
7.414255e-06 1
9.863991e-07 2
2.181608e-05 1
2.978153e-06 78
2.441449e-05 5
2.118516e-05 3
1.390699e-05 1
8.647263e-06 1
1.010300e-06 373
2.500143e-05 3
3.417176e-05 1
3.556233e-05 7
1.668466e-05 1019
2.382596e-05 43832
5.970405e-06 1
2.366784e-05 1
4.384216e-05 169
1.028045e-05 6
1.439397e-05 3
6.242990e-06 3
2.179473e-05 1
2.305752e-06 2
4.018150e-05 2
1.414316e-05 4
2.255524e-05 3
1.794386e-05 1
8.803394e-06 5
2.448050e-05 1
6.866555e-05 1
2.564428e-05 1084
3.642008e-05 3
6.599924e-05 1585
3.165566e-05 36
3.244656e-05 1
5.008358e-05 1
4.804778e-06 1
3.364500e-05 1
2.085600e-05 1
2.011926e-06 1
8.526477e-06 1
3.918879e-06 295
2.878065e-05 1
2.398102e-06 3
1.137534e-06 1
2.840117e-06 240
1.199407e-06 6053
1.636239e-05 119
3.956624e-06 2
4.740476e-06 1
6.781861e-06 2
2.788397e-05 1
5.237640e-06 1201
7.988069e-06 7
2.291908e-05 1
2.614702e-06 6
1.417946e-04 1
6.254894e-05 3
4.724618e-06 1
7.489701e-05 1
1.022406e-05 1
1.712188e-05 7
4.321670e-05 1
1.064104e-05 2
3.578912e-05 5
7.826554e-05 2
4.822016e-05 1
6.663392e-06 1
3.269053e-05 468
9.684106e-07 2
1.193693e-05 13
5.527664e-06 479
1.615644e-05 6
2.978511e-05 1
2.759879e-05 1994
1.199453e-06 4
1.739082e-05 6
2.295713e-05 5
3.559226e-05 2
5.715330e-06 2
2.681471e-05 3
2.735490e-06 6
2.553608e-05 1
3.212196e-05 1
2.270631e-05 1
9.145182e-06 1
3.341898e-05 1
5.214326e-05 1
5.115737e-05 1
7.036123e-05 1
1.130719e-04 1
7.687848e-08 1
2.650130e-05 1
1.393197e-05 7
5.106720e-06 1
7.332569e-05 1
2.623574e-05 147
1.539574e-06 198
6.853426e-05 1
4.110630e-07 3
2.183406e-05 3
2.526111e-05 6
6.961357e-05 2
2.461901e-05 1
1.112838e-05 189
1.448843e-06 1
8.234993e-06 5
4.801490e-06 3
1.155854e-05 46235
2.482226e-06 1
3.853124e-05 1
2.770440e-05 1
1.436529e-05 2
4.220563e-05 1
1.412280e-05 7
8.208452e-06 3
1.413979e-05 1
2.685379e-05 1
2.345653e-05 2
2.743592e-05 1
2.213216e-05 6
4.085288e-05 1
5.864339e-05 3
3.664139e-06 2
2.533218e-06 1
5.168073e-07 1
2.349019e-05 60582
7.909520e-07 1
1.477103e-05 1
2.493936e-05 1
2.968071e-05 1
1.909026e-05 1
2.216985e-05 1
5.137659e-06 1
2.085682e-05 4
5.723258e-06 181
2.661410e-06 1
1.004541e-04 1
1.175078e-05 6
1.175816e-06 1
2.306154e-05 1
1.714382e-05 1
1.293606e-05 1
2.035311e-05 2
2.333229e-05 1233
2.582547e-05 1
8.291376e-08 2
2.214166e-05 1
3.334151e-05 1
1.177010e-05 3
8.504809e-05 1
1.215287e-05 1
3.278626e-06 1
4.543004e-06 1532
3.276272e-05 1
4.847348e-05 1
6.383167e-06 6
1.447463e-05 1
1.898852e-05 1
1.929070e-05 1
1.280494e-05 2
3.292485e-05 2
9.464849e-06 1
6.290952e-06 1
1.257796e-05 732
3.742788e-05 1
5.314396e-06 1
1.652060e-05 68
3.614458e-06 1
1.318742e-05 1
2.405106e-05 2
2.731638e-05 3
1.190837e-05 1495
3.697617e-05 4
1.281864e-05 6
6.896224e-06 2
3.823258e-05 14668
3.142478e-05 995
2.422990e-05 24003
1.254776e-05 1
2.026749e-06 1
8.424270e-06 1
1.732378e-05 117
1.944426e-05 1
2.213318e-05 1
1.393963e-05 1
5.100937e-06 3
5.121776e-06 7
4.176686e-06 1
1.106114e-05 199
1.111573e-05 1
2.623612e-05 4
1.388484e-05 4
2.477518e-05 1
4.770560e-07 1
2.536578e-06 1
4.664490e-06 1
6.089317e-06 1
1.944787e-05 72
1.283751e-05 1
2.715514e-05 1946
6.764016e-07 1
1.279552e-05 1
1.151172e-05 1
4.071343e-05 961
2.612035e-05 1
5.352585e-05 6
2.176219e-06 1
8.705131e-06 2
8.915452e-06 332
2.303911e-05 1
9.046206e-06 84
1.202506e-06 1232
1.016329e-05 1
2.589892e-05 3
9.154152e-06 1
3.250310e-05 1
1.343335e-05 259
5.031304e-05 1
8.344034e-06 5
3.811464e-05 2
1.400943e-04 1
2.513709e-05 3
3.276230e-06 256
3.308187e-05 1
1.590373e-05 1280
2.003726e-05 1
7.940135e-06 3
4.386886e-05 1256
3.478643e-05 1
4.089122e-05 2
7.765675e-06 1
9.077279e-06 2
2.046357e-05 3
1.002224e-05 354322
4.705856e-05 48934
2.695017e-05 1
6.719431e-05 3
3.422426e-05 2
9.420438e-05 1895
1.127972e-05 1
8.831864e-07 3
3.549169e-05 7
2.229066e-06 260
5.146016e-05 545
2.530809e-05 7
1.563762e-05 1
8.304526e-05 1
1.089612e-05 1
4.081276e-05 383337
3.506277e-05 21506
6.858105e-06 1
9.370711e-05 1
4.836497e-06 1
2.010614e-05 1
4.225251e-05 1
1.287588e-05 1
2.257286e-05 1
4.079886e-05 77
4.941449e-06 3
1.058893e-05 1
8.899274e-05 1
4.817310e-06 4
3.053394e-06 7
6.123395e-05 3
1.410373e-05 1
1.162746e-06 3
6.335678e-05 1625
1.991471e-05 197
4.146058e-05 2
1.918141e-06 1
1.318003e-05 1
3.397650e-05 1
2.965482e-05 1
3.320177e-06 446154
1.515899e-05 1
7.594522e-05 7
1.184670e-05 1
5.226304e-06 26469
1.531957e-05 5
9.122343e-06 1
2.915237e-05 2
1.949131e-05 3
9.370463e-06 1
2.102333e-05 3
5.340880e-05 2
2.288612e-05 1
1.380559e-05 3
1.080382e-06 1
6.274526e-06 1
3.614002e-05 242
1.085555e-05 1
1.474202e-05 1256
4.585830e-06 2
9.474479e-08 4
8.303998e-07 1
1.330561e-05 1
2.306768e-05 1
4.829845e-05 1
2.083170e-05 1
1.941519e-05 2
8.497829e-05 1
2.728417e-05 1
2.269053e-05 254
2.500103e-05 1
3.324961e-06 1
5.418373e-05 5
7.282821e-06 4
1.343520e-05 1
1.894745e-05 39953
6.268439e-05 103
1.446942e-06 3
1.936460e-05 3
2.048914e-05 2
4.118539e-07 1
9.310876e-06 1
5.197900e-05 285306
5.012355e-05 1
5.815033e-07 1671
5.799743e-05 6
5.802897e-05 80
5.261970e-06 1
4.799583e-05 41
2.428563e-05 3
1.539888e-06 1
8.019134e-06 1
7.415352e-05 1
1.469573e-05 1
1.825183e-05 1
8.704866e-06 2
1.812763e-05 1
3.488944e-05 1
7.975598e-06 2
8.980017e-06 22987
8.743831e-06 2
3.559613e-05 1
2.185296e-05 1
1.106618e-05 1
2.756921e-05 1
1.609566e-05 57337
1.408512e-05 2
4.285975e-05 49281
2.005530e-05 1
2.123084e-05 1
8.822341e-05 1
6.147778e-07 2
1.540803e-04 3
9.412796e-07 1
4.324018e-05 1
5.701147e-05 3
1.009084e-05 1
3.297995e-05 1
7.518451e-05 92
3.218750e-05 208
3.207203e-05 1
1.087791e-05 1
5.416678e-05 258
4.863386e-05 2
3.573866e-05 2
2.037727e-05 2
2.832044e-05 2
2.371224e-05 2
3.022656e-05 2
6.711637e-07 1
6.548339e-06 1
2.101903e-05 1
7.222340e-07 1
4.510065e-05 7
1.175834e-05 1
1.613891e-05 2
4.017792e-05 1
5.640563e-05 1
1.467712e-06 3
4.856543e-05 1
1.237719e-05 1
3.827345e-06 3
3.097140e-05 1
1.302270e-06 1
1.521653e-06 1
6.273767e-06 2
2.742683e-06 1
2.471614e-05 1
3.150882e-05 5
5.296942e-05 3
3.806954e-05 2
3.151812e-06 1
5.155518e-06 1
2.330136e-05 6
3.386842e-05 5
1.266665e-05 1
2.843616e-05 1
2.686107e-05 1
4.486314e-07 1
1.434887e-05 1
3.939588e-05 1
2.686002e-05 4
1.306611e-05 238
2.743361e-06 1
1.503971e-05 1
1.642985e-05 1
1.064995e-05 6
9.642197e-05 1
6.727303e-05 1
6.219910e-06 1
3.954223e-08 56418
2.699848e-05 1
1.024672e-05 1
1.531131e-05 1
7.382025e-06 140
1.882906e-05 1
9.015489e-06 3
1.387135e-05 1
1.608461e-07 60790
1.386628e-06 1
6.549782e-05 3
7.088031e-05 3
1.244519e-05 1
6.383029e-05 6
1.837293e-07 3
1.375933e-05 1
2.499823e-05 1
1.915074e-05 168
3.915667e-05 1
2.914291e-05 3
3.054822e-05 767
3.962385e-06 1
1.884645e-05 1
2.845944e-05 1
1.550947e-05 1
5.943971e-06 2
2.715536e-05 1468
4.798309e-05 1
2.092425e-05 5
8.414527e-05 5
4.732708e-05 6
1.812751e-07 1
6.276210e-05 1
2.016108e-05 1
8.829456e-06 1
1.004952e-05 2
7.866525e-06 2
2.976609e-05 7
5.060155e-06 61
3.774462e-05 1
1.356180e-05 1
1.150380e-05 1
9.440595e-07 1050
4.293492e-06 2
2.727518e-05 2
4.431087e-06 1
4.232226e-05 1
4.890363e-05 523
1.812162e-05 1
8.734560e-05 2
9.049112e-05 3
3.647707e-06 3
7.095572e-05 99
1.239024e-05 19761
1.403212e-05 1
2.001967e-05 1
6.036927e-06 5
3.690175e-05 1794
1.855457e-05 7
1.180664e-05 4
6.235397e-06 1624
7.056444e-06 1
8.948349e-06 4
3.978053e-05 5
1.179813e-05 6
1.616635e-05 1
7.182449e-06 1
1.770240e-05 179
1.918086e-06 1
6.488587e-07 2
4.508652e-06 5
4.674353e-06 29
4.830007e-05 6
3.907432e-07 1
2.872987e-05 3
1.411302e-05 5
2.636508e-05 1
3.436727e-06 90
7.113494e-05 5
1.721192e-05 6
1.755479e-05 1
2.136589e-05 6
4.901686e-05 1
3.250913e-06 1
1.177370e-06 1785
1.064342e-05 2028
3.390680e-05 987
3.386018e-05 2
8.555305e-06 1
3.316407e-06 3
1.500192e-05 8762
2.256525e-05 4
5.325644e-05 1
8.323549e-06 1
1.381192e-05 3
1.282943e-05 47485
6.623209e-05 1064
3.301947e-05 1
4.768818e-06 3
1.114997e-04 2
2.135650e-06 1
4.284677e-05 28607
4.721262e-05 6
1.031537e-05 1
5.493342e-06 1
3.426380e-07 1
2.727857e-06 7
1.790017e-05 1
4.988251e-06 1
4.674135e-05 1
5.152075e-05 151
3.195213e-06 1
2.605899e-05 5
2.380507e-05 65830
9.921277e-06 1
5.299900e-06 4
4.907615e-06 1
1.084470e-06 1
2.802922e-05 1
1.381670e-05 916
4.684815e-06 2
3.080452e-06 3
1.033097e-05 2
2.831947e-05 1
1.253062e-06 1
1.141528e-05 1
1.870476e-06 1
5.319190e-05 2
6.634585e-05 1043
4.807040e-05 1
7.621682e-06 1
4.404379e-06 934
1.464197e-05 1
3.973190e-05 220
2.045522e-05 5
5.013942e-05 17079
4.644850e-05 1
1.467200e-05 3
3.687769e-05 7
4.319209e-06 2
8.079239e-06 2
3.821897e-05 15034
1.612300e-05 1
7.718824e-06 1
1.585420e-05 7
9.042616e-07 1
1.044405e-05 1
5.036093e-06 1
8.186834e-05 2
3.573262e-05 2
2.286766e-06 1
4.726748e-07 1
1.405560e-05 3
3.408487e-05 10133
5.955223e-05 3
7.157023e-05 3
4.274051e-05 1
1.208931e-05 1
2.557912e-05 7
1.620798e-05 6
4.893214e-05 1
8.567499e-06 1
7.942770e-06 84
4.834098e-05 3
5.721536e-06 147
4.228148e-05 1
3.970792e-06 1
5.182031e-06 1
2.314484e-05 1
2.238629e-05 1
1.184023e-05 7
3.440018e-05 1
1.914155e-06 3
4.278648e-05 1
1.069951e-05 1
7.324291e-06 1
3.596556e-05 216
2.342417e-06 2
3.052784e-05 306
4.120255e-05 6
7.764949e-06 11
6.944464e-06 1
6.404818e-05 1
3.461763e-05 4
3.361683e-05 1
4.275144e-06 1
3.292190e-06 51
2.178249e-05 1
8.731698e-05 42
6.000362e-05 3
1.185556e-04 7
1.803923e-05 3
1.643002e-05 3
2.690052e-07 2
7.558388e-06 5
2.734070e-05 1
9.504005e-06 1
9.371861e-06 3
7.460730e-05 1
1.272191e-05 3
4.889368e-06 1
7.779463e-05 1
3.745146e-06 167
8.818498e-06 3
3.942322e-05 1
2.687489e-06 202
1.791547e-06 1
2.306989e-05 256
2.429387e-05 2
1.971683e-06 1
1.993296e-06 1
4.047592e-06 110
1.504909e-05 7
1.327603e-05 1
1.006813e-04 1
1.448117e-06 1
1.518227e-05 58658
1.078012e-05 1
3.529607e-05 1
1.251713e-06 1
5.748723e-06 6
9.557453e-06 1
7.059944e-05 1
2.738558e-05 6146
4.772883e-06 3
6.582751e-05 3
5.951301e-06 1
4.537472e-06 1
3.632788e-06 1
1.729649e-06 1
1.342727e-05 1
2.807811e-05 256
1.589372e-05 6
9.085324e-06 1
9.054179e-06 2
1.115939e-05 1
1.984969e-06 4
2.988924e-05 1
6.783965e-06 1
9.122693e-07 2
3.090387e-05 2
9.750197e-06 2
3.143308e-06 1
9.683215e-05 1
3.601192e-06 228
1.707084e-06 7
9.668490e-06 1
5.099751e-05 1
4.549278e-05 1
8.283448e-06 1
4.677954e-06 1
4.389484e-05 134
8.242607e-05 1
6.095506e-06 7
7.399018e-06 1
1.291031e-05 3
8.995603e-05 25071
8.678740e-05 1423
2.032475e-05 1
1.076868e-05 7
1.433545e-05 1
9.192698e-06 1176
3.892979e-06 1
2.264921e-05 1
1.078102e-05 2
5.167429e-05 1
2.470355e-06 1
1.942564e-06 1
3.997519e-05 5
2.859305e-05 3
2.958456e-05 1
6.284377e-06 1
3.779148e-05 2
1.241485e-07 1
5.357277e-06 1
9.592458e-06 1
3.640368e-05 3
5.999180e-05 1
2.785463e-05 3
6.578069e-06 2
4.795561e-06 3
1.896544e-05 7
4.587833e-05 36
3.122184e-05 1
1.161198e-05 1
4.854493e-05 1
3.210594e-06 100
6.301534e-06 1
4.386331e-06 981
1.413628e-04 3
1.890124e-05 6
3.849665e-06 2
2.986488e-05 1
1.717567e-05 1
2.117801e-05 1
2.508549e-06 7607
3.002113e-05 1218
4.221653e-05 1
2.714646e-05 83
4.806293e-05 241
4.411272e-05 1
1.536957e-05 1658
8.803428e-06 1
2.930703e-05 1
5.415267e-06 3
1.479218e-05 7
1.011561e-05 1
1.621378e-05 1
2.508130e-05 1
9.178017e-06 1
5.249967e-06 7
6.419176e-06 3
6.687949e-05 1
3.478440e-05 3
1.409975e-05 1
3.621329e-05 1
3.815312e-05 6
6.106255e-06 1
1.287918e-05 5
9.477104e-06 6
9.724367e-06 1
1.220814e-05 112
2.206854e-05 205
3.403798e-05 4
1.943460e-05 107
3.370195e-05 660
6.778589e-07 1
2.182439e-05 1
1.376749e-05 1
3.866818e-05 1
2.111263e-05 1
2.884417e-06 2
4.397446e-06 1
1.792401e-05 1558
1.977735e-06 2
1.822601e-05 1122
3.254169e-05 1
1.175025e-06 3
2.950976e-05 62
1.071583e-05 1
4.339794e-06 1
2.248151e-05 1
4.862515e-06 45765
1.619322e-05 7
2.354247e-05 1
1.622001e-05 1
3.458806e-05 57141
1.598625e-05 1
1.108489e-05 1
3.521284e-05 1
5.970471e-05 556412
1.605970e-05 1
7.005571e-06 1
1.943486e-05 1
8.015903e-06 2
4.310218e-05 2
5.066569e-05 1
9.243531e-06 1
8.290323e-06 2
2.132964e-05 1
3.907046e-05 4
1.241810e-05 85
2.806176e-05 660167
2.141180e-05 1
1.921069e-05 1
3.463495e-05 1
2.137971e-05 1
1.464262e-05 7
5.556431e-08 1
1.371073e-05 1
3.477214e-06 1
3.122178e-05 65391
3.428228e-05 714
3.601388e-05 1900
1.266885e-05 2
8.247436e-05 1
2.635121e-05 71
3.315185e-06 1
4.853976e-05 3
1.516967e-05 1
8.898318e-06 3
3.731521e-05 621135
1.027763e-05 3
3.013104e-05 227
2.781744e-05 1
6.051011e-05 2
2.287155e-06 2
2.404934e-05 76
2.095806e-05 1
3.265201e-06 3
5.139752e-05 60315
2.249301e-05 184456
3.298805e-05 2
1.502465e-06 2
7.074024e-05 3
1.814376e-05 2
1.848611e-05 1
8.909183e-05 6668
1.463858e-04 132
5.105652e-05 1
1.105929e-05 1
8.009084e-06 3
5.082263e-06 4
6.987021e-05 3
3.961700e-06 25
1.330379e-05 1
1.575159e-05 2000
8.426702e-07 2
2.908485e-06 2
4.269712e-05 1
2.825506e-05 6
7.202937e-05 55
6.937759e-06 1
4.917689e-06 2
4.132356e-05 1
2.613721e-05 2
4.221813e-06 1
7.783733e-06 1
1.854663e-06 753
5.352249e-05 5
4.639059e-05 1
1.240017e-05 1
6.207344e-06 1
7.589833e-05 221
1.364646e-05 1
3.191719e-05 3
3.230966e-05 1
1.248677e-05 1
1.031925e-05 1
2.202003e-07 1
1.764137e-05 1
1.447300e-05 1
2.209269e-05 1
9.426661e-06 1
4.450674e-05 1
2.870162e-06 1
3.051894e-06 2
2.299029e-05 7
1.810622e-04 1
1.453094e-05 1
5.613839e-05 15
3.248756e-06 2
1.578176e-06 224
6.820368e-05 1
2.732919e-05 6
2.076181e-05 7
5.278384e-05 7
5.590930e-06 28654
1.355679e-06 1
6.324195e-06 1
3.064112e-05 1
1.444210e-05 2
1.961871e-05 1
7.310940e-06 1
1.819194e-06 1
1.883803e-06 1
1.496214e-04 7
2.578690e-05 2
7.506278e-06 1
8.340625e-06 1
1.157371e-05 1
4.367751e-05 1
4.281483e-05 1
4.788092e-05 1882
5.764161e-05 1
4.134470e-06 128
3.577133e-05 1
4.604492e-05 4
5.563546e-06 4
5.017885e-06 1
8.308168e-06 129
9.915177e-06 1
1.778712e-05 1
6.915820e-05 1
7.311115e-05 1
7.666994e-05 1
9.943152e-06 3
2.169144e-05 3
1.607997e-05 3
1.040770e-05 3
1.697428e-05 1
9.609836e-06 202
1.644415e-05 1
4.810912e-06 1
1.622113e-05 48698
1.053563e-05 1
1.272390e-05 1
2.209473e-05 3
6.964884e-05 1
7.828122e-06 170
3.999765e-05 2
6.037898e-05 106
5.713438e-05 1
3.498064e-05 1
1.782629e-05 1
7.583040e-06 2
1.031678e-05 1
3.534095e-05 1
2.416509e-05 1
1.478798e-04 1688
2.669150e-05 81
1.695003e-05 1
4.638118e-05 1
1.385513e-05 1
9.397682e-06 1
4.199206e-06 1
1.710879e-06 3
6.028296e-05 2
2.158158e-05 1
3.765210e-06 1
8.642800e-06 3
3.543286e-06 1775
1.949082e-05 312
2.131132e-05 7
1.285072e-07 678
1.336304e-06 1
1.689335e-06 3
3.158542e-05 3
1.211733e-05 1
3.173433e-05 1
8.873850e-06 143
6.155028e-06 208
3.446902e-05 3
8.013845e-06 1
1.096102e-05 3
1.086207e-05 2
3.839052e-05 3
7.540531e-05 90
4.157564e-06 225
1.489062e-05 3
3.039354e-05 1
5.462926e-05 2
1.443372e-05 1
7.793311e-06 1
2.550275e-05 1
1.116623e-05 1
4.286946e-05 1
2.888812e-05 1
2.294381e-05 1
5.307204e-05 1
2.290212e-05 1
2.203750e-05 3
4.037933e-07 1
1.126036e-05 1
3.843557e-06 5
