1.240943e-04 5
1.838248e-04 1
3.064944e-04 2
3.847094e-05 3
3.048141e-04 1
1.701260e-04 1
6.451491e-04 6
2.713421e-04 2
1.270099e-04 38
4.166787e-04 1
4.381939e-04 1
1.010364e-04 3
4.210954e-04 1
4.294691e-04 271307
2.748023e-04 1948
1.342889e-04 3
2.802889e-04 2
5.325046e-04 2
4.492506e-04 1
1.356173e-04 63667
1.615291e-04 3
6.711722e-05 1
2.224516e-04 6159
1.859009e-04 1
3.982694e-04 1
9.041568e-05 7
2.833353e-04 1025
1.766214e-04 7
2.898492e-05 1
1.497210e-04 1
2.340995e-04 2
8.481453e-06 1
9.328703e-05 4
6.280405e-05 1
5.453739e-05 34907
4.854348e-05 1
2.368280e-04 1
1.714263e-04 1
1.640514e-04 1833
1.037907e-04 1
2.551922e-04 3
1.233584e-04 7
2.118721e-04 4
1.199007e-05 3
3.478190e-04 63039
4.703579e-04 2095
1.780784e-04 1
5.119798e-04 1
4.587229e-04 1
1.953660e-04 2
1.097030e-04 1
6.003581e-05 1
1.968954e-04 1
7.795203e-04 1
1.181156e-04 5
7.841618e-05 1
7.241127e-04 1
1.157488e-04 3
1.882561e-04 1
3.110562e-04 3
2.648898e-04 1323
2.237063e-04 1
4.472148e-06 1857
4.315596e-06 6
4.853648e-04 6
2.973184e-04 5
1.187047e-04 18
3.245757e-04 3
3.510591e-04 1
2.937872e-05 2
1.399704e-04 1
1.851623e-04 293
6.373463e-05 1
2.060156e-06 7
1.117861e-04 20098
6.506094e-04 1
2.345570e-05 1
3.525099e-05 4
3.093554e-04 1
5.726594e-05 2
1.301374e-04 1
5.969542e-05 1
9.280681e-06 3
7.555871e-05 2
5.222933e-04 37260
6.362129e-04 1
5.386568e-06 37960
2.534165e-04 1
5.609572e-04 1
1.028783e-03 1
2.817375e-04 1
1.655637e-04 1
2.601722e-04 2
2.719646e-04 1
3.358664e-04 1
2.407383e-04 7
4.791126e-04 117
3.233096e-05 1
1.083994e-05 1
9.228722e-05 1
1.097052e-04 1
2.242640e-04 2
2.312108e-04 1962
6.535533e-05 1
3.893116e-05 358
2.738099e-04 3
2.644575e-04 1
1.501422e-04 32644
1.886811e-05 1
3.416719e-04 7
1.443487e-04 255
1.792709e-04 2
7.768006e-04 2
3.328776e-04 3
1.423322e-04 1
4.939511e-04 2
1.146145e-05 3
3.992652e-04 1
5.058342e-04 1
4.971639e-05 292
2.840722e-04 2
1.857264e-04 1
2.690073e-05 1
2.836286e-04 261
7.103835e-05 44
2.249883e-04 5
4.525414e-04 256
3.242134e-04 253
5.671610e-05 1
1.703569e-04 1
2.468092e-06 1
2.809964e-04 3
7.551125e-05 1
7.614342e-04 6
6.777624e-05 2
4.568894e-05 1
1.743304e-04 1
4.938979e-04 4
2.292561e-04 6
1.645966e-06 1
1.848313e-04 1
1.318597e-04 1
1.779887e-04 227
7.273912e-04 3
6.864217e-05 1
1.422283e-04 1
7.185726e-05 1
4.492045e-04 3
3.954622e-04 50680
4.783071e-04 1885
1.201069e-04 1
1.989186e-05 1
2.615961e-04 2
3.749868e-05 1
5.828236e-04 1
4.777920e-04 6
1.015468e-03 1
2.791432e-05 2
1.507974e-04 2
1.918221e-04 1
1.803512e-04 1
4.208760e-04 1
2.136432e-05 1
5.498056e-04 1
3.348512e-04 5
7.738483e-06 2
3.348143e-05 1
9.056076e-05 1
5.328928e-04 1
4.352451e-04 2
3.102072e-04 2
2.431274e-04 1
7.055918e-07 1
6.373221e-05 61
1.388159e-04 1
7.258318e-06 3
3.251856e-04 1
1.597029e-04 58
1.602246e-04 171
3.941019e-05 2
1.525810e-04 1
3.465236e-05 2
7.584770e-04 1
1.781477e-04 3
3.698830e-04 1
2.354016e-04 1
5.303267e-04 1
5.032611e-05 1
2.808176e-04 10
4.157163e-05 3
1.711834e-04 1
5.071435e-04 1
3.101100e-04 70
1.012022e-04 139
2.194279e-04 187
3.103578e-04 1
4.389434e-04 1
1.673329e-04 1
3.206602e-04 1
4.403580e-04 136
1.756975e-04 1
2.144077e-04 1
7.189149e-05 6
1.063528e-04 1
4.696843e-04 3
5.081744e-04 3
8.160536e-04 2
1.715306e-04 2
6.519770e-04 1
9.934080e-04 1
6.518945e-05 1
7.024895e-04 1
3.316406e-05 1
2.751502e-04 4
6.252186e-04 1
5.998300e-04 1
9.838084e-05 1
1.368559e-04 5
1.490794e-03 3
2.313010e-04 3
6.527047e-06 1
3.365542e-04 211
1.326049e-04 1
1.863988e-04 1
1.067648e-04 1
2.790655e-04 1
5.143685e-04 1
1.504250e-04 240
4.215882e-04 1
1.268595e-04 15579
1.362705e-04 1
2.307070e-05 1
2.060644e-04 590
1.252688e-05 11
1.054961e-04 804
1.339786e-04 5
1.645236e-04 3
8.422952e-06 1
6.406872e-04 1
6.121200e-05 3
1.664604e-04 1
1.396206e-04 1
2.501380e-04 60
4.474474e-04 1
2.513225e-05 2
6.240109e-05 1
2.256352e-05 3
4.620054e-06 1
2.017480e-04 140
2.917455e-04 3
4.643217e-05 1
5.947892e-06 3
5.623957e-05 3
2.758960e-05 1
1.137545e-04 1
1.636227e-04 1
3.243870e-04 1
2.415475e-04 1
2.344302e-04 1
7.423553e-04 1
6.607111e-04 1
1.822262e-04 1
2.283812e-04 5
3.592826e-04 110
3.468007e-05 60
6.863472e-04 1999
2.915590e-04 171
4.585450e-05 1
6.427222e-05 3
9.252906e-05 1
3.600922e-04 1
4.988465e-05 2
9.900332e-04 1
2.717855e-05 11565
4.672976e-05 1
9.125357e-06 1
4.749408e-04 1
3.088423e-04 1
3.799206e-04 79
4.205688e-04 3
9.867707e-05 1
4.542094e-05 1
6.101438e-04 3
4.095303e-04 3
5.509519e-05 1
1.262724e-04 1
1.046621e-04 50
2.310636e-04 8
6.340109e-05 1
5.949630e-05 1
4.370474e-04 55
2.698945e-04 1
1.908674e-04 1
7.277565e-04 1
3.697479e-04 1
2.619973e-04 1
1.760783e-04 1
9.085527e-05 28
1.160532e-05 532
1.128499e-04 1
2.157540e-04 64981
2.018216e-04 1
9.539244e-05 1
9.264538e-06 4
6.866984e-04 1
3.995315e-04 1
4.404105e-04 1
1.044456e-03 1
4.639401e-04 1
2.635728e-05 1
8.239928e-05 1
6.242906e-04 3
3.500575e-05 6
2.317473e-04 3
8.265610e-05 1
2.914032e-04 24882
3.694039e-04 1
5.870388e-04 2
3.418557e-04 1
3.233367e-04 41162
4.758523e-04 31418
9.103298e-05 1
2.034706e-04 1
5.362483e-04 3
2.270094e-04 1
2.293648e-04 1
1.549824e-05 653
3.318003e-04 1
2.967830e-05 11010
1.723920e-04 59
6.426816e-05 1
2.409594e-04 1
7.049468e-05 40247
1.080075e-05 1
9.855425e-05 1
2.026275e-04 1
5.866622e-04 2
7.429927e-04 3
5.745099e-04 1
2.577396e-04 1
7.685804e-04 6
1.122107e-04 1
1.638313e-04 146
7.343334e-05 1
1.520639e-04 1
5.788466e-04 6
1.878823e-04 3
6.305538e-04 1
4.873702e-04 1
9.496235e-04 3
2.586897e-06 1
2.234218e-04 1
5.442964e-04 1
3.747015e-04 2
6.327694e-04 144
2.310985e-04 1
2.391222e-04 1
2.772923e-04 3
1.118578e-04 1
2.124702e-04 1
2.087372e-04 1
7.763906e-05 1
1.966686e-05 96
1.219334e-04 2
2.707933e-05 1
1.897952e-04 182
2.991061e-04 1
6.639903e-04 1
1.486263e-04 1
7.169325e-05 154216
5.323706e-05 1
7.553445e-04 1
1.384713e-04 1
1.101906e-04 1
4.779753e-05 174
2.507812e-05 3
6.359975e-04 3
6.448118e-04 1
1.275793e-04 7
1.676236e-04 237
1.738954e-04 2
1.345087e-05 2
9.784018e-05 2
1.027154e-04 1
2.133071e-04 1
2.748021e-04 3
1.701112e-04 2
4.651496e-04 3
3.947319e-05 3
1.517132e-04 1
9.240658e-05 1
3.965576e-05 1481
8.618162e-05 43
4.423384e-04 1
2.526271e-04 2
3.186062e-06 1
6.132899e-04 2
1.036663e-04 1
2.717911e-05 1910
2.034349e-04 159
7.964869e-05 2
1.591962e-04 90
1.616803e-04 1
4.888809e-05 4
8.101418e-05 679
3.987620e-06 2
2.701218e-04 2
2.577876e-04 3
2.869430e-04 3
2.901606e-05 1
3.623234e-04 1
5.091574e-04 4
1.391376e-04 1
4.226926e-04 2
1.036652e-04 205
4.590840e-04 1
4.932980e-05 1
2.774464e-04 1
1.116653e-04 38882
2.858252e-04 1
4.672352e-04 1
7.143443e-05 216
3.048496e-05 1
2.908692e-04 2
7.353476e-05 2
1.994051e-04 95
2.776266e-04 1
2.086349e-04 1
2.931395e-04 1
1.318294e-04 2
2.169587e-04 1
1.409139e-04 106
7.181174e-04 2
5.794434e-04 1
7.699650e-05 2
3.143259e-05 1
3.400633e-04 1
5.015446e-05 89
4.350116e-04 1876
1.553920e-04 1
1.727732e-04 174
4.702605e-05 1
2.745582e-05 117
1.293973e-04 195
3.115408e-04 1
1.090953e-04 1
2.827685e-04 1
4.184785e-04 342
5.205099e-05 3
1.611420e-04 1
2.752904e-04 6
9.859055e-05 7
1.295977e-04 1694
5.086478e-04 1
3.262654e-04 1
9.594682e-04 1
4.162837e-04 1
3.654532e-04 1
7.611440e-05 4
1.557446e-04 3
4.964500e-05 2
2.211393e-04 1
2.019352e-04 3
2.429334e-04 1
1.844949e-04 1
2.172445e-04 1
1.344552e-04 126
1.871894e-05 1
4.715433e-04 1
1.755402e-04 5
6.575848e-05 1
1.062429e-04 1
2.616276e-04 1
2.018319e-05 1
6.907585e-05 7
8.505964e-05 2
2.236668e-04 251
9.330085e-05 1
2.022298e-04 137
4.695218e-04 77
1.974719e-04 5
3.512499e-04 1
6.349010e-05 2
3.464240e-05 2
5.981659e-05 1
4.517281e-04 1
1.260243e-04 17
4.726302e-04 1
3.597025e-05 1
9.000026e-05 2
4.591135e-04 2
2.589512e-05 2
9.663055e-05 1
1.369079e-04 2
9.128398e-06 85
7.732550e-06 1
2.932247e-04 1
9.734926e-05 1
2.094318e-04 1
2.816964e-04 2
4.064387e-04 51539
6.353813e-04 229
3.419228e-05 212
1.497939e-04 128
6.805203e-05 1
1.016429e-04 3
3.643760e-05 354
1.477385e-04 1
2.460159e-04 196
3.957649e-04 2
3.558505e-05 1
3.622176e-04 1
2.455484e-04 492815
6.709872e-05 7285
7.182944e-04 3
1.809831e-05 1
2.794606e-04 45
3.840496e-04 1
1.069562e-04 1
6.346221e-05 1930
2.827015e-04 1
1.948164e-05 1
7.821092e-06 1
2.242785e-05 3
1.003411e-04 6
1.784343e-04 1
2.993679e-04 1
5.295864e-04 6
1.193925e-04 7
1.518725e-04 25
6.970737e-05 87
3.955415e-06 1
1.066552e-03 1
1.833425e-04 1695
4.591670e-05 1
3.115465e-04 1
1.562646e-04 1
2.188000e-05 6
1.811780e-04 119
1.169548e-04 1
1.402617e-03 3
2.775309e-05 2
1.128144e-04 1
7.040331e-04 1
1.595833e-04 1
1.297209e-04 2
2.557759e-04 1
7.442546e-05 1179
2.289553e-04 1
2.068745e-04 1351
1.556570e-04 1
5.919650e-04 215978
1.193418e-04 4
5.542713e-04 6
5.647507e-05 1
2.391494e-04 1
5.893933e-05 1
1.588022e-04 1
5.270650e-04 1
1.052962e-05 1
4.659477e-04 1
4.394470e-04 1
3.215021e-05 1
5.770499e-04 1
6.121411e-05 27040
2.121618e-04 1
1.141643e-04 27
2.208289e-04 1
1.861810e-04 205
1.810225e-05 2
6.769772e-05 1
5.819653e-05 1
1.411793e-04 2
1.787971e-05 1
1.990700e-06 29844
3.729338e-05 2
5.093164e-05 1
1.103056e-04 1
3.113990e-04 1
3.668553e-05 3
3.698457e-04 1
4.936684e-04 1
2.689216e-04 3
1.458141e-04 1
8.509921e-04 2
1.975262e-04 2723
8.923673e-06 3
6.909210e-05 1
3.573242e-05 1
3.581356e-04 1
1.069624e-04 1
5.813043e-05 7
1.666101e-05 1
1.335631e-03 14
4.470462e-05 2
2.072628e-04 1
2.653668e-04 3
8.168239e-05 1
3.518287e-04 1
1.042569e-05 169801
3.294369e-05 1
7.757335e-04 216
2.995864e-04 51
2.004558e-05 179
5.850853e-04 3
1.874107e-04 1
3.116792e-05 1
5.516693e-05 5
3.059843e-04 1
6.417474e-04 3
7.282076e-05 2
8.959385e-04 1
6.446532e-04 3
9.208522e-06 1
4.284171e-05 1
2.992143e-05 1
1.768537e-05 1
1.466557e-04 2
3.957498e-04 95
3.864927e-04 2
5.506729e-04 1
5.287724e-05 649332
5.862426e-05 25876
9.161056e-05 1742
2.162772e-06 1
3.146528e-06 18
4.037288e-04 1
1.881723e-04 3
1.080462e-04 3
4.165231e-05 1
7.695182e-05 412
1.138308e-04 1
2.809064e-05 1
2.196113e-05 2
2.813716e-05 2
1.364693e-04 1
3.903636e-05 1
6.018371e-05 1
1.061213e-04 1
6.570924e-04 1
7.001044e-05 1
4.560840e-05 1
4.714919e-05 48929
3.491521e-04 1
5.826975e-05 3
5.658192e-05 4
9.795103e-05 22
1.226258e-04 2070
9.140765e-04 1
9.544549e-04 1
4.897363e-04 1595
2.355782e-04 1
6.611480e-05 1
1.719198e-04 1
8.321456e-04 1
2.575913e-04 1
2.851498e-04 447811
1.187371e-04 2
5.160311e-05 1
1.750968e-05 1
4.569132e-06 116
2.181276e-05 5
2.384226e-05 6
4.624704e-06 1
4.198925e-04 1949
6.006982e-04 1
2.040152e-04 2
1.866496e-04 1
6.953498e-05 3
1.957901e-04 1
1.036755e-03 1
4.830071e-05 1
2.327485e-04 2
6.145480e-05 1
2.353824e-04 1
4.856329e-04 3
1.160175e-04 1
9.521528e-04 7
1.865662e-04 574253
1.733615e-05 1
6.815482e-05 1
2.721301e-05 1
1.635624e-04 1
1.275321e-04 3
2.272843e-05 1
9.144586e-05 169
2.557930e-04 6
8.603036e-05 15
9.432078e-06 4
3.667962e-05 1
1.094679e-03 1524
2.662780e-04 1
4.639716e-05 2
8.080498e-04 1
3.114728e-05 2
9.953208e-05 1
4.970947e-04 1
3.604285e-04 252
1.502762e-04 1
9.729363e-05 3
1.798604e-04 69
8.993586e-05 1
5.834976e-05 1
2.641437e-04 6
3.876527e-05 4
2.965730e-05 4
9.045209e-06 1
1.084587e-04 1
1.502379e-04 1
5.250274e-04 2023
4.789755e-05 1
4.628434e-04 1
1.751688e-04 1
1.131128e-04 1
1.210600e-04 7
8.529267e-05 1
1.313257e-04 1
1.395018e-04 1
4.237830e-04 27
9.055737e-06 1
2.142157e-04 1
2.984911e-04 2
1.343689e-04 127
2.458803e-04 3
9.923765e-05 1
1.664265e-04 1
9.730553e-05 1
8.246578e-04 1
1.952595e-05 2
9.225519e-05 190
2.089390e-05 1
3.885485e-04 2
3.685784e-04 1
6.218880e-05 1
5.400981e-05 3
2.339440e-04 1
9.143840e-06 1812
2.273130e-04 3
3.502496e-04 3
1.572173e-04 221
3.036642e-05 1
2.539910e-04 1
5.856473e-04 2
2.781362e-04 1
2.533959e-05 1
3.359735e-04 1
4.528897e-04 1
3.380698e-04 1
8.180252e-05 84
1.680554e-04 117
2.970881e-04 1
1.325854e-04 1
2.658071e-05 1
8.671757e-06 266
1.524012e-04 3
2.786445e-05 1
2.306707e-05 142
9.320922e-04 1
3.770615e-04 1
1.007781e-04 61397
1.257419e-04 1
3.960956e-05 1
1.382029e-04 1
2.887056e-04 1
2.115845e-05 1
6.856431e-04 1
2.056731e-04 3
2.183360e-04 1
2.590628e-04 1284
1.474329e-04 8615
1.616512e-06 3
2.450828e-04 1
1.162079e-03 1
8.279090e-05 2
1.426821e-03 1
8.709343e-06 178
2.949519e-05 2
3.594752e-05 6
4.849072e-04 136
1.537526e-04 1
4.921119e-05 2
2.337645e-04 1
2.429913e-04 1
1.400184e-04 1
5.690079e-06 1
9.196780e-06 3
5.686927e-04 3
1.112460e-05 3
4.785893e-04 3
1.382744e-05 2
2.177510e-05 1
3.821388e-04 1
1.160925e-04 1
7.299543e-04 1
2.837304e-07 1
5.850430e-05 116
3.840200e-04 1
1.147163e-03 1
1.819680e-04 2
1.847129e-04 1
1.650971e-04 2
4.216782e-04 3
6.440194e-04 19431
8.272118e-05 1
4.080513e-04 93
4.284891e-05 2
3.229842e-04 1
2.527866e-04 1
3.517686e-07 1
1.886379e-04 1
7.816287e-05 5
2.329373e-04 26497
3.979011e-04 645
1.728192e-05 3
2.290420e-04 1
6.462054e-04 1
2.214629e-04 7
9.180578e-05 3
2.113587e-04 1
2.752897e-05 1850
4.756977e-05 628
1.614061e-04 1
2.518624e-04 2
6.012305e-04 1457
8.506112e-05 1
6.966969e-04 1
2.271450e-05 146
2.234355e-05 3
1.987296e-04 3
7.814301e-05 2
4.668021e-04 1
5.581763e-04 1
9.246128e-04 1
1.481796e-04 140
5.572102e-04 1
2.353982e-04 54980
1.467069e-05 72
3.080782e-04 393903
4.051711e-04 1
4.369683e-05 54832
2.383048e-04 1
1.658429e-05 1
1.611045e-04 2
4.201708e-04 1
1.971158e-04 3
2.959784e-05 3
6.990792e-04 3
9.987355e-05 2
1.071937e-04 3
1.371818e-04 2
1.497342e-04 1
4.004067e-04 1
1.181419e-04 1
7.670619e-04 1
3.344654e-04 1
2.460162e-04 1
7.680269e-05 1
5.776988e-04 1427
6.387616e-06 150
5.018175e-04 136
1.463389e-04 212
2.779927e-04 2
1.509898e-04 4
3.675909e-04 1
1.474627e-05 16790
6.738282e-05 59884
5.917221e-04 245
1.372885e-04 2
6.566516e-05 1
6.844855e-06 1
2.070128e-04 2
1.447759e-04 2
1.160435e-04 1
2.337283e-04 228
1.964193e-04 1
1.513106e-04 1
3.096465e-05 37747
1.490031e-04 19639
6.001018e-05 1
1.089410e-04 2
1.131855e-04 1
1.790909e-06 1
2.313620e-04 3
5.106088e-04 1
7.220308e-04 1
2.417767e-05 1
9.745950e-04 44412
2.119216e-04 7
4.462838e-04 7
4.477532e-05 1
5.345525e-04 1
1.087990e-04 1
2.153714e-04 2
4.503222e-04 1
5.664984e-04 1
2.130199e-04 193
9.520481e-05 56274
3.368498e-04 1
2.416541e-04 1
1.622970e-05 3
6.810984e-05 1
4.812580e-04 61535
6.233940e-05 1
2.799098e-04 6
6.269167e-04 208
1.775330e-05 1
1.340435e-04 1
1.929863e-04 3
1.756661e-04 1
1.185940e-05 1
7.277982e-05 1
4.997586e-05 2
9.661879e-06 107
7.276072e-04 1
3.246376e-04 7
5.263392e-04 6
8.432897e-05 2
4.738770e-05 1
3.967669e-05 1
1.401288e-05 1
4.000715e-05 4
2.358456e-05 1
2.508798e-04 25969
1.378003e-04 129
1.500603e-04 1
2.920172e-04 1
8.466695e-05 1
4.680636e-05 169601
1.049777e-04 4
2.123575e-04 1
2.313628e-04 1124
2.494440e-04 1
5.400601e-04 1
3.543580e-05 2
2.892178e-04 3
1.698420e-05 2
1.220003e-04 2
8.115415e-05 32
2.985117e-04 7445
3.141702e-05 70
1.705794e-04 1
1.007449e-06 3
2.350244e-04 2
2.294062e-04 2
1.721125e-05 3
6.043459e-04 2
3.682264e-04 54
3.986954e-04 1
1.930593e-04 192
6.696975e-05 7
6.590371e-06 632
5.074597e-04 1
2.470083e-04 221
2.213046e-04 2
3.868258e-05 1
6.746223e-05 41251
1.170600e-04 1
9.408030e-05 1
6.324812e-05 7
3.742880e-04 4
4.301207e-04 246
4.687172e-05 153006
4.581277e-04 70
5.615525e-04 3
1.680479e-04 1
3.779776e-04 85
2.918787e-04 1
8.554699e-04 1
1.489540e-04 1
7.103700e-04 22
7.342740e-05 493
1.509435e-05 1
5.419440e-04 1
6.418884e-05 1
9.017097e-04 1
7.522299e-04 229
4.598970e-05 1
3.086883e-05 1
7.680991e-05 162
2.266040e-05 1
1.912889e-04 7
2.405450e-04 1
1.005402e-04 1
2.920395e-04 1
2.885009e-05 1
7.275377e-04 1
2.820355e-04 1
6.237154e-06 285
1.918617e-04 1
3.262454e-04 1
3.349048e-04 1
5.757045e-05 1
4.217942e-04 2
4.597327e-04 1
1.242493e-04 4
1.883196e-04 3
3.109519e-04 2
6.426398e-04 2
3.631277e-05 3
2.253196e-04 2
3.678897e-04 55
1.710320e-04 214
9.158183e-04 2049
4.728000e-05 1
6.001206e-05 1
3.027115e-04 1
3.900870e-04 934
1.152270e-04 6
3.678580e-04 1
3.575362e-04 1
5.475956e-04 3
4.031282e-04 7
1.273204e-04 65
1.191777e-04 131
2.924846e-04 1
1.739455e-05 1
3.908409e-07 1
2.423105e-04 1
7.232521e-04 3
6.494294e-04 1
1.036598e-05 759
1.213349e-04 2
2.761105e-04 1869
1.734436e-04 1
9.399661e-05 63123
8.703330e-05 6
2.626750e-04 1
6.997120e-04 5
9.548448e-04 1
2.700555e-04 144
1.653857e-04 3
3.488408e-04 1
5.001914e-05 1485
4.452113e-04 1
1.305735e-05 238
3.144947e-04 1
3.334442e-04 4
3.542199e-04 1
7.055747e-04 171
8.987824e-05 729
4.553468e-04 4
2.706127e-04 6
2.017927e-04 1
7.771995e-05 36
1.888272e-05 2
3.665862e-04 3
8.240102e-05 1
1.691670e-04 59285
1.990113e-04 1
2.814494e-04 1963
2.689859e-04 2
3.801946e-05 1
1.493925e-05 1
3.634311e-04 1
4.868636e-04 1
1.751147e-04 2
2.502249e-04 1
2.940566e-04 1
7.330422e-04 1
1.902899e-04 1
1.638459e-05 254
7.340596e-04 1
2.550667e-04 31871
4.490802e-04 1
1.826695e-04 22
2.826629e-04 1
9.431444e-06 1
4.111297e-06 92
2.048821e-04 1
1.265338e-04 3
9.195301e-04 1
9.033947e-05 1
1.322520e-04 1
5.047358e-04 1
8.541715e-07 1
5.580478e-05 1
3.083020e-04 1
2.870977e-04 1
1.219848e-04 2
4.678426e-04 1
1.048647e-04 1
9.466352e-05 1
1.484594e-04 1
4.442303e-04 1
5.605165e-05 1
2.746711e-04 3
1.782901e-04 79
6.167190e-04 1
6.965190e-04 1
1.851474e-04 5
5.106064e-04 5
2.058507e-04 2
2.479521e-06 2
4.827954e-04 1
3.174288e-04 1
4.415772e-04 3
8.737455e-05 2
1.479132e-04 6
7.077460e-05 1
7.123231e-05 53771
2.476628e-04 5
4.086414e-04 2
4.875500e-04 3
5.695423e-05 3
7.806552e-04 1
2.722300e-04 1
3.145268e-04 4
3.032170e-04 2
3.614544e-05 1
2.186430e-04 4
8.213888e-05 1
2.565307e-04 1
1.383461e-04 1
3.141301e-06 2
2.116814e-04 1
1.838138e-04 1
3.579842e-05 1
2.499373e-04 1
4.061592e-05 4
5.816378e-04 493453
6.946561e-04 1
2.912412e-04 84
1.348465e-04 1114
3.633498e-04 3
2.929495e-04 77
9.532740e-05 133
3.309215e-04 560
3.582860e-04 1
2.471993e-04 1
7.930038e-05 2
6.845922e-05 6
3.321608e-04 1
3.362185e-04 1
1.892750e-04 1
1.022290e-04 1
1.155913e-04 73
2.075785e-04 4
1.265204e-04 7
4.548903e-04 3
4.850672e-04 1
4.490517e-05 1
1.255901e-04 1
1.872258e-04 169
7.153931e-05 1
2.196652e-04 1
3.718028e-04 1
1.760981e-04 3
4.927217e-06 1
6.792756e-04 6
1.060944e-03 6
1.429721e-04 4
1.676844e-04 120
1.729870e-03 1
5.687308e-04 7
2.921764e-04 1
5.397276e-04 1
3.979578e-04 1
6.533069e-04 140478
1.025099e-04 4
3.080909e-04 1
1.372267e-04 1
3.390250e-04 1
5.151371e-04 1
1.434535e-05 1
2.445617e-04 1
5.620331e-05 23773
2.554892e-04 1
3.689846e-04 6
9.214697e-04 4
6.054691e-04 7
6.723833e-05 3
4.547371e-04 5
9.761048e-05 4
2.380526e-05 4
9.810048e-04 201
4.763183e-04 1
8.613245e-04 61
9.235146e-05 1
1.564589e-04 2
1.889407e-04 2
1.972832e-04 2
2.373299e-04 48937
2.218897e-04 1
5.903936e-04 3
3.886262e-05 2
4.254811e-04 1
3.993513e-04 1
4.214956e-04 6
1.046953e-05 1
2.996215e-04 1
1.246257e-05 1
1.018245e-04 4
1.321472e-04 56
1.607193e-05 3
1.373724e-04 1
3.398606e-04 4
1.401130e-04 1
2.281920e-04 1
1.020770e-04 1
2.529663e-04 2
2.083821e-04 1
9.863897e-05 1
5.948724e-05 1
1.109403e-03 3
5.077452e-04 1
9.067469e-05 30
1.634929e-04 3
3.020676e-05 4
7.386179e-05 1
2.277047e-04 230
8.598865e-05 1
2.937678e-04 1
1.436026e-04 1
2.967774e-04 7
3.487637e-04 1
5.336714e-04 3
4.966360e-04 1
4.422749e-05 1
4.191833e-04 1
7.328472e-05 1
1.297671e-04 1
3.299160e-04 2
5.065651e-05 1
5.075691e-06 2
4.785434e-04 2
1.689224e-05 1
9.258885e-05 100
2.498169e-04 65386
2.172501e-04 1
3.748400e-04 3
3.138289e-04 1
2.025208e-04 2
7.560969e-05 3
1.802290e-04 1
1.891556e-04 1
1.057099e-04 1
2.890481e-04 1
9.638628e-05 2
8.504907e-06 3
9.336261e-05 1
2.412763e-04 1
2.625028e-04 6
4.254911e-04 2
3.084511e-05 1
3.778996e-04 1817
2.629935e-04 4
7.179948e-05 1
2.394700e-04 508751
4.917820e-04 2
5.520564e-05 30436
1.199705e-03 487428
2.494914e-05 89
3.824624e-04 2
2.881203e-04 1
1.151841e-05 1
2.447350e-04 1
1.704898e-04 1
2.459943e-04 40519
1.288823e-04 1
2.803789e-05 1
2.753234e-04 1
3.363592e-05 102
2.996128e-04 2
1.156225e-05 24
6.818269e-04 1
1.129379e-04 154
5.102773e-04 1
4.012614e-04 1
1.011613e-04 1
1.246757e-04 1009
9.014325e-05 48931
3.811021e-04 251
6.421322e-04 1
6.806625e-04 1
2.319711e-04 3
1.953255e-04 1
1.214446e-04 6438
3.164392e-05 1
1.510632e-05 1
1.195697e-05 1
1.164527e-04 1
8.138407e-05 1
6.817965e-05 1
1.107869e-04 1
2.914826e-04 1
1.350824e-04 1088
1.961049e-04 1
1.363731e-04 3
6.259935e-04 30098
7.049281e-05 1
1.515001e-04 1
6.915604e-06 1
2.872368e-05 1
2.347914e-04 223
2.965289e-04 34
2.597387e-04 1
4.527197e-04 1
1.501587e-04 1
2.527863e-04 6
7.931366e-05 1
6.444800e-04 3
3.889092e-04 25106
8.303839e-04 3
6.894846e-05 3
3.423998e-04 1
1.719188e-04 1
1.182520e-05 1
4.018780e-05 1
2.657728e-05 4
1.077604e-04 227
1.198093e-05 3
1.062821e-04 1
1.968896e-04 1
5.907563e-04 1
4.098878e-04 7
2.626913e-06 200
3.061143e-04 7511
4.114939e-04 43847
3.419194e-04 7
7.234807e-06 1
4.214405e-05 1
5.241320e-04 4
3.086796e-04 6
7.438699e-05 1
4.473287e-05 6
4.974502e-06 2
4.549981e-05 1
8.680520e-04 1
2.881826e-04 1
3.371922e-04 7
1.070635e-04 1
8.436962e-05 1
1.087124e-04 1
1.867921e-04 1
6.049177e-04 43618
1.104521e-04 1
4.211900e-04 1906
8.467444e-04 3
9.805213e-04 1
4.459680e-04 716
4.380526e-04 1
2.066399e-04 1783
5.181680e-04 1
6.662085e-05 206
1.870181e-04 957
3.697225e-05 1
3.820182e-04 1
7.752489e-05 3
3.935599e-04 2
7.836601e-04 1
4.862268e-05 1
6.150927e-04 3
4.242754e-05 3
2.045320e-04 1
2.382060e-04 1
3.383319e-05 1
3.214591e-05 90
1.729861e-04 1
9.605445e-05 156
1.006120e-04 1
6.979228e-04 1
4.030952e-04 3
8.816343e-05 1
2.409876e-04 1
2.126254e-04 1
1.294060e-04 1
1.964686e-05 1
4.855998e-05 1
2.849419e-05 1
1.315478e-04 1
3.966247e-05 4
7.076062e-05 1
1.517307e-04 6
4.600883e-04 8
8.119748e-05 207
2.395031e-04 7
1.061943e-04 49939
4.769338e-04 63
2.469502e-05 5
2.123172e-05 1
5.447524e-04 2
4.405298e-04 6
4.516285e-04 1
8.299902e-04 1
8.568021e-04 1
6.084067e-05 1
4.241665e-05 1
6.204995e-04 3
4.106789e-04 1
9.491630e-05 1
4.926414e-04 1
4.552255e-04 193
2.266692e-05 1
2.969205e-04 1
1.635403e-05 1
9.877972e-05 3
1.342885e-04 1
1.373060e-04 1
6.176279e-04 1
3.585449e-04 4
2.154382e-05 1
3.727581e-05 1
4.220252e-04 1
8.350148e-04 1
4.150773e-06 1917
3.813190e-04 1
6.895976e-04 2
2.809209e-04 1
2.172938e-07 6
1.088945e-04 1
1.036787e-03 1
2.027382e-04 2
1.233423e-04 1
6.154593e-04 2
2.825977e-04 10933
5.166324e-04 1
4.953912e-06 2
1.589986e-04 1
4.781249e-05 1
2.014553e-04 1
8.844693e-05 1
4.489493e-05 3
7.561354e-05 1
3.355797e-04 1
3.213550e-04 2
2.494234e-05 1
9.327071e-07 1
3.010491e-04 1
1.042652e-04 2
5.437012e-05 814
1.224723e-04 1
6.894075e-05 3
1.212536e-04 3
9.928788e-05 1
9.647424e-05 2
1.012845e-04 1
2.442504e-04 1
1.107792e-04 25427
1.463567e-04 1
3.175404e-05 1
3.856236e-04 1
1.993907e-04 6
2.786991e-04 2
8.540485e-05 7
1.613964e-04 1
4.365314e-04 1
6.063197e-04 1
3.311707e-04 6245
1.090913e-04 4
5.225615e-04 1
5.921503e-06 214
8.174365e-06 173668
3.932061e-04 1
6.480562e-05 1
1.402676e-04 1
1.720276e-04 3
2.760317e-04 1
3.461347e-04 1
5.798086e-04 1805
2.983841e-04 1
1.536105e-04 6
4.629100e-05 302106
9.284002e-05 1
1.284086e-04 1
1.669570e-04 1
1.126279e-04 1
4.038861e-04 1
2.901291e-04 7
4.803410e-04 1
4.642485e-04 3
3.715331e-04 5
2.132915e-04 1
1.383361e-04 1
1.806327e-04 3
2.857797e-04 2
2.326862e-04 3
1.843047e-04 7
3.052660e-04 1
1.556404e-04 1
1.663389e-04 1
5.716434e-05 35524
2.415281e-04 248
3.310417e-05 1
7.633605e-05 3
2.576306e-04 1
4.091403e-04 1
7.598880e-05 1
7.623759e-06 19630
9.234295e-04 1
2.730042e-04 102
3.671749e-05 1
9.636365e-05 1
1.722997e-05 1
3.024280e-04 70
9.043330e-05 3
6.635836e-05 3
4.838500e-04 1
7.854952e-05 2
2.718208e-04 7
1.378837e-05 2
2.369832e-04 6
5.620498e-05 1
3.319391e-05 1
1.135934e-04 1
3.365111e-05 1
5.902038e-04 2
5.703916e-05 1
1.715183e-04 1
4.929092e-05 1
6.116516e-04 1
9.866377e-04 24605
2.618795e-04 1
2.763566e-04 3
3.571782e-05 1
1.631984e-04 1
1.540502e-04 1
6.492529e-05 1
2.905894e-04 3
5.835006e-05 1
7.117501e-05 1
1.263032e-04 132
3.641357e-04 1
4.065520e-05 2
4.007879e-04 5
2.884810e-04 6
1.129827e-03 1
3.027742e-04 1
2.783301e-04 1
1.199168e-04 2
1.276516e-04 1
6.774762e-04 1
1.151408e-03 5
1.298266e-04 55380
9.977350e-05 1
3.293847e-05 1
4.806179e-04 5
1.354245e-04 10185
8.922147e-05 4
1.188224e-04 1
9.175709e-05 3
7.364620e-05 7
4.467380e-05 1
1.940233e-04 1
1.026834e-05 1
1.632739e-04 1
1.012008e-04 512
1.539781e-04 215
4.971168e-04 1
7.442893e-06 1
6.810220e-05 1
7.875690e-05 1
1.909548e-04 9146
2.523294e-04 3
1.953087e-05 1
1.433750e-04 1
1.681674e-04 1
8.102104e-05 1
1.567695e-04 253
2.984538e-04 1
1.365152e-04 3
2.351999e-05 194
1.888718e-04 4
1.735700e-04 1
3.416511e-04 1
1.700473e-04 1
1.833078e-04 1
4.538686e-04 485
1.111687e-05 1
8.679968e-04 234
9.805138e-05 2
4.161689e-04 833
3.604434e-04 1
3.979381e-04 3
5.229395e-05 1
1.391565e-05 1
7.028002e-05 3
2.574587e-04 3
9.087370e-05 1
1.532949e-05 683
3.308443e-04 1
6.368523e-06 1
8.916863e-05 1
4.442390e-05 1
2.610350e-04 1
3.214741e-04 1
1.409245e-04 371526
1.324355e-04 1
3.684470e-04 2
1.701264e-04 1
2.741198e-05 1
8.270816e-04 1
1.476703e-04 5
2.831525e-04 27640
1.890902e-04 4
5.361188e-05 2
1.219008e-05 1
2.763634e-05 1
2.192050e-04 1
5.304474e-04 1
1.142817e-04 3
1.264124e-04 1
1.457986e-03 1
5.927490e-05 1
4.284288e-04 1
5.800853e-04 2
3.660352e-04 3
5.128891e-06 3
7.977344e-05 1
1.068434e-04 1
3.990018e-04 1
1.759908e-04 1
1.554185e-03 2
8.950943e-05 2
4.508550e-06 1
3.359055e-04 736
8.672520e-04 1
5.837849e-06 1
2.451839e-05 211
7.899040e-04 1
5.634935e-04 3
3.488856e-04 1
3.504479e-04 39758
5.458849e-04 1
1.835284e-04 1
2.441627e-04 1
4.581700e-05 4
5.523499e-05 1
4.203064e-04 1
1.549077e-04 2
1.264860e-04 3
1.441927e-04 1
1.448310e-04 1
7.952553e-05 1
2.003700e-04 1
5.107288e-04 1
7.186392e-05 6
3.057633e-04 1
2.243263e-05 1
3.246948e-04 1
3.191690e-04 6
2.967307e-04 1
7.366317e-05 3
1.656746e-04 850
1.092420e-04 1
3.319462e-05 2
2.391061e-04 550474
5.603219e-04 3
3.717722e-04 4
8.905176e-05 1
1.885555e-05 7
8.661457e-05 1
9.359907e-05 6
1.398473e-04 1
9.739600e-04 2
1.686602e-06 1
3.838430e-05 1
1.886408e-04 1
1.018249e-04 1
4.844579e-04 1
4.773855e-04 3
3.152209e-04 1
6.670493e-05 264
4.052424e-06 1
4.125559e-05 1
3.144386e-04 1
1.552199e-04 2
6.226026e-05 1
3.722872e-05 1
7.582417e-05 143
8.533333e-05 1
8.495775e-07 6
2.232208e-04 1
1.406606e-04 3
3.420685e-04 1
2.282110e-05 1
2.817452e-04 1
4.857955e-04 1
5.126883e-05 1
1.204194e-04 1
1.846768e-04 7
5.559302e-07 492940
5.990365e-05 1
2.640191e-04 1
5.171466e-04 170
4.160431e-04 1
5.452614e-06 1
3.151225e-05 1
1.800085e-04 1
3.587683e-04 1
1.732226e-03 3
1.604845e-04 1
3.260961e-04 245068
5.550101e-05 5
5.553688e-04 44267
1.644347e-04 1
2.517475e-05 1
1.964086e-05 1
2.285396e-04 1
2.412740e-04 1
2.785034e-04 2
4.512440e-04 259
6.101813e-04 1
3.266150e-04 1
3.383025e-04 3
2.448101e-04 3
5.587186e-05 2
1.366955e-04 2
3.882736e-05 1
3.499275e-05 3
3.496839e-06 2
1.399286e-04 25121
1.352120e-04 1
4.210625e-04 1
4.669294e-04 3
4.981908e-04 1
6.407744e-04 1
5.258644e-05 1
2.108833e-04 1
1.971950e-04 1
1.258834e-05 127
3.048673e-04 1
7.527140e-05 6
7.956266e-04 9914
6.089740e-04 1
4.508300e-04 1
1.099195e-04 1
7.017730e-05 258
5.431361e-06 1
1.534900e-04 35836
1.013071e-04 58481
7.789138e-05 1
4.340610e-04 1
3.989507e-05 234
2.677830e-04 6
1.529217e-04 1
9.845781e-05 1
1.930241e-05 1
2.237803e-05 2
7.278042e-05 3
4.279176e-05 1
1.113883e-04 6
1.208568e-04 7
2.179632e-04 57479
9.577319e-05 1
7.660591e-05 3
1.163187e-04 6
1.461870e-04 125
2.066863e-04 3
1.352103e-04 3
2.307402e-04 756
1.552560e-04 1
5.155142e-05 1
7.450554e-05 1
1.304124e-04 1
6.049214e-04 4
5.186487e-04 5
8.406470e-05 180
1.477084e-05 1
1.681203e-04 1
5.754504e-04 1
3.745607e-04 2
2.911248e-05 2
2.681965e-04 2
8.244595e-04 105
3.813536e-05 39890
1.646863e-04 3
6.245039e-04 1
2.423070e-04 1
1.854120e-04 1
4.230378e-04 2
3.085994e-04 192
5.223087e-05 1
2.023502e-04 1
1.218491e-04 109
5.589138e-04 256
3.151932e-04 1
2.893393e-03 2
1.100330e-04 1
3.496951e-04 2
2.373325e-04 1521
3.491273e-04 3
3.500393e-04 1
3.155992e-04 1
6.887882e-04 1
6.155243e-04 7
4.962284e-04 2
4.566944e-04 4
3.115919e-04 1
1.599007e-04 202
4.832609e-05 1
1.289507e-04 1
6.592308e-05 1
1.347442e-05 7
5.670935e-04 1
2.327768e-04 6
2.418537e-04 1
6.985338e-05 3
2.815589e-05 1
2.960910e-04 1950
4.928554e-05 2
8.854880e-05 1
2.668805e-04 158
3.444508e-04 1581
3.346174e-04 1
8.972809e-05 2
1.139711e-04 1
5.724673e-05 1
2.588091e-04 1
2.231747e-04 1
5.408826e-05 1
2.417528e-04 2
4.508375e-05 175
9.930111e-06 2
3.353055e-04 1
3.336102e-04 1
1.018596e-04 1
3.972101e-04 1
7.686623e-05 2
3.861298e-04 3
3.752968e-04 267
9.975947e-04 1
1.180133e-03 1
7.056795e-05 486
3.894371e-04 7
1.133940e-03 6
2.032129e-04 1
1.507535e-04 4
8.554510e-05 19
1.085820e-03 3
1.379985e-04 1
1.489704e-04 6
1.202359e-03 1
9.340424e-05 1
3.014850e-04 1
3.120866e-04 1
5.415025e-04 2
8.865990e-05 7
1.197111e-05 1
3.827113e-04 1
6.847605e-05 1
3.102718e-04 2
8.087926e-06 69
4.911597e-05 3
1.575031e-04 4
9.912871e-05 1
1.052535e-05 5
1.938193e-04 1
7.316959e-05 1
9.184559e-05 2
6.599111e-04 1
7.768319e-04 1
4.360795e-05 1
9.331630e-05 1
2.040104e-05 6
3.165099e-04 1
1.484559e-03 1
9.591782e-06 4
9.855094e-05 4
3.595031e-04 1
6.628079e-04 1441
1.608246e-04 4
2.744500e-04 7
7.827044e-05 1
9.727562e-06 1
2.441689e-04 1
1.714984e-04 1
2.347028e-05 1
1.005189e-04 1
7.483341e-04 6
6.969990e-05 1
8.188579e-05 4
8.348794e-05 2
3.524620e-05 550
1.083934e-04 2
1.375544e-04 131
3.426634e-04 1
5.106044e-04 34
8.659117e-05 6
5.523385e-04 177
1.038244e-04 5
3.495047e-04 3
6.267899e-05 1
6.535511e-04 6
1.221133e-04 1
1.374386e-04 191
2.050479e-04 3
8.962806e-05 2
5.273941e-04 1
1.490987e-04 1
2.248042e-04 1
3.081303e-04 7
1.773736e-04 1
1.460956e-04 5
5.351885e-04 260
2.429366e-04 1
5.855891e-05 1
3.976737e-04 3
1.148529e-04 1
3.568678e-05 1
1.569809e-04 77
6.681901e-05 1
1.505055e-03 1
1.505240e-04 64
5.842276e-04 1
1.660249e-04 18004
2.432110e-05 748
6.953285e-06 1
7.643898e-04 1
1.442146e-04 3
3.358575e-04 1
3.856693e-04 2
1.809119e-04 1
3.971326e-04 3
1.681693e-04 233
4.570371e-04 1
2.101756e-04 62
4.670125e-05 1
4.137433e-04 3
7.543412e-05 59
1.451677e-04 2
5.354674e-05 1
1.244638e-04 1
9.989700e-05 1
2.958011e-05 1
3.365138e-04 1
2.153490e-04 1
1.272734e-05 1
1.354880e-04 1
2.625512e-04 1
2.643069e-06 2
4.980061e-04 3
2.359080e-04 1
1.340585e-04 5
7.926054e-05 5
9.907877e-05 1
8.615173e-04 1
3.680618e-04 1
2.146311e-04 1148
1.877340e-04 1
4.241433e-05 1
2.754991e-04 2
6.564315e-04 1
7.617341e-04 165
2.938803e-04 5
7.623735e-05 139
1.474325e-04 1
7.455794e-04 1
2.513846e-04 1
8.614342e-05 1
1.237570e-04 7
9.698980e-04 1
7.920731e-05 1
5.860617e-05 1
3.982805e-04 652873
3.455154e-04 1
5.093466e-04 1
1.743114e-04 1
2.266304e-04 1
7.285895e-06 255
1.562182e-04 1
1.816619e-04 1
6.302819e-05 1
1.228838e-04 1
5.125630e-05 2
7.914365e-04 1
2.137450e-04 3
4.311215e-04 33600
5.100742e-04 2
4.320810e-05 1
3.005717e-06 3249
2.556202e-04 1
3.522656e-05 6
1.742755e-05 66
6.228188e-05 2
5.157303e-05 1
1.632908e-04 1
7.317277e-04 2
8.780486e-05 8094
3.595241e-05 1
2.525101e-06 3
1.225335e-04 2
3.562239e-04 236
7.415568e-05 2
2.802362e-04 2
3.569690e-04 1
7.804557e-04 1
1.416977e-04 1
2.438627e-04 119
2.764184e-04 1
3.376154e-04 3
4.240738e-04 61660
1.818638e-04 2
6.644856e-05 5
1.284813e-04 3
2.407075e-04 456
1.025072e-04 1
7.657387e-06 4
1.829487e-04 4
8.159917e-04 1
1.092482e-04 1
2.933643e-04 1
4.479662e-04 3
6.329597e-04 1
3.335108e-05 18
1.159233e-05 1
5.737602e-04 3
2.161530e-04 58
2.040900e-04 3
8.194581e-05 1
3.141553e-04 2
2.984844e-06 137
7.175096e-04 4
6.008490e-05 16284
2.561485e-04 177
6.944037e-05 3
8.492786e-04 1
3.789179e-05 1
1.018643e-04 2
7.900852e-05 2
3.453508e-04 1
2.840051e-04 85
6.172859e-05 5
7.514030e-05 1
2.140579e-04 3
2.000801e-04 1
1.681668e-04 7
4.165770e-07 3
1.024125e-04 1
2.070397e-04 1
6.297777e-06 48606
1.781609e-05 1
3.530572e-04 3
1.174972e-04 86
1.617083e-04 1
6.307634e-05 33085
1.436123e-05 1
1.261788e-04 1
2.563767e-04 30
1.739836e-04 1
3.216343e-06 1
1.881506e-04 251
1.434909e-04 1
2.499753e-04 1
5.028791e-05 27379
1.506446e-04 3
1.202593e-04 3
2.465814e-04 1
3.312639e-06 1
1.781919e-04 80
3.161649e-04 48
4.521251e-05 3
7.834807e-05 2
6.495707e-05 3
3.854666e-04 1
5.359263e-04 1
1.040992e-04 1
6.148509e-05 3
1.667581e-04 1986
1.619560e-04 1
6.357105e-05 150
4.738682e-04 3
4.442615e-04 2
4.280446e-04 1
2.959445e-05 121
5.942843e-05 1
1.546015e-06 6
2.958326e-04 1
2.429624e-04 4
1.615602e-04 3
1.393513e-04 30
8.994089e-05 1
1.064350e-04 2
9.936110e-05 3
1.737909e-05 1
3.177391e-04 159
1.391790e-03 99
5.951280e-04 1
3.570860e-05 1714
1.293268e-04 2
2.809616e-04 1
1.507245e-04 1
2.381260e-04 64596
5.401024e-04 2
1.282660e-03 1
3.137631e-04 1
4.358359e-04 1
1.795877e-04 4
3.721683e-05 1
3.575847e-04 1
5.899739e-04 2
2.173444e-04 2
8.749864e-05 2
1.396292e-04 1
8.932775e-04 2
8.461921e-04 1
4.375918e-04 1
2.877573e-04 1
2.346157e-04 1
6.706273e-05 1
3.682114e-04 1
3.358854e-04 6
8.370806e-05 1
2.163081e-04 4
2.004960e-04 1
8.481230e-04 1
2.513210e-04 968
5.806695e-05 3
9.802745e-05 22276
3.206403e-04 1
3.728366e-05 30
2.891935e-04 2
3.793524e-04 5
1.632792e-04 62
3.042637e-04 1
5.937979e-04 167809
4.027076e-04 1
4.311485e-05 5
8.642988e-05 210626
8.471563e-05 1
1.006216e-05 2
5.513752e-04 1
2.376811e-04 1
3.798150e-04 1
9.391184e-05 1
1.955302e-04 1
7.207102e-04 1
1.761179e-04 1
1.682177e-04 1
6.433881e-05 3
3.676649e-04 1
3.686009e-04 1
1.924763e-04 39657
1.382580e-04 3
7.960755e-05 872
4.965477e-04 1
8.034722e-05 1
1.682699e-04 7
7.043625e-05 3
3.066707e-05 1
3.245867e-06 1
1.426213e-04 1
4.647175e-04 3
1.224082e-04 1
8.459985e-05 2
1.503531e-04 65
2.525642e-05 1000
1.285314e-04 1
1.051637e-04 1
1.542180e-04 1
4.160265e-04 1
7.115572e-04 4067
1.250348e-04 1
4.818084e-04 7
1.435366e-04 3
1.444405e-04 1
1.124316e-04 1
3.627450e-04 1
5.759201e-04 59
3.460117e-04 1
3.921838e-04 2
7.421626e-04 1
1.409300e-04 1
4.585344e-04 244
1.563406e-04 1
1.132682e-04 1
3.897662e-04 1
5.048838e-05 85
5.036662e-05 7
1.537457e-04 1
2.619966e-04 151
2.541137e-04 70
6.190446e-04 1
1.729363e-04 1
2.749639e-04 1112
8.725707e-05 1
1.082268e-04 468
2.593397e-04 1266
5.186169e-04 922
4.126369e-04 2
2.840873e-04 1
3.664656e-04 1
2.897337e-05 1
3.052375e-05 41002
1.907807e-04 1
1.858483e-04 1
3.048739e-04 3
2.994584e-04 3
8.385063e-05 1947
2.778886e-04 1
1.262049e-05 3
8.231272e-05 1
6.608053e-04 1
1.076089e-04 1
2.617031e-04 1
6.207842e-05 1
6.685836e-05 1
1.698084e-04 1
1.130364e-03 64334
3.542249e-04 1
2.526075e-04 165
3.590271e-04 52
2.286701e-04 22045
1.586030e-04 1
3.018804e-04 1
2.573387e-04 3
8.218492e-04 2
1.739096e-04 6
2.402998e-04 1
4.567102e-06 1
1.675402e-04 1
8.666311e-04 2
2.291555e-04 1
2.946213e-04 2
7.242300e-04 158
3.045374e-04 7
8.225798e-05 3
8.823079e-05 1
6.932346e-05 2
5.491967e-05 1
3.082187e-05 877
4.481391e-04 1
2.073288e-04 3
1.261958e-04 7
3.639483e-04 1557
1.527260e-05 30767
7.222642e-05 6
7.294978e-05 1
2.496343e-04 1
2.230897e-04 5
3.867432e-05 2
3.364845e-06 1
1.338478e-04 3
1.897706e-04 4
1.428990e-05 1
8.793471e-04 7
1.142654e-04 2
3.952654e-04 1
3.523108e-04 3
5.039479e-05 3
2.846184e-04 1
9.710368e-05 1
1.246936e-04 2
1.745095e-05 1
3.217759e-04 115
6.124608e-04 1
1.393357e-04 1
2.118952e-04 1
3.147877e-04 1
5.439592e-05 1
2.188744e-04 1
4.759786e-05 88
2.863230e-04 1
4.360307e-05 1
8.796373e-04 1
9.798373e-05 1
2.550457e-05 1
8.279564e-05 163
3.948814e-04 1
4.207334e-05 1
1.081616e-04 4
3.332198e-05 6
1.310938e-04 1
2.401129e-04 50
1.198801e-04 242
2.118289e-04 1
6.294828e-06 1
5.714636e-05 7
7.455933e-05 1
2.440179e-06 1
2.181215e-05 1
1.018861e-03 5
2.518807e-04 1
1.013043e-04 1
2.552988e-04 1
1.341128e-04 1
4.222358e-05 3
2.199384e-04 2
2.458241e-04 3
2.521777e-04 2
1.984405e-05 2
2.675176e-04 1
2.329092e-05 1
5.977235e-04 3
3.153263e-04 2
2.317793e-05 1
7.302676e-05 229
1.025314e-04 1
4.413185e-04 1
3.094345e-04 219
3.351333e-05 1
3.545174e-04 1
7.203395e-05 48760
1.757650e-04 2
5.879663e-05 1
3.924965e-04 1
2.470868e-04 1
6.347389e-05 1
2.688314e-04 62
5.660540e-05 2
3.886231e-04 1
4.095003e-04 1
1.789026e-04 1
1.571029e-04 3
2.014595e-04 1
1.297835e-05 210
3.934941e-05 1
2.851997e-04 2
7.018664e-05 1
3.360306e-04 1
8.449568e-05 1
8.286797e-05 1
2.601102e-04 72
1.486467e-04 1
3.282384e-05 24
1.679400e-05 15
2.486115e-04 1
4.846936e-05 1727
5.561853e-04 1
2.997095e-04 1
1.154636e-04 3
5.022505e-05 1039
3.816628e-04 1
4.416158e-04 1
3.936194e-05 1
3.948057e-04 1
1.230125e-04 2
7.853301e-04 1
1.830261e-04 1
1.910425e-04 1
5.741292e-04 1903
1.364877e-04 1
3.589018e-05 1
1.097981e-04 1
3.297298e-04 1
6.772922e-04 1
1.931046e-04 1
1.468093e-04 47722
2.186289e-04 2
2.837648e-05 1
3.504225e-05 3
4.610560e-05 1
8.239221e-05 1
2.586758e-04 1309
1.841663e-04 3
4.965506e-05 2
2.436785e-04 1
3.639586e-04 5
7.999650e-04 3
1.355356e-04 1
4.468561e-04 1
2.230317e-04 2
1.571364e-04 1
6.886880e-05 1
1.879084e-05 2
1.852813e-04 6
2.617231e-05 1
3.956159e-04 2
1.766886e-04 6
8.486922e-05 1
6.475186e-04 2
1.912834e-04 62294
3.172127e-04 1
4.411043e-05 1
4.200524e-05 1
1.502554e-04 6
5.621365e-05 2
5.542272e-04 2
1.746809e-04 1
1.819605e-04 4
1.437279e-04 1
1.424736e-04 1
8.747292e-06 1
1.190042e-04 1
1.667185e-05 2096
3.327190e-05 1
2.150342e-05 1
5.750432e-05 2
7.530748e-04 1
1.310026e-04 6
3.283600e-04 1
1.606385e-05 5
9.981870e-06 1
4.011039e-04 1
4.675672e-04 1
3.392046e-04 2
2.339069e-04 1
1.155816e-04 1
2.247357e-04 1
3.747797e-04 6
7.839620e-05 3
7.909520e-05 1
1.412123e-04 3
7.666749e-05 1
1.290338e-05 3
6.534464e-06 64798
3.262805e-04 1
1.407431e-04 3
1.482238e-04 41300
1.048873e-04 1
1.865542e-04 1
1.896055e-04 1
3.431353e-04 1
7.434359e-05 52580
4.632322e-04 1875
1.997490e-04 1
1.199739e-04 6
3.219066e-04 2
9.842821e-06 2096
3.963261e-04 1
1.225303e-04 1
2.538436e-04 1
3.267298e-05 2
4.968727e-04 594
4.126059e-06 1
1.006095e-04 1
1.148242e-04 1
1.125024e-05 1
3.790117e-04 1
2.316448e-05 2
2.278163e-04 1
9.542432e-05 2
2.475628e-05 1
2.917911e-07 1
3.536511e-04 214
2.960205e-04 2
2.058776e-04 7
3.779410e-04 3
2.146829e-04 1144
1.856334e-04 1
1.096035e-04 1
5.895105e-04 219
8.616376e-05 1
5.564662e-04 1
2.754781e-05 2
6.323801e-05 1
4.996862e-04 3
7.104892e-05 5
1.548061e-04 1
4.237633e-04 1
8.713934e-06 1
1.648541e-04 1
1.102524e-04 3
2.568474e-04 174
2.244154e-04 1
1.094566e-04 1
2.231713e-04 1
1.163778e-04 1
2.019149e-04 1
3.520996e-04 219
2.363895e-04 10
1.735419e-05 1
3.757457e-04 3
3.462106e-05 2
1.027521e-05 215184
4.508153e-04 3
6.107285e-04 7
8.046944e-05 3
8.062937e-04 1
5.223684e-07 24001
3.546394e-04 1
1.358911e-04 1
2.349863e-05 3
3.973691e-04 3
4.131786e-05 13
3.200684e-05 1
3.265424e-04 1
3.872842e-05 53774
9.154955e-05 5
2.755808e-05 44990
7.173809e-05 2
1.730991e-04 1
2.327274e-04 1
2.915981e-04 2
2.280225e-04 5
3.011516e-04 7
3.683130e-05 3
2.016081e-04 1
1.079755e-04 3
2.593456e-04 1
7.604192e-05 2
1.892138e-04 1
2.081013e-04 1
1.234583e-04 1
4.784244e-04 6
1.994632e-04 5
1.209069e-04 1
7.943641e-05 49
1.336462e-04 18709
3.536406e-04 1
2.464084e-04 2
2.561620e-04 3
3.704149e-06 7
2.470675e-04 1
1.122989e-04 1
3.537061e-05 487686
4.902046e-05 1
1.721118e-04 47131
5.927347e-04 157
1.566901e-04 1
2.834236e-05 2842
3.584248e-05 1
1.056810e-04 1
2.928615e-05 1
5.942555e-05 106
6.683433e-05 3
3.625543e-04 1
6.156390e-05 3
1.939856e-04 1
1.819715e-04 1
5.232362e-05 2
1.278671e-04 1
5.594193e-04 7
8.205639e-06 155
1.687797e-04 2
2.296290e-04 37077
1.021458e-05 1
6.230093e-04 1
1.217617e-04 1
4.836928e-05 1
5.234136e-05 65
2.451749e-04 2
1.650540e-04 1
2.106510e-04 3
1.078052e-05 1510
3.582575e-04 3
5.028945e-04 1
2.992662e-04 23767
2.430087e-04 1
1.854135e-04 1
2.177719e-04 1317
5.772230e-05 1
5.043477e-06 1
2.505472e-05 1
3.277430e-04 36
8.657926e-05 1
1.327887e-04 110
1.701600e-04 1
4.064304e-04 1
1.471071e-04 7
1.598257e-04 1
1.863992e-04 1
2.732378e-04 3
3.297580e-04 1
4.096439e-05 17
6.657883e-05 1
5.794086e-06 52738
3.210535e-04 1
1.323859e-05 1
2.561760e-06 1
2.933388e-05 1
3.522114e-05 1
5.323170e-04 1
7.746287e-05 33465
1.173351e-04 117
2.174950e-04 1
2.833761e-05 1
4.037912e-05 1
1.651838e-04 1
2.570365e-04 5
6.047429e-05 4
3.661006e-05 3
1.904949e-04 61
4.277803e-04 1
4.987789e-04 5
2.385297e-04 1
4.839708e-05 1
1.267322e-04 157
6.779958e-05 3
2.943976e-05 1938
1.092940e-04 3
3.283608e-04 3
1.782727e-04 22208
7.103848e-05 6
3.738973e-06 1
2.032520e-04 2
1.665649e-04 5
7.625842e-05 2
6.980194e-05 2
7.109645e-05 190
8.493171e-05 1
7.780830e-05 1
1.182741e-04 226
5.172142e-06 137
5.471397e-04 1
2.018965e-04 198
5.660025e-04 3
8.944337e-05 1
6.487815e-05 1
1.473818e-04 1
1.943857e-04 67
4.477825e-04 62
3.172841e-04 408
4.240947e-05 1
3.248750e-04 1
5.430873e-05 1
1.179325e-05 1
2.478814e-04 1
4.030662e-04 1
1.695710e-04 224
1.252754e-04 940
4.573067e-04 3
9.856282e-05 3
4.190802e-05 1
1.727119e-04 1838
4.039185e-04 1
1.288857e-04 533
1.731797e-04 1794
1.086326e-04 1
1.808794e-05 1
1.760462e-04 1
4.799750e-05 1801
1.267010e-04 7
2.936159e-04 55672
9.340946e-05 1
1.031325e-04 1
9.916235e-05 1
3.444744e-04 6
8.186774e-05 976
1.449112e-05 1
2.166447e-04 1
7.617261e-05 1
1.253853e-06 1
8.033006e-04 260
1.111901e-05 1448
1.017459e-04 1
9.886948e-05 17582
2.904969e-04 3
1.290730e-04 4
9.036785e-05 5
4.405106e-06 2
4.130806e-04 1
3.543539e-05 1
2.412884e-04 2
4.930320e-06 2
5.486860e-04 2
4.015733e-04 2
4.648946e-04 3
3.677064e-04 2
2.258249e-05 1051
3.645194e-04 1
7.130261e-05 1
3.236760e-04 1
1.222114e-04 1
1.019324e-04 3
1.939893e-04 1
4.859784e-04 1
9.871259e-05 1
1.251886e-04 4
4.570146e-05 6
8.005029e-04 5
1.137616e-04 1
1.972540e-04 3
9.633702e-05 1
2.902448e-04 3
6.024468e-04 27151
8.046795e-04 2
2.131658e-04 1
4.219529e-04 6
7.729570e-04 42
3.626622e-04 129
9.639893e-05 1
2.791981e-05 258
3.814370e-04 6
2.616468e-04 1
6.797794e-06 1
1.214750e-04 4
2.054165e-05 1
2.482231e-04 1177
4.803720e-05 1
2.609510e-04 1
1.625062e-05 1
1.509744e-04 1
3.788830e-05 1
7.406304e-05 281833
6.335614e-05 6
3.834387e-04 1
5.170410e-05 3
1.257041e-04 5
5.190687e-04 1
4.677485e-04 2
3.456967e-04 1
2.464782e-04 1296
4.147792e-04 1
2.941434e-04 3
1.695179e-04 2
1.207219e-04 1
3.260852e-04 2
5.153780e-05 2
2.562720e-05 1
1.675019e-05 1
8.642409e-05 1
3.004254e-04 20977
1.519569e-04 42657
2.232345e-05 1
1.639790e-04 601234
7.979017e-04 117
2.862910e-05 1
3.019921e-04 1
3.641053e-05 2
4.151651e-04 1
6.316398e-04 8530
2.220348e-04 231
2.074493e-04 1
1.738682e-05 5
9.237780e-05 2
1.701341e-04 220
1.151552e-04 1
6.997173e-04 1
1.819249e-04 2
1.105137e-05 89
2.261852e-04 3
3.949414e-04 2
1.167896e-04 1
1.178334e-05 1
9.726152e-05 1
5.336454e-04 3
2.628676e-04 1
8.215976e-05 41406
3.806949e-05 1
6.496251e-05 1
1.736575e-05 1
1.323156e-04 1
2.798513e-04 1
5.881288e-05 1
1.391443e-04 32
3.715472e-04 1
2.996763e-05 58
4.126556e-04 5
8.238898e-05 2
8.475977e-05 3
2.189406e-05 1
1.547503e-04 1
1.511903e-05 2
2.803495e-04 6
7.222110e-05 6
1.786224e-04 57085
6.107480e-04 3
1.923132e-04 22142
2.112836e-06 1
6.587517e-05 2
9.383869e-04 1
3.713038e-04 1
6.804348e-05 37555
8.436169e-05 1
2.673248e-04 1
2.581289e-04 1
5.025463e-04 1
4.199539e-04 3
2.602393e-04 1
2.371988e-04 1
3.389753e-04 1
4.967994e-08 176
8.131178e-05 2
2.465583e-04 4
3.589349e-04 5421
2.331071e-04 2
5.753170e-05 5
2.804461e-04 1
1.935311e-04 3
3.504027e-05 2
7.784709e-05 6
7.006326e-04 1
7.272366e-05 1
1.341992e-04 1
4.647567e-05 1
8.247662e-05 2
1.907728e-05 1
1.423004e-04 1
8.846499e-05 3
1.749486e-04 1
4.014011e-04 1
3.437580e-04 1
2.752979e-04 1
6.914507e-04 1
2.018197e-04 5174
1.214479e-06 1
7.122276e-05 4
7.283146e-04 2
4.400183e-04 895
2.966166e-04 1
1.737410e-04 2
2.170774e-04 2
1.133282e-04 180
1.232484e-04 1
4.308274e-04 34006
2.427977e-05 1
1.026666e-04 1
3.181886e-05 3
1.179025e-04 2
4.361885e-04 1
1.790977e-04 1
1.198878e-04 1
1.413664e-04 4
3.928807e-04 2
2.350435e-04 2
2.985304e-06 1
4.756765e-04 241
1.668140e-04 1
2.828371e-04 206
1.064056e-04 1
9.128436e-05 24216
1.845947e-04 1
5.369542e-05 1
1.615981e-04 3
8.977935e-05 3
3.917093e-04 1
1.906247e-04 1
4.528786e-06 7
2.079974e-04 433
3.072475e-05 3
9.877681e-05 1
2.868057e-04 3
6.186859e-06 1
7.793596e-04 334
3.006161e-04 1
4.093201e-04 28994
1.144093e-04 2
2.683314e-04 280
1.926938e-04 1
1.835896e-04 2
1.092089e-04 3
1.372276e-04 1
2.047977e-05 3
1.244055e-04 1
1.316802e-04 6
3.261896e-04 1
3.567094e-05 3
3.486593e-04 2
3.151149e-04 932
1.756166e-05 64
2.593971e-04 1
4.145428e-05 3
9.217481e-05 7
2.085202e-05 1
8.047269e-06 1
1.893078e-04 1
2.891864e-04 2
4.626378e-04 28914
2.720563e-04 1
3.384157e-04 2
6.656529e-05 265
1.037939e-04 1
3.848481e-04 36
3.065721e-04 1
9.077140e-05 1
9.884404e-05 1
7.956199e-05 1
3.075293e-04 2
3.339496e-04 1
3.756935e-04 1
9.800497e-04 1
1.372172e-04 1
2.672459e-04 1
1.928905e-04 1
1.829530e-04 2
4.369429e-04 1
1.249584e-05 1
1.461296e-04 4
5.860376e-05 1
2.579207e-04 1
2.352304e-04 1
2.455523e-04 111
5.220420e-05 5
4.986380e-05 1
1.761450e-04 30738
3.265475e-04 16081
1.603572e-04 6
5.600804e-04 1
6.136763e-04 134
4.408583e-04 4
3.340665e-04 1
4.339696e-04 1
3.928317e-05 7
1.029183e-04 3
2.041083e-04 1
7.054959e-04 1
4.226768e-05 1
4.362150e-04 3
1.035037e-04 2
5.918919e-05 1
1.075952e-05 3
1.027056e-03 1
1.392726e-05 169
2.778640e-04 59549
5.988300e-04 5
6.332050e-05 1
1.589503e-04 5
4.085206e-04 1
5.699542e-05 5
3.279147e-04 1
4.237759e-04 1
5.226524e-05 1
4.274381e-04 1
1.641292e-04 1
6.426474e-04 135
1.769592e-04 4
3.411749e-05 2
2.363594e-04 1
1.696799e-04 1
6.319491e-05 32319
7.410471e-05 2
4.530844e-04 3
1.342182e-04 1183
9.294880e-04 1
5.333137e-05 1
7.570844e-05 3
2.428713e-04 1
1.441739e-03 1
2.476990e-05 1
6.545955e-05 397
1.283813e-04 584702
8.817478e-04 1
1.241048e-04 1
1.845493e-04 244
1.515111e-05 2
1.379899e-04 6
9.802495e-05 1
6.830274e-04 35216
5.987982e-05 3
1.706782e-04 1
7.570036e-05 2
4.331407e-04 2
2.446633e-04 2
1.748670e-05 2
2.714521e-04 2
5.412322e-04 1
5.160421e-05 36555
3.016299e-05 2
5.952875e-05 3
1.196169e-04 1
3.074305e-05 3117
2.924497e-04 226
1.511436e-04 1
1.511811e-04 1
1.521189e-04 1
7.478669e-05 1
2.954074e-04 1
7.159413e-05 1
4.642663e-06 6
1.007572e-04 1
4.757148e-04 1
1.745046e-04 1671
2.317576e-05 111
1.026798e-04 3
1.398067e-04 1
1.512439e-04 2
1.447116e-04 1
2.785178e-04 1
5.246976e-05 1
3.684775e-04 1
6.227550e-05 1
3.877883e-04 1
1.407439e-04 3
1.735503e-04 2
1.122196e-04 1
1.159559e-04 4
2.317673e-04 1
3.458209e-04 1
9.770060e-04 1
9.316017e-05 1
1.947846e-05 52241
2.486293e-04 1
1.253047e-04 5
8.463088e-04 183
6.824494e-05 6
3.591745e-05 2093
6.632494e-05 34
9.199415e-05 1
2.217181e-04 1
1.325939e-04 82
1.947206e-05 1
2.364720e-05 7
5.138857e-05 1
5.074756e-05 3
1.879817e-05 2
2.405670e-04 1
1.206539e-04 4
4.137855e-04 3
7.180738e-04 19445
4.397118e-05 1
1.766048e-04 1
2.702770e-05 1
4.782754e-04 1472
2.449862e-04 555991
1.711796e-04 2
1.872557e-05 1
1.122353e-05 2
2.971044e-04 1
2.689803e-05 1
4.641965e-04 6
1.668535e-04 1
9.496566e-05 5
1.156979e-04 1
3.974362e-05 118
3.943590e-05 1
5.600150e-04 2
1.743818e-05 183
7.961231e-06 188
3.774659e-04 1
4.695879e-04 1
