5.336318e-05 1
1.294339e-06 2
1.516311e-05 3
9.375212e-06 2
3.603614e-06 1726
1.024496e-05 1
1.602975e-05 102
2.521742e-05 1
4.349492e-06 1
4.796900e-07 1
3.044933e-07 1
3.257083e-05 1
1.268616e-06 160
2.946365e-05 1
3.811892e-05 1
5.051670e-05 1
1.452501e-05 3
3.669532e-05 3
6.990787e-07 172
3.157955e-05 3
1.972047e-05 4
2.943753e-06 2
5.243988e-05 2
6.886447e-06 93
1.829814e-05 2
2.405652e-05 3
2.914369e-05 1
7.429821e-06 1
1.198887e-05 233
4.279212e-05 73
1.431751e-05 1
9.105420e-06 1
5.493200e-06 1
1.024625e-06 1
3.880356e-06 1
1.702447e-05 1
8.155668e-06 2
2.443418e-05 119994
2.721088e-05 1
3.893911e-05 109
3.722433e-06 260
1.206500e-05 2
2.223998e-06 1
6.355453e-06 49081
4.722478e-05 1
5.174168e-06 174
9.051567e-06 1
9.518640e-07 1
2.414231e-06 4
1.162970e-06 1
4.048537e-06 1
2.576216e-06 1
5.211003e-05 35
1.439918e-05 1
3.103813e-06 1
1.918610e-05 1
6.166728e-06 1
4.491842e-06 2
4.316812e-05 1
3.021769e-05 2
2.694538e-06 1
7.794385e-07 1
4.574086e-05 178
1.393113e-05 3
1.695791e-05 3
6.176194e-06 1
2.324705e-06 1
5.627043e-06 1
2.301355e-06 1
1.381785e-06 3
5.752266e-06 1
1.854448e-05 1
2.383062e-06 1
9.159785e-06 2
5.450870e-08 1
8.584393e-06 5
7.449538e-06 192
2.708383e-06 1
2.482240e-06 1
1.522290e-05 1
3.568613e-06 7
9.665639e-06 1683
2.801142e-05 50931
3.420300e-05 1
5.692742e-05 1
1.582890e-05 5
9.339190e-06 1
1.356439e-05 1
4.138788e-07 3
2.224410e-05 1
6.362707e-05 1
3.706213e-05 3
2.324857e-05 1
1.137458e-05 7
1.216222e-05 1
2.663904e-05 1
1.318302e-05 3
8.382972e-06 1
1.751444e-05 3
2.445201e-05 1
1.137080e-05 3
1.592134e-05 1
2.798144e-05 1
7.750746e-06 1
3.615368e-05 1
2.109914e-05 57245
5.789386e-06 3
8.115190e-06 1
1.041438e-05 267
4.026663e-06 102
3.079964e-05 1
9.259955e-06 1
6.204850e-06 4
1.387051e-05 1
3.208856e-05 1
9.032291e-06 1
2.202141e-05 1
4.015062e-06 1
4.492703e-06 860
5.802328e-05 2
1.002775e-05 3
1.597889e-05 1
5.881055e-05 1
1.615619e-07 2
1.349211e-05 1
1.000646e-05 1991
1.523991e-05 8
2.581074e-06 1
2.124726e-05 1
3.082964e-05 1
1.017095e-05 40
2.873240e-06 1
3.373642e-05 6
1.073555e-05 6
9.467058e-05 3
9.787197e-06 1
5.692120e-06 1
3.779640e-07 719
5.979716e-05 1
3.546048e-06 6
4.997354e-05 1
2.424517e-05 1
2.375172e-06 1
2.742403e-05 4
7.508177e-06 1
1.281148e-05 1
1.660996e-06 1
2.469728e-06 1
5.028669e-06 2
6.304741e-06 3
1.418080e-05 2
1.149656e-06 3
1.247712e-05 1
2.053102e-05 4
2.166494e-05 1
1.227047e-05 3
3.688886e-06 1
1.087042e-05 1
1.039759e-05 1
5.114306e-06 1803
4.648528e-07 4
1.043064e-05 35960
4.399541e-06 2
5.554694e-06 1
5.995941e-06 6
4.952009e-06 1
1.691656e-05 1
8.538380e-06 1
1.781896e-06 3
2.493154e-05 4
3.003064e-05 1
5.302487e-06 1
5.336555e-05 48
1.055727e-05 2
8.389893e-06 1
2.288562e-05 1
2.789905e-06 2
3.662841e-06 1
1.554505e-05 1
1.008299e-05 1
4.393314e-06 2
5.329134e-06 1
4.581980e-06 554
1.035630e-05 1
3.535115e-05 136
5.190384e-06 1
8.103543e-06 1
1.968250e-05 1
1.237045e-05 1
2.451166e-05 1
2.743560e-05 2
2.804715e-05 1
1.670571e-05 3
2.866013e-07 1
1.512082e-05 1
1.064056e-05 5
1.801358e-05 2
1.911719e-05 4
1.291432e-05 912
2.795524e-05 4
1.072061e-06 5
1.854863e-05 1
1.778330e-06 1
1.972634e-05 3
2.157455e-06 251
4.079494e-06 1
1.282585e-06 4
8.359037e-06 2
1.059107e-05 1
3.089586e-05 228
2.073082e-05 1
1.758368e-05 7
2.310474e-06 1
4.192316e-06 3
5.599653e-07 1
7.979050e-08 16887
1.758001e-05 7
6.542320e-07 2
3.253840e-06 25118
1.204681e-05 7
2.344267e-07 1
1.255033e-05 3
3.302285e-06 5
1.016297e-05 1
3.060941e-05 3
2.045708e-05 5
6.727896e-06 2
1.549588e-05 1
3.753316e-05 1
7.377473e-06 1
4.062659e-05 1
1.436926e-05 2
2.085970e-05 1
1.577406e-05 1
1.062484e-05 1
4.958352e-06 1
7.809270e-06 1
7.700059e-05 27
4.610328e-06 4
1.244571e-05 7
5.932777e-05 592
1.758485e-05 1
7.746809e-06 3
4.466873e-05 2
1.793453e-05 1
1.675185e-05 20
4.756702e-06 1
1.932587e-06 1310
4.066574e-06 3
3.697328e-06 2
3.158865e-05 6
1.129274e-05 18
3.194958e-06 1
8.843819e-06 4
1.415337e-06 143
8.944542e-06 1
8.959269e-06 2
1.236376e-05 1
1.713952e-06 1
2.190103e-06 1
4.609016e-05 1
4.693267e-05 1
1.929315e-05 316
6.729390e-05 1
2.092899e-05 3
4.460052e-06 1
1.526214e-05 1
1.551095e-05 2
1.577206e-05 1
3.985559e-06 2
1.403486e-06 1
3.982980e-05 1
1.190187e-05 363071
4.470730e-06 3
5.971904e-06 34414
2.142445e-05 329
1.739107e-05 2
7.229401e-06 1
2.193757e-05 204
1.290754e-05 1
1.031973e-05 1
2.839100e-05 1
1.627578e-05 1
1.039971e-05 1
9.918150e-05 1
3.472446e-05 52762
1.026186e-05 1
2.161504e-05 64238
3.015726e-05 1
6.374063e-05 1
1.350203e-05 1
6.483701e-07 1
7.897380e-06 983
3.379023e-06 1
1.803617e-05 1
1.085094e-05 1
1.232270e-05 1
5.348591e-06 21664
9.266589e-06 170
7.427487e-06 5
4.496917e-06 1
6.441970e-06 1
3.164117e-05 1
1.747109e-05 184
3.181565e-05 3
1.648407e-05 4
3.187450e-06 104
7.249212e-06 99
1.580106e-05 1
3.947864e-05 14237
6.244484e-06 2
1.942022e-05 1
2.948101e-05 1020
1.477701e-05 1
1.306779e-06 2
2.076988e-05 112
5.087558e-06 195
1.101960e-06 1
5.350131e-06 1
1.013614e-05 1
2.978705e-07 57
3.285291e-06 3
8.775482e-07 1555
2.882614e-05 1
7.713726e-05 1
1.873167e-06 1
4.178260e-06 3
1.085461e-05 1
8.428844e-06 1
1.902796e-06 1
2.232385e-05 1
4.578012e-06 2
4.168727e-05 64667
5.362265e-07 3
3.943927e-05 1
3.008726e-05 1
3.480294e-06 1
1.167727e-06 1
4.564676e-05 1
1.513803e-05 1
4.804237e-07 1
4.518003e-05 214
1.333110e-06 3
6.485316e-07 7
5.913366e-06 7
3.238585e-06 1
9.222324e-06 15417
1.378898e-05 1
2.290343e-05 1
5.678915e-06 1871
8.068168e-06 5
5.675531e-06 1
2.014225e-05 193
2.640599e-06 1
1.137859e-05 1
3.712291e-05 1
1.533177e-05 184
8.327985e-06 1
2.949101e-06 1
3.442688e-05 25959
7.640104e-06 940
6.249389e-05 1
3.403895e-06 2
1.825304e-07 1
1.184440e-05 2
3.760861e-05 1
3.919174e-06 1
3.409948e-05 49888
4.262447e-05 1
3.882975e-05 1866
7.181360e-05 7
4.499488e-06 2
7.642426e-06 2
3.146637e-06 222
2.533961e-05 1
1.011500e-05 3
6.074887e-06 1
9.649862e-06 2
1.161628e-05 2
4.569693e-06 4
1.428826e-06 3
8.963662e-06 3
3.833213e-06 1
2.987316e-05 1
2.025952e-06 73
2.532207e-06 1
1.083001e-05 1
5.894079e-06 1
4.246983e-05 1
3.251057e-05 1
2.172032e-05 1
5.687169e-06 5
6.050850e-06 1
7.473409e-06 4
1.413685e-05 29626
2.852679e-05 1
1.413514e-06 1
1.479782e-05 1918
5.013317e-07 1
7.668163e-07 7
3.148004e-05 3
8.683920e-06 195
8.077501e-06 3
1.813680e-05 1
2.139845e-05 86
4.554677e-06 26
2.900666e-06 1
2.308085e-05 1
3.340130e-06 1
4.808410e-06 1684
2.608785e-06 2
6.955220e-06 1
1.804899e-05 1
1.780767e-06 1
2.947787e-06 1505
4.769113e-06 5
1.875549e-06 1
1.953433e-05 3
2.927401e-06 226
9.539507e-06 6
1.563765e-05 63437
2.411847e-05 31526
1.194250e-05 3
1.206829e-05 1
1.131616e-05 1
1.401989e-05 1
1.640548e-05 2
2.401230e-05 1
3.555666e-06 3
1.797431e-05 1
2.957728e-05 1
1.892040e-05 28655
2.671812e-05 1
1.880914e-05 2
6.355014e-06 1
7.335519e-07 1
2.865494e-05 4
1.971176e-05 125
1.010860e-05 5
5.605932e-06 6
2.823596e-05 1534
3.066499e-06 1
1.128721e-06 95
2.520530e-05 2
2.406068e-05 1
1.476200e-05 3
1.907079e-06 1
2.296195e-06 131
3.870775e-05 6
2.438881e-05 6
3.249355e-05 1
1.813480e-06 1
1.678541e-05 97
8.718878e-06 1
1.466470e-05 1
1.031035e-05 1
5.071617e-06 1
7.349771e-06 1
4.205333e-06 219
4.182304e-06 1
4.393317e-05 2
3.186458e-06 1
1.143668e-05 1
2.724919e-06 2
9.199414e-07 1
4.875833e-07 3
6.503430e-05 1
5.580088e-06 55466
3.360203e-05 5
5.720253e-06 2
3.045270e-06 1
1.637912e-06 265
2.279745e-06 2
6.330590e-06 1
9.518360e-06 7
3.205544e-05 2040
3.009328e-06 1
1.111238e-05 1
4.738028e-07 1
2.392768e-05 689
1.880044e-06 3
8.106979e-06 2
1.026585e-05 3
1.530264e-05 5
3.844648e-05 2012
1.162040e-05 1
3.245145e-05 1
1.176265e-06 4864
4.505421e-05 3
2.697501e-05 1
6.030549e-06 1
3.409880e-05 6
2.573097e-05 45
1.227898e-05 3
2.538693e-05 120
1.495613e-05 1260
2.291039e-05 2
9.845851e-06 1242
3.084030e-05 204
3.884366e-06 1
1.061917e-05 1
6.061693e-06 3
3.289286e-05 1
2.686198e-06 1
5.828956e-06 1
3.986646e-05 3
8.846030e-06 1
3.400140e-05 1
4.763896e-06 56682
3.115222e-05 307
6.536376e-06 7
1.348697e-05 1
9.859578e-07 5
6.159301e-06 1
6.951356e-06 1
4.629128e-05 1
3.791677e-06 1
1.712198e-05 2
4.617851e-06 1
7.699236e-06 395
7.580003e-06 1
1.562162e-05 1
1.125187e-05 2
6.580112e-07 2
1.907011e-05 1
1.353556e-05 7
1.874666e-05 2
1.653585e-06 6
6.022153e-06 467632
1.259621e-05 2
2.142102e-05 218
1.754933e-05 3
8.557962e-06 1
2.952387e-05 1370
3.498305e-05 41
1.447354e-05 1
2.306318e-05 1
1.451316e-06 1
8.967316e-06 2
3.577462e-06 82
8.122412e-06 2
1.663280e-05 1
2.592592e-05 33
4.418163e-06 1
2.305179e-05 3
8.163598e-05 179
3.455575e-05 1
1.343017e-05 1
1.387061e-06 1
3.952194e-06 1
2.431152e-06 3
5.903057e-06 1
2.901775e-05 6
3.854213e-06 5
7.368561e-08 102
5.555395e-06 1
6.869670e-06 4
1.468394e-05 1
5.337138e-05 1
2.853542e-06 24685
2.175384e-06 1
1.160621e-05 1
1.381319e-05 1
8.196913e-07 1
5.726102e-06 3
1.096222e-06 3
9.885102e-06 1
1.655305e-05 1
2.587910e-05 116
1.025659e-05 1
4.013190e-05 133
1.338903e-05 1
6.897811e-06 1
3.005982e-05 1
5.195429e-05 1
1.671917e-05 1
2.159567e-06 1
2.350470e-05 1
4.116992e-05 135
6.005053e-06 2
2.480428e-05 1
6.763641e-07 1
6.846730e-06 3
9.057056e-06 1
7.545871e-07 1
6.079069e-06 104
1.999108e-06 5
1.828914e-06 6
6.732979e-05 7
6.709013e-06 1
6.909446e-05 1
4.714744e-05 1
9.441004e-06 4
1.755046e-05 1
3.745288e-05 1
1.079240e-05 1
4.303945e-06 59193
6.163722e-06 1
1.226823e-05 1
3.226954e-05 1
6.013838e-06 1
3.054853e-06 2
3.193658e-05 592
3.481726e-06 161
4.056243e-05 1
1.262677e-06 1
2.039325e-05 1
9.114992e-06 9
6.215176e-06 1
7.468141e-06 108
1.727846e-05 6
6.420943e-06 1
1.557056e-06 1
3.463198e-05 3
1.030467e-05 1
2.768265e-05 1
4.245149e-06 1
7.972024e-06 2
7.754551e-06 1
1.766185e-05 5
5.700194e-05 2
1.662317e-05 1
1.206491e-05 1
3.691234e-05 247
2.181877e-05 2
3.801814e-05 1
2.599933e-05 2
2.078724e-05 1
5.233133e-06 1
1.812470e-05 462559
2.588922e-05 3
6.822801e-06 1
4.590005e-05 6
2.515975e-05 1
7.304994e-06 5
7.808264e-06 5
1.503683e-05 60
1.684488e-06 3
4.060710e-06 201
1.793749e-05 1
1.045325e-06 1
1.055992e-05 1
1.354540e-06 7
1.730525e-05 1
3.583636e-05 1
6.129620e-06 66
1.342313e-05 4
2.436203e-05 160
5.375938e-06 3
1.542304e-05 46060
5.290729e-07 171
3.156946e-06 2
1.046684e-05 48878
2.933830e-05 1
9.650333e-07 10
5.059258e-06 2
9.946910e-06 7
3.355280e-07 16086
2.061566e-06 170
8.080093e-06 861
5.592943e-07 1
1.253446e-05 2
6.883409e-06 3
7.645441e-06 207
6.924879e-06 6
9.338877e-06 77
1.476513e-05 1
4.298565e-06 1
2.702718e-05 1
2.686904e-06 3
1.476621e-05 227
1.393129e-05 1
8.846559e-07 222
3.730274e-05 21
5.376935e-05 17
1.312914e-05 1
1.913129e-05 206
1.206685e-05 141
9.537800e-06 1
1.076690e-05 263
4.903671e-06 1
6.116577e-06 3
4.304264e-06 9223
1.134203e-06 4
1.647529e-06 1
8.770822e-06 3
9.899925e-06 2
1.091665e-05 1
2.986173e-06 184
4.023373e-05 1
3.939046e-06 15646
9.149080e-06 320186
2.275508e-06 1
8.092564e-06 1
4.628063e-06 5
9.497229e-06 1
1.279915e-05 1
3.026176e-06 62524
5.099075e-06 1
2.687642e-05 1
1.249209e-05 1
1.460293e-06 1
1.374537e-05 1
1.146494e-05 1
1.270361e-06 1
8.549432e-06 1
2.353424e-05 1
4.788094e-06 1
4.894018e-06 1
1.582864e-05 7
6.248867e-06 30097
3.385877e-06 7
1.682465e-06 2
5.852197e-05 2
3.188512e-05 7
5.255270e-07 65
2.046304e-05 2
5.587514e-05 184
4.473677e-05 1
8.675563e-06 3
1.698759e-05 18198
3.780804e-05 6
1.031801e-05 1
1.048208e-05 63965
4.676436e-06 7
1.605855e-05 3
1.778983e-05 231
3.274846e-05 48333
1.026565e-05 1
4.628886e-05 1
2.720887e-05 5
2.526551e-05 1
2.388100e-05 1
4.225611e-06 1
2.068007e-05 1590
1.821008e-06 2
8.860350e-06 56
9.154766e-06 2
2.763995e-05 1
1.870218e-05 2
3.301201e-05 2
4.657419e-07 2
1.293406e-05 4
7.359955e-06 1
1.823074e-06 1
5.731143e-05 1
6.051533e-06 6895
5.745074e-06 2
4.928187e-06 2
4.197099e-05 1
3.356387e-05 1
2.582425e-05 1
5.730991e-05 1
2.751699e-06 1
3.238014e-05 7
1.763412e-06 1
2.164386e-05 3
1.002413e-06 1
2.684156e-06 1
7.538760e-06 1
2.985338e-06 1
1.187952e-06 1
2.443189e-05 1
3.277601e-06 3
2.772438e-05 1
1.768211e-05 82
1.618955e-05 1
5.218628e-06 56907
4.393089e-05 1
9.882108e-06 1
6.210292e-06 3
3.918718e-06 1
1.362421e-05 2
1.916389e-05 2
9.396513e-06 6
1.458072e-05 44071
1.204916e-05 1
5.545596e-06 1
4.364867e-05 3
7.590523e-06 1
1.443820e-05 22083
1.928812e-05 1
1.025365e-05 1
5.155694e-07 1
6.257618e-06 1
1.062568e-05 1
4.705777e-07 1
4.919872e-06 1
2.354597e-05 1
3.813712e-05 185
1.673351e-06 7
1.952747e-05 1
4.066915e-06 1
1.866371e-05 5
1.035893e-05 10070
3.458314e-05 5907
1.076269e-05 5
2.286518e-06 214
8.876501e-06 20993
4.503261e-06 146
2.510963e-05 1844
1.878474e-06 142
1.627566e-05 1
1.829176e-06 4
1.829421e-06 22
1.192936e-05 7
1.482771e-04 1
2.116381e-06 1
3.172352e-05 1
9.592612e-06 1
9.467331e-07 1
1.983726e-05 140
1.717713e-05 1
5.337534e-06 2
5.522708e-05 1
2.752204e-06 5
6.605361e-06 1
3.352090e-07 1
6.988920e-06 1
1.356766e-05 89
1.222803e-06 1
3.598009e-05 1
2.226211e-05 1
7.338362e-06 5
6.162024e-05 42659
1.517816e-05 3
2.963149e-05 1
1.558982e-06 3
9.364576e-06 1
3.240266e-05 1
1.000786e-05 3
9.490401e-06 1
1.854758e-06 229
1.671395e-05 1
1.515112e-05 1679
3.690179e-05 1
6.501243e-06 2
4.368262e-07 1215
7.837122e-06 1
3.113474e-05 1
8.593253e-06 3
9.154426e-06 1
2.984064e-06 1
1.629632e-05 125
6.417797e-06 3
6.205651e-06 1
6.701917e-06 1
4.563001e-05 1
1.695217e-05 53859
2.765372e-07 2
8.158068e-06 5
5.813728e-06 2
1.256122e-05 1
1.139585e-05 6280
2.479188e-05 2
3.864031e-05 1
2.240476e-06 1
9.518388e-06 32736
2.683351e-05 1
2.675289e-06 1
4.354528e-06 1
1.796214e-05 2
1.837638e-05 28376
5.553223e-06 61
4.904239e-05 2
6.251633e-06 1
6.796938e-06 1
3.194237e-05 2
8.160298e-06 2
2.905235e-05 1
8.262862e-05 1
1.973361e-05 6
1.089877e-05 1
4.504912e-05 29
1.940419e-05 6
6.669393e-05 3
3.653307e-05 1
1.380854e-05 1
4.572306e-07 87
3.511271e-06 7
4.379700e-06 3
2.443192e-07 2
4.349198e-05 1
1.722723e-05 1
6.296752e-06 7
5.480629e-06 1
6.167329e-06 246
4.971568e-05 422
8.651039e-06 3
1.476261e-05 1
5.345960e-05 1
6.430934e-06 294
3.195681e-05 1
3.771707e-05 1
5.929731e-06 2
6.774920e-06 1159
2.923028e-05 1
5.632981e-05 5
2.352510e-06 1
3.480793e-07 1
2.649703e-07 2
8.817710e-07 2
1.079385e-06 190
4.360463e-06 1
3.560151e-06 3
5.330963e-07 1
2.991828e-05 246
3.066490e-07 1
2.111045e-05 1
4.193460e-05 6
1.974573e-05 1
8.443554e-06 26
7.250139e-06 1
7.810860e-06 2
2.957546e-06 4
1.428901e-05 6
6.147553e-06 1
7.511449e-06 46
3.416644e-06 2030
1.224500e-05 1
2.284940e-07 1
5.477907e-06 1
3.247255e-05 2
3.632535e-05 1
4.468426e-06 564
1.457941e-05 1
5.057074e-05 1
2.514802e-05 1
3.632382e-05 1
5.906331e-06 3
3.441854e-06 1
9.510194e-06 1
7.645518e-06 1
1.164903e-06 2
2.379301e-05 1
5.385411e-06 2
3.902604e-06 1
3.370959e-05 1
1.039411e-05 110
1.729107e-05 1
1.470469e-06 2
4.331387e-06 1
4.139683e-06 1
1.038837e-05 4
8.166810e-06 1
2.162034e-05 175
1.502759e-05 2
7.946140e-06 1
5.092703e-06 1
8.136760e-06 332045
4.720026e-06 4
3.045942e-06 221
3.121611e-06 6
2.135307e-05 1
1.683416e-05 1
3.797550e-05 3
1.744067e-05 1
1.257564e-05 1
6.014700e-06 1
5.784803e-05 2
2.829183e-05 1
1.880518e-05 6
4.828007e-06 2
5.952867e-06 1
1.187398e-05 1
8.800114e-08 204
9.313059e-07 2
2.619635e-05 1
7.993958e-06 1
1.563222e-05 1
1.215166e-05 1
4.878247e-06 1
3.523246e-05 3
9.574787e-06 3
4.387018e-05 7
1.263803e-06 1799
1.960707e-05 1
5.313455e-07 2
2.838371e-05 6
2.091029e-06 7
2.805014e-05 2
3.503127e-05 1
1.659913e-05 118
2.955047e-05 4
1.865111e-06 5
1.869157e-05 1
3.018302e-07 7
1.058828e-05 1
1.238013e-05 1
2.510278e-05 3
4.666311e-06 1
7.917927e-06 153
2.169530e-05 1
8.094280e-06 3
2.772977e-05 4
2.627109e-05 1581
2.763466e-06 6
5.271627e-06 3
8.004047e-06 6
3.486170e-06 4152
1.975510e-06 2
1.655499e-05 1
1.997889e-05 17597
3.793125e-05 1
3.369852e-06 2
1.712488e-05 3
1.135861e-05 196
9.985556e-05 1
1.037709e-05 5
1.054972e-05 1
3.483695e-05 234
1.985732e-05 1
3.704852e-06 3
4.701515e-06 1
4.242906e-05 239173
9.445365e-06 4
2.647503e-05 1
1.137250e-05 113
4.100481e-05 1
4.056038e-05 7
3.441515e-06 171
3.430706e-05 1574
4.765069e-06 1451
1.110704e-05 2
1.858029e-05 49155
6.712853e-06 1
1.793425e-05 1
4.046718e-05 1
2.511083e-06 1
1.431929e-05 2
9.043697e-06 3
1.904637e-05 1
4.732676e-07 3
1.432544e-05 1
6.167442e-05 1
4.701386e-07 1
2.382870e-05 1
6.410933e-06 3
1.520588e-05 1
8.014684e-06 2
2.405678e-05 17512
4.638397e-06 1
1.130448e-08 15
5.929612e-06 1
5.209329e-05 3
1.121495e-05 1
4.615714e-05 2
1.491283e-05 1
1.430085e-05 1
1.556255e-05 597
9.360751e-06 260
5.529649e-06 2
6.582467e-06 1
1.896759e-05 1
5.844146e-05 1064
7.649471e-07 3
2.967033e-06 1
1.474184e-05 4
1.866562e-05 5
6.049358e-06 1
1.134776e-05 1
1.910744e-05 1
1.222775e-05 1
1.607142e-05 1
1.188990e-05 7
9.056542e-06 261
6.514241e-06 225
8.403804e-06 1
1.103189e-05 1876
6.049446e-07 1
3.092430e-05 3
1.337021e-06 1
4.933389e-05 2
9.486460e-07 1
6.980905e-06 100
2.505791e-05 2
3.704477e-05 304
1.917646e-05 6
3.624226e-06 1
3.927758e-05 5
9.407576e-06 91
1.183177e-05 6
1.945069e-05 1
2.269539e-05 1
1.258959e-05 3
3.227748e-05 1
1.641432e-05 7
2.473141e-05 28
3.092274e-06 1
8.655368e-06 2
7.399878e-06 122
8.289302e-06 1
2.069254e-05 1
2.982878e-05 1
1.029405e-05 5
7.501053e-06 1
1.846985e-05 1
1.067929e-05 1
3.603131e-06 1
7.935815e-06 2
9.765796e-06 1
9.232577e-06 1
2.501329e-07 1
7.112561e-05 1
9.583588e-07 12
9.837502e-06 64864
7.406083e-06 1
9.342790e-07 73
5.521517e-06 2
5.996472e-06 1
1.986268e-05 1
9.753652e-06 4
3.251839e-06 1
3.388713e-06 1
4.512369e-06 10
1.103567e-05 368258
1.517250e-05 1
8.680074e-06 3
1.068627e-05 59806
4.801299e-06 1
5.761944e-07 1
5.508152e-05 2
1.929700e-05 3
3.383447e-06 1
2.920227e-06 4
2.045980e-05 1
1.453454e-06 1
1.652359e-05 2
1.655361e-05 1
1.892582e-05 1
3.268376e-06 1
6.897385e-05 1
2.874419e-05 1
4.185137e-05 1
1.438744e-05 1
1.264692e-05 6572
3.140974e-06 169
7.688446e-06 1
2.592759e-05 4
3.594676e-05 1
5.030614e-06 101
1.026604e-05 3
1.217122e-05 1
1.646714e-05 1
2.388326e-05 1
2.087600e-05 1
1.109838e-05 22
1.406528e-05 1
1.526923e-06 1
8.050737e-06 1
1.743774e-06 1
6.291862e-06 3
1.148431e-05 4
2.700410e-05 3
1.469982e-06 1
8.421847e-06 1
1.569462e-05 1
1.436422e-05 61258
1.087278e-05 192
1.619701e-05 1
1.164903e-06 1
1.899546e-06 4
1.040393e-05 3
4.613862e-06 2
1.339255e-05 1
1.986637e-05 1
4.765339e-05 1975
3.421492e-06 1
1.874209e-06 1
5.020583e-05 1
1.560174e-06 1
4.957268e-06 806
1.029791e-05 1
1.134356e-05 5
1.908273e-06 3
6.959379e-06 182721
2.657094e-06 85
1.572769e-06 3
1.880551e-06 7
7.065221e-05 1
1.285151e-05 3
4.889150e-05 22
3.028306e-05 1
2.689446e-05 1
3.799378e-06 3
8.403601e-06 1
3.346962e-05 1
3.898023e-06 1
1.822727e-05 1
2.389188e-06 1
2.273604e-06 2
3.176805e-06 3
1.019111e-05 1
2.183396e-05 6
1.041490e-05 1
1.433998e-05 1
8.590479e-06 1
1.704629e-05 14244
3.623626e-06 1274
2.031189e-05 65816
6.750883e-06 1
1.870351e-05 1
2.157125e-06 1
1.504957e-06 3
2.886495e-05 3
4.399618e-05 1
6.059823e-06 3
2.692994e-05 214
6.488096e-06 2
2.329740e-05 1
1.943338e-05 2
1.971963e-05 4
2.129214e-05 1
1.159110e-04 2
5.444860e-06 1
3.188906e-05 1
2.055603e-05 1
9.894265e-06 1
5.429349e-06 1
1.458962e-07 1
6.726747e-06 126
1.947282e-05 2
4.427931e-05 1
2.182456e-05 25
6.278695e-06 1
4.672482e-06 3
1.554073e-06 1
8.257834e-06 1
4.448985e-05 1
1.616008e-05 1
1.513562e-05 1
3.307483e-05 7
1.344346e-06 1
7.369290e-06 1
5.144805e-06 1
3.202972e-05 1
1.724062e-05 1
3.467407e-05 1
1.644967e-05 1
1.237689e-05 176
8.539334e-06 2
1.148740e-06 1
4.942183e-05 95
2.910934e-05 1
4.264129e-05 3
7.123484e-06 3
1.172414e-06 1
1.517618e-06 1
1.736179e-05 1
1.985634e-05 1
6.223747e-05 3
4.218421e-05 1
4.876210e-05 104
2.082332e-05 1
3.677276e-06 164
1.939819e-05 3
1.356564e-05 1
1.528521e-05 2
9.927922e-06 3
1.841384e-05 1
4.089876e-06 5
3.612737e-06 1
1.848133e-06 15426
1.375757e-05 1
1.620031e-05 1
1.053699e-05 1
1.362981e-05 273
1.188766e-06 2
3.132262e-07 1
2.626645e-06 2
1.467030e-05 1
3.812241e-05 1760
1.819472e-06 3
3.292367e-06 76
1.354019e-05 1203
4.447417e-07 252
7.713894e-06 1
8.804557e-06 3
9.953062e-06 1
3.156321e-06 1
1.880901e-05 1
2.200016e-07 3
2.468534e-06 2
1.284210e-06 2093
5.159866e-05 3
9.729717e-07 1
8.174950e-06 3
1.219980e-05 3
4.609691e-05 1
1.785406e-05 2
6.382893e-07 6
2.770084e-05 1
2.233794e-06 861
2.464682e-05 1
4.769995e-05 1
6.998730e-07 2
8.949627e-06 1
4.775603e-05 1
2.978017e-05 2
1.165152e-06 700
1.063943e-05 1
4.374896e-05 54660
8.348965e-06 1
1.497697e-06 172
4.768219e-05 1
1.060981e-05 1
4.392415e-06 146
1.028924e-05 1
3.199825e-05 3
1.921800e-05 3
1.648369e-05 1
2.146526e-05 1
1.986983e-05 1
4.175079e-06 1
3.422234e-05 256
5.500655e-05 3
5.677296e-06 1
2.125282e-05 1
1.110249e-05 1
4.039377e-06 6
1.311698e-05 1
2.727897e-06 1
2.865596e-06 1
1.326503e-05 19096
6.079178e-06 77
3.523669e-05 2
1.467800e-05 1
1.843363e-05 1
2.580833e-05 201
1.214558e-05 3
3.000130e-05 266684
8.138823e-06 1
5.174221e-06 1
4.345134e-06 1
3.432396e-06 1
2.280352e-07 1
1.799429e-06 6
5.666542e-06 1910
9.105598e-06 65
3.465786e-05 1
1.346195e-05 157
2.873866e-05 1
2.203429e-05 1
2.163234e-05 1
2.051644e-05 4820
2.940467e-05 1
1.366884e-05 2
4.210073e-06 218
5.043057e-05 1
3.343893e-05 2
2.557638e-05 1
1.420879e-05 1
2.714151e-05 202
2.217416e-05 1
7.081965e-07 3
2.322983e-06 1
8.993268e-06 31
7.650807e-05 5905
2.947454e-05 1
1.877947e-06 4
1.911545e-05 932
6.770859e-05 1
2.850731e-06 1
1.230414e-05 1397
2.312503e-05 2
9.014103e-06 1
1.385958e-06 3
9.175425e-06 1
1.226605e-06 1
3.036848e-05 61447
2.478197e-05 7
9.721238e-06 1546
2.784756e-05 3
1.311475e-06 1
2.883903e-05 1
1.311085e-05 1
4.533462e-06 1
2.394460e-05 672
7.683501e-06 1
8.854241e-06 1
1.341188e-05 6
6.902928e-06 1
1.497937e-06 3
3.440153e-06 1
4.667919e-05 1
1.485831e-05 1
1.236544e-05 1
3.447914e-05 2
9.187461e-06 104
6.488169e-06 612654
4.093380e-06 1
2.320527e-06 124
5.473727e-06 1
2.062634e-05 1
4.216359e-06 300
9.655758e-06 7
1.041987e-05 20430
8.964852e-06 1
1.328015e-05 262
8.504590e-06 1
1.079456e-05 258
4.177319e-06 2
2.908413e-06 7
1.850886e-05 1
1.620686e-05 1
1.889462e-05 1
3.435654e-06 5
1.219757e-05 2
1.171753e-06 1
5.077545e-06 1
1.427719e-05 1
1.106093e-05 1
4.791919e-05 7
1.953444e-05 1
3.475765e-06 1
3.079092e-05 66179
2.822068e-07 142
2.420375e-05 4
2.198705e-05 1
3.146354e-05 1
4.277268e-05 1
1.605758e-05 1
6.362286e-07 1
3.620644e-05 6
5.361453e-06 1
1.723697e-06 80
1.901459e-05 1
1.746516e-05 2
1.415863e-05 144
3.102851e-06 1
1.144694e-05 1
9.582237e-06 114
1.809880e-05 3
5.303016e-06 1
8.427109e-06 1
1.096428e-07 27565
3.087062e-05 1
1.254446e-05 522
3.764403e-06 1
3.674386e-05 172
1.354913e-05 11600
1.094426e-06 1
1.867375e-05 2
5.359832e-05 1
2.822053e-05 1
1.173215e-05 58
7.882483e-06 3
3.690153e-06 5
2.340699e-06 1
1.859659e-05 7
1.102393e-05 1
4.597620e-06 1
3.852192e-06 2
4.891349e-06 1
1.940416e-07 10772
2.645607e-05 1
8.340458e-06 152
3.732209e-05 1
3.003819e-06 2
3.022296e-06 2
5.244696e-07 146
2.964848e-05 1
6.853009e-05 2
2.287677e-06 3
2.517009e-05 4
3.314953e-05 1
1.514023e-05 1
1.551682e-05 3
3.748653e-06 1
1.347447e-05 1
5.809435e-06 1
1.869214e-07 2
1.228517e-05 3
3.477742e-06 1
3.368896e-05 4
1.478019e-05 1
1.130619e-05 1
2.175042e-05 1
5.556485e-06 4
1.545636e-05 2
1.586296e-05 475
2.045272e-05 2
1.012977e-05 1
7.065530e-06 2
2.535792e-05 1
1.435959e-05 1
1.449055e-05 1
8.263871e-07 7
1.599277e-05 1
4.143483e-06 2
3.370143e-05 748
1.030691e-08 1
9.531965e-07 1
5.323405e-06 3
1.603150e-05 3
4.297917e-06 1
2.375718e-05 1
5.146478e-06 1
2.889190e-05 189
7.384450e-06 1
3.771003e-06 1
4.052930e-05 1
6.525134e-06 7
1.179379e-05 1
1.862299e-06 1
1.272854e-06 6
6.525324e-06 3
2.456177e-05 1
6.176632e-06 1
7.668756e-06 1
2.578530e-05 2
8.223454e-06 1
3.401791e-06 2
2.405278e-05 2
5.278717e-06 1
4.224535e-05 1
1.180090e-05 1
1.353248e-06 188
1.056917e-04 1
5.528271e-05 1
9.415798e-05 1
2.684787e-05 2
2.696232e-05 2
7.919410e-06 3
4.372730e-06 1
1.636796e-05 1170
1.970379e-06 1
4.049703e-07 1357
7.086907e-05 2
1.732252e-05 93
2.290065e-05 1
3.585595e-05 1
3.123290e-06 2
5.980221e-07 177
1.065729e-05 6
1.108847e-05 185
2.798647e-06 1
5.086336e-06 26091
2.646695e-05 1
1.891224e-05 1
4.358088e-06 2
2.892856e-05 1
4.770732e-06 135
6.465451e-06 101
3.799087e-05 1
5.733222e-06 1
1.777966e-05 1
1.324326e-05 1
9.272622e-06 1
5.206000e-06 1
4.051689e-05 123
3.002216e-05 1
1.258910e-05 91
2.525430e-06 1
2.006925e-05 1
2.345360e-06 1
1.699990e-05 127
2.847952e-06 1
1.012347e-05 3
4.580790e-05 1
8.944818e-06 40
3.030989e-06 2
1.264466e-05 1
2.011101e-06 1
8.748427e-06 1
2.375339e-06 1
1.834929e-05 46688
7.496770e-06 35168
3.114940e-05 3
1.646008e-06 1
4.828229e-05 1
3.528155e-05 138
3.594609e-07 28033
1.732063e-05 146
4.243294e-05 1
8.107372e-06 4
5.266062e-06 1
2.998058e-05 1
1.193129e-05 1
7.262010e-06 1
2.320450e-06 205
9.339707e-06 103
1.029676e-05 4
2.349961e-06 170
2.241218e-06 1
4.585175e-06 1
2.409069e-06 50203
2.060136e-05 1306
1.167684e-05 1969
1.315265e-08 1
5.638311e-06 1
1.013237e-05 4
2.865587e-06 3
3.449952e-05 7
6.497374e-06 851
1.124650e-05 216927
1.771204e-05 1
1.345663e-05 1
4.034469e-06 3
3.530986e-05 3
2.055558e-05 3
2.022980e-05 2
7.093199e-07 1
4.869963e-07 1
5.961756e-06 1
2.646821e-05 1
2.168382e-05 6
1.194685e-06 1
1.844895e-05 218
2.888290e-05 6126
1.620372e-05 3
3.505798e-05 2
4.010055e-06 214
2.986795e-06 1
1.667295e-05 3
2.605929e-06 1
5.479288e-05 1
3.008777e-05 2
2.205368e-05 9283
9.910448e-07 3
6.605486e-05 5
1.365257e-05 1
5.868244e-06 1
3.860125e-06 1
1.794512e-05 2
3.348243e-05 1
8.334314e-06 2071
1.995945e-05 3
7.381918e-06 99
9.478368e-06 1
2.281083e-05 1
1.836031e-06 1
3.239180e-06 117
2.947144e-05 214
3.272591e-06 215
6.896694e-06 1
1.119583e-05 1
2.521156e-05 53032
4.524855e-06 1
1.576268e-05 4349
8.696230e-06 139
1.451967e-05 519
2.350335e-06 1
2.592973e-05 2
6.296374e-07 1
2.113913e-05 2
1.842173e-06 1
1.528949e-05 303
1.772797e-05 238
4.610419e-06 1
2.088081e-06 6
1.311179e-05 1
3.062629e-06 1
4.811516e-06 152
3.816047e-05 3
4.648817e-07 1469
3.325997e-05 2
1.228579e-05 2
3.694414e-05 1
4.316429e-05 1
6.745778e-06 4
1.414256e-06 6
9.832370e-06 44
5.921983e-05 1
4.547212e-06 1
6.844297e-06 1
2.667173e-05 3
4.500643e-06 120
1.983632e-05 7
2.766766e-05 2
7.257115e-06 1
7.878722e-07 1
2.328025e-05 1
1.146384e-05 1
1.223163e-05 1
1.379087e-05 5
1.549556e-05 3
3.806342e-05 1
1.433546e-05 255
1.237378e-05 123
2.531775e-06 1
1.931780e-05 3
9.634930e-07 1184
6.568807e-06 1
1.351384e-05 495
3.290278e-06 4
2.026808e-05 1
2.176353e-05 320
3.374410e-05 1
5.302637e-06 2
1.485006e-05 2
7.061232e-06 1
5.060838e-05 1
1.830381e-06 4
1.642070e-05 1
2.626247e-05 5
5.497122e-06 3
1.914368e-05 1
8.180215e-06 1
1.367661e-05 942
7.298494e-06 8
9.796409e-06 1
2.120503e-05 3
1.165596e-06 57
7.998172e-07 2
6.852977e-05 54538
3.427819e-05 227
9.234119e-06 4
1.624505e-05 1
1.180728e-05 261
1.638902e-05 1
4.062198e-06 2
1.216478e-05 1
3.916307e-05 52581
1.601645e-05 3
1.304940e-05 6
2.059885e-05 1
3.041757e-05 2
2.815978e-05 1
8.185127e-06 6
3.881653e-06 57898
4.182884e-07 33142
8.676962e-07 1
1.097122e-05 4
2.194040e-05 1
8.616741e-06 1
1.447416e-05 1
1.061738e-05 153
1.208250e-06 1
5.382454e-07 2
3.020311e-06 3
2.948695e-06 1
4.153413e-06 1
8.146349e-06 4
1.791118e-05 1
8.616687e-06 2
1.409870e-05 1
1.348656e-05 1
2.647765e-06 4
1.188757e-06 2
1.072068e-05 1
1.510318e-05 7
1.766655e-08 1
6.531044e-06 1
7.163349e-06 401
4.617218e-05 3
6.369132e-07 2
1.218024e-05 1
3.072743e-06 38193
2.173992e-06 24428
1.680437e-05 1
9.260151e-07 35237
5.575964e-06 1
2.922603e-05 2
5.921343e-06 362528
4.039785e-06 1
4.477368e-05 3
7.516761e-06 32698
1.776280e-06 225
1.996177e-06 243
6.850058e-06 1
3.332911e-06 442
7.639063e-06 1
1.330576e-05 3
1.464418e-05 189
8.932391e-06 1
9.350745e-06 74
5.099788e-05 3
6.642157e-06 1
3.434453e-06 1
1.350027e-05 6
2.339368e-05 94
1.193825e-05 1
9.809994e-07 1
2.393756e-05 163
1.135904e-05 1
3.138190e-05 1
9.834934e-06 204
3.660204e-05 1
4.166464e-06 255
2.762405e-06 4
2.472786e-05 1
5.804292e-06 192
7.052492e-06 1
5.027686e-05 1
6.810384e-06 135
7.613772e-06 2
6.499695e-06 1
6.695485e-06 54082
8.405320e-06 1
4.541087e-06 1
1.292919e-05 1
1.977264e-05 1
3.023945e-05 3
3.833210e-05 1
7.558095e-06 2
3.589039e-06 2
8.238581e-07 3
7.167358e-06 169
1.516269e-05 1
3.030527e-05 3
7.983098e-06 1
9.642866e-06 5
1.075457e-05 7
6.588885e-06 155
2.262041e-06 1
1.138813e-05 218
3.012991e-05 1
1.833996e-06 75
1.173712e-05 1
1.168283e-05 7
6.557786e-05 1
1.165011e-05 2
6.203636e-06 19557
1.667553e-07 7
1.097569e-05 1
3.381265e-06 106
3.698719e-05 4
1.102320e-06 1
3.098121e-05 1
6.208379e-06 1
1.014240e-06 1
6.082279e-06 4
1.885513e-05 5
3.551374e-06 1
1.431698e-05 1
1.837489e-05 28471
2.536660e-05 1
6.007156e-06 62867
1.442697e-05 243
1.951496e-05 3
3.853204e-06 173
2.137038e-06 1
6.746837e-07 1
2.774989e-05 1
1.040699e-05 188
5.652227e-06 1
8.692733e-06 3
1.770790e-05 1
6.190869e-06 2
2.101012e-05 3
1.803302e-05 179
1.936732e-07 1
4.131486e-05 997
3.340753e-05 1
1.280531e-05 1
1.264300e-06 3
1.429576e-05 1
6.203858e-05 1
7.760194e-06 1
6.217903e-06 1
2.025121e-06 1
2.158854e-05 1
1.985418e-05 1
1.563599e-05 1
7.505436e-07 140235
3.878982e-07 1
1.085421e-05 195
4.019140e-05 1752
2.767223e-06 1
4.749505e-07 2
1.222017e-05 1
9.284381e-07 182
4.713541e-05 1
1.626641e-05 48
1.643124e-05 1
2.468585e-06 23345
1.537805e-05 6
1.018378e-05 1
4.861449e-06 1
1.053030e-05 1
3.975310e-05 5
1.353878e-06 81
2.002499e-05 1
4.541041e-06 6
8.205563e-05 3
2.607187e-06 233
1.557126e-05 263
4.090371e-06 5
4.248016e-06 74
2.762825e-06 4
1.770287e-06 4
1.215255e-06 3
4.156431e-05 2
4.352905e-05 1090
4.913257e-06 1
6.076294e-06 1
2.409753e-06 3
1.168838e-05 6
6.212480e-05 138
1.710619e-06 2
4.405482e-06 2
3.674857e-06 1
1.930623e-06 1
5.878136e-06 1
6.531784e-06 3
1.138749e-05 3
3.223699e-06 1
1.491875e-05 6
4.673429e-06 1
2.584106e-05 1
6.501315e-07 3
1.173927e-06 1801
3.115903e-05 1
3.784707e-05 7
2.216011e-05 1
1.267839e-05 1
2.218397e-05 1
1.434755e-05 1
8.457078e-06 3
2.911326e-06 1
1.205339e-05 3
2.952525e-06 1
1.654059e-05 1
4.104975e-06 1
5.837885e-06 104
1.619555e-05 163
7.730742e-06 1824
2.833217e-06 3
7.157162e-06 1
2.569502e-05 34093
8.702463e-06 5
1.912614e-05 1297
2.488796e-05 1
1.007497e-05 1
1.313557e-05 46885
2.171812e-05 1
3.714917e-06 943
3.209141e-06 1
7.835355e-06 2
2.172671e-06 246
1.174081e-05 110
8.076840e-06 1
4.010917e-06 1
8.184162e-06 1
1.214621e-05 3
5.882082e-06 3
7.769057e-06 1
7.375021e-06 1
8.465628e-06 156
6.936859e-05 3
8.986457e-06 2
1.054506e-05 1
7.372992e-06 1
2.290803e-05 2
5.140138e-06 1
4.923530e-06 1
5.331917e-05 6
8.399163e-06 1
2.204504e-05 1
3.832834e-05 5
3.630672e-06 1
1.621721e-05 2
8.269566e-06 246
1.282435e-05 2
3.773997e-05 7
6.321220e-08 1
3.147490e-05 1
5.413451e-06 1
4.695096e-06 3
4.660773e-06 2
4.884717e-06 1
1.619005e-05 1
1.185045e-05 1
5.287739e-07 493546
3.002889e-06 1
1.945500e-05 3
2.306209e-05 3
2.873094e-06 1
2.469978e-06 1
4.842294e-05 280273
3.884673e-05 1
2.713875e-06 6
1.449114e-06 2
3.464456e-05 1
2.053338e-06 45594
8.118368e-06 2
6.850883e-06 1
2.249458e-07 1
2.884391e-05 3
9.918652e-07 1
1.787601e-06 34
1.663889e-05 4
2.183181e-06 1
9.024541e-06 1
4.226486e-06 1
4.412089e-06 3
1.108886e-05 3
1.348258e-05 1
1.536865e-06 2
4.933745e-07 183
8.018787e-06 2
1.033217e-05 227
3.752828e-05 2
5.533346e-06 5
1.028611e-05 34251
3.683537e-05 1
8.542813e-06 1
4.061150e-06 174
1.898198e-07 1
3.677281e-06 1
1.748251e-05 1
9.579482e-06 1
4.764232e-05 147
8.417842e-06 23962
1.005722e-05 1
1.319846e-06 1
1.279560e-05 2
1.509521e-05 1
1.552022e-06 2
5.220163e-06 1
2.937746e-06 1164
3.430309e-05 437
6.292567e-05 2
6.272958e-06 1
5.466836e-06 6
1.871609e-05 6
6.393754e-06 1
2.564210e-05 1
7.670597e-05 3
2.575105e-06 1
4.147323e-05 6
6.360995e-06 15076
1.605202e-05 6
4.617963e-06 1
6.530818e-06 1
1.383359e-05 1
2.754784e-05 1
2.593366e-06 1
1.978837e-06 42106
4.512021e-05 1
4.625324e-05 1
1.524622e-05 1
5.942566e-07 1
1.531225e-05 160
9.047084e-06 1
9.049031e-06 1
4.447386e-05 1
1.400198e-06 1
1.098708e-05 3
1.856050e-05 1
1.309858e-05 1
1.378783e-06 33916
2.794316e-05 7
3.531589e-06 3
1.722214e-05 1
4.836586e-05 6
1.208847e-05 1
8.256719e-07 1
1.918669e-05 1
9.383188e-05 57060
2.265334e-06 378985
7.953886e-08 1
6.212707e-07 62
6.381176e-06 1962
9.292701e-06 1
6.385165e-06 2
3.496273e-05 1
2.713950e-05 1
3.529212e-05 1
2.456031e-05 1
7.787886e-07 4
3.440328e-05 3
2.086844e-05 3
6.575420e-06 19901
2.101390e-05 1
1.054280e-05 3
1.935992e-05 265
5.818400e-05 1
2.499919e-05 1
5.423233e-05 1
7.278148e-06 254
2.432299e-05 3
9.112093e-06 4
4.150455e-05 1
2.357855e-05 1
1.694984e-05 7
6.799671e-05 2
8.178430e-06 1
3.627387e-06 6
3.705213e-05 39362
2.320362e-05 55096
1.553320e-05 241
5.310140e-06 1
1.631177e-05 1
1.310986e-05 523
7.241684e-06 1
3.893812e-06 1
2.550483e-05 1
8.816164e-06 3
1.264660e-06 3
3.661990e-05 1
6.716981e-06 2
2.326253e-05 2
4.809602e-06 3
7.230648e-06 6
1.023663e-05 5
1.675247e-06 1
1.135324e-05 1
7.395276e-06 4
3.734266e-07 1
6.862310e-06 3
1.083635e-05 1
2.137028e-05 1
1.580439e-05 1330
1.256668e-05 1
1.481559e-05 3
1.173685e-05 1
1.155221e-05 85
2.345391e-06 1
1.370447e-05 889
6.229874e-06 1
5.071716e-06 1
1.355256e-05 1
3.849195e-05 95
5.081468e-05 1361
2.407523e-05 1
6.940969e-06 1
9.098536e-06 1
1.744479e-08 1
5.505602e-06 1
9.370191e-06 4
2.215349e-05 1
1.843605e-05 1
4.122402e-06 1
7.116965e-06 1
8.659667e-06 1
3.985594e-07 266
4.877705e-06 1
1.221880e-05 1
2.183173e-05 1
6.486162e-06 1
3.294131e-05 1
2.138417e-05 87
2.709508e-05 1
1.835552e-05 1598
7.658716e-05 4
2.246721e-05 39305
2.146081e-05 2
2.110491e-05 2
4.206882e-06 713
2.116614e-05 2
1.483731e-05 3
6.057975e-06 1
1.173567e-06 1802
7.374415e-06 1
1.619884e-05 1
2.135161e-05 5
1.304468e-06 122
4.914658e-06 1
1.304351e-05 1
2.148402e-06 3
2.194320e-06 1
6.893962e-05 1
6.785451e-06 3
4.518911e-05 214
1.458656e-05 1
2.126084e-06 7
4.965196e-06 7
1.266681e-05 1
3.070018e-06 1
1.073940e-05 645
1.157269e-05 1
2.535170e-06 1
7.713450e-06 58383
1.417402e-05 1
1.307211e-05 1
1.230078e-05 5
4.489338e-06 3
7.513362e-06 16467
4.694602e-06 3
4.520865e-06 1
2.109248e-05 1
4.370008e-07 46109
2.904840e-05 3
1.226028e-05 1
6.445666e-07 1
2.062409e-05 1
7.430799e-06 1910
2.751613e-06 1
5.427647e-06 1
1.174517e-05 56104
8.686541e-07 5
1.983545e-05 1
1.297948e-06 2
1.707894e-05 1
4.434255e-06 1
7.178649e-06 1
6.337643e-05 1
8.140978e-06 1
1.211089e-06 15018
1.235935e-06 1
2.953594e-05 264
4.340430e-05 1
2.488363e-05 32949
8.814459e-06 1
1.411599e-05 230
3.810565e-05 1
4.257051e-06 1
9.711981e-06 1
1.245516e-05 1
3.616675e-05 3
3.213309e-06 1
2.330740e-06 2
4.303969e-05 148
3.768138e-05 1178
1.219920e-05 2
5.849764e-05 1
2.334630e-05 1
6.409912e-06 1
1.207110e-05 3
1.696278e-06 1
9.932755e-06 1
1.154634e-05 32
6.630274e-05 2
6.230980e-06 44
7.772568e-05 37459
2.519969e-05 7
4.735072e-06 2
8.330115e-06 1
1.871301e-05 219
4.757076e-05 1
3.709205e-05 2
7.783546e-07 1
5.758923e-05 399
2.096917e-05 1
1.664225e-06 1
3.157734e-06 1
2.004070e-05 2003
2.148893e-05 1
1.592911e-05 3
3.537094e-05 2
4.074574e-05 2
6.054348e-06 3
1.510458e-05 1
1.908826e-05 1
4.848366e-06 1
2.265452e-05 3
3.359663e-05 1
1.909348e-06 1
4.456229e-05 226
1.863478e-05 1
3.424554e-05 2
1.119119e-05 2
9.231690e-07 23
3.023318e-05 1652
1.018817e-05 144
2.311969e-05 87
1.481168e-05 1
1.740366e-05 1
1.632735e-05 3
1.637067e-06 4
2.741394e-05 3
9.781774e-06 2
1.798823e-05 1
3.635737e-06 564842
1.333602e-05 4
5.581364e-06 54
2.410194e-05 98
7.090590e-05 71
7.856460e-07 1
5.192548e-06 1
2.191118e-05 1
1.360314e-05 325088
2.039845e-05 144
2.547145e-05 1
1.247918e-05 1
4.926818e-06 1
3.246880e-05 215
6.338618e-06 1
2.200004e-06 7
6.734013e-06 1
1.879770e-06 4
1.181196e-05 2
5.152315e-06 1
2.996251e-06 1
2.537367e-05 228
6.376139e-06 1
2.347957e-05 7
5.007841e-06 1
9.485759e-06 174817
9.496759e-06 1
5.652104e-06 512659
4.748651e-06 1
1.499890e-05 198
3.588558e-06 5
1.952144e-06 1
9.220578e-06 98
1.605022e-06 1
2.146088e-05 7
2.705159e-06 1
1.424453e-05 6
2.973190e-05 5
9.189836e-05 1
1.740494e-05 1
1.535916e-05 181
3.775349e-05 142
2.483117e-06 1
1.988133e-06 1
1.641240e-05 1
2.271918e-05 1
1.797056e-06 219
3.546624e-06 3
7.765648e-06 2
5.130802e-05 517
5.052290e-05 244448
8.402597e-06 1
6.961340e-05 3
1.069566e-06 1
7.717380e-06 1
6.133759e-05 43753
6.000457e-05 1
2.531025e-05 1
8.485221e-07 1
1.744146e-05 53
1.138917e-05 110
2.161456e-06 1
2.098566e-06 1
3.207068e-07 7
6.311904e-05 1
9.648522e-06 1
4.150772e-05 7
1.870113e-05 220
4.509291e-06 118
1.431373e-06 1
6.990071e-06 125
1.556141e-06 7
4.210322e-06 30
5.124736e-06 4
1.159977e-05 1
1.556464e-05 52185
3.721156e-06 1
1.584108e-05 4
1.136855e-05 1
3.038341e-05 117
2.537212e-06 28249
1.742277e-06 3
2.505516e-05 2
3.702676e-06 24
2.490607e-06 1
3.807127e-07 7
1.344144e-06 3
7.706593e-06 3
2.053158e-05 4
2.469794e-06 1
1.244741e-05 1
3.238807e-05 330
6.479251e-07 280
5.205088e-06 1
6.033906e-06 1
7.224484e-05 1
9.061371e-05 1
1.203049e-05 1
5.480638e-06 238
7.453075e-06 1
2.079410e-05 137
1.014526e-05 2
1.160817e-05 1
2.022359e-07 1
7.176362e-06 113
4.658341e-06 277831
4.379769e-05 1
2.359043e-06 1
1.257696e-05 3
6.317010e-05 1
4.598329e-06 1
3.014818e-05 128
9.261637e-06 6
7.248045e-06 1
2.295911e-05 1
2.881745e-05 246
2.380793e-06 3
6.208074e-05 192
1.187674e-07 1
8.758610e-05 2
1.235715e-05 3
1.328154e-05 2
9.050059e-06 1
1.591866e-05 1
5.375863e-07 7
1.235643e-05 1
2.585545e-05 1
1.966594e-05 2
5.087849e-05 210
6.711779e-06 588
1.111574e-05 1687
8.669065e-06 5
3.516271e-05 1
7.889105e-06 3
1.282407e-05 1
1.779620e-06 3
7.998281e-06 218
7.304679e-07 189
9.402030e-06 12195
1.809969e-05 1
4.352407e-06 3
3.104636e-07 160
3.591668e-06 1
3.929450e-05 1
7.944001e-06 30352
3.189826e-07 163109
1.692271e-05 1
2.816303e-07 2
2.292030e-07 1
3.770209e-06 33
2.392280e-05 1
5.851030e-06 1
3.618368e-05 1
2.644416e-05 1
2.894889e-05 1
1.077874e-05 1
1.528648e-05 5
1.623661e-05 2
8.860596e-06 1
1.521669e-07 6
5.607749e-07 6
6.900420e-06 1
2.154700e-06 1
1.810928e-05 2
1.199862e-05 1
5.070644e-06 3
5.421222e-06 2
2.581623e-05 6
9.035373e-06 1
2.013703e-05 3
9.036837e-06 2
1.556097e-05 1
7.769166e-06 1
4.041726e-05 1
6.960279e-05 1
6.368843e-06 3
9.342262e-06 2
9.048435e-07 28
6.671955e-06 3
3.963605e-05 2
3.178128e-05 1
6.798310e-06 165
1.329176e-05 1
5.886141e-06 2
2.699825e-06 1
6.601914e-06 233
5.940163e-05 75
8.817663e-06 6
1.511629e-05 2
1.001438e-05 1
1.101487e-05 250
2.709256e-06 1
6.588303e-06 7
1.048967e-05 94
2.660747e-05 1
2.881003e-06 20102
1.160087e-06 6
2.300698e-05 7
2.064125e-06 1
2.802209e-06 3
2.110994e-05 1
2.058470e-05 2
6.553120e-06 2
6.613705e-06 1
2.233867e-06 1
6.320158e-06 1
7.379346e-06 1
2.965138e-07 3
1.351923e-07 55752
1.992389e-05 6
6.762074e-06 4
1.538289e-05 1
1.622084e-08 201
7.584169e-06 24353
1.130644e-05 1
1.066585e-05 2
1.878221e-06 1
3.195219e-06 2
2.876615e-05 1145
8.416159e-06 1
3.319064e-06 149
9.119267e-06 1
2.736695e-05 1
2.809214e-05 31616
4.635285e-05 114
1.002485e-06 1
2.853238e-05 1
3.518167e-06 1
4.083560e-05 3
2.049185e-05 3
1.895904e-05 2
1.798268e-05 1
3.824755e-05 1
2.906214e-05 1
2.223335e-05 1
2.619991e-06 1
1.009546e-05 1
6.078408e-06 5
7.984907e-06 1
1.009285e-05 133
1.260354e-05 1160
3.136757e-05 1
7.970994e-07 387
1.549055e-06 238
7.968601e-07 1
1.617820e-05 1
1.583940e-05 1
1.496563e-06 7
7.470246e-05 2
1.503788e-05 8597
1.689173e-05 1
3.980103e-05 1
2.126156e-05 2036
1.695207e-06 2
9.741170e-06 1
7.967831e-06 3
3.998718e-05 1
7.694311e-06 1
1.524810e-06 1
7.194985e-06 1
6.638405e-06 5
1.648598e-05 1
2.609014e-06 5
5.623557e-06 3
1.718863e-05 1
1.983181e-05 1
5.148958e-06 1
1.833493e-06 1
5.451724e-07 1
9.680175e-06 2
6.258502e-07 1
1.446492e-05 51
5.495774e-05 1
5.367364e-07 1
8.244644e-06 1
5.523958e-06 1
2.509430e-05 1
4.485041e-06 1
4.077362e-05 1
2.227287e-05 1
2.586256e-07 42
5.809124e-05 166
1.070188e-06 3
1.499011e-05 1
2.863704e-05 2
5.342973e-05 1
2.474951e-05 1
5.596127e-06 1
5.743321e-06 7
6.672237e-06 6
1.140032e-05 1
1.023302e-05 3
1.322994e-05 1
3.356631e-05 1
3.706443e-06 23
3.526115e-05 1
4.752503e-07 6
2.898604e-07 2
1.055606e-05 1
1.584643e-05 881
3.493179e-06 1
2.399619e-05 1
5.137272e-05 1
1.302010e-05 84
3.711766e-06 1
4.521583e-06 1
2.327868e-06 5
2.151305e-06 1
1.168740e-05 1
2.014814e-05 4
1.382524e-05 3
1.488376e-05 1
8.096317e-06 4
2.029684e-09 3
2.503154e-05 1
1.401047e-05 2
1.713354e-05 1
8.154919e-06 251214
9.360578e-06 4
1.709572e-05 2
1.728374e-05 1
3.027246e-05 488
3.128765e-05 3
9.870632e-06 7
2.653443e-06 1
1.783149e-05 1
1.293884e-05 3
8.039373e-06 1
4.809477e-07 6
3.785594e-06 2
7.689106e-06 2
8.248789e-06 5
1.530200e-05 1
2.711942e-06 7
1.666720e-05 1
7.908288e-06 2
2.573450e-06 1
1.194540e-05 2
1.183850e-05 1
1.653335e-05 1
3.980380e-06 1
3.155035e-06 1
1.034062e-05 1194
6.816501e-06 1
3.577923e-06 1
3.287512e-05 253
9.428900e-06 1
1.564569e-05 174
5.839997e-06 1
1.227523e-05 1
2.551178e-05 343
7.017137e-06 45729
1.014451e-05 1
1.341193e-05 7
1.116978e-05 145
1.545675e-05 1
9.268446e-07 2101
3.209350e-05 1
3.864461e-05 117
1.850697e-05 1
4.248017e-07 1
3.321129e-06 1
8.351013e-06 3
1.736436e-05 1
6.895803e-05 6
2.198345e-06 1
2.034984e-05 41
1.483181e-05 3
1.366953e-05 1
3.148915e-05 1
4.132092e-05 3
1.933961e-05 2
6.277211e-05 1
7.512733e-06 260
2.849903e-05 1
3.913854e-06 3
2.677502e-05 1
8.106411e-06 1
4.184302e-05 1
6.842887e-06 129
1.543960e-05 1943
4.133047e-06 76
3.311706e-06 7
3.727903e-05 4
7.688710e-06 4
2.116282e-05 7
2.004388e-05 1
1.938808e-05 1
5.435243e-06 1
1.123009e-05 135
1.337532e-05 2
4.211309e-08 3
7.038397e-06 1
4.001183e-05 1
1.007608e-06 3
2.619507e-06 1
2.702769e-05 2
7.707189e-06 1
2.885201e-06 1
3.298523e-05 1
2.010005e-06 105
1.662279e-05 1
5.631371e-06 1
7.199102e-06 1
1.724805e-06 1
4.832046e-05 3
3.667633e-06 2
1.624803e-05 3
4.919177e-05 1
1.901620e-06 216
3.512316e-05 2
5.943213e-06 1
8.047865e-06 3
1.275522e-05 1
2.620315e-05 1
9.746181e-06 1
5.631713e-06 1
6.680787e-06 1
1.397274e-06 4
4.161065e-06 230
2.919942e-06 121
1.920827e-05 252
3.580858e-05 228
7.030151e-06 1
1.180508e-05 1
6.787737e-06 4
2.595417e-06 3
1.189116e-05 1
2.160038e-06 1
1.685425e-05 1
8.162652e-06 1
1.409165e-05 2
1.807713e-05 1
1.534430e-05 2
6.568482e-07 1
3.008619e-05 1
1.095342e-05 1
5.710978e-05 3
9.333033e-08 2
1.128845e-05 4
4.020531e-05 1
7.071460e-06 7
7.756141e-06 1
2.303092e-05 7
1.266138e-05 663
1.176407e-05 1
3.708228e-05 1
6.359296e-07 1
3.167835e-06 2
1.256823e-06 1
4.575635e-06 4
1.964123e-05 78
2.361422e-07 1
3.957873e-06 1
2.692320e-05 1
3.173626e-06 161
8.340186e-06 4
1.554770e-05 1
3.469317e-06 1
1.898617e-06 301398
8.890515e-06 1
2.838625e-05 7
1.095006e-05 1
8.793083e-06 1
9.022520e-06 1782
2.129216e-05 2
2.519111e-05 25
1.426642e-06 5
5.666098e-06 3
2.517133e-06 97
1.413125e-06 1
1.682855e-06 1
3.143025e-05 1
1.442112e-05 2
7.646777e-06 1
3.128278e-05 77
4.136714e-05 3
5.688660e-06 3
3.020291e-06 1
1.457682e-05 1
2.178935e-05 3
1.517183e-05 1
9.964086e-06 1
3.008390e-06 3
1.751611e-05 1
9.981095e-05 1
6.091916e-05 2
7.017605e-06 39
8.227506e-06 6
2.005460e-05 1
1.669437e-06 1
1.260672e-05 35
6.414956e-06 32
1.916256e-05 1
2.086004e-05 1
4.378727e-06 1
3.170180e-06 189
5.550946e-06 1
2.234404e-05 3
1.300972e-05 3
1.118301e-06 1279
1.173908e-05 1
1.780523e-05 2008
1.122239e-06 1
6.355652e-07 1
3.260870e-05 2
4.710351e-06 1
1.444683e-05 3
3.091574e-06 1
3.761330e-06 1
3.436229e-05 1
1.770800e-05 3
8.178282e-06 1
1.514030e-06 34
6.102336e-06 1
3.246291e-05 1
4.251370e-07 1
1.649849e-05 3
5.118856e-05 2
7.465278e-05 3
4.968860e-06 1
1.078800e-05 1292
1.381704e-05 1
1.598407e-05 1
4.196799e-05 1929
1.187645e-05 2
1.883383e-06 1
5.005858e-05 3
4.200993e-06 25023
3.099261e-05 1
4.502550e-05 4
4.713549e-05 2
4.052962e-06 3
1.750015e-05 3
6.682623e-06 1
1.786429e-05 3
1.180450e-05 3
1.430430e-06 1
2.841610e-05 160
2.000444e-05 3
5.654130e-06 1
1.057525e-05 7
4.474262e-06 3
1.000859e-05 121
3.275858e-06 7
4.447118e-05 3
7.019819e-06 1
4.284229e-05 3
7.247635e-06 1
1.085147e-07 1
2.395864e-05 1
5.182954e-05 38
1.064582e-05 1
1.440643e-06 216
1.026717e-05 172216
3.802463e-06 213
8.146613e-07 1
9.328369e-06 1
1.949358e-05 1
3.753719e-05 1
2.333317e-05 2
1.099761e-05 815
1.741060e-05 1
2.454275e-06 194
8.499192e-06 872
3.122563e-06 1
9.877413e-06 63
1.477148e-05 1
2.372387e-05 3
1.322696e-05 275243
1.980064e-05 1550
3.130016e-07 5
2.511243e-05 1
1.993964e-06 163
9.636371e-07 1
2.676488e-06 1
4.045686e-06 3
3.006272e-05 25
1.742855e-05 1
2.752964e-07 1
6.333383e-06 103
1.839473e-05 1
1.080563e-05 1
8.125132e-06 1
1.784528e-05 1
2.077791e-05 1
3.350079e-05 1
3.407081e-05 261
3.840721e-05 2
1.449571e-05 1
3.189788e-06 1
3.369038e-06 56317
9.957421e-06 1
1.717788e-06 1
2.934424e-05 2
3.413244e-05 1283
6.429606e-06 2
2.604528e-06 1
3.309602e-05 1
1.888145e-05 1
2.067293e-05 3
1.280054e-05 1
6.102556e-06 66512
3.364588e-05 35
1.189365e-05 3
2.910944e-05 5
9.580616e-07 1
7.659663e-05 3
2.293737e-05 1
5.937977e-06 2
4.703571e-06 2
1.041501e-05 1
1.315768e-05 145
3.479068e-06 1
2.956537e-05 22
4.796301e-07 1
2.450002e-05 1
4.277098e-06 3
7.818962e-06 3
2.369743e-05 4
1.417221e-06 250
2.629773e-06 39
2.792483e-06 3
8.821743e-07 4
5.632292e-05 1
2.201153e-05 1
2.153026e-05 1
2.442143e-06 5
2.071441e-05 117
1.314536e-05 1
1.076318e-05 3
2.632940e-05 1
2.720227e-06 121
7.428614e-06 10386
8.126191e-05 1
2.689961e-06 7
1.135899e-05 222
1.307831e-05 1
2.441465e-05 6
1.138362e-05 1
6.795511e-06 1
1.219715e-07 5
6.516378e-06 1
2.742025e-05 2
2.015769e-05 1
5.124384e-05 232
1.267138e-05 1
9.710795e-07 1
9.609975e-06 1
9.074336e-06 1
3.160230e-05 412
8.272736e-06 165
5.275986e-06 1
1.280169e-06 7
3.388698e-05 2
2.522237e-06 1
1.358907e-05 2
1.093370e-05 1
1.169132e-05 1
1.582249e-05 72
1.462698e-05 5
2.179827e-06 1
8.887942e-06 1
1.442587e-05 688
4.190973e-05 1
1.354202e-05 173
2.175039e-06 1854
7.850852e-06 6
3.111106e-05 1
1.404069e-05 3
3.636910e-06 1
3.514936e-06 6
6.026849e-06 2
1.573635e-05 1
9.945245e-07 28
7.150977e-06 2
8.236653e-06 509052
7.582649e-06 1
3.222287e-05 1
9.767331e-06 1
4.713105e-06 1
6.330014e-06 3
6.733041e-06 1
7.376335e-06 1
1.838855e-06 3
1.067909e-05 1
2.241167e-05 1
8.834435e-06 1
5.839587e-06 1
4.145710e-05 5
8.192526e-06 1
1.732023e-05 7
3.116985e-05 1
1.333099e-06 5
1.218194e-05 893
2.854177e-06 1
8.381151e-05 1
1.792019e-05 1
5.108767e-06 1
1.869055e-05 1
1.061917e-05 1
1.523568e-05 2
3.666018e-05 14
3.477067e-06 5
3.919840e-06 1
1.018090e-05 1
1.741812e-05 1
3.887576e-05 1
4.111464e-05 2
8.515708e-06 1
2.547165e-05 5
1.399029e-05 1
4.119975e-06 5
4.161571e-06 1
9.261894e-06 3
1.978097e-05 6
1.933704e-05 2
4.936115e-06 1
3.794615e-05 1
4.704521e-06 1
1.364310e-07 242
7.197112e-07 8001
7.630605e-06 3
3.373010e-05 1
4.775288e-06 107
5.096698e-05 1
9.910577e-06 6
2.368154e-07 1
6.978728e-06 2
9.890158e-07 3
3.296080e-07 127
2.554626e-06 194
3.902985e-05 273
3.631020e-05 2
7.164548e-07 3
1.513181e-05 1333
7.530754e-06 256
2.011588e-05 1
2.236025e-05 1
2.770021e-05 1
4.311451e-06 1
8.801429e-06 1
1.669781e-05 7
2.426897e-06 1
5.480880e-05 1
