8.079058e-05 5
1.196776e-04 1
1.995406e-04 2
2.504619e-05 3
1.984467e-04 1
1.107591e-04 1
4.200189e-04 6
1.766550e-04 2
8.268877e-05 38
2.712752e-04 1
2.852825e-04 1
6.577893e-05 3
2.741506e-04 1
2.796023e-04 271307
1.789077e-04 1948
8.742769e-05 3
1.824798e-04 2
3.466827e-04 2
2.924808e-04 1
8.829251e-05 63667
1.051622e-04 3
4.369611e-05 1
1.448252e-04 6159
1.210292e-04 1
2.592900e-04 1
5.886437e-05 7
1.844631e-04 1025
1.149879e-04 7
1.887039e-05 1
9.747462e-05 1
1.524085e-04 2
5.521779e-06 1
6.073374e-05 4
4.088805e-05 1
3.550611e-05 34907
3.160383e-05 1
1.541849e-04 1
1.116057e-04 1
1.068043e-04 1833
6.757208e-05 1
1.661408e-04 3
8.031144e-05 7
1.379376e-04 4
7.806037e-06 3
2.264447e-04 63039
3.062226e-04 2095
1.159365e-04 1
3.333202e-04 1
2.986477e-04 1
1.271914e-04 2
7.142121e-05 1
3.908582e-05 1
1.281871e-04 1
5.075002e-04 1
7.689816e-05 5
5.105220e-05 1
4.714275e-04 1
7.535732e-05 3
1.225626e-04 1
2.025105e-04 3
1.724543e-04 1323
1.456421e-04 1
2.911555e-06 1857
2.809633e-06 6
3.159927e-04 6
1.935667e-04 5
7.728170e-05 18
2.113123e-04 3
2.285541e-04 1
1.912677e-05 2
9.112656e-05 1
1.205484e-04 293
4.149390e-05 1
1.341248e-06 7
7.277738e-05 20098
4.235738e-04 1
1.527064e-05 1
2.294986e-05 4
2.014033e-04 1
3.728252e-05 2
8.472489e-05 1
3.886420e-05 1
6.042110e-06 3
4.919187e-05 2
3.400347e-04 37260
4.142011e-04 1
3.506880e-06 37960
1.649847e-04 1
3.652065e-04 1
6.697807e-04 1
1.834228e-04 1
1.077889e-04 1
1.693829e-04 2
1.770603e-04 1
2.186631e-04 1
1.567307e-04 7
3.119223e-04 117
2.104880e-05 1
7.057251e-06 1
6.008283e-05 1
7.142266e-05 1
1.460052e-04 2
1.505279e-04 1962
4.254905e-05 1
2.534581e-05 358
1.782617e-04 3
1.721729e-04 1
9.774884e-05 32644
1.228393e-05 1
2.224426e-04 7
9.397703e-05 255
1.167128e-04 2
5.057296e-04 2
2.167172e-04 3
9.266417e-05 1
3.215828e-04 2
7.461881e-06 3
2.599383e-04 1
3.293192e-04 1
3.236744e-05 292
1.849428e-04 2
1.209156e-04 1
1.751350e-05 1
1.846540e-04 261
4.624892e-05 44
1.464768e-04 5
2.946233e-04 256
2.110765e-04 253
3.692455e-05 1
1.109095e-04 1
1.606831e-06 1
1.829403e-04 3
4.916097e-05 1
4.957254e-04 6
4.412515e-05 2
2.974541e-05 1
1.134964e-04 1
3.215481e-04 4
1.492553e-04 6
1.071593e-06 1
1.203328e-04 1
8.584615e-05 1
1.158780e-04 227
4.735620e-04 3
4.468891e-05 1
9.259655e-05 1
4.678207e-05 1
2.924509e-04 3
2.574624e-04 50680
3.113979e-04 1885
7.819461e-05 1
1.295043e-05 1
1.703100e-04 2
2.441321e-05 1
3.794424e-04 1
3.110625e-04 6
6.611119e-04 1
1.817339e-05 2
9.817542e-05 2
1.248842e-04 1
1.174162e-04 1
2.740078e-04 1
1.390906e-05 1
3.579464e-04 1
2.180021e-04 5
5.038075e-06 2
2.179780e-05 1
5.895882e-05 1
3.469354e-04 1
2.833627e-04 2
2.019578e-04 2
1.582861e-04 1
4.593696e-07 1
4.149232e-05 61
9.037497e-05 1
4.725467e-06 3
2.117094e-04 1
1.039733e-04 58
1.043129e-04 171
2.565767e-05 2
9.933659e-05 1
2.256013e-05 2
4.938001e-04 1
1.159816e-04 3
2.408092e-04 1
1.532562e-04 1
3.452648e-04 1
3.276440e-05 1
1.828240e-04 10
2.706486e-05 3
1.114476e-04 1
3.301715e-04 1
2.018945e-04 70
6.588684e-05 139
1.428567e-04 187
2.020559e-04 1
2.857704e-04 1
1.089407e-04 1
2.087631e-04 1
2.866914e-04 136
1.143864e-04 1
1.395884e-04 1
4.680436e-05 6
6.924009e-05 1
3.057841e-04 3
3.308427e-04 3
5.312849e-04 2
1.116736e-04 2
4.244642e-04 1
6.467500e-04 1
4.244105e-05 1
4.573499e-04 1
2.159119e-05 1
1.791343e-04 4
4.070433e-04 1
3.905143e-04 1
6.405002e-05 1
8.909887e-05 5
9.705691e-04 3
1.505866e-04 3
4.249379e-06 1
2.191108e-04 211
8.633130e-05 1
1.213534e-04 1
6.950835e-05 1
1.816833e-04 1
3.348753e-04 1
9.793291e-05 240
2.744715e-04 1
8.259085e-05 15579
8.871778e-05 1
1.501999e-05 1
1.341565e-04 590
8.155524e-06 11
6.868233e-05 804
8.722563e-05 5
1.071117e-04 3
5.483693e-06 1
4.171140e-04 1
3.985156e-05 3
1.083726e-04 1
9.089881e-05 1
1.628503e-04 60
2.913069e-04 1
1.636214e-05 2
4.062571e-05 1
1.468979e-05 3
3.007848e-06 1
1.313463e-04 140
1.899385e-04 3
3.022928e-05 1
3.872325e-06 3
3.661430e-05 3
1.796198e-05 1
7.405893e-05 1
1.065252e-04 1
2.111894e-04 1
1.572575e-04 1
1.526238e-04 1
4.833042e-04 1
4.301504e-04 1
1.186369e-04 1
1.486856e-04 5
2.339080e-04 110
2.257817e-05 60
4.468406e-04 1999
1.898170e-04 171
2.985319e-05 1
4.184390e-05 3
6.024028e-05 1
2.344350e-04 1
3.247699e-05 2
6.445528e-04 1
1.769437e-05 11565
3.042302e-05 1
5.940987e-06 1
3.092062e-04 1
2.010692e-04 1
2.473441e-04 79
2.738078e-04 3
6.424289e-05 1
2.957092e-05 1
3.972291e-04 3
2.666213e-04 3
3.586926e-05 1
8.220858e-05 1
6.813937e-05 50
1.504320e-04 8
4.127675e-05 1
3.873457e-05 1
2.845361e-04 55
1.757126e-04 1
1.242627e-04 1
4.737998e-04 1
2.407213e-04 1
1.705712e-04 1
1.146343e-04 1
5.915056e-05 28
7.555549e-06 532
7.346996e-05 1
1.404649e-04 64981
1.313943e-04 1
6.210445e-05 1
6.031600e-06 4
4.470693e-04 1
2.601117e-04 1
2.867256e-04 1
6.799844e-04 1
3.020444e-04 1
1.715969e-05 1
5.364536e-05 1
4.064392e-04 3
2.279020e-05 6
1.508771e-04 3
5.381256e-05 1
1.897156e-04 24882
2.404974e-04 1
3.821867e-04 2
2.225623e-04 1
2.105056e-04 41162
3.097997e-04 31418
5.926626e-05 1
1.324678e-04 1
3.491200e-04 3
1.477926e-04 1
1.493261e-04 1
1.009000e-05 653
2.160158e-04 1
1.932181e-05 11010
1.122344e-04 59
4.184125e-05 1
1.568746e-04 1
4.589498e-05 40247
7.031740e-06 1
6.416292e-05 1
1.319190e-04 1
3.819416e-04 2
4.837192e-04 3
3.740299e-04 1
1.677992e-04 1
5.003779e-04 6
7.305382e-05 1
1.066610e-04 146
4.780816e-05 1
9.899991e-05 1
3.768533e-04 6
1.223192e-04 3
4.105168e-04 1
3.172983e-04 1
6.182445e-04 3
1.684178e-06 1
1.454569e-04 1
3.543596e-04 1
2.439463e-04 2
4.119593e-04 144
1.504547e-04 1
1.556785e-04 1
1.805288e-04 3
7.282407e-05 1
1.383269e-04 1
1.358966e-04 1
5.054626e-05 1
1.280395e-05 96
7.938373e-05 2
1.762977e-05 1
1.235646e-04 182
1.947306e-04 1
4.322854e-04 1
9.676194e-05 1
4.667529e-05 154216
3.465955e-05 1
4.917607e-04 1
9.015061e-05 1
7.173868e-05 1
3.111819e-05 174
1.632690e-05 3
4.140608e-04 3
4.197994e-04 1
8.305943e-05 7
1.091300e-04 237
1.132132e-04 2
8.757080e-06 2
6.369803e-05 2
6.687198e-05 1
1.388718e-04 1
1.789076e-04 3
1.107495e-04 2
3.028318e-04 3
2.569869e-05 3
9.877164e-05 1
6.016054e-05 1
2.581755e-05 1481
5.610783e-05 43
2.879807e-04 1
1.644708e-04 2
2.074259e-06 1
3.992773e-04 2
6.749108e-05 1
1.769473e-05 1910
1.324446e-04 159
5.185461e-05 2
1.036434e-04 90
1.052606e-04 1
3.182819e-05 4
5.274360e-05 679
2.596107e-06 2
1.758605e-04 2
1.678304e-04 3
1.868118e-04 3
1.889066e-05 1
2.358876e-04 1
3.314827e-04 4
9.058435e-05 1
2.751905e-04 2
6.749038e-05 205
2.988828e-04 1
3.211576e-05 1
1.806292e-04 1
7.269874e-05 38882
1.860841e-04 1
3.041896e-04 1
4.650679e-05 216
1.984698e-05 1
1.893680e-04 2
4.787419e-05 2
1.298211e-04 95
1.807465e-04 1
1.358300e-04 1
1.908460e-04 1
8.582643e-05 2
1.412492e-04 1
9.174084e-05 106
4.675243e-04 2
3.772418e-04 1
5.012793e-05 2
2.046392e-05 1
2.213954e-04 1
3.265264e-05 89
2.832107e-04 1876
1.011667e-04 1
1.124826e-04 174
3.061592e-05 1
1.787488e-05 117
8.424301e-05 195
2.028260e-04 1
7.102556e-05 1
1.840941e-04 1
2.724469e-04 342
3.388736e-05 3
1.049101e-04 1
1.792255e-04 6
6.418656e-05 7
8.437347e-05 1694
3.311509e-04 1
2.124124e-04 1
6.246538e-04 1
2.710181e-04 1
2.379253e-04 1
4.955364e-05 4
1.013962e-04 3
3.232096e-05 2
1.439709e-04 1
1.314682e-04 3
1.581598e-04 1
1.201138e-04 1
1.414352e-04 1
8.753596e-05 126
1.218681e-05 1
3.069944e-04 1
1.142840e-04 5
4.281151e-05 1
6.916857e-05 1
1.703305e-04 1
1.314010e-05 1
4.497126e-05 7
5.537737e-05 2
1.456164e-04 251
6.074274e-05 1
1.316600e-04 137
3.056783e-04 77
1.285624e-04 5
2.286783e-04 1
4.133470e-05 2
2.255365e-05 2
3.894309e-05 1
2.940938e-04 1
8.204707e-05 17
3.077020e-04 1
2.341813e-05 1
5.859392e-05 2
2.989020e-04 2
1.685880e-05 2
6.291052e-05 1
8.913275e-05 2
5.942968e-06 85
5.034213e-06 1
1.909015e-04 1
6.337842e-05 1
1.363488e-04 1
1.833961e-04 2
2.646085e-04 51539
4.136597e-04 229
2.226060e-05 212
9.752207e-05 128
4.430471e-05 1
6.617379e-05 3
2.372240e-05 354
9.618394e-05 1
1.601666e-04 196
2.576595e-04 2
2.316735e-05 1
2.358188e-04 1
1.598622e-04 492815
4.368407e-05 7285
4.676396e-04 3
1.178275e-05 1
1.819405e-04 45
2.500323e-04 1
6.963294e-05 1
4.131654e-05 1930
1.840504e-04 1
1.268336e-05 1
5.091857e-06 1
1.460146e-05 3
6.532625e-05 6
1.161682e-04 1
1.949010e-04 1
3.447828e-04 6
7.772950e-05 7
9.887530e-05 25
4.538240e-05 87
2.575140e-06 1
6.943699e-04 1
1.193636e-04 1695
2.989369e-05 1
2.028298e-04 1
1.017348e-04 1
1.424479e-05 6
1.179545e-04 119
7.614246e-05 1
9.131619e-04 3
1.806842e-05 2
7.344685e-05 1
4.583549e-04 1
1.038954e-04 1
8.445372e-05 2
1.665208e-04 1
4.845408e-05 1179
1.490595e-04 1
1.346839e-04 1351
1.013392e-04 1
3.853939e-04 215978
7.769651e-05 4
3.608537e-04 6
3.676763e-05 1
1.556962e-04 1
3.837196e-05 1
1.033868e-04 1
3.431413e-04 1
6.855219e-06 1
3.033514e-04 1
2.860983e-04 1
2.093112e-05 1
3.756835e-04 1
3.985293e-05 27040
1.381262e-04 1
7.432574e-05 27
1.437688e-04 1
1.212116e-04 205
1.178532e-05 2
4.407403e-05 1
3.788836e-05 1
9.191359e-05 2
1.164043e-05 1
1.296029e-06 29844
2.427954e-05 2
3.315862e-05 1
7.181356e-05 1
2.027337e-04 1
2.388381e-05 3
2.407850e-04 1
3.213987e-04 1
1.750792e-04 3
9.493103e-05 1
5.540313e-04 2
1.285978e-04 2723
5.809683e-06 3
4.498184e-05 1
2.326329e-05 1
2.331612e-04 1
6.963697e-05 1
3.784533e-05 7
1.084701e-05 1
8.695515e-04 14
2.910457e-05 2
1.349367e-04 1
1.727649e-04 3
5.317864e-05 1
2.290552e-04 1
6.787559e-06 169801
2.144772e-05 1
5.050349e-04 216
1.950432e-04 51
1.305051e-05 179
3.809149e-04 3
1.220122e-04 1
2.029162e-05 1
3.591597e-05 5
1.992085e-04 1
4.178043e-04 3
4.740935e-05 2
5.832933e-04 1
4.196961e-04 3
5.995132e-06 1
2.789174e-05 1
1.948010e-05 1
1.151391e-05 1
9.547898e-05 2
2.576496e-04 95
2.516229e-04 2
3.585110e-04 1
3.442529e-05 649332
3.816684e-05 25876
5.964229e-05 1742
1.408055e-06 1
2.048521e-06 18
2.628443e-04 1
1.225080e-04 3
7.034260e-05 3
2.711739e-05 1
5.009884e-05 412
7.410857e-05 1
1.828818e-05 1
1.429761e-05 2
1.831847e-05 2
8.884721e-05 1
2.541430e-05 1
3.918210e-05 1
6.908939e-05 1
4.277945e-04 1
4.557971e-05 1
2.969297e-05 1
3.069609e-05 48929
2.273125e-04 1
3.793604e-05 3
3.683719e-05 4
6.377020e-05 22
7.983448e-05 2070
5.951019e-04 1
6.213899e-04 1
3.188387e-04 1595
1.533712e-04 1
4.304349e-05 1
1.119270e-04 1
5.417615e-04 1
1.677027e-04 1
1.856444e-04 447811
7.730283e-05 2
3.359577e-05 1
1.139953e-05 1
2.974695e-06 116
1.420101e-05 5
1.552230e-05 6
3.010875e-06 1
2.733675e-04 1949
3.910796e-04 1
1.328224e-04 2
1.215167e-04 1
4.527017e-05 3
1.274675e-04 1
6.749707e-04 1
3.144577e-05 1
1.515290e-04 2
4.000964e-05 1
1.532438e-04 1
3.161672e-04 3
7.553221e-05 1
6.198911e-04 7
1.214624e-04 574253
1.128656e-05 1
4.437163e-05 1
1.771681e-05 1
1.064860e-04 1
8.302871e-05 3
1.479715e-05 1
5.953506e-05 169
1.665319e-04 6
5.600935e-05 15
6.140675e-06 4
2.387996e-05 1
7.126819e-04 1524
1.733581e-04 1
3.020648e-05 2
5.260741e-04 1
2.027818e-05 2
6.479953e-05 1
3.236293e-04 1
2.346540e-04 252
9.783605e-05 1
6.334221e-05 3
1.170966e-04 69
5.855199e-05 1
3.798813e-05 1
1.719686e-04 6
2.523781e-05 4
1.930814e-05 4
5.888808e-06 1
7.061115e-05 1
9.781116e-05 1
3.418147e-04 2023
3.118330e-05 1
3.013303e-04 1
1.140422e-04 1
7.364114e-05 1
7.881508e-05 7
5.552908e-05 1
8.549851e-05 1
9.082151e-05 1
2.759004e-04 27
5.895662e-06 1
1.394633e-04 1
1.943302e-04 2
8.747973e-05 127
1.600783e-04 3
6.460784e-05 1
1.083506e-04 1
6.334995e-05 1
5.368866e-04 1
1.271221e-05 2
6.006197e-05 190
1.360280e-05 1
2.529612e-04 2
2.399599e-04 1
4.048750e-05 1
3.516264e-05 3
1.523073e-04 1
5.953021e-06 1812
1.479903e-04 3
2.280271e-04 3
1.023550e-04 221
1.976980e-05 1
1.653587e-04 1
3.812808e-04 2
1.810782e-04 1
1.649713e-05 1
2.187327e-04 1
2.948500e-04 1
2.200975e-04 1
5.325685e-05 84
1.094111e-04 117
1.934167e-04 1
8.631860e-05 1
1.730515e-05 1
5.645675e-06 266
9.921953e-05 3
1.814092e-05 1
1.501762e-05 142
6.068309e-04 1
2.454827e-04 1
6.561076e-05 61397
8.186324e-05 1
2.578747e-05 1
8.997584e-05 1
1.879594e-04 1
1.377503e-05 1
4.463822e-04 1
1.339017e-04 3
1.421458e-04 1
1.686607e-04 1284
9.598495e-05 8615
1.052417e-06 3
1.595591e-04 1
7.565620e-04 1
5.390033e-05 2
9.289198e-04 1
5.670145e-06 178
1.920259e-05 2
2.340334e-05 6
3.156948e-04 136
1.000993e-04 1
3.203853e-05 2
1.521904e-04 1
1.581975e-04 1
9.115784e-05 1
3.704479e-06 1
5.987487e-06 3
3.702426e-04 3
7.242579e-06 3
3.115816e-04 3
9.002241e-06 2
1.417650e-05 1
2.487883e-04 1
7.558103e-05 1
4.752307e-04 1
1.847203e-07 1
3.808874e-05 116
2.500130e-04 1
7.468511e-04 1
1.184688e-04 2
1.202558e-04 1
1.074851e-04 2
2.745301e-04 3
4.192835e-04 19431
5.385493e-05 1
2.656584e-04 93
2.789642e-05 2
2.102761e-04 1
1.645746e-04 1
2.290160e-07 1
1.228111e-04 1
5.088728e-05 5
1.516519e-04 26497
2.590502e-04 645
1.125125e-05 3
1.491159e-04 1
4.207066e-04 1
1.441816e-04 7
5.976939e-05 3
1.376033e-04 1
1.792251e-05 1850
3.096990e-05 628
1.050821e-04 1
1.639729e-04 2
3.914261e-04 1457
5.537834e-05 1
4.535787e-04 1
1.478808e-05 146
1.454658e-05 3
1.293812e-04 3
5.087436e-05 2
3.039076e-04 1
3.633961e-04 1
6.019615e-04 1
9.647112e-05 140
3.627670e-04 1
1.532540e-04 54980
9.551230e-06 72
2.005718e-04 393903
2.637832e-04 1
2.844846e-05 54832
1.551463e-04 1
1.079706e-05 1
1.048857e-04 2
2.735487e-04 1
1.283306e-04 3
1.926943e-05 3
4.551297e-04 3
6.502184e-05 2
6.978754e-05 3
8.931108e-05 2
9.748322e-05 1
2.606814e-04 1
7.691528e-05 1
4.993892e-04 1
2.177509e-04 1
1.601668e-04 1
5.000175e-05 1
3.761060e-04 1427
4.158604e-06 150
3.267041e-04 136
9.527269e-05 212
1.809848e-04 2
9.830067e-05 4
2.393170e-04 1
9.600436e-06 16790
4.386903e-05 59884
3.852357e-04 245
8.938051e-05 2
4.275076e-05 1
4.456286e-06 1
1.347739e-04 2
9.425516e-05 2
7.554913e-05 1
1.521669e-04 228
1.278771e-04 1
9.850951e-05 1
2.015928e-05 37747
9.700720e-05 19639
3.906913e-05 1
7.092511e-05 2
7.368849e-05 1
1.165956e-06 1
1.506263e-04 3
3.324276e-04 1
4.700721e-04 1
1.574067e-05 1
6.345020e-04 44412
1.379698e-04 7
2.905493e-04 7
2.915060e-05 1
3.480159e-04 1
7.083269e-05 1
1.402158e-04 2
2.931785e-04 1
3.688140e-04 1
1.386848e-04 193
6.198230e-05 56274
2.193032e-04 1
1.573269e-04 1
1.056621e-05 3
4.434235e-05 1
3.133190e-04 61535
4.058555e-05 1
1.822330e-04 6
4.081489e-04 208
1.155814e-05 1
8.726791e-05 1
1.256421e-04 3
1.143659e-04 1
7.720962e-06 1
4.738269e-05 1
3.253636e-05 2
6.290286e-06 107
4.737026e-04 1
2.113526e-04 7
3.426688e-04 6
5.490168e-05 2
3.085136e-05 1
2.583118e-05 1
9.122967e-06 1
2.604632e-05 4
1.535453e-05 1
1.633332e-04 25969
8.971376e-05 129
9.769553e-05 1
1.901153e-04 1
5.512171e-05 1
3.047289e-05 169601
6.834483e-05 4
1.382536e-04 1
1.506268e-04 1124
1.623984e-04 1
3.516016e-04 1
2.307018e-05 2
1.882928e-04 3
1.105742e-05 2
7.942728e-05 2
5.283473e-05 32
1.943435e-04 7445
2.045379e-05 70
1.110543e-04 1
6.558913e-07 3
1.530106e-04 2
1.493530e-04 2
1.120524e-05 3
3.934544e-04 2
2.397308e-04 54
2.595673e-04 1
1.256896e-04 192
4.360010e-05 7
4.290606e-06 632
3.303774e-04 1
1.608127e-04 221
1.440785e-04 2
2.518397e-05 1
4.392072e-05 41251
7.621094e-05 1
6.125019e-05 1
4.117716e-05 7
2.436771e-04 4
2.800265e-04 246
3.051545e-05 153006
2.982602e-04 70
3.655941e-04 3
1.094062e-04 1
2.460792e-04 85
1.900252e-04 1
5.569466e-04 1
9.697523e-05 1
4.624805e-04 22
4.780430e-05 493
9.827048e-06 1
3.528281e-04 1
4.178961e-05 1
5.870506e-04 1
4.897330e-04 229
2.994121e-05 1
2.009689e-05 1
5.000645e-05 162
1.475287e-05 1
1.245370e-04 7
1.566048e-04 1
6.545586e-05 1
1.901299e-04 1
1.878261e-05 1
4.736574e-04 1
1.836169e-04 1
4.060647e-06 285
1.249100e-04 1
2.123994e-04 1
2.180370e-04 1
3.748076e-05 1
2.746056e-04 2
2.993052e-04 1
8.089147e-05 4
1.226039e-04 3
2.024427e-04 2
4.183853e-04 2
2.364113e-05 3
1.466924e-04 2
2.395115e-04 55
1.113489e-04 214
5.962359e-04 2049
3.078125e-05 1
3.907035e-05 1
1.970778e-04 1
2.539629e-04 934
7.501757e-05 6
2.394909e-04 1
2.327710e-04 1
3.565075e-04 3
2.624533e-04 7
8.289087e-05 65
7.758967e-05 131
1.904196e-04 1
1.132458e-05 1
2.544537e-07 1
1.577542e-04 1
4.708672e-04 3
4.228056e-04 1
6.748688e-06 759
7.899409e-05 2
1.797594e-04 1869
1.129190e-04 1
6.119571e-05 63123
5.666231e-05 6
1.710124e-04 1
4.555417e-04 5
6.216437e-04 1
1.758174e-04 144
1.076730e-04 3
2.271099e-04 1
3.256455e-05 1485
2.898511e-04 1
8.500881e-06 238
2.047491e-04 1
2.170860e-04 4
2.306119e-04 1
4.593586e-04 171
5.851448e-05 729
2.964498e-04 4
1.761802e-04 6
1.313754e-04 1
5.059893e-05 36
1.229343e-05 2
2.386629e-04 3
5.364650e-05 1
1.101348e-04 59285
1.295646e-04 1
1.832353e-04 1963
1.751210e-04 2
2.475225e-05 1
9.726075e-06 1
2.366088e-04 1
3.169685e-04 1
1.140069e-04 2
1.629069e-04 1
1.914431e-04 1
4.772410e-04 1
1.238867e-04 1
1.066705e-05 254
4.779034e-04 1
1.660590e-04 31871
2.923699e-04 1
1.189254e-04 22
1.840253e-04 1
6.140263e-06 1
2.676626e-06 92
1.333868e-04 1
8.237877e-05 3
5.986524e-04 1
5.881476e-05 1
8.610153e-05 1
3.286040e-04 1
5.561012e-07 1
3.633124e-05 1
2.007175e-04 1
1.869126e-04 1
7.941721e-05 2
3.045851e-04 1
6.827126e-05 1
6.162989e-05 1
9.665324e-05 1
2.892124e-04 1
3.649196e-05 1
1.788223e-04 3
1.160743e-04 79
4.015098e-04 1
4.534629e-04 1
1.205387e-04 5
3.324260e-04 5
1.340174e-04 2
1.614271e-06 2
3.143199e-04 1
2.066594e-04 1
2.874852e-04 3
5.688448e-05 2
9.629765e-05 6
4.607721e-05 1
4.637520e-05 53771
1.612388e-04 5
2.660426e-04 2
3.174154e-04 3
3.707958e-05 3
5.082390e-04 1
1.772331e-04 1
2.047701e-04 4
1.974069e-04 2
2.353219e-05 1
1.423457e-04 4
5.347583e-05 1
1.670122e-04 1
9.006908e-05 1
2.045118e-06 2
1.378134e-04 1
1.196704e-04 1
2.330626e-05 1
1.627196e-04 1
2.644266e-05 4
3.786704e-04 493453
4.522501e-04 1
1.896102e-04 84
8.779069e-05 1114
2.365558e-04 3
1.907223e-04 77
6.206211e-05 133
2.154437e-04 560
2.332591e-04 1
1.609371e-04 1
5.162785e-05 2
4.456981e-05 6
2.162505e-04 1
2.188922e-04 1
1.232259e-04 1
6.655536e-05 1
7.525473e-05 73
1.351422e-04 4
8.237006e-05 7
2.961526e-04 3
3.157990e-04 1
2.923514e-05 1
8.176438e-05 1
1.218918e-04 169
4.657507e-05 1
1.430112e-04 1
2.420591e-04 1
1.146472e-04 3
3.207823e-06 1
4.422367e-04 6
6.907186e-04 6
9.308080e-05 4
1.091695e-04 120
1.126217e-03 1
3.702674e-04 7
1.902190e-04 1
3.513851e-04 1
2.590871e-04 1
4.253300e-04 140478
6.673824e-05 4
2.005800e-04 1
8.934030e-05 1
2.207194e-04 1
3.353757e-04 1
9.339423e-06 1
1.592198e-04 1
3.659070e-05 23773
1.663341e-04 1
2.402243e-04 6
5.999152e-04 4
3.941856e-04 7
4.377495e-05 3
2.960528e-04 5
6.354849e-05 4
1.549822e-05 4
6.386750e-04 201
3.101031e-04 1
5.607581e-04 61
6.012465e-05 1
1.018613e-04 2
1.230083e-04 2
1.284396e-04 2
1.545116e-04 48937
1.444595e-04 1
3.843708e-04 3
2.530118e-05 2
2.770059e-04 1
2.599943e-04 1
2.744112e-04 6
6.816100e-06 1
1.950661e-04 1
8.113651e-06 1
6.629200e-05 4
8.603335e-05 56
1.046350e-05 3
8.943518e-05 1
2.212634e-04 4
9.121938e-05 1
1.485625e-04 1
6.645637e-05 1
1.646916e-04 2
1.356654e-04 1
6.421808e-05 1
3.872867e-05 1
7.222673e-04 3
3.305633e-04 1
5.903300e-05 30
1.064407e-04 3
1.966586e-05 4
4.808710e-05 1
1.482453e-04 230
5.598220e-05 1
1.912551e-04 1
9.349126e-05 1
1.932145e-04 7
2.270597e-04 1
3.474423e-04 3
3.233307e-04 1
2.879394e-05 1
2.729058e-04 1
4.771141e-05 1
8.448377e-05 1
2.147891e-04 2
3.297950e-05 1
3.304486e-06 2
3.115517e-04 2
1.099755e-05 1
6.027920e-05 100
1.626412e-04 65386
1.414388e-04 1
2.440365e-04 3
2.043157e-04 1
1.318495e-04 2
4.922506e-05 3
1.173366e-04 1
1.231482e-04 1
6.882152e-05 1
1.881824e-04 1
6.275148e-05 2
5.537049e-06 3
6.078295e-05 1
1.570810e-04 1
1.709003e-04 6
2.770124e-04 2
2.008145e-05 1
2.460284e-04 1817
1.712197e-04 4
4.674445e-05 1
1.559050e-04 508751
3.201706e-04 2
3.594117e-05 30436
7.810577e-04 487428
1.624293e-05 89
2.489990e-04 2
1.875783e-04 1
7.498964e-06 1
1.593327e-04 1
1.109959e-04 1
1.601525e-04 40519
8.390773e-05 1
1.825383e-05 1
1.792470e-04 1
2.189839e-05 102
1.950604e-04 2
7.527508e-06 24
4.438977e-04 1
7.352729e-05 154
3.322118e-04 1
2.612379e-04 1
6.586023e-05 1
8.116906e-05 1009
5.868701e-05 48931
2.481134e-04 251
4.180548e-04 1
4.431397e-04 1
1.510229e-04 3
1.271651e-04 1
7.906549e-05 6438
2.060151e-05 1
9.834846e-06 1
7.784485e-06 1
7.581556e-05 1
5.298442e-05 1
4.438779e-05 1
7.212686e-05 1
1.897673e-04 1
8.794424e-05 1088
1.276725e-04 1
8.878460e-05 3
4.075479e-04 30098
4.589376e-05 1
9.863286e-05 1
4.502346e-06 1
1.870031e-05 1
1.528590e-04 223
1.930527e-04 34
1.691007e-04 1
2.947394e-04 1
9.775956e-05 1
1.645744e-04 6
5.163650e-05 1
4.195834e-04 3
2.531961e-04 25106
5.406145e-04 3
4.488832e-05 3
2.229166e-04 1
1.119263e-04 1
7.698701e-06 1
2.616393e-05 1
1.730292e-05 4
7.015648e-05 227
7.800082e-06 3
6.919405e-05 1
1.281833e-04 1
3.846070e-04 1
2.668540e-04 7
1.710230e-06 200
1.992931e-04 7511
2.678997e-04 43847
2.226038e-04 7
4.710161e-06 1
2.743753e-05 1
3.412318e-04 4
2.009633e-04 6
4.842903e-05 1
2.912296e-05 6
3.238608e-06 2
2.962227e-05 1
5.651380e-04 1
1.876189e-04 1
2.195262e-04 7
6.970283e-05 1
5.492814e-05 1
7.077633e-05 1
1.216094e-04 1
3.938266e-04 43618
7.190893e-05 1
2.742122e-04 1906
5.512659e-04 3
6.383602e-04 1
2.903438e-04 716
2.851905e-04 1
1.345312e-04 1783
3.373490e-04 1
4.337295e-05 206
1.217566e-04 957
2.407048e-05 1
2.487098e-04 1
5.047193e-05 3
2.562239e-04 2
5.101954e-04 1
3.165539e-05 1
4.004510e-04 3
2.762210e-05 3
1.331589e-04 1
1.550820e-04 1
2.202682e-05 1
2.092833e-05 90
1.126212e-04 1
6.253545e-05 156
6.550261e-05 1
4.543768e-04 1
2.624318e-04 3
5.739807e-05 1
1.568930e-04 1
1.384280e-04 1
8.424871e-05 1
1.279092e-05 1
3.161457e-05 1
1.855090e-05 1
8.564309e-05 1
2.582192e-05 4
4.606811e-05 1
9.878298e-05 6
2.995367e-04 8
5.286294e-05 207
1.559265e-04 7
6.913691e-05 49939
3.105038e-04 63
1.607749e-05 5
1.382273e-05 1
3.546565e-04 2
2.868032e-04 6
2.940290e-04 1
5.403582e-04 1
5.578139e-04 1
3.960981e-05 1
2.761501e-05 1
4.039710e-04 3
2.673691e-04 1
6.179446e-05 1
3.207301e-04 1
2.963708e-04 193
1.475711e-05 1
1.933076e-04 1
1.064715e-05 1
6.430972e-05 3
8.742743e-05 1
8.939190e-05 1
4.021015e-04 1
2.334277e-04 4
1.402593e-05 1
2.426810e-05 1
2.747560e-04 1
5.436295e-04 1
2.702326e-06 1917
2.482545e-04 1
4.489568e-04 2
1.828912e-04 1
1.414673e-07 6
7.089483e-05 1
6.749913e-04 1
1.319910e-04 2
8.030101e-05 1
4.006896e-04 2
1.839828e-04 10933
3.363492e-04 1
3.225203e-06 2
1.035147e-04 1
3.112792e-05 1
1.311558e-04 1
5.758264e-05 1
2.922847e-05 3
4.922757e-05 1
2.184764e-04 1
2.092155e-04 2
1.623850e-05 1
6.072312e-07 1
1.959955e-04 1
6.788100e-05 2
3.539722e-05 814
7.973458e-05 1
4.488330e-05 3
7.894112e-05 3
6.464055e-05 1
6.280875e-05 2
6.594044e-05 1
1.590172e-04 1
7.212189e-05 25427
9.528430e-05 1
2.067320e-05 1
2.510570e-04 1
1.298117e-04 6
1.814447e-04 2
5.560211e-05 7
1.050758e-04 1
2.842002e-04 1
3.947394e-04 1
2.156059e-04 6245
7.102297e-05 4
3.402093e-04 1
3.855145e-06 214
5.321853e-06 173668
2.559936e-04 1
4.219116e-05 1
9.132006e-05 1
1.119971e-04 3
1.797081e-04 1
2.253481e-04 1
3.774796e-04 1805
1.942605e-04 1
1.000069e-04 6
3.013737e-05 302106
6.044272e-05 1
8.359938e-05 1
1.086960e-04 1
7.332543e-05 1
2.629467e-04 1
1.888861e-04 7
3.127220e-04 1
3.022451e-04 3
2.418836e-04 5
1.388616e-04 1
9.006257e-05 1
1.175994e-04 3
1.860545e-04 2
1.514884e-04 3
1.199900e-04 7
1.987409e-04 1
1.013284e-04 1
1.082936e-04 1
3.721637e-05 35524
1.572449e-04 248
2.155219e-05 1
4.969795e-05 3
1.677283e-04 1
2.663674e-04 1
4.947187e-05 1
4.963384e-06 19630
6.011911e-04 1
1.777371e-04 102
2.390461e-05 1
6.273675e-05 1
1.121743e-05 1
1.968932e-04 70
5.887585e-05 3
4.320205e-05 3
3.150065e-04 1
5.113901e-05 2
1.769666e-04 7
8.976801e-06 2
1.542859e-04 6
3.659178e-05 1
2.161062e-05 1
7.395405e-05 1
2.190828e-05 1
3.842472e-04 2
3.713487e-05 1
1.116655e-04 1
3.209044e-05 1
3.982107e-04 1
6.423423e-04 24605
1.704945e-04 1
1.799197e-04 3
2.325379e-05 1
1.062490e-04 1
1.002931e-04 1
4.226907e-05 1
1.891858e-04 3
3.798832e-05 1
4.633790e-05 1
8.222863e-05 132
2.370675e-04 1
2.646823e-05 2
2.609296e-04 5
1.878131e-04 6
7.355642e-04 1
1.971187e-04 1
1.812045e-04 1
7.807083e-05 2
8.310652e-05 1
4.410652e-04 1
7.496147e-04 5
8.452251e-05 55380
6.495671e-05 1
2.144431e-05 1
3.129023e-04 5
8.816697e-05 10185
5.808690e-05 4
7.735830e-05 1
5.973769e-05 3
4.794674e-05 7
2.908450e-05 1
1.263173e-04 1
6.685117e-06 1
1.062981e-04 1
6.588594e-05 512
1.002462e-04 215
3.236438e-04 1
4.845634e-06 1
4.433737e-05 1
5.127403e-05 1
1.243195e-04 9146
1.642769e-04 3
1.271541e-05 1
9.334309e-05 1
1.094840e-04 1
5.274808e-05 1
1.020635e-04 253
1.943059e-04 1
8.887705e-05 3
1.531249e-05 194
1.229634e-04 4
1.130013e-04 1
2.224291e-04 1
1.107079e-04 1
1.193410e-04 1
2.954874e-04 485
7.237543e-06 1
5.651021e-04 234
6.383554e-05 2
2.709433e-04 833
2.346636e-04 1
2.590743e-04 3
3.404554e-05 1
9.059671e-06 1
4.575522e-05 3
1.676163e-04 3
5.916256e-05 1
9.980134e-06 683
2.153934e-04 1
4.146174e-06 1
5.805249e-05 1
2.892181e-05 1
1.699446e-04 1
2.092930e-04 1
9.174775e-05 371526
8.622102e-05 1
2.398743e-04 2
1.107594e-04 1
1.784634e-05 1
5.384646e-04 1
9.613954e-05 5
1.843441e-04 27640
1.231056e-04 4
3.490356e-05 2
7.936252e-06 1
1.799241e-05 1
1.427116e-04 1
3.453433e-04 1
7.440212e-05 3
8.229976e-05 1
9.492099e-04 1
3.859043e-05 1
2.789250e-04 1
3.776597e-04 2
2.383042e-04 3
3.339122e-06 3
5.193583e-05 1
6.955953e-05 1
2.597668e-04 1
1.145773e-04 1
1.011839e-03 2
5.827437e-05 2
2.935254e-06 1
2.186885e-04 736
5.646172e-04 1
3.800683e-06 1
1.596249e-05 211
5.142604e-04 1
3.668578e-04 3
2.271391e-04 1
2.281562e-04 39758
3.553938e-04 1
1.194846e-04 1
1.589601e-04 1
2.982878e-05 4
3.596028e-05 1
2.736370e-04 1
1.008513e-04 2
8.234765e-05 3
9.387543e-05 1
9.429102e-05 1
5.177443e-05 1
1.304492e-04 1
3.325057e-04 1
4.678640e-05 6
1.990646e-04 1
1.460458e-05 1
2.113899e-04 1
2.077923e-04 6
1.931840e-04 1
4.795779e-05 3
1.078611e-04 850
7.112110e-05 1
2.161108e-05 2
1.556681e-04 550474
3.647929e-04 3
2.420392e-04 4
5.797641e-05 1
1.227575e-05 7
5.638970e-05 1
6.093689e-05 6
9.104641e-05 1
6.340885e-04 2
1.098048e-06 1
2.498978e-05 1
1.228130e-04 1
6.629228e-05 1
3.154023e-04 1
3.107978e-04 3
2.052219e-04 1
4.342769e-05 264
2.638297e-06 1
2.685911e-05 1
2.047126e-04 1
1.010546e-04 2
4.053402e-05 1
2.423745e-05 1
4.936469e-05 143
5.555555e-05 1
5.531103e-07 6
1.453260e-04 1
9.157589e-05 3
2.227008e-04 1
1.485749e-05 1
1.834279e-04 1
3.162731e-04 1
3.337815e-05 1
7.839805e-05 1
1.202323e-04 7
3.619337e-07 492940
3.899977e-05 1
1.718874e-04 1
3.366840e-04 170
2.708614e-04 1
3.549879e-06 1
2.051579e-05 1
1.171930e-04 1
2.335731e-04 1
1.127751e-03 3
1.044821e-04 1
2.123021e-04 245068
3.613347e-05 5
3.615682e-04 44267
1.070538e-04 1
1.638981e-05 1
1.278702e-05 1
1.487888e-04 1
1.570794e-04 1
1.813173e-04 2
2.937787e-04 259
3.972535e-04 1
2.126400e-04 1
2.202490e-04 3
1.593816e-04 3
3.637491e-05 2
8.899449e-05 2
2.527823e-05 1
2.278174e-05 3
2.276588e-06 2
9.109937e-05 25121
8.802865e-05 1
2.741293e-04 1
3.039905e-04 3
3.243429e-04 1
4.171709e-04 1
3.423596e-05 1
1.372938e-04 1
1.283822e-04 1
8.195537e-06 127
1.984813e-04 1
4.900482e-05 6
5.179861e-04 9914
3.964674e-04 1
2.935091e-04 1
7.156220e-05 1
4.568835e-05 258
3.536042e-06 1
9.992840e-05 35836
6.595516e-05 58481
5.071053e-05 1
2.825918e-04 1
2.597335e-05 234
1.743379e-04 6
9.955843e-05 1
6.410014e-05 1
1.256667e-05 1
1.456903e-05 2
4.738309e-05 3
2.785922e-05 1
7.251842e-05 6
7.868279e-05 7
1.419031e-04 57479
6.235234e-05 1
4.987364e-05 3
7.572835e-05 6
9.517383e-05 125
1.345614e-04 3
8.802753e-05 3
1.502215e-04 756
1.010781e-04 1
3.356212e-05 1
4.850621e-05 1
8.490389e-05 1
3.938290e-04 4
3.376619e-04 5
5.472962e-05 180
9.616432e-06 1
1.094533e-04 1
3.746422e-04 1
2.438546e-04 2
1.895344e-05 2
1.746071e-04 2
5.367575e-04 105
2.482771e-05 39890
1.072176e-04 3
4.065781e-04 1
1.577519e-04 1
1.207110e-04 1
2.754152e-04 2
2.009111e-04 192
3.400448e-05 1
1.317384e-04 1
7.932886e-05 109
3.638762e-04 256
2.052039e-04 1
1.883719e-03 2
7.163610e-05 1
2.276661e-04 2
1.545134e-04 1521
2.272964e-04 3
2.278902e-04 1
2.054682e-04 1
4.484298e-04 1
4.007320e-04 7
3.230654e-04 2
2.973271e-04 4
2.028593e-04 1
1.041020e-04 202
3.146230e-05 1
8.395230e-05 1
4.291867e-05 1
8.772408e-06 7
3.692015e-04 1
1.515474e-04 6
1.574568e-04 1
4.547746e-05 3
1.833066e-05 1
1.927676e-04 1950
3.208694e-05 2
5.764896e-05 1
1.737503e-04 158
2.242518e-04 1581
2.178499e-04 1
5.841673e-05 2
7.419993e-05 1
3.727000e-05 1
1.684955e-04 1
1.452960e-04 1
3.521371e-05 1
1.573911e-04 2
2.935140e-05 175
6.464916e-06 2
2.182979e-04 1
2.171941e-04 1
6.631482e-05 1
2.586003e-04 1
5.004312e-05 2
2.513866e-04 3
2.443339e-04 267
6.494757e-04 1
7.683159e-04 1
4.594268e-05 486
2.535398e-04 7
7.382422e-04 6
1.323001e-04 1
9.814684e-05 4
5.569342e-05 19
7.069139e-04 3
8.984278e-05 1
9.698592e-05 6
7.827856e-04 1
6.081005e-05 1
1.962793e-04 1
2.031814e-04 1
3.525407e-04 2
5.772129e-05 7
7.793694e-06 1
2.491610e-04 1
4.458076e-05 1
2.019999e-04 2
5.265577e-06 69
3.197654e-05 3
1.025411e-04 4
6.453692e-05 1
6.852444e-06 5
1.261844e-04 1
4.763645e-05 1
5.979531e-05 2
4.296296e-04 1
5.057500e-04 1
2.839059e-05 1
6.075280e-05 1
1.328193e-05 6
2.060611e-04 1
9.665099e-04 1
6.244650e-06 4
6.416077e-05 4
2.340515e-04 1
4.315156e-04 1441
1.047035e-04 4
1.786784e-04 7
5.095732e-05 1
6.333048e-06 1
1.589641e-04 1
1.116526e-04 1
1.528013e-05 1
6.544196e-05 1
4.871967e-04 6
4.537754e-05 1
5.331106e-05 4
5.435413e-05 2
2.294675e-05 550
7.056861e-05 2
8.955366e-05 131
2.230882e-04 1
3.324248e-04 34
5.637446e-05 6
3.595954e-04 177
6.759398e-05 5
2.275421e-04 3
4.080663e-05 1
4.254890e-04 6
7.950088e-05 1
8.947824e-05 191
1.334947e-04 3
5.835160e-05 2
3.433556e-04 1
9.706946e-05 1
1.463569e-04 1
2.006057e-04 7
1.154776e-04 1
9.511435e-05 5
3.484300e-04 260
1.581619e-04 1
3.812429e-05 1
2.589022e-04 3
7.477404e-05 1
2.323358e-05 1
1.022011e-04 77
4.350196e-05 1
9.798536e-04 1
9.799737e-05 64
3.803565e-04 1
1.080891e-04 18004
1.583405e-05 748
4.526878e-06 1
4.976496e-04 1
9.388974e-05 3
2.186572e-04 1
2.510868e-04 2
1.177812e-04 1
2.585498e-04 3
1.094852e-04 233
2.975502e-04 1
1.368330e-04 62
3.040446e-05 1
2.693641e-04 3
4.911075e-05 59
9.451023e-05 2
3.486116e-05 1
8.103112e-05 1
6.503711e-05 1
1.925789e-05 1
2.190845e-04 1
1.402012e-04 1
8.286028e-06 1
8.820832e-05 1
1.709317e-04 1
1.720748e-06 2
3.242227e-04 3
1.535859e-04 1
8.727770e-05 5
5.160192e-05 5
6.450441e-05 1
5.608836e-04 1
2.396236e-04 1
1.397338e-04 1148
1.222226e-04 1
2.761350e-05 1
1.793614e-04 2
4.273643e-04 1
4.959206e-04 165
1.913284e-04 5
4.963369e-05 139
9.598469e-05 1
4.854032e-04 1
1.636619e-04 1
5.608296e-05 1
8.057097e-05 7
6.314440e-04 1
5.156726e-05 1
3.815506e-05 1
2.592972e-04 652873
2.249449e-04 1
3.316058e-04 1
1.134840e-04 1
1.475458e-04 1
4.743421e-06 255
1.017046e-04 1
1.182695e-04 1
4.103398e-05 1
8.000250e-05 1
3.336999e-05 2
5.152581e-04 1
1.391569e-04 3
2.806780e-04 33600
3.320796e-04 2
2.813027e-05 1
1.956847e-06 3249
1.664194e-04 1
2.293396e-05 6
1.134606e-05 66
4.054810e-05 2
3.357619e-05 1
1.063091e-04 1
4.763852e-04 2
5.716463e-05 8094
2.340652e-05 1
1.643946e-06 3
7.977441e-05 2
2.319166e-04 236
4.827844e-05 2
1.824454e-04 2
2.324017e-04 1
5.081092e-04 1
9.225113e-05 1
1.587648e-04 119
1.799599e-04 1
2.198017e-04 3
2.760897e-04 61660
1.184009e-04 2
4.326078e-05 5
8.364667e-05 3
1.567106e-04 456
6.673645e-05 1
4.985278e-06 4
1.191072e-04 4
5.312446e-04 1
7.112513e-05 1
1.909924e-04 1
2.916447e-04 3
4.120832e-04 1
2.171294e-05 18
7.547089e-06 1
3.735418e-04 3
1.407246e-04 58
1.328711e-04 3
5.335014e-05 1
2.045282e-04 2
1.943258e-06 137
4.671286e-04 4
3.911778e-05 16284
1.667634e-04 177
4.520858e-05 3
5.529158e-04 1
2.466913e-05 1
6.631790e-05 2
5.143784e-05 2
2.248378e-04 1
1.848991e-04 85
4.018788e-05 5
4.891947e-05 1
1.393606e-04 3
1.302605e-04 1
1.094836e-04 7
2.712090e-07 3
6.667481e-05 1
1.347915e-04 1
4.100115e-06 48606
1.159902e-05 1
2.298549e-04 3
7.649557e-05 86
1.052788e-04 1
4.106532e-05 33085
9.349757e-06 1
8.214764e-05 1
1.669119e-04 30
1.132706e-04 1
2.093973e-06 1
1.224939e-04 251
9.341856e-05 1
1.627443e-04 1
3.273952e-05 27379
9.807593e-05 3
7.829382e-05 3
1.605348e-04 1
2.156666e-06 1
1.160103e-04 80
2.058365e-04 48
2.943523e-05 3
5.100786e-05 2
4.228976e-05 3
2.509549e-04 1
3.489104e-04 1
6.777293e-05 1
4.002935e-05 3
1.085665e-04 1986
1.054401e-04 1
4.138740e-05 150
3.085079e-04 3
2.892327e-04 2
2.786748e-04 1
1.926722e-05 121
3.869038e-05 1
1.006520e-06 6
1.925993e-04 1
1.581787e-04 4
1.051824e-04 3
9.072353e-05 30
5.855527e-05 1
6.929363e-05 2
6.468821e-05 3
1.131451e-05 1
2.068614e-04 159
9.061132e-04 99
3.874531e-04 1
2.324778e-05 1714
8.419716e-05 2
1.829177e-04 1
9.812792e-05 1
1.550300e-04 64596
3.516292e-04 2
8.350653e-04 1
2.042728e-04 1
2.837473e-04 1
1.169190e-04 4
2.422970e-05 1
2.328025e-04 1
3.840976e-04 2
1.415002e-04 2
5.696526e-05 2
9.090441e-05 1
5.815609e-04 2
5.509063e-04 1
2.848905e-04 1
1.873420e-04 1
1.527446e-04 1
4.366063e-05 1
2.397210e-04 1
2.186754e-04 6
5.449744e-05 1
1.408256e-04 4
1.305312e-04 1
5.521634e-04 1
1.636205e-04 968
3.780400e-05 3
6.381996e-05 22276
2.087502e-04 1
2.427322e-05 30
1.882770e-04 2
2.469742e-04 5
1.063016e-04 62
1.980884e-04 1
3.865872e-04 167809
2.621794e-04 1
2.806957e-05 5
5.626945e-05 210626
5.515340e-05 1
6.550882e-06 2
3.589683e-04 1
1.547403e-04 1
2.472754e-04 1
6.114052e-05 1
1.272983e-04 1
4.692123e-04 1
1.146601e-04 1
1.095167e-04 1
4.188725e-05 3
2.393652e-04 1
2.399745e-04 1
1.253101e-04 39657
9.001173e-05 3
5.182783e-05 872
3.232732e-04 1
5.230939e-05 1
1.095507e-04 7
4.585694e-05 3
1.996554e-05 1
2.113195e-06 1
9.285239e-05 1
3.025505e-04 3
7.969281e-05 1
5.507803e-05 2
9.788612e-05 65
1.644298e-05 1000
8.367928e-05 1
6.846598e-05 1
1.004023e-04 1
2.708506e-04 1
4.632534e-04 4067
8.140288e-05 1
3.136773e-04 7
9.344832e-05 3
9.403678e-05 1
7.319766e-05 1
2.361621e-04 1
3.749480e-04 59
2.252681e-04 1
2.553280e-04 2
4.831788e-04 1
9.175129e-05 1
2.985250e-04 244
1.017843e-04 1
7.374230e-05 1
2.537541e-04 1
3.287004e-05 85
3.279077e-05 7
1.000949e-04 1
1.705707e-04 151
1.654386e-04 70
4.030238e-04 1
1.125887e-04 1
1.790130e-04 1112
5.680799e-05 1
7.046013e-05 468
1.688409e-04 1266
3.376412e-04 922
2.686438e-04 2
1.849527e-04 1
2.385844e-04 1
1.886287e-05 1
1.987223e-05 41002
1.242062e-04 1
1.209950e-04 1
1.984856e-04 3
1.949599e-04 3
5.459026e-05 1947
1.809170e-04 1
8.216466e-06 3
5.358901e-05 1
4.302118e-04 1
7.005786e-05 1
1.703796e-04 1
4.041564e-05 1
4.352758e-05 1
1.105523e-04 1
7.359141e-04 64334
2.306152e-04 1
1.644580e-04 165
2.337416e-04 52
1.488738e-04 22045
1.032572e-04 1
1.965367e-04 1
1.675382e-04 3
5.350581e-04 2
1.132224e-04 6
1.564452e-04 1
2.973374e-06 1
1.090757e-04 1
5.642129e-04 2
1.491898e-04 1
1.918108e-04 2
4.715039e-04 158
1.982665e-04 7
5.355337e-05 3
5.744192e-05 1
4.513246e-05 2
3.575500e-05 1
2.006632e-05 877
2.917572e-04 1
1.349797e-04 3
8.215870e-05 7
2.369455e-04 1557
9.943098e-06 30767
4.702241e-05 6
4.749335e-05 1
1.625223e-04 1
1.452407e-04 5
2.517860e-05 2
2.190654e-06 1
8.714052e-05 3
1.235486e-04 4
9.303321e-06 1
5.724916e-04 7
7.439155e-05 2
2.573343e-04 1
2.293690e-04 3
3.280911e-05 3
1.852984e-04 1
6.321854e-05 1
8.118072e-05 2
1.136130e-05 1
2.094895e-04 115
3.987375e-04 1
9.071337e-05 1
1.379526e-04 1
2.049399e-04 1
3.541401e-05 1
1.424963e-04 1
3.098819e-05 88
1.864082e-04 1
2.838741e-05 1
5.726805e-04 1
6.379149e-05 1
1.660454e-05 1
5.390341e-05 163
2.570842e-04 1
2.739149e-05 1
7.041773e-05 4
2.169400e-05 6
8.534752e-05 1
1.563235e-04 50
7.804695e-05 242
1.379094e-04 1
4.098196e-06 1
3.720466e-05 7
4.854123e-05 1
1.588658e-06 1
1.420062e-05 1
6.633210e-04 5
1.639848e-04 1
6.595332e-05 1
1.662101e-04 1
8.731302e-05 1
2.748931e-05 3
1.431890e-04 2
1.600417e-04 3
1.641782e-04 2
1.291930e-05 2
1.741651e-04 1
1.516336e-05 1
3.891429e-04 3
2.052906e-04 2
1.508980e-05 1
4.754346e-05 229
6.675219e-05 1
2.873167e-04 1
2.014547e-04 219
2.181857e-05 1
2.308056e-04 1
4.689710e-05 48760
1.144303e-04 2
3.827905e-05 1
2.555316e-04 1
1.608638e-04 1
4.132415e-05 1
1.750204e-04 62
3.685247e-05 2
2.530098e-04 1
2.666018e-04 1
1.164730e-04 1
1.022806e-04 3
1.311586e-04 1
8.449445e-06 210
2.561810e-05 1
1.856769e-04 2
4.569443e-05 1
2.187699e-04 1
5.501021e-05 1
5.395050e-05 1
1.693426e-04 72
9.677518e-05 1
2.136969e-05 24
1.093360e-05 15
1.618565e-04 1
3.155557e-05 1727
3.620998e-04 1
1.951234e-04 1
7.517162e-05 3
3.269860e-05 1039
2.484784e-04 1
2.875103e-04 1
2.562626e-05 1
2.570349e-04 1
8.008623e-05 2
5.112826e-04 1
1.191576e-04 1
1.243766e-04 1
3.737820e-04 1903
8.885917e-05 1
2.336600e-05 1
7.148314e-05 1
2.146678e-04 1
4.409454e-04 1
1.257191e-04 1
9.557896e-05 47722
1.423365e-04 2
1.847427e-05 1
2.281396e-05 3
3.001667e-05 1
5.364076e-05 1
1.684087e-04 1309
1.198999e-04 3
3.232751e-05 2
1.586449e-04 1
2.369522e-04 5
5.208106e-04 3
8.823933e-05 1
2.909220e-04 1
1.452029e-04 2
1.023024e-04 1
4.483646e-05 1
1.223362e-05 2
1.206259e-04 6
1.703926e-05 1
2.575625e-04 2
1.150316e-04 6
5.525340e-05 1
4.215616e-04 2
1.245335e-04 62294
2.065187e-04 1
2.871773e-05 1
2.734716e-05 1
9.782250e-05 6
3.659743e-05 2
3.608250e-04 2
1.137245e-04 1
1.184639e-04 4
9.357287e-05 1
9.275624e-05 1
5.694851e-06 1
7.747669e-05 1
1.085407e-05 2096
2.166140e-05 1
1.399962e-05 1
3.743771e-05 2
4.902831e-04 1
8.528816e-05 6
2.137760e-04 1
1.045823e-05 5
6.498613e-06 1
2.611353e-04 1
3.044057e-04 1
2.208363e-04 2
1.522832e-04 1
7.524844e-05 1
1.463123e-04 1
2.439972e-04 6
5.103920e-05 3
5.149427e-05 1
9.193508e-05 3
4.991373e-05 1
8.400635e-06 3
4.254208e-06 64798
2.124222e-04 1
9.162963e-05 3
9.649986e-05 41300
6.828603e-05 1
1.214546e-04 1
1.234411e-04 1
2.233954e-04 1
4.840077e-05 52580
3.015835e-04 1875
1.300449e-04 1
7.810799e-05 6
2.095746e-04 2
6.408087e-06 2096
2.580248e-04 1
7.977231e-05 1
1.652627e-04 1
2.127147e-05 2
3.234848e-04 594
2.686236e-06 1
6.550101e-05 1
7.475534e-05 1
7.324376e-06 1
2.467524e-04 1
1.508104e-05 2
1.483179e-04 1
6.212521e-05 2
1.611737e-05 1
1.899681e-07 1
2.302416e-04 214
1.927217e-04 2
1.340349e-04 7
2.460553e-04 3
1.397675e-04 1144
1.208551e-04 1
7.135646e-05 1
3.837959e-04 219
5.609620e-05 1
3.622827e-04 1
1.793477e-05 2
4.117058e-05 1
3.253165e-04 3
4.625581e-05 5
1.007852e-04 1
2.758876e-04 1
5.673134e-06 1
1.073269e-04 1
7.177893e-05 3
1.672183e-04 174
1.461038e-04 1
7.126084e-05 1
1.452938e-04 1
7.576679e-05 1
1.314550e-04 1
2.292315e-04 219
1.538994e-04 10
1.129830e-05 1
2.446261e-04 3
2.253975e-05 2
6.689593e-06 215184
2.934995e-04 3
3.976097e-04 7
5.238896e-05 3
5.249308e-04 1
3.400836e-07 24001
2.308850e-04 1
8.847074e-05 1
1.529859e-05 3
2.587038e-04 3
2.689965e-05 13
2.083779e-05 1
2.125927e-04 1
2.521382e-05 53774
5.960257e-05 5
1.794146e-05 44990
4.670448e-05 2
1.126947e-04 1
1.515152e-04 1
1.898425e-04 2
1.484521e-04 5
1.960622e-04 7
2.397871e-05 3
1.312553e-04 1
7.029657e-05 3
1.688448e-04 1
4.950646e-05 2
1.231861e-04 1
1.354826e-04 1
8.037650e-05 1
3.114743e-04 6
1.298588e-04 5
7.871540e-05 1
5.171641e-05 49
8.700922e-05 18709
2.302348e-04 1
1.604222e-04 2
1.667721e-04 3
2.411555e-06 7
1.608513e-04 1
7.311125e-05 1
2.302774e-05 487686
3.191436e-05 1
1.120519e-04 47131
3.858950e-04 157
1.020118e-04 1
1.845206e-05 2842
2.333495e-05 1
6.880275e-05 1
1.906650e-05 1
3.868851e-05 106
4.351194e-05 3
2.360379e-04 1
4.008067e-05 3
1.262927e-04 1
1.184710e-04 1
3.406485e-05 2
8.324678e-05 1
3.642053e-04 7
5.342213e-06 155
1.098826e-04 2
1.494980e-04 37077
6.650118e-06 1
4.056050e-04 1
7.927196e-05 1
3.149042e-05 1
3.407641e-05 65
1.596191e-04 2
1.074570e-04 1
1.371426e-04 3
7.018570e-06 1510
2.332406e-04 3
3.274053e-04 1
1.948347e-04 23767
1.582088e-04 1
1.207119e-04 1
1.417786e-04 1317
3.757962e-05 1
3.283514e-06 1
1.631167e-05 1
2.133744e-04 36
5.636671e-05 1
8.645097e-05 110
1.107812e-04 1
2.646031e-04 1
9.577286e-05 7
1.040532e-04 1
1.213536e-04 1
1.778892e-04 3
2.146862e-04 1
2.666952e-05 17
4.334559e-05 1
3.772192e-06 52738
2.090192e-04 1
8.618875e-06 1
1.667813e-06 1
1.909758e-05 1
2.293043e-05 1
3.465605e-04 1
5.043156e-05 33465
7.639002e-05 117
1.415983e-04 1
1.844896e-05 1
2.628849e-05 1
1.075415e-04 1
1.673415e-04 5
3.937129e-05 4
2.383467e-05 3
1.240201e-04 61
2.785028e-04 1
3.247258e-04 5
1.552928e-04 1
3.150852e-05 1
8.250791e-05 157
4.414035e-05 3
1.916651e-05 1938
7.115497e-05 3
2.137765e-04 3
1.160629e-04 22208
4.624901e-05 6
2.434227e-06 1
1.323255e-04 2
1.084407e-04 5
4.964741e-05 2
4.544397e-05 2
4.628675e-05 190
5.529408e-05 1
5.065644e-05 1
7.700139e-05 226
3.367280e-06 137
3.562108e-04 1
1.314430e-04 198
3.684912e-04 3
5.823136e-05 1
4.223838e-05 1
9.595168e-05 1
1.265532e-04 67
2.915250e-04 62
2.065652e-04 408
2.761033e-05 1
2.115071e-04 1
3.535724e-05 1
7.677898e-06 1
1.613811e-04 1
2.624129e-04 1
1.103978e-04 224
8.155950e-05 940
2.977257e-04 3
6.416850e-05 3
2.728387e-05 1
1.124427e-04 1838
2.629677e-04 1
8.390997e-05 533
1.127472e-04 1794
7.072438e-05 1
1.177600e-05 1
1.146134e-04 1
3.124837e-05 1801
8.248764e-05 7
1.911562e-04 55672
6.081345e-05 1
6.714359e-05 1
6.455882e-05 1
2.242672e-04 6
5.329931e-05 976
9.434321e-06 1
1.410447e-04 1
4.959154e-05 1
8.163108e-07 1
5.229822e-04 260
7.238941e-06 1448
6.624082e-05 1
6.436815e-05 17582
1.891256e-04 3
8.403192e-05 4
5.883323e-05 5
2.867908e-06 2
2.689327e-04 1
2.306992e-05 1
1.570888e-04 2
3.209844e-06 2
3.572175e-04 2
2.614410e-04 2
3.026658e-04 3
2.393922e-04 2
1.470214e-05 1051
2.373173e-04 1
4.642097e-05 1
2.107265e-04 1
7.956469e-05 1
6.636226e-05 3
1.262951e-04 1
3.163922e-04 1
6.426601e-05 1
8.150302e-05 4
2.975355e-05 6
5.211607e-04 5
7.406357e-05 1
1.284206e-04 3
6.271942e-05 1
1.889615e-04 3
3.922179e-04 27151
5.238799e-04 2
1.387798e-04 1
2.747089e-04 6
5.032272e-04 42
2.361082e-04 129
6.275972e-05 1
1.817696e-05 258
2.483314e-04 6
1.703430e-04 1
4.425647e-06 1
7.908528e-05 4
1.337347e-05 1
1.616036e-04 1177
3.127422e-05 1
1.698900e-04 1
1.057983e-05 1
9.829060e-05 1
2.466686e-05 1
4.821812e-05 281833
4.124749e-05 6
2.496346e-04 1
3.366152e-05 3
8.183858e-05 5
3.379353e-04 1
3.045238e-04 2
2.250630e-04 1
1.604676e-04 1296
2.700385e-04 1
1.914996e-04 3
1.103632e-04 2
7.859499e-05 1
2.122950e-04 2
3.355325e-05 2
1.668438e-05 1
1.090507e-05 1
5.626569e-05 1
1.955894e-04 20977
9.893029e-05 42657
1.453350e-05 1
1.067572e-04 601234
5.194673e-04 117
1.863873e-05 1
1.966094e-04 1
2.370477e-05 2
2.702898e-04 1
4.112238e-04 8530
1.445539e-04 231
1.350581e-04 1
1.131954e-05 5
6.014179e-05 2
1.107644e-04 220
7.497083e-05 1
4.555451e-04 1
1.184407e-04 2
7.194901e-06 89
1.472560e-04 3
2.571233e-04 2
7.603490e-05 1
7.671448e-06 1
6.332130e-05 1
3.474254e-04 3
1.711377e-04 1
5.348943e-05 41406
2.478483e-05 1
4.229330e-05 1
1.130583e-05 1
8.614294e-05 1
1.821948e-04 1
3.828964e-05 1
9.058872e-05 32
2.418927e-04 1
1.951018e-05 58
2.686560e-04 5
5.363866e-05 2
5.518214e-05 3
1.425394e-05 1
1.007489e-04 1
9.843116e-06 2
1.825192e-04 6
4.701894e-05 6
1.162906e-04 57085
3.976224e-04 3
1.252039e-04 22142
1.375544e-06 1
4.288748e-05 2
6.109289e-04 1
2.417342e-04 1
4.429914e-05 37555
5.492297e-05 1
1.740396e-04 1
1.680527e-04 1
3.271786e-04 1
2.734075e-04 3
1.694266e-04 1
1.544263e-04 1
2.206870e-04 1
3.234371e-08 176
5.293736e-05 2
1.605197e-04 4
2.336816e-04 5421
1.517624e-04 2
3.745553e-05 5
1.825821e-04 1
1.259968e-04 3
2.281268e-05 2
5.068170e-05 6
4.561410e-04 1
4.734613e-05 1
8.736925e-05 1
3.025760e-05 1
5.369572e-05 2
1.242011e-05 1
9.264346e-05 1
5.759439e-05 3
1.138989e-04 1
2.613289e-04 1
2.238008e-04 1
1.792304e-04 1
4.501632e-04 1
1.313931e-04 5174
7.906766e-07 1
4.636899e-05 4
4.741632e-04 2
2.864702e-04 895
1.931098e-04 1
1.131126e-04 2
1.413264e-04 2
7.378138e-05 180
8.023984e-05 1
2.804866e-04 34006
1.580714e-05 1
6.684024e-05 1
2.071540e-05 3
7.675947e-05 2
2.839769e-04 1
1.166000e-04 1
7.805196e-05 1
9.203543e-05 4
2.557817e-04 2
1.530231e-04 2
1.943557e-06 1
3.096852e-04 241
1.086029e-04 1
1.841387e-04 206
6.927445e-05 1
5.942992e-05 24216
1.201789e-04 1
3.495795e-05 1
1.052071e-04 3
5.845010e-05 3
2.550191e-04 1
1.241046e-04 1
2.948428e-06 7
1.354150e-04 433
2.000309e-05 3
6.430782e-05 1
1.867225e-04 3
4.027903e-06 1
5.073956e-04 334
1.957136e-04 1
2.664844e-04 28994
7.448524e-05 2
1.746949e-04 280
1.254517e-04 1
1.195245e-04 2
7.109952e-05 3
8.934087e-05 1
1.333318e-05 3
8.099318e-05 1
8.572933e-05 6
2.123630e-04 1
2.322327e-05 3
2.269917e-04 2
2.051529e-04 932
1.143337e-05 64
1.688783e-04 1
2.698846e-05 3
6.000964e-05 7
1.357553e-05 1
5.239108e-06 1
1.232472e-04 1
1.882724e-04 2
3.011965e-04 28914
1.771200e-04 1
2.203227e-04 2
4.333678e-05 265
6.757417e-05 1
2.505521e-04 36
1.995912e-04 1
5.909596e-05 1
6.435159e-05 1
5.179817e-05 1
2.002144e-04 2
2.174151e-04 1
2.445921e-04 1
6.380532e-04 1
8.933409e-05 1
1.739882e-04 1
1.255798e-04 1
1.191101e-04 2
2.844681e-04 1
8.135314e-06 1
9.513645e-05 4
3.815349e-05 1
1.679171e-04 1
1.531448e-04 1
1.598648e-04 111
3.398711e-05 5
3.246341e-05 1
1.146778e-04 30738
2.125960e-04 16081
1.043992e-04 6
3.646357e-04 1
3.995288e-04 134
2.870171e-04 4
2.174912e-04 1
2.825323e-04 1
2.557498e-05 7
6.700409e-05 3
1.328830e-04 1
4.593072e-04 1
2.751802e-05 1
2.839942e-04 3
6.738520e-05 2
3.853463e-05 1
7.004896e-06 3
6.686565e-04 1
9.067229e-06 169
1.809010e-04 59549
3.898633e-04 5
4.122428e-05 1
1.034833e-04 5
2.659639e-04 1
3.710640e-05 5
2.134861e-04 1
2.758958e-04 1
3.402685e-05 1
2.782800e-04 1
1.068550e-04 1
4.183902e-04 135
1.152078e-04 4
2.221191e-05 2
1.538798e-04 1
1.104687e-04 1
4.114252e-05 32319
4.824525e-05 2
2.949768e-04 3
8.738164e-05 1183
6.051354e-04 1
3.472095e-05 1
4.928935e-05 3
1.581193e-04 1
9.386322e-04 1
1.612624e-05 1
4.261689e-05 397
8.358160e-05 584702
5.740545e-04 1
8.079738e-05 1
1.201493e-04 244
9.864003e-06 2
8.983718e-05 6
6.381833e-05 1
4.446793e-04 35216
3.898426e-05 3
1.111186e-04 1
4.928409e-05 2
2.819926e-04 2
1.592860e-04 2
1.138457e-05 2
1.767266e-04 2
3.523647e-04 1
3.359649e-05 36555
1.963736e-05 2
3.875569e-05 3
7.787560e-05 1
2.001500e-05 3117
1.903969e-04 226
9.840081e-05 1
9.842520e-05 1
9.903574e-05 1
4.868925e-05 1
1.923225e-04 1
4.661076e-05 1
3.022567e-06 6
6.559713e-05 1
3.097102e-04 1
1.136097e-04 1671
1.508839e-05 111
6.684883e-05 3
9.101996e-05 1
9.846608e-05 2
9.421325e-05 1
1.813267e-04 1
3.416000e-05 1
2.398942e-04 1
4.054395e-05 1
2.524663e-04 1
9.163012e-05 3
1.129885e-04 2
7.305960e-05 1
7.549210e-05 4
1.508902e-04 1
2.251438e-04 1
6.360716e-04 1
6.065115e-05 1
1.268129e-05 52241
1.618680e-04 1
8.157860e-05 5
5.509823e-04 183
4.443030e-05 6
2.338376e-05 2093
4.318030e-05 34
5.989203e-05 1
1.443477e-04 1
8.632414e-05 82
1.267712e-05 1
1.539531e-05 7
3.345610e-05 1
3.303877e-05 3
1.223839e-05 2
1.566192e-04 1
7.855073e-05 4
2.693916e-04 3
4.674960e-04 19445
2.862707e-05 1
1.149771e-04 1
1.759616e-05 1
3.113772e-04 1472
1.594962e-04 555991
1.114451e-04 2
1.219113e-05 1
7.306983e-06 2
1.934273e-04 1
1.751174e-05 1
3.022113e-04 6
1.086286e-04 1
6.182660e-05 5
7.532419e-05 1
2.587475e-05 118
2.567441e-05 1
3.645931e-04 2
1.135298e-05 183
5.183093e-06 188
2.457460e-04 1
3.057213e-04 1
