5.007201e-05 1
2.736643e-06 1
6.313726e-06 1
5.715180e-06 3
2.838422e-05 1
3.123310e-06 2
2.156403e-06 1
8.680610e-06 1
5.606613e-06 1
1.918134e-05 2
4.636126e-06 241
1.447995e-05 6
3.676810e-06 1
3.290075e-06 4
1.652861e-05 3
4.745641e-06 301
1.624286e-05 7
1.160922e-05 159
2.089183e-05 1
1.764746e-06 1
2.835362e-05 1
1.412059e-05 1
6.327362e-06 1
3.263729e-06 2
1.552567e-05 1
2.568897e-05 2
1.115522e-05 1
1.243248e-05 651864
9.776979e-06 1
1.186818e-06 248
1.358827e-06 60760
1.291420e-06 1
3.032596e-06 1340
1.611616e-05 1
2.657812e-05 5
5.465747e-06 1
8.638594e-06 2
6.510977e-06 1
4.470663e-06 1
1.113767e-05 1
2.653200e-06 1
7.080683e-06 2
6.095903e-06 5
1.086114e-05 1
9.503572e-06 1742
1.081576e-05 6
3.171910e-06 1
3.566949e-05 4
1.030867e-05 1
7.267005e-06 1
5.110416e-06 7
1.267634e-05 1
6.888889e-07 1
3.600422e-06 7
3.384234e-06 1
9.240711e-06 1
2.383678e-05 1
1.013168e-05 1
5.307716e-06 1
1.973770e-05 1
2.325011e-06 1
4.495237e-06 1
8.665931e-06 59586
8.272727e-06 1
1.302156e-05 2
4.812859e-05 724
3.428710e-06 2024
2.136133e-05 7
3.379228e-05 1
8.832116e-06 1
1.913839e-06 1
2.305882e-05 6740
1.528857e-05 3
5.653936e-06 3
1.098333e-05 144
4.778121e-05 2
1.903519e-06 1
1.756104e-06 1
4.074937e-05 156100
2.073552e-05 1
1.459493e-06 6
5.996345e-06 45433
1.299738e-06 2
9.617781e-06 10662
2.340828e-05 1
1.853205e-05 5
2.218523e-05 1
4.826494e-06 1
1.096255e-05 2
1.338385e-05 2
5.776661e-05 1
1.011217e-05 1
5.567376e-06 356
7.563588e-06 2
1.101057e-05 1
1.244402e-05 144
2.953105e-07 7
7.989179e-06 2
2.318812e-05 1
1.932819e-05 98353
2.368951e-05 3
2.951170e-05 2
3.784165e-05 1
4.579838e-05 256
1.369170e-05 7
4.203213e-07 4
1.717954e-05 2
1.146020e-05 3
1.223805e-05 1
8.054206e-06 1
7.813555e-06 1
4.924430e-06 1
3.871054e-05 1
8.980617e-07 1
6.367632e-06 47
1.412018e-06 1
1.546875e-06 1
2.897628e-06 3
5.089841e-06 1
1.259108e-05 7
4.056324e-06 1
2.126752e-05 1
1.550158e-06 1
3.068619e-06 1
7.226085e-06 1
1.465372e-06 1
8.115098e-06 7
4.902454e-06 1
5.136610e-06 3
1.647162e-05 1
3.753130e-06 25
5.590148e-06 1
3.859316e-06 1
5.457422e-07 1
1.405681e-05 5
3.762872e-05 1
1.050455e-05 1
7.432232e-07 2
6.863292e-06 1
2.474366e-05 1
3.056686e-06 4
1.105191e-05 1035
2.520290e-05 1
7.268874e-06 6
1.776062e-06 1
4.914368e-07 1
1.543657e-05 1
2.347424e-05 7
1.749002e-05 1
3.423508e-06 1
2.219752e-05 654693
6.075054e-07 2
3.742758e-06 7
1.966369e-06 2
1.670319e-05 1
2.475228e-05 3
9.591229e-07 1
2.941735e-06 186
4.850105e-06 4
3.557596e-06 1
9.552398e-06 700
4.323373e-06 6
6.298386e-07 1
5.282419e-06 1
1.834688e-06 1
7.544217e-06 1781
2.938118e-05 1
1.584414e-06 1
3.856247e-05 1
8.148483e-06 1
2.255912e-06 1
1.115098e-06 7
4.089886e-06 3
2.046235e-05 5
1.281396e-06 1
1.818722e-05 3
3.762716e-06 1
2.786350e-06 3
1.532345e-05 46
2.600851e-05 58131
3.989978e-06 2
3.689482e-05 3
5.122582e-06 1
4.028019e-05 1
2.625701e-05 1
1.476810e-05 1
1.318114e-05 1
2.759712e-06 1
2.709868e-05 1
1.204700e-06 1676
3.711710e-05 1
2.197523e-05 2
2.258124e-05 1
7.221368e-06 1
2.487207e-05 3
4.727834e-06 1
1.160712e-05 1423
6.622106e-06 2
7.531350e-06 124
3.287388e-05 1
2.356079e-06 5
1.617113e-06 1
4.048309e-06 2
1.765266e-07 1
5.473298e-06 7
1.311183e-05 3
1.460570e-05 1
2.401518e-06 1993
1.692195e-05 46
2.157281e-06 1
8.502027e-06 5
6.361214e-06 2
5.348822e-06 1
8.628352e-06 245
3.552135e-06 3
4.011396e-06 1882
1.249759e-05 263
3.634165e-05 1
1.284878e-05 1
6.642634e-06 579
1.488475e-06 2
9.147038e-06 1
7.019826e-06 1
2.315833e-05 1
1.693450e-05 3
1.268110e-06 5810
1.237201e-05 1
1.530215e-05 49
2.055255e-05 1217
7.614184e-06 2
6.834218e-06 6
1.116033e-05 3
1.304295e-05 2
1.836231e-06 2
7.118080e-06 1
1.458151e-05 1
8.254855e-06 1
3.432002e-06 430464
1.071990e-06 1
1.315534e-05 1
2.787478e-05 1
2.507895e-06 2
1.551952e-06 1
5.011726e-05 1
4.681599e-06 3
2.252833e-06 1
7.010784e-06 1
1.087404e-05 1
8.564472e-06 259
5.543184e-06 6
1.879487e-05 3
1.456823e-05 209
7.190261e-06 3
5.100323e-05 2
8.350081e-06 3
6.078315e-07 1
7.722473e-06 204
1.172486e-05 38086
4.904312e-06 1
1.187396e-06 1
5.205883e-05 1
3.654860e-07 3
1.414680e-05 77
2.706830e-05 1
3.530236e-06 5
6.668921e-06 1
1.394284e-05 169
1.001388e-05 1
4.339667e-06 4
1.919258e-05 135
1.242270e-05 1
1.529185e-05 4
3.232275e-05 2
3.196616e-06 1397
1.225985e-05 3
5.539321e-06 1
3.907250e-05 1
9.046120e-07 1
1.817372e-06 239
9.525965e-06 1
1.445127e-05 1
2.059549e-05 2065
2.335776e-06 2
1.679090e-05 61
6.608160e-06 1
1.563961e-05 1
4.417024e-05 2
8.402206e-06 1
7.993862e-06 1
1.585242e-06 1
2.326415e-05 3
2.153787e-05 2
6.579074e-07 1
6.206371e-06 1
2.792501e-05 2
2.188404e-06 1
9.340959e-06 1
2.836285e-06 3
2.917683e-07 1
4.242681e-06 1
1.233690e-05 4
9.742000e-06 7
1.908606e-06 2
4.434186e-06 1
8.345109e-08 1
9.710604e-06 1
1.022209e-05 1
3.802176e-05 2
8.931082e-07 1
7.222898e-06 1
1.479937e-06 1
8.025616e-06 1
5.969241e-06 2
1.037969e-05 3
2.373427e-05 45
7.551399e-06 1
1.076597e-05 6
7.200068e-07 261
1.489668e-05 1
5.729103e-06 1
1.361227e-05 1
5.376559e-06 7
4.158125e-05 1
3.601828e-05 7
1.248424e-05 1
1.178262e-05 1
1.662527e-05 1
1.877952e-05 6
1.337040e-05 1
1.569583e-05 1
1.266772e-05 172
4.051947e-06 2
1.230104e-05 1
1.105909e-05 2
2.623069e-05 96
2.922607e-05 1
8.511413e-06 1
1.407957e-05 4
5.143864e-05 1
1.889767e-06 1252
1.419370e-05 1
1.667416e-05 1
1.015677e-05 175
1.396352e-05 1
1.123772e-05 5
7.900737e-06 3
2.008027e-06 3
1.066434e-05 1
8.859009e-06 4
7.173685e-06 6313
3.152954e-07 1
1.614283e-06 5
1.440457e-05 41
2.584000e-05 1
5.274236e-06 1
9.833543e-06 1675
2.059631e-06 1
1.902388e-05 1
1.830294e-06 1
3.562228e-06 3
1.002498e-05 1
1.643078e-05 3
3.473966e-05 3
2.173249e-06 1
1.575453e-05 2
1.588447e-06 1
1.686464e-05 2
8.070855e-06 1
9.320839e-06 10022
4.961502e-05 4
1.763824e-05 1
8.783627e-06 210
2.988290e-06 2
8.837757e-06 261
5.793941e-06 208
1.475402e-05 2
1.714341e-06 4
1.953052e-06 1
1.817876e-05 1
2.213065e-05 7
3.609610e-05 1
1.130074e-06 5
1.092382e-05 7
1.629627e-05 1
7.505461e-06 284036
2.557716e-05 1
2.002696e-05 1
4.306226e-06 1
5.867508e-06 1
1.091541e-05 2
7.511465e-05 1
1.473510e-05 1812
5.453981e-06 1
5.155902e-06 5
1.198892e-06 3
1.274334e-05 96
9.377190e-06 323
4.882412e-06 1
1.861661e-06 1
6.200225e-06 1
3.250331e-06 1
4.238047e-06 1
2.606439e-05 1
1.798196e-05 4
1.477029e-05 7
4.793005e-05 1644
9.762855e-06 1
2.499074e-06 1
2.532416e-05 6
9.200482e-06 1
1.862414e-05 2
3.410116e-05 1
7.768929e-06 1
3.227730e-06 42773
3.171017e-06 16067
9.721200e-06 73
1.024005e-05 2
3.368239e-06 6
6.215329e-07 1
2.627711e-05 1
3.316168e-06 7
1.462732e-05 1
3.062809e-05 1
1.097555e-05 1
1.377028e-05 1
1.552426e-05 1
7.668197e-06 27
1.712400e-06 1
3.703952e-06 2
3.264388e-05 2
2.758492e-05 1
2.524456e-05 2
1.942624e-05 3
1.371833e-06 3
1.026605e-05 1
3.623853e-06 3
6.307999e-06 1
1.652188e-05 1
5.526887e-06 1
3.558835e-05 1
2.006319e-06 1
9.051915e-06 1
4.471506e-06 230
2.378584e-06 1
3.992805e-07 1
1.414239e-05 1
6.995767e-06 1
1.280869e-05 5
1.475273e-05 1
4.244702e-05 1
1.668193e-06 173
1.338596e-06 57
2.546892e-05 1
1.176154e-05 3
4.149681e-06 5
3.952338e-06 1
2.382613e-05 1
1.468538e-05 1009
3.020800e-05 1
2.732132e-05 4
2.934751e-06 4
1.902836e-06 1
1.587799e-06 3
7.185011e-06 1
4.918548e-06 152
5.465153e-06 1
4.038941e-06 1
2.155200e-06 1
5.250913e-07 50266
1.354777e-05 53569
2.145471e-06 4
2.263109e-06 1
4.421846e-06 183
2.410794e-05 1
2.160235e-05 4
8.447875e-07 2086
2.277009e-05 1
5.987542e-06 1
2.946673e-05 1
4.007554e-06 1
2.864827e-05 5
3.103521e-06 2
8.913834e-06 7
2.152925e-05 1
4.892296e-05 4
2.145788e-05 4
4.836400e-06 1
2.101961e-06 1
1.771426e-05 46403
6.361617e-06 1
4.524923e-06 1
1.650716e-05 1
1.425516e-06 1
2.058714e-05 1
1.033330e-05 2061
1.312516e-06 3
3.740032e-06 4
6.047568e-06 36473
3.128048e-05 18
2.856476e-06 3
2.371088e-05 1
1.040643e-05 6
5.423179e-06 1
9.632545e-06 1
1.953702e-05 40
8.922764e-06 3
4.996302e-06 4
1.055544e-06 1
7.926413e-06 2
1.205341e-05 146
4.864983e-06 6
1.056539e-05 1
1.430412e-05 1
2.923417e-07 1
1.509856e-06 4
6.603012e-06 1
2.168496e-05 1
1.750803e-05 5
1.351555e-05 3
4.853893e-06 1
5.569932e-06 1
2.998328e-06 1
8.874888e-07 1
8.887184e-06 1823
9.993842e-07 3
5.003942e-06 3
5.944159e-06 2
2.270617e-05 1
5.253897e-06 5
3.200583e-05 1
2.730327e-05 2
5.826967e-07 1
2.009671e-06 52891
1.184882e-05 180
3.386399e-05 7
7.463799e-06 1
7.662055e-06 1
6.566812e-05 3
3.708976e-05 2
4.218548e-06 2
1.663385e-05 142
8.253742e-05 7
1.438797e-06 1
3.339234e-06 1
3.187268e-05 1
1.323467e-05 1
8.848824e-06 324361
3.758067e-06 1
4.231757e-06 1
8.259491e-06 2
5.024736e-06 56
1.003546e-05 1
5.346743e-06 2
1.223522e-05 1
6.879190e-06 5
9.856629e-06 1
1.177661e-05 4
8.221739e-06 1
4.262097e-06 1603
1.444895e-05 3
7.356235e-06 3
2.144429e-05 4
1.686166e-05 1
1.262266e-05 6
8.867502e-06 1
7.151268e-05 50915
4.367319e-06 1
1.658177e-06 1685
2.048476e-05 1
1.527395e-05 179
1.121897e-06 382
2.863402e-05 1
1.437048e-05 1616
1.827488e-06 2
1.873072e-07 103242
1.164901e-04 7
2.574591e-05 6
8.198556e-06 5
4.689081e-06 1
3.089529e-05 1
1.053757e-05 1
1.235706e-06 2
8.113273e-06 2
7.566182e-07 6
9.480016e-06 2
1.918918e-05 1
4.843429e-06 112
9.923427e-06 1
1.756454e-05 1
9.870510e-06 7
5.906090e-06 1
8.462301e-06 3
3.381610e-05 1077
1.780759e-06 977
3.366765e-06 1
2.712826e-05 24380
8.940920e-06 1
2.133715e-05 1
1.864342e-05 1
5.384563e-06 1
2.604392e-07 1
7.346819e-06 57775
1.504791e-06 2
1.743555e-05 1
1.678668e-05 3
2.671773e-07 3
7.377147e-07 3
5.257219e-06 1
9.391415e-07 7
6.756588e-06 1
7.388339e-06 1
2.083994e-06 1
2.680731e-06 1
2.307991e-05 1
7.023140e-06 1
7.072278e-06 1
7.920897e-06 1380
1.427024e-05 1
3.083473e-05 1
1.442851e-05 1
4.485535e-06 1
9.928365e-07 1
3.995283e-06 1
4.525533e-06 1
3.552899e-07 1
1.511843e-05 5
1.462355e-05 7
2.881316e-06 1
9.689722e-06 1
2.459530e-05 2
3.953535e-07 3
3.406579e-06 209
1.939909e-06 1
1.522044e-06 2
1.044533e-05 1
1.795924e-05 63
1.554868e-05 1
1.459632e-07 2079
6.927446e-06 3
8.808356e-07 3
1.614055e-05 1
1.296479e-06 1
1.106806e-05 65
3.240481e-06 1
2.986969e-06 1
9.867549e-06 1
6.987880e-06 198
4.932628e-06 3
4.849390e-06 1
1.720260e-05 1
5.106681e-06 2
6.314543e-06 1
9.247071e-06 1
1.106818e-06 1371
1.605527e-06 1
7.939471e-07 1
9.594710e-06 6
1.056919e-07 51931
6.430806e-06 1
4.078525e-06 1
4.935869e-06 1
8.377582e-06 1
1.566631e-05 257
1.154210e-05 1
1.026020e-05 1
4.406559e-06 1
1.738397e-05 1
1.122667e-06 1
3.282696e-06 1
1.206731e-05 6
2.930928e-05 415
1.692690e-05 1
1.801058e-05 2
6.468760e-06 1
7.074938e-07 1
5.678141e-06 23342
5.347093e-05 7
2.269297e-05 1
1.108171e-06 1
1.606553e-06 394243
1.971370e-05 1
7.811384e-06 2
2.026407e-05 1
7.477393e-06 3
3.088541e-05 1
4.612671e-06 1
1.309821e-06 4
7.658492e-06 156
1.976417e-05 147
1.257795e-06 1
1.292535e-06 1
2.366221e-05 3
6.342315e-05 19021
4.253836e-06 7
1.875473e-05 1
5.554395e-06 1
1.134607e-06 1
1.267288e-05 1
1.064406e-06 7
3.113282e-06 5
3.007785e-05 909
8.625912e-06 1750
2.702575e-06 1
1.648569e-05 1
4.711434e-06 1
6.594909e-07 7
8.955474e-06 3
4.827991e-06 7
1.846796e-05 140
4.635294e-05 1
1.618359e-06 1
2.440986e-05 1
2.133153e-06 5
5.423081e-06 126
8.387288e-06 3
6.076083e-06 1
4.317436e-06 1
1.487177e-05 4
9.635818e-07 1
1.873887e-05 7
4.152955e-05 51
7.593506e-06 1
1.835669e-05 7
1.791361e-05 1
8.368983e-06 1
1.272424e-05 2
3.576363e-07 1
2.431269e-07 1
1.527949e-05 179
4.478054e-06 2
2.229137e-06 76
8.436274e-06 4
9.815562e-06 3
2.657290e-06 54766
1.098289e-05 3
5.135881e-06 1
5.186355e-06 1
1.852087e-06 1
7.748973e-06 1
2.407860e-05 1
1.311596e-07 1
2.508328e-08 3
1.543211e-05 96
2.314819e-06 1
2.929949e-06 1
8.450045e-06 1
6.248725e-06 1
2.795124e-06 1
1.498374e-05 3
1.164683e-05 2
1.379820e-05 1
4.009511e-06 3
3.242393e-05 1
1.822575e-05 1
8.428209e-06 3
5.881304e-06 6
3.034781e-05 1
1.708647e-05 9151
9.386336e-07 1
4.448993e-06 1
1.841445e-06 1
6.208787e-06 6
3.393144e-06 5
1.087349e-05 1
1.193081e-05 1
1.088890e-05 1
9.913727e-06 3
6.985112e-06 36478
1.078768e-06 2
3.302552e-05 2
1.758187e-05 2
1.037719e-05 1
3.441611e-05 1
7.062312e-06 1
1.621816e-06 3
1.961812e-05 4
2.709829e-06 209
3.364474e-06 2
8.119639e-07 1393
5.967820e-06 1
4.814909e-06 1
1.979011e-06 238
1.323447e-05 1
2.746369e-06 1
2.398676e-05 1
5.860014e-06 1
2.564697e-05 1
3.994791e-06 1
2.030702e-05 3
1.065627e-06 725
9.820759e-06 1
3.207893e-06 1
5.117418e-06 7
2.491061e-06 1
2.098289e-05 1
3.116854e-07 1
4.757088e-06 1
5.530143e-06 7
1.324859e-05 2691
3.119911e-05 1
1.485592e-05 1
1.436348e-05 1
1.176345e-05 3
5.714071e-06 1
8.594508e-06 3
2.537146e-06 2
1.258500e-05 1
1.433873e-06 17
2.345809e-06 1
1.530771e-05 1
1.203989e-05 1
6.241733e-05 6
4.566089e-06 3
1.780812e-05 1
4.821225e-06 246
3.421703e-06 3
7.777491e-06 1
2.094442e-05 2
2.523320e-05 1
4.121045e-06 1
3.750779e-05 3
9.753489e-06 1907
1.458411e-05 1
7.984160e-07 7
9.831546e-06 783
3.358291e-05 2
2.985687e-06 1
1.097334e-07 11392
4.895550e-05 1
2.639186e-05 2
5.372027e-08 2
4.622317e-06 5
6.330897e-06 1
7.442057e-07 3
1.019871e-05 1
3.097486e-05 1
8.742115e-07 1
9.000493e-06 1
1.266399e-05 59218
8.571050e-06 1
5.490229e-06 3
1.301095e-06 1
1.740053e-05 2
1.210438e-05 1115
2.252773e-07 168
1.704698e-05 1
3.865665e-06 114
4.682791e-07 26853
6.881346e-06 2
6.835040e-05 3
3.597331e-06 2
2.814184e-06 1
2.803077e-06 174
3.689278e-06 1
3.106216e-06 1
1.315713e-05 1
2.594978e-05 6
2.416078e-05 3
9.638926e-07 8193
2.028742e-06 5
2.545598e-06 3
1.540063e-05 1
6.085944e-06 252
5.472639e-06 1
2.284999e-06 1
2.223605e-05 6
1.606622e-05 1
2.413860e-05 211
3.930157e-06 1
4.488995e-07 1
7.688312e-06 1
1.198017e-06 24311
9.672568e-06 1
1.234078e-06 228
1.131835e-05 1
1.603187e-05 1
8.477620e-06 1
1.542115e-05 1
6.040765e-06 1
1.443137e-06 7
1.260575e-05 1
1.661798e-05 1
1.173105e-05 2
1.047119e-05 62208
4.788862e-06 6
1.416264e-05 3
3.067126e-06 2
3.538296e-05 1
1.068200e-06 5
1.020463e-06 1
4.263404e-06 1597
3.433018e-05 3
1.321789e-05 23
2.058308e-05 1182
2.846284e-06 1
1.745184e-06 1
2.084230e-05 1785
2.429880e-05 2
1.772462e-05 1
4.798482e-07 1700
3.923908e-06 3
1.303971e-05 1
3.353486e-07 1736
2.251825e-06 1
1.865729e-05 185
4.216021e-05 3
3.069070e-05 38
1.150565e-05 1
1.755389e-05 4
1.302893e-05 7
7.612655e-06 7
6.036738e-06 3
3.044290e-06 382
7.317838e-06 788
2.549387e-07 1
5.154952e-06 3
1.600503e-05 2
3.945058e-05 2
1.297478e-05 1
3.541504e-05 222
1.938632e-07 1
1.416057e-05 3
1.727162e-05 3
7.741757e-06 1
1.436516e-06 1
4.134605e-06 5
6.710222e-06 1
2.672947e-06 1
2.261668e-05 244
7.385733e-07 1
2.268813e-06 3
8.899676e-06 1
2.383197e-06 1
2.342105e-05 64
2.187618e-05 1
4.054699e-05 1881
1.096771e-05 7
2.440323e-06 1
2.998518e-06 1
1.473182e-06 1
1.358101e-05 1
1.813848e-06 1
8.193711e-07 90
1.814776e-06 3
9.978266e-06 1
1.286488e-05 1
2.292294e-05 51665
4.155963e-07 1
2.168005e-06 1
2.498826e-06 1
1.100263e-06 1
4.024673e-06 2
1.348677e-05 3
3.096623e-06 6
2.410628e-06 2
2.021832e-06 1
2.489528e-06 2
4.569600e-07 1
9.534781e-06 48
6.413415e-06 1
1.697504e-05 1
2.743552e-05 1
4.135133e-06 2
4.324630e-06 1
8.678837e-06 7
5.849344e-06 1
1.873210e-06 7
1.424927e-05 1
3.393213e-06 1
4.669889e-06 1
4.013099e-06 1
9.504763e-06 2
4.806196e-06 929
1.000611e-05 1
1.897537e-06 1
2.132703e-06 1
1.271667e-05 2
3.218737e-06 1
5.296565e-06 2
8.748189e-06 2
4.715788e-06 3
2.734744e-05 1
2.529079e-05 1
2.635963e-05 153
2.313281e-05 1
1.567018e-05 1
4.412914e-05 1
2.197409e-05 1
9.359351e-06 1
1.088652e-05 2
1.353675e-06 6
1.168385e-05 1
1.325118e-05 2
4.428895e-06 1
1.413345e-05 1
2.607636e-06 7
1.522189e-05 1
1.929635e-06 4
1.558852e-05 1
2.805151e-05 1
5.203409e-06 1
5.983602e-07 1
1.082974e-05 3
6.711651e-06 7
1.257953e-05 4
1.869641e-06 1
5.459974e-06 1
1.810066e-06 1
2.255438e-05 3
2.362585e-05 1
1.082531e-05 1
2.039988e-06 214
2.953588e-06 25758
2.409633e-05 1
2.574978e-05 2
3.383055e-05 1072
4.948806e-06 1
1.267663e-05 1
1.682965e-05 3
1.293528e-05 7
1.739006e-05 1
9.354933e-06 3
4.286717e-06 100
2.328267e-07 1
2.496642e-05 2
1.424161e-05 1869
3.815813e-06 1
1.003928e-05 1088
3.487054e-05 1
5.541619e-06 1
4.685261e-06 1
1.671460e-06 1
1.711381e-06 29
1.178868e-05 1
1.339907e-05 1
2.281369e-06 1
1.263241e-05 2
9.186065e-06 1
7.868495e-06 1
6.151493e-05 1
7.564087e-06 6
2.145667e-05 1
7.978518e-06 1
9.224989e-06 1
1.562183e-05 1
1.143845e-06 4
6.183085e-06 1
2.466229e-05 3
2.151412e-05 3
5.022176e-06 66317
4.284880e-05 224
1.998001e-06 3
5.063718e-06 1
3.433480e-05 2
1.825166e-06 46
1.814746e-06 7
7.762685e-06 3
1.555083e-06 1
2.491282e-06 1
3.512138e-06 2
2.136463e-06 1658
5.801169e-06 1
1.463422e-05 2
1.170093e-05 3
6.602055e-06 733
7.992311e-06 1
1.451303e-05 1
6.312379e-07 7
9.447050e-06 1
4.417761e-06 1
1.466255e-05 1
6.283108e-06 6
1.071928e-05 1
3.564847e-05 4
7.693384e-06 364
7.459769e-06 1
9.552221e-06 3
1.825283e-06 2
3.353685e-05 1
7.668797e-06 1
9.387632e-06 7
1.485487e-05 170
1.165156e-05 2
2.590986e-05 239
1.055855e-05 3
7.934807e-06 1
2.958898e-06 53
5.929028e-06 1
2.602868e-06 3
7.616967e-06 230
6.732670e-06 1
2.238979e-06 3
5.530985e-05 1
2.537611e-05 2
2.246135e-05 4
6.984995e-06 3
1.813523e-05 4
1.168630e-05 3
8.084642e-06 2
5.891637e-05 1
3.825969e-06 1
3.544787e-05 1
6.135379e-06 1
1.353448e-05 1
1.603290e-06 1
2.047293e-05 1
1.174148e-05 1
1.075292e-05 124
1.995910e-06 3
4.873899e-06 1
3.117978e-07 4
2.409476e-06 1
2.209912e-06 4
1.332403e-05 1
1.597650e-05 2
1.574464e-05 120
9.641599e-06 4
9.640003e-06 1
2.881796e-07 12
3.049278e-05 1
3.558784e-06 3
6.373076e-06 1
9.000125e-06 4
1.409857e-05 1
2.449116e-07 1
3.000643e-06 7
3.240035e-07 3
4.115211e-06 1
3.425890e-05 1
1.152076e-05 2
1.238672e-06 1
1.173759e-05 73
8.342454e-06 1
2.677497e-05 69
8.147196e-06 1
3.417352e-05 2
6.803891e-07 1
8.207831e-06 1
4.686580e-05 1
5.024643e-06 1
1.234909e-05 1
3.286272e-06 125
1.036627e-06 1
8.649973e-06 1
6.035723e-06 2
1.595733e-05 6
7.482618e-06 2
1.808196e-05 1
2.224894e-07 1
9.926876e-06 1
3.699267e-06 1587
2.077186e-05 1
1.992137e-05 1
3.769219e-06 1
4.266208e-06 1
1.980025e-06 60233
8.798717e-07 1
1.947347e-05 4
1.244916e-05 1
2.990867e-05 2
2.378478e-07 3
1.147684e-05 7
7.732758e-06 1
8.841263e-06 197
8.373422e-06 7
5.914826e-06 1
1.261468e-05 1
4.870584e-06 41
8.371711e-06 1
9.597484e-06 1465
1.960366e-05 225
4.351205e-06 79
2.081746e-06 1
8.764558e-06 1
1.922729e-06 1
4.642443e-07 1
1.880762e-06 1
8.950040e-06 1
3.919563e-06 1
1.243212e-05 1
1.547736e-06 51186
1.011714e-05 2
2.933587e-05 1
1.180486e-05 1
1.895718e-05 156
2.552275e-05 3
1.340124e-05 7
1.261550e-05 1
9.118297e-07 3
1.058643e-05 1
9.380685e-06 1
3.571838e-06 2
3.945641e-05 1
4.132310e-06 3
8.709486e-06 1
9.410371e-06 5
2.754794e-06 2
4.174937e-05 48
1.313475e-05 1
9.464251e-06 1
1.046630e-05 1
8.626039e-06 1
3.367165e-06 11935
2.511743e-06 4
5.649521e-07 3
1.279028e-05 1
9.023378e-06 1
3.435894e-06 1
1.062879e-05 6
1.252341e-05 2
2.049242e-05 3
6.719159e-06 2
4.774214e-06 35405
1.629181e-05 1
9.255142e-06 107
3.927970e-06 3
2.782462e-05 212
1.802310e-05 7
1.496047e-05 1
1.054994e-06 2
3.220571e-06 2
2.465656e-05 1
4.427164e-06 2
7.715094e-06 1
2.048215e-06 1
1.477060e-05 3
6.814756e-06 1
3.459791e-06 1
9.401054e-06 2047
9.356888e-06 1
4.582842e-06 1
8.483560e-06 3
1.874837e-06 1
2.982474e-05 1
2.717104e-05 1
1.829440e-05 1
6.508375e-06 199
9.655148e-06 5863
6.962795e-05 7
9.907641e-06 1
2.442397e-06 1771
2.764539e-05 1
4.024605e-06 3
1.283009e-05 83
7.905735e-07 1527
4.564949e-05 1
2.257438e-05 2
2.329008e-05 1
2.397624e-05 3
5.913315e-06 1
8.272676e-06 416440
4.006777e-07 45982
4.011946e-06 3
9.838207e-06 1
3.418832e-06 1175
3.351775e-06 6
5.177301e-05 1
8.619016e-06 1
1.697128e-05 1
9.315729e-07 3
1.077882e-05 1
1.078442e-05 7
9.511787e-07 159
7.985819e-06 1
6.950372e-06 145
1.162441e-05 3
3.699032e-05 2
6.840489e-06 4
1.245522e-06 159
9.596168e-06 1
3.322155e-06 1
1.604332e-05 1
3.885485e-05 1
1.028716e-05 1
6.585364e-06 1
2.043571e-05 1
1.822685e-06 1
1.885572e-05 7
6.701772e-06 1253
1.850310e-07 924
4.396183e-05 1
5.333412e-06 1
9.499791e-06 1
6.052881e-06 1
4.408576e-06 1
1.068467e-06 172
2.623703e-05 1
1.199208e-05 1
8.934239e-06 1
7.966795e-06 7
2.947821e-06 1
5.430557e-06 251
1.068058e-06 109
1.902062e-06 2
3.083184e-05 1
1.287352e-05 1
7.488356e-06 2
5.033188e-07 17007
1.962858e-05 1
2.841396e-06 3
6.064241e-06 3
2.599079e-05 1
1.064241e-05 5
5.090314e-05 1
2.557383e-06 6
1.461436e-05 1
1.373014e-05 424246
7.018557e-06 1
2.743669e-05 102
1.495995e-05 1
7.119514e-05 7
5.012781e-05 1
2.003165e-05 1
6.133945e-06 1
1.077196e-05 1
3.423600e-07 1
1.477325e-06 1
1.477812e-06 1
2.763583e-05 10106
2.131100e-05 21
9.056288e-06 6
4.962340e-06 1
2.528958e-06 3
2.714096e-05 1709
9.842525e-06 1
1.771762e-05 3
2.656145e-05 1
1.512744e-05 8
9.014993e-06 1
7.725659e-07 1
4.152234e-06 1
7.209725e-06 2
2.074515e-05 7
3.805818e-06 1
1.792567e-05 2
9.121183e-06 3
4.758880e-06 139
7.168658e-06 7118
2.115324e-05 5
3.250627e-06 1
1.717968e-05 7
1.874533e-05 61646
2.350258e-05 1
1.527364e-05 1
2.181094e-05 20967
4.284733e-06 3
6.405148e-06 590
3.022336e-05 1
1.458659e-06 1
7.786306e-06 4
1.551579e-06 2
8.847987e-06 1
3.451750e-06 1
6.866730e-06 1
2.244912e-05 129
2.867582e-05 1
5.223468e-06 1
9.966869e-06 396
2.221677e-07 3
5.736449e-06 1
3.247422e-05 1
3.555650e-06 1
8.178702e-06 1
5.941452e-05 1
9.693444e-06 3
1.094678e-05 4
1.471132e-05 1
1.198669e-05 3
1.792173e-05 1
4.176177e-06 1
3.012863e-05 2
6.012231e-06 42654
8.495004e-06 1
5.283665e-06 1
2.480876e-06 1
6.072137e-06 3
2.289934e-05 1
4.009242e-06 1
2.649247e-05 1
1.150157e-05 1
5.938895e-06 1
3.390452e-05 1
4.105564e-06 540
1.067505e-05 11
5.290519e-05 1
9.021963e-06 1
1.704402e-05 1
1.760135e-05 3
4.367977e-06 1
4.490599e-06 1
1.704721e-05 2
1.282857e-05 5
1.415745e-05 3
1.587580e-05 6
5.948769e-06 1
2.175311e-05 4
8.755027e-07 1
2.434773e-05 1
7.627106e-06 100
6.893669e-06 1434
1.611551e-06 346729
5.734755e-06 5
2.911013e-05 1
5.322345e-06 3
1.141800e-05 1
1.671035e-05 6
1.374583e-05 3
4.703356e-05 118
8.451217e-06 11105
7.146719e-06 1
2.608351e-05 1
1.218809e-05 28638
2.356225e-05 2
1.343421e-05 1
5.608864e-05 1894
9.051309e-06 3
5.950268e-06 1
1.805367e-05 1
7.508256e-06 1
3.364893e-05 1
4.039361e-06 25773
1.874106e-06 2
1.082977e-05 1
1.166781e-04 1
5.214756e-06 1
1.644933e-05 14242
2.328603e-07 5
3.422626e-06 1
7.850899e-06 46
1.058701e-06 1
6.277917e-06 3
3.479099e-07 1
1.689362e-05 1
3.217563e-05 64160
2.716875e-06 2
8.782278e-06 1
2.598543e-06 1
1.664264e-05 14
1.721773e-05 271
1.097978e-05 1
1.795901e-06 1
1.108026e-06 155
5.932546e-06 2
6.707852e-05 1
3.367967e-06 1
1.283846e-05 1
2.125162e-05 1
1.211945e-05 1
6.777930e-06 3
5.527294e-06 1421
8.410288e-06 41
9.375542e-07 38
9.767978e-06 2
1.969844e-05 1
8.838542e-06 1
3.058525e-07 1
5.039429e-06 1
1.542184e-07 3
7.321869e-06 61683
3.295426e-05 3
1.453790e-06 1
2.251018e-05 2
4.287245e-07 1
4.320240e-05 1
3.619945e-06 1
6.864759e-06 1
3.584430e-05 149
1.445018e-05 1
5.371544e-06 1
2.963699e-06 115
4.279581e-06 1
4.761200e-06 1
2.059243e-05 1
1.546361e-05 9246
4.725716e-06 1287
1.038063e-05 3
3.282314e-05 562
3.137825e-06 6
1.695835e-05 2
7.291244e-05 1
1.040003e-05 1
2.102343e-05 3
1.144588e-05 3
9.485450e-06 1
3.472748e-06 4
2.012650e-05 1
7.248159e-07 1
1.227875e-05 1
2.576204e-05 2
4.778171e-06 1
2.125476e-05 2
7.487736e-07 891
1.464288e-06 67
1.958158e-05 1
3.549435e-05 2
3.227966e-05 3
9.520611e-06 1
1.343184e-06 1
4.315220e-05 1
1.078316e-05 1
3.445874e-07 240
2.907904e-05 1
4.861416e-06 6
2.627149e-05 1
1.712110e-05 1
2.678197e-05 6
4.073720e-05 1
8.146567e-07 48766
2.212920e-05 6
1.188262e-05 1
3.187438e-06 1
8.519362e-07 1
1.452451e-05 1
2.286881e-06 2
1.216669e-05 1
5.278133e-06 1
9.172676e-06 1
1.602177e-05 45451
6.613326e-06 1
7.238537e-06 5
3.694015e-05 4
2.499181e-06 1
1.117123e-05 2
3.318803e-05 3
2.255392e-06 1
9.142208e-06 5
1.185758e-05 1
8.979284e-06 1
2.224035e-05 2
5.324460e-06 9373
1.433254e-05 1
3.302917e-06 1
1.427867e-05 1
1.050070e-05 172
9.862058e-06 5
2.639665e-05 3
2.809259e-06 1
1.556339e-05 1196
1.019934e-05 3
6.801944e-06 120
1.005589e-05 1
4.079363e-06 1
6.170091e-06 1
8.692987e-06 2
5.456261e-07 3
8.616268e-06 184
5.591452e-06 1
1.471859e-06 3
1.459872e-06 1
7.655587e-06 1393
1.131958e-06 321
7.287352e-06 1
1.235216e-06 1
1.009230e-05 125
1.365389e-06 1
4.805838e-06 2
5.271051e-06 19333
2.825844e-06 1
7.643801e-06 1
1.288677e-05 1
5.209963e-06 1
3.042345e-06 3
2.163878e-05 1
1.188910e-05 1
5.928740e-06 1
4.818174e-06 2
1.202927e-05 1
8.626067e-06 119
2.707055e-05 119
1.973606e-05 213
9.538850e-06 1637
2.623532e-05 1
3.307861e-06 1
2.142702e-05 3
4.374488e-06 3
9.400588e-06 1
5.181249e-06 1
7.741895e-06 1
1.256885e-05 1831
9.116136e-07 1
5.545062e-06 7
9.361418e-06 7
2.754949e-05 1
1.783757e-06 1
4.232237e-06 2
1.311498e-05 1
5.206933e-05 3
5.431162e-06 1
8.368225e-06 1
1.009286e-06 2
5.311580e-06 1
1.765824e-06 3
2.095974e-05 1
6.225484e-05 1
6.411169e-06 1
4.587457e-05 1
6.177722e-06 1
4.804837e-06 1
3.321229e-05 1
2.658780e-06 6
7.984550e-06 1
2.522450e-05 1
1.443174e-05 1
1.919301e-05 2
4.327430e-06 1
2.000002e-05 30964
4.115495e-06 3
2.261964e-05 2
8.326685e-06 1
2.400261e-05 1
2.220488e-05 1
1.769066e-05 3
6.904907e-06 3
2.796051e-05 5
1.292842e-05 2
6.272027e-06 5
3.207816e-05 1
6.263130e-07 3
4.990013e-07 3
5.582163e-07 2
5.114316e-06 1
8.444428e-06 7
3.515898e-07 2
4.495840e-06 96
2.921016e-05 218
9.558758e-06 18273
7.735416e-06 1
3.418922e-06 6
2.617510e-06 1725
8.450630e-08 107
4.066130e-06 1
2.479429e-06 1
2.012689e-05 116
7.017601e-06 1
1.720003e-05 1
9.142322e-06 68
2.034914e-05 1
1.290324e-05 2
1.182283e-06 1
8.993552e-06 5
2.071293e-05 6
1.942501e-06 1
2.514429e-05 1
1.267510e-05 1
1.434885e-05 1
4.399341e-06 1
1.392509e-05 1
2.405737e-05 1
3.511123e-07 1
6.732133e-06 478115
6.364899e-07 235
1.863345e-05 5
4.731261e-06 84
1.220430e-05 1
1.996942e-05 3
1.742918e-05 3
3.343887e-06 1
1.600578e-05 1
5.258789e-06 2
6.504634e-06 1
5.886957e-06 1
1.111294e-05 57
1.854983e-05 1
3.265593e-05 1
1.554427e-05 1
2.498088e-05 1
8.361793e-06 1
1.381413e-05 142836
9.921196e-06 3
1.127245e-05 2
6.263480e-06 3
2.348171e-05 1
5.965471e-06 2
2.131012e-05 4
1.696145e-05 1
2.118112e-06 862
6.381536e-06 1
6.718131e-06 7
1.319510e-05 2
1.201202e-06 1
3.498136e-05 1
1.390982e-07 1
4.252499e-05 1
1.152056e-06 1
3.662973e-05 2
2.819189e-06 56548
2.425067e-05 1162
1.121031e-05 2
8.287691e-06 1
3.996066e-05 2006
4.710525e-06 3
6.403059e-06 54014
5.114559e-06 2
1.896935e-06 1
2.321554e-05 3
1.386111e-05 1
4.890482e-06 1
4.063697e-05 1
8.432375e-07 1
6.617084e-06 1
3.373751e-06 2
1.129829e-05 3
5.903376e-06 240
9.993036e-07 2
1.734741e-05 1
5.542707e-07 3
5.313062e-06 222
7.356019e-06 1
2.041328e-06 395
9.715219e-06 1
5.791611e-07 1
1.138325e-05 1
1.799341e-05 6
3.189479e-05 1
2.693734e-05 946
2.953105e-05 2
8.479101e-06 5
1.295807e-06 1
2.467540e-05 2
2.812398e-06 692
1.006643e-05 66
7.756029e-06 3
1.266510e-05 6
4.806549e-06 1
6.203391e-06 1
1.600815e-06 1
1.088486e-05 1
3.303003e-05 1
9.788182e-06 2
1.700164e-05 1
2.565881e-05 1
9.516911e-06 179
1.611177e-05 1149
1.826209e-05 33
1.408833e-06 8357
1.702058e-05 99
1.076470e-05 1
2.659529e-06 1
4.217588e-06 1
2.347337e-05 61
1.203687e-05 44362
3.554516e-06 1
6.012445e-06 1
3.736798e-05 1741
5.631450e-06 4
7.945085e-06 1
1.713169e-05 1
6.892177e-06 1
6.484890e-06 4
4.095964e-07 1
1.971275e-06 2
2.967756e-05 6
1.805565e-05 1
2.873977e-05 1
1.537990e-06 1
7.823029e-06 1713
7.898051e-06 1
8.634197e-06 117
2.310979e-06 1
2.644708e-05 1
7.876037e-06 1
7.713014e-06 1
1.255149e-05 206115
2.145316e-05 1
6.836924e-06 1
8.188792e-06 2
4.409520e-06 1
8.079599e-06 1
6.052050e-06 3
1.414202e-05 526129
2.418051e-05 41944
1.943848e-06 189
2.536774e-05 39576
3.725562e-06 3
1.295897e-06 1
2.580429e-06 258
6.954805e-06 7
2.879516e-06 1
1.193130e-05 1
2.050896e-06 4
9.140062e-06 2
1.052535e-05 1
4.618238e-07 123
7.956853e-06 1
9.599413e-06 1459
7.626431e-06 597
3.784892e-06 1
9.495265e-06 1
4.553968e-06 1
4.338152e-06 7
1.593144e-06 1
3.339616e-06 43
3.581911e-05 1
8.740819e-06 1
1.611392e-06 1
9.707665e-06 1
3.569852e-05 3
3.826975e-06 1866
6.650762e-06 1
2.069351e-05 1
1.687657e-05 3
1.756088e-05 1
2.644627e-05 1
8.571647e-06 1
3.183048e-06 2
8.594276e-06 1
1.102404e-05 3
9.250095e-06 58751
6.291233e-05 1
9.151783e-06 1
3.622573e-05 1
8.065609e-06 3
9.389284e-06 6
2.592843e-05 1
8.076005e-06 1
3.200001e-05 905
7.460955e-07 1
6.421401e-07 17594
8.488247e-07 1
1.189593e-06 869
2.390528e-05 1
1.710177e-05 8116
2.584089e-06 3
1.286944e-05 203
4.208954e-05 1
2.152701e-05 3
6.085657e-06 252
5.600583e-06 2
1.559166e-06 1
1.323081e-05 2
1.505811e-05 1
1.536506e-05 3
1.380019e-05 3
4.101657e-06 2
1.685416e-05 1
3.246951e-05 1
2.487631e-05 1
1.875443e-05 7
1.894311e-05 1
1.466973e-06 1
2.751601e-06 1
1.850731e-05 1
2.471181e-06 5
5.484243e-05 4
3.676484e-06 1
5.036284e-06 1
7.550113e-06 3
1.355781e-05 225
2.725301e-07 43137
5.433047e-06 1
8.335174e-06 1
2.439666e-05 1
1.950535e-05 3
3.597586e-05 1
1.902193e-05 1
2.902583e-05 6
2.346814e-05 2
1.244065e-05 1
2.987063e-06 1
1.883438e-05 2
4.015257e-06 3
9.135237e-07 4
9.327612e-06 1
1.904005e-05 3
3.170022e-05 195
4.447916e-06 3
1.630969e-05 1
9.424518e-06 1
9.411847e-06 1
1.157003e-05 5
1.891746e-08 1
1.484734e-05 1
1.867692e-05 2
3.187092e-05 126
4.133699e-07 2
1.216544e-05 1
4.731271e-06 1
1.394651e-06 3
1.607026e-06 6
1.573055e-05 3
9.140197e-06 2
5.686970e-06 1
8.729172e-06 1
7.091232e-06 1
7.390327e-06 1
2.449113e-05 1
2.950067e-05 592701
5.979128e-06 1
3.262523e-06 1
1.503374e-05 4
2.465736e-05 7
1.284472e-06 7
5.927400e-06 1
2.072998e-06 1
3.142906e-06 774
4.078177e-05 1
2.953439e-05 1
1.944967e-05 2
9.301869e-06 1
2.313665e-05 1
1.569941e-06 2
2.734115e-05 1
3.065094e-05 5
2.316855e-06 1
3.557810e-05 6
1.008846e-05 1
1.120149e-05 1
3.024778e-06 1
3.391243e-05 195
2.674388e-05 375308
9.494684e-06 183
5.056484e-06 1
2.557403e-06 3
5.967042e-07 1
6.105183e-06 1
4.641404e-06 7
2.490813e-05 1
3.984345e-06 1
1.058323e-05 1
9.257939e-06 43
1.299391e-05 2
2.934331e-06 252
2.249535e-06 2
2.652182e-06 1
1.242379e-05 3
1.731208e-06 1
2.671529e-06 33
1.320549e-05 1
3.925143e-05 1
3.844232e-06 1
5.480035e-06 7
1.779745e-06 31522
2.190851e-06 3
1.045992e-06 1
2.879129e-05 3
1.040264e-05 3
1.031227e-05 7
3.487668e-05 1600
5.505313e-06 1
1.039910e-05 1
7.171520e-06 1
2.542350e-06 1231
3.887386e-07 1
1.172363e-05 1
2.938978e-06 1
3.730112e-06 2
2.713328e-06 3
2.407419e-05 2
1.635150e-05 2
9.242195e-06 1
6.104951e-08 1
8.098599e-06 2
3.244283e-06 1
7.323785e-07 1
1.224227e-05 1
2.451119e-06 1
8.252569e-06 3
1.658551e-05 1
3.325244e-06 2
3.631182e-05 38614
1.022705e-05 1
1.969008e-05 1
2.302936e-05 3
5.386240e-06 438077
6.701727e-06 1
6.042211e-06 1
3.798128e-05 43
2.203056e-06 2
3.303883e-06 1
1.543798e-06 7
2.192526e-05 229
9.127603e-06 35732
3.898065e-05 3
4.972219e-06 2
1.279061e-05 1
3.750877e-07 1
3.385428e-05 3
2.190874e-06 1
9.656929e-06 1
3.365961e-05 1
2.001130e-05 2
8.569897e-06 3
1.898328e-05 4
1.648259e-05 3
3.716683e-07 38
6.155005e-06 1
7.532094e-06 1
2.897120e-05 1
8.398090e-06 7
5.974013e-06 1
5.089638e-06 2
8.584594e-06 2
2.233237e-06 3
1.343760e-05 1
7.565654e-06 2
8.519851e-07 1
8.943560e-07 2
1.234730e-05 1
2.758639e-06 1
5.130297e-06 151
3.913051e-06 224
1.396048e-05 1
3.998556e-05 2
8.729167e-06 50775
3.759691e-05 782
2.843918e-05 3
9.863902e-06 2
3.244788e-05 1
1.512719e-05 71
1.030873e-05 145
1.054137e-05 1
6.297173e-09 3
2.138821e-05 2
1.041625e-06 247
5.922890e-06 3
1.456395e-05 3468
2.734739e-05 1
5.965388e-06 3
1.635497e-05 1
7.211436e-06 1
8.773011e-06 1
2.566553e-06 1
1.645660e-06 1
1.600672e-05 1
1.656211e-05 406
1.296363e-05 162905
2.358919e-05 3
1.844083e-05 555088
1.166563e-05 1
1.837038e-05 386
1.086015e-05 2
3.791319e-06 1
1.084453e-06 1
5.910059e-06 7
3.014990e-05 247
2.037925e-05 1
3.330285e-06 2
3.749036e-06 1
4.411551e-06 2
3.967778e-05 204
2.306990e-05 6288
1.382683e-05 2
1.469752e-06 1
5.260623e-06 2
1.597855e-05 1
3.715130e-06 1
5.836625e-06 69
1.687293e-05 1
6.437419e-06 1
8.224036e-06 6
8.683959e-06 1
4.908948e-05 3
5.076646e-06 167
1.210245e-05 1
2.628007e-05 1
1.511691e-05 1
6.164584e-06 1
7.202355e-06 6
1.722920e-05 1
2.239131e-05 260
7.861934e-06 1
1.630375e-05 3
1.890563e-06 1
3.523432e-06 5
1.097839e-05 1
7.137847e-06 33
1.844010e-06 3
1.416733e-05 74
1.967730e-05 2
5.182035e-06 1086
9.159686e-06 1
5.668615e-06 3
9.273899e-07 1
7.315745e-06 1
6.444221e-06 1
3.640231e-06 1
3.288439e-05 160
4.580107e-06 1
9.163665e-06 1
1.207504e-05 1
2.879944e-06 1
7.451401e-06 7
2.428490e-05 1
8.421164e-06 229
1.354137e-06 1
7.582720e-06 111
3.057558e-08 196
1.496086e-05 1
2.544889e-05 1
3.763121e-06 1
4.009726e-06 992
3.018313e-06 1
1.074742e-05 5
5.129342e-05 6
2.529664e-06 1
7.756054e-07 7
2.239695e-05 4
1.987176e-06 1
2.462102e-05 65326
5.132018e-06 5
8.706971e-07 258
3.579755e-06 1
6.959625e-06 293
6.332365e-06 2
7.643233e-07 1
9.418648e-06 1
5.562753e-05 1
6.775228e-06 1
1.275774e-05 1
7.218609e-06 1
6.623644e-06 1
1.874170e-05 1
5.112525e-06 1
8.417271e-06 7
5.518742e-06 161
1.274042e-05 1
1.040233e-06 3
6.964047e-05 225
2.669785e-05 3
2.781208e-05 1
2.280729e-06 1
1.431555e-05 2
6.438417e-06 2
1.884121e-06 386
1.875107e-05 2
1.333339e-05 34091
9.909483e-06 6
2.035380e-05 1
3.647375e-06 2
1.103183e-05 1
6.072009e-07 1
4.141682e-06 1
8.724608e-06 1
1.476639e-05 7
9.782886e-08 4
1.385257e-05 119
1.500551e-06 116
1.646014e-05 5
9.407805e-06 3
9.343705e-06 3
1.180298e-05 1
2.138915e-05 3
1.417332e-05 1
2.945161e-05 635453
3.064922e-05 5
2.389223e-05 4
4.410089e-06 3
4.964048e-06 1
4.035632e-07 1294
1.685184e-05 245
2.051212e-05 4
2.372006e-05 1
1.686310e-07 3
7.622025e-06 1
1.813628e-05 1
1.667479e-05 1
7.490547e-06 1
2.827401e-08 1
3.033508e-06 1
1.114204e-06 1
9.588786e-06 164
5.306864e-06 1
2.620994e-06 242
1.976769e-05 1
3.162742e-06 233
6.167603e-05 1
1.921482e-05 1
7.828996e-06 1
1.268299e-05 1
3.925098e-06 1
1.282753e-05 1
3.533594e-06 2
1.754740e-05 4
1.498702e-05 1
3.918192e-06 1
1.317098e-06 3
5.737085e-06 1
7.078183e-06 48
1.938234e-05 7
2.008662e-05 1
2.784462e-05 1
7.215632e-06 203
7.328577e-06 3
2.001467e-05 1
2.737965e-06 1
6.578743e-07 1
5.255576e-06 6
2.114565e-05 6
5.757766e-05 1
9.966842e-06 1
6.017027e-06 1
1.129145e-05 1
3.044433e-05 46
2.709543e-05 54
2.501728e-06 34
1.827387e-05 1
2.611707e-06 182
5.310739e-06 2
2.521181e-05 1
1.140900e-06 1
1.474904e-05 2
1.268160e-06 2
1.881605e-05 1
4.442224e-06 176
1.929049e-05 1852
3.701380e-06 3
3.687893e-06 7
1.452227e-05 1
2.635101e-05 217
1.622587e-05 2
6.027607e-06 2073
1.856859e-05 1
7.354719e-06 232
2.466347e-06 2
1.060072e-06 239
9.918055e-06 1
5.825253e-07 3
3.048531e-05 1
4.992414e-06 1
2.258895e-05 4
1.614853e-05 1
7.752218e-06 4
8.023337e-06 4
3.666944e-07 1
1.294031e-05 1
3.372918e-06 1
1.544003e-05 1
4.588685e-06 2
5.354670e-06 1
7.208896e-06 15
1.102128e-05 37280
2.155687e-07 1
4.536197e-05 1
7.785371e-06 2
1.275160e-05 520
6.831384e-06 113
1.004476e-05 1
2.167187e-06 2
9.568293e-06 17044
6.996853e-06 1
1.662855e-05 1
1.082231e-05 20830
7.843149e-06 4
1.537974e-05 2
1.591212e-06 1
1.421701e-06 2
2.955083e-06 1
2.872214e-05 2
9.009656e-06 1
2.190700e-06 218
1.113709e-05 24143
1.832645e-06 1
5.289325e-05 1
4.877815e-06 1
2.267226e-05 22737
4.770623e-06 1
6.966724e-06 204
5.482645e-06 1
1.166315e-05 2
7.869234e-06 1
2.159976e-09 1
1.211141e-05 1
4.848128e-06 21035
1.122283e-06 3
7.491700e-06 1
3.005548e-06 6
4.426061e-06 1
1.974277e-05 1
1.220641e-05 120
2.412088e-05 1
4.871444e-08 1
2.909608e-06 1081
5.737308e-06 1
1.362294e-05 431
7.178299e-06 1
1.914117e-05 2
8.957490e-06 1
9.434535e-08 2
2.684692e-06 1
7.568779e-06 1695
4.984309e-06 1
7.906490e-06 159
1.206210e-05 4
3.395710e-07 1
2.966332e-05 265
6.092539e-06 4
2.822389e-06 1
4.376455e-06 1
2.347571e-05 1
8.134002e-08 5
3.567120e-06 1337
1.051160e-05 1
5.401115e-06 2
1.836661e-05 3
3.254194e-06 1
2.063479e-06 1
1.105489e-05 1
1.411276e-05 3
8.191881e-06 9057
7.439865e-06 1
8.830260e-06 4
2.318084e-06 1
1.599367e-05 1
5.048692e-07 40
2.467588e-06 1
1.057901e-06 1
5.468352e-05 198
6.110622e-06 7
1.116330e-05 1
1.094803e-05 1
9.827459e-06 795
3.500506e-06 1
1.128168e-06 3
2.044974e-05 216
1.628481e-06 3
1.268416e-05 1
6.690350e-06 4
2.797751e-05 1
4.439020e-05 1
2.124956e-05 1
7.957753e-06 147
1.840867e-06 1
1.614399e-05 1
1.382076e-05 120389
1.244610e-05 1
1.485683e-05 1
9.743377e-06 1
3.596034e-06 298
1.934300e-05 1
1.869834e-07 1
1.109170e-07 1
8.637766e-06 1
2.193275e-05 1
1.232379e-05 14721
4.640325e-05 1
5.553634e-05 3
1.507719e-05 534475
1.442197e-05 7
8.329367e-07 1
1.260823e-05 1
2.846561e-06 1
6.676474e-07 2
3.250756e-05 3
5.811148e-06 266
2.104800e-05 105
2.003890e-05 4
1.525422e-06 2
9.141021e-06 1
1.211946e-05 1
2.361950e-05 1
7.414309e-06 4
1.030506e-05 1
9.515963e-06 5
1.853086e-05 2
1.244568e-05 601971
1.459656e-05 15
1.355625e-06 3
1.761565e-05 7
1.515958e-05 1
3.764993e-05 2
7.877739e-06 2
1.473189e-05 1
2.879158e-05 1
1.771041e-05 1
7.343463e-06 4
1.813637e-05 172
4.585205e-05 1
2.582867e-05 1
3.182973e-08 195
7.647549e-06 1
6.959640e-06 1
1.380021e-06 1
2.580840e-06 1
2.054455e-05 2
1.120400e-05 1
1.047711e-05 3
2.327424e-06 2
3.989088e-06 9
1.642887e-05 1
7.142097e-06 4
1.349210e-05 2
6.448758e-07 1
2.480138e-05 1
7.605629e-06 1
1.271478e-05 3
9.476405e-06 1
2.926544e-06 255
1.099326e-06 1
3.308897e-05 3
4.675408e-06 1
2.609249e-06 3
4.940947e-06 1
8.587330e-07 2
5.920952e-06 58717
6.662198e-06 157
2.652478e-05 1
1.183595e-05 1
2.984960e-07 261
3.433252e-06 1
3.220870e-06 212
1.485597e-05 1
1.039237e-05 252671
3.931206e-06 3
2.310587e-05 2
4.287978e-06 2
2.457537e-05 1
1.325848e-05 3
1.409025e-05 1
2.322838e-06 1
3.744295e-06 3
8.833256e-06 1
2.151695e-05 1
2.002667e-05 1
7.010820e-06 1002
3.543969e-06 52082
2.917402e-06 1
2.042892e-07 2
1.234112e-05 1
1.988357e-06 1
4.860206e-06 1
1.189804e-06 1
4.080905e-05 1827
1.377444e-05 1
1.006814e-05 5
9.163451e-06 3
3.739069e-05 2
2.531887e-05 3
3.487755e-05 1600
2.535191e-05 2
5.909231e-06 1
3.441615e-06 1
1.203737e-06 4
1.584988e-06 1
6.900921e-06 10750
7.008786e-06 1
3.921749e-06 3
1.471839e-05 1
8.594211e-06 1
5.985160e-06 1
6.851265e-07 2
3.502460e-05 3
1.328733e-07 3
3.197673e-05 1812
4.758962e-06 3
3.073606e-06 2
5.375445e-06 1
3.110002e-07 2
1.009497e-05 1
3.018585e-06 1
1.243873e-05 145
1.447397e-05 3
2.645865e-05 7
3.928873e-05 1
1.127956e-05 1
5.178651e-06 9
7.376553e-06 1
1.065855e-05 1
2.262180e-06 3
1.501239e-05 2
1.470615e-06 7
1.615036e-05 2
6.304922e-06 3
6.365668e-06 6
4.274485e-08 201394
2.310777e-05 3
5.892541e-06 1
3.199036e-05 1
1.967077e-06 7
8.661775e-06 111
1.376544e-05 1
5.100608e-06 1
1.178666e-05 1
3.097822e-06 3
2.038408e-06 1
6.864316e-06 1543
4.124723e-06 2
3.187658e-06 1
7.369375e-07 1
2.369223e-05 1
6.068252e-07 1
1.473873e-05 1
1.107630e-05 1
7.572184e-06 22881
1.034794e-05 1
2.696920e-06 1
2.085891e-06 1
1.036609e-05 3
3.873850e-05 1
1.395957e-05 7
1.457654e-05 1
2.694132e-05 5
9.113544e-06 1
6.677477e-06 47408
1.139462e-05 4
4.916905e-05 165
3.120938e-06 2
1.615347e-06 195
2.489472e-07 10537
1.404768e-05 1
1.191462e-05 1
8.582782e-06 1
5.839487e-06 1
1.104665e-06 2
4.612533e-06 1
1.992267e-05 4
3.496946e-05 1
9.180598e-06 28635
4.590790e-06 3
2.137540e-06 5
3.013988e-06 2
2.587255e-05 1
1.001218e-05 1164
1.492490e-05 558
3.991974e-05 3
6.875421e-06 3
1.164710e-05 4
9.437774e-06 1
1.608451e-07 1
4.933209e-06 1
1.325409e-06 30125
2.716341e-05 242
1.174939e-05 5
1.077913e-06 1
2.019639e-06 1
6.834456e-06 1
2.006792e-05 248
2.202750e-07 1
1.401405e-05 1
5.683377e-06 1
6.807104e-06 1756
4.717863e-06 1
2.244894e-05 1
4.720692e-06 24
1.064016e-05 2
4.009495e-06 1
6.984220e-06 5
1.493635e-05 4
4.803856e-06 2
3.374258e-06 1
1.140555e-05 2
2.507150e-05 94
8.368930e-06 4
2.602101e-06 28314
2.730923e-05 3
4.907758e-06 6
5.740375e-05 2
1.285629e-05 2081
3.887673e-06 6
2.199059e-05 559
8.339339e-07 1
1.718470e-05 1
4.675443e-05 1
3.934781e-06 3
1.163266e-05 3
2.045847e-05 3
1.340734e-05 1
9.024206e-06 3
1.389034e-05 1
1.012028e-05 1
1.084707e-05 7
1.805085e-05 181
7.063389e-07 204
7.343752e-06 3
5.734598e-06 3
2.878929e-05 1
3.833613e-07 6
3.356965e-06 1
9.395897e-06 1
5.346544e-05 3
1.527534e-05 1
2.691896e-05 3
8.801585e-06 1
2.503032e-06 1
3.356639e-05 1170
3.371083e-06 1
2.711466e-05 2
6.030805e-06 2
3.239608e-06 1
4.540009e-06 1
1.273785e-05 1
2.256315e-05 27348
1.067960e-05 3
5.712908e-06 1
4.685044e-05 1
2.247223e-05 1
3.805177e-06 1
1.576472e-05 1
5.541529e-06 8752
2.628284e-06 1
6.112440e-07 1
1.646647e-05 161
4.899416e-06 1
1.581213e-05 1
2.331536e-05 1
2.632338e-05 2
1.516101e-07 1
4.587620e-06 2
1.528076e-06 1
1.895761e-06 3
2.759214e-06 3
1.547052e-06 2
2.489363e-06 2
6.002253e-06 2
1.936441e-06 1
1.105267e-05 1
1.258235e-07 1
1.895655e-05 30
1.082736e-05 1
1.361691e-06 1
1.258463e-05 1
3.212668e-05 1
6.917493e-06 1
1.669141e-05 1
1.111754e-05 1
1.892177e-06 340
2.711152e-06 1
8.427728e-06 1
1.259482e-05 3
4.370121e-07 5
2.068542e-05 260
1.425670e-05 1
8.686014e-06 1
1.230304e-05 2
4.313088e-06 1
3.904043e-05 6
1.193837e-05 102
2.455653e-05 1
1.233187e-05 1
2.319211e-05 1
1.463527e-06 258
1.635993e-05 1
8.623118e-06 3
4.789450e-06 5
1.690849e-05 3
7.639295e-06 552
7.191605e-07 1
8.106094e-06 1
2.425718e-05 1
8.775731e-06 3
2.102378e-05 1
8.829779e-06 1
3.591376e-06 1
1.979366e-05 1
6.020240e-06 1
1.261206e-05 1
3.380109e-05 1
1.413885e-05 5
5.208696e-06 1
5.388480e-06 2
2.308038e-05 86
1.235860e-05 1
2.241209e-05 1035
6.415294e-06 3
5.595173e-06 1
5.818396e-06 138
1.449026e-05 1
4.478675e-06 3
7.378671e-06 1
6.243661e-06 3
1.381608e-05 1
1.795227e-05 31246
6.540002e-06 1
2.479903e-06 169
7.796889e-06 3
6.353560e-06 1
2.072672e-07 1
7.507594e-06 1
1.080268e-05 1
1.091872e-05 1
1.187928e-06 2
4.687487e-06 5
1.047174e-05 1
1.922155e-05 1
6.521752e-06 1
3.006618e-05 1
1.271863e-06 21
7.292516e-06 1
2.170596e-05 2
1.327877e-05 39214
1.669732e-05 1
5.901222e-06 1
5.093028e-06 35
1.666094e-06 3
9.858190e-06 172
1.097507e-05 3
1.101250e-06 1
1.059989e-06 1
1.842817e-06 622
9.967751e-06 1
1.147160e-05 56
1.550736e-06 222
1.480640e-05 1
3.634947e-06 3
1.169240e-06 192
1.009446e-05 4
5.784388e-06 1
4.141254e-06 1
2.186061e-05 5
3.933960e-05 1
7.368161e-05 1
2.159366e-05 3
1.434247e-06 207
2.793015e-06 1
7.402061e-06 49168
8.014544e-06 1
2.213977e-05 7
3.873637e-06 4
7.880597e-06 1
3.191823e-06 1
9.694192e-07 6710
6.893731e-07 1
1.843638e-05 16
2.529964e-06 1
2.363392e-05 1
3.305897e-07 1
1.248796e-06 1
1.075095e-05 929
1.502046e-06 3
2.060477e-06 40372
6.845248e-06 2
9.377658e-06 3
1.185726e-05 2
1.279701e-05 1
4.947522e-06 1
2.791216e-05 1
1.243093e-05 1
7.550809e-06 1
3.901385e-06 3
4.631353e-06 3
2.431202e-05 4
4.871408e-05 1
8.998209e-06 3
1.175072e-05 1
3.955584e-07 2
1.839025e-05 1
2.088248e-06 2
4.329181e-07 1
1.649217e-05 95
9.282606e-06 2
7.664599e-06 1
7.040611e-06 1
1.853798e-05 1951
1.064043e-07 1
1.574940e-05 1
1.096551e-06 3
4.125782e-05 3
1.149297e-05 3
1.956389e-05 1
1.787872e-05 1
3.301658e-05 93
6.848923e-06 1
4.070214e-06 2
1.072581e-05 1
5.082942e-06 1
2.711094e-07 7
7.020809e-06 1
6.804088e-05 1
7.042073e-06 2
3.783347e-06 3
1.435493e-05 1
8.953800e-06 1
2.870668e-05 3
8.406901e-06 1
8.554152e-06 2
8.658793e-06 1
9.630666e-06 9017
5.997008e-07 1
2.744155e-05 1
1.890841e-05 2
1.043934e-06 1
3.551834e-07 3
1.909492e-05 2
1.287087e-05 2
1.240033e-05 25
1.613986e-05 1
1.265901e-05 3
2.140671e-05 1
6.336268e-07 1
5.787572e-05 7
1.418921e-05 6
4.465263e-05 141
3.753565e-06 1324
4.205063e-05 4
2.012354e-05 1
2.828661e-05 1
3.956410e-05 5
6.209325e-06 1
7.367839e-06 1
3.922082e-06 1
2.591517e-06 1
3.974080e-06 1
5.000025e-06 1
1.764191e-05 1429
8.065929e-06 4
1.521762e-05 1
1.514175e-05 1
5.189040e-07 1
7.560398e-06 1
1.603728e-05 2
1.182663e-05 1
4.257654e-06 1
1.445555e-05 1450
4.212770e-06 1
2.435038e-06 3
2.145317e-06 1
9.827872e-06 3
6.855458e-07 1
4.054481e-07 1
2.944331e-06 3
9.175442e-06 1
4.014464e-05 35259
1.036694e-05 2
4.229716e-06 1
3.529119e-05 1
2.127521e-05 1
3.781941e-06 4
2.161491e-05 1
4.964705e-06 1
1.124461e-05 1
1.516372e-07 2
6.719565e-06 1
3.995959e-07 1
1.548212e-08 1
1.065725e-05 3
1.108544e-05 166450
2.596543e-05 2
3.439314e-07 3
8.416515e-06 4
2.385701e-06 1
1.275036e-05 6
1.172610e-05 1
3.872296e-06 2
3.739299e-07 1
4.438840e-07 5
4.270360e-06 1
3.926312e-06 1
5.690298e-06 1
1.390373e-05 2
1.396394e-05 1526
1.491682e-05 35
7.723434e-07 3
3.681133e-06 1
1.075848e-05 1
2.775062e-06 5
2.424468e-05 3
5.149053e-06 1
5.603454e-06 1
7.362538e-06 230
1.802115e-05 878
4.813459e-06 3
4.393615e-06 1
1.524345e-06 1
3.530686e-06 1517
1.097308e-05 2
6.373689e-06 1
1.543072e-05 1
1.902176e-05 1
5.280980e-06 5
7.340780e-06 1
2.430281e-05 3
2.615793e-05 163
8.029313e-07 1
8.383902e-06 60086
1.764519e-06 2
4.533176e-05 1066
4.093757e-06 2
1.843299e-05 7
4.042873e-06 1
4.143468e-05 1
1.835321e-05 3
1.164976e-05 1
4.296351e-07 1
1.672495e-05 1
1.417147e-05 1
4.328945e-06 3
7.181278e-06 1
1.308242e-05 4
5.174663e-06 10
5.690187e-05 175659
3.959091e-06 1
1.546015e-06 1
1.616773e-05 6
4.138366e-06 1
7.542590e-06 1
2.601857e-06 1
5.698526e-06 59015
2.982862e-07 1
1.143307e-05 1
5.621449e-07 1
2.511653e-06 1
6.731226e-06 1
1.101251e-05 3
3.120531e-05 362
4.251255e-05 1
5.275443e-06 1
8.335613e-06 185
9.313105e-06 1413
9.777920e-06 7
3.709800e-05 1
2.967107e-06 7
1.470413e-05 4
2.754204e-05 1
1.067837e-06 172
4.652917e-06 5
3.661049e-06 1
2.501143e-05 1
5.020002e-06 1
2.418991e-05 1
1.101228e-05 75
1.638772e-07 1
9.263347e-06 232
3.432787e-05 1
9.685215e-06 1
6.341197e-06 2
1.376298e-05 2
1.063021e-05 661794
4.737488e-06 2
5.383447e-06 1
1.928622e-06 1
1.034195e-06 2
9.958458e-08 1
9.590793e-06 2
8.029188e-06 193
6.717956e-06 1
3.702690e-06 1
3.567541e-06 1
6.061275e-06 5
1.427235e-06 1
4.333722e-06 4
5.326309e-06 1
3.795471e-07 97
6.590838e-06 3
5.965231e-06 1
6.376876e-06 44
9.801545e-06 1
4.373743e-05 3
9.148673e-06 1
4.790103e-05 2
3.234472e-06 1
2.630204e-06 3
4.557887e-06 1
3.440147e-08 1
8.902919e-06 1
2.632218e-05 1
1.499021e-05 1
5.183143e-06 1
2.326242e-06 1
2.614673e-06 1
6.489125e-06 1
8.521670e-06 1
2.426806e-05 7
9.810843e-08 1
1.632064e-05 6
2.708702e-05 1
4.792436e-06 3
1.984189e-05 1
8.606664e-06 1
2.412485e-06 1
1.377998e-05 3
8.741494e-06 1
6.684723e-05 1
4.956245e-05 1
4.786175e-06 2
2.860080e-06 5
2.282848e-05 4
2.850983e-06 1
1.584462e-06 3
5.325897e-06 1
3.417546e-06 2
1.927106e-05 6
2.301665e-05 3
1.427221e-06 3
2.417187e-06 268038
2.586379e-05 115
1.946539e-05 1
2.378601e-05 105
4.001750e-05 1
7.252857e-06 1020
2.895000e-06 1
2.224787e-06 3
8.321822e-06 1
1.103502e-05 1
2.312288e-05 2
1.088241e-05 5
1.935685e-05 1
5.974835e-06 1
2.276854e-05 1
4.490012e-07 1
4.066437e-05 1
5.577135e-06 1
4.944100e-06 609297
2.321775e-05 1
7.675442e-06 7
1.012453e-05 1
1.971600e-05 3
8.438050e-06 2
8.890221e-06 1
7.272503e-06 1
6.189643e-06 5
1.323640e-05 1
