3.010928e-05 1
1.774554e-05 2
3.466525e-06 1
6.735608e-06 5
6.491277e-06 64
2.158634e-05 1
1.324427e-05 1
1.709875e-05 241
8.051683e-07 2
3.458976e-05 1
2.315948e-06 1
6.062563e-06 1
5.879022e-06 6
2.228207e-05 2
1.666861e-05 1
5.709114e-06 1
1.102135e-05 2
8.211383e-06 265
2.063041e-06 1
1.491292e-05 1
3.097469e-05 6
6.474299e-06 1
3.167843e-06 37
4.262518e-06 2
3.083107e-06 1
7.096367e-06 1
8.926192e-06 1
4.992921e-06 1
5.877766e-07 1
1.613109e-06 3
3.258405e-06 1
1.184174e-05 3
4.704523e-06 5
3.259820e-06 5
3.491587e-06 4
1.271503e-05 99
5.158226e-08 1
2.144533e-05 2
1.136802e-05 32743
4.682503e-06 7
4.692662e-06 22088
2.480118e-05 3
1.031107e-05 1
4.834910e-07 1
1.169505e-05 1
1.994801e-06 1
5.427089e-07 1
4.039157e-06 2
5.315200e-06 6
5.058410e-06 2
1.824840e-05 2
1.701067e-06 1
1.059764e-05 1
1.732022e-05 3
3.421776e-05 1
3.928735e-06 1
1.191833e-05 1
4.771839e-07 1
1.716779e-05 4
8.254883e-06 102
3.726602e-06 1
4.752024e-07 1
4.754621e-06 1
3.369279e-06 3
1.228520e-05 1
1.806127e-05 3
1.289451e-06 1
6.207961e-06 1
3.288796e-07 1
5.053305e-07 7
8.218441e-06 1
6.937053e-06 3
1.943339e-05 1
6.557480e-06 6
8.475985e-07 1
7.695035e-06 1
4.219623e-06 1
2.330949e-05 997
2.724149e-06 1
5.341373e-06 78
7.680474e-06 3
9.269136e-06 6
7.451311e-06 1
2.729206e-05 3
1.227018e-05 2
3.893227e-07 3
1.534043e-06 2
9.578259e-06 1
1.087432e-07 1
7.276569e-06 3
3.626780e-05 1
6.995176e-07 3
5.872695e-06 1
2.241555e-06 95
6.100641e-06 1
9.636705e-07 1
7.169414e-06 46
1.145651e-05 1
8.599860e-06 5
1.169307e-05 1
1.308899e-06 1
3.075171e-06 1
1.046827e-06 2
9.172920e-06 1
2.076489e-06 1
1.268813e-06 1
1.384003e-05 110
3.283080e-07 205
2.986512e-07 3
3.334518e-06 1
3.255651e-06 2
9.477137e-07 2
9.824514e-06 2
3.307074e-05 1625
8.239394e-06 1
1.593605e-05 3
3.273988e-05 1
6.777979e-06 33999
1.421767e-05 1
1.039699e-05 5
6.671578e-06 1
5.710399e-06 7
3.494568e-06 2
3.076926e-06 224
1.950692e-05 2
1.321337e-05 2
1.377250e-06 2
3.305504e-05 6
3.683127e-06 1
3.447901e-05 2
3.468388e-06 1
3.325282e-06 132
1.612138e-06 2
3.049912e-05 1
7.040593e-08 32
2.101553e-06 40222
1.406443e-07 1
7.351643e-06 1
6.657176e-06 174
1.945896e-06 4
5.163901e-06 1
1.301857e-05 1
5.103894e-06 37826
1.519639e-06 2
2.853801e-06 1
1.220701e-05 1044
2.979079e-07 2
2.335213e-06 209
2.576546e-05 1
7.305413e-06 3
1.165432e-05 1
3.244973e-06 932
8.689644e-07 246
4.057379e-06 3
4.092564e-06 1
1.672477e-06 1
1.581450e-06 1
1.187842e-05 217
2.596889e-05 1
1.443655e-05 1393
6.473266e-06 1
9.286782e-06 1
1.442461e-05 1
1.255678e-05 1
6.385994e-06 1
2.668300e-05 44
2.140034e-06 1
2.375681e-08 56
3.437773e-06 1
9.261160e-06 49
2.002132e-06 1
4.291874e-07 1
5.085702e-07 1
1.456518e-05 1
1.455441e-05 5
8.190947e-06 1
2.852087e-06 1
6.368476e-06 1
4.992598e-06 1
6.328094e-06 3
1.599115e-06 1
1.143864e-05 3
1.444530e-05 1
2.380418e-06 1349
2.747347e-06 116536
3.701876e-06 5
7.445773e-06 1
2.846964e-05 36999
4.370106e-06 1
8.596101e-06 1
9.713540e-07 2
3.368987e-05 1
8.114530e-06 7
7.634262e-06 6
2.761268e-05 1
1.738990e-05 1
2.603135e-06 7
2.175416e-06 376
6.061863e-07 3
2.145728e-05 1
9.235724e-06 1
2.139469e-06 5
8.714170e-06 5
4.909865e-05 1
4.090196e-06 49632
5.387742e-07 7
2.161255e-05 2
8.862486e-06 1
1.769229e-06 1
9.788636e-07 1
3.126081e-05 1
1.746949e-06 39161
2.837516e-06 950
6.786144e-06 1
6.807238e-06 565
2.086000e-05 1
7.285263e-06 1062
5.281281e-06 3
1.064481e-06 814
1.198513e-05 2
1.543672e-06 1
1.379974e-05 16444
2.723594e-05 1
1.924063e-06 2
7.357519e-07 3
1.684740e-05 1
6.144669e-06 1
4.969764e-06 1
7.452157e-06 3
1.004674e-05 1
9.859460e-06 1
3.990177e-06 1
6.736194e-06 5
7.341862e-06 1
7.903656e-07 130
3.520477e-06 6
2.028483e-05 1
7.851152e-06 1
1.070790e-06 1
1.071034e-06 2
1.497241e-06 4
2.174903e-05 1
6.641475e-07 1357
3.185037e-07 1
2.706648e-06 2
1.404336e-05 1
1.206000e-05 6
1.156854e-05 13641
6.640522e-06 1
1.473799e-06 3
4.700706e-06 5
8.132741e-06 7
4.016879e-07 1
7.947114e-06 1
1.764847e-05 3
2.037886e-06 1
6.983634e-06 1
1.103020e-05 1
1.168520e-06 10293
7.955712e-06 168
3.773618e-07 1
5.673664e-06 1
2.080642e-05 30375
5.372787e-07 3
4.640648e-06 1
8.665763e-06 5
9.481476e-07 1
1.882007e-05 7
2.012305e-06 3
4.624493e-06 1
3.216183e-06 1
7.129385e-06 1
1.369049e-05 3
9.711139e-06 17463
7.365541e-06 1
7.163735e-06 2
9.274578e-06 1
9.311861e-06 39
1.791429e-06 2
2.039148e-05 45245
9.702927e-06 314
1.377007e-05 18648
1.889762e-05 1
1.682966e-06 1
3.709276e-06 5
1.134570e-05 1
3.660231e-06 47071
1.977094e-05 1
4.620408e-06 2
3.598537e-06 2
2.123755e-05 1
3.297229e-06 1
4.083103e-06 3
7.218976e-06 187
2.587878e-07 241
2.124741e-06 3
1.883018e-05 1
3.127805e-06 3
2.158884e-05 1
2.236915e-05 4
1.379630e-05 3
9.608525e-06 563
2.161597e-05 1
1.373879e-06 2
5.749056e-06 2
1.087668e-05 3
3.051297e-06 2
6.436244e-06 1
1.619920e-05 5
1.780130e-05 1
2.075237e-06 1
1.672995e-05 1
5.661476e-06 1
4.892632e-07 412
5.571299e-06 1
7.525055e-06 15894
1.938186e-06 1
4.664142e-06 27700
3.827325e-06 4
5.461806e-06 3
1.640453e-05 3
1.194276e-06 4
7.494117e-06 3
1.287245e-07 1
8.310260e-06 3
1.449054e-07 1
2.034333e-05 1
6.330279e-06 1
7.763747e-06 1
4.631858e-07 1
3.831551e-06 3
1.720869e-06 1
1.188355e-05 216
1.975252e-07 1
1.864780e-06 253
8.945233e-06 1
8.006266e-06 1
1.456108e-05 2
3.595875e-07 1
9.258108e-06 1
2.700149e-05 3
1.363329e-05 1
7.765374e-06 426856
1.798118e-05 3
2.479035e-06 1
4.082993e-06 1
2.552939e-06 122
2.393741e-06 1
6.580674e-08 1
1.046772e-05 3
5.081759e-07 1
4.387119e-06 1
2.260279e-05 1446
5.395659e-06 1688
7.739012e-07 1
3.259600e-05 3
1.249983e-05 1
1.489137e-05 2
2.529970e-05 242
2.970801e-05 1
8.547557e-06 6
8.715419e-06 1
2.157598e-05 1
1.017907e-05 3
1.542470e-05 89
7.251640e-06 179
3.412715e-05 1
3.694525e-06 1
1.105445e-05 1
1.035520e-06 1
1.616505e-05 1
7.146629e-06 1
9.276467e-07 1
1.335225e-05 1
6.499889e-06 1
1.261287e-05 15436
4.715228e-06 1
1.567062e-06 6
3.536972e-06 1
1.239526e-05 1
3.104943e-06 1
8.775823e-06 3
5.126513e-06 2
3.113678e-05 2
4.412184e-06 1
5.276050e-06 5704
1.116642e-05 1
1.401119e-06 39295
1.481391e-06 115
5.515545e-06 1193
1.212569e-05 57593
2.708805e-06 3
1.357544e-05 1
5.193262e-06 375
1.918926e-06 1
1.229435e-06 1
2.826419e-06 167
8.044663e-06 747
4.450507e-06 1
3.502948e-05 1
1.640403e-05 2
1.339417e-05 2
1.166337e-05 4741
1.469483e-05 1
2.584547e-05 223
7.193417e-07 977
1.595456e-06 2
8.749098e-06 3
3.044165e-06 6
9.964014e-06 1
6.640837e-06 2
4.467938e-06 1
1.506919e-05 1
8.950511e-07 2
1.843837e-05 1
1.835128e-05 1
6.474932e-06 221
4.191532e-06 1
3.889865e-08 2
7.935195e-06 5
7.912471e-06 1
1.417165e-05 4
1.028420e-05 2
6.039813e-06 1
4.405979e-06 4
7.963747e-06 2
1.843358e-05 1
5.406074e-08 1
1.048727e-06 1
3.810907e-06 1
6.610151e-06 1
1.255535e-05 5
9.686077e-06 20343
4.444994e-08 3
1.736504e-05 610302
7.064836e-06 224
9.823316e-06 1
5.041066e-06 1
3.860481e-06 2
8.998188e-06 3
6.587253e-07 1
1.826532e-05 1
3.353091e-05 252132
5.372906e-06 2
3.469623e-05 61823
1.905863e-06 1
1.651522e-06 1
2.695775e-06 1
5.147589e-06 1
4.205039e-06 5
1.135539e-05 1
1.307729e-05 272616
2.078567e-05 604
6.002907e-07 70
1.639455e-06 6
5.071098e-06 1
1.883454e-05 1
2.725112e-07 1
7.208898e-06 6
3.744303e-06 3
4.790566e-06 1
2.774903e-05 166
1.157919e-05 1
1.136261e-06 1
2.891579e-06 1
9.699921e-06 1
3.302756e-05 1
1.422494e-05 1
1.440673e-05 3
2.697145e-05 2
1.472193e-06 19462
5.801909e-06 1
1.274175e-05 4
1.221237e-05 1
5.391398e-07 2
7.856190e-07 7
4.862022e-07 5
6.137504e-06 2
1.077195e-06 2
7.472013e-06 1
1.500095e-05 1
1.158135e-06 1
2.073495e-05 1
7.272730e-06 174
1.009238e-06 1
1.659719e-05 1
1.352489e-05 148
5.241191e-06 1
3.386363e-05 1
1.228433e-05 1
2.683433e-06 1
2.188876e-05 1
1.201890e-05 1
9.772052e-06 1
5.770353e-06 1
2.214498e-06 11063
5.246491e-06 1
9.462336e-06 5
1.215065e-05 1
6.624932e-06 58281
2.138135e-06 1
2.508075e-05 1
7.641383e-07 33986
1.440220e-06 3
1.937293e-06 1
7.999479e-06 1
1.868723e-06 3
2.109119e-06 7
1.385769e-06 889
1.738203e-05 1
4.456149e-06 161976
2.274937e-06 1
1.975609e-05 2
2.899636e-06 7
1.328863e-06 1
5.989092e-06 1460
1.461994e-05 2
1.360064e-05 1
8.618388e-07 4
2.456719e-06 7
9.487303e-06 43509
4.237654e-06 1
1.946018e-06 1
2.147367e-06 28354
1.129212e-05 2
1.270941e-05 1
2.060207e-05 7
2.913165e-06 1
1.012050e-05 1
1.096681e-05 2
1.472251e-05 3
5.726641e-06 1
3.501902e-06 1768
1.634379e-05 1
1.361545e-05 1
2.224898e-05 1
6.369693e-06 96
1.114594e-05 3
2.929053e-06 1
5.036740e-06 1
4.390465e-06 1
2.071049e-07 1
1.211838e-05 1
1.281537e-05 1
2.874253e-07 3
1.492107e-05 5
9.540296e-06 2
1.738725e-07 7
1.435505e-05 203
4.752075e-06 1
6.177526e-07 61
1.602524e-05 1
1.405810e-06 1
1.688950e-05 4
5.394352e-06 6
1.508843e-05 1
3.108620e-06 1
2.361746e-06 2
1.585058e-06 1
8.493063e-06 1
3.116309e-06 1
1.656801e-05 1
1.952313e-05 4
5.662924e-06 1
4.743068e-06 261
1.389492e-05 4
1.158489e-05 1
4.167211e-06 659
1.708688e-05 1
1.770487e-05 64374
1.452163e-06 3
4.908695e-06 1
5.823058e-08 1
2.011906e-05 1
2.884377e-06 1
2.293345e-07 1
6.651242e-06 1
1.150908e-05 334
6.876612e-06 3
3.751804e-06 1
7.558442e-06 1
1.956284e-05 1
2.655344e-05 2
3.385970e-06 1
5.068991e-06 1
9.601280e-07 1509
3.275584e-07 206
4.673496e-06 130
1.595314e-05 1
9.976201e-06 221
5.748953e-08 3
3.350958e-06 1
8.164114e-07 18363
4.559008e-06 166
1.397176e-05 1
6.869432e-06 3
9.191378e-06 1
4.950801e-06 1
3.868219e-06 1
7.029986e-07 52384
2.801319e-06 24
1.366819e-06 1
8.439660e-06 531299
1.552095e-06 1
1.756718e-05 1
4.570056e-05 7
5.113621e-06 1
3.282385e-06 3
1.436926e-05 204558
2.699651e-06 1
1.058895e-05 1
9.057823e-06 1
1.357469e-05 1
2.621127e-05 211
6.603455e-07 193
4.844968e-07 1
2.205803e-06 1
1.787704e-05 1
1.091011e-06 1
5.698462e-07 1
2.906698e-06 1
1.749541e-05 4
3.071230e-06 1
6.356934e-06 3
3.641238e-07 1
6.897484e-06 1
1.147368e-05 3
3.495055e-05 1259
1.428076e-05 1
1.189548e-05 6
2.164797e-05 245
5.864437e-06 2
1.088634e-05 65
1.592204e-05 1
1.454942e-05 182
1.033982e-05 2
6.514251e-06 1
1.583705e-05 3
1.443669e-05 194
1.047776e-05 2
3.280020e-06 5
7.955740e-06 1
1.945245e-05 1
4.941323e-06 1
7.618469e-06 1
1.220159e-05 50885
1.375650e-05 1
7.124426e-07 1
6.917752e-06 1
1.616644e-05 2
5.465900e-06 1
9.216664e-06 1624
2.492047e-08 1
4.169486e-06 33055
1.032619e-06 1
1.627630e-05 1
1.939942e-06 1
2.476339e-07 3303
1.859968e-05 1
1.236434e-05 2
3.912559e-06 1
5.789080e-06 102
3.529969e-06 2
1.144301e-06 17259
1.374404e-05 364
1.460300e-05 1
2.211545e-05 3
2.002102e-06 1
3.643474e-05 3
3.205987e-05 1854
4.018329e-06 1
1.981629e-05 3
1.113973e-05 1149
7.001449e-06 1
1.072528e-05 1
1.434072e-06 1
1.393565e-05 1
2.805815e-05 1
7.073944e-06 2
1.447764e-05 2
3.906665e-06 1
2.186632e-05 3
6.717029e-06 1
6.838782e-06 3
4.229307e-05 1
3.332735e-05 2
9.791496e-06 2
3.315510e-06 563
9.459499e-06 2
2.658067e-06 4
4.425066e-06 2
4.014250e-06 3
7.421875e-06 1
1.697519e-05 2
2.353487e-06 1
5.023139e-06 3
2.617645e-06 1
9.121871e-07 1831
3.176713e-07 1
1.938872e-05 3
8.195529e-06 1
2.900714e-05 5
3.427002e-06 1
3.010455e-09 1760
8.382078e-07 1
3.085821e-06 2
1.716440e-07 1
8.392934e-06 1
1.355627e-06 1
2.118079e-05 1
3.365367e-06 1
1.830403e-06 4
4.208806e-06 1
1.439237e-05 2
6.698900e-06 2
2.966222e-05 1
2.125876e-05 1
3.142390e-06 160241
3.045833e-05 2
1.155298e-05 1
1.195951e-05 1
4.451108e-07 1
5.944312e-06 1
4.380291e-06 1
3.866208e-06 1
1.146769e-05 1
2.790518e-06 1
7.925674e-06 2
1.772779e-05 63258
3.871494e-06 1
2.820062e-06 1
1.248671e-05 130
3.787995e-06 1
3.637513e-06 172
2.075027e-05 1
2.419485e-06 53971
3.133981e-06 3
1.334403e-06 29
4.156978e-06 3
9.312401e-06 3
5.954471e-06 2
2.525245e-05 243
9.562986e-06 3
1.030914e-05 1
2.045944e-05 1
2.402741e-06 1
1.838496e-06 1
2.123664e-06 3
5.013737e-06 24
6.761474e-06 7
3.076861e-06 1
6.069010e-06 1149
5.645272e-06 143
5.011593e-06 2
6.794138e-06 2
9.452029e-06 1
3.647262e-08 3
6.458121e-06 73
3.296550e-06 3
1.636905e-07 5
2.563648e-05 230
2.194136e-05 1
1.482207e-06 115
6.300711e-06 3
2.215873e-05 1
2.727639e-07 4
1.426600e-05 4
9.762674e-06 3
5.885941e-07 2
6.798206e-05 225
1.481714e-05 7
2.338499e-06 1
1.208589e-05 1
5.007962e-06 56003
2.588672e-05 4
3.506760e-06 66
5.667344e-06 3
8.670378e-06 14
1.794067e-05 2
1.738794e-05 1
7.802889e-06 1515
5.220309e-06 7
3.799034e-06 7
6.228794e-05 4
1.208058e-05 1
5.799925e-06 2
1.500268e-05 1
8.301614e-07 1
2.198298e-05 1
1.314310e-06 3
4.506184e-06 184
2.791555e-06 1
1.832216e-05 1
1.633327e-05 41620
2.019028e-05 1
8.295846e-06 2
1.768564e-05 1
4.218754e-06 22825
6.137104e-06 43494
7.574683e-06 4
1.488251e-05 3
1.248727e-05 1
4.831305e-06 1945
7.212982e-06 1
1.966993e-05 3
3.986834e-06 3
8.506841e-06 3
1.391031e-05 8284
2.217034e-06 1
2.421995e-05 1
2.786285e-06 1
1.462120e-05 1
2.468512e-06 3
2.877455e-05 32377
5.926295e-06 1
5.234103e-07 1
1.634823e-05 2
2.984638e-06 1
1.346018e-05 1
2.430804e-06 171
4.330322e-06 2
3.027365e-05 3
1.776904e-05 34
7.117733e-06 6
1.293796e-05 1
7.844236e-06 1
1.136276e-05 1
1.539378e-05 3
6.339280e-06 1
3.761606e-06 1
9.112138e-06 1
2.152759e-05 1
1.766431e-05 1
9.610433e-06 3
2.988163e-05 115
8.015936e-06 1
1.115773e-05 1108
3.220540e-06 1
5.311655e-06 1
8.727252e-06 3
6.093392e-06 17
1.191326e-05 3
2.372454e-06 1
6.615401e-06 59813
1.823994e-06 4
1.099918e-05 6
1.370198e-05 5
7.522805e-06 1
5.814679e-06 1
2.341451e-05 933
5.221671e-06 1
2.167533e-06 3
5.986396e-06 3
1.543551e-06 1
2.732968e-05 5
1.027325e-07 1
6.757368e-06 1
4.246468e-06 3
3.706525e-06 1
1.210529e-06 1
2.407257e-06 27
2.976318e-06 1
3.868195e-05 146
1.725318e-05 1
2.210482e-05 222
6.839155e-06 1
4.982422e-06 2
1.202046e-06 1
9.401494e-06 2
1.718463e-05 6
1.707224e-05 2092
1.599778e-05 2
1.224560e-06 1
1.731380e-06 3
6.780796e-07 3
6.640222e-06 1
5.577671e-06 1
7.815608e-06 2
2.856194e-05 2
7.604357e-06 3
1.890374e-05 3
7.351218e-06 41402
6.910988e-06 7
2.291232e-05 3
4.269751e-06 1
1.379463e-06 3
3.728751e-06 3
9.551734e-06 35946
8.447268e-06 3
6.507123e-05 226
1.587524e-06 1
5.693341e-06 1
1.652308e-06 1
7.479136e-06 3
2.241700e-06 2
3.738110e-06 1
1.420410e-05 1765
1.671924e-05 3
4.594407e-06 2
3.829629e-06 1
1.522855e-05 1
7.718209e-06 1
8.010074e-07 125
2.020305e-07 4
4.229764e-06 1
9.258087e-06 6
1.180311e-05 1
2.195370e-06 1
7.455971e-06 1
2.449145e-05 18576
9.396575e-06 1
1.421270e-05 1751
1.836045e-06 1
5.995605e-06 1
1.114568e-05 1
1.363913e-05 1
6.156973e-06 3
6.678687e-06 1
1.173502e-06 255
2.017346e-05 3
1.204112e-06 1
1.377879e-06 3
9.335113e-07 2
1.395812e-06 1
4.915474e-06 1
1.610206e-06 6
6.260197e-06 416
9.613190e-06 3
1.772635e-05 37
1.023386e-05 53930
1.753832e-06 745
3.077923e-05 1
1.070921e-05 1
5.397706e-06 1
1.145650e-06 1
1.562977e-05 4
5.195775e-06 2
2.446520e-06 1
1.521136e-05 14138
1.778386e-06 7
8.684840e-06 1
1.157245e-05 3
3.532107e-05 1
3.602501e-05 3
6.883295e-06 3
5.186034e-06 3
1.254530e-05 21164
1.521050e-06 2
1.821653e-05 2
1.142113e-05 1
1.138067e-06 1
4.509546e-06 1
3.403395e-06 1
8.901764e-07 1979
2.003795e-05 1
1.783078e-05 58264
2.140200e-05 1
1.192728e-05 1614
9.036638e-06 2952
3.331813e-06 7
1.531956e-06 4
2.671918e-05 43
1.885836e-06 1
1.435580e-06 29662
9.656250e-06 23792
2.412046e-05 2
3.443118e-06 1
8.724503e-06 2
3.567426e-06 1
4.708491e-06 7
3.112054e-06 422802
1.344756e-05 1
1.084387e-05 6
4.435595e-06 1
1.062196e-05 109
5.346334e-06 1
6.232906e-06 7
3.454606e-06 85
1.320388e-06 1
2.118081e-05 3
1.592466e-05 65255
4.099748e-06 1
2.036110e-05 952
4.831021e-06 1
3.105134e-06 482740
3.206668e-06 1
1.169886e-05 91
5.498472e-05 1
1.897478e-05 1
1.014884e-05 1
3.571279e-06 1
1.282836e-06 1551
7.064337e-06 4
2.639668e-05 3
6.960065e-06 1
7.596306e-06 2
1.491466e-05 1
1.012243e-05 1
1.665540e-06 1
6.354443e-06 100
2.550823e-06 21226
7.156363e-06 2
1.954211e-05 2
9.412678e-06 1
1.130091e-07 163
6.076974e-06 1118
1.874524e-06 1
5.436241e-06 2
8.995152e-07 1
2.105644e-06 2
4.226466e-06 122
5.431098e-06 6
8.558582e-06 1
2.773894e-05 1
9.314901e-07 63
8.183758e-07 17783
2.726095e-08 1
6.676014e-07 2
1.772400e-05 1
2.355552e-05 41832
1.524113e-06 1
1.735144e-05 3
3.097665e-06 1
1.027076e-05 1
1.227162e-05 5
5.365252e-05 1
1.244215e-05 1
4.437108e-05 3
4.669004e-07 1
3.445684e-05 1
3.858289e-05 2
2.278219e-06 4
2.988374e-06 1
7.509611e-06 1
2.010782e-05 25
1.081712e-05 2
2.816787e-06 2
5.328443e-06 82
3.135859e-07 1
1.262186e-05 1
4.904946e-06 6
9.431036e-06 1
2.785371e-05 46822
6.706997e-06 926
6.153607e-06 1
4.660104e-06 1
2.896559e-06 140
2.655278e-05 1
8.880147e-06 22458
8.561142e-06 190
4.608864e-06 1
1.052804e-05 1
6.195952e-06 1
4.152695e-06 36547
6.809143e-06 3
3.276958e-06 1
3.832859e-06 1
4.939888e-06 1
1.633551e-05 41496
9.340456e-06 6
1.189486e-06 2
1.480880e-05 5
6.718043e-06 3
4.742460e-06 12300
1.179381e-05 2
9.386280e-06 1
8.772506e-07 1
2.999652e-06 2
2.363452e-07 1
3.468459e-07 1
7.746423e-06 1
2.306632e-05 1
1.343778e-06 2
4.035719e-06 2
1.266521e-05 1
3.626041e-06 3
1.875968e-05 3
3.636973e-06 5
1.558513e-05 1849
5.409608e-07 1
1.681118e-06 1
8.594949e-06 5
1.787189e-06 3
8.828752e-06 1
3.181140e-06 1
3.461233e-06 1
3.119936e-06 1
8.439152e-06 1
5.722594e-06 1
6.719032e-06 1
2.658138e-06 1
6.596486e-06 1
1.144169e-05 1
3.384968e-06 1
8.649234e-07 1
4.105846e-06 1
1.506721e-05 1
1.687721e-05 2
4.422678e-06 1
1.248857e-05 1
4.716010e-06 1
1.828075e-06 1
3.829416e-07 2
2.100355e-05 7
1.027429e-06 1
1.859167e-05 1
2.163287e-06 1
1.739043e-05 1
1.051514e-05 1
5.652908e-06 1
9.932470e-07 1
5.896236e-06 225
1.618705e-06 1582
2.313201e-06 1737
1.125917e-05 43285
1.986306e-05 1381
1.308438e-05 6
3.864096e-06 2
1.308519e-05 1
5.928328e-06 3
6.831115e-06 480
3.254673e-06 7
2.598105e-06 1
5.172082e-06 1
1.107093e-05 1
7.033052e-07 52291
5.884534e-08 6
8.117027e-08 2
6.553949e-06 1
1.651889e-06 3
5.390571e-06 3
4.421398e-06 2
8.094203e-06 3
2.025539e-06 185
2.251907e-06 2
1.483822e-05 2
1.697124e-07 1
1.982207e-05 1
4.564903e-06 3
1.483125e-05 7
1.123237e-05 2
4.536684e-08 1
2.347309e-06 1
3.005082e-06 1
1.075802e-05 1
2.512357e-06 1
2.116856e-06 147
8.877543e-07 6
2.232782e-05 4
6.777877e-06 3
4.740301e-06 3
3.535273e-06 365993
9.026248e-06 1
3.181882e-06 32
1.461779e-05 174
3.417801e-06 6130
1.603912e-05 5
3.415576e-06 99
4.761878e-07 3
3.176223e-06 1
3.945703e-05 7
2.292711e-05 1
4.487852e-06 62835
7.282751e-06 1
4.590350e-06 5
1.562342e-05 4
1.282348e-05 85
1.598371e-05 2
1.407028e-05 2
1.203768e-05 1
1.765255e-05 196
3.243076e-06 1
1.869152e-06 4
1.214744e-05 1
1.768118e-06 1
3.442182e-06 4
1.627430e-07 30315
6.412374e-07 6
6.676112e-06 3
8.209249e-06 3
7.572498e-06 1
2.435844e-05 1
8.999394e-06 1
2.108833e-05 1
4.451036e-06 1
9.165382e-06 220
1.816238e-06 1
2.657374e-05 6
1.068486e-05 2
7.158772e-06 48
1.142909e-06 3
8.007666e-07 1
2.299597e-06 1816
1.185273e-05 1
1.477128e-05 1
1.216669e-05 22
1.652820e-05 1
1.201182e-05 1
1.312285e-06 192
4.290502e-06 1
1.868173e-05 19055
1.257369e-06 1
1.167666e-06 1
1.005979e-05 1
2.659047e-05 47
1.680256e-05 266
5.026921e-06 173
7.941773e-07 5
2.881203e-05 1
2.701114e-06 2
1.327972e-06 1
2.337582e-06 208
1.200508e-06 1
6.953161e-06 1
8.302327e-06 1
2.611472e-06 3
1.969953e-05 3
5.641209e-06 1
3.889734e-06 4
1.689368e-05 1
4.143466e-06 2
9.774743e-06 3
3.750228e-06 1
7.978300e-06 956
8.875932e-06 1
4.780100e-06 96
1.378057e-06 1
3.737824e-06 1
1.133173e-05 1
8.011494e-06 3
4.485951e-06 37
6.924247e-06 2
2.508201e-06 1
8.969110e-07 1
1.857448e-06 1
3.289858e-06 3
2.873617e-06 1
2.802594e-05 3
1.595394e-07 1
7.278525e-07 1
9.063726e-06 1
1.772697e-05 1
3.961241e-07 1
1.306530e-06 1
1.762933e-05 2
1.118038e-05 1
3.830134e-06 1
4.188110e-06 1
1.127460e-05 7
1.561252e-05 4
1.323500e-06 1
7.190149e-06 1
3.744942e-07 1
6.146544e-06 1
2.224477e-05 1
4.146739e-06 1
1.368708e-06 3
3.946263e-06 2
2.669636e-06 1
1.081882e-05 2
3.810464e-06 1
4.907889e-06 2
5.525994e-06 177
2.015954e-06 3
7.377051e-06 1
1.655984e-05 2
1.650184e-05 1
2.247772e-06 1
2.841136e-05 1
1.397220e-06 3
9.690225e-06 2
1.219677e-05 1
3.473465e-06 1
3.138628e-06 2
7.848545e-06 1
1.840648e-06 1
2.980666e-06 1
1.174158e-05 1
2.811081e-05 157
8.712938e-06 1
1.020002e-05 1
9.171079e-06 1
1.283178e-06 3
1.543539e-05 1
2.741512e-06 1
1.102494e-05 1
1.181303e-05 1852
1.458744e-05 1
6.539472e-06 1
2.141817e-05 1
1.100381e-06 5
2.393137e-06 1
5.987120e-06 46
1.186793e-06 1
5.205012e-06 326
7.431763e-06 1
5.136722e-06 1
7.698960e-06 1
8.141946e-06 127
2.694326e-05 2
7.800794e-06 3
9.991362e-07 31
1.244161e-05 5
8.488984e-06 2
1.063437e-06 40632
1.001644e-05 214
1.829832e-06 7
6.540685e-07 196
5.259612e-06 1
9.500340e-07 1
1.684119e-07 1
9.009681e-06 6291
3.734319e-07 1
4.485655e-06 3
4.149392e-06 148
4.412670e-06 1
2.962868e-06 1
2.893827e-05 1
7.108139e-06 2
1.134085e-05 1
1.088703e-05 218
3.688279e-05 5
5.471761e-06 1
3.351935e-06 1
1.210946e-05 59028
1.192861e-06 2
1.417105e-06 1
1.868896e-06 1
2.833383e-05 787
1.424995e-07 1
5.245215e-06 7
4.557540e-06 1
5.760835e-06 1
4.929260e-07 1
2.725235e-06 1
4.444060e-06 1
1.938038e-07 360
1.044831e-05 3
3.638832e-07 2
1.310622e-05 1
3.212911e-05 6
5.862298e-06 81
4.660637e-06 1
4.290788e-07 837
2.803177e-06 1
6.969110e-06 95
5.922101e-06 1
7.214675e-06 6
3.226909e-06 3
2.292799e-06 1
1.625856e-05 1
6.814005e-06 5
8.241107e-07 4
1.726221e-06 5
4.849945e-06 1
1.211708e-05 1
3.211407e-06 3
1.349206e-05 1
9.543199e-06 3
7.282166e-06 1
2.803161e-06 1138
1.020110e-05 1
7.155168e-06 1
3.320126e-06 7
3.605343e-06 1
1.356944e-05 3
2.234713e-05 2
8.041883e-07 7
9.005045e-06 99
5.313575e-06 6
1.793525e-05 2
9.328682e-06 6
1.039010e-05 5
4.740958e-06 1
4.539437e-06 1
3.993040e-06 1
1.687012e-05 1
7.478003e-06 1
1.491703e-05 1
3.136847e-05 6
2.748348e-06 1
4.428246e-06 1
1.093378e-05 57
4.738092e-06 3
4.003376e-07 1
7.212150e-06 3
3.166385e-07 211
1.125550e-06 2
1.431395e-05 1
1.748845e-06 776
3.905791e-05 1
2.716460e-06 1
1.375337e-06 3
2.449155e-06 1
3.078399e-06 3
5.972061e-07 2
2.792994e-06 1
5.487916e-06 6
7.309388e-07 3
2.047412e-06 1
1.452549e-05 2
1.800748e-06 3
1.014937e-05 63163
7.989083e-06 3
3.316197e-06 560
6.502910e-06 1
3.677020e-06 43384
1.994081e-06 6
2.542935e-05 6
1.270835e-05 4
1.282644e-06 1
2.874408e-05 2
1.548551e-05 3
1.098333e-05 202
3.569975e-06 1
1.549450e-05 4
2.620628e-05 2
6.544645e-06 235029
6.008001e-06 194
1.696905e-05 1
1.165199e-06 1
7.508015e-06 1
2.424300e-05 1
3.232098e-06 1
1.218011e-05 1
2.587642e-06 3
7.961414e-07 1
6.817294e-06 1
1.025129e-06 2
3.668111e-06 3
8.500632e-06 2
2.296567e-05 1
8.226117e-06 1
6.446170e-06 2
1.612829e-05 1
2.892277e-06 1
4.903842e-06 1
2.575654e-05 73
6.545030e-07 1
4.450562e-06 49
1.070451e-05 1
1.130147e-05 1
2.045683e-05 7
6.166712e-07 1
5.096368e-05 3
8.039783e-07 2
1.950828e-06 6
1.632846e-05 5
3.968473e-05 1
1.064429e-05 4
8.848619e-06 1
4.204975e-08 1
1.056197e-07 1
3.896605e-06 1
2.976497e-06 1
1.535135e-05 97
2.830982e-06 5
4.831933e-06 1
1.331151e-06 1
1.951750e-05 1
6.935273e-07 1
4.589859e-05 1
4.729314e-06 1
3.922120e-06 1
2.833231e-06 164
1.515394e-05 1
1.035997e-05 1
2.167083e-06 1
4.406454e-07 3
6.556481e-06 2
1.351569e-06 53209
3.514239e-06 1
9.777977e-06 1
1.259773e-05 1
1.045536e-05 7
4.902403e-07 405
1.771441e-05 3
9.711237e-07 1435
1.333016e-05 172
9.006419e-07 1
3.650690e-05 14
1.571347e-06 1
1.569237e-05 2
5.898432e-06 6
1.645030e-06 43
4.915754e-06 207
1.433243e-05 53
4.053056e-06 1
3.383920e-05 151455
1.001626e-05 1
1.206420e-05 37
9.020224e-06 1
6.663427e-09 1
2.844596e-06 1
8.393921e-06 1
9.711908e-06 7
2.419491e-06 1
2.591329e-06 1
2.328468e-06 2
2.117608e-05 297
9.682166e-06 1
4.674074e-06 25750
4.447432e-06 227261
4.063329e-06 1
4.092692e-06 3
1.317793e-05 1
1.028439e-05 2
3.240723e-06 1
6.762519e-06 1
2.314791e-06 577125
3.050006e-05 4
5.974487e-06 3
7.041205e-06 1
5.068035e-06 2
8.807621e-06 1
1.689713e-05 4
1.758774e-05 1
2.267324e-06 3
3.719258e-06 5
1.146695e-05 23256
8.207157e-06 113
5.785924e-06 1
1.094394e-05 1
2.334675e-06 1
2.089836e-07 4
6.081903e-06 2
2.093335e-07 1
3.188349e-06 1
7.328720e-06 1
9.762286e-06 7
1.330960e-05 5
1.348652e-05 1
6.694438e-06 1
1.598465e-05 1
2.278065e-06 1
5.237046e-06 2
9.676709e-06 1
7.002453e-06 87
4.373242e-06 1
3.413051e-06 7187
3.995088e-07 1
5.038936e-06 16
3.513511e-06 2
2.458509e-06 5
1.181828e-05 2
3.271520e-06 152
1.345262e-05 7
5.855086e-06 1
1.649337e-05 3
2.938864e-05 7
1.477008e-06 3
7.732861e-07 1
3.883357e-06 1
3.857504e-06 4
2.485347e-05 2
2.898334e-05 7
9.540812e-06 7
9.762361e-06 1
4.316795e-06 1
1.726446e-05 227
3.183179e-06 3
1.346357e-05 1
1.351760e-05 1
2.363865e-07 1
1.101131e-05 197
2.941612e-05 7
4.089074e-06 16
7.502185e-07 2
5.116287e-06 1
1.803765e-05 166
1.182275e-05 1
2.740145e-06 181375
4.757041e-06 256
4.626109e-06 3
3.625690e-06 2
3.499538e-06 2
1.199810e-05 1
3.135203e-06 2
4.036495e-05 1
9.352800e-06 31
4.252661e-06 15812
1.648501e-06 1
8.651366e-06 3
5.325161e-05 1
9.508416e-06 3
3.812937e-05 3
5.655813e-06 1
6.831396e-06 2
7.131340e-06 1590
1.631840e-05 1
1.272320e-05 1
3.227391e-05 3
1.683548e-05 3
3.050543e-06 1
2.109440e-06 1
2.812672e-06 172
6.855384e-07 1209
9.485930e-06 1
1.235740e-05 148
3.984330e-06 1
1.313395e-05 1
1.022895e-05 3
3.050627e-05 3
3.480546e-05 1
1.440771e-06 28216
1.276428e-05 1
1.175587e-05 1
3.852987e-06 1
1.580997e-07 1
1.963734e-06 1
7.813345e-06 47
1.177195e-06 2
1.430226e-05 209
7.767623e-06 1628
1.202352e-05 1
1.106718e-05 1
5.553077e-06 169
2.927903e-05 7
1.472252e-06 1
3.091980e-06 1740
8.340869e-06 1
4.722608e-06 4
4.086574e-06 169
7.201194e-06 1
1.280890e-06 1563
2.623406e-05 4
8.590229e-06 1
4.330409e-06 1
1.947152e-05 1
1.136465e-05 1
9.391738e-06 1
8.096960e-06 1
9.889134e-06 2
3.273347e-05 1
1.406888e-06 1
4.119346e-06 5
1.161571e-05 1
3.106100e-06 1
2.158859e-06 1
5.782342e-06 3
1.886842e-07 3
1.166453e-05 1
5.076897e-06 42927
1.977161e-06 1
2.913936e-05 3
2.262898e-05 1
9.329973e-06 1
1.771169e-05 64047
2.770898e-06 1
8.877298e-06 5
1.562000e-06 4
2.881245e-06 711
1.486581e-05 3
1.084903e-05 2
5.600388e-06 3
1.021206e-05 56306
1.740464e-05 1
1.623998e-05 11
2.211608e-05 68
5.744983e-06 16081
2.205149e-05 1
1.978140e-05 1
7.538794e-06 1
5.706404e-06 125
8.544371e-06 1387
1.317603e-05 1
9.943915e-06 6
1.902982e-06 6
7.757099e-06 1
1.123847e-05 1
3.279275e-07 1
6.741365e-06 1
1.045430e-05 1
1.627798e-05 1
2.705292e-07 235
2.116139e-05 1
3.599955e-06 1
9.435870e-06 1
3.136382e-05 1
3.776244e-06 1
4.804923e-07 1
3.960231e-05 1
7.628183e-06 3
2.217218e-05 590915
1.629529e-05 2
7.968174e-06 1
7.737291e-06 2
2.285201e-05 1
5.194832e-06 1
1.540213e-05 4
6.034194e-06 186
1.277464e-06 1
1.018085e-05 2
1.706849e-06 1
1.052293e-05 125
6.566682e-06 2
7.050576e-06 1
7.864983e-06 1
5.938975e-06 3
7.945972e-06 1
4.571122e-06 2
1.502262e-05 3
1.248807e-05 3
8.650268e-06 1
8.263229e-06 254
6.481358e-06 1
4.138265e-05 442
3.774636e-06 1
1.009612e-05 1
5.217663e-07 1
7.065552e-06 2
7.242485e-06 2
2.469078e-06 41541
8.363661e-06 1
7.489779e-07 1
6.481795e-06 1
3.055744e-05 1
6.029711e-06 61697
3.114786e-06 1
2.292240e-05 1
1.153029e-06 1
1.392140e-05 100
5.724440e-06 1
1.820732e-05 1
1.803427e-05 3
5.713653e-08 39
2.660451e-06 1
2.434215e-05 7
5.624785e-06 37355
7.826641e-06 1438
4.178166e-06 139
5.490350e-07 2
1.423294e-05 1
1.080229e-05 2
8.405862e-07 4
4.736868e-06 1
2.514791e-06 1
3.313074e-06 1
7.731715e-06 2
5.426800e-06 1
2.637092e-05 2
1.340210e-05 2
2.078471e-07 3
7.768398e-06 1
1.190686e-05 1
8.959854e-07 1
7.989796e-06 919
1.659288e-05 3
1.205402e-05 63988
2.870308e-05 3
7.945537e-06 51085
3.805341e-07 1
3.195146e-05 1881
8.702641e-06 1
3.134423e-06 1
2.060270e-06 1
8.351520e-07 1
7.600170e-07 2
5.973387e-06 1
8.586653e-06 1
1.704681e-05 2
2.775360e-06 1
5.156277e-06 1
1.076964e-05 1
8.642946e-06 1
1.228254e-05 1
1.462579e-05 1
1.070656e-06 1
3.258110e-08 1
5.224659e-06 1
1.399540e-09 1
2.099278e-06 2
2.749371e-06 1
7.439590e-06 134
1.109598e-05 1
5.237883e-06 4
2.046093e-05 1
1.417536e-05 1
1.085686e-05 1795
2.214903e-05 4
2.655444e-05 2
7.532649e-06 1
5.651920e-06 636
1.765781e-05 2
1.204497e-05 1
1.235760e-05 2
8.760744e-06 2
7.302773e-06 166
1.870099e-06 251
1.784941e-05 2
6.788871e-06 1
1.481380e-05 5
4.422937e-06 1626
1.125893e-05 3
7.353139e-06 154
6.334731e-06 4
2.274349e-05 63993
9.555564e-06 704
2.516783e-06 1
5.311839e-06 87
7.016113e-07 3
7.984841e-06 2
8.031824e-06 5
1.139570e-05 1
4.040951e-06 2
1.527204e-05 2
7.542842e-06 1
2.202544e-05 6
9.058024e-06 2
1.744357e-05 1
3.192671e-05 4
3.172183e-07 1
2.715660e-05 1
2.470909e-05 1
3.042276e-05 9807
1.695363e-05 4
3.169824e-07 1
1.570163e-05 2
6.403282e-06 1
4.445850e-06 1521
1.199234e-05 1
6.474497e-06 68
1.449420e-07 2
7.943344e-06 171
1.154288e-06 1
8.892436e-06 20919
3.866040e-05 147
4.751068e-06 1
3.194864e-06 1
3.216719e-05 1
1.020034e-06 1
1.009636e-05 1
7.439240e-06 1
1.685753e-05 1
1.454573e-06 5
2.333036e-05 12
2.144354e-05 1
1.157814e-05 1
4.145854e-05 1
2.042152e-06 1
1.963082e-05 208
2.089139e-05 1
1.911317e-05 4
1.192686e-06 1
5.032874e-07 2
1.611691e-05 1
7.025169e-06 2
6.482471e-07 1
3.152317e-06 1
7.323383e-06 933
1.144899e-06 4
4.725335e-06 1
1.896660e-05 1
4.450052e-06 1501
1.390964e-06 3
2.539557e-07 1
8.255797e-06 1
4.690583e-07 3
6.189208e-06 1
6.842785e-06 2
1.603318e-05 1
1.203566e-06 1
3.722795e-06 33357
1.945430e-06 1
4.667258e-06 1
2.228702e-06 3
8.515163e-07 1
9.983058e-06 4
9.246098e-07 1
6.174449e-06 1
7.277958e-06 1
5.255599e-06 1
1.226430e-05 161
1.814789e-06 122
8.298913e-06 1
6.261428e-06 3
1.902601e-05 4
2.432310e-06 1052
8.390269e-06 2
1.078124e-05 1
2.655800e-05 2
7.129746e-06 1
3.870196e-07 23
1.334445e-05 1
1.931571e-05 1
3.028882e-05 1
2.459832e-06 1
8.057448e-06 1
1.797212e-05 171
3.289863e-06 35184
6.074523e-06 1
3.363312e-06 1
4.034219e-06 6
3.030696e-06 1
5.035707e-06 3
1.029376e-05 2
9.720914e-06 3
7.438199e-06 1
9.618178e-06 5
1.734882e-05 1
1.647392e-05 1
2.314918e-05 1
5.599411e-07 1
2.147417e-06 1
1.453351e-05 1
6.637076e-06 1
6.435381e-06 1
3.748135e-08 202
9.697924e-06 1
1.225445e-05 949
5.248917e-07 2
2.135488e-05 1
5.567597e-06 1
7.148445e-06 2
4.422009e-06 4
3.915276e-06 1
1.948681e-05 1720
1.180025e-05 2
5.787316e-06 4
4.311018e-06 4
3.203359e-06 1
2.593775e-05 1
9.302510e-06 194
9.506498e-06 3
1.201358e-06 4
1.030647e-05 1
1.452338e-05 31
1.373617e-06 164
9.276320e-07 1
9.017941e-06 2
4.105363e-06 46445
1.628087e-05 1
6.411033e-06 1
1.803287e-06 1
2.411077e-05 1
2.976079e-06 1
2.384416e-05 1
3.562338e-06 1
9.233054e-06 334403
9.499172e-06 3
9.158251e-06 222
9.572203e-06 1
1.778915e-05 1
2.144303e-06 1
2.294579e-05 29
2.073597e-05 32847
2.818495e-06 5
1.633428e-05 3
3.130628e-06 1
2.051660e-06 1
3.435857e-06 1
4.448554e-06 1
6.192578e-06 1
4.338922e-06 2
1.562407e-05 1
1.622340e-06 1
5.432664e-07 1
3.749433e-05 2
8.498814e-06 50
1.385058e-05 7
5.752329e-07 1
3.891213e-06 1
1.034095e-05 156
9.545606e-07 1
2.910615e-06 3
6.742602e-06 797
5.986285e-06 157802
4.795822e-06 2
2.991291e-05 1
1.496398e-05 582
8.677565e-06 2
1.041221e-05 1
1.688145e-06 1
2.105451e-06 1
3.698580e-05 1
2.716120e-05 3
2.447736e-06 1
9.619333e-06 1
8.204269e-06 1
2.257121e-05 1
1.305907e-07 1
1.944727e-05 3
6.109941e-07 2
1.749820e-06 2
4.689107e-05 1
4.532539e-06 3
1.332132e-07 802
9.423269e-06 3
4.636269e-06 5
1.200845e-05 1
5.420276e-06 1
6.538304e-05 1
3.144396e-06 6
1.050995e-06 1
1.921195e-05 4
2.725038e-06 1
1.787446e-07 3
2.817784e-06 1058
5.019171e-06 1123
6.854656e-06 1
2.283437e-06 1
2.826642e-05 1
3.275291e-06 1
4.871348e-06 1
3.987685e-06 1
1.115977e-05 5
5.764165e-06 12715
1.117929e-05 2
4.783705e-06 1
8.108904e-06 28585
8.995805e-07 1
6.276480e-06 1
1.224756e-05 11
2.211162e-05 1
3.877416e-05 1
2.558569e-06 3
2.638215e-05 53
4.359361e-05 1
1.133673e-06 7
9.292329e-06 196
1.634363e-05 2
1.883214e-06 1
3.444576e-06 1
7.084212e-06 1
1.549962e-05 1
1.058674e-05 1
2.227916e-05 1
5.596848e-06 156
1.825429e-05 768
7.863055e-06 3
2.333302e-06 3
2.442435e-05 1
1.278362e-07 155
1.838672e-05 1
4.256572e-06 1
2.517949e-05 2
1.621942e-06 1
2.350041e-05 1
2.053288e-05 809
1.484341e-06 114
6.944590e-06 3
2.490629e-06 2
2.466815e-05 1
1.259431e-06 1
1.753015e-05 1
1.182111e-05 1
6.662634e-07 6
2.210167e-07 260
8.193898e-07 1
2.497599e-05 1
2.746158e-06 1
5.490403e-06 1
6.688520e-06 1
3.833221e-06 1
2.602732e-05 1
2.273493e-05 1
9.141121e-07 1
2.379608e-05 1
2.551498e-06 7
1.723165e-05 77
6.854175e-06 7
4.456057e-06 47
1.623609e-05 1
4.621629e-06 1
5.967250e-07 1
4.053261e-06 181
3.927786e-05 3
2.093889e-05 25751
2.299151e-06 1
1.931387e-06 1
7.038615e-06 1
1.209906e-05 1
4.652738e-06 1
3.700351e-06 1
5.597137e-06 42276
3.859987e-06 3619
4.956951e-06 1
3.112379e-06 1
2.233980e-06 2
1.612092e-05 5
5.821042e-06 1
4.675083e-06 7
1.816649e-05 42360
2.966545e-06 266
1.486640e-06 113
6.730578e-07 3
2.248975e-05 2
7.670875e-06 1
5.624305e-06 1
5.726179e-06 1
1.044033e-05 139
7.746570e-06 1
3.160159e-05 1
7.447111e-06 132
1.527185e-06 4
7.012015e-06 6
8.409505e-07 1
2.801904e-06 1
2.479720e-06 1
5.131301e-06 640
9.740936e-06 1
7.912659e-06 3
4.015613e-05 7
2.742120e-05 3
1.190575e-05 4
1.945702e-05 608925
7.062886e-07 2
1.573860e-05 3
7.358455e-07 2
1.993662e-06 1
7.966044e-06 1
2.444900e-08 209
1.163414e-05 1
4.671789e-06 5
1.911609e-07 122
1.322099e-05 33
6.313084e-06 1
2.104724e-05 2
9.977761e-06 68
7.132999e-07 3
1.987649e-05 2
1.154477e-05 1
3.058539e-05 3
4.899350e-06 59
3.274606e-06 1
1.149419e-05 1
5.431823e-06 2
1.800373e-06 1
1.952740e-05 503356
6.137331e-06 1
2.620536e-06 1
3.117201e-05 89
9.170044e-06 2
2.580410e-05 224
8.783601e-06 5
1.906729e-05 1
2.418477e-06 2
2.901360e-06 30978
3.184494e-06 1
3.091068e-06 1
9.840777e-06 2
1.736028e-06 1
1.932123e-06 1
2.448009e-06 1
5.596753e-07 1
8.020600e-06 40690
2.152868e-06 3
2.379281e-06 1
9.697492e-07 45
1.638581e-05 38658
7.934419e-06 1
3.364340e-06 18224
1.290700e-05 2
1.658818e-05 27396
1.629045e-05 5
1.363484e-05 1
2.260993e-05 1
9.571343e-06 1
5.913118e-06 67
2.560940e-06 1
6.273948e-07 2
1.604466e-06 1
5.370886e-06 4
1.156566e-05 3
2.096294e-06 1
1.583877e-06 2
4.273618e-06 11500
2.655823e-06 6
1.937454e-05 3
1.145949e-05 3
2.031632e-05 3
1.807501e-05 1
7.448300e-06 1
1.488843e-06 7
3.538345e-06 6
5.276295e-06 1
1.337048e-05 1
3.937736e-06 220
3.019350e-05 4
1.204120e-05 3
2.040022e-06 1
1.992349e-07 4
6.465192e-06 3
3.660509e-07 1
1.776183e-05 2
7.442358e-06 2
1.991420e-05 1
2.779324e-06 185
3.611685e-05 1
6.859795e-06 3
1.517937e-05 1
3.272817e-05 1
1.165675e-05 1
2.117811e-06 146
7.160936e-06 2
8.863816e-06 1
2.272665e-06 1
2.297371e-05 28
1.285780e-06 2
7.222301e-06 2
6.874858e-06 3
3.645376e-06 16
5.504089e-06 1
1.286929e-05 4
2.981014e-06 1
3.850381e-05 1
7.678292e-07 644
1.943542e-06 1756
9.114092e-06 1
6.409680e-06 3
4.998912e-06 1
9.869497e-06 6
2.801234e-06 54993
3.785710e-06 3
2.253964e-05 1
1.238879e-05 34563
6.607425e-06 1
1.836632e-05 1
1.102581e-05 1
3.500162e-06 6
4.681088e-06 1
4.750647e-05 1
2.657214e-06 1
1.660947e-06 1319
1.388020e-05 7
3.189699e-06 1
3.000829e-07 2
1.122785e-05 2
6.601818e-06 2
4.192053e-06 134
1.944931e-06 219
6.327399e-06 1
1.278138e-07 1
2.155014e-05 3
1.424973e-05 1
3.468306e-06 1940
3.200892e-05 1
4.681052e-06 3
2.639722e-05 3
1.653315e-06 1
1.352421e-05 1
2.780477e-05 3
2.379428e-06 1
1.429899e-05 210
1.000350e-06 1
8.028444e-06 1
1.482098e-05 39579
1.629475e-05 2
7.183585e-06 3
1.099081e-05 183556
2.073842e-06 165
1.555199e-06 1
4.892122e-06 3
1.480065e-07 1
6.674596e-06 3
1.222024e-05 2
1.363895e-05 1
1.734531e-05 1
2.911207e-05 1
2.560663e-05 1
1.798163e-05 18
8.691917e-06 1
1.330751e-06 1
1.723148e-06 1
7.363321e-06 39605
1.796750e-05 3
6.497103e-06 1
3.925582e-06 1
1.822676e-05 1
1.222677e-05 1
9.704220e-06 1
1.545531e-06 1
7.284779e-06 1
3.219721e-06 3
1.286424e-05 4
7.138931e-06 2
2.713045e-05 1245
6.994023e-07 3
1.183072e-05 4
2.721738e-05 28
1.049015e-06 2
7.457352e-06 1
7.015457e-06 1
6.432919e-06 1
4.120138e-06 1
5.557340e-06 15
1.475833e-05 1
1.437665e-05 1
4.279674e-06 1
1.627861e-05 1
1.567089e-06 1
1.382603e-06 44479
1.498871e-06 1
2.549652e-05 1
4.982212e-06 1
1.252868e-05 1
4.560608e-06 13
7.939494e-06 1
1.073424e-05 2
1.325694e-05 1
3.436725e-08 1
5.999251e-06 1
1.758814e-05 1
2.622088e-06 2
1.548947e-07 643
3.814771e-05 2
9.968665e-06 1
1.085145e-06 3
2.955096e-05 1
2.276014e-05 191
1.292201e-05 1
9.923079e-06 1
6.686206e-06 1
1.049788e-06 1
3.072623e-06 73
6.739506e-07 2
3.390592e-05 1
1.160668e-05 1
1.174681e-05 83
5.287885e-06 1
7.592402e-06 1
1.027858e-05 167
4.676669e-06 1
1.908791e-06 6
3.242609e-06 1
1.129999e-06 1
4.381058e-06 224
2.631248e-05 1
2.703888e-06 1
8.161590e-06 21417
2.062629e-06 2
8.343920e-06 1
7.595668e-06 97
3.150882e-05 2
2.540757e-06 1
5.804350e-06 1
2.538917e-05 1
1.102399e-05 3
5.139527e-07 1
1.637063e-06 1
8.961028e-07 6
3.433984e-06 245
2.213668e-06 1
1.200678e-05 3
2.269389e-05 6
7.492614e-06 1
8.544145e-06 65470
3.434822e-06 1
8.708699e-06 1
1.168453e-05 1
1.224235e-05 973
1.924527e-05 1
2.992730e-05 1
6.292425e-07 365698
5.011059e-06 1
2.417783e-05 490
1.006600e-05 2
2.223690e-06 1
2.469147e-06 155
6.369329e-06 1
1.319425e-06 1315
4.010177e-06 1
1.220096e-05 1
1.451059e-06 472
1.192368e-05 1621
1.171922e-06 1
2.508328e-06 1
7.677285e-06 6
2.252222e-05 2
6.335090e-06 105
3.054668e-05 1
1.092135e-05 212
3.728206e-07 183
2.770930e-06 1
1.866379e-06 1
3.073808e-06 1
8.360718e-07 1
7.921741e-06 1
9.310376e-06 1
6.010972e-06 3
2.180943e-06 2
1.059169e-06 41860
9.890715e-06 3
2.167011e-05 1
8.199144e-06 1
2.674940e-07 1
2.571438e-05 1
2.226003e-06 7
2.317450e-06 1
8.948736e-06 1
1.060974e-05 1
2.631233e-06 6
7.918676e-06 1
8.989651e-06 7
3.154123e-06 66454
2.531104e-06 3
3.504365e-06 1
9.392976e-06 1
1.450093e-05 1
2.225694e-06 1
1.389909e-06 7
2.207994e-05 4
1.529050e-05 1
7.982694e-06 1
5.230866e-06 1
5.199380e-06 1
1.761337e-05 1
3.366842e-06 1
4.065942e-06 1
2.214061e-06 4
1.545490e-05 1
7.262956e-06 176
2.792777e-06 3
2.236135e-06 1
8.309297e-06 1
1.038775e-06 5
9.749907e-07 3
1.386602e-06 1
6.536029e-06 205
1.472289e-05 1
1.353456e-06 1
1.572964e-05 4
6.443053e-06 2
5.716368e-06 2
2.831023e-06 1
2.968443e-06 1
3.028670e-05 1
3.562389e-06 1
8.178314e-07 117
6.189294e-08 3
7.374335e-06 3
9.180643e-06 2
9.861713e-07 1
5.044962e-06 1
1.291773e-05 1
2.597962e-06 3
1.028271e-06 1
6.252276e-06 7
6.449175e-07 1
9.041075e-07 2
5.846868e-06 1
1.844055e-06 1
5.419067e-07 1
6.178131e-06 147
2.073322e-05 1
1.724911e-06 1
1.429515e-05 1
1.306964e-05 1555
1.539660e-05 2433
9.590109e-07 1
8.534845e-06 1
1.286828e-05 1
3.863176e-06 6
1.614292e-05 52507
8.677179e-07 6
5.705266e-06 421
1.442079e-05 1
1.225673e-05 1
2.059291e-06 2
1.425000e-05 1690
6.323048e-06 3
3.863559e-07 1
1.483273e-06 3
9.961984e-08 50570
5.629878e-06 2
2.213371e-05 1
5.950536e-06 1
7.408682e-06 3
7.932421e-07 2
4.400404e-06 4
4.972881e-07 1
1.483126e-07 1
1.389160e-05 1
7.260568e-07 1
2.000484e-06 1
4.778956e-06 1
5.721902e-07 1
1.287512e-06 1520
1.849284e-06 1
1.005319e-05 1
3.847014e-05 3
8.744447e-06 1
1.692114e-06 1
9.484610e-07 3
1.884256e-05 261
6.926917e-06 105
1.655468e-05 3
2.103995e-05 1
5.402322e-06 1
1.773514e-05 37
7.263548e-06 54448
4.095449e-05 1
4.559943e-06 1
2.693081e-07 235
5.093860e-06 1
1.066784e-05 4
1.100274e-05 1
5.902472e-07 228
1.169495e-05 1
2.646741e-06 1
2.902841e-06 1
1.935417e-07 1
9.232763e-06 335750
3.183488e-06 1
3.697824e-06 7
6.726961e-06 1
1.058519e-05 1
1.594575e-07 1
4.222002e-06 1
1.979962e-05 1
1.149674e-05 20438
4.170048e-05 3
4.349790e-07 1
4.659546e-06 1
3.890310e-06 1
2.956031e-06 1
8.211833e-06 3
1.046341e-05 1
7.190125e-06 1
6.539987e-07 6
1.856990e-05 5
6.476476e-06 1
7.430006e-06 574
6.206551e-06 1
4.042131e-07 1013
8.765653e-07 1
4.334447e-06 3
7.532359e-07 744
1.305572e-05 1
1.909354e-06 1
5.222899e-06 1
1.373619e-06 1
7.994813e-06 1
2.075858e-06 3
9.140633e-06 1
5.637566e-06 5
3.201229e-06 55552
1.788590e-06 1
9.950053e-06 2
1.163644e-05 1
2.476116e-05 3
1.220109e-05 170
9.028913e-07 2
1.093745e-06 1
4.562170e-06 47946
4.300118e-06 251
2.444384e-06 5
1.139097e-06 118
1.639026e-05 150
5.162588e-07 1
1.603221e-07 1
1.214519e-05 25
1.532102e-05 1
1.660154e-05 2
4.031629e-06 6
2.392508e-06 1280
2.471617e-07 1
6.594721e-07 1389
9.570435e-07 1
5.005805e-06 2
1.124241e-06 1
1.744837e-06 3
3.094851e-06 1
3.295113e-06 1
3.376488e-05 6
7.607356e-06 6
9.863295e-06 2
3.492481e-06 2
2.123308e-05 15757
2.138092e-05 4
2.355700e-06 1
3.237935e-06 1
1.144816e-05 1
7.812115e-07 28885
6.633234e-06 1
7.748090e-08 1210
5.819581e-06 1
1.629567e-05 2
1.567054e-05 1
1.758871e-06 1
6.600281e-06 3
3.341605e-06 1
1.007053e-05 1533
1.216003e-05 23
2.093535e-05 2
8.847791e-06 2
1.794194e-06 1
2.167653e-05 1
7.178460e-06 1
7.217778e-06 2
4.241008e-06 1
3.289336e-05 6
1.560702e-05 71
4.317379e-07 1
4.153907e-05 23404
5.618503e-06 1
1.122242e-05 2
1.375552e-05 2
5.333025e-06 1
6.270864e-06 1
8.654702e-06 51141
7.612041e-06 3306
1.173106e-06 1
8.326375e-06 1
6.173808e-06 1
1.092676e-05 58
2.628412e-05 6
8.748341e-06 2
4.290328e-06 1
5.902009e-07 2
5.988843e-06 1
3.300521e-06 2
4.152760e-05 2
4.652891e-06 7
4.926359e-06 51
4.485278e-05 4
7.787090e-06 1
4.091731e-06 49305
4.030925e-06 1
3.822524e-06 1
9.977290e-06 1
5.768346e-07 1
1.038931e-05 1
3.818517e-06 261
4.198151e-07 1
8.908376e-06 119
9.694894e-06 3
8.017155e-06 3
6.107245e-06 1001
1.004936e-05 1
1.910336e-05 1
1.331821e-05 21
1.490726e-06 4
1.801561e-05 1
1.241577e-05 1
1.156015e-05 4
3.420974e-06 1
1.776975e-06 5
7.630121e-06 1
1.844897e-06 7
7.461143e-07 1
6.035010e-06 1
2.694324e-07 1
1.464149e-06 1
6.132634e-07 2
1.180939e-05 1
1.280874e-07 7
6.626420e-06 58041
2.441569e-05 7
5.207280e-06 1
6.408470e-07 234783
6.004673e-07 1
5.425297e-07 1
3.335714e-06 128
3.141024e-06 1
1.281850e-05 1
2.290794e-06 3
1.390947e-05 3
3.001460e-07 1
9.123112e-06 1
4.001674e-05 1
1.006388e-05 205
3.279146e-05 1
7.160528e-05 1
1.786902e-05 1
6.290077e-06 1
1.463911e-05 3
1.628762e-05 7
4.732467e-06 1
6.946960e-06 1
2.260503e-05 1
1.093105e-07 1
2.468694e-07 94
2.160009e-07 1
7.155231e-06 6
6.837416e-06 5
6.838217e-06 1
1.269049e-05 7
1.135642e-05 1
1.223827e-07 881
2.226582e-05 1
7.283473e-07 7
1.214213e-05 1
3.514209e-06 6
1.092021e-06 7
1.052302e-05 5
7.910979e-07 25929
4.762291e-06 102
1.848489e-05 7
1.334650e-06 1
1.058663e-05 1
1.039348e-05 147
1.302975e-05 1
2.555030e-05 1
2.575683e-06 1
1.345042e-06 177
2.071969e-05 5
3.140496e-06 47
3.869237e-06 6
3.489849e-06 6
1.689722e-05 1
5.300903e-06 90
7.386939e-08 3
1.446040e-06 1
1.237884e-05 3
1.240742e-05 1
1.044727e-05 1
1.861965e-05 392
1.184647e-05 1
3.724011e-06 1
1.896903e-07 1
1.107337e-05 2
5.121313e-07 1
7.804991e-07 3
2.548318e-05 3
1.153154e-05 3
6.529424e-06 1
1.099501e-05 1
3.647280e-06 1033
1.162301e-06 1
3.140392e-06 1
3.385435e-05 1
4.710057e-06 1
7.237337e-06 1
9.458005e-06 1
3.225308e-06 1
5.678907e-06 1
2.553309e-06 3
5.801849e-06 251
8.317462e-06 2069
2.661427e-06 1
8.192922e-06 1
5.202470e-06 1
1.521966e-05 1
1.054245e-06 5
4.432272e-06 3
6.397180e-06 3
1.485421e-06 1
2.957870e-05 1
1.446141e-05 1
7.132054e-06 55
1.577679e-07 1
1.822184e-08 2
1.782989e-06 1
1.201024e-05 1
4.819225e-06 1
8.523528e-06 1
1.145348e-06 281
1.168981e-05 1
2.017645e-06 35
1.133424e-05 7
4.631690e-06 1
1.091221e-06 1
2.613815e-06 1
7.051672e-06 75
3.490406e-06 2
4.489950e-06 189
6.205863e-06 1
7.657656e-06 83
2.923439e-05 3
1.206670e-05 3
4.191003e-06 3
3.590771e-06 3
9.911093e-06 1
8.400971e-06 1
2.753639e-05 3
5.796404e-06 1
1.606556e-05 56992
1.267309e-05 105
1.999246e-05 1
1.042022e-05 3
3.312875e-05 1
1.186473e-05 1
9.945781e-06 6
6.769705e-06 1
1.499312e-05 2
2.169627e-05 1
1.344910e-05 157
3.734248e-08 1
2.524118e-06 1
1.860007e-06 7
4.893600e-06 3
1.757475e-05 1
6.599048e-06 1
6.917480e-06 1
1.648875e-05 1
2.945709e-06 121
4.581276e-05 10347
1.645299e-05 1
2.686922e-05 1
1.696840e-05 1
2.055204e-05 1
7.058781e-06 6
5.972377e-06 3
1.133596e-06 1
4.067137e-06 3
2.905651e-05 1
1.681852e-07 546
4.378932e-07 1
1.502315e-05 7
2.422861e-06 1
1.162233e-07 1
2.329212e-06 1
1.356323e-05 1
1.001989e-05 3
3.806472e-06 1
1.057508e-05 1
1.804483e-05 1
3.107651e-05 2
4.872218e-05 1
2.729453e-07 1
1.231985e-05 1
1.085007e-05 1
4.329975e-06 2058
9.881399e-06 4
5.370875e-06 1
2.251325e-05 1
5.490457e-06 3
1.279711e-05 241
1.882087e-05 1
1.661672e-05 1
2.443508e-05 1
1.791786e-06 2
9.541799e-06 1
4.986138e-06 1
1.330068e-05 3
2.448201e-06 1
1.240206e-05 142
6.246469e-06 1
5.848247e-06 1
1.862600e-05 385
1.370371e-06 1
1.294729e-05 4
4.054666e-06 1
1.051697e-07 1
1.793185e-05 21
1.407070e-05 6
5.744689e-06 7
1.319816e-05 1
1.705391e-06 1
5.244901e-06 1
5.117009e-07 2
4.130051e-06 155
4.317930e-06 1
2.469928e-05 1
1.017824e-07 3
2.422290e-06 5
2.814163e-06 51878
7.475043e-06 5
1.679371e-05 16191
5.952805e-06 4
2.189128e-06 1
1.493539e-06 1
5.610499e-06 804
9.759613e-07 195
1.285226e-06 262698
4.137044e-06 39823
1.023976e-05 1
1.260745e-07 1
1.520991e-06 1
4.748584e-06 1
6.208056e-06 1
1.470542e-06 1
8.818852e-07 1
1.727358e-05 3
1.803677e-06 1
6.013872e-06 1
2.266348e-06 238
1.106302e-06 1
4.361266e-06 6
2.353806e-06 1
3.801403e-05 39713
2.084566e-05 1
1.742787e-05 1
1.305827e-05 1
3.789907e-06 1
2.979869e-06 1
8.611928e-07 7
1.326216e-05 5
2.933957e-05 1
3.268173e-05 1
2.675133e-06 1
7.442039e-06 3
7.500956e-06 19393
3.162043e-06 2
4.240756e-06 2
1.526326e-05 106
1.347363e-05 154
3.762088e-06 3
2.838432e-05 7
2.208594e-05 1
7.519618e-06 1
8.663454e-06 1
4.211206e-06 5
7.758506e-07 1
4.032530e-07 3
5.990642e-06 1
9.710122e-06 295
9.692338e-07 2
6.385318e-07 261097
2.990187e-06 1
4.529661e-06 1
1.102068e-05 1
2.201826e-05 1
4.266460e-06 1
2.324929e-06 1
2.791416e-06 5
1.968315e-05 1
1.905696e-05 1
6.097667e-06 2
2.738345e-07 2
1.204670e-05 1
1.239090e-06 1
8.715642e-06 2
9.122792e-08 1
1.512623e-06 8251
2.688982e-05 38
4.607056e-06 5
1.157017e-05 1
4.885259e-07 3
3.904964e-06 4
2.219597e-06 4
1.435266e-05 1
1.423524e-05 1
2.556307e-05 4
7.704524e-08 1
5.479551e-06 37
1.941342e-06 1
2.000417e-06 3
6.070914e-06 1
2.258317e-06 3
7.933957e-07 1
1.736468e-05 1
8.269675e-06 1
3.108738e-06 1
3.668207e-05 165
5.258616e-06 103
1.419704e-05 2
3.169464e-06 1
1.073159e-05 1
1.269181e-05 1
1.258873e-05 17480
3.473274e-07 1
1.190608e-07 1
5.419241e-06 1
4.134786e-06 7
1.469569e-05 1
4.954710e-06 1
1.718045e-07 1
7.509722e-06 308
2.646669e-06 84
9.577089e-07 1
6.071930e-06 1
1.834146e-06 1
2.938739e-06 2
1.091233e-05 1
3.925437e-06 2
1.536143e-06 1
3.713235e-06 35444
8.627956e-06 1
6.994104e-06 1
1.691049e-05 1
8.803208e-06 3
4.567434e-06 1
3.616542e-06 5
1.297951e-05 3
6.294474e-06 1
3.150492e-05 2
1.678253e-05 1
1.242862e-05 1
5.576250e-06 2
1.598175e-07 3
5.289347e-07 3
1.753685e-06 746
3.744520e-06 1
1.036742e-05 1
7.251128e-06 3
5.843246e-06 1
7.250444e-06 1
2.670143e-05 3
2.216867e-06 1
1.129089e-05 2
7.995606e-06 1
3.624638e-05 50522
2.254733e-05 176889
2.679119e-05 2
1.234708e-06 74
9.078043e-06 1
3.866076e-05 1
1.016943e-05 1
8.269864e-06 252
6.122902e-06 941
9.605845e-06 1
6.709072e-06 1
1.004824e-05 1589
5.095667e-06 1
3.330730e-07 1
1.015345e-05 1
1.070743e-05 1
1.912151e-05 88
