7.445840e-05 1
1.692516e-06 3
1.611793e-05 32
2.482005e-05 1
5.499320e-05 1
3.333936e-07 2
3.013352e-06 108
1.380800e-05 2
2.257182e-06 1
4.490617e-07 1
4.963048e-06 3
1.500690e-06 3
3.529643e-05 1
4.144542e-05 1
9.977597e-05 1
2.619641e-06 1
1.100415e-05 1
8.175229e-06 1
1.546945e-05 24516
1.618604e-05 1
2.706691e-05 1
5.145952e-06 211
1.235319e-05 4
2.377048e-05 1
5.361202e-07 2
6.635924e-06 2
1.834619e-05 1
9.258077e-06 1
6.882280e-08 189
1.317705e-05 1
5.429081e-05 5
1.994666e-05 2
1.068280e-06 3
4.493348e-05 1
7.351589e-06 2
3.083944e-05 1
4.899600e-06 1
3.505300e-05 1
5.910303e-06 3
2.617348e-05 2
6.549490e-06 1624
1.961007e-05 25
3.458751e-06 1
1.208633e-05 1
2.037098e-05 3
2.068291e-06 866
1.459563e-05 1
3.980556e-05 1
5.209402e-06 1
1.332717e-05 3
1.185945e-05 70
7.428188e-06 1
1.360811e-06 32951
9.433078e-06 1140
2.150806e-06 3
6.894155e-06 1
5.800504e-06 2
2.644802e-05 3
6.579067e-06 3
7.324842e-06 5
6.224451e-06 31876
1.786583e-05 1
2.773718e-05 7
1.533458e-05 3
1.181310e-05 1
1.425667e-05 3
1.960107e-05 1
1.910941e-05 1
2.137647e-05 157
7.250880e-06 1
1.761654e-05 1
1.517222e-05 273
9.868984e-06 1
2.466983e-05 1
1.590445e-05 1
8.717596e-06 1
2.497674e-05 1
2.238291e-06 149
6.639618e-06 1
1.442222e-05 1836
4.653742e-05 4
1.615730e-06 1
6.330783e-07 83
1.467723e-05 1
8.099653e-06 3
8.263356e-06 62
4.483985e-06 2
2.858466e-05 1
6.632333e-06 1
1.678714e-05 1
8.471569e-05 1
3.824361e-05 6
1.846672e-05 1595
1.457002e-05 3
3.504399e-06 51067
3.093661e-06 187
3.162217e-05 57
7.324465e-06 1
3.861634e-05 1
4.887995e-05 1
5.389042e-05 1
1.863584e-09 1
2.997018e-05 1460
1.979333e-05 6
3.503211e-06 61
1.974137e-06 1
1.490226e-05 1
4.672881e-06 1
6.201857e-05 3
1.973191e-05 4
2.582607e-05 95
1.426532e-05 700
3.523115e-08 1
1.121817e-06 1057
1.980070e-05 213
3.253693e-07 7
1.125265e-05 1
1.617294e-05 1
4.268912e-06 2
8.661543e-06 1
2.610680e-05 1
1.460397e-05 1450
3.309201e-05 3
1.350116e-05 1
8.687985e-06 2
2.040598e-05 1
5.901907e-07 1
1.840824e-06 1
7.637182e-06 3
1.361336e-05 1
3.796080e-06 3
1.960460e-07 1
1.200208e-05 41611
6.583681e-06 1
6.217012e-06 1341
4.353831e-06 1
1.183607e-05 1
1.082020e-05 1
2.513166e-06 1
1.181891e-06 1
2.804055e-06 4
5.018405e-06 1
4.792456e-05 1
1.085486e-05 2
1.080989e-05 1
9.710884e-06 1
9.136433e-07 2
6.883028e-06 3
3.574140e-06 3
7.302878e-06 179
1.061209e-05 7
1.490826e-05 2
6.419834e-06 7
1.896262e-05 1
7.874120e-07 2
5.780612e-05 1
2.191740e-05 2
8.708293e-06 55355
1.908204e-07 1
4.639188e-06 5
2.983559e-05 5
1.911315e-06 1
1.308565e-05 1
4.780404e-05 1
7.474662e-06 1
1.188942e-05 2
1.910053e-05 185
1.481501e-05 1
1.573472e-05 4
7.061962e-05 57635
2.841197e-05 1
3.041347e-06 384263
5.037877e-05 1
1.047430e-06 1
2.290711e-07 25
1.643346e-05 1
3.410291e-07 1
1.597360e-05 1
1.491326e-05 1
2.599516e-06 1
9.159155e-06 179
5.357343e-06 1
4.291535e-06 2
4.455754e-06 1
3.081032e-06 1
8.299278e-06 46808
2.183320e-05 1
1.060990e-05 1
1.329262e-05 6
6.188678e-06 1
2.980816e-05 1588
1.298191e-05 190
3.780817e-05 1
2.701444e-06 1
1.610866e-06 1
1.955159e-05 1
6.792268e-07 7
1.110493e-06 1
3.399360e-07 1
4.606676e-06 1
1.084097e-05 1
7.846007e-06 1
3.533185e-06 3
2.618139e-05 7
5.582538e-06 2
2.518175e-05 1
2.172326e-05 1
8.108721e-06 1
4.931326e-06 5
1.215089e-05 1
2.882862e-06 1
9.804567e-07 1
7.218438e-08 1
5.970197e-06 1
3.171743e-06 3
7.251878e-06 7
4.310807e-05 3
3.803294e-06 1
1.465473e-06 6
1.958786e-06 1
5.385717e-06 1
1.844005e-06 1
2.602580e-05 572
4.636062e-06 2
3.319112e-05 1
3.651325e-06 1
2.096241e-05 1
1.490113e-05 1
1.472786e-06 1
7.076313e-06 1
2.058938e-05 131
1.502978e-05 1
1.652658e-05 1
1.337484e-05 1
5.612892e-06 1
8.225877e-06 57010
5.340856e-05 8137
9.951829e-06 22992
9.826689e-06 1
9.357273e-05 3
1.436084e-05 7
1.029018e-05 1
3.666553e-05 3
5.207346e-06 1
7.245268e-06 4
3.092318e-06 83
4.226838e-05 1
2.983278e-06 21978
5.933862e-06 1
8.629961e-06 3
2.360615e-05 1
1.028265e-05 1
1.808206e-06 1
8.784562e-06 1
2.321492e-05 6
3.988450e-06 1
2.377273e-05 46
2.513258e-05 2
1.858295e-05 1
4.061959e-06 1
5.235028e-06 1
1.024404e-05 1
2.880809e-05 1
5.682218e-06 2
1.851804e-05 1
1.552627e-05 6
1.968870e-05 1
2.197270e-06 50219
6.947341e-06 5
1.808317e-05 1
5.024137e-05 3
1.705139e-06 3
2.264783e-05 247
4.692352e-05 1
4.833777e-07 5
6.698158e-05 1
3.669738e-05 43656
1.894786e-05 2
1.854022e-06 70
8.299703e-06 1
2.317549e-05 1
5.392542e-05 1
1.007133e-05 1
4.896861e-06 5
1.264614e-05 3
1.842866e-05 1
1.232852e-05 2
3.222435e-05 131
1.764921e-06 1
3.330194e-05 3
1.427356e-06 1
4.095954e-05 1
2.617065e-05 4
1.494970e-05 7
1.901166e-06 1
4.218882e-05 2
8.185928e-06 1
2.258416e-05 1
6.282553e-06 1
5.185940e-06 3
3.748363e-05 3
6.587561e-06 1
4.532267e-05 3
1.142182e-06 1
2.224055e-05 5
1.206884e-05 1
1.859467e-05 2
8.359300e-06 1
1.029610e-05 1
6.235827e-06 1
1.039602e-05 1
3.106738e-05 189
8.340134e-06 3
2.009368e-05 2
4.215172e-06 1
5.643506e-05 1
2.049978e-06 953
3.828059e-05 7
8.349266e-06 39866
1.093825e-05 5
2.077840e-05 1
8.482931e-06 3
1.140042e-05 2
1.268954e-05 3
2.206998e-06 56
1.137200e-06 7
3.370258e-06 3
2.912207e-06 2
2.203483e-05 1
9.727245e-07 2
1.001106e-06 5
9.223498e-06 165
1.949690e-05 1
6.679207e-06 1
3.390314e-05 1
7.062434e-06 2
1.458927e-05 2
9.350685e-06 1
5.226711e-06 1
3.194986e-05 2
6.152648e-07 3
1.913334e-05 1
3.134249e-05 4
2.111509e-05 1
2.221519e-06 259
1.121166e-07 1
3.833563e-06 350
5.920539e-06 1
3.049753e-06 1
1.615401e-05 5
3.905801e-05 178
1.276691e-06 61
2.920591e-05 1
4.924488e-05 1
5.984847e-06 2
1.487408e-05 1
2.933849e-06 133
6.559589e-06 5
2.298062e-06 130
4.401105e-05 1
9.421470e-07 491
1.972981e-06 3
2.788448e-06 1
2.403337e-05 1
1.395734e-06 3
2.224442e-05 2
1.049107e-05 21438
2.639319e-05 55
2.012714e-05 3
1.337905e-05 3
1.976243e-05 1
6.058360e-06 1
3.490347e-05 1
3.508412e-06 1
1.884203e-05 984
1.156665e-06 3
1.353413e-06 34
3.994745e-05 3
1.345903e-05 1
1.392816e-05 246
1.551055e-05 4
8.535129e-06 1
7.357073e-08 7
1.352956e-05 1
5.312753e-06 1
4.869394e-05 1
2.276539e-05 1
2.782730e-06 2
4.289834e-06 1
1.676219e-06 234
4.049241e-05 1337
1.991808e-06 3
4.983164e-05 1
2.347363e-05 1
1.722118e-05 1
3.194946e-06 155
5.501193e-05 180
1.242416e-05 180
3.504352e-05 2
7.270765e-06 2
1.572909e-05 1
1.862699e-05 1
5.090876e-07 1
1.168115e-05 12499
2.977261e-05 1
1.011087e-05 2
7.804366e-06 1
5.834867e-06 1268
7.175555e-06 2
1.527409e-05 2
4.825388e-06 3
1.875042e-06 1
3.030582e-05 229
1.917409e-05 1
2.739450e-05 1
3.920190e-06 1
1.334150e-05 1
1.819936e-05 1
9.199101e-06 1
9.248281e-06 3
1.297104e-05 1
4.789002e-06 101
9.821868e-06 3
3.490491e-06 53691
3.376269e-05 2
3.562245e-06 5
2.479837e-06 1
1.149580e-05 1
8.860694e-06 242
1.811414e-07 1
1.038632e-06 1
3.917936e-06 1
1.702273e-05 1
2.499637e-05 2
4.433437e-05 6
3.224519e-06 3
1.667326e-07 1
6.460941e-06 74
3.582122e-06 1
8.400970e-05 1
1.192825e-05 1
1.077886e-05 1
7.671982e-06 6
1.993332e-05 1
1.184088e-05 1
2.126884e-07 3
1.820405e-05 7
1.747035e-05 1
2.530933e-05 1
2.096803e-05 7
6.692626e-06 1
2.687729e-05 3
2.578623e-05 1
4.795815e-06 390089
6.780401e-06 6
1.131375e-05 1819
3.528927e-05 1
4.298688e-06 33
5.979565e-05 1
7.448256e-06 2
2.712454e-06 4
2.356389e-06 111
9.119252e-06 1
8.008204e-06 1
5.174259e-06 2
9.936271e-06 4
1.707491e-05 1
4.973580e-06 1605
1.683499e-05 2
3.939014e-06 138
2.075929e-05 1
3.788825e-05 2
1.108177e-05 212
5.841590e-06 2
4.757516e-05 1
1.259370e-05 1
2.266973e-05 1
1.119709e-05 4
5.934135e-06 1
1.007792e-07 1
2.396820e-06 1
3.559857e-05 1
1.830272e-05 3
3.640470e-05 1
1.335956e-05 3
1.191869e-06 1
6.204905e-06 3
3.669498e-05 2
5.670357e-06 5
5.662138e-06 1
9.712842e-06 64
5.347378e-06 7
1.551980e-05 1
1.020306e-05 69
7.504229e-06 1
1.747412e-05 1
1.893439e-05 1
1.643351e-06 1
1.704442e-05 14
1.609929e-05 1
4.717559e-06 2
4.225935e-06 1
3.999094e-06 1
7.728300e-06 1
2.605137e-05 1
8.569737e-06 1
3.511444e-05 1
3.033583e-05 3
2.164086e-06 1
5.442127e-06 1
2.279308e-05 1
5.873177e-06 1
2.143884e-05 1
2.470873e-05 5
3.394128e-06 7395
2.374099e-06 1
3.306039e-05 1
1.150372e-05 32423
2.572010e-05 1
3.146652e-06 2
7.382941e-06 3
5.327860e-05 2
4.574276e-05 9
4.976151e-05 250
3.642283e-05 5
2.336702e-06 1
2.902728e-06 1
1.609834e-05 1389
1.679139e-05 1562
9.966600e-06 3
4.146749e-06 1
5.506511e-06 1
1.113679e-05 1
5.357461e-06 1
1.743566e-05 7
8.869116e-06 1
1.791544e-05 4
2.731308e-05 97
1.193628e-05 3
6.262797e-06 4
2.456894e-06 3
1.588791e-06 1
1.554585e-05 1
4.462130e-06 6
2.835801e-05 32251
2.041317e-05 1
1.949800e-05 3
7.311493e-07 1
2.467825e-05 1
2.598790e-07 1
8.170081e-06 4
4.303387e-05 7
1.131870e-05 7
3.489812e-06 342
3.025864e-05 28413
4.207916e-05 7
2.411173e-06 197
6.294971e-06 1
4.679862e-06 3
1.347437e-05 1
7.589970e-05 1
1.189929e-06 1
1.641224e-06 2
1.240409e-05 1
2.091374e-05 3
2.000542e-06 1
8.207514e-06 7
6.358827e-05 4
4.695004e-06 3
7.236011e-06 719
1.306597e-05 1
1.356453e-05 6
4.201923e-06 61
4.432190e-05 3
3.403958e-05 153
1.597183e-06 1
4.475106e-06 1
5.183902e-06 1
9.181320e-06 7
1.693930e-06 1
1.771450e-05 1
8.021046e-06 1
4.616625e-06 1
1.162188e-05 1
1.272790e-05 1
1.130485e-05 370
8.007759e-06 4
5.026519e-06 1
1.971524e-05 1
6.656495e-06 1
1.664266e-05 170
1.188197e-05 2
4.430346e-05 1
6.978557e-05 4
6.654502e-06 129
2.710406e-06 1
1.501724e-05 2
8.322758e-06 5
1.364535e-05 64755
3.973582e-06 1
2.458489e-05 5
8.126769e-06 1
7.877992e-07 27
1.341621e-06 2
2.479767e-08 1
1.987461e-05 3
2.028687e-07 243
3.409165e-06 1
5.353315e-06 1
2.907335e-06 1
1.257572e-05 3
1.798236e-05 1
2.568798e-05 1
5.143783e-06 2
5.552625e-06 1
3.549017e-06 1
8.541426e-06 1
1.632611e-05 1
3.964027e-06 1
8.820121e-06 1
1.279172e-05 1088
1.044163e-05 1
4.203125e-05 1
9.020639e-06 7
2.696512e-05 6
1.662447e-06 3
5.571703e-05 2
1.076413e-05 1
4.122621e-05 11
3.837890e-06 1
4.267689e-06 1
1.317411e-06 2
1.112301e-06 6
4.099379e-05 3
1.648445e-05 1
6.323701e-07 1
3.786789e-05 1
2.159014e-06 1
3.949792e-06 1
3.552546e-05 6
4.502302e-05 1
2.298117e-06 1262
2.245684e-05 2
5.876279e-05 1
2.141646e-05 1
1.592704e-05 1
2.137391e-06 1
1.087652e-05 43
6.791756e-06 3
2.597412e-05 1
3.231402e-05 1
3.805819e-05 1
7.545157e-05 262
9.175295e-06 1
8.090164e-08 5
1.337937e-05 1
1.371176e-05 1
8.578854e-08 62584
2.465462e-05 2024
1.832932e-05 1
1.335832e-05 232
3.761789e-06 1
2.227568e-06 3
1.255449e-05 1
1.630678e-05 1
1.894321e-05 1
1.750458e-06 2
2.242257e-05 2
3.919918e-06 5
2.378923e-05 1
5.373400e-06 1
1.655058e-06 2
2.310410e-06 2
8.753026e-06 2
1.376392e-06 29584
6.289556e-06 2
3.733279e-06 1
7.343598e-06 3
2.138769e-06 2007
2.078376e-05 1
7.938930e-06 6
4.450552e-06 1
7.183971e-05 1
3.221383e-05 1290
2.080090e-05 213
5.475847e-06 3
8.764535e-06 1
3.633080e-05 1772
1.316353e-05 1690
3.141841e-05 3
6.863551e-06 1
2.916939e-05 1
4.296789e-06 1
7.347789e-05 1
1.591826e-06 1
1.076225e-05 5
4.968229e-05 6
1.412803e-06 6
2.995810e-06 1
3.995293e-05 1
2.959302e-06 1
1.207070e-06 1
4.836575e-05 2
1.777045e-05 1
1.824359e-05 1
1.146575e-05 1
3.094354e-06 1
1.614387e-05 31318
2.516627e-05 1
2.454275e-05 88
2.401501e-05 2
1.146367e-06 1
1.481716e-05 1
8.945731e-07 1
8.214052e-06 1
7.175962e-06 2
3.251285e-06 2
3.860918e-06 7
5.750204e-05 51
7.700948e-07 1
3.514584e-06 1
4.047036e-05 33261
2.827985e-06 2
3.158449e-05 1
2.018838e-05 4
1.164254e-05 1
1.880778e-05 3
9.854035e-07 1
7.237814e-06 713
2.982138e-05 1
2.174401e-06 7
5.316720e-06 1
1.271629e-06 1781
8.142206e-07 3
3.055419e-05 3
9.344174e-05 1
3.363401e-06 1
3.906504e-05 3
1.651668e-06 1
3.980431e-05 1
2.240177e-05 5
1.919310e-05 4
1.066357e-05 1
1.848399e-05 1
1.830554e-06 3
4.290509e-06 1
2.624806e-06 1
9.919660e-06 1
1.921961e-05 1
1.930280e-06 148
1.066255e-05 1
1.947398e-05 1
1.074681e-05 3
5.436952e-05 1
8.241601e-06 1
3.328899e-06 1
2.783272e-05 52666
1.214867e-05 1
6.462247e-06 1
1.363149e-05 2095
2.307053e-06 127
1.311185e-06 1
2.604097e-05 1
5.470671e-06 1
1.370543e-05 1
9.108633e-06 1
2.821007e-05 3
1.591976e-05 5
4.969447e-06 1
1.620298e-05 6
1.509562e-05 1
8.156433e-06 1
1.018463e-05 2
1.711590e-05 6
6.071297e-06 1
5.574938e-06 3
1.211836e-05 1
1.701576e-05 1
1.749851e-05 2
5.789671e-05 1
1.234375e-05 194
9.339694e-05 3
3.260814e-05 2
1.816879e-05 1
5.823369e-06 2
1.106950e-05 4
8.479501e-06 3
2.572045e-06 2
1.247907e-05 365
1.296994e-05 1
4.977169e-06 1
7.703962e-06 630
1.186740e-05 69
3.286364e-06 23
7.003886e-06 3
1.043461e-06 1
1.960723e-05 1
5.623848e-06 2
9.663839e-06 1
6.276861e-05 1
4.860656e-06 81
2.775285e-06 5
1.551979e-05 1
3.501298e-05 1
2.364812e-05 5
4.293248e-06 138
2.239260e-06 45
2.726883e-05 2
2.878880e-05 1
1.701984e-05 1
4.770726e-05 3
3.799485e-06 1
7.144963e-06 4
3.646018e-06 3
2.667996e-06 1
8.564687e-06 822
4.830401e-05 54311
3.990885e-05 1
6.003422e-06 2
1.610945e-05 1
4.066947e-05 1
1.480109e-05 1
1.266852e-05 1
8.111338e-06 1
2.080805e-05 2
3.471108e-05 1
6.296718e-06 219
2.125649e-06 1
2.295777e-06 1
9.970155e-06 3
9.075224e-06 1
6.636372e-08 1
2.442723e-05 9540
3.454219e-05 6
8.705500e-06 1
1.281169e-06 1
8.315285e-05 140
4.572299e-06 1
9.375100e-06 1
1.912751e-05 3
2.427212e-05 1
1.997192e-05 2
7.311806e-06 73
4.142453e-05 3
1.077136e-05 1
6.045121e-06 7
5.855909e-05 1
2.357138e-05 4
4.809702e-05 1
1.903056e-05 4
2.473080e-05 1
9.942708e-06 1
1.224926e-05 1
1.541768e-05 1
3.780194e-06 5
1.454945e-05 1
4.499325e-06 1
2.951332e-05 1
8.984699e-06 1
2.046099e-05 1
2.180347e-05 1
5.081507e-07 2
9.800823e-06 3
4.531550e-06 2
1.722609e-05 1
1.948917e-05 1
8.787228e-06 1607
3.225449e-05 1
7.791073e-06 65
4.657330e-05 201
8.027651e-07 1
3.586587e-06 1
5.434533e-06 1
1.325808e-05 1
9.352605e-06 1
2.679301e-05 1
1.984028e-06 1
3.534268e-06 5
7.148923e-06 2
4.630512e-05 4
3.620474e-06 233
2.746523e-05 1
1.958857e-06 138
2.376340e-06 13659
2.261705e-05 1
2.658314e-05 1
2.321937e-05 1
1.511083e-06 1
8.456090e-06 1
1.220653e-06 562
4.680832e-06 3
8.128413e-06 2
3.351601e-06 107
1.477426e-06 1
9.981678e-06 1
2.443845e-05 2
5.505375e-05 1
1.897038e-05 8396
5.173437e-05 1
3.624887e-05 65
1.238883e-06 2
2.944900e-05 2
2.710710e-07 19267
2.635194e-06 20
1.781048e-05 1
2.607903e-05 181
1.694401e-05 27
4.463285e-05 3
1.611651e-05 1
5.831216e-06 30440
4.849826e-06 1
1.799084e-05 209
3.255781e-06 5
2.299666e-05 112
1.241963e-05 2
2.429279e-06 1
1.999566e-05 1
8.431450e-06 1
1.502705e-06 6
1.099659e-06 1
5.612059e-06 1
2.658029e-05 1
3.373472e-05 1
3.915915e-06 1
7.026273e-06 1
6.767201e-06 6
2.431517e-06 1
6.000489e-06 658
6.570811e-05 1
6.963847e-05 179
2.107758e-05 1
6.417984e-05 889
1.863393e-05 1
4.170904e-06 2
2.534982e-06 1
1.390935e-05 3
8.755547e-08 7
2.919211e-05 1
2.000817e-05 1
7.677155e-06 1
3.041137e-05 1
4.654621e-06 35442
2.774647e-06 1
6.272575e-06 1
2.254097e-05 3
6.907952e-06 1
1.078202e-05 7
3.796360e-06 1
1.301914e-05 1
1.888832e-05 1
9.866193e-06 1
6.097988e-06 5
1.802942e-05 1
2.509748e-05 1
1.016656e-05 1
1.669707e-05 1
1.026677e-05 1
9.660666e-06 1
6.475177e-06 1
1.244318e-05 4
2.987297e-06 3
2.668217e-05 1
9.309916e-06 147
2.795131e-06 2
2.565656e-05 6
7.001621e-06 2
1.436264e-05 1
1.743392e-05 1
1.064179e-05 113099
4.902459e-05 1
4.218500e-05 1
4.031785e-05 36
5.554637e-07 1
3.093899e-06 1
1.080872e-06 6
3.691655e-05 2
1.627400e-05 1
1.372462e-05 1
1.126541e-05 7
2.392224e-05 5
1.494879e-05 6288
1.011843e-05 3
2.570059e-05 1
2.257418e-05 41829
1.623611e-05 1126
5.681496e-07 2
1.779508e-06 1
1.694161e-05 30704
8.197225e-06 1
6.054698e-05 6
1.075391e-06 132
1.265010e-05 1
1.668617e-05 1
5.332370e-06 3
7.422299e-06 42826
3.861936e-07 3
3.011962e-06 4
5.507920e-05 3
1.232206e-05 1
5.418810e-05 1
1.320872e-04 1
1.393191e-05 1
3.020978e-05 3
2.038140e-05 152
2.447233e-05 1
5.229261e-06 65647
1.497952e-05 192
3.186665e-06 262
5.028112e-05 1
4.705316e-06 2
2.564956e-05 2
3.204686e-09 3
4.409993e-05 1
3.297103e-06 1
1.392916e-05 38
4.431449e-05 1
3.682531e-06 2
7.059441e-05 3
3.308156e-08 1
5.794858e-06 36361
1.332602e-06 2
5.815173e-06 1
2.147620e-05 1
9.334980e-06 1
3.884171e-06 1
4.161567e-06 73
3.265888e-05 1
1.506097e-05 1
2.156043e-05 139
2.112572e-05 61432
5.532353e-06 3
7.909684e-06 1
1.408132e-05 1
3.805661e-06 1939
4.103789e-07 3
2.437742e-05 1
2.280590e-05 1
2.137904e-05 3
2.084862e-05 6
3.343529e-07 1
7.651479e-06 1
5.401413e-06 3
6.721559e-06 1
6.420595e-07 2029
2.631935e-05 1
1.224660e-05 1
1.220221e-05 4
1.588204e-06 1
3.398071e-06 2
1.259018e-05 151
2.834227e-05 239
5.678739e-05 3
1.100505e-06 1
2.603959e-07 1
1.013310e-05 1
1.426086e-05 1
5.445251e-08 1
4.923304e-06 1
3.286538e-06 23
1.728510e-05 1
1.583944e-05 1
3.211043e-05 1
3.314180e-06 6
1.546937e-05 1
1.937526e-06 1
1.344715e-06 1
1.179914e-05 1
1.142043e-05 1
8.962780e-05 234
1.773089e-05 1
7.625593e-06 13186
1.349807e-06 1
4.080309e-05 5
3.979586e-05 1
1.679803e-05 3
1.515944e-06 1
5.919327e-06 1
1.863654e-05 1
3.151297e-05 52185
4.090467e-05 25739
1.353267e-05 1
1.041110e-05 1
2.163129e-05 1
1.594738e-05 159
1.453081e-05 1
2.609263e-05 76
1.740279e-05 1
1.064754e-04 1
1.564680e-05 1
2.356899e-05 63
2.894216e-06 1
1.751321e-06 6
3.960381e-05 1703
9.800391e-06 3
5.000506e-05 1
9.872324e-06 2
1.173729e-05 6237
7.583742e-06 1
1.882705e-07 1
3.218992e-07 1
1.116214e-05 6856
4.251555e-06 1
1.697042e-05 128
4.460765e-07 3
7.923787e-08 5
6.894155e-06 4
2.954419e-05 2
2.203685e-05 2
5.673174e-05 3
9.926439e-07 1
1.877402e-06 1
2.677931e-05 1
2.092521e-05 1
7.709378e-06 1
1.429820e-05 1
7.398109e-06 261
2.763412e-05 4
2.938128e-06 1
2.136476e-05 3
1.807703e-05 95
3.176697e-06 3
1.240102e-05 4
9.534926e-07 57813
6.949751e-05 2
1.240208e-05 2
2.479883e-05 1
2.003695e-05 3
2.264094e-05 1
1.432932e-05 4
2.147400e-05 1
1.619603e-05 1
1.185141e-05 1
1.882283e-05 3
3.431257e-05 1
6.250050e-06 1
2.302637e-05 214
9.281067e-06 1
5.283306e-05 12612
2.127396e-05 7
6.355137e-06 3
1.496051e-05 1
6.010351e-06 84
4.800921e-05 7
6.550340e-06 1
5.439553e-06 1
2.139273e-05 1
1.448205e-05 3
1.872451e-05 1
8.644037e-06 1
2.246549e-05 3
1.444277e-05 1
1.930130e-06 1
1.002025e-05 105
1.980472e-06 2
2.477355e-05 1
1.109525e-05 1
1.027674e-05 1
5.543438e-06 3
6.560916e-05 3
2.718082e-08 1
1.979127e-05 3
2.300180e-05 2
3.430411e-06 1
6.090863e-06 1
3.968750e-05 262
3.255736e-05 1
1.980671e-05 1
1.158945e-05 119
1.026331e-05 1
2.049595e-05 3
9.227500e-06 60
2.162075e-05 1
4.113822e-05 3
1.682305e-06 1
3.053913e-07 4
2.538493e-05 5
8.809033e-06 1
7.322362e-06 1
3.673836e-05 1
2.190133e-06 61
3.018449e-05 3
6.211357e-06 1
7.073820e-06 2
1.361648e-05 1
1.796416e-05 1
2.075175e-05 19900
3.410758e-06 89
1.080064e-05 1
3.575653e-05 5
1.361594e-05 1
7.580011e-06 1
8.722323e-06 334
4.426499e-06 1
1.412258e-05 1
7.789975e-06 1
2.715116e-05 4
9.719061e-08 2
3.520862e-06 1
1.549563e-06 5
7.021736e-06 1
4.553550e-05 6
2.205401e-05 4
1.946997e-05 1
1.104842e-05 1
4.442687e-06 1
2.457917e-07 3
2.114125e-05 3
1.146668e-05 1
4.322538e-06 1
2.267607e-05 1
8.781952e-06 7
1.158518e-06 1
2.429394e-05 1
2.709178e-05 1
6.321849e-06 1
2.783374e-05 1
1.172272e-05 4
2.759718e-06 2
8.374078e-06 36451
7.799640e-06 1
2.364866e-05 1
4.057504e-05 1
2.963048e-05 1
5.927630e-05 1
1.790532e-05 1
1.905401e-05 1
1.794416e-05 7
1.072210e-05 58373
2.023424e-05 3
4.243633e-06 1
4.795257e-05 1
8.278668e-06 1
5.775032e-06 1
3.885387e-06 1
2.460428e-05 65438
1.025421e-05 267
6.901583e-06 2
1.471126e-05 1
1.570724e-06 1
1.147948e-07 172
8.154249e-06 1
8.768299e-06 3
4.945202e-05 1
3.223894e-06 146
1.744884e-05 2
1.907040e-07 1
4.283890e-05 1
4.417488e-05 1
3.757612e-06 1
3.255167e-05 1
4.478539e-05 1309
2.333237e-05 4
4.927873e-05 1
1.699011e-05 2
2.830399e-05 1
1.816691e-05 1
1.752645e-05 3
1.570475e-05 2
1.294998e-05 1
3.590471e-05 5
1.921507e-05 2
2.871122e-08 7
4.047466e-05 6
6.152085e-06 1
4.460660e-06 1
7.553609e-06 1
2.351228e-05 172
5.920052e-05 1
1.852537e-05 1
7.707036e-06 1
3.041747e-05 1
1.870726e-05 1
1.575842e-05 4
1.866749e-05 2
1.179087e-05 3
1.529965e-05 39453
1.087507e-05 1
7.899832e-07 1
9.711289e-05 1
4.550131e-06 1
3.795465e-05 16636
9.809121e-06 5
7.650314e-06 1
2.380132e-05 40978
1.269488e-05 1319
2.580155e-05 3
5.245611e-07 1
1.619146e-06 46
2.185331e-06 1
2.626287e-06 1
7.126928e-05 2
2.602869e-05 1
4.169474e-05 6
2.698543e-05 2
1.057578e-05 3
2.915612e-05 2
1.029313e-05 2
2.369626e-05 3
7.298572e-06 5
7.951372e-06 31039
2.568807e-05 526869
1.398143e-05 30
7.061577e-06 1
1.171152e-05 2
4.819659e-06 197
2.334567e-05 1
1.719788e-06 4
5.549643e-06 1
2.295159e-05 21160
9.037894e-06 407924
1.574106e-06 1
1.530012e-05 3
2.244273e-06 1
4.694395e-07 1
2.556058e-05 3
3.248106e-06 1
2.355212e-05 2
1.115144e-05 1
2.757571e-06 1
1.367655e-05 522
2.642145e-05 5
1.876770e-06 1
1.551553e-05 1
5.152758e-06 1
1.590267e-05 2
3.445928e-05 1
1.840223e-05 265
2.070392e-05 1
3.422039e-05 41
6.852097e-06 1
8.651387e-06 80
1.006111e-05 2
1.883032e-05 1
2.442766e-06 2
7.462832e-06 38
1.243297e-05 1
7.931679e-06 5
1.614785e-05 5
4.638073e-05 1
6.545834e-06 156
7.863305e-06 152
1.175282e-06 1
6.439096e-07 1
2.571500e-06 3
2.067820e-05 1
2.003222e-05 1
4.130994e-06 1
5.984026e-05 1
3.255327e-05 3
1.130492e-05 2
4.128973e-05 3
3.996369e-06 1
1.148677e-05 1
2.380534e-05 252
4.026667e-06 2
2.954426e-05 1
3.387388e-06 1
2.098874e-05 2
6.775814e-06 1
3.511880e-05 1
1.972076e-05 117
2.286542e-05 1
1.425486e-05 2
4.782161e-06 1
1.225002e-06 2013
7.216815e-06 1
2.182214e-05 1
4.886128e-06 59706
2.894408e-05 1
8.675153e-06 75
4.405634e-06 1
1.624355e-06 1
9.810820e-05 24978
1.379506e-05 163
8.853451e-06 1
4.144081e-05 1
3.433592e-05 1
1.017403e-07 1
6.168659e-06 2
5.332392e-05 4
1.561809e-05 101
1.865267e-06 1
1.072221e-05 446
1.203595e-04 10
5.245809e-06 1
4.081664e-06 1
1.811230e-05 1
3.426993e-05 1
1.887087e-05 1
2.906246e-06 2
1.055939e-05 13228
1.748690e-05 1
2.657620e-05 1
2.132585e-05 1
2.045173e-05 1471
4.798818e-05 1
4.254570e-06 1
2.415902e-06 1
3.815888e-07 1
3.322129e-05 66239
2.079734e-05 1
8.798181e-06 3
1.275633e-05 4
4.941835e-06 2
6.272650e-06 1
1.567738e-05 1
1.823984e-05 1
5.207089e-05 1
1.133468e-06 1
4.320772e-05 1
1.827000e-05 448
1.811872e-05 1
1.871194e-05 26615
4.397178e-06 213
6.966988e-06 1
5.653097e-06 1
7.079313e-06 2
6.896222e-06 7
1.771065e-05 5
5.256409e-05 1
4.509312e-06 3
1.343707e-05 1
8.238714e-07 118
2.913258e-06 1
4.706599e-05 1
1.660341e-05 1
1.806816e-06 1
5.046235e-06 6
4.779458e-07 1
6.598604e-06 1
2.623094e-05 54840
6.349115e-06 1
4.133220e-05 1
1.837843e-05 60
7.273562e-08 2
4.461577e-06 1
8.990018e-06 1
7.694252e-06 191
2.409350e-05 1
2.590805e-05 2
2.715933e-06 202
2.595610e-05 3
2.895850e-06 1
5.346710e-06 1
3.987202e-06 4
7.538105e-05 3
1.193133e-05 162
3.448340e-06 521
1.602544e-06 1
1.318835e-05 52
2.512006e-05 6
2.881518e-06 1
2.577328e-05 3
7.934981e-06 6
4.490304e-06 1
4.447718e-05 244
3.268006e-06 1
9.922958e-06 1
8.108528e-06 1
2.693099e-06 1
9.861630e-05 6
1.313150e-05 165
3.332045e-06 1
1.605222e-05 3
1.880285e-06 2
5.999779e-06 1
3.303270e-06 1
2.874211e-07 2
2.119763e-06 1
1.247500e-05 1
2.764882e-06 2
1.313887e-05 275
1.020450e-05 69
3.388845e-05 1
5.104900e-07 1
2.009468e-05 2
9.782150e-07 1
2.522655e-05 1
1.479400e-05 1
7.669417e-06 1
8.824423e-06 1
8.910791e-06 6
7.466118e-06 1
2.181743e-05 3
2.630031e-05 1
1.420630e-05 10541
1.005068e-05 1
4.486593e-06 2071
1.702871e-06 1
4.291207e-05 1
1.782084e-05 1
2.458839e-05 3
1.905504e-05 1
1.736745e-06 1
3.548073e-05 263974
5.084461e-06 1
2.349859e-05 3
2.311947e-05 2
2.632397e-06 1
4.759925e-05 5
4.721001e-06 1
1.036115e-05 3
2.278477e-05 1
1.313260e-05 7
4.893704e-05 1
2.232717e-06 1
9.033127e-08 1
8.785789e-06 1
1.944409e-05 1
2.982482e-05 2
3.844629e-06 5
1.920555e-06 42966
5.280509e-06 174
1.971515e-05 1
6.038078e-06 1
6.555770e-06 3
8.081393e-06 1
1.635413e-05 1
1.265146e-05 3
2.127991e-05 62
2.532541e-05 236
2.022240e-05 1
6.571969e-05 6
1.160165e-05 3
2.638003e-06 19
4.401889e-05 150
1.160999e-06 7
4.561559e-06 1
2.598906e-05 1
1.294860e-05 91
4.695079e-06 128
6.594723e-06 144
5.199029e-06 196
2.170030e-05 2
1.394137e-05 1
3.097031e-05 1
4.027176e-06 8
1.562332e-07 2
1.415908e-06 1067
7.113123e-06 1
2.630668e-05 3
8.578948e-06 96
2.085539e-05 894
2.519701e-06 1
7.174088e-06 1
9.031008e-06 1
3.130796e-05 1
1.277930e-05 1
3.605727e-07 7
1.199117e-05 2
1.308320e-05 1
3.668241e-06 1
4.609837e-06 1
6.765858e-05 84
1.098670e-05 1
1.782576e-06 1
1.288523e-05 102
4.040892e-06 7
3.383881e-06 1
2.722892e-07 3
3.378668e-06 1
1.175601e-05 1
2.374595e-05 1
1.171017e-06 7
7.672167e-06 2
1.790040e-06 1
6.547599e-06 1
1.286430e-05 2
2.282636e-05 27964
9.263617e-06 53
2.041810e-05 3
3.078753e-06 1
3.328459e-05 1
5.942318e-06 3
2.943465e-05 1
2.834504e-06 1
4.670967e-05 1
2.566962e-05 107
1.846578e-05 1
1.896578e-05 2
5.634676e-06 2
1.350989e-05 1
9.436292e-06 3
8.690802e-06 1
3.665239e-06 3
1.107287e-05 1
4.491064e-05 29996
6.336560e-05 1
1.101239e-05 1
7.743594e-06 1
4.813280e-05 1
6.221520e-06 1
2.844817e-06 1
2.858607e-06 1
2.715916e-06 1
4.609096e-06 1
2.239229e-05 1772
2.851193e-05 1
1.329261e-05 3
2.503687e-06 5
1.314916e-05 2
4.133196e-05 1
6.744736e-07 3
4.509477e-07 1
2.797009e-06 2
5.141909e-05 1
1.409879e-05 1
4.292295e-05 1
9.512967e-06 1
2.823195e-06 1
3.730616e-05 1
3.441452e-05 1
3.936805e-06 1
4.717906e-06 1
1.176000e-05 1
3.564351e-06 1
1.071151e-05 3
4.505969e-06 1
2.044102e-06 1
1.480917e-05 2
9.596717e-06 6
4.005207e-05 252
1.489472e-06 1
1.564090e-05 345074
8.304270e-06 2
1.462307e-05 1
1.229028e-06 1
1.829869e-05 1
5.401205e-06 245
2.073474e-05 4
5.580357e-06 4
3.752692e-06 89
1.328840e-05 1402
3.741819e-05 1
1.294381e-06 2
9.392258e-06 1
2.296714e-05 1
2.312880e-05 1
2.260922e-05 2
4.310653e-05 171
4.524931e-05 1
2.837274e-06 164
4.780480e-05 1
1.009001e-05 1
6.539129e-07 3
3.307829e-06 2
3.103110e-05 1
2.508086e-05 1
1.879068e-05 3
1.560509e-05 6
5.119570e-07 1233
5.353991e-06 3
1.143225e-05 147
1.485321e-05 1
2.445631e-05 1
2.190671e-06 2
1.588746e-05 1
1.453147e-06 2
1.572001e-05 650
2.321079e-06 1
4.811062e-06 1
2.251657e-05 2
9.616624e-06 187
1.077015e-05 3
5.604940e-06 87
5.968353e-06 2
8.183035e-05 37412
1.743167e-06 4
4.966601e-05 43
6.802932e-05 5
1.314559e-05 5
1.169129e-05 7
5.391213e-06 1
1.171080e-06 1
1.806217e-05 1
2.219392e-05 1
1.620816e-05 20
2.039242e-05 151
8.287735e-06 1
4.576367e-06 1
2.157831e-05 137
2.602077e-05 7
1.144393e-05 2
1.402525e-05 1
2.345550e-05 177
4.271279e-05 2
1.551449e-05 219
3.107149e-05 3
1.898709e-06 1
1.387233e-05 3
4.503424e-06 2
3.142185e-05 1
2.175879e-05 1
2.872294e-07 4
3.653665e-06 1
7.315099e-06 58606
6.825935e-06 3
1.487175e-05 3
1.913160e-06 44525
1.182209e-05 3
2.408380e-05 1
7.393092e-06 1
1.363200e-05 7
1.121231e-05 1
2.829573e-05 1
1.053169e-05 1
4.144915e-05 1
3.231637e-06 1
3.278301e-05 2
4.693414e-08 198
1.389569e-05 1
5.699350e-06 1
5.201787e-06 4
1.336340e-06 1
8.021881e-06 3
3.277466e-05 1
2.871943e-06 1
2.139063e-05 2
9.675497e-06 4
5.579877e-06 197
1.786416e-06 6573
2.217356e-05 7
1.243004e-05 1
1.970195e-05 1
3.373161e-05 1
1.484513e-05 1
6.025143e-06 1
6.806735e-06 1
1.297872e-05 1
2.790312e-05 1
1.697570e-05 231
1.571262e-06 52229
3.514038e-05 1
6.868495e-07 1
1.531498e-06 180
2.544207e-06 3
5.968321e-06 1
4.775569e-05 2
3.866410e-05 1
4.178345e-06 2
1.797969e-05 1
2.714926e-06 3
1.679475e-05 151
1.909993e-05 7
1.736852e-05 523
4.258613e-05 2026
2.805083e-05 1
8.431044e-06 2
3.690940e-06 1
8.904293e-06 1
1.359668e-05 1
3.971764e-07 1
3.700883e-06 3
7.010481e-06 2
2.375039e-05 2
8.471248e-06 1
4.229029e-05 3112
1.287151e-05 2
3.825642e-05 2
1.230696e-05 6
4.924446e-05 44639
1.923834e-05 5
9.318483e-06 1
1.042867e-05 25
1.203825e-05 3
7.454886e-06 1
1.894911e-05 1
4.345966e-05 1729
1.291130e-05 6
7.044262e-05 2
7.606382e-06 3
1.952898e-06 36
4.942289e-06 1
3.298878e-06 3
1.526770e-05 1
1.193668e-05 1
1.486288e-05 4
1.973856e-05 1
1.912854e-05 1
2.998436e-05 2
2.462680e-05 4
1.770196e-05 1
7.680732e-06 1
5.005341e-05 36742
2.049859e-05 3
1.671542e-05 3
7.651728e-06 97
7.450914e-07 1497
2.948481e-06 2
7.999730e-05 1
1.693592e-05 1
9.146958e-06 1989
3.212602e-07 1
6.711447e-08 2396
2.231270e-05 2
2.214313e-05 3
2.834190e-06 1
1.040432e-05 1315
2.849052e-06 1
1.440746e-05 1867
3.309740e-05 1
2.112192e-05 1
9.274245e-06 3
1.599388e-06 1
2.354299e-05 1
1.043345e-05 1
1.061984e-05 1
1.433867e-05 2
1.187779e-05 2
8.068476e-06 1
7.015932e-06 1
1.614834e-05 3
1.888572e-05 2
3.738574e-05 1
6.783030e-06 1
9.339718e-07 1
9.372519e-06 1
1.710444e-05 2
3.737863e-06 1
9.285705e-06 1
5.810921e-06 2
1.215486e-05 1
3.263888e-05 1
4.482700e-05 3
2.246825e-05 55
3.400093e-06 2
9.800608e-06 3
8.031214e-06 3
2.381974e-05 2
8.303745e-06 1
9.077403e-06 214105
1.397617e-05 1
1.310495e-05 1
1.350261e-06 1
2.959375e-06 3
6.764124e-06 1
3.634837e-05 1
7.727813e-07 1
2.052840e-06 2
1.037798e-05 1
3.496791e-06 7
2.724467e-05 1
7.556896e-06 1
1.349494e-05 2
4.228664e-06 3
8.836182e-06 5
3.246212e-05 1122
1.935084e-05 1
3.465739e-05 127
1.307439e-06 1
2.929704e-05 78
4.630766e-05 1
1.221736e-05 1003
3.272937e-07 1
1.925285e-05 1
3.532556e-07 1
2.675638e-05 1
6.544600e-05 3
9.439633e-06 1
4.872316e-06 3
1.296239e-06 1
1.659303e-05 2
4.735910e-06 1
3.664489e-05 1
5.576318e-06 1
7.041991e-06 5
1.108245e-06 2
1.184792e-05 1
5.302337e-06 1
2.762777e-07 6
2.480674e-06 1
2.541949e-05 1
2.441478e-06 2
8.576680e-06 2
5.589475e-05 372
2.792390e-05 2
2.609104e-05 1
1.765784e-05 1
4.878238e-05 3
1.416982e-05 1
2.462711e-05 4
3.488505e-05 1
7.188069e-06 1
5.336161e-07 1
6.344762e-06 1
3.346681e-06 1
2.543952e-05 25848
3.630336e-05 1
2.061362e-05 1
3.907918e-06 6
4.339501e-06 1
1.021639e-06 151
3.665265e-07 1
5.973354e-06 265030
1.142131e-06 2
9.143906e-08 1
9.695400e-06 3
5.005558e-06 3
1.175241e-05 1
3.458136e-05 1
4.147545e-05 3
1.991778e-05 787
4.585579e-07 1
2.866656e-05 1
1.765565e-05 6
1.725049e-05 2
3.579553e-06 36901
1.094598e-05 1
3.205612e-06 1
5.686857e-07 1
1.562443e-06 54116
2.018138e-05 1
1.556599e-05 1
1.392873e-05 1
4.551478e-07 1
2.227844e-05 1
2.551243e-05 1
1.815451e-05 1
5.337471e-06 1
9.470726e-06 1
2.323643e-05 1
5.691135e-06 168
1.405570e-05 1
5.980764e-06 730
5.058121e-06 30178
2.662083e-06 220
3.667239e-05 1
1.570151e-06 5
2.217035e-05 82
7.708640e-06 84
5.587397e-06 2
2.125388e-05 1
1.715066e-06 6
2.218474e-05 2
1.552385e-05 10
1.439990e-05 1
4.184616e-06 1
2.694448e-05 1141
7.330601e-06 3
1.077541e-06 235
9.322261e-06 2
8.265506e-06 1
7.062625e-07 48681
2.950873e-05 2
3.646953e-06 6
1.267303e-05 1
2.225159e-05 1
1.889305e-05 13825
2.950174e-05 1
2.304629e-05 3
2.973618e-06 1
1.940082e-07 1
4.896140e-06 7
2.648068e-05 3
1.699286e-06 18
1.258485e-05 1
1.636310e-05 3
1.366751e-05 1
1.694440e-05 1
1.359779e-05 3
2.662651e-05 3
7.933028e-06 6
3.627282e-06 1
6.069778e-06 2
4.820333e-06 1
1.474463e-05 18
5.954686e-06 1
1.951698e-05 1
2.094612e-06 3
2.772945e-05 2
1.673081e-06 1
1.986958e-05 3
8.236827e-07 1
7.511657e-05 1
1.430165e-05 1
8.856271e-06 1
1.166641e-05 3
1.821384e-05 1
2.493363e-06 1
4.656451e-06 1
5.791572e-07 1
2.360437e-05 5
8.388933e-06 33
7.034537e-06 140
1.542707e-05 2
4.798174e-07 1
2.726237e-05 204
9.625768e-06 3
3.981387e-05 259
1.042372e-05 3
3.224338e-05 1
4.870895e-06 1
4.030048e-06 215
3.658914e-05 2
4.313526e-06 1
4.231283e-06 1
4.781130e-06 1
3.076205e-05 2
6.653341e-06 1257
2.863885e-06 1
2.064881e-05 1
2.215375e-06 5
1.212460e-05 3
2.788316e-05 7
2.751663e-05 605
2.167232e-05 1243
1.304000e-05 1
1.000978e-05 2
1.480068e-05 1
3.173292e-05 3
2.721826e-05 3
4.711469e-05 2869
1.787576e-05 1
1.803887e-05 2
1.276792e-05 6
1.946785e-06 3
2.664382e-05 1
1.281515e-05 6
2.841499e-06 3
9.354144e-06 2
1.056911e-05 1
1.275576e-05 1
2.410553e-05 2
3.900620e-05 1
3.602917e-05 1
6.367057e-06 336769
1.466306e-06 1
1.121119e-06 1
1.026345e-05 1
1.265614e-05 36132
3.925356e-06 1
1.664955e-05 1
1.272149e-06 306
1.154776e-06 1
5.449229e-06 1
1.632601e-05 588428
3.704168e-05 1
1.657723e-05 1
1.542211e-06 1
4.834945e-05 1
1.517561e-05 267
5.579841e-06 749
8.307523e-06 1
1.122699e-05 7
3.209544e-06 3
3.218278e-05 1
4.578998e-05 1
1.800841e-05 1
1.740266e-05 73
2.750510e-06 1
4.411229e-06 1
4.434957e-05 37536
2.830069e-06 1
4.419487e-06 12420
3.772594e-05 1
1.689469e-05 1
3.059241e-05 1
1.515090e-05 4
9.892912e-06 1280
6.398954e-05 1
1.818208e-05 4
4.258692e-06 5
1.643543e-05 1
1.850483e-05 1
1.216790e-05 1
7.352483e-06 1
6.302944e-06 1
2.884004e-05 1
3.772045e-05 1
2.536044e-05 1
2.282848e-06 1
1.742538e-05 423
2.034960e-05 2
3.210257e-06 1
2.288313e-06 1
8.140035e-06 193
5.663255e-06 1
1.291087e-05 807
3.154306e-05 7
3.432423e-06 590
9.315777e-06 1
7.572787e-06 1
2.519843e-05 1
8.895047e-06 1
7.537370e-06 1
3.623007e-07 1
1.470935e-05 3
5.421976e-06 136
8.480705e-07 1
2.521994e-05 1
1.061314e-05 742
2.149493e-05 1
4.373638e-06 1
6.324775e-06 1
9.598026e-06 1
8.082145e-06 1
4.981568e-05 1
5.887514e-06 1
4.844489e-06 2
2.341749e-05 1
2.504359e-05 3
7.454102e-06 144
8.665663e-08 1
3.129197e-06 1
3.183701e-06 1
8.233799e-06 1
7.567541e-06 1
8.340176e-06 2
7.281326e-05 3
1.852490e-05 6
1.182851e-05 3
3.847833e-06 3
4.600359e-05 1
3.991246e-05 256
4.303549e-05 1
1.993059e-05 1
4.355682e-07 156
1.458341e-05 3
2.114386e-05 1963
5.765557e-06 1
1.319484e-05 1
1.046428e-06 3
3.190251e-06 1
7.795915e-05 3
7.689935e-06 7
6.514544e-06 50893
9.904972e-06 1
1.526873e-05 42191
1.256262e-05 1
3.512765e-06 49489
8.509174e-06 1
1.322184e-05 42448
1.933227e-05 3
2.976665e-05 1
6.622423e-06 1
2.835574e-05 1
1.371634e-05 1
2.180109e-05 1
1.114543e-06 22186
1.089471e-06 27712
1.455320e-05 1
8.996614e-06 6
2.202303e-07 3
2.542330e-05 26605
4.584719e-07 1
2.015681e-05 57680
7.008937e-06 5
1.455311e-06 1
3.258385e-07 6554
3.660919e-05 1
3.231465e-06 2
1.641923e-05 780
2.833078e-05 32
7.732986e-07 1
1.535550e-05 1
1.913370e-05 1
8.889302e-06 1
1.202060e-05 2
6.923153e-06 317
4.932007e-05 7
1.599814e-06 46143
1.477533e-05 222
1.199361e-05 1
3.099269e-05 1
3.347061e-06 4
1.772614e-05 3
1.386756e-05 43052
1.485724e-05 3
3.647313e-06 225
1.804464e-05 1
3.697198e-06 210
1.241105e-05 1
1.611314e-05 1
1.572918e-05 1
2.079695e-06 2
1.252754e-05 1
2.310212e-05 473519
7.310160e-06 1
4.204606e-05 1
3.134121e-05 1
2.485816e-05 53170
2.010786e-07 1
3.171381e-05 1636
2.241463e-06 1
1.693417e-06 3
1.404460e-05 1
1.202258e-05 42
2.732367e-05 1
8.447296e-05 1
2.252396e-05 3
2.372121e-05 45086
9.781336e-07 62
1.690073e-05 33
3.454859e-05 1
3.154722e-07 3
2.161474e-05 1
1.673703e-05 1
1.579403e-05 505
2.380289e-05 1
2.166531e-06 1876
3.347103e-06 6
2.719788e-06 9280
5.799072e-05 1
1.110488e-05 208
3.478264e-06 2
4.547970e-05 1
6.370944e-06 7
3.966982e-05 1
1.605431e-05 145
2.015969e-05 1
3.897688e-06 1
2.966804e-05 1
3.504608e-05 18089
4.232129e-06 156
1.808261e-05 2
1.597610e-05 1
1.057485e-05 1
4.434312e-06 1
4.483218e-05 1
2.840389e-05 1
6.347825e-06 102
1.578717e-05 3
1.150858e-05 2
5.810118e-06 1
2.012625e-05 1
7.870902e-06 255
9.144533e-07 2
3.918719e-06 2
6.122367e-05 1
7.402656e-06 1
4.916168e-07 31
2.268954e-05 5
5.116408e-06 1
4.436118e-06 1
2.667787e-05 1
7.134399e-06 1
1.150785e-05 1
1.943231e-05 1
1.463180e-05 1
1.820576e-05 7
1.910287e-05 1
2.510519e-06 1753
1.135380e-05 2
1.308084e-06 3
7.066333e-08 5
7.251818e-07 50
1.990967e-05 1
4.283970e-06 1
4.075735e-06 1
3.363859e-05 2
5.292760e-07 17
2.418406e-07 4
2.154744e-05 6
5.681429e-06 3
1.505515e-05 512
4.046654e-06 2
2.126475e-06 1
4.538289e-06 2
3.212387e-05 3
6.652315e-06 1
8.337887e-06 1
6.014694e-06 1
2.448454e-05 1
1.705166e-05 1
5.550482e-05 1
3.909865e-05 1
1.188047e-05 368
7.946119e-06 6
5.504590e-06 1
5.843629e-06 2
1.205649e-05 2
3.151576e-06 5
3.512300e-05 1
1.390269e-05 1
4.343188e-05 1
4.939467e-06 3
3.402680e-05 49
3.473625e-06 1
1.477886e-05 1
1.191183e-05 2
1.434527e-05 529
2.412943e-05 17
4.249650e-07 5
1.754194e-05 3
5.405938e-06 1
6.027982e-06 2
2.616938e-05 1
1.888667e-05 1
4.452660e-05 1
3.942012e-06 1
1.989780e-05 1
3.224884e-07 94
1.137654e-05 7
3.131075e-07 1
5.913527e-05 1
2.937042e-06 132
2.603433e-05 2
1.328446e-05 1
3.194334e-06 1
2.935759e-05 479
3.036387e-06 1
3.831235e-05 2
3.213351e-06 3
1.121796e-05 1
5.449449e-05 2
6.062169e-05 24
2.015407e-05 5
4.855196e-05 1
9.357826e-07 78
4.876823e-05 5
2.080280e-05 2
2.272210e-05 1
5.026835e-07 131
6.309066e-06 3
1.818616e-05 1
7.079078e-05 3
1.558326e-06 1
2.921293e-05 1
1.784888e-06 1
1.113437e-05 98
2.422931e-05 9
1.038873e-06 6
6.346444e-06 102
1.745083e-06 4
5.040908e-05 3
1.196966e-05 1
4.939739e-06 1
2.897541e-05 1
1.695875e-06 1
2.640212e-06 1
1.816290e-05 3
1.471558e-05 2
3.694346e-05 1
1.824269e-05 1
2.700444e-06 1
4.542367e-05 23341
2.216354e-05 1
5.411025e-05 2
9.493454e-06 1
7.398025e-06 1
6.600767e-05 2
1.502938e-05 2
1.153198e-05 3
1.352337e-05 7
9.604803e-06 7
3.148321e-06 2
8.033093e-07 21
4.642994e-06 1
6.018099e-06 1
5.766927e-06 2
2.158209e-05 33
6.429934e-07 184
1.904054e-05 2
1.108634e-05 944
9.264760e-06 1
2.950305e-05 1
8.822964e-06 1
5.108779e-06 4
4.164953e-05 1
8.339078e-06 1
2.141064e-06 1
1.111284e-05 1
2.959762e-05 1
6.912194e-05 1
2.146022e-05 45
2.488582e-05 1
2.690150e-06 1
9.177518e-06 3
1.471196e-05 3
1.789623e-05 4
3.713401e-05 1
1.179771e-05 1
5.716952e-05 2
3.921044e-05 1
4.308198e-05 4
1.446262e-05 1
6.803843e-06 222441
1.697528e-06 2
3.799323e-06 4
3.109985e-05 2075
5.459492e-06 1204
2.829586e-05 5
4.076828e-05 1
6.483842e-06 1
6.148401e-07 4
9.342194e-05 230
5.684106e-06 170
3.056547e-05 3
1.159175e-05 3
2.808010e-05 1
1.117853e-05 1
3.203729e-06 1
1.099699e-05 1
1.574956e-06 1
7.012816e-06 1
1.356910e-06 1
4.316548e-06 30799
4.671625e-06 1
6.716557e-06 114
3.391716e-06 4
1.564778e-05 1
2.345897e-06 19856
1.243457e-06 2
2.653444e-05 1
6.321507e-06 4
7.602681e-07 1
4.054925e-05 2
1.080582e-05 1
8.669909e-06 1
2.720433e-05 1
7.868503e-06 1
3.638875e-05 1
1.924188e-07 1
3.367224e-05 53817
1.008039e-05 7024
6.950039e-05 2
3.584328e-06 1
7.278573e-06 1
5.344157e-06 46301
8.671801e-06 5
9.991058e-06 1
1.392509e-05 3
7.280650e-06 63708
1.000900e-05 1
1.018486e-06 43394
1.195778e-05 3
1.657857e-06 1
2.694446e-05 1140
1.384064e-05 52
1.664721e-05 170
7.320421e-06 175
8.629181e-06 1
6.623334e-08 6
2.220885e-05 182
4.957676e-07 1
2.781263e-05 1
1.190137e-05 1
3.870563e-06 1
2.998565e-05 1
2.109071e-05 3
8.177448e-06 2
1.396330e-05 2
4.283555e-05 1
4.538480e-06 2
3.017291e-07 2
1.486691e-05 208
2.904671e-05 7
1.614731e-05 1
2.005395e-05 1
3.091869e-06 187
1.348826e-05 1
2.201732e-06 1
2.067181e-05 18
1.003795e-05 1
8.307424e-06 3
1.753485e-05 5
1.278464e-05 1
6.586346e-05 3
2.771593e-05 1
2.742183e-05 2
2.010371e-05 1
1.319151e-05 5
5.157847e-05 1
3.469899e-08 361986
6.242664e-06 3
4.814810e-06 1
1.406010e-05 4
1.032231e-05 1
1.289595e-05 2
3.375266e-05 2
5.852490e-06 3
1.138409e-06 7
1.182985e-05 1
1.197551e-05 1
3.310977e-05 167068
6.183128e-06 5
1.462033e-05 1
2.873636e-05 4
2.784035e-06 1
1.292127e-06 47878
7.492969e-07 3
1.826602e-05 1
8.290568e-06 1
3.920385e-05 5
3.452756e-06 7
5.438366e-06 30558
2.918464e-05 3
5.934917e-05 1
1.363464e-06 3
1.266451e-05 1
4.611460e-06 1
7.016247e-05 456
2.179130e-05 221
4.645890e-06 1
2.897906e-05 201
2.402762e-06 3
6.635356e-06 1
2.015262e-07 35458
2.684738e-06 6
4.694292e-05 3
6.510600e-06 1
2.171453e-05 26261
1.137413e-05 1
1.295168e-05 711
5.640206e-06 3
1.440425e-05 4
1.994042e-05 3
1.050912e-05 113
1.482495e-05 1
2.637774e-07 2
4.916605e-07 1
1.503630e-05 1
4.371108e-06 12
4.167410e-05 469147
9.779887e-06 2
2.366134e-06 211
4.282375e-06 1
1.225377e-05 2
6.861243e-06 3
1.465127e-06 203
1.161488e-05 4
3.310371e-07 6
3.957440e-06 1
3.365170e-06 207
5.432026e-06 1
6.227126e-06 3
5.106184e-06 1
1.511390e-05 1
2.298442e-05 1
3.289447e-05 394635
9.032742e-07 1
2.617349e-06 1
1.598122e-05 45028
3.834042e-06 1
5.533797e-06 4
3.059171e-05 17265
3.879737e-06 7
6.665667e-05 1
3.064389e-05 1
7.166079e-05 5
3.093043e-08 1
5.279264e-06 1
2.911722e-06 6
1.085726e-05 3
2.289213e-05 1
1.265502e-05 2
1.342029e-05 1
6.548760e-06 7
6.127047e-05 1
9.494866e-06 1
1.394586e-05 1
1.828448e-06 1
1.245697e-06 2
7.557589e-06 1
5.751632e-06 3
7.744928e-06 1
3.125914e-06 1
1.503372e-05 1
1.887937e-07 144
4.891794e-08 7
2.481291e-05 1
5.674708e-07 943
7.521113e-05 1
3.923348e-05 1
2.724233e-05 431557
3.216178e-05 30
3.056870e-05 1
2.832485e-06 1
1.879407e-05 4
1.302570e-05 1
6.885817e-05 1
6.639536e-06 1
1.889760e-05 1
4.411045e-05 1
5.002933e-06 6
1.830847e-06 1
8.391445e-06 3
1.571105e-05 1
1.919504e-05 1
7.455352e-06 1
1.502149e-05 581
1.463183e-05 1
7.498590e-06 3
1.830097e-06 1
3.076445e-06 1
7.671119e-06 93
1.240485e-05 1
9.303890e-06 3
4.090993e-05 2
1.395635e-05 1
2.418279e-06 3
1.838998e-06 1
1.408973e-06 3
1.741442e-05 1914
1.757590e-06 1
1.708674e-05 3
3.917961e-06 2
2.057314e-05 1
1.491909e-06 7
1.592532e-05 1
8.195785e-07 15
1.938456e-06 5
7.984897e-07 1
1.766509e-05 1
3.520993e-06 47924
1.593072e-05 3
4.107760e-05 1
2.379531e-05 2
4.733961e-06 1
6.839372e-05 3
1.407752e-05 4
4.954414e-06 1
1.371743e-05 1
2.613958e-05 2
7.882831e-05 3
1.809603e-05 1
1.450542e-05 2
2.687061e-06 108
9.684871e-05 1170
3.736456e-06 2
3.163523e-05 1
9.774904e-06 1
1.139676e-05 1
4.498989e-05 1
1.291495e-05 3
8.341096e-06 1
4.044165e-05 1
2.157743e-06 72
8.710133e-06 4
6.470505e-06 1
3.305117e-06 3
5.420017e-06 1
3.409285e-05 1
4.824975e-08 1
1.673122e-05 3
3.141426e-06 1
1.980692e-05 4
1.129733e-06 1
8.473024e-06 1
1.186623e-05 173
9.878852e-06 1
7.289128e-05 1
2.203757e-06 1
2.495322e-06 1
6.901907e-05 3
1.013294e-05 2
6.246879e-06 1233
1.182109e-06 1
1.590478e-05 290
4.121627e-06 2
1.317391e-06 6
3.080493e-05 1
1.331344e-05 5
1.986209e-07 1
2.710233e-05 1
2.811148e-06 5
7.068781e-06 5
4.492453e-05 1
1.312377e-05 5
3.083479e-05 1
5.730869e-06 5
3.932714e-05 1
2.323308e-05 1
1.583876e-05 3
2.447843e-05 7012
2.266106e-05 5
4.595168e-05 609867
1.682554e-05 1
3.697551e-05 3
5.482140e-07 114
1.020625e-07 1
1.181278e-05 1
3.946484e-06 3
7.514576e-06 2
5.939477e-05 1
4.404841e-05 5
5.272604e-05 1
1.800498e-05 487755
6.492950e-06 54250
1.790090e-05 1
4.820614e-06 1
8.231212e-06 4
9.218966e-06 1
6.239748e-05 115
2.081535e-05 2
1.945180e-05 2
7.191264e-06 1
7.418273e-05 3
2.178961e-06 53981
1.633184e-05 1
6.565223e-06 1
2.354572e-05 1
1.055920e-06 2
1.834251e-05 2
1.413950e-05 1
4.235902e-06 1
5.105845e-06 3
2.786619e-05 1
2.067714e-05 18
4.838403e-06 1
1.210687e-06 1
9.611841e-06 1
1.826525e-05 1
8.167057e-06 1
9.987405e-06 1
1.393101e-05 246
1.375703e-05 1
8.874999e-07 1
4.341918e-06 6
8.992014e-06 1
9.293569e-06 1
7.176140e-07 1
1.130013e-06 3
2.308863e-05 1
8.794329e-06 1
1.983496e-05 2
7.728786e-06 1
9.009828e-06 1
1.120790e-05 1
1.378648e-05 4
1.102662e-06 24785
3.258483e-05 3
4.679906e-06 1295
6.873131e-06 3
1.256522e-05 5
5.029899e-05 3
1.361765e-05 3
2.774181e-05 1
4.445866e-06 2
2.031592e-05 47433
2.738549e-06 1
8.619177e-06 1
2.028600e-05 1
2.948407e-05 7
1.890045e-05 1
1.924703e-05 1
1.362001e-05 2
4.817094e-06 6
2.488489e-05 4
3.000147e-05 246
2.606834e-06 1
5.875815e-06 4
3.713043e-05 241
1.239759e-05 1
3.719097e-05 5
4.217057e-05 173380
1.091006e-05 1
1.142504e-05 253
4.149616e-06 3
8.677452e-06 2
4.120801e-05 1
6.136898e-06 5
2.756901e-05 3
1.524466e-06 1
3.147619e-05 64
5.018041e-06 1
1.274905e-05 2
4.976677e-05 1
3.341025e-06 3
6.554808e-07 3
1.488946e-07 1677
7.614200e-06 2
1.547826e-05 3
3.616829e-05 172
1.473659e-05 2
1.468886e-05 1
5.525356e-06 1
6.282943e-06 2
2.485638e-06 2
1.382947e-05 1
6.939724e-06 1
4.350328e-07 1
1.172706e-05 1
8.569042e-06 1
2.691676e-05 1
3.851442e-05 2
7.092056e-06 3
9.917838e-06 1
1.523971e-06 1
3.657354e-06 14
5.102325e-05 1
1.452390e-05 1
1.826324e-05 5
6.991395e-05 1
1.094485e-06 1
1.806605e-05 6
1.222978e-05 4
2.686094e-05 231
2.975377e-06 3
1.368125e-05 1
3.011899e-06 2
2.007274e-05 1
1.237301e-05 66085
7.996707e-06 1
9.141128e-06 62254
8.443712e-06 26858
6.551850e-06 1
2.733174e-05 199
5.338208e-05 1
3.342158e-06 981
1.250461e-05 1775
4.228198e-06 53
1.244811e-05 1912
7.690279e-05 3
2.394523e-05 1
1.276262e-06 1758
1.358093e-06 33556
7.200024e-07 45576
8.060633e-06 15605
7.240516e-05 332
9.829558e-06 2
9.488245e-06 1
8.076989e-06 7
3.004751e-07 1
7.674450e-06 4
1.901778e-05 1
7.134437e-06 3
5.325267e-05 1
3.125360e-06 1931
6.116067e-06 1
1.112704e-05 3
6.410489e-06 1
1.791704e-05 3
5.728906e-05 7
3.755412e-05 3
4.002327e-06 1
1.438113e-05 2
5.305715e-06 1
3.884878e-05 2
1.248195e-05 1
1.029852e-05 1
9.036576e-06 205
1.649010e-05 2
9.981445e-05 1141
1.747499e-05 1
4.935059e-06 4
3.168343e-05 1
3.099221e-06 7
6.758524e-06 13237
2.052592e-05 1
2.296239e-07 233
4.232328e-06 3
2.553819e-05 3
2.591973e-06 5
1.541994e-06 1
1.988230e-06 1
1.982736e-05 14679
3.507780e-05 17300
1.252188e-05 50258
1.508726e-05 1918
8.890375e-06 28
1.045796e-05 1
1.981952e-05 1
1.696680e-06 227
2.278958e-05 1271
9.225220e-06 51223
1.379348e-05 50255
1.683281e-05 1486
3.907523e-05 58884
5.607329e-05 1
2.250069e-05 45911
3.693642e-06 1
4.559378e-05 1070
2.645352e-05 2
1.415302e-05 3
9.267025e-06 156
2.843464e-06 2
1.598381e-05 1
2.240541e-05 61
2.327658e-05 1
4.541785e-05 3
1.189191e-05 1
3.394404e-06 3
1.625837e-05 1
1.440068e-05 56766
5.116455e-06 1
1.769758e-05 1
8.303821e-06 3
1.941844e-06 1
1.693743e-05 1
1.125153e-05 1
2.156466e-05 1
3.813320e-05 1
5.629424e-05 1
4.697224e-05 2
3.691148e-06 1
4.437362e-05 246
3.196487e-06 1618
2.577904e-05 4
1.768674e-05 1
2.534751e-05 1274
1.061273e-05 1
3.039862e-06 1
2.097324e-05 7
5.985749e-06 2
1.260539e-05 2
2.925665e-05 5
6.606807e-06 1
2.980362e-05 1591
2.469519e-05 1
3.811840e-06 7
1.337416e-05 6
2.579885e-05 3
8.317231e-08 1
1.096407e-05 29859
2.944178e-06 1
3.255350e-06 1
3.565879e-05 1
2.238251e-05 2
2.251281e-05 5
1.469587e-06 340539
1.017728e-05 2
5.440835e-06 1
2.639306e-05 47757
8.537559e-06 1
3.623204e-07 79
1.741278e-06 1
1.058957e-05 6
2.825865e-06 167
4.924010e-06 1
4.972444e-06 1
1.788584e-05 2
1.721330e-05 3
5.902060e-06 1
2.164525e-05 1
2.278394e-06 3
6.005787e-06 2
1.032237e-05 1
6.942061e-06 5
3.325284e-05 1
1.101757e-05 1
1.350694e-05 4
5.784446e-05 1
1.981629e-05 211
3.339628e-05 5
3.102743e-06 1
2.132434e-05 3
5.707830e-06 1
1.045058e-05 1
1.120637e-05 1
8.387727e-06 6
4.108568e-05 1104
5.039042e-06 1
3.557710e-06 1
2.558637e-05 1
1.038626e-05 6
3.152326e-06 65
9.008718e-06 1
7.490013e-06 2
1.113559e-05 1
7.013580e-06 3
5.502176e-06 1
1.546823e-05 1
2.457170e-05 79627
7.341353e-06 4
2.264814e-05 1
1.569161e-05 2
1.252770e-05 1
1.826725e-05 1
1.481908e-05 2
2.426463e-06 1
1.089637e-05 2
2.106727e-05 1
2.656169e-06 4
2.857775e-05 1
1.505699e-05 1
1.296283e-05 1
2.786880e-05 1
1.225635e-05 1
8.595913e-07 1
6.227267e-06 3
2.519669e-05 2
2.766162e-06 7
3.362295e-05 1
7.876262e-06 6
1.912848e-06 1
1.132025e-05 2
2.287316e-05 123
2.118817e-05 1
3.081449e-05 2
4.223759e-06 1
1.300349e-06 156
2.654488e-05 1
4.431246e-06 1
2.081812e-05 1
7.098202e-06 2
9.569483e-07 1
1.159398e-06 445963
4.982964e-06 1
1.004412e-05 4
1.249735e-05 167
8.715049e-06 4
4.886114e-06 1
1.728802e-05 2
1.715504e-05 1
3.322403e-07 177372
5.032414e-06 1
1.246341e-05 3
3.515119e-06 1
3.670833e-07 3
