4.732300e-05 1
1.108335e-05 3
5.420860e-05 4
7.925114e-06 1
3.799549e-05 2
1.988175e-05 1
4.412015e-06 384596
4.361745e-06 851
9.367463e-06 1
1.601749e-05 1
2.518663e-05 48272
8.101163e-06 1
1.167769e-05 1
3.313741e-05 1
9.899440e-06 3
2.015526e-05 50
9.529887e-07 1
8.402799e-06 540125
4.514164e-08 7
1.202355e-05 3
1.407087e-05 1
2.173572e-06 1
1.529519e-06 3
1.270829e-05 1
2.792081e-05 229
6.597920e-06 1
2.488107e-09 1
2.006726e-05 167
3.667537e-05 1
4.570188e-05 253
1.095147e-05 1
5.377168e-06 65461
2.337281e-06 1
1.775053e-08 4
1.400477e-05 1
1.782748e-07 1
7.560491e-06 3
3.442312e-06 348
3.615785e-06 1
1.565748e-06 2
1.796609e-05 1014
1.199953e-05 2
6.073771e-05 1
1.628959e-05 1
9.442430e-06 88
3.779230e-05 257
9.667659e-09 1847
7.866205e-06 1
7.619101e-06 1
4.487299e-06 1
1.471886e-06 1
1.482757e-06 5
1.585361e-05 3
1.277217e-05 2
1.671252e-05 1
2.113150e-06 2
9.563833e-07 1
3.362789e-06 6
7.237561e-06 7
2.140502e-05 3
1.447646e-05 1
1.094471e-05 1
8.953424e-06 1
1.524373e-05 1
9.087360e-06 75
8.785201e-06 4
4.290450e-05 1538
1.794924e-05 86
2.771684e-05 1
5.334648e-06 3
2.471951e-05 3
3.327093e-05 2
2.260542e-05 1
7.636384e-06 1
1.212795e-05 1
3.478916e-05 2
3.444730e-05 5
4.056219e-05 1
3.210692e-06 2
2.325363e-05 7
5.828912e-06 1
1.366258e-06 1
2.492883e-06 1
7.248923e-06 3
3.945410e-05 1
1.924240e-06 119
1.249004e-05 1
3.413778e-05 1
3.658176e-05 1
1.330881e-05 226
5.758533e-05 1
1.128096e-06 158
1.059423e-05 1
1.132467e-05 1
1.399918e-05 1266
5.800125e-06 2
2.287909e-05 3
7.620152e-06 492
1.147363e-05 207
7.632172e-05 1
6.143137e-05 238
2.726519e-06 2
2.261159e-05 1
1.130747e-05 158
8.827104e-06 1
2.191934e-08 194
6.736890e-08 1
1.357656e-06 220
1.187178e-05 1
9.883771e-06 1
5.813492e-06 1
1.940692e-05 1
1.518340e-06 1
1.011177e-05 2
1.577894e-05 7
4.947477e-05 1
7.543450e-06 3
7.351378e-06 1
9.364757e-06 6
1.146452e-05 26
2.044425e-05 6
2.519191e-05 5
1.762037e-05 1
2.205014e-05 21145
4.070015e-05 1
6.427431e-06 438
6.299205e-06 2
5.958269e-06 4
2.343944e-05 257
2.065565e-05 1
7.899157e-06 1
6.743157e-06 1
4.995886e-06 2
2.030987e-07 1
1.290749e-05 1
5.021793e-06 2
1.450439e-05 1
7.588705e-06 1
9.387501e-06 1
3.557558e-05 768
3.626138e-07 2
4.613621e-06 158749
2.642340e-05 6
1.396192e-05 1
3.946760e-06 2
1.553789e-06 1
7.351321e-07 1094
1.030877e-05 1
5.410172e-06 6
3.084403e-05 2
2.141897e-05 2
9.168865e-06 1
1.058198e-05 1
4.502563e-07 3
3.974400e-05 4
3.234710e-07 48
1.594390e-05 1
8.241222e-06 187
8.741150e-06 3
2.461414e-05 1
1.273717e-05 1781
8.505516e-06 2067
1.954794e-07 1
3.004000e-05 1
2.373408e-06 1
3.009410e-05 1
1.153490e-05 1
4.939990e-06 5
2.494536e-05 250
3.565019e-05 1
3.439478e-06 3
8.353234e-06 2
8.852162e-07 246
4.190428e-05 1
4.002489e-05 1
5.331527e-06 1
1.607473e-05 1
6.713944e-06 1
1.397312e-06 2
1.425540e-05 561
8.597239e-06 1
1.904171e-05 2
9.545323e-06 6
5.640624e-06 1
2.733191e-05 924
5.200334e-06 1
8.841891e-06 1
4.267234e-07 1
7.069820e-06 1
2.199568e-05 3
2.204205e-05 1
7.846818e-06 3
1.066485e-05 1128
1.114827e-05 1375
2.032257e-06 1356
2.296410e-05 1
2.065240e-06 3
2.182272e-05 1
4.345164e-06 3
8.625575e-06 3
2.523577e-06 1
5.660041e-06 1
4.305218e-06 1
5.468479e-06 4
5.174468e-05 3
3.124695e-05 1
6.548057e-06 6
5.171488e-06 1
3.805576e-05 787
1.207754e-05 1
1.039331e-05 2
1.922501e-05 1
5.695923e-06 1
2.689291e-05 3
2.249526e-06 1
2.290353e-05 1
2.015864e-06 1
6.365138e-07 2
9.999164e-06 1
3.403772e-06 1
7.774503e-06 1
3.913780e-05 1
8.095185e-06 3
1.401025e-05 1
8.001712e-06 2
1.754680e-05 1
6.763651e-06 1
1.367999e-06 2
2.648059e-06 1
6.226353e-06 1
1.961196e-05 3
6.519650e-06 1
1.215084e-05 1894
3.551756e-05 2
2.599658e-05 1
4.859293e-06 1
1.848278e-05 1
2.109263e-05 3
5.989244e-07 148
1.530779e-05 1
1.451961e-05 1
5.309179e-05 1
3.547241e-05 1
1.374519e-05 1
1.817402e-05 1
4.913212e-06 4656
1.083865e-05 6
6.890607e-06 1446
2.611252e-05 3
1.206747e-06 7
8.608966e-06 1
4.043368e-05 1
1.086089e-06 243
3.697928e-05 2
4.755225e-05 1
4.208798e-05 192
1.267228e-06 1
4.434213e-05 1
1.375289e-05 1
3.223147e-05 2
1.402228e-05 1
5.074976e-06 1
3.116364e-06 1235
4.648338e-05 339734
2.093614e-05 187
2.589867e-05 2
1.055990e-06 106
5.242565e-07 1
1.503924e-05 1
1.314160e-05 1
6.310175e-06 1
9.986139e-06 217024
3.959951e-07 1
1.287908e-06 1
5.737539e-05 1
2.036945e-06 1
3.842237e-06 1
3.220530e-06 1
1.994464e-05 1
1.442341e-05 2
1.241557e-05 18
9.810933e-07 1
4.035687e-05 1
3.648154e-05 1410
2.380306e-06 2
2.283922e-05 2
5.431605e-05 4
2.838124e-05 1
5.633676e-05 3
1.806852e-05 271591
9.836830e-07 1
1.718018e-05 1
3.778075e-06 1
2.043673e-05 5
3.821640e-06 6
9.574931e-07 5
1.348381e-05 2
9.580915e-06 1
4.372587e-05 1
4.402390e-05 1
3.371625e-05 1
5.673612e-05 1
3.649435e-06 241
7.390154e-08 159
2.755396e-05 4
2.014443e-05 2
1.779715e-06 3
2.642856e-05 3
3.631851e-06 31698
7.700635e-07 1
2.474891e-06 3
2.377012e-05 1
4.203677e-05 3
6.634404e-06 3
7.874938e-06 1
2.566201e-05 3
3.678392e-05 513
1.832705e-06 1
5.436484e-06 1
2.270112e-05 7
4.576471e-06 925
6.908668e-07 102
2.039626e-05 4
1.794290e-06 209
3.251695e-05 2
7.020190e-06 3
4.142751e-06 214
4.281511e-05 2
9.347719e-06 56888
1.071963e-06 229
4.196892e-06 1
8.955874e-06 1
2.088460e-06 1
3.853421e-05 1
3.324133e-06 3
9.205431e-06 1637
9.016650e-06 57895
1.694072e-05 2
1.393817e-05 1
1.227997e-05 73
4.424055e-05 1
2.921330e-05 1
1.574976e-05 7
5.264420e-06 160
5.042914e-05 23
1.315810e-06 2
1.628543e-05 1
1.633381e-05 1
1.201356e-05 1
3.492935e-05 1
3.765770e-06 5
9.318049e-06 1
3.553264e-06 228
2.835801e-05 4
2.456187e-06 6
7.959416e-06 3
3.921065e-06 1
1.039397e-05 4
4.519544e-05 1
4.423236e-05 1
7.340070e-06 1
1.281466e-05 91
1.343724e-05 2
2.089661e-05 2
5.344216e-06 308
1.388010e-05 189
3.364562e-05 1
6.719679e-06 1
8.761150e-06 204
3.838514e-06 3
3.804608e-05 1
2.895095e-05 3
1.397682e-05 1
2.185213e-05 1
1.192932e-05 23439
3.662573e-06 1
1.007054e-05 1
1.190273e-08 124
1.551568e-05 1
1.516283e-05 3
2.277207e-05 2058
1.483623e-05 7
2.730505e-05 6
1.991732e-05 1
1.652569e-05 33259
2.754295e-05 5
5.008851e-06 1
3.021617e-05 1
7.389037e-06 1
1.894959e-05 137
6.369991e-06 1632
1.621151e-05 1
3.396821e-05 1
5.420937e-06 1
2.742011e-05 60208
6.502879e-06 2
1.560765e-05 1
4.799220e-06 1
2.208715e-05 171
1.191099e-05 1
4.229068e-06 1544
1.733310e-05 2
1.091609e-05 7
3.078524e-06 1
4.178501e-06 79
6.297964e-06 2
8.361002e-06 1
8.702259e-06 23984
1.252427e-05 1
1.195614e-05 28
2.542935e-05 3
2.153418e-06 1
2.119955e-05 1
3.454572e-05 1
5.806114e-05 1
3.219333e-05 1
1.994236e-07 1
1.892049e-05 1551
3.792730e-05 1
4.323617e-06 1
1.403857e-05 97
4.827149e-05 1
6.868627e-06 43488
1.384369e-05 1541
1.374246e-05 1
7.195296e-06 1
7.006671e-06 7
8.670068e-06 2
7.017821e-06 2
3.991020e-06 1
2.282459e-05 4
4.128055e-06 1
7.043464e-06 93597
5.570400e-05 1
5.744592e-06 130
2.535782e-06 1
4.706712e-06 1
1.219786e-05 1
1.570219e-06 2
8.660426e-07 1
1.085106e-05 1
8.432017e-06 4
3.128449e-05 1
2.181209e-06 1
2.020941e-05 1
1.968195e-05 1
5.641251e-06 2
2.086424e-05 1
2.465976e-05 7
1.942781e-05 1167
3.288277e-05 1
3.141335e-06 1
1.106776e-05 2
1.933708e-06 62
1.350328e-05 1
1.212529e-06 2
6.174916e-06 22
2.099275e-05 1
4.908155e-05 2
1.487338e-05 1
8.196033e-05 3
5.158737e-05 1
2.074410e-05 2
1.877473e-05 1
3.035911e-05 205
1.075964e-05 150
8.222745e-06 3
2.070932e-06 1
3.068262e-05 1
1.585700e-05 1
5.394569e-06 2
3.044589e-05 3
4.773635e-05 1
1.129225e-06 1
3.448876e-05 1
2.986950e-05 1
3.222492e-06 6
2.619262e-05 4
2.079689e-07 210
1.008620e-05 38160
9.486961e-06 5
1.502509e-05 1
2.625972e-06 7451
9.261802e-06 1
3.778220e-06 3
6.224875e-05 1
5.127355e-06 9054
2.657291e-05 6
3.212634e-06 112
3.654066e-05 1
1.193166e-05 1
1.695062e-06 232187
9.297580e-06 76
1.727513e-05 3
4.859374e-06 1
3.046068e-05 1377
2.395449e-05 7
1.522064e-06 1
2.107780e-06 1
7.113408e-06 1
1.488301e-05 1
5.013740e-05 1
5.464833e-06 3
7.915279e-06 1
1.809439e-05 1
2.107836e-05 3
6.965440e-06 1
1.227181e-05 1
3.136734e-06 3
7.136980e-06 7
4.220538e-06 1
1.581317e-05 1
5.940840e-06 16
1.825468e-06 3
1.144747e-05 1
8.191744e-06 1
4.195253e-06 38745
2.501813e-06 1
3.651533e-05 1
5.311293e-05 12
1.592469e-05 4
4.549871e-06 1
7.372720e-06 1
1.299815e-05 1
5.412079e-05 1
1.268685e-05 3
2.056504e-05 1
1.412161e-06 3
3.773355e-06 1
7.565309e-06 1153
5.503518e-06 593
1.366815e-05 13630
5.185308e-06 1
6.605245e-06 80
2.978076e-06 1
5.203986e-05 1
3.294963e-06 1
9.328764e-06 143
3.636911e-05 79
7.312721e-06 1
2.468610e-05 85
3.237704e-05 1
9.397251e-06 59
2.131555e-05 2
1.749680e-05 1
3.847791e-06 55862
7.085299e-06 325753
3.088174e-05 1
1.237218e-05 3
2.252182e-06 1
5.810356e-05 18089
5.107781e-06 268
3.852121e-05 1902
1.106930e-05 3
2.681062e-05 5
4.622853e-06 1805
3.291039e-07 3
6.324213e-05 7
2.011624e-05 1
2.454019e-05 3
8.766722e-05 4
6.171718e-05 1
7.252255e-06 6
1.514283e-05 1124
1.379403e-05 1
1.467086e-06 1
1.032863e-06 1
1.364451e-05 1
1.820509e-05 1
3.390235e-05 1
4.124810e-05 1247
8.139677e-06 1
1.944773e-05 1
3.248465e-06 1283
4.932757e-05 7
3.272929e-05 1
9.862171e-06 1
1.209838e-05 6
6.679574e-06 1
1.127056e-06 2
4.079587e-05 2
8.572913e-06 3
5.734361e-06 6
1.462155e-05 1
3.839105e-05 3
5.283394e-07 187
4.394019e-05 1
6.436511e-06 1
3.719330e-05 1
7.241894e-05 1
1.929926e-06 208
2.315273e-05 1166
1.380099e-05 1
1.487355e-05 565003
1.547442e-05 2
1.565309e-05 125
1.080349e-05 198
7.834699e-07 2
1.677478e-05 1
5.304677e-06 3
1.663245e-06 3
2.018632e-05 1
3.518535e-06 1
3.326119e-06 3
1.045309e-05 3
9.157668e-06 2
7.984764e-05 2
7.199504e-07 3
9.727532e-06 5
1.654673e-05 1
8.033241e-07 1
2.838252e-05 2
3.082421e-05 1
2.582973e-05 1
2.476630e-05 1
4.058854e-05 1
2.633375e-05 40481
8.921084e-06 4
2.827363e-06 4
1.001392e-05 1
8.092659e-06 1
4.181564e-06 929
2.632885e-05 413
5.911715e-06 1
6.668356e-06 3
9.575386e-06 1
6.015150e-06 37841
8.898394e-07 31359
4.177235e-06 52648
3.669466e-06 1
1.498161e-06 1
3.952129e-06 1
5.877635e-06 496815
1.801438e-06 1
1.856129e-05 2
2.412413e-05 2
2.084339e-05 6
2.363950e-06 1
2.025969e-06 1
4.288861e-05 1
4.643779e-08 4
3.970736e-07 1
1.627961e-05 1
5.750058e-06 1
5.010367e-06 1
1.523396e-05 3
4.560185e-06 42843
2.815400e-05 1
1.087373e-05 40854
2.234210e-05 1
2.763286e-06 1
7.542401e-06 64498
2.805688e-05 1
2.737133e-05 39
2.426498e-05 1
9.399292e-07 1
2.525500e-06 3
4.972594e-07 1827
5.698883e-06 85
1.582593e-05 3
1.064394e-05 1
3.715691e-05 3
1.996877e-05 22180
2.019626e-05 1
1.743415e-05 2
1.907498e-05 2
8.171949e-06 3
1.801270e-05 1
1.121525e-05 2
2.218099e-05 1
2.428722e-05 164
7.366454e-06 5
1.721272e-05 3
3.216773e-07 1
1.608128e-05 3
3.896680e-06 3
4.375639e-05 1
1.732805e-05 1
5.705710e-05 1
7.322234e-06 103
5.237033e-05 3
4.740655e-06 95
4.758160e-06 1
3.893469e-05 2
2.335168e-05 1
2.596729e-07 1
1.692379e-05 3
2.822477e-06 2
1.093819e-05 159
1.426873e-05 1
1.280831e-04 3
3.326856e-05 6
3.086843e-06 1
5.754134e-06 146
5.028899e-06 2
2.068255e-05 134
9.164272e-06 1
9.486083e-06 1
7.990427e-06 2
2.861071e-05 1
1.929087e-05 4
1.534376e-05 1
3.169599e-06 2
1.480925e-05 1
1.237769e-05 1
1.357039e-05 1
1.247304e-05 1
2.215338e-06 1
1.524745e-05 1
3.053438e-06 1201
2.646584e-05 216
3.382075e-05 1587
3.323727e-06 1
2.217907e-05 1
1.705040e-05 66
1.119403e-05 2
1.269584e-06 1
1.197271e-05 1
1.497021e-05 1
2.815073e-05 1
3.251443e-05 1
7.321704e-06 2
3.754387e-05 3
4.441065e-06 1
1.131427e-05 1
8.285193e-06 216
4.510365e-06 1
1.113218e-05 894
3.396303e-05 1
6.041967e-07 3
2.720124e-05 765
1.332476e-05 3
1.309094e-05 1
8.236717e-07 3
1.132038e-05 2
4.810380e-06 2
5.008323e-07 3
5.749819e-05 246
4.276723e-05 4
1.266134e-05 39
2.890167e-05 3
7.274400e-06 3
9.039280e-05 1
3.518075e-05 1
1.259182e-05 2
2.314093e-06 3
1.305235e-05 1
2.633531e-05 51710
4.283194e-05 3
2.408304e-05 3
1.243932e-06 3
2.883581e-05 3
1.475075e-05 1517
2.458530e-06 1
1.732990e-05 37
4.416178e-05 1
1.604641e-05 1
6.452560e-06 1
3.641334e-05 7
1.495848e-05 1
4.602381e-05 1
3.617660e-05 1
2.557322e-05 1
9.452638e-06 1
6.994412e-05 1
2.315336e-05 1
7.597681e-06 88
3.096931e-05 1
5.188486e-06 3
4.387811e-05 1
4.972068e-07 1
1.057466e-05 1
8.664664e-06 130
1.560868e-06 1
1.623075e-05 1
1.333077e-06 3
9.426065e-06 1
1.027154e-05 711
4.422900e-05 1
6.198649e-05 1
4.519626e-06 1
1.706087e-05 486
1.195445e-05 1
2.356561e-05 1
1.052216e-06 1
2.438171e-05 5
4.157210e-08 1
2.438634e-05 1
5.875456e-06 7
3.819642e-05 9618
6.129620e-06 1
5.253919e-07 4
1.494833e-06 1
6.204978e-06 125
1.398328e-05 2
1.178182e-05 217
2.336512e-05 1
5.717665e-05 3
2.550211e-05 4
5.985610e-05 1
5.700431e-05 1
8.674548e-07 1
8.205182e-06 1
5.045288e-06 1
6.914219e-05 1
2.348947e-05 199
3.386618e-05 2
3.630437e-06 1
3.873850e-06 2
1.154127e-05 2
5.400619e-06 1
4.971541e-05 1
1.705341e-05 1
5.879178e-06 5
2.103132e-05 7
5.569010e-06 3
1.519305e-05 2
1.588663e-05 1
1.824817e-06 1
3.632884e-06 2
8.496366e-06 1
7.693291e-06 3
1.370580e-05 2
1.153024e-05 1863
1.071523e-05 6
2.439657e-06 1
1.219592e-05 6
2.171033e-06 1
4.780284e-06 1
9.754268e-06 1
5.321086e-05 1
7.549873e-06 4
5.315940e-06 167
3.558249e-05 1
1.825375e-05 1
2.973695e-05 2
2.606598e-05 1
3.788634e-06 1
2.146289e-05 54
6.148368e-06 1
6.883676e-06 1
5.434088e-06 57825
2.705831e-05 4419
1.306595e-06 1
9.501552e-06 1
6.971320e-06 1994
4.010356e-06 1
4.432579e-05 2
1.872908e-05 103
6.845774e-06 5
1.557315e-05 1716
2.671894e-05 38457
1.006650e-05 1
1.916452e-06 5
9.982369e-06 2
1.883588e-06 203
1.005876e-05 1
3.603431e-05 5
2.418913e-05 225
4.765428e-06 3
7.711395e-06 1
2.701793e-05 390
7.761619e-06 3
1.158233e-05 3
1.720130e-05 1
2.008093e-05 6
7.632691e-06 1
1.988371e-06 6
5.602467e-05 1
9.971307e-06 3
1.040544e-05 3
1.666669e-05 2
1.161395e-05 1
4.996878e-05 192
2.700910e-05 1
3.541191e-05 2
7.099762e-07 2
6.994308e-06 1
1.099489e-05 2
5.731432e-06 1
1.232987e-05 2
4.391446e-05 2
2.477513e-05 3
1.466877e-06 429225
3.916686e-06 1
5.145796e-05 266
1.120598e-05 1
4.122320e-05 1
1.417173e-05 26
1.114962e-05 1
2.013156e-05 1
2.267334e-05 7
7.646272e-06 1
2.676830e-06 1
2.738617e-05 16166
2.954649e-05 59
1.189508e-06 1
1.385258e-05 2
1.884251e-06 1
6.826221e-07 3
1.948370e-06 1
5.500181e-06 1
1.618719e-06 57
8.135745e-07 1286
1.203684e-05 1
7.172215e-06 1
1.888295e-06 1
4.168290e-06 2
4.459100e-06 1
9.804240e-06 3
9.345061e-06 789
6.934791e-06 160
4.265167e-06 2
2.305858e-07 2
3.657333e-05 1
1.374911e-05 3
2.690502e-07 2
2.780220e-05 3
1.037184e-05 1
1.927677e-05 1
1.830857e-05 1
5.138034e-05 267
8.619492e-06 1
5.123270e-07 82
6.031468e-07 2
1.338663e-05 1
8.676161e-06 1
9.878378e-06 235
2.641150e-06 292065
2.320380e-05 2
6.080774e-06 2
2.410094e-05 1
3.789740e-05 1
7.557667e-06 1
1.677918e-05 1
7.431875e-06 28
2.777323e-05 5
4.340079e-06 2
9.367334e-07 1
4.838540e-06 2
6.690459e-06 1
6.116331e-07 1
6.325894e-06 3
1.860028e-05 1
2.072357e-05 5
3.438482e-05 3
2.348469e-05 1
3.275548e-05 36963
2.233736e-05 1
4.389522e-05 1
7.237868e-07 111
6.330944e-06 1
2.536352e-05 243
2.093698e-05 1
4.471345e-05 1
1.439642e-05 2
5.113042e-05 1
1.384675e-06 1
4.564975e-05 1
1.787406e-06 2
6.184233e-07 33
1.313278e-05 1
9.447929e-06 1
3.063502e-05 498707
3.862579e-06 1
9.947107e-06 3
2.111514e-06 2
1.651548e-05 5
4.758223e-05 5
4.822107e-05 3
2.665121e-05 260
3.690350e-06 1
1.592494e-05 3
9.915509e-06 1
5.635401e-06 1
2.724576e-05 5
1.108886e-05 1
2.442063e-05 265
3.685747e-05 21158
1.575890e-07 1
3.447818e-05 1
1.060946e-05 1
1.087754e-05 3
1.618965e-06 1
1.720242e-06 3
2.902122e-05 175
2.827571e-07 1
4.983294e-06 5
1.357515e-05 2
1.438116e-05 5
7.487714e-06 1
2.111490e-05 1
1.285156e-05 534
6.032804e-05 1
1.489672e-07 1
2.670629e-05 3
2.103834e-06 1
8.854747e-06 429
9.259501e-06 1
3.648744e-05 3
5.087438e-06 1
3.928589e-06 1
1.075146e-05 3
1.852640e-05 3
2.607685e-05 1
4.947213e-06 1
2.627826e-05 1
7.416052e-06 1
4.227541e-05 41314
1.474860e-05 1
9.511344e-07 2
1.779226e-05 210
3.719864e-07 1
5.564294e-05 1
1.217614e-05 1
1.380962e-05 1
3.574309e-06 7
1.345417e-05 1
1.054636e-05 3
9.537849e-06 3
3.267481e-06 3
1.891217e-05 1
2.002989e-06 2
3.159541e-07 1
3.933177e-06 1
1.884498e-05 1
6.429303e-06 1205
8.656167e-06 2
2.937411e-05 1
4.094398e-05 1
4.921430e-07 58488
5.978815e-06 1
1.389205e-06 3
1.777222e-05 6
3.161996e-05 1
2.257386e-05 2
1.420787e-05 1
1.554810e-05 1499
1.686094e-05 1
3.503777e-06 1
1.213384e-05 1
4.906180e-05 1
2.825611e-06 228
4.923162e-06 1
3.124199e-05 3
1.958129e-05 245
1.102138e-06 3
1.899685e-06 1862
1.330035e-06 1
5.389035e-06 1
1.403514e-05 1
9.337021e-06 197
3.756176e-05 3
4.579671e-06 1
2.675832e-07 1
1.847750e-06 2
9.629066e-07 3
3.301252e-06 1
6.206161e-06 125
1.129448e-05 142
8.281516e-06 1
1.183760e-06 1
5.486454e-06 1
8.025645e-06 1
3.271004e-06 1
2.179360e-05 3
6.942347e-06 2
1.327524e-05 1
3.082133e-05 1
1.045553e-05 1
8.900995e-07 1
3.839804e-05 1
2.424406e-06 4
7.858830e-06 1
5.813292e-05 1
3.447922e-05 7
2.035353e-05 1
7.651820e-05 3
4.027481e-05 1
7.616025e-06 2
2.031117e-06 4
4.658373e-05 1
1.063427e-05 1
6.748317e-05 1
4.925631e-06 1
6.236568e-06 1
1.466358e-05 1
3.354979e-06 1
5.704905e-06 1
9.935383e-07 1
1.636720e-05 1
1.460488e-05 228
5.796518e-06 54975
8.819961e-06 1
4.135139e-05 53290
6.155552e-06 1
3.264303e-06 1
3.593464e-06 14917
1.792531e-06 2
3.416785e-06 1
7.638726e-07 2
4.420727e-06 2
2.667839e-06 13
3.321366e-05 1
2.422128e-05 1
1.302629e-05 2
7.514118e-06 1
1.472207e-05 2
9.321799e-06 199
3.216975e-05 3
5.456863e-05 1339
2.565151e-07 2
5.750284e-06 2
2.610557e-06 3
3.881701e-05 1
4.010848e-05 1
6.730117e-06 255
8.586065e-06 1
1.727509e-05 2
6.220634e-06 1
2.276174e-06 1
1.666128e-06 3
9.587840e-06 1
1.060948e-05 1
3.610315e-05 1
1.967040e-05 1
9.628837e-06 2
5.652193e-06 3
1.148843e-05 40342
1.019416e-05 1
1.503672e-05 1813
1.171337e-05 1
5.401678e-06 1
3.651217e-06 2
5.552489e-05 44
9.167525e-07 1
4.121287e-05 1
1.813175e-05 1
2.108327e-05 193
5.945967e-06 233
4.529931e-06 1
7.754090e-06 3
8.433819e-06 1
7.155545e-07 3
2.923505e-05 1
4.129459e-06 2
1.092071e-05 1
1.994793e-05 1
2.486088e-05 1
2.034331e-05 6
3.560904e-05 4
7.620209e-06 1
1.570061e-05 5
1.153608e-05 1
1.262118e-05 3
5.023768e-06 1
3.560006e-06 42544
1.196342e-06 3
1.262087e-05 1
2.899841e-06 2
8.919295e-06 2
1.848936e-05 1
2.596911e-05 26
2.978112e-05 3
4.970038e-06 1
1.532927e-06 1
2.672966e-06 1
6.923638e-07 1
6.045824e-06 267
9.799677e-06 29
7.907755e-06 6
2.240552e-06 2
5.240434e-07 7
3.128721e-05 1
3.189202e-05 12380
2.720880e-06 2
1.396034e-05 1
5.699674e-06 3
1.350760e-05 602
3.185668e-05 2
9.518497e-06 61770
2.522583e-05 1
9.280556e-06 1458
5.755265e-05 1
1.265226e-05 1
2.975455e-05 2
8.098307e-06 1
3.132222e-06 205
4.514600e-05 1
8.829032e-07 1
7.075933e-06 2
6.327230e-06 2
5.460673e-06 1
2.297691e-05 2
1.055388e-05 4
6.013914e-06 4131
1.571331e-05 2
3.274990e-05 1
1.085300e-05 1
2.657113e-06 1
6.308750e-06 13
2.309417e-05 1
3.985587e-05 17782
3.230248e-06 1
2.354536e-06 915
2.581715e-05 1
1.463371e-05 41302
3.126809e-06 5
6.768949e-05 1
1.378408e-05 1
3.997688e-06 3
2.289521e-05 1
8.998985e-06 1
3.867590e-05 2
3.737635e-05 2
3.998724e-05 92
4.562451e-05 1
3.427099e-05 3
5.554254e-06 1
7.304774e-06 7
1.236799e-05 1
1.343179e-05 6
4.371756e-07 3
2.786971e-05 2
2.754174e-05 2
3.900268e-05 3
4.986048e-06 2
5.347998e-05 4
9.058183e-06 153
7.173793e-07 1
4.312018e-05 3
1.771530e-05 7
1.057588e-05 1
2.413720e-06 6
6.533243e-06 1
2.222270e-05 1846
7.159479e-06 1
7.370471e-06 3
3.164699e-05 1
3.971232e-05 1
5.388282e-06 1
1.023673e-06 1
6.597114e-07 892
6.708928e-06 2
4.271409e-05 1
2.523298e-06 1
1.954942e-05 2046
2.128134e-05 250
3.220613e-06 1
1.528362e-06 1
1.012167e-05 1
3.981814e-05 2
6.164169e-07 1072
2.851985e-05 3
5.040096e-07 1
1.872792e-05 1800
1.726662e-06 6
1.747682e-05 51648
1.245898e-05 1
4.677107e-05 1
3.007814e-06 1
2.589225e-05 7
3.001079e-06 1
4.589951e-05 159
6.594139e-06 1
3.460366e-06 35077
1.592089e-06 1
3.792181e-05 199
9.680331e-07 62503
7.792597e-06 1
4.062387e-06 1
2.509128e-05 1
2.519239e-05 235
1.921219e-06 2
3.900857e-05 2
6.063709e-05 115
4.188265e-06 1
2.882766e-05 1
1.793664e-06 1755
4.477267e-06 1
4.702220e-06 1
1.000823e-05 276
7.469534e-06 1
4.280936e-06 3775
7.686795e-06 1
1.813006e-06 1
1.108907e-05 6
1.446288e-05 3
1.801626e-06 1
8.163606e-06 3
9.627961e-06 1
1.298336e-05 1
3.617863e-06 1
1.810209e-06 6
1.352763e-05 187936
5.141379e-06 1
8.148165e-06 1
4.728547e-05 1
2.103757e-05 3
2.866087e-06 235
9.647904e-06 37187
1.244537e-05 1
1.404166e-06 1
2.390470e-05 3
5.120405e-08 239
1.290824e-05 7
1.272040e-05 1
2.470905e-05 1
2.184054e-06 1
1.141059e-05 1
3.178044e-05 1
1.677849e-05 4
1.306743e-05 1
9.303442e-06 1
8.467336e-07 2
1.578892e-05 60265
2.360033e-05 2021
7.091844e-06 3
1.628436e-05 55
1.366644e-05 4
4.952304e-06 1
6.228236e-06 3
5.311892e-06 1
2.050346e-05 28357
1.510119e-05 3
9.447618e-06 1
9.206292e-06 1
2.853864e-06 3
4.039210e-05 1
1.247485e-06 556
4.253213e-06 1
7.024369e-06 1
1.652165e-05 230
2.163035e-05 1
3.046447e-05 237
3.137570e-05 6
4.007675e-05 1
3.481057e-05 1
3.168922e-05 1
1.441184e-05 3
4.534492e-07 1
8.975331e-07 1
1.555128e-05 42903
3.767063e-05 1
4.032643e-05 48
3.596845e-05 2
4.548403e-06 1
4.920763e-05 2
1.650119e-05 1
1.741536e-05 1
1.937191e-06 1
5.761827e-05 2
3.194077e-06 5
2.728441e-06 3
6.560173e-06 1
2.694762e-05 1
6.152090e-07 3
1.126123e-05 4
2.328234e-06 1
5.133751e-06 1
1.383604e-05 1
8.045688e-06 1436
7.720544e-06 1
7.773986e-06 1
1.253030e-05 1
2.031081e-06 1
6.762447e-06 5
2.368589e-06 7
4.620354e-07 1
4.355718e-06 1
7.194814e-06 7
1.414507e-06 1
4.648558e-05 1
1.286415e-05 1
1.147057e-05 1
1.281144e-05 1
5.331660e-06 200
1.009638e-05 37143
2.560716e-06 1
9.418914e-06 2
3.631314e-05 117
2.096739e-06 1
3.405301e-05 1
2.485627e-05 19
1.413125e-05 1
1.185727e-04 1
1.649633e-05 1
9.230694e-06 1
1.866138e-05 2
3.497517e-05 1552
3.547376e-05 1
2.098294e-05 1
5.126243e-05 274
4.003294e-06 2
2.376827e-05 1605
3.552635e-05 1
1.268817e-07 5
1.216749e-05 1
4.655694e-06 3
6.890403e-07 6
7.354719e-06 97
1.812187e-06 4
3.467875e-06 1
1.959706e-05 4
2.080753e-05 24316
3.298946e-06 1
2.740526e-05 128
1.972664e-05 1
1.432983e-05 1
1.154639e-05 5
8.790833e-06 1
3.496678e-05 1
1.281444e-05 3
2.930149e-05 1
4.773529e-06 1
1.688671e-05 2
1.049251e-05 2
1.622655e-05 134
2.840300e-06 1
2.542229e-05 1
1.767497e-05 1
3.706338e-05 2
4.580096e-06 59
1.196600e-05 1
2.871549e-05 1
7.735891e-06 1
4.570225e-05 36546
6.429974e-05 1
5.396463e-06 3
4.292153e-05 5
1.077635e-05 370
4.864294e-05 1
2.834257e-05 2
7.039183e-06 1
1.533537e-05 2
3.195486e-06 2
1.241886e-05 1
7.336326e-05 1
1.220564e-05 1
1.253955e-06 2
2.637813e-06 1
2.002434e-06 1
2.044456e-05 1
1.518338e-05 1
1.184082e-05 1
1.406503e-05 1
2.393011e-06 3
1.068730e-05 3
1.242502e-04 1
7.660689e-06 1414
3.111037e-06 1
7.110941e-06 3
2.492388e-06 114
5.199173e-05 3
3.347532e-06 2
8.794351e-06 6
5.188109e-08 5
3.797493e-06 1
1.996161e-05 1
1.238826e-05 2
2.156902e-05 1
8.471799e-06 2
1.689956e-05 1750
2.858986e-05 50
1.050870e-05 1
7.125865e-05 1
2.616367e-05 2
2.124807e-05 1
8.168042e-06 2
1.122250e-05 53412
2.963058e-05 1
9.616418e-06 1
1.728799e-05 3
1.115672e-05 5
1.524774e-05 4
6.637257e-06 3
1.718263e-05 1
2.151086e-05 1
7.019422e-05 1
1.095853e-05 1
1.955884e-05 1
4.546830e-06 2
3.078980e-06 1
1.734809e-05 163
2.706893e-05 1
2.120233e-05 129
2.735852e-06 1
4.743003e-05 3
2.580873e-06 200
2.201483e-05 2
9.583325e-06 47
3.397591e-07 1
1.963255e-06 218
6.093295e-06 1
2.989175e-06 1
1.564725e-05 4
3.524610e-05 204
2.126629e-05 1
9.306882e-06 1
7.224669e-06 5
5.475762e-06 1
1.210050e-05 1
4.206323e-06 1
6.465603e-06 1
1.187641e-06 2
8.065941e-06 110
1.868356e-06 1
2.140991e-05 17396
1.981389e-05 6
7.905853e-06 1
1.054000e-05 2
3.647818e-05 3
2.820036e-06 1
1.784754e-06 1
1.423386e-05 7
7.098833e-06 7
1.266314e-05 2
6.943275e-06 1
2.395950e-06 2
2.374281e-05 2
5.913800e-06 1
2.713858e-06 1
1.573597e-05 3
2.908160e-05 1487
8.279759e-07 1227
7.487267e-06 1
7.220325e-06 3
3.730407e-06 1
1.437979e-05 146
6.720353e-06 1
4.128875e-05 1
1.488207e-05 3
2.426062e-06 1
1.355186e-05 2
3.174316e-06 2
5.940431e-05 2
1.522716e-05 5
1.494371e-05 151
1.495417e-05 1
8.432673e-06 1
3.179686e-06 6
3.943212e-06 1
2.687902e-05 175
5.439422e-06 1
4.117547e-06 1
3.895942e-05 7
5.509146e-07 1
2.531971e-05 5
5.510384e-05 1
3.208343e-05 1
4.186307e-05 1063
5.051216e-05 17412
1.749358e-06 2
2.014785e-05 1579
6.378608e-06 5
5.529235e-06 5
6.479158e-06 1
1.538919e-05 4
2.487395e-05 91
2.662220e-05 1
5.735309e-07 3
5.829851e-06 1155
6.850898e-06 213
7.304720e-06 3
1.905632e-05 3
5.583468e-06 5
2.538454e-05 114
2.689122e-07 476
1.995611e-06 1
8.098658e-06 5
9.576184e-06 66
2.726995e-05 971
9.192914e-06 1
3.000341e-06 1
2.653237e-07 3
7.753985e-06 1
2.809608e-05 1
5.566516e-06 1
4.221963e-05 1
3.257718e-06 1
5.897889e-05 3
1.968899e-06 4
5.123122e-06 1
1.304272e-05 1
5.116878e-06 1
4.105271e-06 7
1.144582e-05 1
1.682405e-06 1
1.211655e-05 1190
6.996601e-06 39
3.064466e-05 1
1.796815e-05 1
2.809396e-05 1
1.141557e-05 1
1.410308e-05 1
6.612254e-06 1
6.847284e-07 232
3.355141e-05 1
5.223119e-06 52427
4.138174e-05 4
2.393459e-06 1
1.418873e-05 5
5.113792e-05 1
1.604683e-05 1
3.069877e-05 435856
4.710665e-07 1
2.273940e-05 2
1.965643e-05 1915
1.567511e-06 235
2.150858e-05 1
1.016287e-05 7994
9.396970e-06 1
1.960438e-06 1
1.194348e-05 266
8.833715e-06 119
1.687921e-07 1
1.449145e-05 1956
2.673439e-06 230
3.783422e-07 86
8.780502e-06 1
8.815992e-06 45535
5.192999e-06 1
2.234438e-05 225
1.064139e-06 1
3.367755e-05 61372
7.057660e-06 3
1.950043e-05 3
1.952638e-05 788
4.213915e-06 234
1.467658e-05 3
2.050935e-06 1
1.227298e-05 202
1.156756e-05 66
5.182853e-06 5
3.021809e-06 3
7.446383e-05 3
5.379897e-06 427970
1.529629e-05 1
1.883330e-05 1
6.981176e-06 1
2.927664e-05 1
3.341550e-06 1
2.625308e-05 6
5.396174e-05 113
4.838946e-05 1
1.556494e-06 274672
7.466654e-06 62084
9.541974e-06 3
4.471302e-06 1
2.679851e-05 2
3.185664e-06 3
3.924317e-07 4
2.496753e-07 1
4.218081e-06 1
1.052820e-05 1
1.551741e-05 4
4.665594e-06 257
5.772676e-06 179
8.897891e-05 1
7.756272e-06 1
1.429945e-05 1
1.651083e-05 1
1.265127e-05 241
1.492363e-05 1228
4.473017e-06 1
1.671868e-06 1
4.143757e-05 1
1.299432e-05 1
1.032086e-05 3733
1.623809e-05 3
5.595171e-06 3
3.339581e-07 1
2.800678e-05 1
5.717159e-05 1
1.624035e-05 1
1.096394e-05 2
6.171778e-05 3
1.858227e-05 3
6.984219e-06 3
1.590858e-06 2
2.954609e-05 1
5.226195e-06 5
2.084568e-05 4
2.659185e-06 1593
1.513124e-06 1
7.566348e-05 1
4.117317e-05 2
1.218989e-05 2
2.655307e-07 2
7.292798e-06 55
1.415065e-05 1258
5.024030e-05 701
1.073365e-06 1
3.112071e-05 31729
2.654564e-06 1
6.535845e-05 2
1.112904e-05 16921
1.426170e-05 87
3.609119e-05 3
4.007104e-05 2
1.360503e-05 1
2.766351e-06 1
9.521306e-06 20
9.501032e-06 1707
7.396675e-05 1
6.290660e-06 1
1.595159e-05 1
2.173235e-05 820
1.364974e-05 6
3.541270e-05 1
3.819607e-06 1
1.122758e-05 1980
6.543592e-05 7
3.182949e-05 2
2.701324e-05 1
1.022605e-06 1
1.029308e-05 2
1.119229e-05 1
8.160619e-06 1
5.185099e-06 14
2.671140e-05 1
3.103322e-05 1
1.532115e-05 834
2.406683e-05 1
2.440239e-06 658320
5.031778e-06 4
1.754351e-05 1
5.692035e-06 6
4.843228e-05 2
5.339622e-05 1
3.437623e-06 1
2.153216e-05 1
1.284113e-05 3
2.559886e-05 2
1.489878e-05 1
2.691769e-05 7
1.687549e-05 1
2.975829e-06 2
1.603110e-05 7
7.610840e-06 1
3.277255e-05 1
3.847440e-05 1
2.269734e-06 117
9.118403e-06 178571
5.244648e-06 267968
8.728850e-06 1
5.846786e-05 1
3.203635e-05 1
7.594560e-07 1
2.973402e-05 1
4.188374e-05 1
7.544021e-06 2
6.244676e-06 4
8.867868e-06 17381
2.477283e-05 947
2.512253e-05 1
8.535543e-06 1
2.873366e-07 398
3.179585e-05 3
2.094429e-06 1
1.582724e-05 2
8.429946e-06 1
2.077305e-05 109
1.943787e-05 3
5.038235e-05 1
8.396964e-06 141
1.910766e-05 2
9.290464e-06 1
4.785512e-06 5
1.072946e-05 1
2.045233e-05 1
2.186103e-05 1
1.755126e-05 1
2.947486e-06 1
8.351997e-06 240
8.571074e-06 1
1.584775e-05 1
4.862051e-07 1
1.407190e-06 1
7.113721e-06 5
1.037595e-06 290004
4.048260e-05 2
8.693833e-06 1
1.636398e-05 2
9.807380e-06 28
5.251920e-05 1
4.417625e-05 1
5.716590e-06 1
3.699341e-05 686
6.152006e-06 63
1.944273e-05 6
1.084885e-05 4
5.045442e-06 1
6.499421e-05 1
1.410868e-05 161
1.879736e-05 24
1.396324e-05 1
2.745042e-05 2
1.576471e-05 1
2.310560e-05 7
7.896183e-06 2
2.125060e-06 1
4.432653e-06 1
2.838785e-05 1
1.207737e-05 1
6.802184e-06 114
4.045770e-06 1
6.079364e-06 6
2.612517e-05 2
1.256377e-05 3
6.839537e-06 3
2.611601e-05 1
3.869534e-06 97
8.006430e-06 3
3.101202e-06 158
1.648025e-05 2
4.591620e-05 1
3.493084e-05 1
2.365208e-05 4
2.954109e-05 6
1.000229e-06 1
6.477331e-06 1
1.071063e-05 1
2.694467e-06 1
4.130824e-05 8716
1.340399e-06 1
7.760536e-06 3
3.125240e-05 5
2.520201e-05 573
7.068282e-06 3
1.167549e-05 1
3.171836e-05 1
2.070099e-05 4
2.627257e-06 1
4.815973e-07 73
5.466036e-06 7
7.104105e-06 5
2.824008e-05 1
1.100229e-05 2
2.412790e-06 3
7.718253e-06 5
2.916738e-05 1
1.299244e-06 1
4.200264e-06 3
1.429484e-05 1
3.431109e-06 50818
4.126825e-05 2
4.767619e-07 369
6.335138e-05 5
6.158144e-05 1
1.462509e-05 1
2.415090e-05 46
4.917473e-06 164
5.092136e-06 1
2.354829e-05 1
7.151090e-06 3
1.655642e-05 6
1.259037e-05 1
1.595011e-05 201
2.647030e-05 3
2.294900e-06 1
2.159862e-05 1
4.699699e-06 1
1.198183e-05 1
2.875957e-05 6
1.597447e-05 1
1.868546e-06 7
1.814076e-05 3
1.052381e-05 1
3.593962e-05 3
6.065280e-06 1
2.527631e-05 6
1.929059e-05 2
4.467648e-05 216
1.784849e-05 5
3.647738e-06 1
1.634217e-05 1
3.307663e-05 242
6.729151e-06 1
3.560995e-05 1
1.038125e-06 286758
4.938745e-06 1
5.019775e-06 3
7.765117e-06 129
1.213637e-06 1
6.724753e-05 1
8.063283e-06 1
6.114141e-06 1
1.967273e-06 1
1.243121e-05 1
8.797966e-06 1
7.029633e-06 1
8.295191e-06 1
1.219196e-05 1
2.801752e-06 1
1.875453e-06 1
6.278869e-06 1
2.985392e-05 2
1.734127e-05 3
5.549301e-06 153
2.022129e-06 1
1.818705e-05 1
8.108922e-06 2
3.732886e-06 2
3.479483e-06 1
3.197301e-05 3
1.486521e-05 233
1.448215e-06 530
2.390253e-05 2
1.159403e-05 5
2.135102e-05 1
2.812875e-05 1
5.462174e-06 1
3.919048e-06 1
9.160251e-06 1
3.338469e-06 1
1.046591e-05 3
1.499219e-05 3
8.494677e-06 1
1.148150e-07 3
1.567204e-05 1
5.816350e-06 6
2.484019e-08 1
9.734304e-06 258
3.223722e-06 3
2.334236e-06 1
2.083923e-05 1
1.106820e-05 1
3.639997e-05 1
4.800911e-05 1
5.230011e-05 3
8.479644e-06 6
1.413888e-05 506
1.701228e-05 1
2.955736e-05 1
4.525398e-06 1
4.616570e-05 1
1.101250e-05 1
1.541326e-05 5
8.548348e-06 1702
2.303021e-06 1
5.928362e-06 1
6.320624e-06 47
7.465236e-06 1
8.881998e-06 3
9.769807e-06 3
8.768450e-06 1
1.353593e-05 2
2.358255e-06 2
3.047563e-05 1883
1.259461e-05 1
1.828743e-06 2
4.482547e-05 2
4.199896e-06 1
1.554325e-05 2
1.472763e-05 1
2.862275e-05 1
2.114812e-05 1
1.000873e-05 1304
6.288058e-06 253
3.594958e-06 5
5.179280e-05 3
2.513762e-06 1
2.847391e-06 5
1.153662e-05 1
1.884160e-05 7
4.339132e-05 2
1.428126e-06 2
1.591178e-05 1
4.209138e-06 25438
3.926677e-06 1
8.061537e-06 1138
1.191303e-05 1
4.152141e-06 2
1.263065e-06 1780
2.871920e-05 1
3.026116e-05 728
3.118355e-05 1
3.604358e-06 1
8.997851e-06 3
1.817637e-05 1
6.506087e-05 1
2.407890e-06 7
2.220881e-05 1
1.414963e-05 1
9.409088e-06 1
1.040726e-05 1
5.961885e-06 1
5.047480e-06 1
1.396169e-05 3
2.702551e-06 1
7.366702e-06 3
1.899457e-05 1
2.321449e-05 1
3.958772e-06 386
2.505397e-08 5
4.125961e-06 5
9.232942e-06 1
1.925100e-05 201
2.515716e-05 3
6.707075e-07 5
2.496398e-05 1
4.261978e-05 6
9.203718e-06 1
1.221131e-05 1
4.347500e-05 1
5.227679e-05 2
7.778160e-06 589
1.128495e-06 2
1.658050e-05 6
4.370275e-06 3
1.287930e-05 2025
9.769190e-06 16
7.901426e-08 1
4.304156e-06 6
1.558136e-05 1
1.304158e-05 1
4.461287e-06 6
8.102165e-05 245
2.419494e-06 1
7.426149e-06 7
1.588500e-05 1
2.708120e-05 182
2.310350e-05 3
1.406742e-05 2
1.775713e-05 3
1.201548e-06 1
5.955542e-07 2
1.330602e-06 1
8.570645e-06 1
2.467218e-05 56686
6.885313e-06 4
1.171632e-05 1
2.942771e-05 1
2.581860e-05 71
3.400389e-06 193
1.728311e-05 1
6.665399e-06 5
3.859598e-06 245
1.697475e-05 1
3.333185e-05 2
6.078978e-06 1
1.035263e-05 2
3.576126e-05 41374
3.200500e-06 29783
5.924561e-06 26981
2.085951e-05 1
1.596842e-05 1
3.672516e-06 4
9.208064e-06 3
2.932081e-06 2
1.106977e-05 1
2.436628e-05 3
4.229966e-05 5
8.301329e-06 3
1.104363e-05 2
3.907470e-05 63392
1.769099e-05 1
1.826141e-05 1
2.461548e-06 1
3.897309e-06 1
1.630712e-05 36437
1.314659e-05 3
2.084699e-05 194
1.691143e-05 1
9.986006e-06 1
1.898887e-05 1
3.151139e-06 1112
1.325092e-05 1
1.137925e-05 1
2.353861e-06 1
5.394441e-06 51859
8.283910e-06 1
2.133451e-05 1252
7.493149e-06 1
2.159213e-06 2
3.113038e-05 4
8.602850e-06 1
2.016465e-05 1
1.054276e-05 3
1.490557e-05 1001
1.154402e-05 1
9.790346e-06 3
3.436421e-05 106
4.183170e-06 3
4.511317e-06 3
1.069290e-05 2
3.523520e-06 1
1.891323e-05 122
1.718347e-05 198
3.147345e-05 1
5.166794e-06 1
1.971672e-08 1
4.757738e-07 1
2.174697e-05 1
1.132314e-05 10283
4.073851e-05 61612
1.147470e-05 1
1.633898e-05 1
5.320051e-06 1
8.898029e-07 1
3.534207e-05 2
2.561807e-06 168
2.518925e-05 1
1.202309e-05 5
1.387304e-05 2
1.025251e-05 1
2.982741e-05 1
1.375796e-05 1
6.473098e-06 1
4.029633e-05 2
7.262697e-06 3
2.689328e-05 1
5.107363e-06 1
1.772528e-05 1
2.909215e-06 1
1.261597e-06 1
1.014386e-05 3
3.431155e-05 1
5.495623e-05 11362
2.427150e-05 1
2.936766e-06 1
2.669902e-05 1
1.598024e-05 2105
3.748609e-05 7
1.960722e-05 2
1.519296e-06 1
5.767766e-05 135
9.253082e-06 3
1.409338e-05 1100
1.817780e-05 1
1.256605e-05 1
6.661777e-06 1
4.171564e-06 80
1.679547e-06 1
2.620382e-06 42201
4.818439e-07 5
4.908887e-06 1
1.127167e-05 1
1.099817e-05 1
3.366820e-06 1
4.921339e-06 2
1.983467e-05 1
8.032660e-06 1
8.108079e-06 2
2.454758e-05 3
1.564268e-05 1
1.824467e-06 3
1.963592e-06 7
1.488361e-05 2
5.129105e-07 1
2.135729e-06 2
1.121257e-05 5
1.009641e-05 3
1.084857e-06 1
2.921844e-05 1
5.401544e-05 1
2.830251e-05 2
2.313344e-05 6
9.009908e-06 1
2.213132e-05 1
2.402143e-05 1
8.834892e-06 1
2.331527e-06 1
4.830751e-06 2
2.143312e-06 4
1.839915e-05 1717
1.270571e-05 1
1.260058e-05 2
1.448589e-05 3
1.311538e-05 2
8.563833e-06 4
4.449875e-06 1
5.068365e-06 2
1.261819e-05 1
2.236805e-05 23
3.155745e-06 1
9.701877e-06 1
2.329619e-05 1
2.647415e-06 1
6.991513e-06 1
3.345844e-06 7
3.499828e-05 3
1.303469e-05 1
1.109333e-05 3
4.269642e-06 1
1.955211e-06 1
2.297748e-05 36107
5.733456e-05 1
2.063817e-05 5
4.150536e-06 22680
5.739589e-06 4
1.794396e-06 1
3.839552e-06 2
2.464817e-05 3
2.966421e-06 1
1.170143e-05 1
1.029181e-07 1
5.126284e-06 2
6.369986e-05 1
5.703857e-06 1
4.212315e-06 1
3.130778e-06 1
4.919506e-05 1
3.194180e-06 2
5.572480e-05 1
1.022013e-05 1
3.209843e-05 1713
1.488361e-08 1
5.340862e-07 1
3.225684e-06 1
1.125360e-06 1
1.956815e-06 3
2.233196e-05 447
1.580990e-07 1
1.550375e-05 3
6.479443e-06 1
7.392223e-06 6
2.497734e-05 2
2.831086e-05 136
1.128690e-05 1
2.258503e-05 1
1.923170e-05 1
2.108761e-05 1
3.286660e-06 1
1.135924e-06 3
7.395889e-07 1076
6.781218e-06 2009
1.434829e-06 1
1.032919e-05 1
9.276644e-07 6
3.160096e-05 3
1.286835e-05 1
4.656814e-06 114
7.926537e-07 1
8.564845e-06 1
1.240149e-05 1
1.277255e-06 2
7.088491e-06 3
5.645478e-06 2
2.888362e-05 1
2.204891e-06 960
1.783483e-05 1
4.709815e-06 10452
2.399165e-05 1
3.096776e-06 1
7.712454e-07 1
6.380892e-06 107
9.529756e-05 1
1.510927e-05 3
1.150331e-06 5
2.934299e-05 569036
2.269443e-05 72
1.118101e-06 818
3.125666e-05 3
7.682829e-06 217
4.487556e-06 53170
1.164341e-05 3
1.402431e-05 1
2.519612e-06 819
2.051526e-05 1
1.400893e-05 10
9.410416e-06 1
2.564604e-05 1
2.492090e-05 3
2.635823e-05 1
2.971908e-06 1
5.310668e-05 3
7.539945e-06 6
1.137642e-06 1
2.889775e-05 2
3.639385e-06 3
5.137074e-06 1
4.344852e-05 6
1.171401e-05 4
2.808881e-05 3
3.881637e-05 1
2.386522e-05 1
1.758803e-06 1
3.051295e-05 1
2.005484e-05 1
1.749729e-06 1
4.795116e-05 2
4.233202e-07 1
2.492802e-05 124
1.243075e-06 1
3.514282e-05 1
1.875112e-05 2
2.174540e-05 215
1.353683e-04 1
5.316628e-05 211
9.207743e-05 177
4.054310e-05 1210
1.402639e-05 1
5.819793e-06 1
3.940414e-06 1
1.402120e-06 2
2.245979e-05 3
1.685122e-05 3
1.836023e-05 2
1.187855e-05 1
3.200797e-05 3
3.222364e-06 26410
1.201442e-05 1
6.645070e-06 3
1.605993e-05 1
1.253776e-05 7
2.409080e-05 1
5.413734e-06 5
7.713039e-06 3
1.069902e-05 6
7.730929e-06 8693
1.671056e-06 1
6.615508e-06 2
4.430618e-05 7
1.348220e-05 1
6.532881e-05 1
2.540468e-05 1
3.106819e-07 1
3.988707e-05 3
1.885530e-06 1
5.316111e-06 1
1.127592e-05 1
1.301625e-05 1
6.366406e-06 1
7.669167e-06 1
5.900585e-06 1
1.147298e-06 64537
5.786580e-06 1
7.252973e-06 1
3.075959e-06 3
9.527900e-06 4355
9.800102e-06 44292
3.720753e-05 1
9.914068e-06 1
1.178550e-05 1
7.513939e-06 3
5.622676e-06 1
5.560211e-05 41713
1.365295e-06 6
8.960160e-06 1
9.653450e-06 1
2.789783e-05 10990
9.049552e-06 100
1.000094e-05 3
1.175551e-07 1
3.624600e-06 1
4.176880e-06 1
1.404167e-05 7
8.161940e-07 1
2.589115e-05 1
3.308709e-06 1586
4.209222e-06 17
8.035448e-05 1760
2.014477e-05 160
3.880789e-06 149
1.749760e-05 3
5.029950e-05 79
4.057736e-05 115
2.606414e-05 3
2.996718e-06 3
2.695577e-06 1
2.720776e-05 1
6.293766e-06 2
2.499372e-05 1
1.441414e-05 1
9.820765e-06 1
4.030877e-06 1
1.070443e-05 2
3.251793e-06 1
4.977500e-06 6
1.276472e-05 6
7.309231e-06 2
1.503744e-05 1
3.490300e-06 3
4.716012e-06 1
2.718129e-05 1
6.729905e-06 1
8.995199e-06 1373
3.110792e-05 3
5.380973e-06 1
8.786499e-06 1
1.362491e-05 6
1.793776e-06 65637
3.394083e-07 1
3.126710e-05 1
5.775497e-06 6
1.268560e-05 1
2.890870e-05 1604
3.042574e-05 2
3.685185e-06 1
6.450310e-05 6
8.427543e-06 1
1.138071e-06 1
7.817775e-06 1
4.917965e-05 21
3.670298e-05 7
5.181926e-06 1
1.611107e-05 2
5.113698e-06 2
4.834884e-06 2
1.303013e-06 1
1.975913e-06 1
1.590606e-05 7
7.675904e-06 1
1.738368e-05 280
5.899515e-05 1
1.695982e-06 2
1.026799e-05 1
3.351431e-05 452
1.109804e-05 3
9.245521e-06 1
9.889635e-06 1
1.006249e-06 4
2.266742e-05 3
9.425161e-06 1
2.639918e-05 1
9.064168e-07 22
5.603971e-06 1
2.776836e-06 1
1.124455e-06 7
7.492054e-06 17
5.875257e-05 2
1.869041e-06 1
1.024763e-05 1
3.697592e-05 61
2.310511e-06 307
1.101272e-05 1
1.172928e-05 1
1.939824e-06 206
3.130707e-05 2
1.566175e-05 5
2.387319e-05 1
4.570201e-05 3
7.423796e-06 193
3.972182e-05 99
7.374989e-06 2
4.363790e-05 2
3.392351e-05 1
1.294396e-05 1
2.340192e-05 6
5.725049e-06 2
1.260715e-05 1
1.452741e-05 608
1.925825e-05 1
2.499600e-05 1
1.260610e-05 3
1.647868e-05 2
1.013454e-06 1
5.787989e-06 2
2.470400e-05 3
7.809869e-06 157
1.795104e-05 45343
6.154524e-07 1
9.035986e-08 469
2.456420e-06 1
2.894711e-05 1
1.132362e-05 6
5.726998e-07 6
3.821818e-06 647757
4.434775e-07 1
5.757311e-06 3
2.775820e-05 1
1.996869e-07 45106
4.476533e-06 1
1.433819e-05 1
1.024496e-05 1
8.490029e-07 1
3.498318e-07 258
1.372571e-05 1
1.861706e-06 100
7.030684e-06 3
6.120897e-06 296
1.110459e-05 1
6.100552e-07 6
6.831967e-06 1
6.537440e-08 1606
9.512415e-06 1
2.078129e-05 1
1.488479e-05 5
7.001414e-05 1
7.344320e-05 1
2.235382e-05 1
1.626909e-06 18
7.391170e-06 6
6.159613e-06 1
9.106220e-06 5
3.220729e-05 1
6.940846e-06 1
1.368161e-05 2
1.099997e-05 6399
2.642888e-05 1
3.741211e-05 4
1.233264e-06 256
1.552835e-05 2045
2.654001e-05 2
3.121157e-05 1
1.189888e-06 177
4.141843e-07 1
5.107835e-06 1
5.600232e-07 3
6.308714e-05 477809
1.034825e-05 232
8.780721e-06 1
1.619189e-06 2
1.184858e-05 8009
8.251629e-06 650
2.275601e-05 1
3.344590e-06 1
1.853930e-05 1
1.072255e-05 7
8.563167e-06 2
2.224899e-05 1
9.216185e-06 1
5.743321e-06 1
1.050432e-07 4
8.947090e-07 1
3.261630e-05 1
1.139794e-05 1880
1.402507e-05 1
4.093537e-05 1
3.938726e-05 2
2.894078e-05 3
8.808850e-06 1
2.255232e-05 1
6.143978e-06 2
1.017276e-05 1
3.355946e-06 5
2.969241e-06 1
4.568587e-07 7
2.876879e-05 5
1.799843e-05 1
1.837601e-06 1
2.280209e-05 1
1.839768e-06 1
2.839948e-05 4
1.215497e-05 1
3.493558e-06 3
4.300328e-06 1
1.691768e-05 3
4.505831e-06 57
1.296986e-05 4
2.274357e-06 6
1.940940e-05 1
4.393287e-06 1
3.664231e-07 3
3.116474e-05 441
1.157191e-05 1
2.138626e-06 1
5.576049e-05 40868
2.393571e-05 1
5.388166e-07 1
1.989315e-06 1
3.478060e-06 32379
2.117543e-06 2
2.757264e-06 3
1.280620e-05 1
3.141524e-06 5
4.631421e-05 7918
2.651331e-05 6
1.420235e-05 1
3.566601e-06 3
8.081465e-05 4
1.079259e-05 1
1.450976e-05 1
2.471243e-05 3
4.221236e-06 1
7.738000e-06 1
6.235279e-06 6
1.602960e-05 1
1.492709e-06 3
1.069037e-06 3
4.416498e-05 1
1.364449e-05 1
5.587898e-05 2
3.372312e-06 7
4.482096e-05 2
4.179669e-06 1708
2.058693e-05 1
1.588990e-06 5
3.072129e-05 3
5.239778e-06 1
1.710922e-05 3
5.472466e-07 1
3.678768e-05 1
4.538239e-05 1
9.652556e-06 1
5.414339e-06 19
4.574232e-05 2
4.001958e-06 1
2.379143e-05 142
5.944422e-06 4
5.442344e-06 249
6.270449e-06 3
2.915431e-06 114
5.556355e-05 2
6.776098e-06 2023
6.819583e-06 201
1.151569e-05 1
6.561845e-06 1
3.736293e-06 1
1.724789e-05 6
1.616538e-05 1
2.516214e-05 3
1.418721e-05 937
2.125092e-05 2
2.167101e-05 1
2.852338e-05 2
2.349632e-06 1
1.311376e-05 1
1.032334e-05 1
1.275861e-05 1
2.161592e-05 1
1.526100e-06 2
1.606973e-05 1967
2.298673e-05 1
8.683814e-06 1
1.761389e-06 2
3.724719e-05 5
4.703261e-06 1
8.230124e-06 1477
2.485789e-06 7
7.183342e-06 16711
3.330155e-05 7
2.442939e-06 36
9.391430e-06 1451
1.329876e-05 7
3.065421e-05 2
2.193724e-06 1
2.718321e-05 2
3.755333e-06 816
1.434233e-05 3
6.006108e-06 2
1.071702e-05 3
5.344871e-05 1
1.160212e-05 6
1.011308e-05 1
3.306471e-05 1968
1.988422e-05 4
2.192353e-06 3
2.860836e-06 6
7.619922e-06 1
1.260852e-05 1
1.166294e-05 1
1.321472e-05 1
8.397992e-06 177
1.317169e-05 1
4.336981e-05 2
3.347520e-07 1
7.210188e-06 1
8.592358e-06 2
7.922019e-07 237
6.194354e-06 3
6.765790e-06 1
1.578720e-05 1
1.049419e-06 1
1.624925e-05 1
1.281203e-05 3
5.518331e-06 3
7.219359e-06 1
3.510805e-06 38
8.556133e-06 911
1.404418e-05 1
2.304745e-05 1
5.402222e-06 149
3.131443e-05 3
1.355139e-05 3
2.093804e-05 1
4.611552e-05 3
1.953834e-06 1
7.883558e-06 3
1.434787e-05 1
7.979079e-06 2
1.389612e-05 1
4.795520e-05 2
4.738968e-06 1
2.265563e-05 4
1.021277e-05 7
1.932357e-05 2
1.543665e-05 1
1.440013e-05 1
7.065300e-05 1579
2.199376e-05 2
1.854230e-05 78701
8.433410e-06 1
4.288604e-06 1
2.647643e-06 6
1.552990e-05 33112
4.302706e-07 1
1.414539e-05 1
2.937536e-05 1
1.349980e-05 5
8.837825e-07 1
6.312075e-07 1
3.748436e-06 2
7.016104e-06 2
3.926012e-05 1
2.547329e-05 600
1.797675e-05 43810
8.168008e-06 1
6.896802e-05 1
3.845058e-05 3
2.436348e-05 1
2.069358e-05 1
4.877033e-06 465473
1.518003e-05 3
1.962816e-05 3
1.132798e-05 3
1.939920e-05 2
2.430096e-05 218
4.177903e-05 1
2.649562e-05 1
4.283558e-06 4
3.915039e-06 3
2.749681e-05 1
5.128138e-06 1
5.973978e-06 1
1.947259e-05 2
5.464753e-06 1
7.980074e-06 1
1.114230e-05 1
1.485801e-05 1
8.449747e-08 2
1.148901e-05 1691
2.873664e-06 1
6.329607e-06 1
5.449837e-06 1
3.887382e-05 119
1.354948e-05 11743
2.579678e-05 3
1.026397e-05 1
2.172210e-05 3
5.251456e-06 1
1.348806e-05 3
2.107008e-05 1
9.486886e-07 2
3.008816e-06 1
3.334084e-05 34935
1.363062e-06 15434
2.025093e-05 1
1.024139e-05 56668
4.243134e-06 5
2.595614e-06 123
9.618285e-06 1
8.461779e-05 1
9.568192e-06 1
5.163053e-06 1
8.750562e-07 85
1.204143e-05 5
5.199709e-05 114
1.002661e-05 65
6.557803e-06 1
4.833928e-06 3
2.234098e-06 3
2.240754e-05 4
1.337053e-05 1
6.114866e-07 2
2.016497e-05 7
3.184431e-06 1
4.857828e-05 1
2.267409e-07 1
1.647418e-05 59219
1.607948e-05 1
1.298024e-06 1
9.614095e-06 1957
7.290284e-06 3
1.385066e-05 2044
3.085968e-06 615583
2.005274e-05 2
2.125425e-06 66521
3.045227e-06 1
1.580049e-05 1
8.678378e-06 146
1.084202e-05 119
3.669342e-05 2
3.899903e-05 1
1.479127e-05 1
2.266282e-06 1
2.989854e-05 1
1.011483e-05 1
1.896955e-05 1
3.752858e-05 3
4.914768e-06 219
4.601638e-06 1
2.417456e-05 3
4.440339e-06 1109
1.179653e-06 3
9.639343e-06 2
8.348865e-05 1
3.118197e-05 1
9.993554e-08 1
2.712241e-05 1
7.361872e-06 1
1.498509e-05 612
1.211075e-05 1
5.889380e-06 1
8.276620e-08 1
1.054242e-05 1
3.761996e-06 5
9.746093e-06 5
6.913120e-06 1
1.985429e-05 1
6.688156e-06 1
1.274722e-05 3
2.048815e-05 3
1.314827e-05 1
1.581327e-05 3
6.433808e-06 24
3.321720e-06 121
2.716496e-05 1
5.076497e-06 3
4.157916e-05 1
5.667360e-07 1
4.885169e-06 1
2.727010e-05 2
2.462638e-05 6
1.519322e-05 1
2.064209e-07 2
7.967089e-06 146
3.563364e-05 1
1.990140e-05 1
5.512556e-05 1
2.547331e-06 3
1.334893e-05 7
5.344199e-05 3
4.623427e-06 56466
7.180367e-06 1
1.322003e-05 3
3.415854e-05 3
1.568230e-05 267
1.443681e-06 1
7.932537e-06 1
2.645533e-05 1
3.758925e-05 5
9.556973e-06 2
3.227565e-05 1
8.475464e-07 1
4.124240e-06 1
2.320366e-05 1
2.532338e-06 3
5.912421e-08 2
1.433498e-05 1
8.205452e-07 2
4.915255e-05 3
1.631861e-06 36770
7.091851e-06 3
1.980878e-05 1
1.978550e-06 3
7.988917e-06 1
3.752517e-05 1
5.311169e-06 1
2.689230e-06 3
4.976170e-05 249
1.930824e-05 105
1.251017e-06 69
1.270274e-05 1
1.784070e-05 18124
3.875969e-06 1
6.360053e-06 3
6.462118e-08 126
1.509612e-06 2
2.276799e-05 5
1.061518e-05 1
1.207909e-06 99
8.372342e-06 5
9.202065e-06 1
3.838583e-05 3
3.312770e-06 2
4.014380e-05 24887
7.897850e-06 1
4.496699e-06 2
2.071637e-05 1
4.288279e-06 180
8.681916e-06 5
2.604718e-05 1
1.436037e-05 1
2.255720e-05 20736
7.834954e-08 521
1.144994e-06 1
7.781851e-06 3
7.537663e-06 3
4.454768e-06 2
1.532631e-05 71
2.555014e-05 3
2.719069e-06 2
2.126058e-06 2
8.734324e-06 6
8.531074e-06 45
3.248779e-06 1
2.003648e-05 1
6.890191e-06 5
4.018943e-06 1
2.066215e-05 3
1.945515e-05 1133
2.460361e-06 6
5.751335e-05 54682
1.165143e-05 638446
5.978697e-05 1
2.202634e-05 1
1.924896e-05 1
1.150604e-05 1
7.385439e-06 1
1.810087e-06 1
7.705703e-06 4
1.899134e-07 3
2.398551e-05 292107
1.203465e-04 5
6.499664e-06 7
1.599549e-05 1
2.989567e-05 3
1.955901e-05 1
8.627049e-06 137
1.166786e-05 1
1.112268e-05 222
8.345737e-06 2
1.821491e-07 108
5.231059e-06 6
1.890832e-05 537
3.274049e-06 1
4.926552e-06 3
9.143725e-06 1
4.311677e-07 6
4.309557e-07 1
5.227257e-05 1
3.793904e-06 133
1.868442e-05 1
1.149841e-06 1
2.223359e-06 3
1.498898e-05 1
3.563922e-06 1
1.084524e-05 1
6.906703e-06 2
6.160523e-05 1
1.584826e-05 6
2.591785e-05 488
1.743692e-05 1
1.533442e-05 1842
2.474650e-05 1
3.878977e-05 7
3.784128e-06 1
1.692878e-06 1
6.746309e-06 563
8.532749e-06 2
7.792316e-07 1684
2.624469e-05 5
1.703017e-05 45788
5.302694e-06 950
1.255287e-05 1
1.368566e-05 1
1.288924e-05 227
1.126404e-05 1
1.694476e-05 1
2.763944e-06 1
6.475155e-06 1
1.932000e-05 1
4.794962e-06 1
1.739284e-05 56851
1.435653e-05 1
2.769245e-05 113
9.956553e-06 1166
5.679073e-06 1
1.277097e-05 3
3.795491e-08 1
5.901442e-05 3
2.932508e-05 88
2.457024e-06 1
2.785092e-05 3
2.257568e-05 1
7.884121e-06 6
3.143990e-05 1
4.398211e-06 1
6.732685e-05 441680
1.491488e-06 147
3.098802e-06 3
4.712502e-05 4
5.585324e-06 1
1.959765e-05 5
6.712664e-08 2
4.558227e-06 1
8.215469e-06 3
1.980499e-06 3
1.074082e-05 7
1.593654e-05 7
2.705724e-07 1
2.923051e-07 1
1.062766e-05 2
2.678465e-05 1
1.315869e-05 27
1.165507e-05 1
1.142153e-05 51
5.057562e-06 1
2.212532e-06 1
9.623827e-06 258
3.253365e-05 3
7.445125e-06 19479
2.728823e-06 1
8.485057e-06 2
5.036871e-07 1
8.737952e-05 1
2.987750e-05 1
