2.916342e-05 1
1.531569e-04 266
1.664544e-04 1
1.065834e-04 38
8.863628e-05 154
6.354968e-05 1
3.619528e-04 2
1.675219e-04 2
2.492775e-04 1
1.205722e-04 3
7.699529e-06 1
2.634651e-05 3
2.563998e-04 6
8.284422e-06 1451
6.003948e-05 1
1.910122e-04 1
9.256263e-05 1655
1.853748e-04 1
1.689708e-04 1
1.497969e-04 3
1.385572e-04 416819
9.326832e-05 2
2.458117e-04 37
1.726959e-05 1
3.491289e-04 1
1.420589e-04 1763
8.685241e-05 987
3.669769e-05 1
4.692009e-04 3
2.912315e-04 3
4.442208e-05 1
2.084174e-05 11086
3.816934e-04 1
2.917870e-04 7
7.199296e-04 1
1.358222e-04 1
2.962857e-04 7
5.238195e-04 1
1.062548e-04 1
3.837045e-05 3
4.799269e-04 7
4.353217e-04 811
6.486400e-05 3
4.074022e-04 7
1.500014e-04 61
3.547255e-05 1
4.550787e-04 3
3.952687e-06 1
4.256310e-04 7
1.849735e-04 1
1.675451e-04 101
2.643317e-04 1
2.393354e-04 921
3.723103e-04 1
6.099168e-05 3
4.920715e-05 1
6.844580e-05 1
5.263191e-04 1
1.207516e-04 110
2.392960e-04 1
1.228366e-04 2
2.261854e-05 2
6.093734e-05 1
1.096725e-04 1
4.204525e-05 1
9.973208e-05 254
4.104785e-04 1570
4.686188e-04 1
2.508079e-04 449
3.159241e-05 6
3.839873e-05 31027
1.046773e-04 93
1.023655e-03 1
4.037070e-05 1
1.131606e-03 1
1.556993e-04 554
9.290715e-04 6
6.767507e-04 3
2.602654e-04 2
1.171568e-04 1
2.734477e-04 1
3.083049e-06 1
3.868369e-04 32
4.832748e-04 6
4.343083e-04 1
8.356581e-05 73
7.845427e-06 1
4.394193e-05 5157
6.409326e-05 1
2.717821e-04 1
1.831135e-04 2
3.258673e-04 1
7.583633e-04 66
1.152852e-04 1
1.571951e-04 1
1.335870e-04 3
3.285181e-04 1
4.268169e-04 3
4.262351e-05 1
2.335687e-04 1
1.570374e-04 1
3.911795e-04 1
2.166764e-04 1
1.247197e-03 266
2.686282e-04 28058
4.629551e-05 229
1.457744e-04 1
1.147555e-04 2
6.289174e-05 1311
2.649209e-04 1
5.575961e-04 62
3.443752e-04 1
2.379241e-04 876
3.179634e-04 1
2.193645e-04 3
1.135571e-04 1
1.877602e-04 1
2.399375e-04 1
3.068499e-04 1
1.479947e-04 6
7.255097e-05 1
4.945987e-04 2
5.291162e-05 1
1.378996e-04 60731
1.982791e-04 3
6.497145e-04 1907
1.759778e-04 1
4.623806e-05 1
3.249988e-04 132
1.942527e-04 1
2.489141e-04 1
2.988073e-04 3
3.343868e-04 4
2.283841e-04 1
4.494676e-05 35040
4.297467e-05 3
8.925229e-06 4
1.659289e-04 1
3.200682e-04 1
3.051795e-05 1
3.874926e-04 2
1.642576e-04 3
1.826903e-04 16286
2.295283e-04 1453
2.613473e-04 4
5.669558e-05 1
2.265068e-04 3
6.647364e-04 145
7.248837e-05 1
3.732253e-05 708
3.748300e-04 720
2.661691e-04 3
1.582203e-04 1
1.088388e-04 68
1.230974e-04 1
5.979594e-05 1
1.086316e-04 1
1.224218e-05 6
2.127638e-05 200
3.981578e-04 2
1.486733e-04 1
7.923416e-07 1430
4.366022e-04 1
2.851711e-04 3
1.762366e-05 3
1.219164e-04 1
1.142484e-05 3
2.360733e-04 2
8.631322e-04 6
2.588004e-04 5
2.045307e-04 42084
3.185415e-04 7
6.764942e-05 1
2.609018e-04 1
3.173554e-04 6
2.534671e-04 6
5.133847e-04 1
4.095931e-05 169
5.215596e-04 1
4.328355e-04 2
1.093087e-04 2
7.135072e-04 1
4.397896e-04 1
2.728937e-04 1
7.841548e-04 2
6.521102e-05 1
6.159773e-05 1
4.967579e-05 1
1.134564e-05 1
1.092541e-05 1
1.369377e-04 1
1.819627e-04 2
2.778215e-04 1
4.089137e-04 1
4.717222e-05 1
6.281244e-04 3
5.611121e-04 146
1.755588e-05 7
4.985641e-04 1
4.505081e-04 1
1.111015e-04 1
3.073245e-06 1
4.365615e-04 6
4.120592e-05 3
6.633524e-06 175
1.418164e-05 80
2.436267e-04 1
2.665776e-04 2
1.508938e-04 1
1.296767e-04 6
1.417472e-04 3
6.633066e-05 6
5.126793e-04 3
2.405937e-04 1
4.745935e-04 1
1.767870e-04 32585
3.548268e-04 1
5.231847e-04 156
7.970542e-05 1
2.151867e-05 312096
1.569200e-04 1
5.177312e-05 1
1.938138e-04 4
3.793438e-04 2
4.999907e-04 1
1.536879e-04 1
3.123670e-04 1
4.609519e-04 1
3.095941e-04 1
3.527150e-04 164
1.728592e-05 2088
1.172690e-04 1
1.984211e-05 1
5.043408e-04 46
1.085611e-04 1
7.037543e-04 1
9.817312e-04 1
2.075351e-05 1
6.265790e-05 7
6.638400e-04 494
1.309455e-04 19410
2.023722e-05 1
4.831406e-05 1
4.109148e-04 7
2.539340e-05 13
6.052531e-05 1
1.249631e-04 1
5.782767e-05 2
1.502393e-04 1
3.699801e-05 1
6.044518e-05 3
4.535310e-04 181
3.564969e-04 183
3.198768e-04 3
1.345206e-04 6
1.748436e-05 1
2.619171e-04 51831
1.163980e-04 1
2.145038e-04 5
1.373397e-05 3
7.675254e-04 3
1.720442e-04 1
3.895270e-04 183
8.301202e-05 4
7.273750e-05 1
2.501945e-04 35015
2.113983e-04 2
8.454368e-05 4
4.023582e-04 1
3.301824e-04 2
2.228107e-04 1
1.034565e-04 1
3.964815e-05 3
2.259310e-04 2
6.090614e-05 1
1.983435e-04 3
3.850545e-04 1
3.604273e-05 1
7.001225e-05 1
4.363975e-04 146
1.108425e-04 121
5.308714e-04 2
8.711030e-05 1
8.514681e-05 3
1.819161e-04 6
7.758166e-05 1
8.638519e-04 1
1.530057e-04 1
3.005224e-05 47310
1.085025e-04 1
1.290389e-05 1
3.772623e-04 1
3.220097e-04 1
4.855626e-05 4
6.670357e-04 1
4.588778e-05 1180
1.157946e-04 1
6.886271e-05 1
7.428163e-05 1
1.734874e-04 1
1.616461e-04 1
1.358038e-04 7
4.569775e-04 3
1.491511e-04 1
2.831371e-04 229471
4.366355e-05 1
5.970130e-05 2
2.006085e-05 2
8.456119e-05 1
2.521665e-04 1
6.798361e-05 1
1.407994e-04 1
2.177584e-04 1
1.922073e-04 1
6.833781e-05 257
1.045184e-03 5
7.594433e-06 2
8.506564e-04 4
1.365420e-04 59
2.860869e-04 646206
2.545046e-06 1
1.974702e-04 289302
2.362243e-04 1
1.490170e-04 1
1.921961e-04 1
6.430779e-05 2
4.085018e-05 1
4.014137e-04 1
1.950959e-04 146950
1.448130e-03 1
9.000879e-04 1
2.234416e-04 1
2.295798e-04 1
1.385308e-04 1
6.488241e-05 7
8.990254e-05 5
9.788527e-06 1
2.227931e-05 3
5.957473e-04 3
4.332919e-04 1
2.758853e-04 1998
2.913429e-04 1
5.477516e-04 4
2.172922e-04 3
1.107663e-05 1
7.410949e-04 4
1.307107e-05 3
2.216358e-04 59145
1.158430e-04 2
5.116086e-05 1
3.923277e-04 1
8.879048e-05 1
6.096662e-05 1
6.484890e-04 1
8.683738e-05 92
1.157617e-04 1
9.777072e-05 1
5.811507e-04 5
8.187254e-05 1
3.910507e-05 3
1.204504e-04 1
8.439094e-04 1
1.721454e-04 1
6.887433e-05 1
1.387790e-05 1
1.661958e-04 1
4.698643e-05 25
2.301428e-04 32641
5.606376e-06 1
1.602626e-04 3
6.437199e-04 33068
1.182979e-05 3
3.609477e-04 1
8.722746e-05 5
3.052010e-04 697
1.934950e-04 1
3.701771e-04 2
2.228915e-05 1
3.019953e-04 1
2.426830e-04 2
1.264604e-04 1
2.000570e-04 1
1.609528e-04 1
9.245498e-05 1
1.804653e-04 7
3.506736e-04 3
1.821159e-04 546653
5.136233e-04 1
1.350434e-04 109
1.124565e-04 1
8.176260e-04 3
1.549794e-04 1
8.421700e-05 254
1.311426e-04 1
2.627424e-04 1
1.369537e-03 27098
5.887041e-04 3
2.573557e-04 9110
2.715316e-04 2
1.238282e-04 1
4.121238e-05 1
2.250116e-05 87
1.540130e-03 6
1.833100e-04 1
3.856697e-04 3
1.402108e-04 1
1.362856e-04 1
5.638939e-05 1
5.358633e-05 1
4.019100e-04 1
1.867247e-04 71
1.136857e-04 66526
3.083315e-04 1
1.197648e-03 1139
2.347839e-04 1647
1.679595e-04 1
1.149764e-04 5
2.155186e-04 1
6.024381e-04 2
2.878899e-04 1
1.660741e-04 3
4.339180e-05 1
3.977848e-04 3
1.250126e-04 1
3.366541e-05 458
2.157432e-04 1
3.894344e-05 1
9.935543e-05 1
6.375968e-05 145
5.178295e-06 4148
3.968085e-04 909
8.359897e-05 2
6.526074e-06 1
1.223707e-04 1203
2.011532e-05 145
4.077569e-05 6
3.131577e-05 3
4.877103e-04 1
8.668605e-05 1
5.966398e-04 6
3.052158e-04 2
1.960669e-04 105
8.185737e-05 207
7.041711e-05 2
2.472736e-04 2
2.342243e-04 291
2.216073e-04 1
2.321384e-04 5
4.130149e-04 1
1.851300e-04 2
8.540664e-05 1
5.810181e-05 1
4.534431e-04 221
7.268530e-07 7
2.280114e-05 1
3.875992e-05 1
2.527992e-04 6
7.837349e-05 1
3.379142e-05 230
1.048114e-04 57060
7.974845e-05 1
2.363299e-04 33
4.047666e-04 1
1.501539e-04 3
1.626099e-05 1
4.125906e-04 1084
9.909438e-05 2
2.694955e-04 1
5.156184e-05 1
1.239377e-04 1
4.544694e-05 62226
1.830175e-04 1
1.007872e-03 86
1.378484e-04 1
4.176473e-04 1
9.563154e-04 5
1.102730e-03 44782
1.965637e-04 45285
1.508097e-04 1
4.985500e-04 7
7.412736e-05 5
7.562884e-05 4
4.736867e-06 1
3.978361e-04 1
1.356474e-04 3
2.052296e-04 1
2.972201e-04 100
3.826691e-04 1
1.366756e-04 1
1.079219e-06 1
1.284264e-04 1
5.497055e-04 1
4.299549e-04 2
1.104655e-04 2
3.724208e-04 1
6.352365e-05 2
2.866611e-05 1
4.675756e-05 1
4.887870e-04 1
1.459598e-04 2
5.569133e-05 1
2.707748e-05 1
6.142217e-04 3
3.217321e-05 1
1.329322e-03 213
8.711147e-05 7
3.124882e-04 2
3.354661e-04 1
5.575823e-04 1
1.913538e-04 1
1.134552e-04 1
1.166031e-04 1
4.226992e-05 47133
3.906891e-04 7
2.738397e-04 1
6.552835e-04 1
8.848964e-04 6
8.360016e-04 62737
3.440657e-04 56501
6.210362e-04 221
7.896953e-05 626
3.298196e-04 3
3.899173e-04 74
2.684962e-04 1
1.311243e-04 158
1.721320e-04 1960
3.401250e-04 1
1.515914e-05 1
5.321474e-04 27994
9.624443e-05 270265
1.612240e-04 1
4.710564e-04 248
3.424988e-04 1
3.900360e-05 5
3.269979e-04 1
7.387005e-05 46
2.135327e-04 3
6.518437e-04 1
3.277340e-04 2
1.126620e-04 4
5.816245e-05 1
4.397506e-04 3
5.526328e-04 2
5.955198e-04 2
6.034023e-04 1
1.010902e-04 1
4.113545e-04 6
4.370786e-04 1
8.197084e-04 1
6.937046e-04 2
9.270079e-05 1
1.861497e-04 1
1.076349e-04 4
2.660035e-06 1
2.133701e-05 2
3.217134e-05 56572
3.946621e-05 1
1.756884e-04 2
2.277136e-04 1
1.967793e-04 3
1.175245e-04 2
1.986763e-04 1
1.963037e-04 1
1.218466e-04 1
4.458899e-04 167
3.124412e-04 263
4.906567e-04 1
2.287456e-04 1
1.613889e-04 1
1.524537e-05 136
1.147268e-04 1
4.083629e-04 1
3.589081e-04 7
1.516231e-04 1
3.715657e-05 1
5.366868e-04 2
2.069945e-04 1
1.686759e-04 1
1.382725e-05 1
7.984186e-05 1
7.838606e-04 2
3.157982e-05 1
8.492794e-05 1
1.883137e-04 1
2.064638e-04 176
6.012472e-04 2
2.604810e-04 1
6.783927e-04 125
4.373169e-04 1
3.209392e-04 1
3.876267e-05 1
9.520752e-04 5182
1.484972e-04 1
5.442060e-05 3
6.504967e-04 1
1.517167e-04 7
4.151405e-05 464
3.443120e-05 1
6.874619e-05 4
3.684231e-04 7
2.387536e-04 568146
7.160148e-04 1
3.906430e-04 3
9.056671e-05 1
1.961203e-04 1
3.234153e-04 2
8.021696e-04 1
1.090007e-04 1
3.088683e-04 2
1.166039e-04 182
6.168067e-04 28
6.670251e-04 1
1.758715e-04 1
2.963313e-04 6
2.100239e-05 3
9.412138e-05 194
2.140038e-04 1
5.448568e-05 1
3.620831e-05 1
2.682454e-04 106
4.566414e-05 108
3.891447e-04 1
5.540411e-04 1
1.394257e-04 1335
3.136653e-05 2
2.409285e-05 2
1.422761e-04 3
2.956869e-04 1
3.059446e-04 1
4.903729e-04 1
6.048758e-04 6
1.081812e-04 1
5.019619e-04 1
4.197365e-06 7
3.563310e-04 3
1.087844e-06 1
6.252352e-04 2
2.648529e-04 7
4.740720e-04 2
4.087885e-04 2
3.211473e-04 5
2.778391e-04 1
1.246502e-05 2
3.527752e-04 1
6.128436e-04 1
1.384789e-04 1
3.801707e-05 5
5.341148e-04 1
3.170880e-04 1227
8.276066e-05 1
3.990137e-05 299
6.533973e-05 1
1.980282e-04 1
1.331881e-04 1
9.971205e-05 6
2.790024e-04 1
4.310413e-04 3
2.028462e-04 1
3.121575e-04 224
1.506721e-04 2
4.236035e-04 193
1.773656e-05 1
4.996340e-04 4
7.168017e-05 1
1.048810e-04 1
3.089218e-04 1
6.205005e-05 3
5.123026e-05 1
2.901279e-04 4
2.431757e-05 1
1.312502e-04 1
2.473361e-04 1
8.026019e-04 1307
5.915945e-05 2
3.127440e-04 15
2.844970e-04 1
3.005843e-05 1
9.026960e-05 4
3.318067e-04 2
2.262623e-04 1
2.096534e-04 1
1.451353e-04 1
1.890923e-04 1
4.792083e-04 1
2.460107e-04 1
5.922164e-04 3
1.476861e-04 1
1.077189e-04 1343
1.495933e-04 1
3.459293e-04 1
1.424285e-04 6
2.091463e-04 3
1.504850e-04 7
4.583806e-04 2
4.702432e-04 3
2.768371e-05 4
1.488737e-05 1
7.743081e-04 2
1.571461e-04 1
8.115373e-05 36
5.056065e-04 1
4.964535e-04 3
1.520017e-04 1
1.554894e-04 2
5.287951e-04 2
1.183824e-05 5
2.380875e-04 1
1.087531e-04 6
4.250360e-04 1
9.265757e-04 1
2.313807e-04 1
5.338296e-04 1
6.476420e-05 1
2.418779e-05 3
5.468833e-04 1
1.602804e-06 6
5.564492e-04 1
2.136166e-04 3
4.491539e-05 2
5.325592e-04 1
6.778746e-04 1
4.035327e-05 1
9.898500e-05 2
3.021615e-05 1
1.800614e-04 1
2.260212e-04 1
7.028682e-05 7
7.628354e-05 4
1.728910e-05 111
4.538393e-04 3
4.323830e-05 203
4.000276e-05 2
5.046181e-04 46397
4.701969e-05 1
3.449820e-04 1
3.499323e-05 2
3.066091e-05 1
2.246099e-04 6
1.322949e-04 7
3.950639e-04 4
7.724364e-04 3
1.317366e-04 1
4.501127e-05 1
1.382794e-03 7
8.924849e-05 541
6.498107e-05 1
3.623168e-04 6
1.077684e-04 7
7.790082e-05 1
5.820759e-04 1
1.981000e-04 2
4.688155e-05 1
1.436147e-04 28983
1.153667e-04 3
3.228751e-06 1
1.782447e-04 1
9.653580e-05 1717
1.269282e-04 6
2.677902e-04 157
3.713122e-06 1
9.993084e-05 1
3.074815e-04 1
2.046160e-04 3
2.356606e-05 1
5.792796e-06 1
9.533920e-04 1
1.046861e-04 1
2.319150e-04 54
1.457888e-04 2
1.685121e-04 3
7.830497e-04 1
4.807353e-04 1
2.776212e-05 1
4.258427e-04 3
2.683143e-05 2
2.095166e-04 4
6.046025e-04 3
2.207637e-04 13013
2.753363e-04 3
9.683447e-06 97
1.279810e-04 1
3.487913e-05 2
5.351177e-05 1
6.504923e-04 1
1.044578e-04 1
3.680779e-05 1
1.030837e-04 1
2.700007e-04 5
8.466679e-06 1
2.611384e-05 1
2.827707e-04 1
6.046927e-05 1
1.796863e-04 25
8.353099e-05 6
4.708739e-04 1
2.436316e-04 1
9.416834e-06 2
5.912502e-05 3
2.413002e-04 1
1.755678e-04 1
1.743878e-04 1
4.381946e-04 1
2.393572e-04 66152
7.196866e-05 1
2.213601e-05 595324
1.425020e-04 55
3.243358e-04 1
2.712292e-04 4
1.098293e-03 1
4.011673e-04 2
4.841589e-04 1
1.499549e-04 3
2.618857e-04 1
2.477729e-04 3
4.213788e-04 207
2.243805e-05 1
2.517815e-04 59
7.369780e-05 107
5.102598e-05 1
2.729846e-04 1
1.432632e-04 7
5.210225e-05 1
3.860808e-04 1
5.180781e-04 1
7.164691e-05 225
1.385723e-04 162
9.583650e-05 1803
1.529616e-04 1
4.993016e-04 1
3.242210e-04 1
4.539867e-04 1
6.705443e-05 181
1.265416e-04 1
3.073821e-05 1
1.353988e-04 23230
9.872088e-05 1
2.772409e-04 1
2.668077e-04 2
2.034077e-04 5
2.503741e-05 3
2.131689e-04 4
3.334673e-05 265
9.897610e-04 1
5.935607e-06 1876
3.171862e-04 1
2.072700e-04 2
9.960829e-05 1
3.494274e-04 2
1.326836e-03 1
2.675221e-05 1
1.366790e-04 2
1.406352e-04 3
9.389352e-05 1
9.805955e-04 1
8.265039e-04 3
9.531003e-05 2
2.897186e-04 1
6.827539e-04 1
2.916344e-04 1
2.375063e-04 3
9.426457e-04 129
2.096099e-04 2
6.634232e-04 1
1.808512e-05 2
5.079636e-04 7
2.207207e-04 1
3.962065e-05 7
5.529844e-04 1
4.852889e-05 1
1.630131e-04 3
8.618249e-05 4
3.369326e-05 1
9.112325e-05 4
6.887882e-04 1
5.338466e-04 1
2.955378e-04 1
1.347876e-04 1
1.404028e-04 2
5.175418e-04 243
2.199731e-04 1
2.944331e-04 1
1.697482e-04 1
2.155600e-05 301776
1.016036e-04 1
2.652877e-05 3
4.619791e-04 3
6.545900e-05 1
3.439215e-04 1
7.189885e-05 2
1.062743e-04 6
2.308555e-04 1
4.077191e-05 3
4.560474e-04 1910
3.363925e-04 1
2.090928e-04 2
6.231833e-05 3
3.188544e-05 1
4.865207e-05 1
3.726584e-04 1
2.933270e-04 1
1.526918e-04 3
4.960482e-04 1
4.050299e-04 106
6.652128e-05 265
4.439654e-05 1
1.320503e-04 1
2.436269e-04 6
3.746571e-04 2
5.536506e-04 3
1.183344e-04 1
4.806926e-04 1
1.920329e-04 30
3.082066e-04 6
1.629185e-04 1
4.500318e-04 2
1.460779e-05 1
3.513083e-04 3
1.070597e-04 1
1.708438e-04 208
3.799114e-04 1
3.409590e-04 1
4.564185e-04 3
8.735606e-05 2
8.002555e-05 2
4.163033e-05 864
8.244421e-06 1
7.468883e-05 245
9.488568e-04 2
2.455612e-04 1
1.328799e-03 1
3.143911e-04 1
2.742121e-04 1
8.519742e-05 1
5.802946e-06 1
4.803706e-04 1
1.168754e-04 1
2.097613e-04 1
1.254417e-04 63802
3.439834e-07 1
8.917514e-05 140
4.209216e-04 1
2.359471e-05 1
6.494191e-05 2
6.482837e-06 1
2.059856e-04 3
1.201349e-05 4
1.111378e-04 1
1.376292e-05 2
1.399787e-04 112
4.043048e-04 9
1.106291e-04 3
2.330292e-04 3
4.322529e-04 1
9.874316e-05 1
2.441249e-04 3366
2.654831e-04 1
2.768030e-07 2
7.852821e-06 4
6.579291e-04 1
6.080071e-04 1
2.399985e-04 5
9.534144e-04 2
6.532184e-04 105
7.487357e-04 1
7.934271e-05 220
6.923786e-05 3
8.181693e-06 6
3.783239e-05 3
5.404429e-04 7
1.502471e-04 1
8.755794e-04 1
7.726550e-05 63288
5.434353e-04 1
6.311440e-05 1
2.696745e-04 1
6.878326e-04 1
1.545926e-04 20
1.909487e-05 1
5.037111e-05 638
1.588924e-04 2
9.862333e-04 1
7.603698e-05 2
3.191597e-04 1
1.350458e-04 12631
1.166779e-04 726
9.878334e-04 1
1.229092e-04 1
1.364904e-04 1
1.338699e-04 1
1.359225e-04 1
1.205140e-05 3
1.881742e-04 5
1.411932e-04 3
6.182682e-05 1
6.804640e-05 1
1.037973e-03 1
4.643011e-05 6
6.305185e-04 3
1.024018e-04 1
3.860962e-05 1
1.109684e-04 1
2.496625e-04 2
1.352580e-04 6
2.757774e-04 1
1.999151e-05 60271
9.514810e-05 195
2.552962e-04 63
3.835225e-05 3
2.292753e-04 1
3.814425e-05 1
1.522680e-04 1
1.279551e-04 1
2.081159e-04 6
1.915436e-04 1
6.686123e-05 1
1.503760e-04 1
6.704488e-05 3
1.656042e-05 1796
2.287584e-04 1507
6.035246e-05 1
7.193722e-05 2
1.727757e-04 6
6.081785e-05 354
4.172876e-04 1
3.053709e-05 5
2.004141e-04 1
6.631265e-05 13154
4.866140e-04 2
8.404855e-04 2
4.057061e-04 1
4.919749e-05 1
7.451637e-05 4
7.307974e-05 3
2.634871e-05 1
1.000325e-04 2
3.218699e-04 2
5.367186e-05 4
2.538973e-04 266
3.411869e-05 1
2.414864e-04 2
2.202305e-04 1
1.058505e-04 1
4.195749e-04 1
1.472622e-04 2
3.388744e-05 210
1.726397e-04 10
4.782377e-05 1
1.059341e-05 1
1.675723e-04 121
4.413030e-05 1
1.652757e-04 1
6.771813e-05 1
3.864371e-04 1
1.875113e-04 1
6.210843e-04 1
3.321615e-04 1
1.965735e-04 1
4.223123e-04 3
8.383198e-05 6
5.756757e-05 1
6.195457e-05 1
2.041337e-04 541
6.833252e-05 61882
1.688935e-04 1
7.568267e-04 1
3.544109e-05 103
2.974343e-04 1
5.415575e-04 570
1.622573e-05 2
3.763814e-04 197
2.541780e-05 1
8.376973e-04 1
3.105917e-05 2
2.683821e-06 1
2.915558e-04 1
2.144478e-04 7
1.711891e-06 1
2.897978e-04 3
1.429584e-04 5
1.096222e-04 1
9.547038e-05 1
8.500265e-05 1
8.089383e-05 66554
8.220208e-05 2
2.080712e-05 1
6.684511e-05 1
4.964071e-04 1
5.102383e-04 1
1.033495e-04 45
1.088051e-04 1
8.974791e-05 10088
6.352516e-05 3
1.663929e-04 1
3.527673e-05 338
1.867841e-04 1
3.755392e-04 7
3.003081e-04 1
3.050030e-04 4
1.481932e-04 1
1.926986e-04 3
2.473941e-04 4
2.396145e-04 1
5.574298e-04 1
2.047983e-04 1
9.581830e-05 6
1.154866e-04 407497
1.106086e-04 1
1.076116e-04 1
6.463129e-05 1
3.112851e-05 1
2.138037e-04 2
8.387433e-05 1
1.490483e-04 3
4.441918e-04 249
4.591371e-04 20429
3.243206e-04 1
2.905169e-04 1
1.064930e-04 1
4.256332e-04 2
1.833157e-04 152382
5.292931e-04 1
3.726345e-04 3
4.861141e-04 1
2.057135e-04 111
3.762632e-04 3
6.460061e-04 3
1.330931e-05 1
1.838616e-04 88
6.752233e-04 167
6.016744e-06 1
5.316001e-04 76
2.708431e-04 1
1.574387e-04 1
1.878602e-04 1
9.177418e-05 7
3.221542e-04 846
6.147463e-05 1
4.535287e-04 1
2.001402e-05 781
1.194640e-04 1
3.949360e-04 1
2.312094e-04 1
1.967382e-04 1266
2.629045e-04 1
6.883827e-04 1
2.710689e-04 193
3.935757e-05 6
1.576273e-04 1
3.770403e-04 1
1.462961e-04 6
1.187858e-05 266
5.788845e-04 1
3.050518e-04 1
3.973163e-04 3
2.522067e-05 1
2.329949e-04 2
6.289269e-05 1
1.365626e-04 226
2.390225e-04 1
9.724564e-04 1
2.090498e-04 4
5.634490e-04 2
7.954475e-05 1
5.172830e-05 1
1.021660e-04 2
7.660107e-04 1
5.828787e-05 1
2.447144e-04 160
3.630259e-04 2010
2.829527e-04 2
1.316576e-04 3
1.505550e-04 3
2.720716e-04 2
5.777392e-05 1
4.459081e-04 29924
3.059728e-04 4
6.422083e-05 3
1.313587e-04 1
2.344498e-04 3
1.446967e-04 1
5.661888e-05 1
1.003129e-04 3
1.074205e-04 3
3.465693e-04 2
1.634298e-04 207
7.716538e-04 1
4.678926e-05 2
1.363080e-04 1
9.789337e-04 1
4.405871e-05 7
1.682324e-04 1
2.853379e-04 1
1.812489e-04 1
3.554397e-04 5
3.567951e-04 1
3.731149e-05 3
2.503417e-04 1
9.081829e-04 1
3.847480e-04 2
3.177708e-04 5
1.797546e-04 1
5.152489e-05 6
1.991672e-04 1
1.834652e-05 2
4.038211e-04 4
6.862279e-05 107
6.763968e-05 1
1.257874e-05 5
2.184535e-04 3
2.004278e-07 26142
9.549440e-05 1
1.097148e-04 1
6.938638e-06 230
1.871338e-05 6
6.737443e-05 1
3.142820e-04 1
1.513901e-04 2
7.421298e-04 1
1.817497e-04 4
5.891662e-05 1
5.173109e-04 1
5.537299e-05 1
2.554784e-04 151
1.430472e-04 1
3.504886e-04 1
7.246010e-04 26
1.457435e-05 5
4.491228e-05 1
5.874767e-05 1
2.144571e-04 1
3.834671e-05 5
4.126645e-05 1
9.514664e-05 65887
3.048993e-04 2
4.710500e-04 2
7.345268e-04 2
1.281776e-04 14100
7.762587e-04 3
3.120176e-04 7
4.523271e-05 1
4.656057e-04 1
1.539566e-04 1
1.358467e-03 1
3.988966e-05 7
2.038537e-04 22
2.705247e-04 3
2.557901e-04 1
5.781174e-05 2
1.399421e-04 2
7.373572e-04 1
1.385236e-05 1
1.258262e-04 19170
6.888817e-04 1
1.017795e-04 1
2.555088e-04 4
1.785589e-04 1
1.885118e-04 1
8.374642e-05 1
6.631950e-05 1
2.086141e-05 1
1.504262e-04 1
5.054329e-05 6
4.090864e-05 1
4.930920e-04 1
5.738241e-04 3
2.158859e-04 165
1.560393e-04 1
4.379002e-04 1
4.999221e-04 1
9.753699e-06 2
6.443384e-05 1
4.525986e-04 1
8.016573e-06 3
1.095955e-04 1
1.590983e-04 3
2.109738e-05 3
5.241974e-04 1
6.287387e-06 1
1.170094e-04 1
3.420827e-04 1
2.042820e-04 1
1.085190e-04 1
3.831216e-04 7
1.695845e-04 1
5.103822e-04 1
4.876790e-04 161
2.454075e-05 3
2.343562e-04 1
2.342961e-04 606478
1.336048e-03 1
1.696056e-04 1
1.071771e-04 1
3.256932e-04 2
7.001271e-04 686
4.842285e-04 3
2.015497e-04 3
8.115409e-05 1
7.598070e-04 1
1.761525e-04 1
2.407837e-04 1
1.758363e-04 1
1.168845e-04 1
1.693223e-04 1
2.393323e-04 1
1.724592e-04 158
2.365768e-04 2
4.380711e-04 1
1.749241e-05 3
7.701892e-06 1
1.692681e-04 139
3.311404e-04 6
1.559935e-04 128
4.649312e-05 1
1.800803e-04 1
1.049872e-04 3
2.737046e-04 54
6.874350e-04 1
5.737733e-05 2
3.201965e-04 1
6.691651e-04 1
7.098690e-05 5
1.177883e-04 46035
7.211665e-06 1
1.052469e-04 2
1.146111e-04 1
4.623734e-04 214
2.307522e-04 1
1.515783e-04 1
2.043457e-05 1
3.835879e-04 1
7.060056e-06 3
1.503171e-04 304377
8.526896e-05 5
6.529907e-04 3
2.280360e-04 2
2.770819e-04 1093
1.053877e-04 3
4.683592e-05 1
1.337595e-04 6
1.420331e-04 3
2.689466e-04 5
4.964514e-04 1
7.658635e-05 1224
7.736570e-05 2
6.155895e-05 6
6.599197e-05 6
5.705141e-05 3
3.551139e-05 211
3.322377e-04 167
3.086883e-05 1
4.086993e-05 3
8.791426e-05 131
2.920476e-05 3
3.048223e-05 1
7.431871e-05 1
2.012819e-04 16568
6.841782e-05 1
2.047854e-04 2
4.813406e-04 3
9.734246e-05 1
6.936324e-05 1
8.270473e-05 3
3.598178e-05 1
9.530025e-05 1
2.097657e-04 1
4.683424e-05 2
3.922441e-04 1
1.405996e-04 1
3.943399e-05 1
3.038766e-05 2
4.185121e-04 2
1.578668e-05 1
2.180648e-04 3
1.837200e-05 1
2.673053e-06 1
1.324262e-04 1
8.199073e-04 2
5.114415e-04 7
7.216658e-04 1
3.395824e-04 3
7.874533e-05 265
9.241569e-05 1
3.490173e-04 1
7.185307e-04 1
3.527810e-06 2
3.333896e-04 1
5.760448e-05 4
2.978641e-04 1
2.068934e-04 1
2.065269e-04 1
1.263049e-04 2
2.565300e-04 4
4.480525e-04 4
1.979393e-04 1
5.850435e-05 1
7.676022e-04 1
1.428369e-04 3
3.565437e-04 7
4.005863e-05 6
2.646992e-05 3
2.415637e-04 1
3.738829e-04 2
1.745196e-05 24456
1.752427e-04 1
6.034588e-05 1
4.191049e-04 1158
7.927254e-05 7
4.932449e-04 1
1.259995e-04 1
4.049736e-04 492128
1.010702e-04 4
1.321577e-04 1
2.554641e-04 72
4.929957e-05 7
2.642346e-05 60
3.348530e-04 3
2.094232e-04 1
3.747203e-04 1
3.973023e-05 1
1.173725e-04 1
3.351606e-04 1
1.517349e-05 3
6.556643e-05 1907
4.091009e-04 1
1.469942e-04 230
1.445292e-04 1
4.471768e-05 1
6.466049e-05 1
3.687424e-04 1
8.011058e-05 1
5.913988e-05 3
1.991123e-04 3
3.545932e-04 1
4.582804e-05 1
1.583397e-04 1
2.956809e-05 1
1.780186e-04 3
1.037023e-03 2
9.770659e-05 1
3.923018e-04 1
2.692733e-05 2
1.819616e-05 3
3.046003e-04 1
1.626266e-04 658453
1.573119e-05 1
1.070793e-04 2
6.520870e-04 1
3.601011e-04 2
1.773531e-04 1
6.800412e-04 1
2.001002e-04 5
4.392177e-04 111
9.411150e-06 2
2.008047e-04 1
7.189466e-05 1
3.131016e-04 2
2.139015e-04 1
1.122422e-04 7
4.951010e-04 1
8.994182e-04 4
2.217512e-04 3
9.156453e-04 1
3.834462e-05 1
3.247641e-04 103
5.721377e-05 1
2.023527e-04 1
3.683808e-04 159
3.314459e-05 1
4.368727e-04 1
5.487895e-06 1
3.617198e-04 1
5.246256e-05 3
1.123411e-04 2
4.156195e-04 2
2.182815e-04 2
1.933828e-04 1
7.841941e-06 1
1.708380e-04 12950
4.678403e-05 1
1.549723e-04 1
5.368705e-04 1
4.147241e-04 74
6.307023e-05 1
1.213775e-04 1
5.644568e-04 1
3.886776e-04 155
1.343505e-04 1
1.112916e-05 1
3.182200e-04 1
5.315275e-04 5
3.704755e-04 1
6.556129e-05 7
7.349791e-04 20
3.236021e-04 2
1.247419e-03 1
2.315840e-04 4
1.468762e-04 1
8.053688e-05 1951
6.165962e-05 930
6.420205e-05 1
2.317318e-04 1
3.277098e-05 2
1.086305e-04 1
2.044372e-04 128
1.164921e-05 1
8.751014e-05 184
2.687114e-06 1
7.012453e-04 1
1.730779e-04 1
2.521744e-04 1
8.769993e-05 1
1.434672e-04 1
9.460863e-04 7
4.371935e-04 1
3.295310e-04 1
8.327919e-05 22236
8.242324e-04 244
4.850455e-04 1
1.901655e-04 5
8.062114e-05 2
1.401635e-04 1
3.760211e-04 1930
1.250795e-05 3
2.725981e-04 39
7.160481e-05 216
1.033349e-04 1
1.157862e-04 1
2.301775e-04 2
1.701886e-04 6
6.494021e-05 1
2.805668e-04 464079
2.612387e-04 1
2.068934e-04 1
3.870236e-04 1
1.540322e-04 994
1.053447e-04 2
2.624903e-04 1
4.511899e-04 1
3.568486e-04 724
9.627007e-05 195
2.964112e-04 3
3.210331e-04 2014
6.902302e-04 2
9.611167e-04 233
2.134244e-04 2
1.569297e-04 220
4.814347e-04 5
3.533216e-05 223
2.249762e-04 5
3.032763e-04 5
1.348447e-04 1
8.449456e-04 1
7.358424e-05 2
2.341542e-04 3
2.580945e-04 1
4.107098e-04 3
1.334255e-05 1
3.208902e-04 1
8.334954e-06 5
1.319640e-04 3
5.396715e-05 1
1.127688e-04 75
8.373342e-06 1
1.411672e-04 1
1.601896e-04 1
4.815042e-04 2
1.452596e-04 3
1.166385e-04 2
4.236579e-04 1
1.950962e-04 1
1.917279e-04 4
7.114155e-04 2
4.000624e-05 2
8.794139e-05 3
1.464168e-04 1
3.559046e-04 6
1.001105e-04 1
2.849729e-04 1
4.057487e-05 1
4.601522e-05 1
7.505944e-05 2
7.370747e-05 1
1.227125e-04 1
3.569031e-04 1
1.902330e-04 1378
1.031726e-04 1
8.494261e-05 2
5.188469e-05 1
3.285094e-04 1
1.131266e-03 5
3.844256e-04 1
3.709171e-04 5
9.688118e-06 1
1.706452e-04 1
8.635479e-05 1
1.468984e-04 1
6.922011e-04 4
2.266329e-05 1
2.435765e-04 1
2.245137e-05 2
2.331104e-04 7
2.030537e-04 7
1.908659e-05 1
1.254935e-04 3
8.194012e-04 1
8.991842e-05 1
2.946027e-04 21
2.824113e-04 1
2.748132e-04 1920
1.705163e-04 1
1.156943e-04 1
4.126396e-04 943
3.760693e-04 3
3.929668e-04 165
1.270348e-03 3
3.933353e-04 40361
9.670704e-05 1
3.645489e-05 1
2.122970e-04 1
1.277150e-04 2012
2.134308e-04 1
1.839619e-04 1
4.243357e-04 1
3.606979e-05 1
7.144965e-05 1
3.061818e-04 1345
1.265015e-04 3
3.899042e-04 103
3.365926e-04 3
3.082544e-04 110
3.975208e-04 1
5.934550e-05 44552
4.212645e-04 4
1.437022e-04 1
6.416895e-06 30
4.363687e-04 1
4.538687e-04 3
2.857016e-04 1
1.595222e-04 242
9.193277e-04 3
7.591496e-06 1
3.731823e-04 5
1.644142e-04 1
2.012611e-04 194
6.775142e-04 3
5.756315e-05 1
1.269610e-04 1
5.978724e-04 65528
5.959586e-05 99
4.493139e-04 5
1.259942e-04 2060
1.796107e-04 15679
3.521144e-05 1
1.795550e-04 36
1.437995e-04 1
7.186112e-05 6
1.869302e-04 678
1.244867e-04 110
6.543256e-04 7
2.321933e-04 3
1.525019e-04 585
3.729304e-05 1
7.415210e-05 1
1.805053e-04 197
1.785209e-04 1675
8.113974e-06 1
6.721717e-05 1
1.056217e-03 1
6.936551e-05 2072
7.202166e-05 1
1.275727e-04 1
3.498537e-04 192
2.937469e-04 5
1.414337e-04 1
2.788034e-05 82
6.326832e-06 1
3.030626e-04 1
2.916196e-04 1
2.128359e-04 1
2.498932e-05 4
8.061256e-07 1
7.398234e-04 1182
3.515080e-04 1
1.688865e-04 1
1.203006e-04 1
2.576527e-06 1
6.044558e-05 21
6.920986e-05 22
6.133863e-04 1
8.031408e-05 1
9.417244e-05 1871
2.002753e-04 1
8.571225e-05 1
3.066336e-04 1
5.259853e-04 1
3.756619e-04 3
5.201547e-04 5
1.134464e-04 1
1.249513e-04 1
2.101773e-04 2
1.753722e-04 3
6.188860e-04 3
5.716870e-05 5
3.997171e-04 2
1.421769e-04 1
1.726145e-04 1
4.233580e-04 1
5.205737e-05 5
1.865606e-04 1
2.956704e-04 67
1.895641e-04 3
4.633366e-05 1
3.773160e-04 86
2.723202e-04 3
3.252366e-05 1
6.699847e-04 3
1.169280e-04 4
2.016424e-05 1
2.711922e-04 1
2.230865e-04 3
1.399253e-04 1
3.686920e-04 4
1.554408e-04 1
5.829300e-05 1
5.617200e-04 1
2.932240e-04 1
2.366524e-05 1
3.860046e-04 133
9.416191e-05 52928
4.222454e-06 3
2.991570e-05 176
3.539244e-05 45948
3.293640e-04 1
1.037663e-04 367727
8.205348e-05 1
3.017248e-04 2
4.194494e-04 4
7.990535e-05 1
3.685795e-04 1
1.526738e-05 1
3.430814e-05 3
5.450308e-04 17489
1.642426e-04 6
2.430215e-04 1
5.338023e-05 1
3.950482e-05 1
4.750000e-05 1
1.950109e-04 102
1.593215e-04 1
3.826577e-04 151
1.701015e-04 1
4.602251e-04 1
6.888762e-04 1
2.343434e-05 463778
6.451565e-05 59
9.174483e-05 1
5.665960e-06 1
1.250535e-04 2
3.334299e-04 1
2.882745e-04 2
6.478033e-04 1
2.976977e-04 2
1.082055e-04 645307
4.247341e-05 3
7.503466e-05 6
1.154327e-04 2740
3.191375e-04 1
1.758454e-04 3
3.081421e-04 1
2.500614e-04 6
1.286051e-04 1
4.474289e-04 1
9.353195e-05 5
1.969155e-04 1
5.360164e-05 1
1.027328e-04 1
1.926215e-04 7
1.576262e-04 68
5.463669e-04 1
2.252531e-04 1
1.610743e-04 1
6.488105e-04 2
3.303513e-05 1
4.182865e-05 1
2.867952e-04 2
1.722195e-04 2
2.209771e-04 1
3.425968e-05 5
4.062070e-04 1
4.677697e-05 1
2.318432e-04 6
3.041498e-04 6
7.383744e-04 116
6.869632e-05 165
2.256541e-04 1
6.723336e-04 1
3.538037e-04 6
2.672123e-04 2
1.557915e-05 1
1.023592e-04 1
3.845506e-04 1
3.973551e-04 1
3.830897e-04 362318
2.912606e-04 39363
3.089828e-04 2
1.125945e-04 1
5.979232e-05 1
8.150748e-04 90
4.341251e-05 2
5.847319e-04 6846
2.962813e-04 6
3.566927e-04 21197
5.730426e-05 1
9.455785e-06 1
2.577261e-05 1
3.241244e-04 2
1.983197e-04 6
3.905654e-04 4
9.896519e-05 3
4.408907e-04 1906
8.427149e-05 1
1.348604e-04 5
7.300255e-06 1
1.496179e-04 1
1.483224e-04 6
1.730155e-04 86
6.603514e-04 1
1.069403e-04 1435
9.833844e-05 3
2.530161e-04 1
2.555452e-04 3
9.026418e-04 1
1.628341e-04 1832
4.498778e-05 7
1.552081e-04 1020
2.266961e-04 1
1.119493e-04 849
5.758910e-04 1
1.176232e-05 2
4.908643e-05 1
1.390912e-04 1
4.562352e-04 1
4.008015e-06 1
4.110150e-04 1
9.129270e-05 42
9.870530e-05 2
2.004400e-05 1
6.631942e-04 1
2.186073e-04 2
2.678952e-05 4
9.158156e-05 1
2.663722e-06 2
6.166360e-05 1
1.420492e-03 7
1.859980e-04 1732
1.970656e-04 7
1.500161e-04 3
2.287676e-04 1
5.826944e-05 3
3.574509e-04 2
4.258496e-04 1
6.324794e-05 702
1.636948e-04 2
1.092591e-04 1
1.186736e-04 1
6.139217e-05 100
4.553614e-04 1
1.506075e-04 214
2.719161e-04 1
4.560775e-04 7
7.414315e-04 6
8.757974e-04 1
3.068972e-04 1
9.644945e-05 6
7.974386e-05 1
6.461300e-05 1
4.386606e-04 1
2.396151e-04 1
1.205864e-04 1
1.671333e-04 1
1.613238e-04 1
4.449144e-05 2
4.568397e-04 1
1.914165e-04 7
3.907291e-05 1
4.159258e-04 44308
7.085927e-07 1
3.828896e-05 1
2.857148e-05 261
4.395219e-04 1
5.254053e-04 1
2.885745e-04 1
4.556150e-04 1
6.954947e-05 255
7.415582e-05 2
4.442976e-06 1
1.039785e-04 1
1.362834e-04 6
4.405300e-05 1
3.854802e-05 1
6.694156e-05 2
7.345533e-06 1
7.219119e-05 26246
4.589827e-04 3
6.313223e-05 181
6.616121e-04 5
5.294322e-04 207
9.442002e-05 6
6.906384e-05 1
1.149599e-04 1
2.112559e-05 1
3.100033e-05 1
3.974400e-05 1
2.437982e-04 2
1.369080e-04 2
1.938391e-04 1
1.614233e-04 1
2.668854e-05 482241
1.427890e-04 1
3.405125e-05 1372
4.774988e-04 1506
3.555464e-05 1
3.742327e-04 2
5.189843e-04 3
8.325733e-05 1
3.780504e-04 879
1.159760e-04 1
6.338198e-04 1
1.044123e-03 1
4.394689e-04 258
1.228221e-05 104
1.383563e-04 1
4.390327e-06 1601
3.899149e-04 4
4.453063e-04 2
3.099649e-04 1
5.270548e-04 1
5.405710e-04 33287
1.575868e-05 1
7.143087e-05 1
1.136612e-04 54420
8.638653e-05 47
2.068253e-05 3
9.752401e-05 1
6.995109e-05 1
5.860231e-05 1
2.979747e-04 36013
7.676934e-06 1
3.362341e-05 35
3.525458e-04 214
4.219808e-05 3
1.656727e-04 1
1.628673e-04 1
3.396808e-05 1
3.047157e-05 3
3.297325e-04 1
8.190048e-05 1
2.950160e-04 79
1.391539e-04 1
1.716161e-04 1
2.859787e-05 1
1.961903e-04 1
3.268422e-04 1
2.826003e-04 1
3.134697e-05 3
2.463292e-04 1
4.389310e-05 520054
1.459546e-04 2
5.304903e-04 1
5.824076e-05 1
7.684000e-04 110
1.814335e-04 1284
2.408655e-04 1
1.883214e-04 1
2.587053e-04 1
2.269298e-04 1
5.302249e-04 2
1.326434e-04 1
1.319753e-04 181
2.602033e-05 1
6.957693e-05 3
5.984764e-06 1
3.757943e-04 1
3.747316e-04 3
1.225390e-04 1
2.175940e-04 1
1.920178e-05 1060
2.607239e-05 1
1.275522e-04 1
1.858097e-04 224
2.373326e-05 38448
2.006193e-04 12740
2.208139e-05 1
1.802625e-04 5
3.346300e-04 1
9.608908e-05 7
1.762213e-04 3
1.961956e-04 2006
9.460731e-05 1
6.925799e-04 2
3.521420e-04 3
5.517702e-05 65184
9.857007e-05 136
1.174662e-04 195
2.002178e-04 1
1.927768e-04 2
1.674288e-04 6
1.581281e-04 35
2.133099e-04 2
6.814159e-05 1
4.101348e-04 1
2.037248e-05 3
5.724568e-04 317
4.637298e-04 1
8.543451e-05 2
5.679153e-05 3
6.435820e-04 3
1.383699e-04 1
4.028045e-04 4
1.637683e-04 116
4.448639e-04 3
7.350369e-05 2
3.327545e-04 1
2.054542e-04 43
1.074884e-04 6
6.865713e-05 1
8.151406e-05 1
1.809151e-04 264
2.079578e-04 1
8.277455e-04 1025
3.527070e-05 243
1.075600e-04 6
2.721029e-04 1
3.250847e-04 3
3.681573e-04 52
1.833299e-06 159
5.987275e-05 2
5.220194e-05 11198
1.050345e-04 1
4.831530e-04 1
1.078034e-04 67
3.944828e-04 1
7.555242e-05 1
1.640862e-05 1
7.592079e-05 1
4.348391e-04 1
2.312188e-04 1
1.443531e-03 25625
4.958288e-04 1
2.857309e-04 2
4.629071e-04 2
2.166132e-05 126
3.306441e-04 7
2.844107e-04 139
6.619203e-05 239
1.786767e-04 228
3.855861e-04 1
8.548826e-05 262
2.614406e-04 1
1.481775e-04 3
4.250605e-05 1285
2.651686e-04 1
1.621671e-05 3305
6.410471e-05 1
1.927447e-05 1
1.034181e-04 3
4.215900e-05 1
4.355992e-04 79
1.031050e-05 1
1.608150e-04 1
5.403356e-05 1
9.372760e-05 1
6.245135e-05 1
1.985383e-05 178
1.348847e-04 219
1.602834e-06 1
3.871606e-04 3
1.770782e-04 1
1.548568e-04 3
2.806094e-04 3
3.341743e-04 1
7.789411e-05 2
1.973892e-05 12
8.233101e-04 1
3.106040e-04 2
7.134837e-06 962
1.909706e-04 1
2.541053e-04 36356
2.140604e-04 1
2.726861e-05 6
1.202279e-04 4
1.477583e-05 1
4.755728e-04 1
4.649657e-04 147882
5.330793e-05 1
3.466117e-04 1
1.612376e-04 1
4.587877e-04 1
4.366670e-04 1
9.879262e-05 1
4.799983e-04 1
3.604523e-04 1
4.816250e-05 1
7.837336e-06 2
6.375194e-04 1
2.040777e-04 1
1.479553e-05 162020
5.407810e-05 1
5.766586e-05 6
7.720928e-05 1
2.220994e-04 2
3.059341e-04 1
2.584411e-05 1
1.492174e-04 1
1.866446e-04 1
1.417738e-04 1
1.686513e-04 1
5.958400e-05 148
2.491438e-04 2
2.736830e-04 1
7.800846e-04 1
4.708870e-04 160
1.083610e-04 1
2.774473e-04 1
1.970997e-04 1
5.782611e-04 2
2.946992e-04 1
1.815961e-06 5
5.137908e-04 150
1.789255e-04 1
4.829451e-04 1
4.316707e-04 2
1.642999e-04 1
3.781976e-04 3
5.098365e-05 1
9.080405e-05 1
6.875567e-05 174
1.110374e-04 1
5.321767e-04 1
3.136871e-04 1
3.190621e-04 5
4.028329e-05 1
2.691083e-04 112
9.297360e-04 1
7.201038e-05 27329
4.931218e-04 3
2.168857e-05 1
1.298960e-04 69
4.867974e-05 1
3.245543e-04 1
2.130792e-04 1250
4.119954e-04 1
2.316922e-05 217
2.956475e-05 1406
2.306315e-04 3
2.920429e-04 1
1.001807e-04 4
2.255709e-04 1
1.695826e-04 128
7.493396e-04 1
8.849859e-05 6
3.318456e-05 1
1.787364e-04 1
4.742896e-05 246
6.218769e-05 1
1.085103e-03 1
4.908892e-04 23068
3.709796e-05 2
4.603896e-04 1
4.855967e-04 1
3.200767e-05 1285
1.304149e-04 1
5.340829e-04 3
1.048912e-04 38305
1.226288e-04 1732
1.126243e-04 7
1.460453e-04 2
4.600751e-05 203
2.918709e-04 12
1.632732e-04 2
5.773781e-05 1
7.281959e-04 1
1.337901e-04 946
4.174385e-05 1
1.557785e-04 248
8.013988e-04 1
6.059707e-06 1
1.870076e-04 1
1.793548e-04 2
1.913555e-04 3
1.186042e-04 1
6.173538e-05 6
1.858041e-04 185
3.042998e-04 1
1.708510e-04 3
2.554670e-04 1
1.086704e-04 813
3.030107e-05 2
2.964704e-04 1287
5.974592e-04 1
1.327571e-04 6
1.768950e-04 5
1.352345e-05 49
1.534156e-05 5
1.000208e-04 2
2.941907e-04 1686
7.417953e-05 1
9.872091e-05 2
1.896371e-04 1
2.056431e-05 1
1.201867e-03 1
5.451640e-04 1
1.566845e-04 39910
3.569647e-05 1
7.285786e-04 1
1.952090e-04 1
2.596882e-04 1
9.141860e-04 1
2.625395e-04 71
3.481520e-04 2
1.071113e-04 1
5.495726e-04 1
3.622240e-04 1
2.802019e-04 1
4.031135e-04 6
5.750093e-04 1
2.296116e-04 3
5.494052e-04 1
6.329097e-04 1
1.969508e-04 1
2.686946e-04 1
1.281291e-04 1
1.137280e-04 1
1.151799e-04 2
1.109497e-04 6
1.307033e-04 6
9.929235e-04 36648
8.350194e-05 4
3.272323e-04 331
2.237263e-04 1
2.466998e-04 1
3.274679e-05 2
7.805451e-05 28098
1.678938e-04 530
7.631024e-05 92
1.223525e-04 1
3.947984e-04 1
5.481099e-05 1
3.046421e-04 1
6.338355e-05 3
6.231271e-04 1
1.306816e-04 1
1.867599e-04 1
5.265150e-04 2
1.457540e-05 1
2.008939e-04 2
2.095030e-05 36
2.692312e-05 2
5.046827e-05 3
1.755353e-04 149
2.124452e-04 1
2.441044e-04 1
8.309265e-05 2
8.086360e-05 3
3.945812e-04 1682
4.225043e-04 1
8.938677e-04 14358
2.271871e-04 1
4.553019e-04 396
1.417787e-04 1
3.073295e-04 311
3.987739e-05 1
9.833978e-05 1
4.507952e-05 1
5.830399e-04 230
2.892525e-05 1
6.455165e-04 1
9.125181e-05 2
3.162253e-04 1
1.516349e-04 1
1.023222e-03 34
5.031023e-05 1
4.346162e-04 3
4.852401e-05 6
2.061586e-04 1
2.707458e-05 1
3.697726e-05 4
2.257705e-04 1
1.032981e-04 1
6.032382e-05 7
1.168219e-04 1
1.946723e-04 3
1.909485e-04 1
1.632996e-04 4
4.226661e-04 1
1.042009e-04 1
8.618246e-04 436
5.642488e-06 1
2.102137e-04 6
3.607946e-04 1
8.894289e-05 3
3.672934e-04 1
8.282561e-05 1
6.340742e-05 3
1.253502e-04 2
2.464664e-04 1983
2.614858e-04 1
1.785852e-04 1
7.643700e-04 1
2.132720e-04 1
6.862699e-05 255
1.779526e-05 213
7.312419e-04 61
1.163663e-04 204
3.480097e-04 4
2.009620e-05 1185
7.059307e-05 3
6.321545e-05 1
1.361160e-04 1
7.597086e-04 1
9.602503e-05 1
1.266130e-04 4
1.047987e-04 1
1.031270e-07 1
2.514491e-04 1
7.013796e-05 3
1.701454e-04 1
1.149794e-04 156
1.625429e-04 203
4.890325e-04 3
6.080560e-04 1
1.098400e-04 109
4.186616e-05 3
2.764675e-04 44756
2.262709e-04 1
1.599759e-04 1
1.105523e-04 2
3.413457e-05 1
4.701179e-06 1
1.866975e-04 1
1.955993e-05 3
1.201214e-03 1
1.454386e-04 1
5.596825e-04 1
4.119520e-04 1941
3.493145e-05 1
5.683568e-04 2
8.960428e-06 1
2.548235e-04 1
2.383911e-05 1
3.874648e-04 237
1.796268e-05 1
1.755377e-04 3
5.268168e-05 1
4.368718e-05 1
1.791824e-04 1
2.765066e-04 72
9.982025e-05 1
9.379166e-05 1
5.365999e-07 3
3.450210e-04 2
2.193112e-05 4
2.333320e-04 254
3.291722e-04 1
2.151917e-04 1
1.424971e-04 4
1.926598e-04 2
1.366403e-04 1
1.946552e-04 1
1.905046e-04 3
7.794796e-05 2
2.940484e-04 1
5.857775e-04 48931
5.321633e-04 1
4.356501e-05 1
5.443423e-04 1
1.176093e-04 3
2.903991e-04 1
4.815830e-04 220
5.006562e-04 2
6.482627e-05 16236
2.492410e-04 5
8.569818e-05 1
3.524065e-04 5
2.215677e-05 1
3.497068e-05 2
2.665752e-05 1
9.440789e-04 30755
2.498241e-04 137
2.240042e-04 3
1.654346e-04 1
6.586896e-05 2
2.551756e-05 1
3.364355e-04 6
5.499346e-04 1
5.701182e-05 5
4.542046e-05 1
1.123328e-04 2
5.566404e-05 4
1.516190e-04 227
4.082540e-05 1
4.492381e-05 3
1.659494e-04 2
5.270883e-05 20101
2.444191e-04 1
8.238238e-06 1
5.164074e-05 1
1.440263e-05 1337
8.382117e-05 1
2.466350e-06 1
2.591500e-05 897
3.845932e-04 1
8.245896e-05 1
1.454100e-04 1
1.829109e-04 739
1.138370e-04 1
5.959135e-04 127
1.061970e-05 1
5.148397e-04 1
2.881837e-04 1
4.071909e-04 1
1.345506e-04 39359
2.474374e-04 69
2.179015e-05 3
7.967678e-05 188
4.036887e-04 1
1.482489e-04 5
5.409002e-04 33021
7.313314e-07 3
4.165195e-05 1
5.870959e-05 69
6.696347e-04 4
6.673366e-05 185
6.757236e-05 147
8.697465e-05 1
2.934355e-04 1
1.056348e-05 214
2.456226e-04 3
5.798526e-05 1
7.709816e-04 247
1.030646e-04 1
3.615499e-05 3
4.662510e-04 7
1.664414e-04 5
6.628320e-06 2
1.085851e-04 1
4.653674e-04 31723
9.207424e-04 2
2.122671e-05 1
1.295061e-04 3
2.195104e-04 3
3.255859e-05 1
4.760726e-06 1
3.674124e-04 1
4.875458e-04 53
3.455376e-04 2
1.029089e-04 1
1.464598e-04 56
5.370314e-05 1
4.688766e-04 2
9.150430e-04 1
1.888118e-04 1
1.038476e-04 1
6.266292e-05 4
2.745322e-04 1
1.608851e-04 233
5.520529e-05 5
2.112828e-04 2
1.559808e-04 1
3.145930e-05 817
2.785567e-04 2
6.676265e-05 2
2.247876e-04 2
4.911959e-04 1
4.093888e-06 4
4.896352e-06 1
6.004976e-04 2
3.372898e-05 1
8.211058e-05 1
5.594448e-05 1
1.937096e-04 814
3.602158e-05 1
2.195079e-04 1
8.124634e-05 1
5.503524e-05 3
9.755151e-05 3
1.224195e-04 501750
2.580198e-04 6
6.955056e-05 3
3.719554e-04 1
7.622564e-05 1
6.293391e-05 2
1.928543e-04 3
6.796397e-05 3
4.998601e-05 1
2.627067e-05 1
1.279079e-05 5
1.037773e-04 1
9.385991e-05 24015
2.299165e-04 2
1.611887e-04 1
4.182312e-04 1
1.008497e-04 234
2.466088e-04 1
5.400255e-04 1
3.695716e-05 3
2.615377e-04 6
2.414701e-04 1475
7.100966e-05 1
3.479258e-04 257
5.030366e-04 503
3.904296e-04 3
2.496647e-04 5
6.649606e-04 1
1.465196e-04 1
5.228529e-04 1
3.764641e-04 1
9.868655e-05 1
1.122689e-05 2
5.093134e-04 5324
3.279995e-05 21513
5.881170e-05 1
1.661166e-04 1
3.326783e-05 1
1.671590e-04 1
5.021182e-06 1
6.395481e-04 1
3.897215e-04 35
7.779651e-05 7
4.304221e-04 1233
1.885613e-04 5
9.898390e-05 3
9.022959e-04 1
2.499375e-04 1
2.119925e-04 2
1.221469e-04 1
2.803667e-04 2
6.669886e-04 1296
1.424984e-04 1
1.829871e-04 1
1.231033e-04 1
8.756349e-04 7
3.973112e-04 1
6.210021e-05 4
1.814423e-04 1
8.043032e-04 1157
3.939889e-04 1
1.660672e-05 1
3.504911e-05 1
5.958365e-06 1
1.596457e-04 458
2.851272e-04 1
1.727420e-04 2
2.260242e-04 113
1.293298e-04 4
1.376256e-03 4
3.936544e-04 1
2.169254e-04 1
2.614420e-04 3
9.401471e-05 3
1.029765e-04 68
3.544493e-04 2
1.038142e-04 2
8.672096e-05 1
2.487274e-04 5
6.007145e-05 3
1.136993e-04 1
3.438621e-04 6
2.337179e-04 1
4.764110e-04 1
1.785432e-04 279
1.736303e-05 4
4.306944e-04 7
1.168616e-04 1
6.901499e-06 2
1.711160e-04 2
3.871816e-04 1
2.908440e-05 1
6.268156e-05 1
3.663580e-04 1
8.506046e-04 1
1.020506e-04 4
3.465026e-04 1
2.928728e-04 1
9.705141e-05 5
2.753025e-04 1
2.192238e-04 1
2.893215e-05 1
4.544202e-05 1
3.007867e-04 1
1.343234e-03 1
4.306147e-05 1
3.520288e-05 1
1.649134e-04 256
1.862426e-05 1
4.421009e-05 27801
5.401461e-04 1
6.471236e-05 2
2.466590e-04 2
1.029093e-05 1
3.994222e-06 1
1.064905e-04 1
1.976634e-05 1
6.946782e-05 118
2.026125e-04 1
1.352548e-05 60692
6.991092e-05 1
1.655424e-04 1
5.252758e-04 6
5.296685e-04 1
6.983993e-05 3
3.642684e-04 180
4.554225e-04 3
2.692113e-05 5
3.084446e-04 101776
3.582811e-04 2
3.970718e-04 2
3.187310e-04 1
1.156292e-04 1
3.125381e-04 213
7.927371e-04 10
2.439029e-04 36
4.067827e-04 623060
3.380867e-05 8229
3.611108e-05 1
5.509788e-05 1
3.637047e-05 1
7.361762e-05 2
2.504042e-04 2
8.976880e-05 3
3.803679e-04 127
2.476149e-04 54524
1.023424e-03 1
3.030177e-04 40
1.908427e-04 2
2.818933e-04 1
4.023679e-04 1
3.686112e-04 1
6.256906e-04 1
3.085896e-04 1
5.417515e-06 1
5.913362e-05 6
6.643805e-04 1
1.024528e-05 3
6.898400e-04 1
6.186848e-04 1
8.686926e-05 33
9.131531e-05 3
1.165156e-04 1
3.412015e-04 1
1.080831e-04 1
2.189523e-04 267
5.561407e-04 3
3.138697e-04 3
2.731689e-04 2
1.195382e-05 1
9.949866e-05 3
1.666133e-04 1
1.031911e-04 1
6.297966e-05 3
3.040661e-04 1
7.588140e-04 1
2.556741e-04 1
7.508623e-06 144
1.576662e-04 1
1.106145e-04 1
5.073108e-04 5
2.003212e-04 3
2.050966e-04 104
6.870054e-05 1
1.575345e-04 2
7.767104e-04 37
6.750023e-05 6
1.353915e-04 1
1.835835e-05 11464
3.422444e-04 1
6.170946e-05 3
4.941676e-05 2
3.998611e-04 3
3.409932e-04 1
1.748445e-04 144
1.982098e-04 1
5.181648e-05 1
2.035805e-05 1
4.890270e-04 3
3.483171e-05 1
7.428741e-05 1
1.623382e-04 1
5.084702e-05 121
5.124925e-06 116
3.163735e-04 1
6.470973e-04 1
9.241173e-05 62553
1.632355e-04 2
6.708419e-06 1
4.092757e-05 1
3.350292e-05 7
4.523864e-05 1
7.050841e-06 1
2.229666e-04 5
2.837275e-04 1
1.309400e-05 2
3.555832e-05 1
2.859428e-05 221
3.907416e-04 1
2.478143e-04 2
3.422961e-04 1333
4.478522e-04 1
8.563807e-05 1
3.155334e-04 1
7.608245e-05 1
1.908421e-04 6
2.114003e-04 90
2.413635e-04 1
1.128808e-04 1
4.846931e-04 1
3.063792e-04 1
1.227419e-04 46243
1.134926e-06 1
6.771943e-05 1
4.042880e-04 1
2.055889e-04 1
5.457627e-06 1
2.426960e-05 2
1.604828e-04 3
2.323330e-04 1
1.104698e-04 1
2.352437e-04 1
9.313380e-06 1
4.436695e-05 1
4.244556e-04 1
1.639560e-04 2
1.703175e-04 3
8.873675e-05 1
4.388635e-04 6
6.486934e-04 1
3.573614e-04 2
5.610325e-04 1
4.520203e-04 484
1.336493e-04 3
7.842984e-05 3
1.213289e-04 1
2.674694e-04 4
2.064912e-04 1
5.888108e-04 1
4.360167e-05 1533
5.563042e-05 691
8.901258e-05 1
2.923268e-04 3
3.065484e-04 1
5.945426e-04 1
3.868565e-04 1
6.302897e-05 261
4.480078e-04 1
2.287301e-04 1
2.551594e-05 1
6.710362e-05 2
1.548881e-04 2
3.764191e-04 1
7.240752e-04 3
3.822204e-04 1
1.337823e-05 1
3.121018e-04 4
4.620665e-04 156
1.314708e-04 6
5.486987e-04 4
7.316346e-04 7
1.501122e-04 3
1.010618e-03 4
8.342660e-04 3
2.072953e-04 6
8.689696e-05 5
5.167327e-04 5
2.688660e-05 1
4.727746e-04 1
2.685006e-05 2
6.632139e-05 49786
7.711090e-04 3
1.395627e-04 1
1.689034e-04 51168
2.259018e-04 2
7.251213e-05 3
1.799993e-04 1
1.262376e-04 1
4.380802e-05 1
3.004577e-05 57
7.367305e-05 1
2.142456e-04 1
1.097915e-04 1
1.028424e-04 2
2.023713e-04 37248
5.955330e-04 1
2.760785e-05 1730
6.602278e-06 1
5.515163e-04 1
3.954135e-04 1
1.538376e-04 2
4.090778e-05 71
2.021819e-04 1
5.413414e-05 1
8.779827e-05 172
5.940928e-04 3
3.550001e-05 1
6.578954e-05 253
3.178063e-05 1
5.730889e-04 1840
2.283387e-04 1675
4.460060e-05 2
2.112930e-05 2
1.163030e-04 1
1.377972e-04 1
3.761385e-04 3
1.014711e-04 1
3.996608e-04 1
2.624230e-05 1
7.763293e-05 1
1.309307e-04 6
1.869182e-04 1
2.758383e-06 3
1.685130e-04 892
6.459350e-04 1
4.429072e-04 1
1.202969e-04 431836
6.522087e-04 10392
6.677517e-04 1
3.186679e-04 1
7.807092e-05 1
2.575695e-05 3
2.393243e-05 4
2.413710e-04 1
2.908973e-04 1
5.628765e-04 1
1.176518e-04 1
1.301104e-04 1
6.410385e-05 2
8.141935e-05 7
5.481434e-05 1
1.612484e-05 1
1.328331e-03 1
3.980782e-05 3
3.711229e-05 27772
9.792294e-05 7
9.443779e-05 3
2.138279e-04 268671
3.338640e-04 2
1.545504e-05 1
1.452404e-05 66
1.673060e-04 1978
1.947185e-04 1
9.828016e-05 3
7.135179e-04 2
1.473151e-04 1
6.573023e-05 1
1.649586e-04 187
2.023640e-04 6712
5.866924e-05 1
2.595679e-04 1
1.154996e-03 146
1.286148e-04 1
5.977581e-04 37
9.071261e-05 1
2.705766e-05 2100
1.035977e-04 3
8.383533e-05 3
1.578767e-05 1
3.523180e-04 1
1.323226e-04 1
1.137302e-04 1
1.076044e-04 207
3.071581e-04 1
2.304062e-05 1
3.936100e-04 1
8.066890e-05 1
1.122029e-05 3
1.797784e-04 93
2.055383e-04 1129
3.197584e-05 1
4.622643e-04 96
1.140105e-04 1
7.868963e-06 31610
1.856029e-04 1
9.109637e-04 2
1.564822e-04 3
7.701942e-04 6
8.597398e-06 4
5.276984e-04 1
2.794108e-04 3
1.214431e-04 1
6.629115e-05 1
5.486578e-04 2
2.664712e-04 6
5.249542e-05 1
9.564367e-05 2
1.900233e-04 2
8.828220e-05 79
2.248945e-04 2
5.002066e-04 1
1.746976e-04 3
1.350258e-04 1
3.687940e-04 50
9.670168e-05 1
7.757890e-05 1
4.819969e-04 170
1.052442e-04 5
1.164628e-03 1
5.219459e-05 1
1.764753e-04 1
5.832972e-04 1
6.293105e-04 4
3.569356e-05 1
1.690028e-04 4
2.112101e-05 1
1.018024e-04 3
1.300023e-04 1
2.055872e-04 1
4.139440e-04 1
2.011651e-04 2028
1.721115e-04 1
3.083891e-04 40
6.406378e-05 123
7.635576e-05 19752
3.102619e-04 1
2.505067e-04 1
3.173109e-05 234
5.804180e-04 6
9.213440e-04 6
1.652554e-06 2
1.291064e-03 4
3.743844e-04 1
6.282988e-04 53587
1.982511e-04 1
1.449181e-04 29329
7.609683e-06 123
2.378316e-04 3
1.112121e-05 128
7.866268e-05 36756
1.964599e-04 1
2.257607e-04 1
6.468947e-05 2
2.138985e-04 1747
2.110136e-04 3
7.116631e-05 1
1.218797e-04 38198
8.968886e-04 3
5.094209e-05 130272
3.989456e-04 1
1.922741e-04 3
2.167383e-04 2
9.602519e-05 1
4.226873e-05 3
1.659085e-04 1
6.605357e-05 1
8.718372e-05 2
4.025397e-04 3
1.668684e-04 1
1.029281e-04 1
7.312974e-05 1
2.044748e-04 1
9.909668e-05 4
2.432328e-04 2
2.412185e-04 1
1.946941e-04 1
3.034649e-05 2
8.051176e-04 2
7.749604e-04 1
1.461698e-04 1
2.698171e-04 1
9.059657e-04 3
7.120751e-04 26706
1.500314e-04 3
2.269010e-04 1
2.652948e-04 3
1.225367e-03 1
5.968465e-06 1
9.590336e-05 1
1.243143e-04 1
1.094659e-04 3
8.673689e-05 2
1.778527e-04 243
1.262549e-04 1
5.334338e-04 3
2.547425e-04 2
5.655309e-05 1949
4.191776e-05 49535
4.988234e-04 3
2.613512e-04 1
2.789407e-04 5
1.119738e-04 1
3.064277e-04 1
5.627665e-05 1
5.178517e-04 3
2.640011e-04 2
1.250931e-05 1
5.890531e-06 3
9.234009e-05 7
1.314500e-04 10942
1.093541e-04 1
2.069635e-04 1
1.854455e-04 1
1.485299e-05 219
