1.840970e-04 1
6.645140e-05 1
9.058881e-06 3
1.026879e-04 1
2.481410e-05 1
4.890882e-05 1
8.807527e-05 1
4.830127e-05 1
2.332588e-05 908
1.362677e-04 1
3.561334e-06 7
3.173879e-05 2
3.051497e-05 2
3.409519e-05 1
9.754189e-05 1
2.380479e-05 2
6.824460e-06 1
2.607887e-05 1
9.224230e-05 12
3.625273e-05 1
9.978085e-06 1
6.926524e-05 1
1.468816e-06 4
1.640544e-05 3
1.170997e-04 4
1.569516e-04 1
8.741770e-05 1
7.516457e-09 2
1.600711e-05 1703
2.424660e-05 115
4.272554e-07 4
4.718280e-05 1
5.843153e-05 3
7.302028e-05 4
3.363178e-05 3
3.054623e-05 1
5.128028e-05 336165
3.791120e-05 1
6.665529e-06 1
3.508808e-05 3
5.803648e-06 3
1.678066e-05 1
3.257962e-05 1
4.430585e-05 2091
2.181815e-05 1
3.132149e-05 27
3.542499e-05 1870
9.187420e-05 3
1.159745e-05 2
4.639988e-06 2
3.027909e-05 1
2.389030e-05 95
7.821922e-06 1
7.865777e-05 1
7.992373e-05 1
1.734169e-05 3
2.399154e-05 1
7.470678e-07 2406
1.040626e-05 1
2.972357e-05 1
4.134771e-06 3
9.485499e-06 2732
4.499332e-07 3
5.526748e-05 3
4.692180e-05 1
2.321240e-05 1
5.645305e-05 192
3.056754e-05 2
4.531783e-06 26956
8.111445e-05 2009
4.504719e-06 1
2.118627e-05 1
3.934441e-05 1
1.008033e-04 1
6.761399e-05 754
4.705078e-05 1
6.940717e-05 3
1.474311e-05 1
2.655577e-07 5
1.811377e-05 2
3.083427e-05 1
2.002619e-05 1
4.426355e-05 1
5.566994e-05 1
3.638766e-05 1
3.385427e-05 16903
1.670239e-05 134
2.627001e-05 1
1.835014e-05 64122
1.877042e-05 1
2.148953e-04 1
8.209133e-06 1292
6.143485e-05 2
4.904874e-05 7
5.322429e-06 2
4.826621e-06 339
7.899885e-05 1
1.738424e-05 1
7.655606e-05 1
1.937636e-05 1
1.019196e-04 187
1.506254e-04 4
1.417116e-05 252
3.367798e-06 1
7.456358e-06 9
1.020803e-05 197
1.728822e-05 1
1.051923e-05 27051
7.441913e-05 32008
8.192741e-05 3
1.486759e-04 4
3.501257e-06 396
3.100726e-05 1
4.787777e-05 1
7.284808e-05 1
4.301434e-06 1
8.387987e-05 1
4.042326e-05 1
1.737085e-06 1
2.965812e-05 1
2.131286e-05 1
1.885336e-05 2
1.002785e-04 3
1.978560e-04 4
9.614007e-05 1
4.964992e-05 1
7.664955e-05 171
1.931626e-05 1
1.403978e-05 3
6.521029e-05 1
2.895567e-05 3
5.764569e-05 4
2.766256e-05 115
1.916851e-06 1
8.674986e-05 216011
8.738757e-05 7
4.226406e-05 58682
1.549359e-05 1
1.362286e-04 1
2.378399e-06 38
9.264003e-05 2
5.934332e-05 1
2.181776e-05 2
3.098099e-05 137
1.811846e-05 5
5.891682e-05 1
2.810838e-05 32132
2.957165e-05 7
1.018699e-05 1
9.772964e-06 1
5.131549e-05 1
1.396842e-04 4
7.267985e-06 678
4.692403e-05 3
1.442341e-04 3
1.091521e-04 101
5.213112e-05 122
6.551094e-05 1
9.739669e-06 1
3.407421e-05 1
2.831123e-06 1
8.221888e-05 1
9.868548e-05 1
4.426188e-05 1
4.832744e-05 2
1.868959e-06 1
3.426969e-05 7
1.943545e-04 514224
2.672593e-05 3
6.203946e-05 1
1.983874e-05 26
7.799029e-05 10309
4.150092e-05 1997
3.340284e-05 1
3.584678e-06 1
9.631048e-05 1
8.716438e-06 5
3.926460e-05 2
7.288627e-05 2
5.274742e-05 2
1.746135e-05 118
1.154510e-04 1
1.861390e-06 1
9.099849e-05 6
1.140181e-05 5
3.042927e-05 3
2.959892e-05 1
1.987300e-05 1
7.813775e-05 3
1.962266e-06 1
1.394795e-05 312
1.485474e-05 1
7.412983e-05 1
1.632217e-04 1
4.141623e-05 1
6.279384e-05 1
2.225071e-05 6
1.799170e-05 7
6.864864e-05 1635
2.043018e-05 1
8.672639e-05 1
8.064204e-06 7
1.409730e-04 1
6.088659e-05 1
7.001583e-06 3
3.625105e-05 1884
1.974940e-04 1
5.654090e-05 1
7.287128e-05 79
1.062429e-04 285
3.352503e-05 1
1.676394e-05 84
5.479646e-05 5
6.274237e-05 1
1.112692e-04 1
5.685763e-05 1
6.193573e-05 1
1.685215e-05 2
1.614116e-04 247
2.341444e-05 1
3.078282e-04 131
1.307602e-04 1
2.742551e-05 1
1.784593e-05 43
1.071153e-05 1159
2.121464e-05 1
2.679547e-05 2
7.273096e-05 2
2.368780e-06 1
1.583239e-05 1
8.059557e-05 1
1.261191e-05 3
1.784971e-05 1
1.295445e-04 1
9.403516e-06 961
2.985638e-05 3
1.071029e-05 1
1.911641e-05 1
1.318897e-05 246
8.393998e-05 246
2.068618e-05 142
1.816408e-05 1
2.543584e-05 1421
2.541071e-05 28688
1.180966e-05 5
9.115531e-05 1
6.316662e-06 1
3.883172e-05 1
6.208400e-05 1
8.204491e-05 148
3.950713e-05 3
3.979644e-06 1
1.049991e-04 14855
4.778500e-05 1
1.167517e-04 1
2.116510e-05 18
2.513996e-05 1
8.704982e-07 1
1.142148e-05 222
1.043188e-04 1
2.564964e-05 18887
1.273593e-05 2
5.733452e-06 1
1.122277e-04 1890
8.929152e-06 3
5.098692e-05 1
2.585572e-05 395
1.975436e-04 1
1.014684e-05 23
2.657972e-05 3
1.457015e-05 4
3.434282e-05 1
4.500481e-05 1
2.208431e-06 1
9.560625e-05 1
8.623495e-06 1
1.943477e-05 1
4.200736e-05 1
6.299528e-05 74
2.376486e-05 1
3.394486e-05 1
2.138395e-05 1
1.701055e-05 1
7.204551e-05 99
2.420874e-06 3
2.463624e-05 1
1.727870e-05 3
3.257156e-06 1
2.453465e-05 3
1.017867e-04 3
3.868545e-05 1
1.753323e-05 4
1.332422e-05 3
4.669693e-05 1
4.601768e-05 38695
3.105134e-05 7
2.299516e-05 1
1.383055e-05 4
4.942636e-07 1
4.022067e-05 1
9.912858e-06 1
7.528836e-05 1
2.378312e-04 1
6.745129e-05 172
4.825419e-05 2
4.486952e-06 1
1.922725e-05 4
4.326276e-05 2
6.717031e-05 1
6.042730e-05 1
1.601788e-05 9
2.139930e-06 1
1.817354e-05 2
9.979358e-05 2069
7.296459e-05 2
5.594226e-05 1
3.110352e-05 40
2.398412e-05 3
3.082271e-05 3
2.801009e-05 2
1.393931e-04 1
7.874101e-05 215
6.756628e-05 1
7.838578e-05 60712
1.264451e-06 1
1.200014e-04 57956
8.796336e-06 1
7.914193e-06 2
3.025012e-05 1
2.881991e-05 4707
2.580085e-05 3
1.782392e-05 90
1.061716e-04 1
1.866652e-05 49027
7.012850e-05 57
2.933413e-07 1
8.776589e-06 1
3.503167e-05 1
2.557764e-05 21840
2.248435e-05 1
2.463057e-05 1
2.719139e-05 1
4.420026e-06 1
1.533710e-04 1
3.317431e-05 6
1.384871e-05 3
1.106508e-04 6
6.945708e-05 6
3.553627e-05 245346
5.594703e-05 1
1.036447e-04 1998
9.420589e-06 3
6.221236e-06 1
2.246898e-05 2
5.045602e-05 1021
5.745126e-05 1
8.515329e-05 1
1.167064e-04 1
1.523922e-05 1
3.654112e-05 1
2.204123e-05 1
3.793476e-05 1
1.163406e-05 1
1.435683e-05 1
3.221506e-04 1
1.067481e-05 1
4.488982e-05 1
1.710943e-04 3
2.108685e-05 1
9.109979e-05 255
2.949439e-05 1
6.436744e-05 1
1.434195e-04 468
3.298651e-06 1
6.446894e-05 1
1.581152e-04 1
1.002531e-05 3
2.893120e-05 126
1.424330e-05 3
7.801951e-05 1
2.572364e-05 4
9.226884e-06 1
7.777525e-05 2
6.423451e-05 1
5.189621e-05 3
2.220316e-05 2
3.021058e-06 1
1.074361e-04 165
3.821579e-05 146
1.467907e-04 2
2.292502e-05 1
1.842161e-06 5
4.587130e-05 1
8.752337e-05 2
3.756724e-05 45
5.469699e-06 207
6.153992e-05 5
2.547813e-04 1
1.155773e-04 3
1.443040e-05 1
3.666665e-06 1
5.605868e-05 1
2.443749e-04 1
9.533296e-06 1
6.904140e-06 1
5.754263e-05 1219
9.704331e-05 119
3.890163e-05 1
3.207858e-05 4
1.103377e-05 1
1.655144e-05 1
7.222668e-06 3
1.373317e-06 1
5.367292e-05 584
2.090420e-05 1
5.787244e-06 1
4.976023e-05 1
8.110665e-06 3
1.014586e-05 417264
5.934663e-06 1
2.980188e-05 1
1.371262e-05 1
8.458750e-06 1
5.235878e-06 2
8.977559e-06 3
5.242352e-05 1
2.891913e-05 1
8.906784e-05 320331
1.579920e-05 251
2.022215e-04 3
3.726086e-05 1
1.509975e-05 1
1.088772e-04 1
1.370819e-05 381755
5.709613e-05 1
1.146231e-04 1
1.188511e-05 1
2.294137e-05 2
2.706837e-04 3
2.960053e-05 1
9.975831e-05 1441
3.420284e-05 1
6.341444e-05 1
5.253857e-05 2
1.772458e-05 1
9.580076e-05 48
6.657283e-05 106
8.701976e-05 5
3.072020e-06 2
4.242036e-05 3
4.445742e-06 1
7.229944e-05 1
7.999642e-06 1
1.131583e-05 1656
9.227192e-06 109
1.170704e-04 2
1.531785e-05 1
5.942120e-05 36389
2.626569e-05 1
3.449912e-05 3
8.890941e-05 2
1.572636e-05 1
1.212448e-05 1
1.891897e-05 230
4.721442e-06 5
1.051164e-04 1
7.340493e-06 1
2.436919e-04 1
6.318585e-07 1
5.302048e-05 1
9.766236e-06 148
1.465208e-04 2
2.556958e-05 1
2.432162e-05 1
8.885396e-05 1883
2.135583e-05 978
4.043347e-05 2081
2.965088e-05 2
1.279534e-04 244
4.968791e-05 1
8.763586e-06 1
1.557531e-04 224
7.614649e-05 1
6.992022e-05 1
9.069872e-05 261
3.535627e-05 1
8.296027e-06 1
1.316992e-04 2
1.999722e-05 1
5.141707e-05 1
2.062159e-05 6
1.763691e-05 1
3.274844e-05 1
4.713050e-05 1
2.138954e-05 2
3.887592e-05 7
9.994228e-06 2
2.029217e-05 1
2.911488e-05 1
3.999304e-05 1
1.846498e-05 7
7.679021e-06 1
3.482777e-05 1056
9.454230e-05 156
6.230754e-06 40
1.085985e-04 1
3.397640e-05 56
8.263457e-05 7
1.322804e-04 169
6.753156e-05 1
8.101349e-05 3
6.846892e-05 7
1.719636e-04 1
1.075440e-05 5
9.002334e-05 183
1.229935e-04 2
1.297944e-05 1
8.819254e-06 1
3.786609e-05 703
1.351497e-04 6
6.592188e-05 1
3.879695e-05 3
1.471685e-04 38
5.702715e-05 7
1.059337e-04 1
1.003529e-04 1
1.445180e-04 1
1.053771e-04 5
8.769679e-06 1
9.102357e-06 1
1.682906e-05 1
1.658291e-04 2
1.980583e-05 3
6.579757e-05 1
3.082378e-05 1
1.021292e-04 1
1.445205e-05 2
1.274062e-05 1
1.549984e-05 5
4.882698e-05 2
4.856400e-06 3
7.322311e-06 47407
3.288238e-05 1
3.220496e-05 1
1.189280e-05 33888
1.276219e-04 1
1.919938e-05 1
5.723422e-05 53035
8.698890e-05 1
1.523610e-05 3
7.231766e-05 1592
5.527448e-05 1
1.489994e-04 164
4.592299e-05 1
3.311603e-05 2
5.388579e-05 1
3.554900e-05 4
1.354286e-05 7
2.026361e-06 122
1.183373e-05 1
1.174045e-05 4
3.533060e-05 1
1.527760e-06 1
7.829996e-06 2
9.701059e-05 3
5.317960e-05 1
1.474568e-05 1
1.954277e-06 3
7.612697e-05 1
2.564423e-05 1
2.369043e-05 153
8.260272e-05 2
5.762451e-05 293700
1.976537e-04 1
1.937264e-05 5
7.384456e-06 43654
7.999905e-05 1
9.107678e-06 1
8.380246e-05 1
5.928418e-06 3
7.920885e-05 1
4.959499e-05 1
4.712167e-05 1
8.019642e-05 3
4.468080e-05 2
5.289313e-05 352
6.925669e-05 27176
1.043738e-05 3
2.932097e-05 1
7.688972e-05 1
5.374029e-05 298432
3.819759e-05 3
2.272446e-05 867
2.582576e-06 3
4.863711e-05 1
5.480580e-05 1
1.018629e-05 1
1.949305e-06 2
1.498584e-05 3
3.453806e-05 1279
1.053278e-05 5
1.966210e-05 173
4.699701e-05 1
3.346175e-05 129
1.004605e-04 1
4.197214e-05 1
3.728942e-05 2
1.748856e-04 4
3.010493e-05 1
3.011359e-05 5
3.895945e-05 1
5.406768e-06 1
1.764197e-05 1
8.949817e-05 1
9.046276e-06 1435
1.568894e-06 2087
2.230945e-05 7
8.200136e-05 1
7.553249e-05 241
1.701866e-07 1769
3.237523e-05 5
6.941771e-05 1
2.109084e-06 4
8.019411e-05 2
6.467955e-05 21086
3.379015e-05 1
7.887192e-05 1
2.070731e-05 1
5.260741e-05 1
1.450338e-05 1
9.761372e-05 1
6.441292e-05 2
5.320540e-05 1
1.431873e-04 1
1.504945e-05 1
2.811621e-05 1
1.259155e-05 1
5.629594e-05 1
3.833302e-05 1
1.003044e-04 1
7.318668e-05 4
6.633868e-05 1
2.807591e-05 1
4.127003e-05 2
6.183563e-05 1
1.319611e-05 1
2.524937e-05 1
1.219258e-04 1244
5.628006e-05 1
4.310839e-05 1
2.108040e-04 2
3.834623e-06 1
1.417341e-05 506767
5.833996e-05 3
3.962809e-05 255
1.065410e-04 1
8.066049e-06 40
5.992450e-07 40571
2.416998e-05 1
5.400429e-05 1
3.591150e-05 3
4.029705e-05 2
3.357575e-06 3
4.828351e-05 228
1.445731e-05 1
5.829913e-05 1
2.237702e-06 1
5.478994e-05 26
1.464204e-04 1
3.207303e-05 1
2.364386e-05 3
1.617416e-06 1
4.278960e-05 1
2.068873e-05 1
7.939289e-06 1
5.487137e-05 157
7.873177e-05 1
2.293817e-04 1
6.251868e-05 1
5.172279e-05 1
3.258903e-07 3
4.480997e-05 1
1.061534e-04 1
3.699210e-05 1
3.407108e-06 1
4.374039e-05 1
1.035705e-05 1
4.673239e-06 4
6.745562e-05 1
8.915283e-05 6
4.132522e-05 3
1.064759e-05 3
2.081475e-05 1
7.006500e-06 1
3.682513e-05 7
2.691188e-05 2
1.951259e-04 6
1.518641e-04 523
7.662227e-05 28827
3.254304e-05 1
5.972593e-05 1
2.180644e-05 1
3.588112e-05 3
1.071968e-04 647328
1.050698e-05 788
7.740047e-05 4
3.608442e-05 53413
6.919019e-06 1
4.892195e-06 176
5.329679e-05 1
6.364366e-05 3
2.136984e-06 65
3.279280e-05 3
6.853849e-05 1
9.575886e-05 1
1.386823e-05 1
2.685397e-05 1
9.820768e-06 4
3.258260e-05 1
2.982013e-05 1
7.263630e-05 1
4.613828e-05 7683
7.340168e-06 2
5.545836e-05 3
8.732164e-05 3
4.542010e-05 1
3.241713e-06 5
5.040903e-06 1
2.565909e-05 1
1.302282e-04 3
7.123204e-05 5
9.916134e-06 1
1.084640e-04 3
5.294789e-05 3
4.211478e-05 1
5.237429e-05 6
1.651269e-04 4
2.803777e-05 181
2.335592e-05 3
8.011936e-05 1
4.901237e-05 2
3.876187e-05 1
5.476301e-06 1
6.637782e-06 1
7.015652e-05 1
5.914255e-06 6
2.707663e-05 63
7.839325e-05 7
1.210529e-04 2
2.179412e-04 1
4.169873e-05 4
1.136940e-05 2
5.892549e-05 2
8.841821e-05 2
9.664295e-05 1
3.114142e-05 1
1.112381e-05 432788
5.576603e-05 2
3.711101e-05 4
1.599547e-06 54763
1.531405e-05 1
8.204042e-05 1
8.694288e-05 146
1.328097e-05 2
1.031792e-05 1
2.945166e-05 36347
3.638738e-05 1
5.405744e-05 1
1.439153e-04 1700
1.320231e-04 1
1.803796e-05 1
1.105454e-04 7
1.007755e-05 1
1.205328e-05 2
3.721749e-05 1
9.129470e-05 3
2.503526e-05 2
4.549043e-05 1
2.212296e-06 1
5.089298e-05 1
2.166012e-04 1
3.602695e-06 2
7.836085e-06 3
4.744993e-05 1
2.417475e-05 1
2.883885e-05 2
3.989888e-05 1
9.649664e-05 817
1.277843e-05 1
2.321152e-05 186
1.012652e-05 3
5.712287e-05 5
3.032763e-05 1
9.962880e-05 1
1.511359e-04 1
5.464381e-06 1
6.321843e-05 1
7.235426e-06 3
1.571233e-06 2
2.698023e-05 1
1.420574e-05 1
4.862826e-06 1
1.431780e-05 2
1.681582e-06 1
1.257191e-04 1
1.494591e-04 3
1.464941e-06 1
7.460713e-05 1
2.048241e-05 7
9.272088e-05 1
1.354353e-05 5
8.072941e-05 1
1.124676e-05 6
1.068358e-05 1
2.427976e-05 2
1.417670e-05 1942
9.030878e-06 1
1.674742e-05 5
2.563567e-05 1
4.467812e-05 6
9.523574e-05 3
5.678588e-05 1
5.498858e-05 1
7.167782e-06 1
2.312983e-05 1
1.736582e-05 1
4.419869e-05 1
5.562301e-05 1
1.031229e-05 2
5.001623e-05 3
5.106960e-05 1
8.693287e-06 1
2.362405e-05 1
9.450085e-05 1
2.656790e-05 1
4.087736e-05 1
1.369534e-06 1
7.619507e-06 4
4.571983e-07 2
1.808804e-05 1
9.607582e-05 2
4.731785e-05 1
1.395830e-04 7
5.910105e-05 1
6.639195e-05 66
9.409652e-05 1
5.237795e-06 1
5.465228e-05 1
4.961899e-05 2
3.800826e-05 1
1.844926e-05 2
7.885050e-05 7
2.575300e-05 2
4.033435e-05 131
1.315758e-04 1
1.337202e-05 65149
8.070458e-05 1
1.110679e-05 3
5.582676e-05 3
9.090020e-06 211
1.210667e-05 6
1.148441e-04 5
2.416561e-05 1
3.189495e-06 1
4.196885e-05 1
3.206361e-05 1
3.435373e-05 2
6.434674e-05 213
1.242680e-05 1
2.737568e-05 1
1.777664e-05 1
2.065583e-05 1
6.006975e-05 208
2.465334e-05 88
3.125003e-05 1370
5.188279e-06 1
2.687898e-05 2
5.194915e-05 1
1.370874e-05 1
3.067636e-05 1
4.789876e-05 1
6.113070e-06 1
2.417760e-04 1
3.989016e-07 1
7.942653e-05 3
4.045437e-05 170
1.521529e-05 3
4.452738e-05 1
8.840468e-06 1
4.969071e-05 1
2.031889e-06 121
4.093235e-05 2
6.473352e-06 106
2.399928e-06 1
7.962873e-05 7
6.613609e-05 3
2.175915e-05 1
2.411178e-04 1
8.454509e-05 3
2.187445e-05 3
1.390272e-05 1
4.399655e-05 1
1.909036e-06 923
1.810064e-05 48265
2.553361e-05 3
1.075318e-05 1
2.867856e-05 1
1.209217e-05 7
9.057864e-05 1
7.631810e-05 1
7.103865e-06 1
1.218803e-05 1
2.369012e-05 63
2.312434e-05 2
8.425519e-05 1
1.053556e-04 1
1.480160e-04 2
4.400837e-05 1
1.695580e-04 220
3.804859e-06 1
2.897233e-05 213
4.044621e-05 171
1.126924e-05 447
3.694209e-06 167
4.311524e-05 2
9.154198e-06 116
1.280290e-04 2
4.075053e-05 1
2.431799e-05 1
6.373752e-07 1
1.048339e-05 82
1.296499e-05 1
7.003752e-06 1
7.185581e-05 2
7.517285e-06 227
2.163073e-05 1
7.829299e-05 2
2.116270e-05 6
1.033249e-05 1
7.223918e-06 77
4.657925e-05 1
1.499310e-04 1
7.044871e-05 1
3.935715e-05 1
1.275167e-04 1
9.582550e-05 2
5.313442e-05 1
1.955500e-05 137
2.665035e-05 1
7.624566e-06 1
1.338263e-05 229
4.668382e-05 3
9.582227e-05 3
7.940438e-05 602
1.751108e-05 1
3.902201e-05 1
1.804054e-05 1
5.825971e-05 1
7.278093e-05 1
1.760815e-06 3
4.837848e-05 134
9.391676e-06 1
1.831179e-05 52
1.081638e-04 157
2.997586e-05 1
1.284377e-05 1
3.035692e-05 3
2.106741e-05 1
9.491874e-05 3
4.949350e-06 3
2.183848e-06 4
5.120904e-05 1
5.966212e-05 1
2.801507e-06 3
5.257308e-05 1
1.342052e-04 2
1.696034e-05 2
3.503006e-04 3
1.448169e-04 185
1.322650e-04 1
4.187057e-05 1
5.162266e-05 3
7.864131e-06 1
4.712989e-06 2
1.087338e-04 4
1.198166e-04 4
4.910675e-05 1
2.533934e-05 1
2.307159e-05 1
1.485960e-05 1
7.857726e-06 3
4.912434e-05 194
1.841296e-05 1
4.197268e-05 1
1.179023e-04 1
6.872087e-06 1
6.406143e-06 1
3.551446e-05 1
9.773411e-06 103
2.452966e-05 2
5.313302e-05 6
2.480735e-05 1
4.128277e-05 1
7.846454e-05 1
3.412219e-05 63394
3.255649e-05 2
5.643711e-06 55
2.008131e-05 2
9.465117e-05 568
1.837138e-05 7
3.364814e-05 3
3.917629e-06 2
1.113538e-06 1
5.992479e-05 1
1.883798e-05 454
2.273134e-05 860
3.133196e-05 491771
7.882392e-05 1409
1.009614e-04 1
7.543340e-05 1
3.334323e-05 136
1.301775e-05 1
6.990845e-05 4
5.415716e-05 1
1.484755e-05 1
5.689426e-05 1
1.452483e-04 1
5.918459e-05 1
4.888319e-06 4096
7.584267e-05 1
4.444977e-05 1
8.382647e-06 7
2.887578e-05 5
7.219050e-06 1
2.234957e-05 1
1.504937e-05 1
1.932459e-04 5
1.041782e-04 2
2.027456e-05 29510
3.518547e-05 1
8.032547e-05 2
2.085853e-05 1
6.936520e-05 1
1.896207e-05 1
4.524758e-06 2
9.307115e-05 3
9.783387e-07 5
4.107204e-05 1
1.130519e-05 1
3.190438e-07 1
6.370962e-05 3
3.621945e-05 1
1.523360e-05 2
3.032865e-04 3
7.289953e-05 1
2.981820e-05 4
1.331499e-05 3
2.956722e-05 2
9.963718e-05 1
4.716950e-05 1
1.978210e-06 217
3.285568e-05 1
4.835238e-05 1
1.414201e-05 3
2.319957e-05 1
9.599873e-05 1
7.750454e-06 648
7.661165e-05 5
1.486682e-05 42472
9.120223e-06 23961
1.303108e-04 1
8.349190e-05 1
9.918071e-06 179
9.183496e-05 3
6.140928e-05 1
2.196973e-05 3
1.367879e-05 1
4.510603e-05 3
6.937911e-05 1
4.673760e-05 1876
7.452583e-06 99
4.483165e-06 1
1.329771e-04 75
2.442134e-05 1
1.088430e-05 4
1.579898e-04 3
6.054949e-06 4
1.027515e-05 1
3.739199e-05 2
2.461270e-05 1
2.996928e-05 6
1.323989e-05 1
2.216002e-05 1
4.822368e-05 3
9.407222e-05 692
1.239613e-04 3
9.759918e-06 1
1.051500e-04 1
1.456036e-05 3
3.500562e-05 1
1.111714e-04 3
8.400393e-05 65
5.625562e-05 17961
2.274092e-05 1
3.960187e-05 257
1.401005e-04 1
4.525741e-06 7
2.681528e-05 1
3.619734e-05 1
1.427100e-05 2
9.473307e-06 265
8.133318e-05 2
1.014046e-05 114
2.594196e-05 7
1.496375e-05 1
2.688200e-05 1
3.495702e-05 1
1.862524e-06 3
6.612896e-06 1
2.370882e-04 2
1.115722e-04 1
1.623871e-06 4
9.109614e-05 6
1.893121e-05 2
8.391950e-05 1
7.716858e-05 1278
4.274908e-05 289775
1.654304e-05 147409
9.748871e-05 1
1.284696e-04 106
9.656605e-07 2
5.788513e-06 3
1.717350e-05 1
7.157912e-05 21
1.326432e-05 7
4.662553e-05 1
1.053916e-05 53741
1.054483e-05 1
4.380155e-05 3
9.137576e-06 1
6.524959e-05 1
5.085796e-06 375893
1.701790e-04 7
1.514222e-05 4
4.826495e-05 1
3.172660e-05 6
4.836634e-05 7
1.340533e-04 610
7.514904e-06 1
1.256559e-04 1
2.040320e-06 3
4.169741e-05 3
4.534159e-05 1
1.781602e-05 4
8.787074e-05 1
1.958991e-05 3
6.687921e-05 1
9.022328e-05 3
7.650938e-05 2570
1.552808e-04 4
4.157544e-05 1
2.971087e-05 1
3.614810e-05 3
6.497992e-05 1
6.979504e-06 3
3.364917e-05 1
1.125135e-04 1
2.861644e-05 1
3.055211e-05 1
2.219334e-05 1
3.774041e-06 1
7.105077e-05 4
3.008358e-05 56
1.166037e-04 1
4.338077e-05 79
1.195517e-05 3
5.989133e-05 54924
8.292024e-05 1505
3.246209e-05 1
1.160025e-06 1
1.985613e-05 1
1.556161e-05 1
3.440962e-07 1
9.997789e-06 1
2.612264e-05 3
3.712242e-05 1
6.855973e-06 68
3.940320e-06 1
1.017189e-04 1
5.215227e-05 1
8.999064e-05 228
1.503775e-05 923
8.993478e-05 7
3.663396e-05 1
2.037125e-05 1
3.374936e-05 1
4.450202e-05 1
7.280395e-05 1
1.823341e-04 187
1.817240e-05 3
5.870697e-05 1
2.365993e-05 200
5.558910e-05 222
9.154768e-05 1
1.057286e-04 1
2.057293e-05 1
1.004042e-04 2
2.459581e-05 947
8.285375e-06 1
1.816555e-04 5
3.837650e-05 183
1.845027e-05 7
2.032423e-05 214
5.601837e-06 1
6.953395e-05 1
1.039240e-04 6
6.428378e-05 1
6.877547e-06 2
3.101809e-05 3
4.698805e-05 1
1.614312e-05 3
8.243078e-05 1
1.271351e-04 3
5.756620e-05 1
5.216534e-06 1
1.167509e-04 2
6.427257e-05 171
9.711403e-05 3
2.140839e-05 1
4.688795e-05 1
4.582317e-06 3
9.786410e-05 1
1.865720e-06 6
7.343659e-05 577
4.803285e-05 59
5.942785e-06 4
6.490704e-05 5
5.597586e-05 1
7.189653e-06 55468
1.645765e-05 1188
5.717562e-05 1
4.269538e-05 1
4.087026e-05 15776
5.654460e-06 188
2.093778e-06 1
3.314201e-05 1
1.884221e-05 3
1.970028e-05 3
1.391025e-05 1
3.363868e-05 1
5.168794e-05 184
5.347770e-05 1
4.074889e-05 19363
7.096385e-05 2
2.258893e-05 1
8.027501e-06 3
3.574267e-07 173
5.847967e-05 3
1.222987e-05 6
1.026395e-04 1
2.120275e-05 3
7.615743e-05 2
2.606438e-05 2
1.266018e-05 23
4.821987e-06 1
1.039373e-04 1
4.873016e-05 1
9.741187e-06 7
4.629226e-06 1
9.386583e-05 166
1.131436e-04 1
2.564406e-05 1
2.683219e-05 3
1.945848e-05 4
3.353419e-05 1
8.917473e-05 62
1.845308e-05 5
3.007094e-05 1
5.868968e-05 1
2.293500e-05 1
2.065662e-05 1
1.008582e-04 1
9.210102e-05 194
2.211411e-05 1
3.178418e-05 5
6.622621e-05 1
2.695308e-04 1
2.957527e-05 1
2.911108e-05 1
3.055416e-05 1
4.722268e-06 238
2.418733e-05 6
2.713720e-05 2
1.734393e-05 217
5.685236e-05 2
4.320756e-05 1
1.533212e-04 2
5.526822e-05 1
2.950823e-05 1
1.089277e-05 1
1.149126e-04 1
1.906080e-05 264
8.740676e-05 1
7.216735e-05 1
3.216323e-05 248
3.449764e-05 1
1.259396e-07 65
9.029227e-06 1458
5.391226e-06 2
1.035569e-06 388
7.214492e-06 53961
1.254646e-04 1
5.522039e-06 19540
6.453067e-05 3
3.340222e-05 3
7.445018e-05 3
6.098857e-05 5
8.185401e-05 1
5.570551e-05 1
7.433266e-05 1
3.191413e-05 1
1.965347e-05 1
3.665013e-05 2
2.186203e-05 3
1.311515e-05 1
1.199258e-05 216
3.132953e-05 161
2.934100e-05 56
5.054329e-06 1
3.198200e-06 58366
7.271221e-05 2
1.350232e-04 3
2.947554e-05 2
9.080914e-05 2055
1.548254e-04 5
4.235703e-05 3
6.788012e-05 49657
5.589567e-05 1
8.620106e-05 21126
4.725481e-05 1
3.054913e-05 1
4.100121e-07 2
3.180999e-05 3
4.201037e-05 10327
1.208178e-06 5
1.278331e-05 1
2.929842e-06 2
2.627707e-05 1
9.653459e-05 4
3.406424e-05 7
1.464406e-04 1
4.341608e-05 1
2.470893e-05 839
1.063072e-04 89
6.839319e-05 2
6.155093e-05 1
1.699788e-04 4
2.367141e-05 1
3.614336e-05 1
1.761939e-06 1
3.692837e-05 5
7.201124e-05 1
7.677478e-06 1
1.046707e-04 4
1.055029e-04 3
9.207360e-05 1
2.109468e-04 1
1.190695e-05 911
8.069769e-06 1
7.316437e-05 2
1.883524e-05 1
2.010856e-05 1
6.581765e-05 1
3.873663e-05 3
1.321268e-05 3
4.256803e-05 3
1.434382e-05 1
4.970624e-05 1
2.700230e-05 1
6.753184e-05 1
7.559422e-06 5
7.152541e-06 3
2.346986e-05 1
7.491279e-05 3
2.574267e-05 15078
4.459120e-05 1
1.153270e-04 28999
1.180579e-05 232
5.778061e-05 1
1.151955e-04 83
4.552609e-05 1
8.726292e-05 5
4.043356e-05 171
3.149413e-05 6
1.642356e-05 4
8.975523e-05 1668
2.345648e-05 5
4.949667e-05 2
6.989713e-05 1177
2.175933e-06 16
5.179748e-05 1
8.609002e-05 72
1.650694e-05 1
4.176110e-05 1
7.743283e-05 4
8.348876e-05 1
9.951923e-05 3
2.692756e-05 28
2.105405e-05 1
6.799279e-06 1
3.077832e-05 194
2.052624e-05 1
1.896928e-04 1
1.106561e-05 1
1.769990e-06 3
1.199703e-05 1
1.329946e-05 1
2.628225e-05 1
1.383688e-05 2
1.184011e-04 1
1.113078e-06 223
1.325735e-04 1
9.885293e-05 1
6.587105e-05 4
4.363588e-05 1
2.095905e-05 6
8.941613e-06 940
2.024642e-06 1
7.290732e-05 257
3.851261e-05 3
1.241120e-04 1
8.075923e-07 1
1.514473e-05 1
3.608700e-07 2
4.406428e-05 1
6.945557e-06 5
1.392912e-05 2
2.919601e-05 1
3.218210e-06 1457
3.435896e-05 3
7.790957e-05 1
6.707628e-05 1
1.436555e-04 1
2.661733e-05 1596
1.556154e-04 1
8.051573e-05 912
5.979605e-05 37
4.530895e-05 1
9.419562e-05 1
2.187790e-06 1
2.860696e-05 1
7.334072e-05 397105
2.724612e-04 64656
3.095872e-07 3
7.119925e-06 5
2.598752e-05 1
1.495915e-04 5
1.122502e-05 2
1.954725e-05 182
1.092512e-05 1
3.789985e-05 1314
1.547772e-05 1
7.683954e-05 3
2.815822e-05 3
1.692255e-05 5
5.654916e-05 1
6.735049e-05 1
9.996469e-05 7
2.197582e-05 8419
2.700210e-05 1
1.064094e-04 177
3.452479e-05 3
4.714404e-05 1
5.576026e-05 1
5.858830e-05 1
9.981168e-05 2065
2.955219e-06 1
8.039331e-05 313
1.687007e-05 1
4.079852e-05 564
2.740848e-05 1
3.954626e-05 125
1.005790e-04 1
1.118695e-04 2
8.915455e-05 108
1.723917e-05 2
6.356767e-05 1
5.637548e-05 3
4.283475e-05 1
3.970584e-05 1
1.327219e-04 1
5.978035e-05 1
5.862585e-06 623870
3.886301e-05 5
1.818780e-05 1
1.016197e-04 1
2.769237e-05 6
5.856910e-05 6
5.960571e-05 7
6.131612e-05 1
2.440030e-05 1
5.434394e-05 3
8.093792e-05 3
7.566705e-05 3
8.007005e-05 3
7.591153e-06 1
3.175555e-05 1
5.330895e-05 4
3.188481e-05 1
4.846785e-06 7
1.378543e-04 1
5.769119e-05 2
7.231744e-05 1
5.124800e-05 2
1.705652e-05 1
1.027340e-05 1
2.229477e-05 1
2.002566e-05 7
2.437978e-06 3
8.822059e-05 1
9.503375e-06 1
5.427714e-05 2
1.572902e-05 1
1.400076e-05 7
1.812504e-05 47090
9.428924e-06 2
1.220606e-04 47030
7.554150e-06 4
4.811851e-05 1
1.438212e-06 1
1.306996e-05 1
4.787337e-05 1
7.044875e-05 1
2.580632e-05 1
8.854157e-06 7
1.298810e-05 2
2.782293e-05 1
2.256098e-05 1
1.189641e-04 3
6.883872e-05 3
5.639876e-07 15216
7.135710e-05 2
1.749468e-05 3
2.019235e-04 6
4.015095e-05 1
2.554409e-05 4
3.140609e-05 1
1.071861e-04 2
4.564481e-06 1
2.212412e-06 1
2.377646e-05 147
2.254542e-06 1023
2.663565e-05 3
6.861690e-05 3
7.871183e-05 1
1.877355e-05 1
1.240537e-06 1
2.795728e-05 1
3.558722e-05 3
2.085599e-05 1
1.681579e-04 4
1.123974e-04 1
4.685156e-06 1
1.229499e-04 42465
7.131271e-05 1
1.884262e-05 1
8.461114e-05 3
5.171837e-06 1107
5.166692e-06 2
3.925072e-06 1
2.195923e-05 1
1.138490e-05 5
2.762994e-05 3
1.058121e-04 3
1.241210e-04 3
1.243181e-06 3
4.332750e-05 1
1.438978e-04 4
2.169876e-05 1
4.209797e-05 1
7.296915e-06 3
7.374642e-06 107
6.757386e-06 1
5.822923e-05 1
1.589782e-04 1
4.972730e-06 1
1.126871e-04 2
8.165367e-06 1
7.809921e-07 1
4.634484e-05 1
4.453274e-05 1
3.880859e-05 1
5.142232e-05 1
6.459350e-05 4
2.804106e-05 7
9.696355e-05 5
8.846402e-05 1343
2.612793e-05 1
1.886758e-05 1
8.131426e-05 3
4.316662e-05 1
8.470193e-05 1
2.530517e-05 1
1.365067e-04 1
1.082735e-04 156
2.045678e-05 1
3.648844e-05 1
1.889745e-05 3
1.321149e-04 55713
9.544168e-06 34
7.262339e-05 1
1.194944e-05 220
3.817354e-05 1
8.755690e-05 1
4.644999e-05 1
3.377388e-05 1
5.849168e-05 2
1.090192e-04 1
1.074383e-05 148
1.346717e-04 4
9.444578e-05 1
7.207619e-06 3
4.925045e-05 3
5.478882e-06 1
3.856465e-06 194
5.518851e-05 1
9.053936e-05 1
8.366319e-06 3
1.918567e-06 1
5.324312e-06 1
4.869109e-06 1
2.519776e-05 1
6.905976e-05 1
4.167675e-05 1
3.284736e-05 164
2.801274e-05 3
3.367563e-06 1
2.478749e-04 4
5.578851e-05 7
8.957929e-06 2
8.364664e-05 50524
8.181699e-05 1
2.175684e-05 2
3.695129e-05 31
2.507067e-05 1
2.742418e-05 1
4.823332e-05 1
6.876220e-06 1
3.203779e-06 5
5.159149e-05 1
3.643774e-06 127
8.420883e-05 5
2.766145e-05 1
6.410507e-05 1
4.254880e-05 2
4.102048e-05 1
4.100462e-06 1
3.186892e-07 1
4.706353e-05 1
1.187656e-04 2
4.758830e-06 1
2.825544e-05 1
4.155275e-05 1
5.921269e-05 2
8.048260e-05 1
2.534883e-05 1
6.434269e-05 1
2.725614e-07 48
1.187650e-05 1
1.603628e-05 1
3.865680e-05 27115
1.192530e-05 1
4.760092e-05 1
3.507188e-05 1
1.140582e-04 36722
5.986593e-05 1
9.330071e-06 3
7.857499e-05 1
1.478340e-04 1
2.632988e-05 3
4.923439e-06 2102
6.012216e-05 1
6.818867e-05 1
1.297041e-04 1
4.848392e-05 1
5.091291e-07 1
2.260761e-05 1
4.335672e-05 1
2.595626e-05 2
2.146372e-05 1
3.655316e-05 2
5.585653e-07 195
1.710647e-05 1
4.306755e-05 93
1.314820e-05 1
1.124325e-04 1
5.679427e-05 1
1.112518e-04 1
5.753414e-05 2
3.374424e-05 1
1.707604e-05 3
9.793614e-05 1
3.575002e-06 1
1.740618e-05 1
7.224708e-06 1
1.410496e-05 1
3.803563e-06 1
3.378636e-05 3
2.367248e-05 1
1.579416e-05 1948
2.463176e-05 1
1.478262e-05 1
7.983960e-05 6
4.173187e-05 1
2.610408e-06 1111
1.517953e-05 1
3.339629e-05 1
8.870961e-06 2
4.693541e-05 4
2.838010e-06 1
2.804783e-05 226
9.971868e-05 1
7.926551e-06 2
6.394432e-05 1
3.569107e-05 1
1.998712e-04 300686
7.170488e-05 6
3.253831e-05 1
4.671392e-05 2
6.702879e-06 1
1.317727e-04 3
2.565931e-05 1846
5.900086e-05 1
2.878447e-05 1
5.581636e-05 780
5.434542e-06 3
7.047184e-05 6
3.546547e-05 4
3.491028e-05 1
7.204092e-05 2
2.005778e-05 1
2.167431e-05 1
5.489670e-05 47282
1.904357e-06 1
1.041573e-05 1
4.896965e-05 581
6.900030e-06 1
8.868064e-05 1
3.523470e-05 1
8.741417e-06 1
1.413145e-04 1
3.222046e-05 18361
1.106371e-05 1
6.248404e-08 1
6.211557e-05 4
2.185642e-05 13
4.858568e-05 799
5.196361e-06 1071
1.519547e-04 2
1.455718e-05 1
9.378018e-06 1
7.656600e-05 5
2.395512e-07 2
4.940642e-05 1
3.520641e-05 1
1.821132e-05 1
5.834028e-05 1
5.007601e-05 246
3.706841e-05 457699
1.904160e-05 2
7.948377e-07 657676
6.540366e-05 7
2.019996e-05 5
1.197920e-04 1
3.145055e-05 1
2.404775e-05 2
7.434183e-06 1
9.683650e-06 1
9.947678e-05 1
9.250215e-05 1
1.542184e-04 1
7.905710e-05 1
5.109394e-06 2
9.662716e-06 1
2.220138e-05 1
6.068331e-05 1
1.166210e-05 1
2.000306e-05 1
1.181565e-04 56
7.391729e-06 1
2.816070e-06 1
7.309231e-05 1
3.467502e-07 3
6.862137e-05 1
1.081729e-05 1
1.183633e-04 2
1.197572e-05 1
2.165025e-05 1
2.947559e-05 6
1.805403e-05 2
1.061478e-05 1284
1.314837e-07 1
6.048413e-06 1
1.106862e-04 1
1.591605e-05 3
3.173896e-05 1
3.701375e-05 1
5.271016e-05 1
7.478153e-05 1
2.220835e-05 1
3.445155e-05 1
1.147924e-05 28903
8.288469e-05 1
1.732323e-05 1
7.060643e-05 1
2.647571e-06 1
1.097926e-05 28942
1.274828e-06 1
9.026580e-05 2
5.984520e-05 3
2.407521e-05 1
5.583199e-05 1
1.151392e-04 57950
6.468977e-05 1
6.626010e-06 225
1.131986e-05 1
2.416418e-05 1
1.633440e-05 3
6.251405e-05 4
1.494061e-04 1
1.192768e-06 258
1.373504e-05 1
1.044392e-05 1
1.487342e-05 1
4.792816e-05 152
3.215414e-05 1
1.635421e-05 1
2.985399e-05 1
4.233685e-06 1
1.592690e-05 17
1.108173e-04 1
4.732053e-05 1
8.832001e-06 1
9.355639e-05 216
2.251794e-04 2017
1.835209e-05 1
3.747198e-05 1
2.470283e-05 1480
2.009396e-05 4
1.711831e-05 1
3.493955e-05 228
2.095590e-05 3
1.170713e-05 1
3.881431e-07 3
1.587285e-04 168
3.162974e-05 39507
5.095297e-05 1
7.642379e-05 3741
1.632194e-05 2
1.689343e-05 1
1.440093e-05 1
3.437980e-05 213
8.624124e-06 3
1.404183e-05 39
2.532206e-05 3
1.067199e-05 7
3.048405e-05 740
3.708486e-06 1
5.776900e-05 478
8.580933e-05 2
1.170967e-05 1
3.233337e-06 2
4.479040e-05 1
5.069564e-06 68
1.742517e-04 1
3.987051e-05 2
1.014099e-04 1
3.983729e-05 6
3.227263e-05 1
1.447343e-05 1
1.542330e-04 1
1.584016e-06 1
7.957880e-05 17285
1.522216e-05 1
6.231224e-05 1
6.094224e-05 1
5.141211e-05 6
2.633389e-06 1
1.178027e-05 1
1.013639e-05 4
7.621181e-05 2
7.445991e-06 3
6.183249e-05 3
2.861671e-06 4
6.013658e-05 2
3.177045e-05 1
7.898098e-06 1
1.787354e-05 1
3.372739e-06 1
1.459825e-05 1
1.485843e-04 1
1.652360e-06 1
3.305696e-05 1806
2.027427e-05 7
3.179293e-05 1
7.380555e-05 1
5.792213e-06 2
2.169972e-05 426333
6.507418e-05 1
1.513224e-07 1
2.556334e-05 1936
6.773965e-05 1
3.693470e-05 2
2.479206e-05 1
6.414844e-05 3
7.646805e-05 3
7.566516e-06 1
5.282090e-05 1
1.241863e-05 2
2.855801e-05 3
3.092738e-04 4
3.414971e-06 1
1.818929e-04 1
4.052736e-05 1
1.304254e-05 214
7.626850e-05 1
2.878139e-05 1
1.892499e-04 172
6.060146e-06 468
1.197390e-05 1
7.029411e-06 3
5.436318e-05 1
1.294164e-05 2
5.352935e-05 71
1.095711e-04 1
1.043291e-05 5
7.420777e-06 1
5.766941e-05 3
6.499813e-05 1
2.347819e-05 1
2.427657e-05 1
5.875672e-05 1
4.083181e-05 1
4.485255e-06 7
1.207118e-04 1
1.674516e-04 1
1.309909e-05 5
2.192313e-04 1
4.921003e-05 4
2.643287e-05 15
6.731778e-05 3
1.461412e-05 3
1.238823e-06 2
1.385539e-05 3
3.052978e-05 1
1.218669e-04 113
1.215699e-05 1868
6.584694e-05 1
4.505071e-05 1
2.022857e-05 1
9.771497e-07 1749
3.009122e-07 3
1.295616e-05 1
5.165424e-05 372
4.492292e-05 5
4.522544e-05 1
2.856020e-05 2
5.009011e-05 2
7.806938e-05 1
7.739454e-05 1
3.713681e-06 1
2.031426e-05 1
3.829034e-05 98
5.056534e-05 7
1.247196e-05 1
8.514059e-06 1
1.428956e-05 6
5.975675e-06 1
3.268572e-05 1
2.083037e-05 1
1.561982e-04 60394
1.247437e-04 1
3.492400e-05 1617
1.200919e-04 83
2.868251e-05 1
6.481202e-05 3
3.030884e-05 59947
7.591053e-06 1
7.059001e-06 3
1.258706e-04 1
2.054700e-04 2
5.084478e-05 1
1.236708e-04 4
5.605158e-05 251
4.296845e-05 1
2.325308e-05 5
1.266391e-04 52208
5.891689e-06 5
6.342527e-06 2
2.624100e-05 1
6.369097e-05 7
3.705688e-05 1
1.635119e-05 4
6.218334e-07 2
6.011212e-05 3
4.090334e-05 1
4.721856e-05 2
9.295013e-06 1
7.147152e-05 2
4.814941e-06 1
1.729111e-06 568
1.225871e-04 2
1.348518e-04 1
3.488150e-06 1
3.611124e-05 1
1.555821e-06 6
9.333184e-06 1
3.642490e-05 1
4.606536e-05 230
2.448196e-05 1
3.269756e-05 1
1.296448e-04 53
6.417099e-05 3
1.347834e-05 1
6.127989e-05 1
1.932592e-05 1
3.925444e-05 1
5.776001e-08 2
1.917028e-06 1
6.134128e-05 1
4.733779e-05 7
6.182423e-06 1
5.066002e-05 60864
7.654786e-05 1
2.426646e-05 3
2.287313e-05 1
1.969439e-04 113
5.985178e-06 1
1.657845e-05 1
2.512671e-05 145
2.119998e-05 1
1.658575e-05 6
5.313855e-05 1
1.420225e-04 199
7.715400e-06 1
1.367938e-04 1
5.841501e-06 1413
1.127228e-04 45057
5.970811e-05 856
3.197519e-05 1
6.641154e-06 5
1.102696e-04 2
2.589795e-05 1
5.521584e-05 3
1.763220e-05 1
9.063136e-05 1
2.476459e-04 516
8.338979e-06 1
4.471023e-06 6
2.400669e-05 1
1.525166e-05 1
1.253024e-05 3
3.759547e-05 1
8.894917e-06 3
4.498370e-05 1670
7.364784e-05 3
3.968698e-05 1
5.772646e-06 1
1.497890e-05 7
2.271216e-05 42
3.022077e-05 1
1.057785e-05 1
6.632970e-06 3
3.353690e-05 3
1.163337e-04 2
6.377644e-05 3
2.605299e-05 2
3.310753e-05 4
3.987468e-05 7
4.507486e-05 1
1.565737e-05 2
7.848805e-05 3
7.064835e-06 1
2.463310e-05 5
6.532153e-06 145
6.931590e-05 1389
2.530048e-05 1
7.572443e-05 1
3.456708e-05 2
1.947613e-05 2
2.284087e-05 1
6.235380e-05 1
8.607114e-06 1
3.187472e-05 1
7.238785e-05 135
7.026944e-06 1
9.367472e-05 778
2.429876e-06 5
1.944049e-05 6
8.696055e-05 2
6.215398e-05 1
1.058781e-05 1
6.163692e-05 1
1.890091e-04 1
1.726994e-05 1
2.331812e-05 1
3.976858e-05 1267
8.627857e-05 1
7.966629e-05 1159
6.951733e-05 28
3.378694e-05 1
1.209266e-05 509788
4.269857e-05 1
7.120319e-06 3
4.604692e-06 50105
1.152678e-04 1
4.095580e-05 2
2.471642e-05 1
3.872280e-05 1
1.168908e-04 1241
2.759226e-05 1
1.406894e-04 1
2.149157e-04 1
3.113914e-06 2
1.945345e-04 4
2.036305e-05 1
3.164822e-05 2
8.863325e-05 72
1.565186e-04 1
5.374678e-06 2
4.997152e-05 6
3.703723e-07 1
1.870193e-05 1
6.896714e-06 1
3.466236e-05 1
5.169333e-06 1
2.698472e-05 6
3.314760e-05 5
9.912763e-05 4
9.778691e-05 4
6.100605e-05 1
4.033733e-05 86
9.620896e-05 42
5.134570e-05 6
3.305594e-05 1807
3.472187e-05 1
1.048857e-05 7
7.683625e-05 7
2.300228e-06 318
6.275875e-05 1
1.012636e-05 1
1.135595e-04 3
1.432476e-05 1
1.749272e-05 1
1.904906e-05 1
2.719299e-05 1
1.028445e-04 1
7.712844e-05 1
7.753936e-06 2
1.887533e-04 6
2.597125e-05 1556
5.031188e-06 117
2.435602e-05 2
1.061087e-05 1
2.455127e-05 7
8.107398e-07 122
1.587505e-05 3
5.132468e-05 6
4.831286e-05 1
5.208599e-05 1
4.909109e-05 1
1.446504e-04 1
9.052109e-05 1
1.770113e-05 144
1.871247e-05 3
1.000430e-04 2
2.041372e-05 1
7.276736e-05 3
7.616651e-05 1
1.102383e-05 1
4.905451e-05 17
6.468983e-05 48738
3.601640e-05 2
5.502711e-06 20766
6.647670e-05 1
2.535297e-05 1
3.129749e-05 1
8.089730e-06 5
2.141326e-04 1
1.270989e-04 1
2.192028e-05 1
1.081308e-04 1
2.849119e-05 1
7.242179e-05 7
6.317596e-06 1
1.011398e-06 1
4.325518e-06 7
4.757830e-05 1
4.484962e-05 193
6.316448e-05 1
4.887523e-05 1
1.612171e-05 3
9.319504e-05 2
2.570618e-05 1
5.694196e-05 5
3.781973e-05 1
7.004881e-06 1043
6.265370e-05 39
2.487241e-05 1
1.561730e-04 2
1.613321e-06 2
8.990530e-06 1
3.685030e-06 5
1.421299e-04 3
3.591062e-06 1
1.335858e-05 1
1.431142e-05 1
1.906063e-05 1
4.161179e-05 1
9.606978e-06 3
2.209676e-05 3
1.034148e-05 1
3.549955e-05 6
3.078335e-05 104
1.199369e-04 1
5.958069e-05 4
2.811779e-05 31768
2.626278e-04 1
7.841611e-06 1
7.471253e-05 3
2.026839e-05 39
5.037703e-05 2
2.463535e-05 60868
4.461360e-05 1
2.993241e-06 1
6.924693e-05 3
3.966984e-05 1
4.960005e-05 3
5.526643e-05 1
6.658825e-05 106
2.708044e-05 1
1.210815e-06 1
3.440681e-05 7
2.028644e-04 1
3.946349e-05 263
4.587575e-05 1
1.009539e-05 1
1.788630e-05 1
4.450710e-05 1
2.485845e-05 1
2.066100e-05 10
4.229387e-05 129
4.504541e-05 2
4.636247e-05 57429
2.070310e-05 1
5.240146e-07 1
2.513619e-05 1
3.227442e-06 1
4.585754e-05 1
6.800042e-05 1
6.086490e-06 1
1.689735e-05 1
2.075427e-05 182
3.669755e-05 89
5.535762e-05 1
3.161052e-05 1
1.487020e-04 1
3.563851e-07 3
6.885024e-05 1
2.433734e-05 1
7.773423e-05 1
2.271905e-05 131
1.765084e-06 1
6.119999e-05 4
6.911403e-06 1
1.738618e-05 1
4.886902e-06 1
1.692682e-05 1292
1.055726e-06 1
1.944903e-06 1
3.740987e-06 251
2.606210e-05 1
9.264090e-05 1
3.509143e-05 2
2.391125e-05 3
9.550553e-06 2
1.857530e-05 1
5.789338e-05 1
1.991702e-05 3
8.530307e-05 1
5.843973e-05 126
1.853087e-05 170
1.539731e-04 142
1.217028e-04 1
4.141181e-05 2
8.526785e-05 1
3.470586e-05 3
1.111822e-05 1
1.444429e-06 1
3.840587e-07 1
3.537350e-05 446264
1.528251e-04 2
7.740917e-06 1
7.322469e-05 6
2.396603e-06 56257
3.357639e-05 1
4.122168e-06 1
6.906919e-06 242
1.054034e-04 1
6.270345e-05 1
2.311365e-05 1
7.094471e-05 1
4.205851e-05 1
2.488764e-05 251
4.264864e-05 4
7.890243e-05 1385
9.214899e-05 1
6.026313e-05 1
4.920203e-05 1
9.581041e-06 2
2.631973e-05 1
5.173813e-05 1
2.208667e-05 3
2.842765e-07 47
1.463271e-05 4
8.407938e-06 231
9.891800e-06 3
2.380923e-05 1
3.828100e-05 5
1.293657e-05 1
1.797678e-06 12
9.192143e-06 1
7.153572e-05 1
2.094458e-05 1
6.105735e-05 6
1.149295e-04 2
6.846835e-08 1
7.712583e-05 1
1.156381e-05 1977
2.367305e-05 109
4.230103e-06 580
1.465851e-04 3
1.369007e-05 7
3.235104e-06 1
5.354991e-06 1
9.544370e-06 1
4.727879e-05 1
8.052175e-06 3
1.692067e-05 1
2.372277e-05 1
9.187391e-05 1
8.981144e-05 1
8.480531e-05 1
5.064942e-05 1550
3.357693e-08 2
6.581148e-06 1
1.064621e-05 1
7.733700e-05 7
6.669353e-05 6
4.305563e-05 2
1.299606e-04 185
4.566518e-05 3
6.175896e-05 1
2.177153e-05 153
9.037433e-05 1
4.459818e-06 221
6.083501e-05 6
5.626177e-06 1
2.531285e-05 1
1.439394e-05 2
4.123834e-05 1
2.031963e-05 1
2.943374e-06 19641
1.620277e-05 5
1.126402e-05 57
1.064888e-05 4
4.537261e-05 796
7.508508e-05 1
5.660857e-05 1
3.480471e-05 2
1.575461e-05 7
7.141561e-05 249
8.300963e-05 1
6.481265e-05 1
1.030052e-04 1
1.496839e-05 37232
3.378072e-06 1
8.397829e-05 7
1.395660e-05 7
2.528175e-05 1
9.480800e-05 1
1.414096e-04 6
1.635170e-05 1
1.963418e-05 1
6.693814e-05 4
3.574441e-06 6
5.348315e-05 3
2.397434e-05 1
4.944026e-05 1
2.497641e-05 7
1.740016e-05 168
2.153623e-07 1
1.394255e-05 1
5.012953e-05 1
4.961044e-05 2
3.336610e-05 2
1.211892e-05 1
4.293748e-05 3
1.225635e-05 3
9.746469e-05 7
2.088488e-05 1
6.987189e-05 1
2.612441e-05 5
2.560626e-06 7
1.982954e-05 1
4.574404e-06 254
1.781748e-05 299
2.281909e-05 169
3.371446e-05 1
1.739551e-05 1
1.399852e-05 177
2.170296e-05 1
1.107916e-04 2
3.240598e-05 2
9.418294e-05 5
1.559740e-05 5
4.213674e-05 1
5.767010e-05 3
1.846167e-05 862
5.377446e-05 270320
9.867171e-06 1
9.688719e-06 1
3.939118e-05 267
2.106479e-05 2
1.487033e-05 1
1.036940e-04 6
8.144256e-06 256
4.172357e-05 2
1.878533e-04 1492
4.791331e-05 552
4.142000e-05 2
1.048179e-04 62
2.172331e-05 1873
3.695399e-05 2
4.829759e-05 1
5.305519e-06 89
1.540988e-05 1
1.392752e-05 1
1.044213e-05 1
4.815250e-06 356
1.188649e-05 1
7.371331e-06 1
4.109792e-05 3
1.072983e-06 1
7.504330e-05 682
1.331001e-05 2
7.023202e-06 1
3.900658e-05 1
4.385360e-05 13
7.552279e-05 1
1.532381e-04 2
3.897178e-05 17395
7.897660e-06 146
2.419306e-07 65681
1.219242e-04 2
4.779873e-06 1
9.177909e-05 2
7.627084e-05 1
5.279818e-06 951
8.967555e-06 3
4.863642e-05 2039
1.201092e-04 57377
1.151548e-04 1
1.010683e-04 1195
2.079740e-06 26
4.778237e-05 2
3.556957e-05 1760
7.373746e-05 193
9.266011e-06 60
7.305329e-06 1
2.616898e-05 1
8.631281e-05 1
2.069875e-05 97
8.876254e-06 393
1.082567e-04 1
3.467808e-05 1
3.878887e-05 1
1.387568e-04 1
3.005070e-05 2
5.494935e-05 1
8.410486e-05 1
1.370935e-05 1
1.996759e-05 3
1.034488e-05 36927
6.654509e-05 2
1.883045e-05 1
4.160884e-06 1
1.414993e-06 1694
4.279338e-06 1
1.320513e-05 6
1.489165e-05 5
8.141642e-05 49701
1.820403e-05 1
3.335967e-05 4
9.358695e-05 3
9.919031e-05 1
2.052621e-05 1
1.070528e-04 55482
3.283415e-05 3
4.757228e-05 1
2.263234e-04 1
5.895454e-05 1
6.080229e-05 9353
9.921194e-05 3
1.193321e-04 3
3.497668e-05 5
4.744994e-05 1
8.118155e-05 1
5.733299e-05 1
5.444960e-05 1458
6.289802e-05 1
8.821783e-05 1
9.934410e-05 1
2.165498e-05 2
8.336142e-06 14437
2.424346e-05 650
1.234267e-04 3
1.543370e-05 1096
2.012624e-05 1
1.891583e-06 47
1.348294e-05 2
8.091195e-06 172
6.453164e-06 1
4.599158e-05 9
4.617834e-06 1
3.378767e-05 2
9.947052e-06 4
4.875015e-05 74
1.157076e-04 1
1.643982e-05 1
2.745875e-05 1
9.687162e-06 1
2.053594e-05 556
1.071956e-05 240
8.192527e-05 3
1.877692e-05 3
5.629112e-05 6
7.964003e-06 229
2.344310e-05 1
1.157093e-05 1968
6.923585e-05 55335
4.998378e-05 1
1.396197e-05 1
1.040973e-04 1
9.775997e-05 3
2.620440e-05 6
3.647604e-05 40650
1.513978e-05 1438
1.718937e-05 363
7.687985e-05 2
4.347006e-06 233
4.049004e-06 84
1.169232e-05 4
3.978660e-05 4
1.024278e-05 1
8.170349e-05 1
1.148437e-04 1
1.230973e-06 3
3.691973e-05 1
5.866509e-05 1
1.256564e-04 7
1.570745e-05 4
7.647328e-06 1
2.259637e-05 994
1.797246e-06 1
4.486912e-05 170912
1.848195e-05 2
3.617018e-06 1
6.012826e-05 1
2.408559e-05 81
2.056474e-05 1
1.123389e-05 3
6.801582e-05 1
5.001212e-05 1
5.561429e-05 1
1.176848e-05 1
1.009563e-05 73
2.112521e-05 1
2.285859e-04 1
2.492531e-05 1
4.602378e-06 3
1.929880e-05 1
3.730286e-08 1
2.725580e-05 9888
4.369655e-05 1
3.293444e-05 2
2.615406e-04 1
5.056192e-05 1
1.112826e-05 2
3.898516e-05 2
4.757507e-05 1
1.480231e-05 1
1.508163e-05 221
4.624273e-06 1
5.426138e-06 2
1.584164e-04 1
7.384105e-05 1
1.762698e-04 1
2.778232e-05 3
7.788004e-05 1694
9.213101e-05 2
4.674135e-05 4
6.644115e-05 1
3.499556e-05 3
3.155609e-06 2
4.701577e-05 1
8.500377e-06 1
3.917689e-05 3
3.382550e-05 3
6.203509e-05 3
4.983699e-05 1
1.526530e-04 1743
4.331057e-05 1
3.445863e-06 3
8.223082e-05 11857
2.728193e-05 1
8.203133e-05 1
9.591064e-07 1
3.604955e-06 2
3.344956e-06 1
8.356692e-06 1
1.054993e-05 1
3.240957e-05 144
1.018808e-04 1
6.082212e-05 1
1.692414e-05 1
8.278337e-05 3
2.024787e-06 77
1.047694e-04 1
5.904357e-05 61
1.640404e-04 1122
4.500087e-05 2
5.247390e-06 36906
2.573116e-05 150
7.816028e-05 1608
9.845697e-06 1
8.764852e-05 60821
1.597090e-05 1
4.835547e-05 1
7.064571e-05 2
1.383098e-04 1507
5.934280e-05 1656
3.981378e-05 1870
5.770645e-05 3
2.652059e-05 4
5.094427e-06 1
1.082157e-05 7
7.621224e-06 1
3.850759e-05 31757
4.770880e-05 1
2.044823e-05 1
4.640354e-06 1
6.635567e-05 1
1.050379e-05 1
2.374790e-05 1
5.024181e-05 2
8.077761e-06 1
1.618655e-05 1
5.097473e-05 3
4.281834e-05 1
8.992245e-06 1
4.207805e-05 64025
1.279004e-05 40699
1.589019e-05 45904
2.615956e-05 1
2.904065e-05 1
5.343961e-05 1
1.402520e-04 1
2.021048e-05 1
1.101586e-04 61794
4.812993e-06 1
7.351330e-05 1186
1.262703e-05 1
6.622737e-05 3
1.129186e-04 241
4.458849e-05 1
4.837173e-06 958
2.901425e-06 3
1.904863e-04 1
7.233865e-05 181
3.813196e-06 1
3.514749e-05 1
1.233596e-05 1
4.201172e-06 1
9.535348e-06 6
3.757280e-05 179
3.928156e-05 1
8.858466e-06 4
4.112139e-05 3
1.074572e-04 3
3.561601e-05 1
6.452880e-05 2
4.802848e-05 193929
1.991557e-05 155
2.866406e-05 1
7.806124e-05 1
3.441148e-05 1
1.860106e-05 1
3.096428e-05 1
5.592198e-05 3
1.059926e-05 50354
2.916569e-05 1
1.056389e-05 1984
4.205426e-05 997
8.221777e-06 1
4.659253e-05 1
2.292896e-05 1
1.157665e-05 1
2.017632e-05 3
4.316572e-05 223
9.849165e-05 4
4.694103e-05 1
5.985238e-05 3
5.751525e-05 1
1.567466e-05 1
1.459193e-05 4
5.589583e-06 2
1.029376e-04 6
3.590051e-05 2
3.536067e-05 1
6.188768e-05 6
1.106702e-04 1
2.462534e-05 2
1.605973e-05 1
1.410039e-04 250
4.853613e-05 3
2.330803e-05 2
7.018326e-05 145
1.654300e-04 1
1.060328e-06 1
1.477783e-04 1
2.153707e-05 55769
9.402216e-05 549706
1.006781e-05 76
1.110643e-04 1
1.012151e-04 2
3.930432e-05 1
5.416240e-05 227
6.343251e-05 1
5.520611e-06 22
5.741388e-06 1
4.718270e-05 3
2.166764e-06 241
7.916209e-05 6
7.827740e-05 1
4.762505e-05 3
1.921098e-05 3
5.109172e-05 2
1.229781e-04 1
2.508812e-05 1
7.114350e-05 1
3.601364e-05 3
5.649816e-05 3
4.431117e-05 1
9.261297e-06 1
5.577481e-05 1
1.691458e-04 2
2.796274e-05 1
4.547905e-05 1
1.215085e-04 1
3.776322e-05 1
1.345430e-04 1
4.615965e-05 1
2.896499e-05 1
5.360685e-06 1
1.069169e-05 1
1.623030e-04 1
6.170732e-05 1
6.847289e-06 427221
8.467548e-06 6
2.645696e-05 58
2.273862e-06 2
3.450631e-05 1
1.048026e-04 1
3.807366e-05 1
3.361933e-05 1
1.067861e-06 5
2.937868e-05 1
2.414020e-05 1
3.024403e-05 1
2.449327e-05 1
6.686299e-05 1
5.817073e-05 1
8.924705e-05 2
1.446531e-06 230
3.156964e-05 3
1.765926e-06 1
3.046954e-05 54000
1.834170e-05 8872
4.376678e-05 1
3.063463e-05 6
5.810770e-05 62845
3.029498e-05 7
4.088789e-05 1
1.417855e-05 1
1.087707e-04 3
7.800930e-06 1
4.105167e-05 1
1.147026e-05 1
1.392464e-05 1
5.413257e-05 36316
1.802572e-04 1
1.401243e-05 1
2.041375e-07 3
3.265458e-05 1
1.020728e-05 2
1.687575e-04 1
6.193485e-06 2
4.073722e-05 1
2.378525e-04 1
1.960272e-04 1
1.096727e-06 1
1.242909e-06 74
1.415612e-05 1
5.208195e-05 2
1.573277e-05 1
1.174219e-04 6
9.849059e-06 1
1.619062e-04 2
8.119332e-06 2
2.048296e-06 1
1.677526e-05 173
2.557093e-04 1
3.390289e-05 3
8.426582e-06 64733
3.732656e-05 1
3.208754e-05 1
4.504265e-05 2
2.211006e-05 1
2.872813e-05 94
3.769939e-05 2
2.276646e-04 1985
3.334044e-05 3
8.438780e-05 3
4.037628e-05 1
2.070869e-05 65312
1.475999e-05 6
3.710415e-06 5
5.981867e-05 1
4.278042e-05 1
7.743865e-05 2
1.633017e-05 7
5.791140e-05 143
1.498462e-04 2
9.298209e-05 296
1.782384e-06 193
1.557810e-05 3
8.887667e-06 1
4.415503e-05 61164
1.060369e-04 137
4.580140e-06 3
8.862163e-05 2
5.263063e-05 149
1.638940e-05 631
2.273889e-05 1
1.806939e-05 71
7.444730e-06 2
4.387351e-05 7
6.506881e-06 237
3.833493e-05 3
1.248597e-05 7
1.796728e-05 1
8.959563e-06 1
8.105247e-05 1
3.836321e-05 1
4.901612e-05 3
9.043636e-05 5
7.497161e-05 706
5.206763e-05 1
6.966681e-06 1
8.385375e-05 1
3.232310e-05 6
3.425343e-05 1
5.585518e-05 1
3.491261e-05 4
4.611352e-07 3
2.591481e-05 1
4.171390e-05 1
1.264526e-05 3
4.460830e-05 1
2.582266e-05 1
3.695821e-05 1
6.141828e-05 1
4.244433e-05 3
5.046906e-05 1014
4.292061e-06 14596
2.194233e-06 2
7.573210e-05 1
1.394158e-05 320
7.640707e-05 1515
9.492354e-06 5
7.944334e-05 3
6.621241e-05 1
8.833287e-06 1
1.043669e-04 3
1.041062e-05 7
1.478676e-04 5
1.568442e-05 1
2.785264e-05 1
4.953784e-05 2
2.456062e-05 36167
1.004502e-05 1
6.018222e-05 204
1.271842e-04 1
1.815680e-04 83382
1.893602e-05 139
1.839144e-05 1
2.584642e-05 3
8.143604e-05 1
1.391469e-04 2072
1.148061e-04 3
1.697464e-05 7
6.516757e-05 1
5.501570e-05 1
1.422137e-05 1
8.439773e-05 173688
9.421891e-06 2
1.564831e-05 39
1.011791e-05 26
2.848516e-07 2
7.005792e-05 7
4.116810e-05 950
5.086714e-05 1
7.299279e-05 1
4.379859e-05 4
1.401608e-05 1
1.032880e-04 2
1.420293e-04 1
9.002197e-05 4
9.553553e-05 1
1.576576e-05 1
2.341846e-05 1
5.344618e-05 23881
6.549595e-05 62361
3.475355e-06 2
2.460945e-05 3
9.362429e-05 1
1.402761e-05 2
1.574197e-05 53386
1.211224e-06 1
3.067973e-05 6
2.798797e-05 361
8.039018e-05 2
4.790320e-05 64
1.235123e-05 5
2.818921e-06 1
5.836387e-05 3
1.195134e-04 133
1.000227e-04 3
9.532965e-06 1
1.129740e-05 1
1.331021e-05 1
1.538452e-05 1
8.674854e-05 3
9.845502e-06 3
1.821022e-06 1
1.130921e-04 2
1.261280e-04 1
1.349311e-04 1
3.095337e-05 1
1.209565e-04 2
1.408272e-05 55421
1.924324e-05 1921
6.913725e-05 82
6.251927e-08 3
5.352632e-06 1
6.643736e-05 1
2.280228e-05 2
6.033823e-05 1
9.885613e-05 1
5.514713e-06 7
2.591630e-05 1
5.016860e-05 1
8.972284e-06 1
3.340726e-05 1
1.341028e-05 1
8.646109e-07 205
6.317661e-06 1
2.351080e-05 1
1.090254e-04 1
2.985577e-08 1
3.626334e-06 2
7.319242e-06 1
7.422419e-05 1
1.121472e-04 1
1.592599e-05 2
5.334088e-05 26256
3.816105e-05 1
3.321407e-05 1
2.187711e-05 1
