6.136566e-05 1
2.215047e-05 1
3.019627e-06 3
3.422931e-05 1
8.271365e-06 1
1.630294e-05 1
2.935842e-05 1
1.610042e-05 1
7.775292e-06 908
4.542256e-05 1
1.187111e-06 7
1.057960e-05 2
1.017166e-05 2
1.136506e-05 1
3.251396e-05 1
7.934930e-06 2
2.274820e-06 1
8.692956e-06 1
3.074743e-05 12
1.208424e-05 1
3.326028e-06 1
2.308841e-05 1
4.896054e-07 4
5.468481e-06 3
3.903324e-05 4
5.231719e-05 1
2.913923e-05 1
2.505486e-09 2
5.335702e-06 1703
8.082198e-06 115
1.424185e-07 4
1.572760e-05 1
1.947718e-05 3
2.434009e-05 4
1.121059e-05 3
1.018208e-05 1
1.709343e-05 336165
1.263707e-05 1
2.221843e-06 1
1.169603e-05 3
1.934549e-06 3
5.593552e-06 1
1.085987e-05 1
1.476862e-05 2091
7.272718e-06 1
1.044050e-05 27
1.180833e-05 1870
3.062473e-05 3
3.865816e-06 2
1.546663e-06 2
1.009303e-05 1
7.963432e-06 95
2.607307e-06 1
2.621926e-05 1
2.664124e-05 1
5.780564e-06 3
7.997181e-06 1
2.490226e-07 2406
3.468752e-06 1
9.907857e-06 1
1.378257e-06 3
3.161833e-06 2732
1.499777e-07 3
1.842249e-05 3
1.564060e-05 1
7.737468e-06 1
1.881768e-05 192
1.018918e-05 2
1.510594e-06 26956
2.703815e-05 2009
1.501573e-06 1
7.062091e-06 1
1.311480e-05 1
3.360110e-05 1
2.253800e-05 754
1.568359e-05 1
2.313572e-05 3
4.914369e-06 1
8.851925e-08 5
6.037924e-06 2
1.027809e-05 1
6.675396e-06 1
1.475452e-05 1
1.855665e-05 1
1.212922e-05 1
1.128476e-05 16903
5.567463e-06 134
8.756671e-06 1
6.116714e-06 64122
6.256808e-06 1
7.163175e-05 1
2.736378e-06 1292
2.047828e-05 2
1.634958e-05 7
1.774143e-06 2
1.608874e-06 339
2.633295e-05 1
5.794746e-06 1
2.551869e-05 1
6.458786e-06 1
3.397319e-05 187
5.020846e-05 4
4.723720e-06 252
1.122599e-06 1
2.485453e-06 9
3.402678e-06 197
5.762738e-06 1
3.506409e-06 27051
2.480638e-05 32008
2.730914e-05 3
4.955864e-05 4
1.167086e-06 396
1.033575e-05 1
1.595926e-05 1
2.428269e-05 1
1.433811e-06 1
2.795996e-05 1
1.347442e-05 1
5.790282e-07 1
9.886039e-06 1
7.104285e-06 1
6.284453e-06 2
3.342618e-05 3
6.595201e-05 4
3.204669e-05 1
1.654997e-05 1
2.554985e-05 171
6.438752e-06 1
4.679926e-06 3
2.173676e-05 1
9.651892e-06 3
1.921523e-05 4
9.220854e-06 115
6.389503e-07 1
2.891662e-05 216011
2.912919e-05 7
1.408802e-05 58682
5.164529e-06 1
4.540954e-05 1
7.927997e-07 38
3.088001e-05 2
1.978111e-05 1
7.272588e-06 2
1.032700e-05 137
6.039486e-06 5
1.963894e-05 1
9.369459e-06 32132
9.857217e-06 7
3.395663e-06 1
3.257655e-06 1
1.710516e-05 1
4.656141e-05 4
2.422662e-06 678
1.564134e-05 3
4.807804e-05 3
3.638403e-05 101
1.737704e-05 122
2.183698e-05 1
3.246556e-06 1
1.135807e-05 1
9.437078e-07 1
2.740629e-05 1
3.289516e-05 1
1.475396e-05 1
1.610915e-05 2
6.229862e-07 1
1.142323e-05 7
6.478485e-05 514224
8.908643e-06 3
2.067982e-05 1
6.612914e-06 26
2.599676e-05 10309
1.383364e-05 1997
1.113428e-05 1
1.194893e-06 1
3.210349e-05 1
2.905479e-06 5
1.308820e-05 2
2.429542e-05 2
1.758247e-05 2
5.820451e-06 118
3.848367e-05 1
6.204634e-07 1
3.033283e-05 6
3.800602e-06 5
1.014309e-05 3
9.866306e-06 1
6.624332e-06 1
2.604592e-05 3
6.540886e-07 1
4.649316e-06 312
4.951581e-06 1
2.470994e-05 1
5.440724e-05 1
1.380541e-05 1
2.093128e-05 1
7.416904e-06 6
5.997234e-06 7
2.288288e-05 1635
6.810060e-06 1
2.890880e-05 1
2.688068e-06 7
4.699101e-05 1
2.029553e-05 1
2.333861e-06 3
1.208368e-05 1884
6.583132e-05 1
1.884697e-05 1
2.429043e-05 79
3.541432e-05 285
1.117501e-05 1
5.587979e-06 84
1.826549e-05 5
2.091412e-05 1
3.708973e-05 1
1.895254e-05 1
2.064524e-05 1
5.617383e-06 2
5.380387e-05 247
7.804814e-06 1
1.026094e-04 131
4.358672e-05 1
9.141838e-06 1
5.948642e-06 43
3.570511e-06 1159
7.071545e-06 1
8.931823e-06 2
2.424365e-05 2
7.895933e-07 1
5.277462e-06 1
2.686519e-05 1
4.203971e-06 3
5.949902e-06 1
4.318148e-05 1
3.134505e-06 961
9.952128e-06 3
3.570096e-06 1
6.372136e-06 1
4.396322e-06 246
2.797999e-05 246
6.895394e-06 142
6.054693e-06 1
8.478612e-06 1421
8.470236e-06 28688
3.936555e-06 5
3.038510e-05 1
2.105554e-06 1
1.294391e-05 1
2.069467e-05 1
2.734830e-05 148
1.316904e-05 3
1.326548e-06 1
3.499970e-05 14855
1.592833e-05 1
3.891724e-05 1
7.055033e-06 18
8.379986e-06 1
2.901661e-07 1
3.807159e-06 222
3.477293e-05 1
8.549881e-06 18887
4.245309e-06 2
1.911151e-06 1
3.740922e-05 1890
2.976384e-06 3
1.699564e-05 1
8.618572e-06 395
6.584787e-05 1
3.382279e-06 23
8.859905e-06 3
4.856718e-06 4
1.144761e-05 1
1.500160e-05 1
7.361438e-07 1
3.186875e-05 1
2.874498e-06 1
6.478255e-06 1
1.400245e-05 1
2.099843e-05 74
7.921619e-06 1
1.131495e-05 1
7.127983e-06 1
5.670184e-06 1
2.401517e-05 99
8.069580e-07 3
8.212080e-06 1
5.759568e-06 3
1.085719e-06 1
8.178215e-06 3
3.392892e-05 3
1.289515e-05 1
5.844411e-06 4
4.441408e-06 3
1.556564e-05 1
1.533923e-05 38695
1.035045e-05 7
7.665052e-06 1
4.610185e-06 4
1.647545e-07 1
1.340689e-05 1
3.304286e-06 1
2.509612e-05 1
7.927707e-05 1
2.248376e-05 172
1.608473e-05 2
1.495651e-06 1
6.409083e-06 4
1.442092e-05 2
2.239010e-05 1
2.014243e-05 1
5.339295e-06 9
7.133100e-07 1
6.057846e-06 2
3.326453e-05 2069
2.432153e-05 2
1.864742e-05 1
1.036784e-05 40
7.994706e-06 3
1.027424e-05 3
9.336695e-06 2
4.646438e-05 1
2.624700e-05 215
2.252209e-05 1
2.612859e-05 60712
4.214836e-07 1
4.000047e-05 57956
2.932112e-06 1
2.638064e-06 2
1.008337e-05 1
9.606638e-06 4707
8.600283e-06 3
5.941308e-06 90
3.539053e-05 1
6.222172e-06 49027
2.337617e-05 57
9.778043e-08 1
2.925530e-06 1
1.167722e-05 1
8.525880e-06 21840
7.494783e-06 1
8.210191e-06 1
9.063796e-06 1
1.473342e-06 1
5.112366e-05 1
1.105810e-05 6
4.616236e-06 3
3.688359e-05 6
2.315236e-05 6
1.184542e-05 245346
1.864901e-05 1
3.454823e-05 1998
3.140196e-06 3
2.073745e-06 1
7.489659e-06 2
1.681867e-05 1021
1.915042e-05 1
2.838443e-05 1
3.890214e-05 1
5.079740e-06 1
1.218037e-05 1
7.347075e-06 1
1.264492e-05 1
3.878019e-06 1
4.785611e-06 1
1.073835e-04 1
3.558269e-06 1
1.496327e-05 1
5.703142e-05 3
7.028951e-06 1
3.036660e-05 255
9.831462e-06 1
2.145581e-05 1
4.780649e-05 468
1.099550e-06 1
2.148965e-05 1
5.270505e-05 1
3.341770e-06 3
9.643734e-06 126
4.747767e-06 3
2.600650e-05 1
8.574547e-06 4
3.075628e-06 1
2.592508e-05 2
2.141150e-05 1
1.729874e-05 3
7.401055e-06 2
1.007019e-06 1
3.581203e-05 165
1.273860e-05 146
4.893024e-05 2
7.641673e-06 1
6.140537e-07 5
1.529043e-05 1
2.917446e-05 2
1.252241e-05 45
1.823233e-06 207
2.051331e-05 5
8.492709e-05 1
3.852577e-05 3
4.810135e-06 1
1.222222e-06 1
1.868623e-05 1
8.145831e-05 1
3.177765e-06 1
2.301380e-06 1
1.918088e-05 1219
3.234777e-05 119
1.296721e-05 1
1.069286e-05 4
3.677924e-06 1
5.517148e-06 1
2.407556e-06 3
4.577722e-07 1
1.789097e-05 584
6.968065e-06 1
1.929081e-06 1
1.658674e-05 1
2.703555e-06 3
3.381952e-06 417264
1.978221e-06 1
9.933961e-06 1
4.570874e-06 1
2.819583e-06 1
1.745293e-06 2
2.992520e-06 3
1.747451e-05 1
9.639710e-06 1
2.968928e-05 320331
5.266398e-06 251
6.740716e-05 3
1.242029e-05 1
5.033249e-06 1
3.629241e-05 1
4.569396e-06 381755
1.903204e-05 1
3.820769e-05 1
3.961703e-06 1
7.647124e-06 2
9.022790e-05 3
9.866842e-06 1
3.325277e-05 1441
1.140095e-05 1
2.113815e-05 1
1.751286e-05 2
5.908195e-06 1
3.193359e-05 48
2.219094e-05 106
2.900659e-05 5
1.024007e-06 2
1.414012e-05 3
1.481914e-06 1
2.409981e-05 1
2.666547e-06 1
3.771945e-06 1656
3.075731e-06 109
3.902348e-05 2
5.105951e-06 1
1.980707e-05 36389
8.755230e-06 1
1.149971e-05 3
2.963647e-05 2
5.242119e-06 1
4.041494e-06 1
6.306322e-06 230
1.573814e-06 5
3.503879e-05 1
2.446831e-06 1
8.123063e-05 1
2.106195e-07 1
1.767349e-05 1
3.255412e-06 148
4.884027e-05 2
8.523193e-06 1
8.107207e-06 1
2.961799e-05 1883
7.118609e-06 978
1.347782e-05 2081
9.883627e-06 2
4.265113e-05 244
1.656264e-05 1
2.921195e-06 1
5.191770e-05 224
2.538216e-05 1
2.330674e-05 1
3.023291e-05 261
1.178542e-05 1
2.765342e-06 1
4.389974e-05 2
6.665741e-06 1
1.713902e-05 1
6.873863e-06 6
5.878971e-06 1
1.091615e-05 1
1.571017e-05 1
7.129848e-06 2
1.295864e-05 7
3.331409e-06 2
6.764057e-06 1
9.704960e-06 1
1.333101e-05 1
6.154995e-06 7
2.559674e-06 1
1.160926e-05 1056
3.151410e-05 156
2.076918e-06 40
3.619950e-05 1
1.132547e-05 56
2.754486e-05 7
4.409346e-05 169
2.251052e-05 1
2.700450e-05 3
2.282297e-05 7
5.732119e-05 1
3.584800e-06 5
3.000778e-05 183
4.099784e-05 2
4.326479e-06 1
2.939751e-06 1
1.262203e-05 703
4.504989e-05 6
2.197396e-05 1
1.293232e-05 3
4.905616e-05 38
1.900905e-05 7
3.531124e-05 1
3.345096e-05 1
4.817265e-05 1
3.512569e-05 5
2.923226e-06 1
3.034119e-06 1
5.609687e-06 1
5.527637e-05 2
6.601942e-06 3
2.193252e-05 1
1.027459e-05 1
3.404308e-05 1
4.817351e-06 2
4.246874e-06 1
5.166614e-06 5
1.627566e-05 2
1.618800e-06 3
2.440770e-06 47407
1.096079e-05 1
1.073499e-05 1
3.964268e-06 33888
4.254064e-05 1
6.399793e-06 1
1.907807e-05 53035
2.899630e-05 1
5.078701e-06 3
2.410589e-05 1592
1.842483e-05 1
4.966647e-05 164
1.530766e-05 1
1.103868e-05 2
1.796193e-05 1
1.184967e-05 4
4.514288e-06 7
6.754537e-07 122
3.944577e-06 1
3.913484e-06 4
1.177687e-05 1
5.092534e-07 1
2.609999e-06 2
3.233686e-05 3
1.772653e-05 1
4.915226e-06 1
6.514258e-07 3
2.537566e-05 1
8.548077e-06 1
7.896810e-06 153
2.753424e-05 2
1.920817e-05 293700
6.588456e-05 1
6.457547e-06 5
2.461485e-06 43654
2.666635e-05 1
3.035893e-06 1
2.793415e-05 1
1.976139e-06 3
2.640295e-05 1
1.653166e-05 1
1.570722e-05 1
2.673214e-05 3
1.489360e-05 2
1.763104e-05 352
2.308556e-05 27176
3.479127e-06 3
9.773658e-06 1
2.562991e-05 1
1.791343e-05 298432
1.273253e-05 3
7.574820e-06 867
8.608587e-07 3
1.621237e-05 1
1.826860e-05 1
3.395429e-06 1
6.497682e-07 2
4.995279e-06 3
1.151269e-05 1279
3.510926e-06 5
6.554033e-06 173
1.566567e-05 1
1.115392e-05 129
3.348685e-05 1
1.399071e-05 1
1.242981e-05 2
5.829521e-05 4
1.003498e-05 1
1.003786e-05 5
1.298648e-05 1
1.802256e-06 1
5.880657e-06 1
2.983272e-05 1
3.015425e-06 1435
5.229647e-07 2087
7.436484e-06 7
2.733379e-05 1
2.517750e-05 241
5.672887e-08 1769
1.079174e-05 5
2.313924e-05 1
7.030279e-07 4
2.673137e-05 2
2.155985e-05 21086
1.126338e-05 1
2.629064e-05 1
6.902438e-06 1
1.753580e-05 1
4.834459e-06 1
3.253791e-05 1
2.147097e-05 2
1.773513e-05 1
4.772911e-05 1
5.016483e-06 1
9.372070e-06 1
4.197185e-06 1
1.876531e-05 1
1.277767e-05 1
3.343481e-05 1
2.439556e-05 4
2.211289e-05 1
9.358637e-06 1
1.375668e-05 2
2.061188e-05 1
4.398702e-06 1
8.416458e-06 1
4.064193e-05 1244
1.876002e-05 1
1.436946e-05 1
7.026801e-05 2
1.278208e-06 1
4.724469e-06 506767
1.944665e-05 3
1.320936e-05 255
3.551368e-05 1
2.688683e-06 40
1.997483e-07 40571
8.056661e-06 1
1.800143e-05 1
1.197050e-05 3
1.343235e-05 2
1.119192e-06 3
1.609450e-05 228
4.819103e-06 1
1.943304e-05 1
7.459008e-07 1
1.826331e-05 26
4.880682e-05 1
1.069101e-05 1
7.881286e-06 3
5.391388e-07 1
1.426320e-05 1
6.896244e-06 1
2.646430e-06 1
1.829046e-05 157
2.624392e-05 1
7.646056e-05 1
2.083956e-05 1
1.724093e-05 1
1.086301e-07 3
1.493666e-05 1
3.538448e-05 1
1.233070e-05 1
1.135703e-06 1
1.458013e-05 1
3.452351e-06 1
1.557746e-06 4
2.248521e-05 1
2.971761e-05 6
1.377507e-05 3
3.549197e-06 3
6.938250e-06 1
2.335500e-06 1
1.227504e-05 7
8.970625e-06 2
6.504196e-05 6
5.062136e-05 523
2.554076e-05 28827
1.084768e-05 1
1.990864e-05 1
7.268813e-06 1
1.196037e-05 3
3.573226e-05 647328
3.502328e-06 788
2.580016e-05 4
1.202814e-05 53413
2.306340e-06 1
1.630732e-06 176
1.776560e-05 1
2.121455e-05 3
7.123279e-07 65
1.093093e-05 3
2.284616e-05 1
3.191962e-05 1
4.622743e-06 1
8.951322e-06 1
3.273589e-06 4
1.086087e-05 1
9.940044e-06 1
2.421210e-05 1
1.537943e-05 7683
2.446723e-06 2
1.848612e-05 3
2.910721e-05 3
1.514003e-05 1
1.080571e-06 5
1.680301e-06 1
8.553031e-06 1
4.340941e-05 3
2.374401e-05 5
3.305378e-06 1
3.615468e-05 3
1.764930e-05 3
1.403826e-05 1
1.745810e-05 6
5.504231e-05 4
9.345923e-06 181
7.785307e-06 3
2.670645e-05 1
1.633746e-05 2
1.292062e-05 1
1.825434e-06 1
2.212594e-06 1
2.338551e-05 1
1.971418e-06 6
9.025544e-06 63
2.613108e-05 7
4.035097e-05 2
7.264705e-05 1
1.389958e-05 4
3.789801e-06 2
1.964183e-05 2
2.947274e-05 2
3.221432e-05 1
1.038047e-05 1
3.707936e-06 432788
1.858868e-05 2
1.237034e-05 4
5.331824e-07 54763
5.104684e-06 1
2.734681e-05 1
2.898096e-05 146
4.426991e-06 2
3.439306e-06 1
9.817219e-06 36347
1.212913e-05 1
1.801915e-05 1
4.797178e-05 1700
4.400770e-05 1
6.012652e-06 1
3.684847e-05 7
3.359185e-06 1
4.017761e-06 2
1.240583e-05 1
3.043157e-05 3
8.345085e-06 2
1.516348e-05 1
7.374319e-07 1
1.696433e-05 1
7.220039e-05 1
1.200898e-06 2
2.612028e-06 3
1.581664e-05 1
8.058250e-06 1
9.612951e-06 2
1.329963e-05 1
3.216555e-05 817
4.259477e-06 1
7.737174e-06 186
3.375505e-06 3
1.904096e-05 5
1.010921e-05 1
3.320960e-05 1
5.037864e-05 1
1.821460e-06 1
2.107281e-05 1
2.411809e-06 3
5.237443e-07 2
8.993409e-06 1
4.735246e-06 1
1.620942e-06 1
4.772600e-06 2
5.605272e-07 1
4.190638e-05 1
4.981972e-05 3
4.883138e-07 1
2.486904e-05 1
6.827469e-06 7
3.090696e-05 1
4.514510e-06 5
2.690980e-05 1
3.748921e-06 6
3.561194e-06 1
8.093253e-06 2
4.725566e-06 1942
3.010293e-06 1
5.582474e-06 5
8.545223e-06 1
1.489271e-05 6
3.174525e-05 3
1.892863e-05 1
1.832953e-05 1
2.389261e-06 1
7.709943e-06 1
5.788606e-06 1
1.473290e-05 1
1.854100e-05 1
3.437432e-06 2
1.667208e-05 3
1.702320e-05 1
2.897762e-06 1
7.874684e-06 1
3.150028e-05 1
8.855966e-06 1
1.362579e-05 1
4.565112e-07 1
2.539836e-06 4
1.523994e-07 2
6.029345e-06 1
3.202527e-05 2
1.577262e-05 1
4.652766e-05 7
1.970035e-05 1
2.213065e-05 66
3.136551e-05 1
1.745932e-06 1
1.821743e-05 1
1.653966e-05 2
1.266942e-05 1
6.149753e-06 2
2.628350e-05 7
8.584334e-06 2
1.344478e-05 131
4.385859e-05 1
4.457340e-06 65149
2.690153e-05 1
3.702264e-06 3
1.860892e-05 3
3.030007e-06 211
4.035555e-06 6
3.828138e-05 5
8.055204e-06 1
1.063165e-06 1
1.398962e-05 1
1.068787e-05 1
1.145124e-05 2
2.144891e-05 213
4.142266e-06 1
9.125225e-06 1
5.925548e-06 1
6.885278e-06 1
2.002325e-05 208
8.217781e-06 88
1.041668e-05 1370
1.729426e-06 1
8.959661e-06 2
1.731638e-05 1
4.569579e-06 1
1.022545e-05 1
1.596625e-05 1
2.037690e-06 1
8.059201e-05 1
1.329672e-07 1
2.647551e-05 3
1.348479e-05 170
5.071763e-06 3
1.484246e-05 1
2.946823e-06 1
1.656357e-05 1
6.772963e-07 121
1.364412e-05 2
2.157784e-06 106
7.999760e-07 1
2.654291e-05 7
2.204536e-05 3
7.253052e-06 1
8.037260e-05 1
2.818170e-05 3
7.291483e-06 3
4.634240e-06 1
1.466552e-05 1
6.363452e-07 923
6.033547e-06 48265
8.511202e-06 3
3.584392e-06 1
9.559520e-06 1
4.030723e-06 7
3.019288e-05 1
2.543937e-05 1
2.367955e-06 1
4.062678e-06 1
7.896707e-06 63
7.708115e-06 2
2.808506e-05 1
3.511854e-05 1
4.933866e-05 2
1.466946e-05 1
5.651932e-05 220
1.268286e-06 1
9.657442e-06 213
1.348207e-05 171
3.756412e-06 447
1.231403e-06 167
1.437175e-05 2
3.051399e-06 116
4.267632e-05 2
1.358351e-05 1
8.105998e-06 1
2.124584e-07 1
3.494463e-06 82
4.321665e-06 1
2.334584e-06 1
2.395194e-05 2
2.505762e-06 227
7.210243e-06 1
2.609766e-05 2
7.054234e-06 6
3.444164e-06 1
2.407973e-06 77
1.552642e-05 1
4.997701e-05 1
2.348290e-05 1
1.311905e-05 1
4.250558e-05 1
3.194183e-05 2
1.771147e-05 1
6.518332e-06 137
8.883450e-06 1
2.541522e-06 1
4.460877e-06 229
1.556127e-05 3
3.194076e-05 3
2.646813e-05 602
5.837028e-06 1
1.300734e-05 1
6.013512e-06 1
1.941990e-05 1
2.426031e-05 1
5.869384e-07 3
1.612616e-05 134
3.130559e-06 1
6.103930e-06 52
3.605460e-05 157
9.991954e-06 1
4.281258e-06 1
1.011897e-05 3
7.022469e-06 1
3.163958e-05 3
1.649783e-06 3
7.279495e-07 4
1.706968e-05 1
1.988737e-05 1
9.338357e-07 3
1.752436e-05 1
4.473506e-05 2
5.653446e-06 2
1.167669e-04 3
4.827230e-05 185
4.408834e-05 1
1.395686e-05 1
1.720755e-05 3
2.621377e-06 1
1.570996e-06 2
3.624462e-05 4
3.993887e-05 4
1.636892e-05 1
8.446446e-06 1
7.690528e-06 1
4.953199e-06 1
2.619242e-06 3
1.637478e-05 194
6.137652e-06 1
1.399089e-05 1
3.930076e-05 1
2.290696e-06 1
2.135381e-06 1
1.183815e-05 1
3.257804e-06 103
8.176554e-06 2
1.771101e-05 6
8.269118e-06 1
1.376092e-05 1
2.615485e-05 1
1.137406e-05 63394
1.085216e-05 2
1.881237e-06 55
6.693770e-06 2
3.155039e-05 568
6.123793e-06 7
1.121605e-05 3
1.305876e-06 2
3.711793e-07 1
1.997493e-05 1
6.279326e-06 454
7.577113e-06 860
1.044399e-05 491771
2.627464e-05 1409
3.365380e-05 1
2.514447e-05 1
1.111441e-05 136
4.339250e-06 1
2.330282e-05 4
1.805239e-05 1
4.949182e-06 1
1.896475e-05 1
4.841610e-05 1
1.972820e-05 1
1.629440e-06 4096
2.528089e-05 1
1.481659e-05 1
2.794216e-06 7
9.625259e-06 5
2.406350e-06 1
7.449857e-06 1
5.016457e-06 1
6.441530e-05 5
3.472606e-05 2
6.758185e-06 29510
1.172849e-05 1
2.677516e-05 2
6.952843e-06 1
2.312173e-05 1
6.320690e-06 1
1.508253e-06 2
3.102372e-05 3
3.261129e-07 5
1.369068e-05 1
3.768395e-06 1
1.063479e-07 1
2.123654e-05 3
1.207315e-05 1
5.077868e-06 2
1.010955e-04 3
2.429984e-05 1
9.939401e-06 4
4.438330e-06 3
9.855741e-06 2
3.321239e-05 1
1.572317e-05 1
6.594034e-07 217
1.095189e-05 1
1.611746e-05 1
4.714002e-06 3
7.733190e-06 1
3.199958e-05 1
2.583485e-06 648
2.553722e-05 5
4.955606e-06 42472
3.040074e-06 23961
4.343695e-05 1
2.783063e-05 1
3.306024e-06 179
3.061165e-05 3
2.046976e-05 1
7.323244e-06 3
4.559598e-06 1
1.503534e-05 3
2.312637e-05 1
1.557920e-05 1876
2.484194e-06 99
1.494388e-06 1
4.432570e-05 75
8.140448e-06 1
3.628100e-06 4
5.266327e-05 3
2.018316e-06 4
3.425049e-06 1
1.246400e-05 2
8.204234e-06 1
9.989760e-06 6
4.413296e-06 1
7.386675e-06 1
1.607456e-05 3
3.135741e-05 692
4.132042e-05 3
3.253306e-06 1
3.504999e-05 1
4.853452e-06 3
1.166854e-05 1
3.705712e-05 3
2.800131e-05 65
1.875187e-05 17961
7.580308e-06 1
1.320062e-05 257
4.670015e-05 1
1.508580e-06 7
8.938426e-06 1
1.206578e-05 1
4.757000e-06 2
3.157769e-06 265
2.711106e-05 2
3.380152e-06 114
8.647320e-06 7
4.987915e-06 1
8.960665e-06 1
1.165234e-05 1
6.208414e-07 3
2.204299e-06 1
7.902938e-05 2
3.719072e-05 1
5.412902e-07 4
3.036538e-05 6
6.310404e-06 2
2.797317e-05 1
2.572286e-05 1278
1.424969e-05 289775
5.514347e-06 147409
3.249624e-05 1
4.282319e-05 106
3.218868e-07 2
1.929504e-06 3
5.724500e-06 1
2.385971e-05 21
4.421438e-06 7
1.554184e-05 1
3.513054e-06 53741
3.514943e-06 1
1.460052e-05 3
3.045859e-06 1
2.174986e-05 1
1.695265e-06 375893
5.672633e-05 7
5.047407e-06 4
1.608832e-05 1
1.057553e-05 6
1.612211e-05 7
4.468443e-05 610
2.504968e-06 1
4.188531e-05 1
6.801066e-07 3
1.389914e-05 3
1.511386e-05 1
5.938673e-06 4
2.929025e-05 1
6.529969e-06 3
2.229307e-05 1
3.007443e-05 3
2.550313e-05 2570
5.176025e-05 4
1.385848e-05 1
9.903624e-06 1
1.204937e-05 3
2.165997e-05 1
2.326501e-06 3
1.121639e-05 1
3.750451e-05 1
9.538813e-06 1
1.018404e-05 1
7.397781e-06 1
1.258014e-06 1
2.368359e-05 4
1.002786e-05 56
3.886789e-05 1
1.446026e-05 79
3.985055e-06 3
1.996378e-05 54924
2.764008e-05 1505
1.082070e-05 1
3.866752e-07 1
6.618708e-06 1
5.187203e-06 1
1.146987e-07 1
3.332596e-06 1
8.707546e-06 3
1.237414e-05 1
2.285324e-06 68
1.313440e-06 1
3.390631e-05 1
1.738409e-05 1
2.999688e-05 228
5.012584e-06 923
2.997826e-05 7
1.221132e-05 1
6.790418e-06 1
1.124979e-05 1
1.483401e-05 1
2.426798e-05 1
6.077803e-05 187
6.057466e-06 3
1.956899e-05 1
7.886644e-06 200
1.852970e-05 222
3.051589e-05 1
3.524288e-05 1
6.857642e-06 1
3.346808e-05 2
8.198603e-06 947
2.761792e-06 1
6.055185e-05 5
1.279217e-05 183
6.150091e-06 7
6.774744e-06 214
1.867279e-06 1
2.317798e-05 1
3.464134e-05 6
2.142793e-05 1
2.292516e-06 2
1.033936e-05 3
1.566268e-05 1
5.381039e-06 3
2.747693e-05 1
4.237837e-05 3
1.918873e-05 1
1.738845e-06 1
3.891696e-05 2
2.142419e-05 171
3.237134e-05 3
7.136129e-06 1
1.562932e-05 1
1.527439e-06 3
3.262137e-05 1
6.219067e-07 6
2.447886e-05 577
1.601095e-05 59
1.980928e-06 4
2.163568e-05 5
1.865862e-05 1
2.396551e-06 55468
5.485882e-06 1188
1.905854e-05 1
1.423179e-05 1
1.362342e-05 15776
1.884820e-06 188
6.979258e-07 1
1.104734e-05 1
6.280737e-06 3
6.566759e-06 3
4.636749e-06 1
1.121289e-05 1
1.722931e-05 184
1.782590e-05 1
1.358296e-05 19363
2.365462e-05 2
7.529643e-06 1
2.675834e-06 3
1.191422e-07 173
1.949322e-05 3
4.076622e-06 6
3.421317e-05 1
7.067584e-06 3
2.538581e-05 2
8.688127e-06 2
4.220059e-06 23
1.607329e-06 1
3.464576e-05 1
1.624339e-05 1
3.247062e-06 7
1.543075e-06 1
3.128861e-05 166
3.771452e-05 1
8.548019e-06 1
8.944063e-06 3
6.486159e-06 4
1.117806e-05 1
2.972491e-05 62
6.151028e-06 5
1.002365e-05 1
1.956323e-05 1
7.644998e-06 1
6.885541e-06 1
3.361939e-05 1
3.070034e-05 194
7.371369e-06 1
1.059473e-05 5
2.207540e-05 1
8.984362e-05 1
9.858422e-06 1
9.703693e-06 1
1.018472e-05 1
1.574089e-06 238
8.062444e-06 6
9.045733e-06 2
5.781309e-06 217
1.895079e-05 2
1.440252e-05 1
5.110705e-05 2
1.842274e-05 1
9.836075e-06 1
3.630923e-06 1
3.830421e-05 1
6.353601e-06 264
2.913559e-05 1
2.405578e-05 1
1.072108e-05 248
1.149921e-05 1
4.197986e-08 65
3.009742e-06 1458
1.797075e-06 2
3.451898e-07 388
2.404831e-06 53961
4.182153e-05 1
1.840680e-06 19540
2.151022e-05 3
1.113407e-05 3
2.481673e-05 3
2.032952e-05 5
2.728467e-05 1
1.856850e-05 1
2.477755e-05 1
1.063804e-05 1
6.551158e-06 1
1.221671e-05 2
7.287344e-06 3
4.371717e-06 1
3.997525e-06 216
1.044318e-05 161
9.780333e-06 56
1.684776e-06 1
1.066067e-06 58366
2.423740e-05 2
4.500772e-05 3
9.825179e-06 2
3.026971e-05 2055
5.160845e-05 5
1.411901e-05 3
2.262671e-05 49657
1.863189e-05 1
2.873369e-05 21126
1.575160e-05 1
1.018304e-05 1
1.366707e-07 2
1.060333e-05 3
1.400346e-05 10327
4.027261e-07 5
4.261104e-06 1
9.766139e-07 2
8.759025e-06 1
3.217820e-05 4
1.135475e-05 7
4.881355e-05 1
1.447203e-05 1
8.236311e-06 839
3.543574e-05 89
2.279773e-05 2
2.051698e-05 1
5.665961e-05 4
7.890470e-06 1
1.204779e-05 1
5.873129e-07 1
1.230946e-05 5
2.400375e-05 1
2.559159e-06 1
3.489023e-05 4
3.516762e-05 3
3.069120e-05 1
7.031561e-05 1
3.968984e-06 911
2.689923e-06 1
2.438812e-05 2
6.278413e-06 1
6.702854e-06 1
2.193922e-05 1
1.291221e-05 3
4.404227e-06 3
1.418934e-05 3
4.781275e-06 1
1.656875e-05 1
9.000765e-06 1
2.251061e-05 1
2.519807e-06 5
2.384180e-06 3
7.823287e-06 1
2.497093e-05 3
8.580889e-06 15078
1.486373e-05 1
3.844235e-05 28999
3.935262e-06 232
1.926020e-05 1
3.839850e-05 83
1.517536e-05 1
2.908764e-05 5
1.347785e-05 171
1.049804e-05 6
5.474521e-06 4
2.991841e-05 1668
7.818826e-06 5
1.649889e-05 2
2.329904e-05 1177
7.253110e-07 16
1.726583e-05 1
2.869667e-05 72
5.502312e-06 1
1.392037e-05 1
2.581094e-05 4
2.782959e-05 1
3.317308e-05 3
8.975853e-06 28
7.018016e-06 1
2.266426e-06 1
1.025944e-05 194
6.842082e-06 1
6.323093e-05 1
3.688538e-06 1
5.899968e-07 3
3.999011e-06 1
4.433152e-06 1
8.760752e-06 1
4.612293e-06 2
3.946705e-05 1
3.710261e-07 223
4.419115e-05 1
3.295098e-05 1
2.195702e-05 4
1.454529e-05 1
6.986349e-06 6
2.980538e-06 940
6.748807e-07 1
2.430244e-05 257
1.283754e-05 3
4.137065e-05 1
2.691974e-07 1
5.048244e-06 1
1.202900e-07 2
1.468809e-05 1
2.315186e-06 5
4.643041e-06 2
9.732004e-06 1
1.072737e-06 1457
1.145299e-05 3
2.596986e-05 1
2.235876e-05 1
4.788515e-05 1
8.872443e-06 1596
5.187182e-05 1
2.683858e-05 912
1.993202e-05 37
1.510298e-05 1
3.139854e-05 1
7.292633e-07 1
9.535654e-06 1
2.444691e-05 397105
9.082038e-05 64656
1.031957e-07 3
2.373308e-06 5
8.662507e-06 1
4.986385e-05 5
3.741672e-06 2
6.515751e-06 182
3.641708e-06 1
1.263328e-05 1314
5.159240e-06 1
2.561318e-05 3
9.386073e-06 3
5.640851e-06 5
1.884972e-05 1
2.245016e-05 1
3.332156e-05 7
7.325272e-06 8419
9.000700e-06 1
3.546980e-05 177
1.150826e-05 3
1.571468e-05 1
1.858675e-05 1
1.952943e-05 1
3.327056e-05 2065
9.850729e-07 1
2.679777e-05 313
5.623357e-06 1
1.359951e-05 564
9.136161e-06 1
1.318209e-05 125
3.352632e-05 1
3.728983e-05 2
2.971818e-05 108
5.746391e-06 2
2.118922e-05 1
1.879183e-05 3
1.427825e-05 1
1.323528e-05 1
4.424063e-05 1
1.992678e-05 1
1.954195e-06 623870
1.295434e-05 5
6.062600e-06 1
3.387322e-05 1
9.230789e-06 6
1.952303e-05 6
1.986857e-05 7
2.043871e-05 1
8.133435e-06 1
1.811465e-05 3
2.697931e-05 3
2.522235e-05 3
2.669002e-05 3
2.530384e-06 1
1.058518e-05 1
1.776965e-05 4
1.062827e-05 1
1.615595e-06 7
4.595142e-05 1
1.923040e-05 2
2.410581e-05 1
1.708267e-05 2
5.685507e-06 1
3.424467e-06 1
7.431590e-06 1
6.675220e-06 7
8.126595e-07 3
2.940686e-05 1
3.167792e-06 1
1.809238e-05 2
5.243007e-06 1
4.666920e-06 7
6.041680e-06 47090
3.142975e-06 2
4.068687e-05 47030
2.518050e-06 4
1.603950e-05 1
4.794040e-07 1
4.356652e-06 1
1.595779e-05 1
2.348292e-05 1
8.602108e-06 1
2.951386e-06 7
4.329365e-06 2
9.274311e-06 1
7.520328e-06 1
3.965469e-05 3
2.294624e-05 3
1.879959e-07 15216
2.378570e-05 2
5.831560e-06 3
6.730783e-05 6
1.338365e-05 1
8.514697e-06 4
1.046870e-05 1
3.572871e-05 2
1.521494e-06 1
7.374707e-07 1
7.925486e-06 147
7.515140e-07 1023
8.878550e-06 3
2.287230e-05 3
2.623728e-05 1
6.257851e-06 1
4.135125e-07 1
9.319094e-06 1
1.186241e-05 3
6.951998e-06 1
5.605264e-05 4
3.746580e-05 1
1.561719e-06 1
4.098330e-05 42465
2.377090e-05 1
6.280872e-06 1
2.820371e-05 3
1.723946e-06 1107
1.722231e-06 2
1.308357e-06 1
7.319743e-06 1
3.794968e-06 5
9.209979e-06 3
3.527071e-05 3
4.137366e-05 3
4.143938e-07 3
1.444250e-05 1
4.796593e-05 4
7.232921e-06 1
1.403266e-05 1
2.432305e-06 3
2.458214e-06 107
2.252462e-06 1
1.940974e-05 1
5.299273e-05 1
1.657577e-06 1
3.756237e-05 2
2.721789e-06 1
2.603307e-07 1
1.544828e-05 1
1.484425e-05 1
1.293620e-05 1
1.714077e-05 1
2.153117e-05 4
9.347019e-06 7
3.232118e-05 5
2.948801e-05 1343
8.709309e-06 1
6.289192e-06 1
2.710475e-05 3
1.438887e-05 1
2.823398e-05 1
8.435057e-06 1
4.550224e-05 1
3.609115e-05 156
6.818926e-06 1
1.216281e-05 1
6.299149e-06 3
4.403830e-05 55713
3.181389e-06 34
2.420780e-05 1
3.983148e-06 220
1.272451e-05 1
2.918563e-05 1
1.548333e-05 1
1.125796e-05 1
1.949723e-05 2
3.633975e-05 1
3.581277e-06 148
4.489058e-05 4
3.148193e-05 1
2.402540e-06 3
1.641682e-05 3
1.826294e-06 1
1.285488e-06 194
1.839617e-05 1
3.017979e-05 1
2.788773e-06 3
6.395223e-07 1
1.774771e-06 1
1.623036e-06 1
8.399253e-06 1
2.301992e-05 1
1.389225e-05 1
1.094912e-05 164
9.337580e-06 3
1.122521e-06 1
8.262496e-05 4
1.859617e-05 7
2.985976e-06 2
2.788221e-05 50524
2.727233e-05 1
7.252281e-06 2
1.231710e-05 31
8.356891e-06 1
9.141393e-06 1
1.607777e-05 1
2.292073e-06 1
1.067926e-06 5
1.719716e-05 1
1.214591e-06 127
2.806961e-05 5
9.220485e-06 1
2.136836e-05 1
1.418293e-05 2
1.367349e-05 1
1.366821e-06 1
1.062297e-07 1
1.568784e-05 1
3.958852e-05 2
1.586277e-06 1
9.418481e-06 1
1.385092e-05 1
1.973756e-05 2
2.682753e-05 1
8.449612e-06 1
2.144756e-05 1
9.085380e-08 48
3.958833e-06 1
5.345427e-06 1
1.288560e-05 27115
3.975098e-06 1
1.586697e-05 1
1.169063e-05 1
3.801938e-05 36722
1.995531e-05 1
3.110024e-06 3
2.619166e-05 1
4.927802e-05 1
8.776626e-06 3
1.641146e-06 2102
2.004072e-05 1
2.272956e-05 1
4.323469e-05 1
1.616131e-05 1
1.697097e-07 1
7.535871e-06 1
1.445224e-05 1
8.652087e-06 2
7.154573e-06 1
1.218439e-05 2
1.861884e-07 195
5.702158e-06 1
1.435585e-05 93
4.382732e-06 1
3.747748e-05 1
1.893142e-05 1
3.708394e-05 1
1.917805e-05 2
1.124808e-05 1
5.692013e-06 3
3.264538e-05 1
1.191667e-06 1
5.802061e-06 1
2.408236e-06 1
4.701654e-06 1
1.267854e-06 1
1.126212e-05 3
7.890826e-06 1
5.264721e-06 1948
8.210587e-06 1
4.927541e-06 1
2.661320e-05 6
1.391062e-05 1
8.701359e-07 1111
5.059844e-06 1
1.113210e-05 1
2.956987e-06 2
1.564514e-05 4
9.460033e-07 1
9.349276e-06 226
3.323956e-05 1
2.642184e-06 2
2.131477e-05 1
1.189702e-05 1
6.662372e-05 300686
2.390163e-05 6
1.084610e-05 1
1.557131e-05 2
2.234293e-06 1
4.392422e-05 3
8.553102e-06 1846
1.966695e-05 1
9.594824e-06 1
1.860545e-05 780
1.811514e-06 3
2.349061e-05 6
1.182182e-05 4
1.163676e-05 1
2.401364e-05 2
6.685926e-06 1
7.224769e-06 1
1.829890e-05 47282
6.347858e-07 1
3.471910e-06 1
1.632322e-05 581
2.300010e-06 1
2.956021e-05 1
1.174490e-05 1
2.913806e-06 1
4.710482e-05 1
1.074015e-05 18361
3.687905e-06 1
2.082801e-08 1
2.070519e-05 4
7.285474e-06 13
1.619523e-05 799
1.732120e-06 1071
5.065158e-05 2
4.852393e-06 1
3.126006e-06 1
2.552200e-05 5
7.985041e-08 2
1.646881e-05 1
1.173547e-05 1
6.070441e-06 1
1.944676e-05 1
1.669200e-05 246
1.235614e-05 457699
6.347201e-06 2
2.649459e-07 657676
2.180122e-05 7
6.733322e-06 5
3.993067e-05 1
1.048352e-05 1
8.015916e-06 2
2.478061e-06 1
3.227883e-06 1
3.315893e-05 1
3.083405e-05 1
5.140612e-05 1
2.635237e-05 1
1.703131e-06 2
3.220905e-06 1
7.400462e-06 1
2.022777e-05 1
3.887368e-06 1
6.667688e-06 1
3.938549e-05 56
2.463910e-06 1
9.386900e-07 1
2.436410e-05 1
1.155834e-07 3
2.287379e-05 1
3.605764e-06 1
3.945442e-05 2
3.991906e-06 1
7.216748e-06 1
9.825198e-06 6
6.018009e-06 2
3.538258e-06 1284
4.382789e-08 1
2.016138e-06 1
3.689539e-05 1
5.305350e-06 3
1.057965e-05 1
1.233792e-05 1
1.757005e-05 1
2.492718e-05 1
7.402784e-06 1
1.148385e-05 1
3.826414e-06 28903
2.762823e-05 1
5.774412e-06 1
2.353548e-05 1
8.825236e-07 1
3.659753e-06 28942
4.249426e-07 1
3.008860e-05 2
1.994840e-05 3
8.025071e-06 1
1.861066e-05 1
3.837974e-05 57950
2.156326e-05 1
2.208670e-06 225
3.773287e-06 1
8.054726e-06 1
5.444799e-06 3
2.083802e-05 4
4.980202e-05 1
3.975892e-07 258
4.578347e-06 1
3.481308e-06 1
4.957805e-06 1
1.597605e-05 152
1.071805e-05 1
5.451403e-06 1
9.951331e-06 1
1.411228e-06 1
5.308966e-06 17
3.693911e-05 1
1.577351e-05 1
2.944000e-06 1
3.118546e-05 216
7.505980e-05 2017
6.117364e-06 1
1.249066e-05 1
8.234278e-06 1480
6.697988e-06 4
5.706103e-06 1
1.164652e-05 228
6.985300e-06 3
3.902377e-06 1
1.293810e-07 3
5.290950e-05 168
1.054325e-05 39507
1.698432e-05 1
2.547460e-05 3741
5.440645e-06 2
5.631144e-06 1
4.800311e-06 1
1.145993e-05 213
2.874708e-06 3
4.680609e-06 39
8.440686e-06 3
3.557329e-06 7
1.016135e-05 740
1.236162e-06 1
1.925633e-05 478
2.860311e-05 2
3.903224e-06 1
1.077779e-06 2
1.493013e-05 1
1.689855e-06 68
5.808391e-05 1
1.329017e-05 2
3.380329e-05 1
1.327910e-05 6
1.075754e-05 1
4.824475e-06 1
5.141099e-05 1
5.280052e-07 1
2.652627e-05 17285
5.074055e-06 1
2.077075e-05 1
2.031408e-05 1
1.713737e-05 6
8.777965e-07 1
3.926756e-06 1
3.378796e-06 4
2.540394e-05 2
2.481997e-06 3
2.061083e-05 3
9.538903e-07 4
2.004553e-05 2
1.059015e-05 1
2.632699e-06 1
5.957848e-06 1
1.124246e-06 1
4.866084e-06 1
4.952811e-05 1
5.507866e-07 1
1.101899e-05 1806
6.758089e-06 7
1.059764e-05 1
2.460185e-05 1
1.930738e-06 2
7.233239e-06 426333
2.169139e-05 1
5.044078e-08 1
8.521112e-06 1936
2.257988e-05 1
1.231157e-05 2
8.264019e-06 1
2.138281e-05 3
2.548935e-05 3
2.522172e-06 1
1.760697e-05 1
4.139542e-06 2
9.519336e-06 3
1.030913e-04 4
1.138324e-06 1
6.063096e-05 1
1.350912e-05 1
4.347512e-06 214
2.542283e-05 1
9.593797e-06 1
6.308330e-05 172
2.020049e-06 468
3.991300e-06 1
2.343137e-06 3
1.812106e-05 1
4.313881e-06 2
1.784312e-05 71
3.652371e-05 1
3.477635e-06 5
2.473592e-06 1
1.922314e-05 3
2.166604e-05 1
7.826063e-06 1
8.092189e-06 1
1.958557e-05 1
1.361060e-05 1
1.495085e-06 7
4.023726e-05 1
5.581720e-05 1
4.366362e-06 5
7.307709e-05 1
1.640334e-05 4
8.810957e-06 15
2.243926e-05 3
4.871373e-06 3
4.129411e-07 2
4.618463e-06 3
1.017659e-05 1
4.062228e-05 113
4.052330e-06 1868
2.194898e-05 1
1.501690e-05 1
6.742855e-06 1
3.257166e-07 1749
1.003041e-07 3
4.318720e-06 1
1.721808e-05 372
1.497431e-05 5
1.507515e-05 1
9.520068e-06 2
1.669670e-05 2
2.602313e-05 1
2.579818e-05 1
1.237894e-06 1
6.771418e-06 1
1.276345e-05 98
1.685511e-05 7
4.157320e-06 1
2.838020e-06 1
4.763186e-06 6
1.991892e-06 1
1.089524e-05 1
6.943456e-06 1
5.206607e-05 60394
4.158123e-05 1
1.164133e-05 1617
4.003064e-05 83
9.560838e-06 1
2.160401e-05 3
1.010295e-05 59947
2.530351e-06 1
2.353000e-06 3
4.195687e-05 1
6.849001e-05 2
1.694826e-05 1
4.122361e-05 4
1.868386e-05 251
1.432282e-05 1
7.751027e-06 5
4.221302e-05 52208
1.963896e-06 5
2.114176e-06 2
8.746999e-06 1
2.123032e-05 7
1.235229e-05 1
5.450396e-06 4
2.072778e-07 2
2.003737e-05 3
1.363445e-05 1
1.573952e-05 2
3.098338e-06 1
2.382384e-05 2
1.604980e-06 1
5.763704e-07 568
4.086236e-05 2
4.495061e-05 1
1.162717e-06 1
1.203708e-05 1
5.186070e-07 6
3.111061e-06 1
1.214163e-05 1
1.535512e-05 230
8.160655e-06 1
1.089919e-05 1
4.321493e-05 53
2.139033e-05 3
4.492781e-06 1
2.042663e-05 1
6.441973e-06 1
1.308481e-05 1
1.925334e-08 2
6.390092e-07 1
2.044709e-05 1
1.577926e-05 7
2.060808e-06 1
1.688667e-05 60864
2.551595e-05 1
8.088821e-06 3
7.624376e-06 1
6.564797e-05 113
1.995059e-06 1
5.526149e-06 1
8.375569e-06 145
7.066660e-06 1
5.528585e-06 6
1.771285e-05 1
4.734084e-05 199
2.571800e-06 1
4.559792e-05 1
1.947167e-06 1413
3.757426e-05 45057
1.990270e-05 856
1.065840e-05 1
2.213718e-06 5
3.675652e-05 2
8.632651e-06 1
1.840528e-05 3
5.877401e-06 1
3.021045e-05 1
8.254865e-05 516
2.779660e-06 1
1.490341e-06 6
8.002229e-06 1
5.083888e-06 1
4.176748e-06 3
1.253182e-05 1
2.964972e-06 3
1.499457e-05 1670
2.454928e-05 3
1.322899e-05 1
1.924215e-06 1
4.992967e-06 7
7.570719e-06 42
1.007359e-05 1
3.525950e-06 1
2.210990e-06 3
1.117897e-05 3
3.877791e-05 2
2.125881e-05 3
8.684331e-06 2
1.103584e-05 4
1.329156e-05 7
1.502495e-05 1
5.219122e-06 2
2.616268e-05 3
2.354945e-06 1
8.211035e-06 5
2.177384e-06 145
2.310530e-05 1389
8.433495e-06 1
2.524148e-05 1
1.152236e-05 2
6.492042e-06 2
7.613624e-06 1
2.078460e-05 1
2.869038e-06 1
1.062491e-05 1
2.412928e-05 135
2.342315e-06 1
3.122491e-05 778
8.099587e-07 5
6.480163e-06 6
2.898685e-05 2
2.071799e-05 1
3.529270e-06 1
2.054564e-05 1
6.300303e-05 1
5.756647e-06 1
7.772707e-06 1
1.325619e-05 1267
2.875952e-05 1
2.655543e-05 1159
2.317244e-05 28
1.126231e-05 1
4.030888e-06 509788
1.423286e-05 1
2.373440e-06 3
1.534897e-06 50105
3.842259e-05 1
1.365193e-05 2
8.238808e-06 1
1.290760e-05 1
3.896360e-05 1241
9.197419e-06 1
4.689646e-05 1
7.163856e-05 1
1.037971e-06 2
6.484483e-05 4
6.787683e-06 1
1.054941e-05 2
2.954442e-05 72
5.217287e-05 1
1.791559e-06 2
1.665717e-05 6
1.234574e-07 1
6.233976e-06 1
2.298905e-06 1
1.155412e-05 1
1.723111e-06 1
8.994907e-06 6
1.104920e-05 5
3.304254e-05 4
3.259564e-05 4
2.033535e-05 1
1.344578e-05 86
3.206965e-05 42
1.711523e-05 6
1.101865e-05 1807
1.157396e-05 1
3.496188e-06 7
2.561208e-05 7
7.667425e-07 318
2.091958e-05 1
3.375454e-06 1
3.785316e-05 3
4.774919e-06 1
5.830907e-06 1
6.349687e-06 1
9.064330e-06 1
3.428151e-05 1
2.570948e-05 1
2.584645e-06 2
6.291777e-05 6
8.657082e-06 1556
1.677063e-06 117
8.118674e-06 2
3.536957e-06 1
8.183757e-06 7
2.702466e-07 122
5.291683e-06 3
1.710823e-05 6
1.610429e-05 1
1.736200e-05 1
1.636370e-05 1
4.821681e-05 1
3.017370e-05 1
5.900378e-06 144
6.237492e-06 3
3.334765e-05 2
6.804573e-06 1
2.425579e-05 3
2.538884e-05 1
3.674611e-06 1
1.635150e-05 17
2.156328e-05 48738
1.200547e-05 2
1.834237e-06 20766
2.215890e-05 1
8.450989e-06 1
1.043250e-05 1
2.696577e-06 5
7.137753e-05 1
4.236629e-05 1
7.306761e-06 1
3.604359e-05 1
9.497064e-06 1
2.414060e-05 7
2.105865e-06 1
3.371326e-07 1
1.441839e-06 7
1.585943e-05 1
1.494987e-05 193
2.105483e-05 1
1.629174e-05 1
5.373904e-06 3
3.106501e-05 2
8.568725e-06 1
1.898065e-05 5
1.260658e-05 1
2.334960e-06 1043
2.088457e-05 39
8.290803e-06 1
5.205768e-05 2
5.377737e-07 2
2.996843e-06 1
1.228343e-06 5
4.737663e-05 3
1.197021e-06 1
4.452862e-06 1
4.770473e-06 1
6.353542e-06 1
1.387060e-05 1
3.202326e-06 3
7.365588e-06 3
3.447159e-06 1
1.183318e-05 6
1.026112e-05 104
3.997895e-05 1
1.986023e-05 4
9.372598e-06 31768
8.754259e-05 1
2.613870e-06 1
2.490418e-05 3
6.756132e-06 39
1.679234e-05 2
8.211782e-06 60868
1.487120e-05 1
9.977470e-07 1
2.308231e-05 3
1.322328e-05 1
1.653335e-05 3
1.842214e-05 1
2.219608e-05 106
9.026812e-06 1
4.036051e-07 1
1.146894e-05 7
6.762146e-05 1
1.315450e-05 263
1.529192e-05 1
3.365130e-06 1
5.962100e-06 1
1.483570e-05 1
8.286151e-06 1
6.887000e-06 10
1.409796e-05 129
1.501514e-05 2
1.545416e-05 57429
6.901035e-06 1
1.746715e-07 1
8.378731e-06 1
1.075814e-06 1
1.528585e-05 1
2.266681e-05 1
2.028830e-06 1
5.632449e-06 1
6.918089e-06 182
1.223252e-05 89
1.845254e-05 1
1.053684e-05 1
4.956732e-05 1
1.187950e-07 3
2.295008e-05 1
8.112448e-06 1
2.591141e-05 1
7.573017e-06 131
5.883613e-07 1
2.040000e-05 4
2.303801e-06 1
5.795395e-06 1
1.628967e-06 1
5.642275e-06 1292
3.519087e-07 1
6.483011e-07 1
1.246996e-06 251
8.687365e-06 1
3.088030e-05 1
1.169714e-05 2
7.970417e-06 3
3.183518e-06 2
6.191768e-06 1
1.929779e-05 1
6.639006e-06 3
2.843436e-05 1
1.947991e-05 126
6.176956e-06 170
5.132436e-05 142
4.056761e-05 1
1.380394e-05 2
2.842262e-05 1
1.156862e-05 3
3.706074e-06 1
4.814763e-07 1
1.280196e-07 1
1.179117e-05 446264
5.094169e-05 2
2.580306e-06 1
2.440823e-05 6
7.988678e-07 56257
1.119213e-05 1
1.374056e-06 1
2.302306e-06 242
3.513446e-05 1
2.090115e-05 1
7.704550e-06 1
2.364824e-05 1
1.401950e-05 1
8.295879e-06 251
1.421621e-05 4
2.630081e-05 1385
3.071633e-05 1
2.008771e-05 1
1.640068e-05 1
3.193680e-06 2
8.773244e-06 1
1.724604e-05 1
7.362224e-06 3
9.475884e-08 47
4.877571e-06 4
2.802646e-06 231
3.297267e-06 3
7.936411e-06 1
1.276033e-05 5
4.312190e-06 1
5.992259e-07 12
3.064048e-06 1
2.384524e-05 1
6.981528e-06 1
2.035245e-05 6
3.830985e-05 2
2.282278e-08 1
2.570861e-05 1
3.854604e-06 1977
7.891017e-06 109
1.410034e-06 580
4.886170e-05 3
4.563358e-06 7
1.078368e-06 1
1.784997e-06 1
3.181457e-06 1
1.575960e-05 1
2.684058e-06 3
5.640224e-06 1
7.907590e-06 1
3.062464e-05 1
2.993715e-05 1
2.826844e-05 1
1.688314e-05 1550
1.119231e-08 2
2.193716e-06 1
3.548736e-06 1
2.577900e-05 7
2.223118e-05 6
1.435188e-05 2
4.332019e-05 185
1.522173e-05 3
2.058632e-05 1
7.257178e-06 153
3.012478e-05 1
1.486606e-06 221
2.027834e-05 6
1.875392e-06 1
8.437617e-06 1
4.797979e-06 2
1.374611e-05 1
6.773210e-06 1
9.811247e-07 19641
5.400923e-06 5
3.754674e-06 57
3.549625e-06 4
1.512420e-05 796
2.502836e-05 1
1.886952e-05 1
1.160157e-05 2
5.251537e-06 7
2.380520e-05 249
2.766988e-05 1
2.160422e-05 1
3.433507e-05 1
4.989463e-06 37232
1.126024e-06 1
2.799276e-05 7
4.652201e-06 7
8.427249e-06 1
3.160267e-05 1
4.713654e-05 6
5.450566e-06 1
6.544726e-06 1
2.231271e-05 4
1.191480e-06 6
1.782772e-05 3
7.991448e-06 1
1.648009e-05 1
8.325471e-06 7
5.800054e-06 168
7.178743e-08 1
4.647515e-06 1
1.670984e-05 1
1.653681e-05 2
1.112203e-05 2
4.039638e-06 1
1.431249e-05 3
4.085449e-06 3
3.248823e-05 7
6.961625e-06 1
2.329063e-05 1
8.708137e-06 5
8.535420e-07 7
6.609848e-06 1
1.524801e-06 254
5.939159e-06 299
7.606364e-06 169
1.123815e-05 1
5.798502e-06 1
4.666173e-06 177
7.234319e-06 1
3.693052e-05 2
1.080199e-05 2
3.139431e-05 5
5.199133e-06 5
1.404558e-05 1
1.922337e-05 3
6.153889e-06 862
1.792482e-05 270320
3.289057e-06 1
3.229573e-06 1
1.313039e-05 267
7.021597e-06 2
4.956775e-06 1
3.456466e-05 6
2.714752e-06 256
1.390786e-05 2
6.261776e-05 1492
1.597110e-05 552
1.380667e-05 2
3.493929e-05 62
7.241104e-06 1873
1.231800e-05 2
1.609920e-05 1
1.768506e-06 89
5.136628e-06 1
4.642506e-06 1
3.480708e-06 1
1.605083e-06 356
3.962163e-06 1
2.457110e-06 1
1.369931e-05 3
3.576610e-07 1
2.501443e-05 682
4.436670e-06 2
2.341067e-06 1
1.300219e-05 1
1.461787e-05 13
2.517426e-05 1
5.107937e-05 2
1.299059e-05 17395
2.632553e-06 146
8.064353e-08 65681
4.064140e-05 2
1.593291e-06 1
3.059303e-05 2
2.542361e-05 1
1.759939e-06 951
2.989185e-06 3
1.621214e-05 2039
4.003641e-05 57377
3.838492e-05 1
3.368945e-05 1195
6.932468e-07 26
1.592746e-05 2
1.185652e-05 1760
2.457915e-05 193
3.088670e-06 60
2.435110e-06 1
8.722993e-06 1
2.877094e-05 1
6.899585e-06 97
2.958751e-06 393
3.608558e-05 1
1.155936e-05 1
1.292962e-05 1
4.625225e-05 1
1.001690e-05 2
1.831645e-05 1
2.803495e-05 1
4.569785e-06 1
6.655865e-06 3
3.448295e-06 36927
2.218170e-05 2
6.276817e-06 1
1.386961e-06 1
4.716644e-07 1694
1.426446e-06 1
4.401710e-06 6
4.963882e-06 5
2.713881e-05 49701
6.068009e-06 1
1.111989e-05 4
3.119565e-05 3
3.306344e-05 1
6.842072e-06 1
3.568428e-05 55482
1.094472e-05 3
1.585743e-05 1
7.544114e-05 1
1.965151e-05 1
2.026743e-05 9353
3.307065e-05 3
3.977737e-05 3
1.165889e-05 5
1.581665e-05 1
2.706052e-05 1
1.911100e-05 1
1.814987e-05 1458
2.096601e-05 1
2.940594e-05 1
3.311470e-05 1
7.218327e-06 2
2.778714e-06 14437
8.081154e-06 650
4.114224e-05 3
5.144566e-06 1096
6.708747e-06 1
6.305278e-07 47
4.494312e-06 2
2.697065e-06 172
2.151055e-06 1
1.533053e-05 9
1.539278e-06 1
1.126256e-05 2
3.315684e-06 4
1.625005e-05 74
3.856919e-05 1
5.479939e-06 1
9.152917e-06 1
3.229054e-06 1
6.845314e-06 556
3.573186e-06 240
2.730842e-05 3
6.258975e-06 3
1.876371e-05 6
2.654668e-06 229
7.814368e-06 1
3.856976e-06 1968
2.307862e-05 55335
1.666126e-05 1
4.653991e-06 1
3.469910e-05 1
3.258666e-05 3
8.734800e-06 6
1.215868e-05 40650
5.046594e-06 1438
5.729791e-06 363
2.562662e-05 2
1.449002e-06 233
1.349668e-06 84
3.897439e-06 4
1.326220e-05 4
3.414259e-06 1
2.723450e-05 1
3.828123e-05 1
4.103242e-07 3
1.230658e-05 1
1.955503e-05 1
4.188547e-05 7
5.235816e-06 4
2.549109e-06 1
7.532124e-06 994
5.990819e-07 1
1.495637e-05 170912
6.160651e-06 2
1.205673e-06 1
2.004275e-05 1
8.028529e-06 81
6.854913e-06 1
3.744629e-06 3
2.267194e-05 1
1.667071e-05 1
1.853810e-05 1
3.922826e-06 1
3.365211e-06 73
7.041737e-06 1
7.619532e-05 1
8.308437e-06 1
1.534126e-06 3
6.432935e-06 1
1.243429e-08 1
9.085268e-06 9888
1.456552e-05 1
1.097815e-05 2
8.718021e-05 1
1.685397e-05 1
3.709419e-06 2
1.299505e-05 2
1.585836e-05 1
4.934103e-06 1
5.027211e-06 221
1.541424e-06 1
1.808713e-06 2
5.280546e-05 1
2.461368e-05 1
5.875659e-05 1
9.260774e-06 3
2.596001e-05 1694
3.071034e-05 2
1.558045e-05 4
2.214705e-05 1
1.166519e-05 3
1.051870e-06 2
1.567192e-05 1
2.833459e-06 1
1.305896e-05 3
1.127517e-05 3
2.067836e-05 3
1.661233e-05 1
5.088433e-05 1743
1.443686e-05 1
1.148621e-06 3
2.741027e-05 11857
9.093977e-06 1
2.734378e-05 1
3.197021e-07 1
1.201652e-06 2
1.114985e-06 1
2.785564e-06 1
3.516645e-06 1
1.080319e-05 144
3.396026e-05 1
2.027404e-05 1
5.641381e-06 1
2.759446e-05 3
6.749290e-07 77
3.492315e-05 1
1.968119e-05 61
5.468013e-05 1122
1.500029e-05 2
1.749130e-06 36906
8.577053e-06 150
2.605343e-05 1608
3.281899e-06 1
2.921617e-05 60821
5.323634e-06 1
1.611849e-05 1
2.354857e-05 2
4.610326e-05 1507
1.978093e-05 1656
1.327126e-05 1870
1.923548e-05 3
8.840195e-06 4
1.698142e-06 1
3.607190e-06 7
2.540408e-06 1
1.283586e-05 31757
1.590293e-05 1
6.816077e-06 1
1.546785e-06 1
2.211856e-05 1
3.501262e-06 1
7.915967e-06 1
1.674727e-05 2
2.692587e-06 1
5.395517e-06 1
1.699158e-05 3
1.427278e-05 1
2.997415e-06 1
1.402602e-05 64025
4.263345e-06 40699
5.296728e-06 45904
8.719855e-06 1
9.680217e-06 1
1.781320e-05 1
4.675067e-05 1
6.736826e-06 1
3.671952e-05 61794
1.604331e-06 1
2.450443e-05 1186
4.209011e-06 1
2.207579e-05 3
3.763952e-05 241
1.486283e-05 1
1.612391e-06 958
9.671416e-07 3
6.349543e-05 1
2.411288e-05 181
1.271065e-06 1
1.171583e-05 1
4.111988e-06 1
1.400391e-06 1
3.178449e-06 6
1.252427e-05 179
1.309385e-05 1
2.952822e-06 4
1.370713e-05 3
3.581905e-05 3
1.187200e-05 1
2.150960e-05 2
1.600949e-05 193929
6.638523e-06 155
9.554687e-06 1
2.602041e-05 1
1.147049e-05 1
6.200354e-06 1
1.032143e-05 1
1.864066e-05 3
3.533085e-06 50354
9.721896e-06 1
3.521297e-06 1984
1.401809e-05 997
2.740592e-06 1
1.553084e-05 1
7.642988e-06 1
3.858883e-06 1
6.725440e-06 3
1.438857e-05 223
3.283055e-05 4
1.564701e-05 1
1.995079e-05 3
1.917175e-05 1
5.224886e-06 1
4.863976e-06 4
1.863194e-06 2
3.431254e-05 6
1.196684e-05 2
1.178689e-05 1
2.062923e-05 6
3.689006e-05 1
8.208447e-06 2
5.353244e-06 1
4.700131e-05 250
1.617871e-05 3
7.769344e-06 2
2.339442e-05 145
5.514334e-05 1
3.534427e-07 1
4.925942e-05 1
7.179023e-06 55769
3.134072e-05 549706
3.355936e-06 76
3.702145e-05 1
3.373835e-05 2
1.310144e-05 1
1.805413e-05 227
2.114417e-05 1
1.840204e-06 22
1.913796e-06 1
1.572757e-05 3
7.222547e-07 241
2.638736e-05 6
2.609247e-05 1
1.587502e-05 3
6.403659e-06 3
1.703057e-05 2
4.099270e-05 1
8.362707e-06 1
2.371450e-05 1
1.200455e-05 3
1.883272e-05 3
1.477039e-05 1
3.087099e-06 1
1.859160e-05 1
5.638192e-05 2
9.320913e-06 1
1.515968e-05 1
4.050283e-05 1
1.258774e-05 1
4.484768e-05 1
1.538655e-05 1
9.654997e-06 1
1.786895e-06 1
3.563898e-06 1
5.410100e-05 1
2.056911e-05 1
2.282430e-06 427221
2.822516e-06 6
8.818986e-06 58
7.579539e-07 2
1.150210e-05 1
3.493418e-05 1
1.269122e-05 1
1.120644e-05 1
3.559536e-07 5
9.792892e-06 1
8.046732e-06 1
1.008134e-05 1
8.164424e-06 1
2.228766e-05 1
1.939024e-05 1
2.974902e-05 2
4.821771e-07 230
1.052321e-05 3
5.886419e-07 1
1.015651e-05 54000
6.113900e-06 8872
1.458893e-05 1
1.021154e-05 6
1.936923e-05 62845
1.009833e-05 7
1.362930e-05 1
4.726182e-06 1
3.625688e-05 3
2.600310e-06 1
1.368389e-05 1
3.823422e-06 1
4.641547e-06 1
1.804419e-05 36316
6.008574e-05 1
4.670811e-06 1
6.804583e-08 3
1.088486e-05 1
3.402427e-06 2
5.625248e-05 1
2.064495e-06 2
1.357907e-05 1
7.928416e-05 1
6.534239e-05 1
3.655758e-07 1
4.143031e-07 74
4.718708e-06 1
1.736065e-05 2
5.244256e-06 1
3.914064e-05 6
3.283020e-06 1
5.396873e-05 2
2.706444e-06 2
6.827653e-07 1
5.591755e-06 173
8.523643e-05 1
1.130096e-05 3
2.808861e-06 64733
1.244219e-05 1
1.069585e-05 1
1.501422e-05 2
7.370021e-06 1
9.576045e-06 94
1.256646e-05 2
7.588820e-05 1985
1.111348e-05 3
2.812927e-05 3
1.345876e-05 1
6.902895e-06 65312
4.919998e-06 6
1.236805e-06 5
1.993956e-05 1
1.426014e-05 1
2.581288e-05 2
5.443389e-06 7
1.930380e-05 143
4.994875e-05 2
3.099403e-05 296
5.941281e-07 193
5.192701e-06 3
2.962556e-06 1
1.471834e-05 61164
3.534562e-05 137
1.526713e-06 3
2.954054e-05 2
1.754354e-05 149
5.463135e-06 631
7.579630e-06 1
6.023129e-06 71
2.481577e-06 2
1.462450e-05 7
2.168960e-06 237
1.277831e-05 3
4.161992e-06 7
5.989092e-06 1
2.986521e-06 1
2.701749e-05 1
1.278774e-05 1
1.633871e-05 3
3.014545e-05 5
2.499054e-05 706
1.735588e-05 1
2.322227e-06 1
2.795125e-05 1
1.077437e-05 6
1.141781e-05 1
1.861839e-05 1
1.163754e-05 4
1.537117e-07 3
8.638270e-06 1
1.390463e-05 1
4.215086e-06 3
1.486943e-05 1
8.607555e-06 1
1.231940e-05 1
2.047276e-05 1
1.414811e-05 3
1.682302e-05 1014
1.430687e-06 14596
7.314110e-07 2
2.524403e-05 1
4.647194e-06 320
2.546902e-05 1515
3.164118e-06 5
2.648111e-05 3
2.207080e-05 1
2.944429e-06 1
3.478897e-05 3
3.470206e-06 7
4.928921e-05 5
5.228141e-06 1
9.284212e-06 1
1.651261e-05 2
8.186874e-06 36167
3.348339e-06 1
2.006074e-05 204
4.239474e-05 1
6.052267e-05 83382
6.312008e-06 139
6.130480e-06 1
8.615474e-06 3
2.714535e-05 1
4.638231e-05 2072
3.826869e-05 3
5.658214e-06 7
2.172252e-05 1
1.833857e-05 1
4.740456e-06 1
2.813258e-05 173688
3.140630e-06 2
5.216102e-06 39
3.372636e-06 26
9.495054e-08 2
2.335264e-05 7
1.372270e-05 950
1.695571e-05 1
2.433093e-05 1
1.459953e-05 4
4.672026e-06 1
3.442933e-05 2
4.734311e-05 1
3.000732e-05 4
3.184518e-05 1
5.255252e-06 1
7.806152e-06 1
1.781539e-05 23881
2.183198e-05 62361
1.158452e-06 2
8.203150e-06 3
3.120810e-05 1
4.675869e-06 2
5.247322e-06 53386
4.037414e-07 1
1.022658e-05 6
9.329322e-06 361
2.679673e-05 2
1.596773e-05 64
4.117076e-06 5
9.396402e-07 1
1.945462e-05 3
3.983781e-05 133
3.334091e-05 3
3.177655e-06 1
3.765801e-06 1
4.436735e-06 1
5.128174e-06 1
2.891618e-05 3
3.281834e-06 3
6.070075e-07 1
3.769735e-05 2
4.204268e-05 1
4.497704e-05 1
1.031779e-05 1
4.031885e-05 2
4.694241e-06 55421
6.414412e-06 1921
2.304575e-05 82
2.083976e-08 3
1.784211e-06 1
2.214579e-05 1
7.600759e-06 2
2.011274e-05 1
3.295204e-05 1
1.838238e-06 7
8.638768e-06 1
1.672287e-05 1
2.990761e-06 1
1.113575e-05 1
4.470095e-06 1
2.882036e-07 205
2.105887e-06 1
7.836933e-06 1
3.634179e-05 1
9.951925e-09 1
1.208778e-06 2
2.439747e-06 1
2.474140e-05 1
3.738242e-05 1
5.308665e-06 2
1.778029e-05 26256
1.272035e-05 1
1.107136e-05 1
7.292371e-06 1
