2.365415e-04 1
8.869718e-05 1
2.013670e-04 3
8.428794e-05 2049
5.181285e-04 2
3.004393e-05 1
3.153577e-05 1
8.684650e-05 2
5.935287e-05 3
5.077905e-05 3
9.722610e-05 7
3.264545e-04 1
3.166294e-04 1
1.763945e-04 1
5.126507e-04 1
1.229448e-04 1
9.672102e-05 1
5.608900e-04 1
4.122942e-05 51
3.383546e-04 3
1.960680e-04 17
7.333626e-05 1
2.953854e-04 5
4.293002e-05 1
3.245588e-04 1
3.744328e-04 7
3.933737e-05 1
3.713480e-04 4
7.073978e-04 1
4.363433e-05 1
7.746747e-06 1
2.818954e-04 15
1.198882e-04 2
5.755325e-05 6
6.206221e-05 42757
2.204275e-04 27
1.238328e-04 2
7.440527e-06 574
1.739995e-04 1
6.325582e-05 2
1.045490e-04 35036
1.410335e-03 1
9.565056e-05 3
2.015075e-04 7
7.202284e-05 3
3.825046e-04 38383
1.496541e-04 1
8.789214e-05 5
4.887358e-04 108
5.600633e-04 1
6.553490e-05 1
9.228095e-05 1
7.344601e-04 261
2.547868e-04 1
1.382399e-04 3
2.853596e-04 1
1.819706e-05 1
1.806053e-04 1
3.484606e-04 1
1.650914e-04 7
3.324072e-04 6
4.527008e-04 2079
1.571808e-04 1
8.391315e-05 1
5.474872e-04 2
1.417807e-05 1
3.648707e-04 3
1.224554e-03 40679
1.914054e-04 7
1.606689e-04 1
7.467536e-05 6
2.748006e-04 1
1.908765e-04 3
5.728758e-05 1
1.943093e-04 2
1.662099e-04 1457
1.010760e-04 1
3.485909e-05 51015
1.551646e-04 1
5.004524e-04 1
3.686168e-06 2
9.126916e-05 233965
1.978752e-04 20
7.740158e-05 1
4.064080e-04 1
1.250425e-04 1
2.815048e-05 7
2.641228e-04 1
5.684508e-04 31094
7.252525e-05 1
3.904923e-04 1
1.185318e-04 1
5.744171e-05 1
1.550617e-04 1
2.371748e-04 1
1.156305e-04 3
9.868740e-05 1
3.601248e-04 107
1.065286e-04 159
2.145082e-04 1
7.414245e-04 2
9.185076e-05 6
4.708692e-04 1
1.486008e-05 3
8.842431e-05 1
3.938192e-04 3
3.015134e-04 1
1.467069e-04 2
1.491661e-04 1
6.333511e-04 1
1.787515e-04 1
2.312527e-04 1
6.977554e-05 5
4.661238e-05 114
8.576131e-05 817
2.019178e-04 1
6.366264e-05 1963
1.321995e-04 1990
2.027503e-04 2025
2.810440e-04 1
1.538409e-04 3
2.006739e-05 1
1.802598e-04 238
1.804789e-05 1
1.824279e-04 1
1.242407e-05 1
4.531157e-04 1
5.377381e-05 1
7.889805e-04 3
3.131772e-05 2
2.988581e-04 1
2.558442e-05 1
3.231886e-04 52653
1.532142e-05 1
2.554725e-04 1
1.042161e-04 2
6.843088e-05 1
3.813226e-04 3
2.641173e-04 1726
3.433675e-05 1
9.064393e-05 1
9.447931e-05 1
4.123425e-05 2
6.807108e-05 6
1.483294e-04 214
1.031867e-05 219
5.805532e-04 3
1.214819e-04 1
3.876278e-05 1
2.877950e-04 1
8.759873e-05 1
2.208094e-04 1
3.786568e-04 2
2.105520e-04 1
1.284301e-04 1
7.065430e-05 1
1.418438e-04 3
1.785908e-04 3
6.699708e-05 1
4.229608e-04 2
1.239522e-04 1774
1.813065e-04 3
5.821550e-05 1
5.994789e-05 1
1.557061e-04 1
3.801019e-04 7
2.569814e-04 1
4.955823e-05 4
7.160208e-04 43
1.417653e-04 1
6.409069e-05 3
1.669197e-04 1
4.483871e-04 1
6.869626e-04 1
8.825939e-05 1
1.384967e-04 1
9.333486e-04 1
6.234964e-05 1
5.303322e-04 1
3.035898e-05 60437
2.031708e-05 123
3.062330e-04 2
2.310955e-04 225
1.994685e-04 1
1.198820e-04 1
3.682015e-04 1
1.415390e-03 2
4.758707e-04 1
2.672033e-05 2
2.815608e-06 3
3.765951e-04 1
5.270807e-04 351
4.422768e-05 1
3.032354e-05 1
1.158476e-04 1
1.317174e-04 1641
2.228926e-04 1
2.903044e-04 18504
4.594854e-05 1
1.181766e-05 3
1.018308e-04 1803
7.681703e-05 1
9.385133e-04 1
2.395296e-04 6
1.986077e-04 1
1.137249e-04 2
3.350661e-04 5
1.914510e-04 43391
1.695508e-04 1
1.274845e-04 1
1.134708e-04 267
1.086807e-04 1
3.342052e-04 37
4.272279e-04 1
4.317903e-05 1
1.435788e-04 1
6.323830e-05 1015
4.148061e-06 1
4.049531e-04 1
4.551417e-05 142
3.705690e-05 1402
1.246249e-04 2
3.759743e-04 1
1.313762e-04 1
2.528259e-06 6
1.046667e-05 1
1.127260e-04 1
5.024993e-04 1
5.272111e-05 7
1.006109e-04 1
5.593330e-04 1
1.623234e-04 93
4.146886e-06 21
6.584381e-05 1
8.732877e-05 1
2.609580e-04 1
1.024566e-04 2
2.144427e-04 1
1.343399e-05 6
4.456548e-05 1
1.593985e-04 6
1.246528e-04 1
3.341416e-04 1
7.424684e-05 1
7.925187e-05 2
8.581121e-05 1
5.078132e-04 2
8.229497e-05 84
3.433323e-04 2
3.424834e-04 1
4.108530e-04 1
9.102079e-05 3
2.416156e-04 1
2.234137e-04 7
2.851338e-04 4
2.463297e-05 647
5.479968e-05 1
1.705384e-04 1
1.512236e-04 1
2.420940e-05 56
9.273731e-05 35261
1.017882e-03 4
9.562469e-05 1
2.709751e-04 1
3.162387e-04 6580
4.009897e-04 2
2.448748e-05 196
7.653687e-05 1
3.338415e-04 1
3.178087e-05 1
1.186454e-04 1
7.274389e-05 3
2.038849e-04 2
2.076779e-04 31
6.160554e-04 1
3.911062e-04 58889
1.230161e-04 152
5.423569e-04 193
9.141994e-06 1
1.329926e-04 3
4.959515e-04 1
3.019021e-05 1
2.363653e-05 2
1.379519e-04 1
2.048458e-05 1
3.198070e-04 1
1.381548e-04 1
2.391321e-04 1
1.104599e-04 5
2.183108e-04 7
6.099719e-04 1
8.116922e-06 1
1.508694e-04 238
5.677634e-05 1
2.852373e-05 1
1.115398e-03 4
6.629934e-05 228
1.275718e-04 1
1.653817e-04 1
6.984325e-04 1
5.193546e-04 3
1.087604e-03 14094
2.647539e-04 209
7.467597e-05 1
1.178638e-03 1
2.935703e-04 4
1.747400e-04 75
6.262279e-04 4
5.429190e-04 5
2.520794e-04 2
5.064434e-04 3
5.744411e-05 1
3.532194e-05 1
5.248781e-04 1
1.139518e-04 3
3.366126e-04 1
3.340499e-04 1
1.558158e-04 2
4.860987e-04 1
2.721504e-04 1
2.164598e-05 3
1.775301e-04 3
1.888760e-05 1
1.388022e-05 5
9.518605e-04 3
9.235994e-04 1
2.794149e-04 1
9.458189e-05 3
3.393131e-05 1
1.741804e-05 1
1.465931e-04 1
4.716929e-05 4
2.655019e-05 11355
1.422001e-03 148
3.343230e-04 51
1.946403e-04 6
9.929457e-05 1
3.517492e-04 3
8.700774e-05 238804
9.572087e-04 2
3.085760e-05 3
9.495307e-05 4
3.568908e-07 1
9.463833e-05 1
4.580474e-05 1
1.161220e-04 1
7.791681e-05 4
1.291514e-04 171
3.431113e-04 1
1.411397e-04 3
4.108357e-04 1
1.275954e-04 1
1.656734e-04 6
9.156072e-05 1
1.652659e-04 49182
1.594605e-04 1555
6.688791e-04 3
9.075653e-04 5
7.768254e-05 7
1.092475e-03 2
2.332031e-04 1
6.279595e-04 6
1.214024e-04 2
2.424447e-04 17419
9.211072e-05 55
1.695682e-04 1
1.444433e-04 1
4.144956e-04 1
1.952147e-05 1627
5.167263e-04 3
4.242622e-04 1
1.566726e-06 1
3.614212e-04 1
7.955759e-04 212
1.783427e-04 2064
2.900616e-04 3
2.246773e-04 1
1.834709e-04 1
3.587422e-04 299
4.298447e-05 1
3.008150e-04 1
3.115903e-04 3
3.815498e-04 2
6.557832e-06 3
1.929319e-04 1
6.979283e-05 1
3.486170e-05 1
7.096312e-04 3
1.459286e-04 1
2.627046e-04 1
8.292677e-05 3
3.472305e-05 2
1.492358e-04 3
1.648036e-04 1
1.777715e-05 1
2.268548e-04 1
9.449715e-05 1
3.171494e-05 1
3.758816e-05 1
2.939256e-06 4
4.108624e-04 3
2.617931e-04 2088
9.061754e-06 3
6.748545e-05 1
3.200790e-04 1
7.184159e-04 142
1.396085e-04 155
4.606810e-04 221
6.055810e-04 1
1.914290e-05 1
3.524557e-05 2
5.161652e-04 3
5.955863e-04 1
1.385413e-04 1
1.384074e-04 2
4.806295e-04 3
1.380232e-04 1
1.475137e-04 1
2.595188e-05 1
4.016995e-04 1
7.738166e-05 1
1.137519e-04 1
2.725063e-04 1
2.179941e-04 1
1.697087e-04 1
7.888787e-05 1
1.346169e-04 1
1.945016e-04 2
2.237502e-04 1
4.038174e-04 1
2.164829e-04 3
2.067065e-04 3
2.125998e-06 2
1.725050e-04 43480
3.366103e-04 1
7.951574e-05 1
4.640757e-04 2
7.409829e-04 185
3.439007e-04 1
7.729586e-04 1
3.363225e-05 5
4.095004e-04 1
4.784321e-05 1
1.081445e-04 1
1.620758e-04 2
4.756259e-04 1
2.606777e-04 741
1.480347e-05 2
8.186466e-05 2
2.643064e-05 1
6.644977e-04 1
2.621945e-04 2
5.720902e-04 3
2.967421e-04 1
1.442907e-04 3
2.668267e-04 1
9.709292e-05 1
5.316812e-05 1856
6.046087e-05 1
1.196711e-04 6
2.659491e-05 2
1.284822e-04 2
2.528496e-04 1
7.424481e-05 1
3.394008e-04 1
2.405919e-05 1
3.459672e-05 627
4.977912e-07 1
4.807177e-04 1
1.324992e-04 39961
3.920398e-05 1
5.678479e-04 1
5.381664e-05 157
3.901322e-05 442
7.562505e-05 1
1.434514e-04 1
5.805018e-04 1
1.031161e-05 234
4.371053e-05 7
4.083567e-05 1
1.527063e-04 6
1.049223e-03 1
1.344530e-04 1
3.895876e-04 3
4.721149e-04 3
9.086044e-05 211
2.011594e-05 1
2.190948e-04 1
3.620550e-05 1
1.958479e-04 1
6.088852e-04 4
1.669920e-04 5680
2.301221e-05 2
3.037828e-04 1
3.512848e-04 3
8.488021e-05 57
2.220017e-05 1
1.164892e-04 274
1.860613e-04 184
1.039730e-04 1
2.131410e-04 1
1.758411e-04 7
4.324159e-04 110
9.042779e-05 1
1.092101e-04 1
7.750372e-06 1324
1.076437e-04 3
1.782921e-04 1
1.708970e-04 1
4.571858e-05 1
1.858281e-05 2
9.505158e-05 56622
1.935743e-04 1
2.657555e-04 7245
8.708141e-05 1
9.899898e-05 1
2.434499e-04 1
3.721760e-06 1
2.649214e-04 1
3.662309e-04 1
1.071477e-04 1
1.453658e-04 5
1.474530e-05 2
4.059810e-04 1
4.529519e-04 1
2.002751e-04 1
5.647304e-04 1
3.741022e-04 27005
1.869817e-04 2
5.437396e-04 1
1.950488e-05 43602
2.845273e-04 1
5.927256e-04 1
2.586635e-06 2
5.621355e-04 1
4.133516e-04 1
7.035326e-05 1
1.071159e-04 225
6.745835e-04 1
1.008075e-04 1
7.138452e-05 1
4.518473e-04 225
2.998375e-05 2
1.473001e-04 1
4.513472e-05 155771
3.968566e-04 1
2.072762e-04 2
5.022228e-05 1540
1.824394e-04 50
3.750208e-04 1
4.995228e-06 1
1.834388e-04 3
1.070736e-04 2
1.376983e-04 1
1.524184e-05 1
1.082885e-04 1342
2.349358e-04 175
2.202629e-04 2
3.339611e-04 2
3.061942e-05 3
3.227786e-04 222
8.919311e-05 228
6.882605e-04 62217
4.027038e-04 1
4.105693e-04 1
9.488104e-06 1
6.495991e-05 1
2.319123e-04 1
2.907069e-04 1
2.598667e-04 6
8.797091e-06 1
1.306024e-04 1
1.443627e-03 1
1.720820e-04 1
9.146997e-05 1
4.890299e-04 151
6.382940e-04 1247
3.677031e-05 3
7.386752e-04 944
1.352006e-04 1
2.148449e-04 33021
3.090434e-04 1387
4.136765e-04 1
1.265025e-05 1
2.850978e-04 1
2.076635e-04 246
3.251151e-04 3
1.662143e-04 1
3.762492e-04 1
2.889403e-05 7
6.694240e-05 49
2.346207e-04 610
8.955652e-05 1
4.756426e-04 1
1.164805e-04 96
1.127144e-04 3
3.851792e-04 3
1.012403e-04 1
6.200799e-07 3
3.619581e-04 764
2.191579e-04 1
1.479909e-04 7
9.679696e-04 1
6.563590e-06 1
6.927445e-06 1
7.842644e-04 3
1.202986e-04 1
1.135993e-04 3
6.490439e-05 258
3.348589e-04 2
4.229428e-04 1
2.133957e-04 1
2.032672e-04 4
2.291752e-04 149
5.049013e-05 1
1.106242e-04 2
3.708536e-05 189
2.538590e-04 1
1.749213e-04 3
3.669732e-04 201
3.176864e-04 3
2.745649e-05 1
1.536202e-04 1
2.871514e-04 1
9.064035e-06 1
4.092339e-05 7
3.227920e-04 265
2.108260e-05 1
5.421741e-05 1
1.244847e-04 183
4.553805e-04 140174
1.092911e-05 3
4.223266e-04 1
5.924927e-04 242
8.225842e-05 3
4.423400e-04 131
2.568563e-04 5
1.299256e-04 207
1.257524e-04 1
2.187142e-04 3
6.175151e-05 5
1.366397e-04 3
3.120766e-04 4
5.033583e-04 1
1.473100e-04 2
3.214982e-04 1
2.222899e-04 1
3.359113e-04 1
9.055249e-05 5
1.586852e-04 1
8.742600e-05 24052
1.179293e-03 4
1.268979e-04 1
5.580179e-04 1
3.192654e-04 1
1.975470e-04 180
9.438473e-06 7
6.371052e-05 3
1.167767e-05 1
1.274220e-04 1
1.296657e-04 5
2.711141e-04 1
2.913980e-04 46
4.353360e-05 1
3.087255e-05 140
6.498900e-04 2
5.830878e-05 3
3.696246e-04 1
3.841891e-05 4
2.021567e-04 2
5.966434e-04 1
9.431093e-04 1764
3.261723e-04 3
3.825122e-04 1
1.339940e-03 122
1.963208e-05 1
2.844072e-04 2
1.114676e-04 199
1.382778e-05 1
9.439099e-05 16107
2.942961e-04 1
1.542980e-04 7
5.508257e-05 1
3.724763e-04 1
3.663305e-05 1
1.734387e-04 1
2.569072e-05 1
6.149997e-05 2
7.480878e-05 1
6.979963e-04 3
1.234173e-04 134
4.468472e-04 1
1.934917e-05 7
9.460033e-05 1
2.541329e-04 1
1.369243e-04 3
1.999927e-04 179
2.731424e-04 2
1.216313e-04 1
5.960767e-05 2
7.629380e-04 171
2.397209e-04 178
6.482391e-04 1
2.673765e-06 1
4.828486e-05 2
4.357645e-04 1
4.800995e-04 1
6.005261e-04 1
5.307123e-04 239
3.185664e-04 18883
3.700216e-04 148
1.064291e-05 1
8.014366e-06 51
8.541315e-05 2
1.411285e-04 4
4.367565e-04 1969
4.900345e-05 1
2.548686e-05 1
1.354390e-04 17
5.712783e-05 1
5.819405e-05 1
1.094999e-04 1
3.456203e-05 633
8.023805e-05 3
7.899015e-05 6
2.661079e-04 31
6.796095e-04 526
9.822450e-04 1
2.622648e-04 6
1.064338e-04 1
4.057078e-04 1
1.232739e-04 1
2.438203e-04 6
3.092796e-04 1
1.814065e-04 3
1.407279e-04 1
7.748805e-05 92
1.004405e-04 2
2.301007e-05 1
2.342453e-04 2
2.482295e-05 34566
1.283211e-04 1
4.680499e-04 7855
7.831116e-06 6
2.520207e-04 3
1.001734e-03 1
2.498546e-05 1
2.917984e-04 1984
1.940336e-04 1
8.558677e-05 2
5.652234e-06 100
1.759638e-04 267
4.695102e-05 1
8.986075e-05 1
1.612780e-04 3
1.066370e-05 1
6.373143e-04 1
4.233968e-06 1
2.665431e-04 72
5.532281e-04 1
8.481168e-05 6
1.153165e-04 1
2.188207e-04 2
1.169515e-04 1
2.909001e-04 1
3.013006e-04 608
1.857209e-04 1
5.812220e-05 1
8.791313e-05 1
2.036117e-04 1
6.244623e-04 1
9.149718e-06 1
5.834121e-05 2
1.792125e-04 1
2.327676e-04 1
3.736888e-04 1
5.774661e-05 2
6.483344e-05 173
1.559005e-04 3
4.837982e-05 5
6.119021e-06 2
6.795570e-05 3
3.365859e-05 7
2.150376e-04 1
2.953743e-05 4688
4.746869e-04 1
1.382333e-04 1
1.425445e-04 1
7.540383e-05 5
5.920243e-04 3
1.229041e-04 1
1.915509e-04 1
6.869956e-05 1
3.224647e-04 2
3.552246e-04 3
3.438050e-05 289311
1.505888e-04 211
2.473719e-04 1
1.242756e-04 256
1.154631e-04 609
1.774474e-04 1
9.516237e-05 96
3.244698e-06 1
4.621147e-05 18
8.482756e-04 1
7.412082e-05 1
1.471853e-05 2
4.705064e-04 1
1.222500e-04 1
9.218215e-05 1
2.297972e-05 187
4.421323e-04 1
2.759135e-05 7
8.737774e-05 1
1.729361e-04 1
3.644056e-05 1
3.878259e-04 1
3.950861e-04 1
1.449740e-04 1
1.185376e-05 1
1.597235e-04 1
1.257186e-04 1
1.119900e-03 1
1.048495e-05 3
2.084543e-04 1
4.429841e-04 3
3.091238e-04 4
9.894276e-05 59631
5.823203e-04 1
1.640629e-05 234
1.769012e-05 1
5.494629e-04 4
5.827047e-04 1
8.967075e-05 1
2.204986e-05 6
6.185694e-05 34
1.492225e-04 2
2.013651e-04 2
8.668842e-04 1
7.981395e-05 310652
1.017413e-03 1
2.977439e-04 7
2.411701e-04 4
6.086006e-04 1
5.296353e-04 2
5.100182e-06 1
2.898453e-04 1
4.375913e-04 39429
6.731453e-04 1
7.995639e-05 2
3.076697e-04 3
3.213265e-04 309
1.139550e-04 1
9.998906e-05 1
4.385269e-04 1
2.538477e-04 6
9.903029e-04 161
1.498302e-03 1
2.207826e-04 3
6.313637e-04 1
5.313153e-04 1
2.628043e-04 1
3.121389e-04 7
3.330110e-05 1
3.310901e-04 1
8.378502e-05 2
2.025935e-04 1
5.547368e-05 2
1.852091e-04 1
9.729515e-05 1
2.046502e-04 1
5.392859e-04 1
1.539890e-04 1
7.255093e-05 1
2.495680e-05 1
1.760532e-05 2
5.869496e-04 1
5.937182e-05 1
3.738404e-04 1
9.491137e-04 2
3.106824e-04 482
1.197191e-04 1
1.105485e-04 1
2.898571e-04 153
7.657156e-04 5
3.176898e-05 2
4.107539e-04 178
3.994994e-04 1
2.192537e-04 148
1.340314e-04 1
3.359948e-04 2
1.876082e-04 1
8.684357e-04 80
5.621299e-05 7
3.813435e-04 71
1.052903e-05 2
5.685718e-05 1
2.976622e-04 1
1.838273e-05 3
8.129647e-04 1
2.688335e-04 1
3.444499e-04 2
3.237896e-04 488493
2.101500e-05 4
5.093344e-04 1
3.219335e-04 4
1.417529e-04 289580
2.460530e-04 1
3.429040e-05 4
6.346453e-04 1
1.483281e-04 2
2.428066e-04 1
1.711942e-04 7
3.031823e-04 6
1.198472e-04 1
3.730465e-04 28967
4.607526e-05 3
1.173655e-05 2
5.839554e-04 1
2.158389e-04 2
1.704697e-05 46774
3.140237e-05 2
4.847472e-05 2
4.719008e-05 1
2.820781e-04 1
1.341194e-04 3
1.540539e-04 1
4.548544e-05 1
4.317685e-04 1
4.775213e-05 336
1.139421e-04 7
1.370065e-05 3
4.066864e-05 2
8.058895e-05 7
3.231437e-05 1
2.564079e-04 3
4.335416e-04 1
2.038436e-04 1
7.308526e-05 1
1.203719e-03 74
4.182474e-05 105512
1.000801e-04 1
5.219329e-04 873
2.108862e-06 2
7.113193e-04 2
6.721711e-05 1
1.870777e-04 1
2.679500e-04 1
2.522097e-04 13
1.088537e-04 1
2.834721e-05 3
9.911284e-06 1
1.918884e-04 102
2.425797e-05 1
6.253044e-05 1
7.068997e-05 1
1.116146e-04 1
8.046713e-04 53449
3.583411e-04 1
4.149776e-04 2
2.563560e-04 1
1.105380e-04 1
8.861387e-05 2
9.262008e-04 2
7.813561e-05 3
1.799682e-04 1
1.797194e-04 1
4.733860e-04 3
3.281934e-04 2
1.804828e-04 3
1.669139e-04 1
5.366869e-06 1
1.204549e-04 17
2.898688e-04 1
3.278870e-04 1
2.567356e-04 1
3.450874e-04 1
9.509702e-05 25
8.185365e-05 3
3.506158e-05 1
1.787112e-04 1
7.825483e-05 2
4.725491e-04 5
2.767011e-04 1
6.364538e-04 7
4.237938e-04 15013
1.587501e-04 1
3.461946e-04 6
7.215905e-05 163
1.874637e-04 1
5.381332e-04 1
7.962937e-05 126
4.371780e-05 3
6.442756e-05 3
3.967275e-05 1
1.290822e-04 1
5.014694e-04 1
6.502317e-04 1
1.186123e-04 6
4.056771e-04 3
1.869803e-04 1
1.087771e-04 238
1.206718e-04 159
3.267510e-04 1
9.618968e-04 1
2.633508e-04 1
1.222481e-04 1
2.680455e-04 6
2.155275e-04 1
1.988741e-04 1
7.557389e-04 1610
1.075058e-04 1
4.221068e-05 1
1.271142e-05 2
2.171035e-06 1
9.015534e-05 1
3.867941e-05 6
3.933522e-04 3
1.256684e-05 1
4.660583e-04 1
1.062425e-06 1
1.128448e-04 1
4.913545e-05 6
1.501305e-04 3
1.684901e-04 5
5.674639e-04 1
3.252530e-04 2
2.766775e-04 3
2.724953e-04 3
2.263983e-04 1
2.352850e-04 1
1.144091e-04 1
5.858227e-05 348
8.427035e-05 1
1.973785e-04 1
4.408061e-04 3
3.815793e-04 2
4.107992e-05 2
6.569104e-04 42815
2.031106e-05 3
1.666824e-04 24923
8.249854e-05 1
1.887870e-04 1
4.215384e-04 1
4.176373e-04 74
4.635978e-04 22365
1.743863e-04 554210
9.494891e-05 2
1.354626e-04 1
9.506455e-05 1
2.039452e-06 1
1.681207e-05 1
1.287107e-06 6
9.711984e-06 7
9.922273e-05 1
1.286139e-04 3
6.158157e-05 1
1.441456e-05 1
3.228099e-04 2
1.581949e-04 2
7.014479e-05 1
1.963978e-05 1
3.071126e-04 1
7.623165e-04 1
3.112828e-05 1059
3.950279e-05 1
3.021162e-04 3
3.583835e-04 1
2.277912e-04 171
3.110449e-04 1
1.646767e-04 5
1.565716e-04 1
7.672238e-04 1
8.714450e-05 5
1.882240e-05 158
3.252737e-04 2
2.039515e-04 5
9.073307e-05 1
2.288203e-04 1
1.452604e-04 300907
4.154106e-04 1
1.652830e-04 1
4.285026e-06 2
1.562845e-04 1
7.655935e-04 2
2.625004e-04 1
3.331981e-04 1
1.019229e-04 1
5.469975e-04 3
2.075379e-05 1
3.067947e-04 3
2.277410e-04 57
2.711824e-05 991
3.962015e-04 1
1.981181e-04 1
2.686305e-04 6
9.175403e-05 1
3.279032e-04 2
2.153264e-04 5
1.181253e-05 3
1.507080e-04 2
3.616569e-05 7
1.916408e-04 1
2.570917e-04 1
3.151662e-04 1
2.056197e-04 1569
8.276504e-04 1
1.423337e-04 1
1.578709e-05 1
3.006143e-04 1
2.004717e-04 1007
8.526961e-05 96
7.537651e-05 1757
3.865986e-04 1
1.573139e-05 1
7.202410e-04 1
7.717176e-05 1
1.016315e-04 134
6.140887e-05 1
2.397860e-04 2
4.636132e-05 1
3.513649e-04 3
4.022279e-04 186
2.261866e-04 80
1.113301e-04 1
6.240762e-04 1
2.226915e-05 1
3.462699e-05 3
8.324162e-05 1390
5.575209e-04 5
6.383944e-04 2
2.832003e-05 1
9.079731e-06 1
5.126779e-04 3
1.747284e-04 3
4.083129e-04 1
6.150313e-05 196
8.407282e-05 3
9.244587e-05 1
1.051006e-04 1361
7.264285e-05 1
8.519958e-06 2
1.089407e-04 1
2.010301e-05 1311
3.331451e-05 3
1.083053e-04 1
1.149468e-04 1
4.221359e-04 1
6.157099e-05 1
5.444343e-04 2
3.668315e-05 4
1.648520e-04 1
1.444437e-04 2
4.771071e-04 1
2.119842e-04 5
4.662468e-04 1
4.843889e-04 6
3.115645e-04 2
2.376066e-04 261
1.176629e-04 3
5.379550e-04 4
2.213390e-05 1
7.131700e-04 138438
1.647009e-05 1
1.150080e-05 1
6.309324e-05 35473
1.013805e-04 3
5.150528e-04 1843
2.328776e-05 1
1.039688e-04 2
2.697767e-05 1
8.027558e-05 3
3.642588e-04 36803
2.495901e-06 1
1.056844e-04 1
1.376335e-05 1
3.489214e-06 1
2.274146e-04 23628
3.526975e-05 11
6.659271e-04 3
8.784501e-05 1
3.374690e-05 1
2.057745e-04 5
2.192605e-04 1
5.431630e-06 1
7.315338e-05 1
2.688999e-05 3
1.106188e-04 1
2.612005e-04 2
3.415722e-04 1
1.645757e-05 1
1.180948e-04 6
1.679797e-04 1
2.311329e-04 1
2.057579e-04 6
1.182527e-05 3
1.484778e-04 1
6.246908e-05 1
8.739974e-06 1
6.316626e-04 7
7.014034e-04 1
3.624556e-04 114
2.704968e-04 7
2.386349e-04 2
6.012607e-05 1
3.002286e-05 1
1.130240e-03 38
1.113512e-05 1046
3.092271e-04 2
2.978652e-04 3
6.770284e-05 1
4.221675e-04 7
4.064116e-05 1
5.810311e-05 1
1.622188e-04 3
1.596029e-04 1
4.080223e-04 1
8.945064e-04 1
5.774067e-04 6148
1.049966e-04 1
2.298786e-05 2
3.710619e-04 1
7.906860e-05 1
7.326435e-04 132
1.767927e-04 1
1.309326e-04 3
1.376060e-04 1
4.717648e-04 1
4.125299e-05 79
3.028787e-04 3
1.214050e-04 181
1.915785e-04 2
5.516976e-04 853
1.030049e-04 135
2.455846e-05 3
7.625476e-04 40287
5.174481e-05 4
8.979460e-05 1
3.878270e-04 1906
1.928147e-05 1
2.352475e-04 202
5.621468e-04 2
3.225098e-04 2
2.714310e-04 1
1.361337e-04 5
2.727226e-04 1
1.153002e-04 2
2.243679e-04 1
6.337890e-05 1
6.247691e-05 39827
3.946232e-05 1
2.800459e-04 1
3.043718e-04 2
6.512015e-04 152
4.788297e-04 57151
1.355179e-04 1
4.170709e-04 1
2.682762e-04 2
4.539956e-05 4
2.928202e-04 2
9.734966e-06 1
2.660717e-04 3
8.631847e-04 694
9.821604e-05 876
2.551684e-04 3
2.832268e-04 3
3.252944e-05 7
2.772024e-05 5
1.146473e-04 1
7.832422e-05 1
6.093903e-04 3
9.342279e-04 1
8.860539e-04 7
2.071364e-04 5
4.207740e-04 81
9.890772e-04 1
1.921911e-04 6
7.347995e-05 1
3.941278e-05 1
2.209019e-04 1
3.044026e-04 1
5.615010e-04 3
4.875346e-05 1
1.846095e-04 179
2.285140e-04 38
3.031900e-05 1
1.938551e-05 2
1.086003e-04 4
1.234087e-04 1
3.588768e-04 4
2.105832e-04 1
3.034615e-05 2016
5.756062e-05 2
1.960240e-04 2
6.626855e-04 4
2.430710e-04 3
8.262366e-05 1685
5.978485e-04 193
1.443355e-04 160
3.451432e-05 1
3.548713e-04 1
1.665108e-05 1
4.337511e-04 50
1.576880e-04 3
1.755143e-04 41
1.014548e-03 1
1.457121e-04 1
4.884577e-05 1
6.504790e-04 1
3.382155e-05 1
3.985170e-04 1488
9.911548e-05 2
1.326192e-04 1
4.439980e-04 1
5.690604e-04 1
8.399576e-05 1
1.687959e-04 1
2.485642e-05 1
1.587414e-04 1
4.928011e-04 3
2.697834e-04 1
8.154384e-05 221
3.424381e-04 94
1.541839e-04 2779
2.998895e-04 1
1.246458e-04 1
2.029585e-05 1
4.831041e-04 105
8.339882e-05 3
1.864154e-04 6
3.080505e-05 1
7.585838e-04 1
3.375986e-04 1
3.791602e-05 3
5.531934e-04 1
9.633472e-05 30922
2.286371e-04 138
1.385132e-04 4
2.812636e-05 4
5.043860e-05 1
3.232312e-04 1
1.351897e-04 48
1.919320e-04 1
2.776656e-04 2
1.096874e-04 1
7.977822e-04 1
7.925823e-04 2
6.125228e-05 1
1.025265e-04 1
4.747579e-04 1441
9.098161e-04 38
5.129761e-05 1
1.778975e-05 229
1.150121e-04 54853
9.459252e-04 1
4.449373e-04 1
9.570686e-05 6
2.989198e-04 1
1.984841e-04 59
5.524062e-05 6
4.204942e-05 2
1.366893e-04 1
8.800481e-04 4
6.763262e-05 1
1.752552e-04 1149
2.930219e-05 1
4.138995e-04 3
5.477941e-04 4004
1.827543e-05 1
4.114099e-05 55167
2.316316e-04 1
9.881061e-05 24769
4.287505e-04 3
6.405749e-04 1
6.051579e-04 1
5.141430e-04 3
1.343122e-05 2
4.156414e-05 1
3.477130e-04 1
4.720095e-04 1314
1.809800e-05 1
4.697417e-04 4
2.871921e-04 2
2.031135e-04 73
1.003387e-04 1804
1.119445e-04 1
8.753611e-05 50110
1.025925e-04 1
4.914377e-04 3
6.384037e-05 1
1.907408e-04 1
1.859024e-05 1
3.083630e-05 2
9.134474e-05 1
7.906874e-04 1
9.352998e-05 1
2.588845e-04 1
2.701927e-04 2
8.066066e-05 756
8.357391e-05 7
9.788088e-05 1939
8.927911e-06 19668
8.329723e-05 2
3.456751e-05 17671
2.180098e-05 42011
2.774596e-04 1
3.175980e-04 2
8.641176e-05 1
1.400468e-04 1
1.312778e-05 1
8.151380e-04 1
3.737282e-04 3
1.643879e-04 2
1.978459e-04 2
1.841252e-05 1
1.698185e-05 1
2.627099e-04 1
3.228868e-04 35
1.896127e-05 3
1.699428e-04 54849
1.218616e-04 1
8.971783e-05 1
4.065250e-05 2
1.790180e-04 1
3.212484e-05 1
3.448308e-04 1966
1.197460e-04 1
4.123977e-04 1
1.884312e-04 2
6.236836e-04 1
1.620383e-05 1258
2.330678e-04 57640
1.304588e-04 4
5.443438e-04 1
1.202674e-04 1
9.937591e-05 227
3.518995e-05 12716
1.453035e-04 4
7.720830e-05 4
2.417243e-05 6
1.335894e-04 1
5.313984e-05 1
5.266917e-04 1
1.861970e-04 3
8.235749e-05 2
6.480047e-04 1
1.263671e-04 7
1.016272e-04 1
3.258837e-05 1
1.544553e-05 1
1.108475e-03 1
3.571601e-05 2
4.824749e-05 5
2.890251e-04 1
1.219019e-04 18
6.269556e-06 3
1.625536e-05 1
1.705668e-04 1
1.350713e-04 49
4.695046e-05 38
1.366842e-04 1
1.843913e-05 3
1.580504e-04 29052
7.432249e-05 1
2.280544e-04 3
5.673186e-05 1
3.207779e-04 43
1.817504e-05 46025
5.179268e-04 1
2.594840e-04 1637
5.630916e-04 3
4.198837e-05 1
3.055492e-04 1
1.179218e-04 1
7.723878e-05 27812
5.269025e-04 1
7.875029e-05 53489
4.358278e-05 1
2.191079e-04 3
1.442529e-04 1
7.643267e-05 2
1.418664e-04 1
1.874266e-04 189
1.468043e-04 1
3.170967e-04 1
2.402200e-04 6
1.843077e-04 1
5.871881e-04 1
2.271330e-04 1
1.539209e-04 1
3.111967e-04 2
1.398765e-04 1
4.137793e-04 199
6.314005e-06 7
1.827841e-05 1
4.806836e-05 1
2.985488e-04 2
6.561657e-05 2
4.941655e-04 1
6.401225e-05 6
7.875176e-04 3
2.357401e-04 1
1.725120e-05 2
5.818214e-04 7
3.408401e-04 1
2.084275e-05 1
1.237879e-04 2
8.252978e-05 1
7.199389e-05 3
2.140201e-05 1
1.030803e-03 1289
1.727904e-04 261
1.804306e-04 1
5.221218e-05 1
1.564488e-04 3
3.078592e-04 1
1.802806e-05 1
1.764215e-04 1
2.216129e-05 1
1.235896e-04 1
9.870281e-05 1
2.097695e-04 6
3.796002e-04 6
1.646954e-04 4
2.272315e-05 4
4.801529e-04 1
1.017932e-05 1
1.893536e-04 3
4.664507e-05 1
3.481319e-04 2
4.983768e-05 4
7.793696e-05 49949
1.100570e-04 1
5.985511e-05 1
8.435572e-05 1
2.031991e-04 1
1.831418e-04 1
1.885500e-04 2
4.146983e-06 1
1.999672e-04 1
1.465743e-04 1
1.725357e-06 1
7.187103e-05 5
1.089228e-04 1
7.761292e-05 191
6.017914e-04 88
3.627914e-04 2
1.753892e-04 1
2.623116e-04 629
6.399705e-04 3
1.388840e-05 1
2.393269e-04 1
1.254700e-04 1
8.983749e-06 2
4.858144e-04 1
1.469030e-05 1
2.794139e-04 3
1.987834e-04 1
4.406107e-04 1
5.021374e-05 728
8.891299e-05 7
2.078163e-04 1
3.265898e-04 1
1.655903e-05 1
4.685447e-04 3
1.934300e-05 1
2.123925e-04 1
7.645001e-06 1
4.556918e-04 1
4.204714e-05 1
8.355844e-05 3
1.178510e-04 1
3.026834e-05 1
1.648236e-04 2
5.364338e-05 1
2.791612e-05 1
1.941904e-05 1
1.401497e-04 2
2.393576e-05 1
5.804246e-04 142
2.620119e-04 593530
3.811187e-04 1
2.696524e-05 1
4.092273e-04 1
7.498124e-05 3
3.271823e-04 7821
6.872784e-05 1
2.513452e-04 1
8.684669e-05 2
7.258568e-05 2
7.298002e-05 11767
5.720611e-04 3
3.936301e-06 46725
1.226937e-04 1
8.860872e-05 1
5.247879e-04 7
1.593596e-04 1
2.417017e-04 1
6.914089e-04 3
2.228370e-04 1
1.798111e-04 2
6.905468e-04 1
7.743758e-05 1
5.226907e-05 3
9.871264e-04 2
5.024400e-04 6
2.149228e-04 1
1.210417e-04 2
4.075893e-04 4
3.833153e-04 1
1.126597e-05 1
1.193390e-04 1
1.147474e-04 1
1.351532e-04 1
4.200592e-04 3
1.978093e-04 1
3.323715e-05 1
1.039985e-04 1
1.006458e-03 1
1.642379e-04 1
2.092547e-04 1
3.159190e-05 1
1.372703e-04 1
1.263607e-04 1
3.818673e-07 4
5.898455e-05 1
4.564436e-04 3
1.887071e-04 1
4.544720e-04 1
3.498171e-04 3
5.125468e-04 275
6.852540e-04 1
1.284701e-04 1
2.627145e-04 1
5.535304e-04 1
1.535659e-04 1
7.296016e-05 212
2.540760e-06 1
5.818546e-04 1
2.946873e-04 2
6.869115e-04 1460
2.964343e-04 20203
3.700646e-05 2
5.313659e-05 1455
6.023490e-05 2
8.906584e-05 215
1.209667e-04 3
1.760657e-04 1
6.252559e-04 1228
5.406891e-04 1
1.214688e-04 1
1.056373e-04 1
2.662456e-04 1
3.864160e-05 1
9.511417e-05 2
1.453876e-04 1
1.032891e-03 1
1.492266e-04 3
9.654330e-05 1
5.749721e-05 2
2.897552e-04 1
3.499507e-04 3
4.622739e-04 1
5.641970e-05 1
4.539091e-05 1
1.176568e-04 2
2.763236e-04 170
1.727258e-04 1
2.474182e-04 1
5.174788e-04 3
4.471916e-04 1
6.747895e-04 1
8.959357e-06 6
7.306685e-05 2269
7.316258e-05 1
9.084995e-05 3
2.568746e-04 2
3.347242e-04 1
6.370106e-04 1
9.924736e-05 1
2.821865e-04 2
1.904525e-04 198
3.412816e-05 1
8.956740e-05 181
2.335348e-05 82
6.118177e-04 3
1.157681e-05 201
3.141539e-04 1
2.881175e-04 1
2.285412e-04 5
6.231885e-05 1
2.595447e-04 3
5.993094e-05 3
8.811673e-05 1
2.121349e-06 1
8.184305e-04 1
1.127171e-04 3
5.204921e-04 1
1.639738e-04 1079
4.873006e-04 6
1.027047e-04 1
1.294002e-04 1
2.064956e-04 1
9.840389e-05 266
3.617263e-04 2
1.188929e-04 1
1.224216e-05 1
1.641452e-04 2
7.478418e-05 1
5.171935e-04 2
9.384338e-05 1894
4.277759e-04 2
1.480873e-05 1
1.094077e-04 3
1.789225e-04 1
6.138743e-05 1
1.041165e-04 1493
6.191423e-04 1
2.323352e-04 1
5.435250e-05 3
2.732549e-05 343
6.831738e-06 3
4.500608e-04 1
1.864133e-04 7
2.299490e-04 1
5.913277e-05 3
2.282080e-04 2
6.926599e-04 2
2.707673e-06 1
2.182632e-04 7
2.417341e-04 96
1.978526e-04 3
3.502462e-04 96
1.253191e-03 3
6.132022e-05 1
1.487169e-04 10
1.693499e-04 5
4.592451e-04 2
2.243252e-04 1
8.590639e-05 6
2.636018e-04 6
7.155309e-04 4
1.169983e-04 3
1.651193e-04 1
2.166534e-05 7
3.583090e-04 2
2.629201e-04 3
3.208027e-05 64346
4.447654e-04 47243
2.418665e-04 3
1.646564e-04 6
1.995054e-04 1
1.324774e-04 1
1.497119e-04 261
2.357338e-04 1
7.996944e-06 1
3.059559e-04 3
9.785449e-06 1
3.213122e-07 1440
3.139759e-04 1
6.026961e-04 1
1.810929e-04 6
5.130766e-04 2
1.259447e-05 6
3.966580e-05 1
2.993151e-06 2
6.683071e-04 2
6.496460e-04 1
1.968413e-04 3
2.450706e-04 7
4.182932e-04 1
7.755743e-05 1
1.407734e-05 2
1.426111e-04 7
4.166131e-04 1635
9.816990e-04 148
7.691633e-04 2
1.413873e-05 1
3.881886e-04 1
1.764502e-05 3
1.878506e-04 2
2.083607e-04 57232
9.010195e-05 2
4.116021e-06 1
1.046996e-04 2
1.557222e-03 23124
8.690249e-05 1
2.738765e-05 4
9.590657e-05 1
1.462876e-04 1
2.435085e-04 3
5.937621e-05 5
5.432313e-05 2
2.645476e-05 1
1.925738e-04 1
2.721260e-04 218
1.674436e-04 1
6.956317e-05 1
2.299576e-04 6
4.700653e-04 1
9.116937e-04 23
4.283943e-06 2
4.609952e-04 1
3.784571e-04 1
6.901569e-06 2
9.673008e-05 7
7.794624e-05 3
5.626746e-04 4
2.877440e-04 1
1.265170e-05 1
9.107267e-05 1
7.930227e-05 58
6.223231e-04 1
5.550984e-04 1
2.558234e-04 1
4.352717e-05 1
1.085389e-04 3
3.119004e-05 1
1.170908e-04 6
1.912896e-05 55719
2.332818e-05 55940
6.139384e-06 1
1.567456e-05 1
1.722862e-04 2
8.487671e-05 7
1.373980e-04 1
3.118594e-04 7
2.325742e-04 5
2.643942e-04 1
7.563622e-04 60338
5.105241e-05 1
2.832342e-04 167
2.688335e-04 1
8.172746e-04 3
2.151131e-04 1
4.790024e-04 3
2.360912e-04 5
5.926127e-05 1
8.031406e-04 3
4.587146e-04 3
5.830867e-05 7155
3.383048e-05 1
1.475009e-04 1
6.388030e-06 1
3.938847e-04 65
6.958386e-05 6
5.025970e-04 1
4.144080e-04 1
1.683227e-04 178
1.813144e-04 1
9.953891e-05 1
6.700452e-04 121
6.792063e-04 1
5.922547e-05 2
7.391047e-05 3
1.416859e-04 1
1.995232e-04 240
2.333569e-04 505
4.193024e-04 1
6.285144e-05 1
4.155389e-04 108
1.534380e-04 984
5.794236e-04 1
8.452672e-06 1
9.029255e-05 88
6.182253e-04 1
1.294357e-04 1306
1.310902e-04 1
5.850079e-05 1
1.058048e-04 7
1.042245e-04 4
1.028260e-04 1
1.613585e-05 1
1.369383e-04 1
1.538656e-04 114
2.386686e-05 1
8.813469e-05 7
1.485667e-04 2
8.633377e-05 1
5.945865e-04 2
1.879667e-04 2
3.570869e-05 149
1.143776e-04 1
4.662211e-04 1
4.647420e-04 1
4.205023e-05 1
1.954940e-04 1
1.833520e-04 1
3.030418e-04 1
5.372836e-05 1
2.449886e-04 1
3.332105e-04 1
1.976386e-04 5
7.849162e-05 1
2.103058e-04 1
1.249997e-04 2
1.618804e-04 2
1.650688e-04 1
8.488671e-05 1
3.272415e-05 1
3.808819e-06 6
1.520620e-04 1
3.156029e-04 8098
1.019268e-04 2
2.690015e-05 1
4.643424e-05 2
3.818096e-04 523
9.669188e-05 182
1.741916e-04 1
5.168552e-05 1
1.860210e-04 3
5.943928e-04 1
4.019185e-04 6
1.074444e-04 251
3.902649e-04 1
3.134693e-04 1
3.397789e-04 204
7.329307e-05 1
3.288518e-05 1
2.146691e-04 1201
1.911448e-05 1
1.287971e-04 1
7.858573e-06 1
3.508832e-05 2
6.807908e-05 1
8.644159e-05 2
1.365640e-04 2
2.167656e-05 60885
2.633352e-05 1
1.223254e-04 1
2.038920e-04 1
2.606533e-04 2
1.775957e-04 1730
2.360700e-04 1
5.329796e-04 53203
3.980460e-04 5
1.358070e-04 545
9.986338e-05 1
7.567406e-05 1
9.916832e-04 2
2.771629e-04 63454
3.979368e-04 3
2.128687e-05 1
7.312201e-04 1
1.886258e-04 2
3.304952e-04 5
5.242038e-05 4
2.494614e-04 1
1.497034e-04 5
1.348147e-04 36801
2.622778e-04 1
2.247515e-04 4
1.736895e-04 4
2.354555e-04 3
1.987041e-04 1
8.034678e-04 3
1.613516e-04 2
4.870160e-05 1
4.508651e-05 7017
8.572144e-05 1
2.316441e-04 1
2.862471e-04 1
7.032900e-04 1
2.576296e-04 6
1.969634e-04 2
1.257407e-03 3
1.198634e-05 152
1.037948e-05 1
8.658532e-05 25
2.106381e-05 48220
2.869312e-04 1
4.976294e-04 1
2.966047e-04 3
5.557704e-05 2
1.150834e-04 1
1.966946e-04 6
2.090899e-04 3
3.769416e-04 1
3.804036e-05 1
3.862356e-05 2
1.848297e-04 1
6.847934e-04 1
2.259036e-04 1
3.959723e-05 1
8.934831e-05 1
4.929344e-04 1
1.285408e-04 1
1.176063e-04 3
1.830948e-05 1
3.820209e-04 1
7.913468e-05 476917
1.016806e-04 3
2.888763e-04 1
1.622188e-04 1
5.066052e-05 1
2.262704e-04 1
6.186669e-04 2
1.443368e-04 3
1.867809e-04 4
9.264272e-04 1
2.099078e-04 2
4.328636e-04 5
4.836970e-05 35
1.906603e-04 1
2.293012e-04 3
6.099992e-04 1
2.088162e-05 31928
7.896706e-04 1349
3.492152e-04 2
3.658412e-05 19502
5.961054e-04 5
1.999216e-04 1
3.588890e-04 1
8.077041e-04 1
1.170305e-04 1425
6.500634e-06 5
1.034521e-04 1
1.404753e-04 148
9.314930e-05 5
3.178840e-04 1104
1.772614e-04 2
4.612806e-05 1
4.410780e-04 7
6.424740e-04 1
6.884080e-06 1
2.584813e-05 163
6.097112e-06 1662
8.297083e-05 1
2.230161e-04 1
2.493437e-04 1
3.002006e-04 6
3.108854e-04 1
1.967524e-04 1
1.003777e-03 3
1.740092e-05 1
4.711793e-05 2
1.113840e-04 2
2.563749e-04 2
1.430497e-04 1
5.279395e-04 4
2.774622e-04 1
7.920564e-05 1
5.412054e-05 1
6.524958e-05 4
9.512356e-05 1
2.059597e-04 7
3.622686e-04 2
5.856929e-05 1
7.509202e-04 178
1.864360e-05 1
6.440545e-05 1
4.237629e-05 3
5.433989e-04 2
3.517348e-04 1
1.141093e-03 1
5.463086e-05 1
1.024526e-04 1
7.325382e-05 1
1.328517e-04 3
3.413966e-04 2
1.587965e-04 1
7.445499e-04 1
2.210493e-06 1
3.061913e-04 31067
2.679172e-04 3
1.234231e-03 3
1.586344e-05 1
1.005602e-04 58798
8.695196e-05 1
3.369850e-04 1
2.426756e-04 1
3.536523e-05 4
4.329833e-05 1
1.422462e-04 3
3.510620e-05 3
8.043553e-05 1
1.571261e-04 3
5.135103e-04 1
6.278740e-05 1494
8.909537e-05 1
2.416998e-04 1
1.100242e-04 1
2.108549e-04 1
2.895060e-04 1
3.282524e-04 1
6.396313e-05 56094
1.901306e-04 1
3.981338e-04 3
2.556784e-05 1
1.571070e-06 1
1.886129e-04 5
1.727957e-04 2
4.304900e-04 1
3.200616e-04 1190
6.222758e-05 2
1.257822e-03 3
1.867437e-04 1
3.034854e-05 3
4.579321e-04 7
1.488724e-04 1
2.879695e-04 60
8.285503e-04 53
1.532182e-04 515322
1.319552e-04 7
1.284118e-03 2
9.214000e-05 7
7.885144e-05 4
9.192826e-04 1
4.880876e-04 2
6.886831e-04 2
5.035239e-04 6
3.283276e-04 2
9.072187e-04 1
2.370180e-05 1
9.864273e-05 1
1.389787e-04 1
9.258074e-06 2
1.271457e-04 3
1.884802e-04 239
4.392281e-04 1
4.795819e-04 2
1.291166e-04 1
1.975400e-04 2
1.696935e-05 183
8.190350e-05 102
1.104034e-04 1
6.771255e-05 1
7.147705e-04 1
2.261160e-04 668
2.495200e-04 1
4.505639e-04 3
1.287438e-04 103
1.419519e-04 6
3.177332e-04 1
8.138939e-05 1
3.381090e-05 1
3.815785e-04 1
2.489270e-04 7
6.468394e-05 1
4.541279e-05 1
4.095110e-04 3
2.082640e-04 171
5.164824e-04 1
1.907361e-04 1
3.153900e-04 8600
4.042157e-04 180
4.773660e-04 1
1.891145e-05 1
5.379206e-04 7
4.810117e-05 1
1.554179e-05 3
2.816515e-05 2
4.328643e-04 1
1.645237e-04 1
5.315982e-05 150
9.507685e-05 4
4.618807e-04 1
5.227843e-04 1
8.899362e-06 1
1.779610e-04 1085
2.407456e-04 2
4.879064e-05 1
1.412064e-05 6
5.614317e-04 1
3.020249e-04 2
2.810353e-06 1
6.993295e-05 1
3.720343e-04 4
3.700028e-04 77
4.451768e-05 3
5.494718e-04 3
1.314813e-04 1
3.338424e-05 4
5.569601e-04 1
2.813516e-05 42892
5.696678e-05 1
2.826462e-05 1
5.935008e-04 6
1.211693e-04 3
9.784334e-06 198
6.551151e-05 1
3.731071e-04 2
2.247136e-04 3
1.297808e-04 1
8.951249e-05 1
1.619872e-04 4
1.421311e-04 1
3.072736e-06 1
3.867329e-04 1
6.626750e-04 2
1.608645e-04 1406
1.948929e-04 1
1.249275e-04 1
7.573956e-04 2
6.152327e-05 1
1.066938e-04 1
3.506343e-05 1
1.246527e-04 1484
2.306398e-04 1
3.117134e-05 1
3.824749e-04 20612
2.167975e-04 1
2.102180e-04 968
6.331144e-05 47
3.531822e-04 29
5.859450e-05 1
2.905938e-04 3
6.534044e-05 1
2.108411e-04 1
8.499086e-05 2
1.453828e-04 1
1.127003e-04 6
4.750321e-04 1
3.586850e-05 2
1.604053e-06 41274
3.719477e-04 1
1.439432e-04 1
2.730733e-04 1
3.789799e-04 2
1.696550e-04 4
3.227980e-04 1
6.105167e-04 1
3.585410e-05 2
1.410188e-04 1
2.136604e-04 1
4.311165e-04 5
5.864033e-04 3
4.124244e-04 5790
1.863841e-04 1
2.000975e-05 2
2.740938e-05 200
7.984581e-05 4
2.213250e-05 1
1.410115e-04 101
9.529653e-05 1
2.214607e-04 1
4.021957e-04 28
8.704017e-04 2
6.187392e-05 1
2.617089e-04 671
8.638534e-05 5
7.377382e-06 1
6.384397e-04 121
2.508265e-05 1
2.946750e-04 1
3.974976e-04 1
4.987580e-05 1
1.087742e-04 2
1.071213e-04 1
1.900262e-04 6
5.574108e-05 5
4.918637e-05 1
1.712070e-04 5
6.048938e-04 6
1.959926e-04 2
2.604370e-05 2
2.067807e-04 1
3.714124e-05 1
3.128752e-05 250
1.307329e-04 2
3.115316e-04 193
1.370585e-04 5
7.376586e-05 1
5.779408e-04 1
2.751568e-04 1
8.851702e-06 7
1.320409e-04 1
3.045018e-04 1
8.346201e-05 1
4.006598e-05 267
6.557194e-04 1
7.759374e-05 1
5.558329e-05 6
3.524891e-04 146
2.289595e-05 1
1.089592e-04 1
6.407154e-05 3
8.144107e-04 1
4.171041e-04 183188
4.176621e-04 5
2.951857e-04 1
1.283540e-04 120
3.432699e-04 1
2.706491e-04 1
1.008683e-03 1
1.308793e-04 66310
4.210173e-04 1
5.181377e-04 3
2.619305e-04 1
4.058829e-05 1179
5.508093e-06 1
2.456684e-04 1
1.377612e-04 1
4.071316e-04 1
5.562845e-04 1
7.011273e-04 3
4.202643e-05 3
5.339914e-04 1624
7.032674e-05 69
1.776354e-04 29992
3.139652e-04 1
3.455452e-06 785
9.818172e-05 1
1.672449e-04 6
3.056732e-04 1
2.362025e-04 2
9.728517e-05 1
4.093755e-05 1
1.416534e-04 1
1.143569e-04 2
2.062186e-04 1
1.008034e-04 1
5.821295e-05 1
1.030706e-04 1
6.450307e-04 40649
4.007229e-04 3
4.407604e-06 1
2.899774e-04 1
1.649916e-04 1
5.144038e-05 1
1.535224e-04 6
2.417329e-04 1
3.204017e-04 1
1.750086e-04 1
1.258499e-04 1
6.886963e-04 1
9.466259e-05 2
4.323929e-05 2
6.031555e-04 1156
3.126987e-04 1
1.180389e-04 3
1.544373e-04 1
7.183109e-04 1
5.518653e-04 1
9.380710e-06 586
9.475204e-05 1
1.493884e-05 1
2.242539e-04 1
1.895177e-04 1
7.481893e-05 1
1.251220e-04 2
3.151958e-04 1
1.245535e-04 124
1.439889e-04 3
2.690208e-04 1
4.861202e-04 1135
5.984804e-06 1
3.010390e-04 1
1.398002e-04 5
2.436974e-06 1
2.283815e-04 1
2.646958e-04 1
1.402914e-05 1
8.067946e-05 1
3.835378e-04 4
2.346918e-04 3
5.118537e-05 1
4.853409e-04 4
2.449155e-04 2
5.344773e-04 5
1.451456e-04 1
2.439281e-04 1
4.828349e-04 1
7.936684e-05 1
1.805910e-04 1
3.146710e-04 1
3.580359e-06 1775
2.904500e-04 3
1.916336e-04 1
6.502374e-05 1
2.157562e-04 1
3.095193e-05 153
6.453999e-04 1
2.535481e-04 2
1.164542e-04 24
5.096838e-04 3
9.547199e-04 1
2.037111e-06 1
3.865919e-04 3
1.155725e-04 798
1.246935e-05 1
2.571715e-04 1
4.213310e-04 1
2.996159e-05 36909
7.757052e-05 2
2.468868e-04 69
1.232994e-04 1
2.287429e-04 1
1.585772e-04 5
1.392449e-04 1
3.976685e-04 1
5.943219e-04 1
1.182952e-05 1
5.825159e-05 1
1.182302e-04 1
2.063706e-04 1
1.923939e-04 3
4.656613e-04 5
1.643812e-04 3
4.083048e-04 1
4.070311e-04 1
2.371695e-04 8125
2.777215e-04 1
1.450178e-04 1
1.439209e-04 249
4.782619e-04 3
2.085660e-04 3
5.938932e-05 2
2.341351e-04 3
5.070805e-05 7
2.957110e-04 2
3.842426e-04 3
9.481274e-05 3
1.385206e-04 2
3.636343e-04 6
1.815757e-04 1
5.671866e-05 1
1.594555e-05 1
5.487010e-04 1
1.300684e-03 1
8.278759e-05 1
2.694997e-04 3
5.614764e-04 2
1.211487e-04 140
1.117733e-03 3
8.386247e-04 1
1.661968e-04 1
9.988362e-05 1
5.572993e-04 2
6.827956e-05 34
3.137640e-04 1
5.111130e-04 1
2.846460e-04 1
5.576334e-05 1
3.351610e-04 1
1.550250e-04 1
4.575296e-04 1
6.032618e-04 3
2.804692e-05 1
4.869175e-04 1
2.341346e-04 1
1.960116e-04 4
1.673361e-05 72
8.576352e-05 1
8.133910e-06 1
7.900390e-05 1
4.066677e-05 72
7.966073e-04 1
8.458656e-05 1
1.140668e-04 3
3.503361e-05 3
2.432270e-06 1
5.155768e-04 2
7.912593e-05 783
6.615611e-05 1
5.896617e-04 73
2.227355e-04 2
1.964737e-04 1
2.660052e-04 7
6.577766e-04 1
7.101862e-05 2
5.562173e-04 1
1.618128e-04 2
2.377863e-05 191
1.771632e-05 6
2.959302e-04 1
1.449413e-03 1
2.258646e-04 1096
1.717417e-05 1
1.680798e-04 1
6.865928e-05 1
9.673214e-04 1
2.705230e-04 1
5.072164e-05 3
7.155125e-05 113
5.259783e-05 1
1.620101e-04 1
4.665118e-04 1
2.931839e-04 1
3.543796e-04 1
1.535391e-04 1
2.101640e-05 1
3.139045e-04 1
2.264500e-04 107
3.057536e-05 1
2.214423e-05 715
9.044619e-04 1
9.784858e-06 1
1.207056e-04 29
1.010925e-03 1
5.774711e-05 2
7.711275e-05 1
6.175548e-04 114
1.234649e-04 3
8.017221e-05 5
5.628621e-05 3
4.247092e-04 2
1.911307e-04 1
3.051917e-05 1
1.121532e-03 1
2.267852e-06 1
8.549847e-06 7
1.929854e-04 3
6.520826e-04 1
6.053616e-04 1
1.127175e-04 58
6.427287e-04 1
6.621544e-05 1
1.001077e-05 22
6.209869e-04 3
1.098270e-03 4
2.575576e-04 4
1.029329e-04 5
2.767234e-04 1
1.845057e-04 1873
1.746077e-04 1
3.863577e-04 2
4.971671e-05 4
1.381276e-04 2
1.510699e-05 3
2.685552e-04 2
1.686125e-04 2
4.818838e-04 1
2.110903e-05 1
7.403859e-04 6
5.332702e-05 3
5.616126e-04 1
7.354772e-05 7936
9.361374e-06 2
4.969219e-05 1630
1.568808e-04 1
9.140496e-05 33
3.349660e-04 2
1.737443e-04 1
3.731024e-04 1
5.059717e-05 1
3.640738e-05 1
7.541754e-04 220
3.576625e-06 2
1.245695e-06 2
1.950361e-04 2
9.552151e-05 1
3.072455e-04 138
1.599982e-04 1
3.533103e-05 2
4.509122e-04 913
5.781606e-05 3
9.434753e-06 1
2.336048e-04 6
1.906568e-04 1
1.657315e-04 1
2.228861e-04 21749
2.822081e-04 1
2.887375e-04 3
3.544927e-05 1
4.751044e-04 1
6.740072e-04 1
4.783971e-05 1
7.797392e-05 49695
3.112477e-04 3
2.802979e-04 1
1.892017e-04 1022
3.091877e-04 362
1.302661e-04 1
2.475741e-04 3
1.806722e-04 1
9.943967e-04 2
2.667221e-05 1
2.311971e-05 13
1.305626e-04 1
3.750894e-04 1
6.573283e-05 4
1.117682e-04 1
7.897274e-05 2
3.158645e-04 1
6.606594e-04 4
5.918713e-05 9759
3.871604e-04 3
3.646029e-05 1
1.091468e-04 1
1.774730e-04 2
1.768047e-05 1
1.960119e-04 1
2.253007e-04 13207
1.870843e-04 1
9.840911e-05 1
1.631294e-04 3
1.006494e-03 7
2.048323e-04 1
1.193428e-04 142
4.390082e-05 1
5.241845e-05 1
1.041365e-04 6
5.522640e-05 1
3.320273e-04 14740
7.305533e-05 1
4.102754e-04 9202
4.543845e-05 1
8.235283e-04 3
4.802232e-05 1
1.652671e-05 1
2.125759e-05 1
5.206528e-04 1
8.909040e-05 4
2.624080e-04 1
1.108560e-03 3
5.735232e-05 550
3.172185e-04 1
2.606395e-04 28
3.179388e-04 6
4.174430e-06 1
4.324484e-04 1
6.593920e-05 1
5.794641e-05 2
2.091600e-05 129
1.805849e-04 1
6.855446e-05 1
7.935152e-05 92365
3.272819e-04 1
1.010170e-04 1
2.317366e-04 1
5.768443e-05 1
1.016390e-04 1
1.018899e-03 1
9.487726e-05 1
4.688093e-05 7
3.415281e-04 1
4.649656e-04 11
8.851991e-04 2
1.791976e-04 1167
1.870229e-04 1
2.224722e-04 1
1.463732e-05 1
2.316874e-05 1
3.246067e-06 1845
5.369733e-04 3
1.142342e-03 1
3.592041e-07 1
4.879954e-04 1
9.471403e-05 259
1.090098e-04 62447
1.519542e-04 1
9.531403e-05 1
3.699010e-04 206
3.380289e-04 5
3.682844e-05 3
2.980197e-04 1
5.718509e-05 1
1.739301e-04 7
4.816770e-05 1281
1.377227e-04 128
2.642683e-04 1
1.269301e-05 1
2.745274e-05 1
2.556828e-04 1
1.264742e-04 4
8.790221e-04 16869
9.599334e-05 982
4.089342e-04 1
9.317657e-05 6
7.057623e-05 2090
7.949765e-05 1
1.319502e-03 5
9.011352e-04 1
6.877301e-04 1
7.383922e-05 5
1.580285e-04 4
2.279392e-04 1
5.964607e-04 3
9.824836e-05 1
9.679741e-07 2
5.916692e-05 1
8.124734e-04 1
1.335261e-04 1
5.321774e-05 1
2.364824e-04 1
1.405793e-04 2
5.350747e-04 1
9.600700e-05 2
3.177533e-05 1
3.060929e-04 1
3.030316e-05 1
3.951726e-04 1
3.897244e-04 148
1.335888e-04 1
8.715695e-05 1
3.877307e-05 2273
1.080399e-03 41481
6.255519e-05 1
1.042051e-03 1668
2.888474e-04 3
2.737108e-05 1
5.487377e-05 3
6.160176e-05 3
1.750610e-04 1
1.006567e-04 1
3.633332e-04 1
7.353380e-05 1
5.240854e-04 2
1.066503e-04 1
1.082994e-04 42
1.996061e-04 1
2.699779e-04 1
1.792968e-04 3
2.759239e-04 3
4.387319e-05 1
5.558639e-05 208
3.849932e-04 51777
5.649944e-05 1
2.277863e-04 2
6.740276e-05 130
1.881974e-05 2
2.991216e-04 1
4.790807e-05 256
1.488134e-04 239
2.224277e-04 966
4.125800e-05 1
1.576248e-04 3
4.218011e-06 1
2.173577e-04 1
5.541300e-05 1
7.874251e-05 3
9.033585e-05 3
1.472910e-04 2
1.533739e-05 77
1.211147e-04 1
6.732795e-05 3
1.404607e-04 1
2.820827e-05 1
6.726011e-04 4
3.215647e-05 7
2.775591e-05 66
4.973694e-04 1
9.913271e-05 2
9.467730e-04 1
4.092193e-04 7
3.116095e-06 1
7.774937e-05 1
2.808883e-04 1
3.754567e-04 3
5.356920e-04 3
1.810119e-04 2
1.050546e-04 72
1.589319e-04 3
1.391930e-05 1
3.624270e-04 1
2.730423e-04 1
3.244498e-04 3
1.951335e-04 3
2.170044e-04 262
2.687145e-04 7
2.845117e-05 1
2.214950e-05 2
6.818183e-05 1
8.029544e-05 1
8.358698e-04 250316
8.260852e-04 6
3.655414e-05 1493
1.874906e-04 3
6.147201e-05 2
9.475934e-05 1
2.708403e-04 1
1.400131e-04 123
6.448812e-06 5
1.649574e-04 1
8.156493e-05 1
3.155505e-04 1
1.038052e-03 7
4.402133e-05 1
2.337561e-05 1
4.711282e-04 1
3.998089e-05 3
3.658972e-04 3
1.872358e-04 1
3.367999e-05 1
3.586790e-05 1
6.495068e-04 1
1.008526e-04 1
2.748780e-04 1
2.500008e-04 885
5.290800e-05 1
6.248680e-05 3
2.410031e-04 1
3.894182e-05 1
3.235780e-04 1
1.492810e-04 3
1.923714e-04 3978
5.998817e-05 3
1.910724e-04 251
1.371624e-04 6
2.404818e-04 7
4.254582e-04 1
8.417120e-05 7
2.286330e-05 1
8.172106e-05 1
6.851783e-06 10
1.250334e-06 1
1.425734e-04 1
1.165047e-04 1
2.843597e-05 5
1.146468e-04 1
1.297742e-05 1
8.905031e-05 1
5.145882e-04 1
2.100195e-04 1
2.519453e-04 5
6.987038e-04 519
3.085617e-05 1
8.992877e-05 1
9.895811e-05 1
1.813941e-04 1
1.472815e-04 1
6.347632e-06 1
3.814473e-05 3
2.711235e-05 158133
4.058088e-05 1
3.040868e-06 1
9.276024e-04 1
2.277539e-04 1
5.080960e-05 2
3.618892e-04 1
3.191266e-04 92
4.677234e-05 1318
9.888268e-05 1
1.684836e-05 1
3.430547e-04 1
8.893264e-06 1
1.147981e-04 1
3.523274e-05 5
5.885468e-04 1
2.558529e-04 1
5.209760e-04 1
1.825037e-04 1455
3.420390e-04 1
1.644478e-04 1
1.369730e-04 5
6.110079e-04 1
6.510558e-05 4
4.020825e-04 336
3.160777e-04 1
1.510420e-04 1
4.039277e-04 38
5.387192e-04 1
4.056251e-04 34528
5.725036e-05 3
1.967818e-04 2
1.564907e-04 6
4.923654e-04 1
1.569864e-04 2
2.676609e-04 673
1.634023e-04 2
8.548733e-04 2
7.653545e-04 1
3.027657e-04 1
3.277732e-04 89
1.293980e-04 1
4.456264e-05 1
2.083028e-04 1
1.743709e-05 2
3.423406e-05 1
2.424943e-04 2
8.236714e-05 241
7.644606e-05 374
8.373090e-05 1521
6.680187e-04 1
6.714749e-05 3
4.446799e-05 169
6.032942e-04 1
7.133244e-05 129
2.281923e-04 1
3.459192e-04 1
1.953972e-04 1
3.255200e-04 1714
2.119288e-04 1
6.532951e-04 438
4.359908e-05 5
7.228875e-05 1
6.435712e-05 1
5.268433e-04 2
2.130886e-06 1
6.313952e-05 2048
1.579748e-04 1
1.580407e-04 1
3.264595e-04 1
3.291081e-04 3
2.731066e-06 157
2.297991e-06 4
3.588895e-04 1
7.343031e-05 1
4.538770e-05 14
1.340364e-04 3
7.467400e-05 3
3.721842e-05 3
2.744191e-05 1
1.660980e-04 45402
2.918036e-04 2
4.347411e-05 1
6.103483e-06 645
3.744028e-04 1
4.800392e-04 2
1.308945e-03 1
5.354154e-05 1
2.998599e-05 1
7.067311e-04 3
5.327049e-05 8158
2.123814e-05 7
9.201176e-06 1
1.377640e-04 379913
2.720283e-04 7
4.469266e-05 195
8.804887e-05 29017
5.520400e-05 3
1.596771e-04 1
3.811882e-05 47
9.730436e-05 1
3.328790e-04 1
7.402669e-04 1
5.236169e-05 1
2.753074e-04 473801
5.843982e-05 1
2.383567e-04 7
5.722805e-04 3
1.465262e-04 1
7.001982e-06 1
1.473550e-04 1
3.290192e-04 1
1.142508e-04 1
3.536896e-04 13
3.248968e-04 1
2.328803e-04 2
6.335461e-05 1
7.706486e-05 5
4.737050e-05 5
8.991827e-05 264
4.915707e-04 1
3.286283e-05 2
3.055510e-05 3
1.256967e-04 3
1.543092e-04 889
4.522660e-04 1
1.802467e-04 4
1.269507e-04 2
2.768986e-04 1
2.363403e-04 38
1.381140e-04 1
5.670770e-04 1
1.372352e-04 149252
4.328817e-05 906
1.166525e-04 1
1.524377e-04 1
2.377363e-04 6
4.523021e-04 1
1.528770e-04 2
1.976964e-05 3
1.419318e-04 1
1.508512e-05 1
2.586320e-04 2
5.303116e-04 5
3.403706e-04 2
2.114666e-04 252
6.128648e-05 256
6.114618e-05 1
3.133936e-04 1
8.664471e-04 6
2.105629e-04 3
3.252674e-05 2
3.258114e-04 6
4.963131e-05 3
6.255983e-05 1
1.413264e-04 1
1.059178e-05 29
2.345710e-04 77
1.166624e-04 1
2.600697e-04 1597
2.206132e-04 1
8.458258e-05 1
8.177072e-04 1
2.438339e-04 214
8.517683e-05 25
1.197958e-04 1
4.344900e-04 2
1.926532e-04 7
1.473578e-04 1
7.700731e-04 1
2.370947e-04 26206
2.881032e-04 1
1.866573e-04 50
1.347577e-04 2
4.017778e-04 3
6.913128e-05 1
5.766985e-05 1
9.868332e-04 2
1.834244e-04 1
5.645289e-05 1
3.307862e-05 1
1.403984e-03 1
2.668336e-04 1
2.782878e-04 3
1.446521e-04 1
1.406909e-04 2
