5.734412e-05 1
5.853829e-05 1
2.697092e-06 5
6.046477e-05 7
6.014309e-05 1
2.592178e-06 1
1.571386e-05 2
1.791755e-05 1
3.342940e-06 7
2.469876e-05 4
2.608707e-05 1
1.376122e-05 15
1.796561e-05 2
4.493267e-06 1
6.331603e-05 3
2.351203e-05 1
1.092290e-05 1
3.128578e-05 1736
2.097271e-05 1
2.171774e-05 6
3.877526e-05 3
1.765709e-05 1
1.499580e-04 1
1.049397e-04 2
3.093688e-05 1
8.137812e-05 1
4.032292e-05 125
1.166115e-04 1
1.624301e-05 3
6.010138e-05 1
1.733119e-05 1
2.994879e-06 1
1.415791e-06 1
3.846849e-05 3
1.486610e-06 1
4.381487e-05 10456
2.399922e-06 1
2.057803e-05 202
2.055924e-05 6
5.618874e-05 1
1.472339e-04 3
3.382809e-05 1
2.283814e-05 2
1.819888e-05 1
1.204993e-04 1194
1.296080e-04 1
4.131486e-05 1
1.269068e-05 3
8.187382e-05 1
3.127166e-05 1
5.243493e-06 1
1.607276e-04 1
6.025975e-05 1
8.032763e-05 1
1.749512e-05 1
2.151782e-05 3
3.342155e-05 6
1.522224e-05 1
3.388147e-06 34
1.314612e-04 1
3.863621e-05 1
6.209897e-05 1
3.527428e-05 6
8.791350e-06 1
1.080399e-05 3
1.684721e-05 1
8.623453e-07 1
3.318922e-05 1
9.632785e-07 1
1.085124e-05 2
3.521774e-05 1
5.847950e-05 1
1.107958e-04 1192
5.262851e-05 140
2.854842e-05 3
8.135480e-06 6
4.805433e-05 1
1.021198e-04 1
1.030910e-04 1
1.766588e-05 8
2.217976e-05 1
1.321910e-05 1
1.800165e-05 1
8.127004e-05 3
3.641840e-05 1
4.796578e-05 1
1.252367e-05 241
9.511314e-06 3
1.048613e-05 1
2.574691e-05 2
7.986409e-05 1
2.027223e-05 666
3.357769e-05 1
5.624763e-05 3
5.148126e-06 1
4.151440e-05 1
7.353013e-06 3
5.824408e-05 919
4.873954e-06 6
2.197717e-05 5
1.029773e-05 847
1.123194e-04 205
1.450209e-05 3
2.121043e-05 1
6.718074e-06 1
2.953992e-05 70
3.416416e-05 1
1.681944e-05 1
1.889420e-05 1
7.533665e-06 5
5.684311e-06 1
2.639363e-06 1
2.582453e-05 1
1.118479e-06 1
7.010822e-06 2
2.379993e-05 1
4.683874e-06 791
2.394081e-05 238
6.135500e-05 2
2.071441e-07 1
3.388044e-05 2
2.411314e-05 3
2.349578e-05 1
3.005148e-05 6
1.906474e-05 2
1.047756e-05 5
2.731129e-05 1392
2.880698e-05 2
5.385348e-07 1
1.816894e-05 1654
5.343922e-05 5
1.094302e-04 3
7.504154e-06 113
9.536006e-05 1
1.920939e-05 1
4.426979e-05 7
9.668814e-06 1
1.232674e-05 23
8.993419e-05 198
2.452044e-05 1
5.946470e-06 237131
9.005029e-06 1
2.062630e-05 17815
2.562184e-05 1
1.396099e-05 1629
3.902460e-09 2
3.066868e-05 1
3.280220e-05 1
1.216170e-05 1
3.880249e-05 2
2.750040e-05 1
1.101050e-05 1
8.004528e-05 733
4.343400e-05 5
9.674901e-05 241
1.836551e-05 3
5.185277e-05 10
1.339475e-05 1
1.932031e-05 1
3.817082e-05 1
4.278055e-06 1
5.125232e-06 168
9.894058e-06 249
3.949713e-05 3
1.085053e-05 3
4.376162e-05 6
3.662580e-05 1
1.046920e-05 1
5.889352e-06 169
2.514834e-05 3
4.495885e-06 1
1.534312e-05 1
5.551144e-05 1
5.720316e-05 1357
1.557248e-05 3
8.418533e-05 2
3.162193e-05 3
1.757095e-05 1
4.298785e-06 4
4.779361e-05 210
7.988680e-06 1
4.601238e-05 1
6.685007e-05 1
6.186772e-05 3
5.645917e-05 1
4.662766e-05 445
2.736888e-05 1
8.989199e-06 1
1.211588e-05 1
3.153687e-05 1
1.277058e-05 3
3.021281e-05 1
1.160959e-06 676
5.812703e-06 2
2.761992e-05 89
1.563524e-06 3
9.066782e-06 1
4.079320e-05 1
7.718874e-06 1
2.222834e-05 47
7.178011e-05 1
2.764617e-06 3
4.426080e-07 5
3.155748e-07 3
6.252040e-06 1
2.912831e-05 2
1.123814e-06 170
5.922152e-05 173
8.532368e-06 2
4.542412e-05 1
7.662108e-05 6
2.526131e-05 1
5.222771e-05 234
4.016044e-06 1
3.087279e-05 1
5.677233e-06 1
2.240130e-05 4
3.478612e-05 1
4.955711e-05 1
4.867110e-05 1
6.453889e-05 1
6.522644e-06 1
3.971296e-05 128
2.166569e-05 3
6.138327e-05 1
2.707320e-05 5
9.168840e-06 4
4.039871e-06 4
6.600649e-05 2
3.080603e-05 1
2.330752e-05 1
3.323385e-05 1715
1.752040e-05 7
2.160588e-05 6
9.268851e-06 1
3.921506e-05 451768
2.789965e-05 579
5.231912e-05 1
3.205656e-05 1
5.256297e-05 3
1.795717e-05 37206
1.995048e-04 3
2.532388e-05 1
3.858034e-06 228
3.757826e-05 7
2.116467e-05 1
5.557136e-05 1
1.866648e-06 4
2.673848e-06 2
1.419405e-05 1
6.873484e-06 1
4.755330e-05 468
3.152908e-06 1
1.059637e-05 3
1.846082e-05 6
7.407527e-05 1
2.638485e-06 1480
1.386916e-06 1
5.815552e-06 6
2.280078e-05 1
4.964341e-06 119
7.325775e-05 1
1.243658e-04 3
9.306411e-07 1
3.160851e-06 3
1.164795e-05 5
5.177973e-05 2
3.293363e-05 3
1.723979e-05 1
6.606644e-06 56
2.203412e-05 1
3.096335e-05 1
1.031350e-04 1
2.300780e-06 1
2.250590e-05 1
7.804814e-05 1
2.029427e-05 24
3.821884e-05 3
1.472361e-04 5
3.736265e-05 3
1.672806e-07 2
4.625373e-05 1
6.133065e-05 160
6.988376e-06 2
6.601428e-06 309
1.166340e-05 1
9.897528e-06 1
2.687792e-05 1
2.748392e-05 1665
2.601225e-05 1
1.296653e-05 1
7.072145e-05 53
2.552000e-05 1
1.308567e-04 1
8.915254e-05 1
5.788104e-06 1
2.874530e-05 24
2.881536e-05 1
3.615341e-05 5
9.594411e-06 1
1.699134e-05 1
4.138273e-05 2
8.093756e-05 1
6.749674e-06 1
6.549293e-05 2
7.284284e-05 3
1.130378e-05 1
8.423978e-05 1
1.989343e-05 1397
1.358712e-05 39083
1.224225e-06 1
1.355202e-05 2
3.296472e-05 1
1.644821e-05 3
2.618445e-05 219
6.190291e-06 1
1.055264e-04 2
4.024142e-05 3
5.277943e-05 118
2.704565e-05 1
3.960201e-05 1
8.414389e-06 3
5.567545e-06 2
1.129244e-04 1
3.795101e-05 7
1.381555e-05 5245
2.322446e-06 5
2.873995e-05 3
3.322472e-05 1
3.810182e-05 15359
3.791781e-05 7
1.027149e-05 1
6.873654e-06 1
1.258513e-05 1
2.454738e-05 167
1.226153e-05 1
1.409892e-05 1
2.804956e-05 2
4.627100e-06 152
5.757074e-05 1
6.993310e-06 3
3.058284e-05 1
1.864334e-05 3
5.710064e-05 1
6.317753e-06 1
1.745999e-05 1
1.088261e-05 61430
3.685340e-06 3
3.287310e-06 1
3.253859e-05 1
1.052292e-05 1242
4.842376e-05 1
2.193706e-06 1
2.628748e-05 101
1.579445e-06 1
5.758807e-07 2
1.096352e-05 3
5.430630e-05 496979
8.254549e-07 1
1.523469e-05 316893
2.735453e-05 7
9.468348e-05 494
2.375198e-05 1
1.803065e-04 1
4.280659e-05 2
1.827908e-05 1
1.889292e-05 1
1.243691e-05 1
7.114550e-05 1
1.695602e-05 2
6.484164e-05 3
7.484815e-06 1
6.050854e-05 1
3.770733e-06 1
5.301900e-05 1
1.736807e-05 1
6.689911e-05 1
8.895073e-05 1
6.253304e-05 3
3.478655e-05 7
1.417988e-06 1
3.319309e-05 3
8.049337e-05 1
1.536441e-05 1
2.071070e-05 1
2.387343e-05 232
1.922072e-05 1
6.541165e-06 1
1.615701e-05 1
2.351689e-04 7
8.038754e-05 1
1.987381e-05 1
5.703094e-05 2
1.862630e-05 1
9.508905e-05 234
5.897023e-05 579
5.507423e-06 1
1.716819e-04 173896
5.693687e-05 13201
4.474033e-05 187
5.421705e-05 7
3.642298e-05 1
3.473510e-05 3
4.630180e-05 1
6.964795e-06 1
1.045037e-05 1
4.897434e-05 140
5.820197e-05 1
7.364523e-05 4
4.280771e-05 3
3.395672e-05 1
1.821132e-05 241
6.586135e-06 7
6.450713e-05 4
8.643423e-05 24212
2.880662e-05 1
6.304332e-06 1756
1.008705e-04 325
4.379468e-06 5
2.822498e-06 1
5.175942e-05 7
2.740454e-05 1
2.543654e-05 7
4.521128e-06 1
7.530402e-05 1
4.961975e-05 114
1.787387e-05 1
1.198599e-05 3
1.183009e-04 1
8.409967e-06 1
6.278277e-05 1
4.437066e-05 1263
7.772743e-06 1
9.407054e-06 7
2.704328e-05 1
3.650364e-05 1
1.967384e-05 1
6.899366e-06 2
3.931476e-06 6
1.627332e-05 2
3.030619e-05 1
2.459178e-05 2
2.550666e-05 3
4.314143e-06 1
1.196324e-04 3
5.268275e-06 1
2.727146e-05 3
1.395532e-05 2
4.750987e-06 1
1.730594e-05 1
2.872295e-06 1
8.955341e-06 1
1.431614e-05 1
2.498401e-05 1
9.480237e-06 1
9.848281e-06 1
7.962730e-06 54516
2.701628e-05 2
4.129705e-08 1
4.706033e-06 1
1.744307e-06 1
3.443815e-06 1
3.475544e-06 2106
1.619053e-05 660
4.773777e-05 42718
1.378328e-05 32
2.158973e-05 7
2.137331e-05 1
9.050327e-06 3
5.578395e-06 1
8.592172e-05 1
7.770052e-06 1
3.203094e-05 245
3.731976e-05 4
8.228524e-05 1
2.119560e-05 654
8.565734e-05 1
4.463896e-05 246
1.100999e-05 1
5.235487e-05 4
8.884380e-07 19
9.256471e-05 10325
3.430757e-05 6
6.431686e-05 1
1.629881e-05 2
1.858682e-07 3
4.581610e-05 1
1.665554e-06 3
2.073098e-05 90
4.973325e-05 18
3.505358e-05 2
4.753398e-06 1
4.582860e-06 1
9.934553e-06 3
6.372107e-07 9
2.010327e-06 4
1.063610e-05 1
1.505765e-05 1
5.078424e-05 6
2.145336e-05 1885
2.774599e-05 2
8.120397e-05 1878
2.022571e-06 2
4.059750e-05 2075
1.601272e-05 205
1.579953e-05 6
1.871240e-05 5
1.364215e-04 1
2.632902e-05 3
3.744802e-05 1
7.601054e-06 4
1.961588e-06 5
9.104395e-05 1
4.255863e-06 7
5.067520e-05 5
4.841156e-05 1
6.525870e-05 2
3.316998e-05 3
4.400444e-05 1
3.178075e-05 2
1.270515e-05 1
8.307156e-05 510229
7.824839e-05 64142
7.465353e-05 6
1.201837e-04 2
3.803033e-05 1
1.511268e-05 1
5.265748e-05 436
1.586344e-05 1
3.442460e-05 3
1.343096e-04 2
9.130362e-05 344734
2.859909e-05 2
2.964726e-05 3
1.093184e-04 1
2.926409e-05 1
9.626400e-05 1
5.174615e-05 3
1.721356e-04 1
1.094011e-05 3
6.668806e-07 1
3.072808e-06 2
5.122148e-06 1
2.256419e-05 2
1.603900e-04 1
2.704460e-05 2
3.329753e-05 1
3.343477e-05 1
4.710415e-05 5
3.212527e-05 1
1.063892e-04 1
1.945755e-05 3
1.188883e-05 1
3.520627e-05 120
3.543972e-05 1
1.447069e-05 5
1.763582e-05 159
8.037365e-05 1
9.202899e-06 5
5.654035e-05 2
2.477044e-06 37143
1.001945e-07 3
1.175303e-06 1
5.170287e-06 1
3.657679e-05 1
3.306743e-06 1
2.151149e-05 1
4.166326e-05 7
4.227698e-07 434122
6.685910e-05 1
4.864412e-05 1
2.124959e-05 1
1.985866e-05 3
5.971376e-05 1
3.398993e-06 2
3.483278e-06 2
5.808417e-05 1
6.319560e-05 1
4.683588e-05 3
6.847337e-06 1
1.793592e-05 1
4.210704e-05 149
5.004485e-05 3
1.429524e-05 1
5.292913e-05 2
1.493737e-07 1
5.801886e-05 1
4.350574e-05 2
6.075073e-05 3
4.974925e-05 2
5.831766e-05 7
9.252756e-06 1
8.681802e-06 1
6.012389e-05 3
3.173610e-05 1
7.457542e-05 3
2.925017e-05 84
1.339485e-05 2
1.034464e-04 1
1.008835e-06 2
2.877402e-06 133
2.225400e-05 6
3.319861e-05 1341
6.093695e-06 1
8.441895e-05 2
5.260104e-07 1532
5.655657e-05 1
8.248990e-05 1
1.198548e-05 7
7.330380e-05 3
3.593732e-05 2
5.682304e-05 1208
2.203797e-05 3
2.243229e-05 1
6.664238e-06 2
4.019569e-06 1856
5.988884e-05 1
5.880500e-05 1
1.211028e-05 1
3.641788e-05 4
4.204158e-05 1
2.717402e-05 6
4.120472e-05 58
3.284499e-05 181
8.177420e-06 1
2.660760e-05 1
1.018263e-05 2
1.433108e-05 1
1.033781e-05 156
3.468018e-05 1
3.815349e-05 1
1.586438e-05 568612
2.093957e-06 1
2.488231e-05 5
1.421272e-05 3
9.766097e-06 6
2.239427e-05 1
1.175051e-05 1015
1.490690e-06 4
6.320026e-05 5
3.923080e-05 2
2.393905e-05 7
4.432608e-05 22
4.691651e-06 3
3.917286e-05 1
2.047856e-06 1
1.412954e-04 1
1.393395e-04 3
5.062966e-05 12131
6.123507e-05 1
2.239437e-05 56053
1.443881e-05 4
3.786649e-06 1
3.317418e-05 1
3.846262e-05 2
1.928630e-05 3
6.999045e-05 1
4.471060e-06 55
1.224527e-05 1
2.546093e-05 1
2.067476e-06 2
7.028277e-05 1
4.554873e-05 200
4.313989e-05 7
9.892762e-06 81
5.353535e-05 54656
6.542153e-06 229
1.061204e-04 2
1.798810e-05 24351
5.935916e-06 1
9.208896e-06 2
1.813947e-06 1
1.519460e-05 1
1.107505e-04 184
6.460425e-05 1
1.417955e-05 7
2.850556e-06 772
2.474846e-05 1454
1.246504e-05 1
1.792994e-05 2
2.119640e-04 1
3.053586e-05 374
4.102174e-05 1
7.897679e-07 3
5.761829e-05 4
2.652706e-05 18836
5.679778e-05 1
5.859650e-06 1
6.758459e-06 1
7.414307e-06 186
4.338385e-05 1
4.919757e-06 6
6.966007e-06 1
1.110057e-04 6
2.299467e-05 5
1.868394e-05 1
6.078932e-06 2
4.076449e-05 1
1.257812e-05 1
1.160935e-04 2
6.980191e-06 1
6.856733e-05 1
3.508668e-05 1
2.465218e-05 1
2.604021e-07 206809
9.168847e-06 2
5.319090e-06 1
1.721715e-06 2
4.732825e-06 1
2.714040e-05 1
2.163569e-05 7
2.135457e-05 1
5.254300e-05 5713
7.437658e-05 1
2.584064e-06 1
3.533336e-05 401905
7.954462e-06 6
2.991516e-05 7
1.771271e-07 2
1.964962e-05 1
6.083749e-05 1
5.255955e-06 146
2.158571e-05 7
2.352598e-06 1
1.630029e-05 1
5.795901e-06 7
3.355690e-06 1
1.364511e-05 145
6.727855e-05 1
1.792443e-04 4
1.689686e-05 1
1.315139e-04 619928
2.175434e-05 2
4.085126e-05 424069
5.263324e-05 1
3.348605e-05 1
6.662136e-05 1
5.973331e-05 3
1.786610e-05 1
1.075625e-05 2
8.155159e-05 1
4.556148e-05 1
1.048741e-06 1
1.164571e-06 2
1.950838e-04 251
9.480635e-05 4
2.680807e-05 1
9.350530e-06 2
3.891525e-06 1
1.334439e-05 1
2.432942e-05 1516
2.319764e-05 1
4.003036e-05 1
9.440316e-06 6
3.449897e-06 1
1.408016e-05 6
6.890821e-05 1
2.608457e-05 1
1.441095e-05 1
4.149975e-05 6
1.215455e-06 1
2.000805e-05 1
3.279620e-06 1
6.563179e-06 237
8.128372e-05 1
1.358842e-05 3
1.104768e-05 1
2.329577e-05 1
1.865643e-05 1332
7.216256e-05 1959
4.575236e-05 1
2.256886e-06 1
5.474357e-05 1
2.867775e-05 1
3.194160e-07 5
7.234151e-05 2
9.110255e-06 3
8.633143e-05 1
2.716805e-05 1
6.737555e-06 19496
9.692916e-05 1
8.571962e-07 1
4.036355e-05 1
1.826628e-05 1
3.553291e-05 5
3.488384e-05 1
1.265958e-04 1064
8.620445e-05 2
1.069628e-05 3
4.107733e-05 2
3.774605e-05 3
2.465225e-05 2
5.452302e-06 1
3.984187e-05 1
7.974326e-06 1
1.786829e-05 5
2.384780e-06 2
7.992178e-06 1
1.140473e-05 2
3.013115e-06 1
3.369190e-05 1
1.552971e-05 6
7.402725e-05 2
8.916532e-05 1
2.768942e-05 2
5.181239e-05 1
4.238824e-05 5
1.364213e-05 1
8.026564e-06 1
6.039554e-06 65791
1.311531e-05 3
5.740306e-06 16
2.935242e-05 895
1.640379e-05 1
2.774013e-05 823
4.423772e-05 156
1.112975e-05 1
4.899044e-05 56158
5.919836e-05 1
2.447608e-05 1
1.766007e-05 2
1.278998e-04 2
6.051829e-05 8
1.054563e-05 1
5.058648e-06 3
5.975745e-06 1
1.059010e-05 2
9.793943e-06 54068
9.666233e-05 1
4.278162e-06 1
2.378086e-05 1
1.005510e-05 1
9.099445e-06 2
4.047050e-05 3394
7.197125e-08 1
6.108937e-06 2
9.245126e-05 1
9.448344e-06 1
2.087227e-06 1377
2.163244e-05 3
3.760101e-05 1
3.372814e-06 486207
2.022863e-05 149
1.323224e-05 2014
4.706554e-05 1
1.237293e-05 5
3.504297e-05 1
1.176020e-05 180
4.663284e-05 7
3.769161e-05 1
9.537568e-06 1
1.014543e-05 2
1.317069e-05 1
5.605721e-06 2
9.959986e-06 1
1.721005e-05 1
6.332793e-05 1
8.011762e-06 3
2.161410e-05 2
5.589959e-05 1
1.222117e-05 2
2.781081e-05 1
4.721303e-05 2
4.289345e-06 1
1.345517e-04 1
5.159372e-05 1200
5.506215e-06 1
8.935642e-06 1
3.984596e-06 2038
1.982080e-05 1
1.327497e-05 1704
2.193196e-05 111
3.289276e-05 1
7.172856e-05 1
2.518831e-05 1
2.571543e-05 1
6.078673e-05 2
4.524690e-05 237
3.305895e-05 1
2.109462e-05 1
5.369030e-05 3
4.087405e-05 1
1.521773e-05 1
6.269163e-05 1
5.186125e-06 23
1.058120e-04 63358
5.154836e-05 92
2.137384e-05 1
2.773097e-05 6
6.103472e-06 2023
9.250435e-06 5
4.350283e-05 1
1.410466e-07 3
6.747267e-05 2
1.152473e-05 2
3.105867e-05 2
5.340012e-05 1
2.956891e-06 22
4.220676e-06 2099
1.897036e-05 1
5.294850e-05 4
3.088623e-05 166
1.662669e-05 1
1.958898e-05 5
1.842185e-06 1
2.115553e-05 1
4.415878e-05 121
3.281638e-06 14321
4.807276e-05 6
1.913864e-06 847
2.338404e-05 4
9.304628e-05 1
6.490836e-06 3
5.984608e-05 1
6.063886e-05 2
5.258312e-05 461
1.881124e-05 1849
1.266308e-04 1
5.748654e-05 1
1.995890e-05 2
2.484268e-05 1
1.052817e-04 65045
8.849388e-05 1
2.542246e-05 1
6.931480e-05 1
8.928718e-06 1
6.018061e-05 1
1.343955e-04 2228
4.077203e-06 20
5.259955e-05 1
1.330164e-06 1339
8.574545e-05 1
3.549496e-06 1
2.279629e-05 6833
5.744394e-06 1
7.103535e-06 1
8.859861e-05 1
1.214336e-05 1
3.770781e-05 3
9.118105e-05 151
5.445389e-05 2
4.732871e-06 2
1.554852e-06 21
7.771259e-06 1
9.160215e-06 1
1.399333e-06 1
3.843808e-05 1
3.798651e-05 1
5.023927e-05 3
7.966082e-06 1
3.478382e-05 31615
4.183102e-06 1361
3.060155e-05 1
6.045870e-05 1
8.048406e-05 6
4.413830e-05 1
1.332563e-04 3
1.112697e-04 3
3.099295e-05 6
1.598609e-06 1
5.072589e-06 2100
2.967035e-05 5
1.357673e-05 27994
7.161593e-06 1
3.366233e-05 1
2.273355e-05 1
2.578626e-05 1
6.225489e-05 1
5.087917e-05 7
9.529847e-06 1
4.292853e-05 7
6.214477e-06 513726
1.875514e-05 6
3.721803e-05 24329
6.031543e-07 1
2.756113e-06 2
1.098678e-05 38791
4.333705e-05 2
1.014188e-05 1
3.495888e-05 1
9.486108e-05 1
8.891036e-06 232
1.311391e-05 1
1.781625e-05 3
6.615266e-05 11
3.490196e-05 1
5.699013e-05 3
3.939527e-05 5
2.951351e-05 7
6.807098e-05 3
2.300801e-05 7
5.145200e-05 3
2.233365e-05 3
1.714148e-05 1
2.406499e-05 2
3.368609e-05 1
3.558274e-05 1
1.034996e-04 6
4.651073e-06 3
5.388701e-05 1
3.842853e-05 1
9.421640e-06 2
4.295073e-05 2
1.829165e-05 1
1.563586e-05 157
8.023787e-06 1
2.198269e-05 3
1.840711e-06 3
2.760630e-06 1
2.676025e-05 2
3.733993e-05 1
3.020119e-06 1
6.420788e-05 1
2.659738e-05 2
5.932315e-06 1
8.721321e-06 1
4.143402e-05 1
3.136500e-05 200
8.961131e-05 2
6.413219e-07 32579
5.610762e-06 1
2.224806e-05 1
4.652535e-05 1
4.201775e-05 1
3.994924e-05 55134
1.726324e-05 5
2.382713e-05 6
4.333213e-06 1
3.379837e-06 1
3.644433e-05 4
3.103630e-05 206
4.864471e-06 2
1.568050e-05 2
2.244150e-05 6
7.895708e-05 1
3.561289e-06 1
1.544846e-05 1
6.026813e-05 22
4.088524e-06 2
1.054672e-04 5
3.029716e-05 1321
8.695314e-06 1
5.292606e-05 1
5.232921e-06 1
1.777916e-05 3
4.848278e-05 14
7.512018e-05 1
2.544475e-05 202
5.063579e-06 7
3.599768e-06 96
2.416997e-05 4
6.594846e-07 3
3.524548e-05 1
1.369382e-05 1
1.525332e-05 1
2.179730e-05 1
1.307199e-05 3
7.621306e-05 2
3.986237e-05 1
1.696425e-06 1
5.724246e-05 2
1.136332e-04 2
2.239261e-05 1
6.686314e-05 2
4.505262e-05 1
2.560423e-05 1
5.198922e-05 1
7.801486e-06 3
8.035053e-06 1892
5.109920e-05 1
3.949973e-05 1
2.327552e-05 1
4.570339e-05 1
1.263473e-05 3
9.325856e-05 7
8.995236e-06 1
2.971568e-05 1
2.961253e-05 1644
4.879999e-06 3
7.124530e-06 7
4.933079e-05 1
6.396327e-05 6
1.096076e-04 7
8.865713e-06 2
1.446590e-05 1
8.720702e-06 1
2.994369e-05 1
6.621260e-06 3
9.033655e-06 1
3.624346e-07 1
6.901669e-05 3
1.607081e-05 1
5.631172e-05 1
1.531940e-04 1
2.180399e-06 1
1.335234e-05 1
5.174814e-05 1
3.204200e-05 1
2.425224e-05 1
9.439331e-05 6
5.347196e-06 1
3.261426e-05 1828
1.308426e-04 2
1.028072e-04 1
3.821970e-05 2
3.883282e-06 2
3.434281e-06 1
2.983924e-05 1
5.863195e-07 3
2.361191e-05 1
2.081234e-05 1
9.625595e-06 3
1.363625e-04 1
9.324298e-06 3
1.184875e-05 7
1.411890e-07 1
5.115196e-06 1
2.231275e-05 1
2.243744e-06 2
4.511800e-05 2
3.136406e-05 1
6.384583e-07 1
1.621875e-06 1
3.725181e-06 1
5.840927e-05 2
4.647298e-05 2
2.843638e-06 108
3.384888e-05 1
8.262058e-05 2
7.971580e-05 202
1.063575e-04 1
5.123736e-05 1
1.419278e-05 160
2.948092e-05 6
6.760874e-05 2
2.712920e-06 1
6.998753e-06 3
2.586335e-05 2057
2.440036e-05 1
7.309630e-05 1
3.759654e-06 2
2.437123e-05 1
2.076691e-06 6
5.444709e-06 1
2.677866e-05 1
1.942665e-05 2
4.842590e-05 4
9.488456e-05 114
3.802874e-05 1
8.040754e-06 1
4.972013e-06 1843
8.765251e-05 1
4.191793e-06 204
4.191421e-05 1
5.112439e-05 3
2.637188e-05 3
1.902936e-05 5127
6.437168e-05 2
2.439270e-05 1
2.355055e-04 65
1.369268e-04 56748
8.161751e-05 2
2.334076e-05 4
8.853997e-06 1
2.939864e-05 2
1.548420e-06 1
1.257677e-05 1543
1.099231e-04 1
5.038956e-06 1
6.520599e-07 147
7.919225e-07 1
5.427433e-05 1
1.833589e-06 1
1.162826e-04 3
1.730472e-04 1
1.273127e-05 2
1.560319e-05 216
1.400520e-05 1
3.246421e-05 1
3.584487e-05 67
2.171568e-05 7
6.832108e-05 3
1.277378e-05 1
6.580116e-05 1
4.455676e-06 262
1.104581e-05 1
2.569380e-06 2
3.180675e-06 1
7.138830e-05 3
1.388573e-05 3
2.845711e-05 1
6.616483e-05 3
5.583524e-05 3
2.181582e-05 6
8.888496e-06 1
6.848170e-07 2
4.587850e-05 2
6.234371e-05 1
7.108205e-05 1
2.999087e-05 1
3.518111e-05 1
2.717066e-05 242
1.212721e-04 2
8.668723e-07 1
6.776633e-05 6
3.783593e-05 1
4.624291e-05 1525
6.176157e-05 1
4.307576e-07 7
1.320324e-05 1
6.969313e-06 1
4.889208e-05 1
5.707953e-06 1
3.171569e-05 1
2.046167e-05 35699
2.706391e-05 1
1.369731e-05 1
1.669441e-05 691
5.627277e-05 38
2.489591e-05 1
8.442454e-05 3
1.490808e-05 1
1.053384e-04 6
1.051536e-05 1
5.103819e-05 46178
1.331467e-06 2
1.939261e-05 193
6.101067e-05 4
8.519806e-05 1
1.782097e-05 1
6.578090e-06 1
4.655124e-06 1
9.324455e-06 4
8.090162e-06 2
2.552802e-05 1
5.026024e-05 1
8.390714e-05 1230
8.914587e-05 3
2.209297e-06 2
2.004965e-05 2
6.767314e-05 24
8.198581e-06 2
4.725917e-05 1
6.616660e-05 159
2.545046e-05 1
4.759729e-05 1
1.990055e-06 2
6.513360e-06 1
2.708698e-05 1
1.511349e-06 1
2.681776e-05 1
8.281905e-06 48485
4.586702e-05 1
2.400252e-06 6
5.085104e-06 3
9.254207e-05 1110
2.518366e-05 357208
1.876898e-05 5
2.558746e-05 1
7.783162e-05 3
2.695692e-05 5
6.283199e-05 1
9.787239e-05 1
4.983935e-05 3
2.918276e-06 1
2.979572e-05 1
9.040613e-06 6
4.634976e-05 1
3.958749e-07 1
3.857722e-05 45033
2.782687e-06 1
1.804837e-05 1
6.395152e-06 122
1.283505e-05 1
5.002578e-06 1
1.568542e-05 2
1.644535e-05 184
2.134294e-05 1
3.854240e-05 1
2.091704e-05 1
3.232386e-05 2
9.166224e-06 6346
3.370041e-05 1
1.509065e-06 7
3.553401e-05 1
1.000338e-04 258
3.681589e-05 3
2.012477e-05 1
2.992020e-06 1
3.009148e-05 1
7.568440e-05 3
3.568457e-05 4
2.407831e-06 1
5.141709e-05 375185
2.855608e-05 1
2.588089e-05 10904
3.482833e-05 2
1.370139e-05 29
1.060239e-04 1
7.995795e-06 3
2.679994e-06 1
7.199254e-06 1
5.184263e-06 2079
1.539200e-05 1
5.933594e-05 114
2.100038e-06 1
3.405373e-06 69
6.543004e-06 2
2.592096e-05 1
6.086456e-05 1
2.368652e-06 2
2.032231e-05 6
5.450063e-05 23413
1.435557e-05 1
3.490935e-05 1
2.835787e-05 155
1.343534e-05 381944
2.019374e-06 1
9.849828e-05 2
2.301255e-05 1
6.106032e-05 35
3.264861e-05 1
6.086776e-06 1
3.704297e-07 132
1.595052e-06 1
1.439823e-06 1
1.511909e-05 5
6.703159e-06 44616
7.345843e-05 5
7.140394e-06 8068
1.305391e-05 1
2.144176e-05 7
2.389916e-05 1
4.904046e-05 6
2.977185e-05 3
3.121910e-05 7
4.758928e-05 1
3.225868e-05 1
5.977491e-05 2
2.388844e-05 1
1.817950e-05 2
2.126155e-05 1
1.240469e-05 166
3.481256e-05 3
4.453160e-05 3
4.322562e-05 6
4.385452e-05 158
8.717248e-08 1
1.765221e-05 2
6.352973e-05 291
2.708753e-05 3
4.933391e-06 6
6.475700e-05 1
2.838998e-05 1
1.357939e-05 1
4.545161e-05 1
7.401560e-05 1
7.846188e-06 2
3.113191e-05 1
9.754743e-05 1
8.355889e-05 486
6.923823e-06 2
5.485043e-06 1
6.964426e-06 1
1.798454e-05 3
1.129514e-05 5
2.384048e-06 35
3.249266e-05 262
1.544282e-06 4
1.404401e-05 1
1.040044e-05 1
1.377943e-05 1
4.337859e-05 1
1.319845e-05 1
8.750274e-05 1
7.743292e-06 2
2.181328e-06 1
5.256773e-05 4
1.403311e-04 1
4.144407e-06 2
5.806151e-05 1
1.749766e-05 574
1.484905e-05 1
5.334227e-05 1
5.404099e-06 76
8.875828e-06 3
3.775382e-05 1
3.929222e-07 1
4.882403e-05 1
1.326285e-05 1453
2.198543e-05 1
1.435656e-05 2
1.044804e-04 103063
1.798890e-05 3
8.705725e-05 3
9.472530e-05 1
6.717020e-06 3
2.572065e-05 1
1.031100e-05 1
3.885776e-05 186
1.822471e-05 2
2.219178e-05 1
2.270794e-05 2
1.111959e-06 246
2.002203e-05 1
2.567885e-05 1
3.954478e-05 1
4.516700e-05 4
4.985244e-05 1
7.537479e-05 261
1.214573e-05 47
4.049625e-06 2
1.226235e-04 33011
4.890446e-06 7
1.002752e-05 3
1.306168e-05 1
2.780540e-05 1
3.039677e-05 39974
6.405025e-05 2
9.285484e-06 1
1.904811e-06 1
2.411814e-05 3
8.255766e-05 2
6.370716e-06 1
3.443129e-05 6
2.229191e-05 136
1.558437e-05 1
2.968221e-05 1
1.716668e-05 1
2.186065e-05 171
8.586305e-06 1
4.307873e-05 3
7.018008e-05 3
6.895409e-05 1
4.158752e-05 3
4.477288e-06 1
1.153661e-06 1
1.054704e-05 7
5.729569e-05 4
4.543490e-05 1
4.791721e-07 1
1.527232e-04 96
1.468499e-05 1
9.789737e-06 3
2.261186e-05 146
3.725989e-05 7
1.921185e-05 6
3.092866e-05 778
5.930203e-05 3
2.199845e-05 1
2.208470e-05 1
6.459762e-06 3
6.727789e-06 3
1.786875e-04 1
5.701280e-06 1
1.116262e-05 2
4.697369e-05 1
3.508561e-05 7
2.125227e-05 7
1.668160e-05 1
2.510346e-05 5
3.890394e-05 1
3.700050e-05 4
1.329246e-05 3
2.962968e-05 1
3.590418e-06 1
3.029978e-05 3
9.753370e-06 835
8.712730e-05 1
2.144318e-05 1
5.664436e-06 1
8.816999e-05 6
9.982867e-06 3
1.921398e-05 3
1.525246e-05 148
1.647383e-05 3
1.120526e-05 5
6.877120e-05 1
2.902014e-05 1
1.545028e-05 1
3.569959e-06 1
1.165962e-05 1
2.398698e-05 1
1.450298e-04 2
5.983320e-06 1656
1.124083e-05 54872
1.020932e-05 1
4.225717e-05 1
3.819502e-05 3
1.234306e-05 1
2.940144e-05 2
3.144317e-05 1
9.312162e-06 1
3.856325e-05 1
1.104219e-05 1
2.105981e-05 2
9.782916e-07 1
7.056199e-06 1
6.115429e-05 1693
5.358088e-05 1
3.487704e-05 6
1.799068e-05 3
7.485382e-06 4
7.645864e-06 3
1.082764e-04 1
5.911650e-05 1
3.209121e-05 1
1.255882e-05 7
4.883258e-05 6734
5.772207e-06 1
1.343742e-05 1
1.079962e-06 1
2.665260e-05 148
1.080560e-06 1
4.562774e-05 1
2.570464e-06 118
2.234435e-05 1664
1.499449e-05 1
6.741112e-06 257
4.770625e-05 5
1.003037e-05 1
9.049446e-06 35734
1.686902e-04 1
4.994623e-05 6
1.979704e-05 5
2.013616e-08 750
1.548067e-05 449
8.936537e-06 1
7.173092e-05 1
1.349019e-05 1
2.056429e-05 1
2.720593e-05 1
2.093831e-05 46431
2.131500e-05 1
2.273965e-07 139
2.426334e-05 1
2.951639e-07 1
2.987503e-05 5
3.694225e-05 1
3.895044e-06 3
1.329381e-05 1
1.018792e-05 1
2.676337e-06 1
1.275186e-04 53133
1.125953e-04 15013
8.756673e-06 3
5.744969e-05 60
3.603499e-06 1
2.736071e-05 1
5.331091e-05 3
5.019332e-05 1
9.670820e-06 5
2.816940e-05 1
2.443971e-05 79
9.688524e-05 1
2.336123e-05 3
1.154027e-05 2
8.226499e-07 1
1.989378e-05 7
4.194461e-05 1
7.113793e-05 1
2.455721e-05 2
4.681417e-05 58908
1.620062e-05 229
2.853094e-05 7
2.401173e-05 3
4.166114e-05 6
1.490006e-05 52
2.303436e-05 2
1.806955e-06 1
1.535310e-04 263
5.598319e-05 1
3.224809e-06 1
9.535226e-06 320120
8.304544e-05 74
1.504202e-05 1
3.216397e-05 15
3.993823e-06 2
1.053984e-05 1
3.902039e-05 3
8.462506e-06 1
4.740026e-05 1
8.807291e-06 1
1.075187e-05 1
6.086704e-06 2
1.132918e-05 1758
5.395759e-05 25384
5.844918e-05 1
5.938795e-06 6
2.160466e-05 1
4.192442e-05 3
5.734527e-06 2
2.946548e-07 1
3.790626e-06 2
3.624523e-05 2088
3.338681e-08 1
3.788849e-06 1
8.765711e-06 3
5.832182e-05 1
5.439873e-05 2
3.695467e-07 356039
1.931028e-05 1
1.058901e-05 2
2.488440e-05 3
7.255955e-06 1
3.303032e-05 2
2.093940e-05 7
2.266921e-06 2
3.113570e-06 2
2.385915e-05 963
1.185868e-04 1
1.194056e-06 1
9.783422e-07 5
2.723247e-06 1
9.168640e-06 3
3.202895e-05 1
3.733574e-05 1
9.109110e-05 3
3.756847e-05 3
8.523680e-06 1
2.555446e-06 1
3.282242e-05 1
2.213863e-05 1
5.319331e-05 42312
1.465461e-05 3
7.160828e-05 4
1.603986e-05 2
1.650311e-04 102
8.022950e-05 1
6.050035e-05 213
4.565269e-06 1
4.134545e-05 3
1.010492e-05 1
5.226076e-05 1
3.643187e-06 1
2.456148e-05 1
2.346969e-05 1
2.165993e-05 1
6.297882e-07 1
8.663585e-05 1
4.611767e-05 3
5.935458e-06 44
2.013800e-05 36623
3.146436e-06 2
9.300562e-06 3
1.091032e-05 3
8.646441e-05 1
5.351656e-06 1
3.080649e-06 1
1.370343e-05 3
4.374945e-05 1404
3.650525e-05 172
6.532269e-05 2
1.580632e-06 3
1.996408e-05 1
8.073911e-06 2
7.179667e-05 3
5.323859e-05 1
1.475517e-05 1
4.024954e-05 1
1.831117e-05 3
4.695276e-05 7
5.627438e-05 1
4.192354e-05 1
6.962414e-05 1
5.314309e-05 2
3.525267e-05 1
4.559648e-06 7
1.756302e-05 1
1.320330e-06 1
1.181180e-04 211
5.315840e-05 2
2.329782e-05 1
1.301245e-04 3
3.551543e-05 1
8.500699e-05 7
4.437058e-06 3
1.854089e-05 1
8.269740e-06 1
2.549635e-05 1
3.625907e-06 1
1.155917e-04 3
6.793114e-06 1
5.774772e-05 1
8.252256e-06 9
4.409595e-05 3
9.431264e-08 764
7.486436e-05 1
4.388695e-05 3
6.202124e-06 2
2.865610e-05 2
1.501946e-05 1
1.550666e-05 18
1.177276e-04 1
1.920129e-05 1
1.801899e-05 5
5.574298e-05 616
8.286393e-06 1
7.488314e-07 1
5.843660e-06 1
1.761678e-06 1
1.977908e-05 2
4.648649e-05 219
2.962995e-05 1
7.743179e-05 1149
3.391970e-06 1
3.931209e-05 1
1.051369e-05 1
1.135595e-04 1
1.456780e-05 5
8.476424e-06 3
1.767157e-05 2
2.375385e-05 1
9.212948e-06 1
3.953107e-06 1
6.313746e-05 4
7.269785e-05 7
4.092957e-06 3
7.630705e-05 1
3.019485e-06 1
3.307105e-05 1
2.480818e-06 1
5.844816e-06 1
3.818676e-06 2
9.578949e-06 1
1.125297e-05 1
7.812073e-06 2
3.018595e-05 1
9.915115e-05 1
5.561867e-05 1
8.523718e-06 1
1.436545e-05 1
3.356231e-05 1
1.335089e-05 3
2.896085e-05 1
4.601263e-06 1
5.511626e-06 2
3.147928e-05 1
6.682720e-05 830
2.334618e-05 1769
1.728058e-06 3
2.903940e-05 4
7.637025e-05 3
6.679062e-06 123
3.563444e-05 4
1.488911e-05 2
6.235488e-05 1
8.273256e-06 63
4.765668e-05 1
7.355722e-05 1
3.151130e-05 2
8.125928e-08 1
2.001549e-05 1
1.002028e-05 1
1.673578e-05 387
4.999751e-05 1
1.344959e-05 2
1.514084e-05 35
9.794280e-06 1
7.518718e-06 1889
1.402651e-05 1
1.844602e-04 1
5.077501e-07 430972
1.855946e-05 1
1.224359e-05 1
9.320496e-05 5
5.393223e-05 48901
1.933543e-05 1
5.915224e-05 1
4.307102e-06 1
4.715615e-05 2
4.059874e-06 2
5.370858e-05 1
4.642270e-05 1
1.612027e-04 1
4.129099e-06 7
2.045219e-05 98
2.808336e-05 47
1.027603e-06 1
1.016357e-04 1
6.549629e-05 1
1.760472e-05 1
7.658201e-05 5
1.658421e-05 1
6.877997e-07 143
7.676885e-05 133
1.522785e-04 1
1.138048e-05 1
1.588736e-05 158
1.015075e-06 3
1.325680e-05 3
3.879915e-05 2
1.837220e-05 1
6.622042e-05 1
1.966696e-05 1
3.579114e-06 1
2.771660e-05 1
4.417942e-06 3
5.737870e-05 4
1.718931e-05 40
5.825876e-05 1
6.586455e-05 1
3.596206e-06 1
6.708560e-05 42
7.309216e-05 3
1.040772e-05 1772
1.972090e-05 162
4.302485e-05 2821
2.197371e-05 1
2.162397e-05 9136
5.159064e-05 1
4.811224e-06 78
7.443784e-05 1
2.362453e-05 2
6.363056e-05 1
8.485273e-06 100
1.016078e-05 2
1.538068e-05 1
4.572105e-06 1
4.215015e-05 1
3.437351e-05 5
2.638644e-05 1
2.096679e-05 3
3.370566e-05 1
1.806340e-05 111
5.157862e-06 7
4.719124e-05 2
1.509360e-05 6
1.796315e-05 193
8.859213e-06 1
6.797427e-05 1
3.862536e-06 1
2.990552e-05 99
9.323178e-05 1
3.785300e-06 595799
2.706091e-05 1
1.524474e-05 6
1.987241e-05 1
2.789202e-05 1
7.561295e-07 1
9.142826e-05 3
6.086348e-06 160
6.837960e-05 1
2.113166e-05 1
4.737534e-05 1
1.533488e-04 3
2.382668e-06 3
3.510117e-05 6
7.286672e-06 1
8.556833e-05 3
2.247896e-05 3
1.424429e-05 1
3.562762e-06 662
1.887074e-05 1
6.016887e-06 2
9.662330e-05 2
2.838127e-06 1
2.415596e-05 1
1.687374e-05 3
3.883782e-05 1
6.804112e-05 2
3.435045e-05 1
1.834632e-05 1
1.528514e-05 2
1.986584e-05 1
2.252811e-05 1
6.572111e-05 3
4.529944e-05 732
2.260022e-05 2
7.313254e-06 56
6.299640e-06 6
5.992931e-06 1
2.510244e-05 1
2.930948e-05 1
1.888686e-05 1
9.771464e-06 1
5.349386e-06 1
5.248153e-06 2
3.381294e-05 1
8.460126e-06 251
6.552310e-05 1
8.116436e-05 1
8.292813e-06 3
1.039549e-04 1
1.935213e-05 55
3.116565e-05 1
4.968418e-05 19
4.125560e-06 1
7.999350e-05 1
3.451530e-05 4
3.795809e-05 3
1.849427e-05 295
7.600267e-06 1
1.943795e-05 1
5.124524e-06 1
3.222838e-05 1
1.909213e-05 1064
5.827388e-05 7459
3.790870e-05 1
3.611497e-06 1
2.853286e-05 3
2.184109e-05 1
3.147223e-06 1
6.851283e-06 1
2.165628e-06 1
7.286126e-06 2
8.742029e-06 1
2.184931e-05 759
2.197898e-05 34
4.357527e-05 2
1.377531e-05 1
1.202228e-05 1
7.192442e-06 1
9.338657e-06 2
1.333852e-05 1
9.011495e-07 43733
1.060169e-05 1
2.028318e-05 1
1.390063e-06 1
2.915363e-05 1
2.397984e-05 57647
7.440436e-06 20038
7.057244e-05 1
1.109740e-04 48232
5.378165e-05 3
1.016689e-04 1
2.839449e-05 1
7.929860e-05 1
1.262073e-05 108582
1.332948e-06 1
6.454044e-06 1
2.988348e-05 1
1.362302e-05 2
7.070580e-05 3
2.561957e-05 1
1.080627e-05 1
6.763397e-05 1
6.271943e-06 1
1.045901e-05 1
4.509603e-05 2
1.847620e-05 1
1.068923e-04 3
2.169485e-05 41217
3.148962e-06 1
3.691371e-06 1
4.088614e-06 3
2.085031e-05 1
1.752355e-06 149
3.551678e-05 24858
7.323351e-05 1
9.452116e-06 1
2.481848e-05 1
1.885984e-05 1
3.199746e-05 1
2.716384e-05 1
5.750850e-07 2
9.364045e-06 3
2.009679e-05 241
7.410799e-05 1
1.096026e-07 6
1.779972e-05 1
1.688326e-04 1
1.745421e-05 1
4.674128e-06 1
9.889215e-05 1
6.840096e-05 1
5.777113e-05 3
1.026667e-04 1
1.370184e-05 1
1.993160e-05 1
4.166992e-06 1
5.068446e-05 1
3.049826e-05 3
2.374858e-05 1
1.006304e-05 3
6.367933e-05 1
5.712982e-05 3
8.392319e-05 6
2.129772e-05 2
2.588647e-05 5
4.059635e-05 1
2.664742e-05 2
6.714833e-05 758
7.458066e-06 1
1.263217e-06 1
1.511831e-05 1
2.604157e-07 1
1.603021e-05 1
3.055378e-05 2
4.061512e-05 1
2.156394e-05 1
1.314904e-06 1
2.311713e-05 3
5.383266e-05 569
1.997145e-05 1
5.676416e-06 3
8.633196e-06 1
1.457702e-05 262
2.998542e-06 1
5.352632e-05 2
1.963899e-05 130
7.676671e-06 1
4.297836e-06 1
3.880994e-05 4
1.268965e-05 629714
3.253281e-05 3
1.395275e-04 1
3.761886e-05 2
1.973160e-06 23
2.329278e-05 2
2.778290e-05 1
1.087296e-04 4
3.148595e-05 2
5.428936e-05 6
4.509232e-05 1
1.656241e-05 1
2.887655e-05 6
4.912461e-05 1
1.141280e-04 1
1.998069e-05 1
1.533468e-05 7
4.570829e-06 1
2.346192e-05 5
3.296870e-05 1
4.807145e-05 1
1.890561e-06 2
1.560844e-05 1
1.695132e-05 1
4.081869e-05 24
6.765852e-05 1436
3.429685e-06 352784
1.038141e-05 1
9.007355e-06 129
9.198518e-06 2
1.282867e-05 1
1.639192e-05 1
4.920464e-06 3
8.768691e-06 1
7.014396e-06 1
2.514075e-05 1
5.882062e-05 1
1.340407e-05 126
1.034331e-04 1
8.937355e-06 1
7.216548e-05 1
1.843786e-05 264
2.200479e-06 1
3.325135e-05 1
6.936938e-06 1
4.542839e-05 1
2.427899e-06 2
4.710977e-05 1
4.748073e-05 3
3.465406e-05 1
2.675010e-05 1
3.662035e-06 1
7.347162e-06 2
3.198252e-05 3
2.361815e-05 1
2.637443e-06 167
2.119810e-06 1
7.955490e-07 1
3.095377e-05 2
2.942998e-06 4
2.147372e-05 1
1.334079e-05 1
9.043831e-06 1
1.352115e-04 3
2.383076e-05 1
2.131819e-05 502783
7.836272e-06 38393
3.832510e-05 3
4.376084e-05 1
9.370726e-06 1
3.603417e-05 1
7.540800e-05 1889
2.563533e-05 1
5.215148e-05 40554
9.543037e-05 292002
2.941370e-05 1777
1.182542e-05 109
2.499911e-05 1
6.714933e-06 1
4.230697e-06 51
5.631682e-05 1
9.087619e-06 1
3.540370e-05 10
3.952153e-05 3
2.992802e-05 1
1.658366e-05 1591
1.092197e-05 1
4.235751e-05 1
2.400894e-06 4
6.504877e-06 1
1.701839e-04 6620
9.406133e-06 1
1.783115e-06 1
1.470827e-05 2
4.001657e-05 1
1.758676e-05 1
4.526669e-05 1
5.743589e-05 1
6.343959e-05 44927
3.351185e-05 3
3.071178e-07 2
3.211793e-05 5
1.095182e-05 1
5.117381e-06 1511
3.419891e-05 78
4.014591e-05 1
6.017502e-06 1
3.206201e-05 1115
2.792306e-05 214
3.147235e-05 2
6.143673e-05 9
1.511212e-05 167
4.992458e-06 3
2.921342e-05 462
1.876589e-05 38866
3.962540e-06 1
7.209444e-05 1
9.889668e-06 1
4.074055e-05 2
9.133421e-05 1
5.200170e-05 1
7.349044e-06 1
8.162039e-05 3
1.479828e-05 2
1.483348e-06 5
5.530612e-06 1
2.851778e-06 1
2.075247e-05 1
2.761594e-05 2
6.909787e-06 1
2.073582e-05 4
6.977779e-05 7
5.708199e-06 233
2.962703e-05 1
1.039703e-05 207
8.879503e-06 1236
7.182734e-05 242
1.516145e-05 1
5.699565e-06 1
4.902027e-05 36
3.142802e-06 1
1.649811e-06 2
2.059441e-05 1
3.065594e-05 139
2.120290e-05 1
6.174325e-05 1
9.886663e-05 1
1.009041e-04 3
8.475439e-07 1
1.131211e-05 570263
7.187893e-05 959
3.059789e-05 1
3.061105e-05 1
2.878934e-05 356
1.388856e-05 1
5.209222e-06 3
1.634363e-05 1
1.535359e-05 7
5.618881e-06 5
2.187312e-05 1
1.117043e-05 1
3.249967e-05 159
2.969437e-06 1
1.169324e-04 1
5.911037e-05 2
1.736571e-05 2
7.222669e-05 1
9.905989e-05 227
4.783265e-05 6
1.237507e-06 2
6.088262e-05 62326
9.607287e-05 2
5.875834e-05 1
1.148261e-05 1
2.118242e-05 1
2.655158e-05 35393
3.136662e-05 1
2.248818e-07 5
9.122962e-05 76
5.390584e-05 31925
5.877160e-05 1
1.251500e-05 1
9.864483e-06 1757
4.144433e-05 1
7.931554e-05 1
8.908575e-06 1
6.300927e-07 103
4.348930e-06 1
4.164994e-05 201
3.262689e-05 4
2.563132e-05 2
1.173555e-06 1
1.051595e-05 722
1.684557e-05 1
1.140064e-05 2
1.421480e-05 1
2.499142e-05 1
2.358060e-05 1
1.645564e-05 2
3.347972e-05 182
4.227770e-05 1
2.224692e-05 55
6.655086e-05 52948
6.576335e-06 1
1.138374e-05 1
2.288076e-05 130
2.134149e-05 1
7.717662e-06 1
1.215195e-04 1
4.275724e-05 1
5.775250e-05 5
2.973954e-06 1
4.597745e-06 1
1.186638e-05 1
2.153543e-05 1
1.112498e-04 1
2.680989e-06 5
9.957614e-05 1
1.428593e-04 3
4.270547e-05 61253
1.950637e-05 5
3.677033e-05 1
3.075768e-05 1
2.029898e-05 1
4.920084e-05 1
1.568038e-05 1
1.247001e-04 40
1.773421e-07 1
4.579535e-07 1
2.926226e-05 1220
2.101208e-05 1
4.637485e-06 3
8.389075e-07 43
8.452196e-05 1
7.300119e-05 4
2.732770e-05 3
2.952954e-05 1
1.687935e-07 1
7.191670e-05 139
3.123373e-05 5
3.696505e-05 2
2.624008e-05 1
3.388435e-05 4
4.779246e-06 1
8.583010e-06 3
3.954690e-06 125
9.086692e-07 5
8.011721e-05 1
3.212004e-05 204
4.680527e-05 3
4.817116e-05 1
3.046233e-05 204
1.202319e-04 1
4.571922e-06 1
3.091324e-06 9096
4.385169e-05 1
1.843852e-05 7
4.279186e-05 1
8.094619e-06 1
6.650182e-05 1
4.724161e-06 1
6.966350e-05 4
3.454375e-05 2
1.442342e-07 1
4.459341e-05 1
3.751924e-05 3
3.072887e-05 182
1.800978e-06 69
9.790133e-05 1
2.681347e-05 2
8.219028e-05 185
4.729427e-05 1
6.538771e-05 7
1.241350e-05 669
1.141348e-05 2
4.565682e-05 5
4.369078e-06 1
6.951066e-06 6
1.751654e-05 2
1.707084e-06 2
1.072072e-05 1
3.191646e-05 4
3.180608e-05 1
4.980344e-05 1
7.742359e-06 1
1.287308e-05 2
5.333245e-06 1
4.570919e-05 1
1.388093e-05 1
1.339946e-05 53707
5.167624e-06 3
1.114181e-05 3
5.015229e-05 1
4.040648e-05 3
4.618660e-05 3
1.265139e-04 1
2.701275e-06 2
1.010711e-05 1
7.344605e-05 469183
2.255390e-06 86
2.022547e-05 1
3.826741e-06 1
3.181285e-05 1
1.000355e-05 1
2.202435e-06 1
6.902569e-05 17589
4.978608e-06 3
4.991133e-06 3
8.900137e-06 2
2.788871e-06 599
1.643307e-05 1
3.161889e-05 189
4.967933e-05 6
3.722475e-05 1
5.825766e-05 3
1.775884e-05 1
8.243590e-06 5
1.109726e-04 1
2.631841e-06 5
4.652739e-06 7
2.265145e-05 1
7.721863e-05 1
3.394050e-05 3
1.175888e-05 1
3.342360e-05 2
1.538156e-05 1
5.701483e-05 2
1.795423e-05 1
8.671477e-05 1
6.246071e-06 1
8.429528e-05 52
6.140904e-05 439
7.051227e-06 3
7.201351e-06 3
1.481417e-05 1
1.136131e-04 1
5.476237e-05 100
1.429177e-05 1
4.356296e-05 83
3.875442e-05 46825
1.308829e-05 455
6.423784e-05 1
3.516167e-05 262
1.302318e-05 1
4.319243e-05 1
3.053113e-05 33
6.765582e-05 2
3.718452e-05 1840
1.041471e-04 1
6.519989e-05 3
1.226441e-04 1
4.634229e-06 1
6.667804e-05 1
1.775168e-05 1
1.652293e-05 1
7.803305e-05 1
2.426504e-05 3
6.057986e-05 1
4.696478e-05 1
5.033098e-06 2
5.822139e-05 3
1.709864e-06 1
7.962547e-05 100
8.011940e-07 2
3.554442e-05 7
9.157631e-05 1
4.685161e-05 1
1.352157e-04 14
2.751918e-05 1
3.922660e-05 1
1.088447e-04 1
1.251157e-05 1
4.158810e-05 3
6.873020e-05 1
1.198914e-06 1
5.742204e-05 638422
7.771389e-06 1
2.625503e-05 122
1.599858e-05 1
2.840083e-05 3
3.730786e-05 1
8.698816e-06 1063
7.142374e-06 36881
9.738833e-07 1
4.896698e-05 6
4.593318e-06 108
4.225995e-06 1
3.811403e-05 1
1.911978e-05 3
1.066186e-05 1
5.618059e-07 7
4.647148e-05 219
2.549644e-05 1
3.024599e-05 93
3.714827e-05 1728
1.370293e-05 1
1.694512e-04 2
5.546542e-05 1
5.393920e-05 4
7.688714e-07 1
1.369525e-05 3
2.130725e-05 3
4.748626e-05 3
3.239034e-05 7
5.061807e-05 3
1.705693e-05 2
1.204508e-05 1
6.381749e-05 1
3.830669e-05 7
4.800716e-05 6
7.261592e-05 32272
6.798285e-05 5
1.927334e-05 4
6.645309e-05 1
1.350951e-05 923
6.580787e-05 128
4.516326e-05 81
7.498593e-06 1
1.627267e-05 7
1.483505e-04 2
4.907217e-06 1
2.725437e-07 1
3.262208e-05 5
6.273078e-06 1
3.883237e-06 1
5.873534e-05 7
4.052261e-05 2
4.104515e-05 2
3.632731e-05 2
2.821018e-05 3
7.857929e-05 2
2.667877e-05 1
6.485002e-05 1
1.769113e-04 26840
2.449410e-06 6
2.253938e-05 1
4.899610e-05 1
4.592888e-05 155413
3.458588e-06 3
3.176414e-05 2
9.925432e-07 1
1.817662e-05 4
7.075043e-06 1
6.400802e-06 2024
3.962062e-05 3
4.127315e-05 1
5.808475e-05 1
5.239000e-05 1
1.150884e-05 1
2.570707e-05 1
2.534943e-06 150
4.953417e-05 4
1.437378e-05 1
1.101887e-05 1
9.322655e-06 2
1.562200e-05 1
2.144219e-05 215
1.957959e-04 102
1.908772e-05 1068
1.742939e-06 1237
2.613507e-05 2
1.853837e-05 3
4.815714e-05 7
2.373103e-05 1
1.596737e-05 7
7.477098e-05 1
8.436779e-05 1
1.390154e-05 2088
2.823159e-05 1
3.301568e-05 1
3.689317e-05 259
7.517233e-06 28
4.295140e-05 1
3.465730e-05 3
2.078295e-05 63911
4.577240e-05 1
1.573463e-05 1
3.659292e-05 261
3.281679e-05 2
2.820302e-05 5
7.262670e-05 5
1.873275e-05 7
2.350997e-05 75
2.417319e-05 5
5.638117e-06 1
6.001560e-05 17
1.129850e-04 1
1.182603e-06 1
1.840176e-05 513
1.525247e-05 1
3.605918e-05 1
7.321002e-06 1
9.409689e-07 1
1.156290e-05 2
1.011445e-05 1195
1.058505e-05 3
3.977379e-06 1
6.949590e-05 1
4.025505e-05 1
5.641714e-05 1595
9.905159e-05 1
1.049160e-04 1
5.522408e-05 1
4.323692e-05 1
5.322175e-05 1959
1.261276e-04 1
3.252138e-05 5
3.817485e-06 1
3.351410e-05 1
2.408033e-05 1
9.964774e-06 1
1.460432e-05 1745
2.034101e-05 1
4.382551e-05 3
6.199345e-05 166
2.267870e-05 1
1.015655e-05 1
1.073835e-05 4
1.584685e-05 3
1.027821e-05 1
1.960705e-06 4
3.369783e-04 1
2.525990e-05 2
4.203068e-05 157716
5.212107e-05 1
3.334958e-05 4992
1.624246e-05 1
1.004691e-05 1
1.155026e-04 4
1.717323e-04 1
2.787853e-06 1
4.267583e-05 1
3.168623e-05 6
1.588539e-05 1
4.514941e-06 1
3.471627e-06 1
2.261949e-05 1
9.636237e-05 1
4.993731e-05 1
9.796126e-06 2
9.031855e-06 3
2.113514e-05 5
1.011584e-05 66171
8.952623e-07 5
1.527452e-07 25862
1.487298e-05 1
3.209118e-05 3
7.075677e-05 2
5.443588e-05 3
3.008823e-05 1
1.961250e-06 1
1.074201e-05 3
6.831731e-06 1
3.727456e-05 1
2.721045e-05 1
6.969417e-05 1
9.578613e-07 1
5.482033e-05 52
2.194350e-06 55598
1.150622e-04 1602
4.379563e-05 2
1.186090e-05 2
3.932358e-06 1
1.491319e-05 1
2.864772e-05 2
1.908517e-06 1
4.027807e-05 1
8.973143e-06 28275
8.139056e-06 1
7.974310e-06 2
2.620252e-05 1
6.196885e-05 1
3.704735e-05 1
5.267457e-05 9
7.779358e-05 74
5.189985e-07 58342
4.569817e-05 1
1.756666e-05 1
1.821995e-05 1
7.131283e-05 2
1.137383e-05 784
1.867607e-07 1
6.818610e-06 3
1.541679e-05 1
2.717601e-05 177
1.006994e-05 2
1.221834e-04 2
2.861897e-05 2
4.495202e-05 2
8.198716e-05 1
4.646522e-05 2
6.136797e-05 169
2.024880e-05 1
1.359776e-05 3
1.399485e-06 50508
1.617745e-05 1
3.734465e-05 177
3.249036e-05 1
1.104153e-05 79
3.742717e-05 1
5.913178e-06 1
5.172282e-05 1
1.556662e-05 1
3.502862e-05 3
4.040051e-05 150
2.838913e-05 1291
4.960538e-05 6
3.038995e-06 201543
2.197346e-05 127
5.462884e-05 1
9.555170e-05 1
1.642051e-05 1
1.174314e-05 1
4.590272e-05 1
2.205451e-05 3
1.257069e-07 3
1.255575e-06 1
1.166218e-05 1
1.510066e-04 1
1.101975e-04 1
3.799469e-06 1378
4.599060e-05 5
1.416912e-05 1
3.210842e-05 223
3.545279e-05 1
7.021149e-05 3
1.585723e-04 108
2.982839e-06 122
1.043457e-05 43868
1.016977e-04 2
7.937106e-05 103
1.095380e-04 3
8.846088e-06 3
1.997195e-05 1
1.169940e-05 241
1.670373e-05 45
1.569746e-05 1
1.941742e-05 1
4.691227e-05 1
1.667752e-05 1
2.925110e-05 700
4.874861e-05 1
2.097173e-05 1
4.768959e-05 1865
2.021198e-05 1
1.936586e-05 1
2.894335e-05 2
1.065940e-04 3
2.529525e-06 5
1.126683e-04 3
8.966169e-05 1
1.792029e-05 4
2.418393e-05 1
1.220307e-06 3
1.059495e-04 262
7.292565e-05 1
2.473105e-05 5
2.342403e-05 1
1.044015e-05 1
1.228467e-04 1
9.790130e-06 1
1.858519e-04 1
4.155749e-06 2
2.423084e-05 1
5.589673e-05 4
1.181793e-05 1
1.247483e-05 1
8.972629e-06 2
4.335017e-05 6
1.006811e-04 2
1.531231e-04 1
1.136270e-05 5
2.025143e-07 1
3.692176e-05 1
6.496979e-06 1
2.911623e-05 1
1.890233e-05 3
2.500979e-07 2099
6.617969e-06 92
1.715801e-05 644492
3.687795e-05 1
7.352137e-05 1
2.357114e-05 1
7.538383e-05 2
3.094603e-05 4
5.235882e-05 1
1.111420e-04 1
4.487784e-06 1
2.682513e-05 1
9.146746e-05 2
4.439384e-06 3
1.307483e-05 1
6.050028e-06 2
6.152710e-05 1
1.160569e-05 1
9.537803e-06 1
1.057247e-06 3
1.133387e-04 52
2.086313e-05 1
2.457224e-05 4
9.121832e-05 1
3.494059e-05 7
1.019281e-05 1
1.962821e-05 6
1.489858e-05 4
2.199550e-05 2
7.414220e-06 3
1.555055e-05 2
3.156540e-05 23
1.991555e-06 151
5.406736e-05 1
1.372742e-06 1
8.303251e-06 2
3.138943e-07 1
3.277069e-05 2
1.500190e-05 1
9.674071e-06 270
6.330630e-06 91
8.469205e-05 7
6.437054e-05 124
1.546445e-05 3
2.224667e-05 1
5.096334e-05 1
2.543211e-05 1
2.408434e-05 3
3.953214e-06 1
1.109199e-04 5
1.808865e-05 4
1.297898e-04 1
1.134938e-05 241
4.536635e-07 5
6.240387e-05 2
1.987433e-06 142
3.649014e-06 3
9.014305e-05 556517
4.079050e-06 234
1.469918e-06 4
3.668227e-05 2
8.983398e-07 1
6.626195e-06 3
2.623305e-06 1
2.759000e-05 1
3.557053e-05 2
3.125631e-06 1
1.882012e-05 183
3.674840e-05 1
4.104442e-05 1
5.665966e-06 200
3.519543e-05 1753
3.919456e-05 4
6.203544e-06 5
5.607715e-06 252
2.513658e-05 3
6.432630e-05 3
5.361662e-05 1
9.394744e-06 2
1.227528e-04 26985
1.100192e-05 1
1.235591e-05 337
3.633357e-05 6
1.863620e-05 1
8.376393e-05 3
1.022314e-04 28997
3.349637e-06 1
2.918181e-05 23437
4.121946e-05 1
4.726105e-05 1
2.334862e-05 5
8.191289e-06 4
9.072614e-05 1
2.809548e-05 1
2.511568e-05 53627
1.163088e-05 1
5.878705e-06 1
6.581419e-08 3
1.493853e-05 1
3.878340e-05 21
6.837136e-06 202
1.400098e-05 1718
3.787352e-05 1
8.447442e-05 12305
9.745318e-06 1
8.118895e-05 1
8.092550e-05 2
7.352204e-05 1
6.488562e-06 1
8.942215e-05 1
1.000595e-05 1
3.895560e-05 1
7.468013e-05 1
8.385994e-05 1
6.856330e-05 5
8.179260e-05 1
8.603416e-07 1
3.859559e-05 1
2.189479e-05 1
2.544881e-05 1
2.166777e-05 3
2.292295e-05 1
1.983490e-05 1
1.173478e-04 1
2.215605e-05 2
5.953874e-05 1
2.293109e-05 1973
1.229750e-05 1
2.369094e-06 1
1.789199e-06 1
3.895397e-06 3
1.504592e-05 2
1.670509e-05 1
1.161896e-05 1692
1.232652e-05 1
1.352933e-05 1
2.174683e-05 3
8.514533e-06 1
2.318128e-05 56723
7.635719e-06 2
5.096009e-05 2
4.123437e-05 5
4.838788e-05 7
7.272045e-05 2
5.875817e-05 7
1.345226e-04 3
1.170580e-04 1
1.320089e-05 1
7.227715e-06 1
4.387817e-05 6
4.002064e-06 1
2.230064e-06 144
2.256285e-05 3
3.660020e-05 2
1.433279e-04 7
7.390551e-05 4
8.926717e-06 3
1.872237e-05 1
3.995435e-06 1
6.410846e-05 1
4.792738e-05 1
3.432301e-05 1
8.005189e-05 1
2.138288e-05 23914
4.827524e-05 1
3.853031e-05 1
1.278242e-04 1
5.115460e-05 1
4.652809e-07 38914
2.455672e-05 1
2.874458e-06 1
4.103867e-06 1
8.741053e-07 5
9.302371e-06 113
1.354561e-04 1
1.378509e-06 1
1.697542e-05 1
1.489823e-04 1
1.480944e-05 7
1.641899e-05 4
2.677369e-06 1
3.194549e-05 1
3.499045e-05 1
1.366351e-05 1
1.189825e-05 1
2.278932e-05 6
2.025716e-05 1
1.684865e-05 194
2.750552e-06 3
5.709542e-06 177
1.375403e-07 2
3.355094e-06 3
5.284561e-05 2
3.411164e-05 2
9.974362e-06 5
1.984401e-05 1
2.425077e-06 161
6.211712e-07 1
1.758608e-05 237
4.649452e-06 839
2.338208e-05 2
5.398013e-05 1
5.969822e-06 1
2.716097e-05 2
9.036945e-06 2
1.075854e-05 2
1.237245e-05 1
1.862883e-05 1
7.439930e-06 3
2.371860e-05 1
1.940601e-05 182
1.122559e-05 1
1.741857e-05 1
1.611656e-06 1
7.187781e-06 1
1.713396e-04 1
4.352814e-05 2
1.272270e-05 3
4.266326e-05 3
2.567685e-05 171
1.462772e-05 1
9.962574e-05 260
1.117032e-05 1
1.841438e-07 1
3.555136e-05 4
4.504218e-05 1
1.038352e-05 350
4.130568e-05 120
9.960181e-05 1
8.100284e-06 3
5.383752e-05 1
3.347029e-05 1
1.052636e-05 1
1.882471e-05 1
5.389851e-05 1
1.995621e-05 5
1.201564e-05 2
5.384482e-06 97
1.596699e-05 616368
1.654474e-05 19
1.162612e-04 2
4.934495e-06 1
1.413024e-07 1
1.144172e-05 5
2.800366e-05 1
3.008387e-05 5
1.353194e-04 1
1.696931e-05 1
3.534621e-05 5
8.766177e-05 1
7.139917e-06 2
6.662309e-06 23822
7.275263e-06 2
1.069765e-05 2
7.077192e-05 2
5.651821e-05 98
3.309675e-06 2
3.444346e-05 1
4.988571e-06 1
3.295022e-05 1
1.163962e-04 1
8.190547e-06 53502
6.278343e-05 1
7.935697e-06 1886
5.473542e-06 6
2.594887e-05 1
1.690146e-06 1
8.883789e-05 2
9.659887e-06 3
4.562162e-05 1520
1.782529e-05 1
1.849435e-05 1
2.484374e-05 1
4.781169e-05 3
1.695226e-05 2
1.836490e-05 5
1.338471e-04 3
4.090358e-05 1
2.144746e-05 108098
3.676439e-06 191
1.303519e-05 3
4.148996e-06 1
1.370442e-04 1
4.922191e-08 2022
1.961876e-05 1
8.279173e-06 1
3.092270e-05 1
6.356803e-05 1
2.798383e-05 1
2.506864e-05 2
1.208681e-05 4
3.081373e-05 2
2.147025e-05 1343
9.839582e-05 1
1.868350e-05 3
3.409776e-06 3
5.266210e-05 1
3.121272e-05 1
4.281787e-06 1
6.835047e-05 78
1.005651e-06 1
8.651822e-07 1
4.763552e-06 3
1.034849e-05 1
2.915707e-05 1
8.093991e-06 3
2.822074e-05 2
7.099863e-05 1
1.822035e-05 3
1.416786e-06 1074
3.584962e-05 1
2.605961e-05 3
8.042107e-06 2
1.059734e-05 1
4.244755e-05 1
7.891770e-06 191221
2.952986e-05 3
2.743924e-05 1
6.265118e-05 1
