7.290856e-06 1
3.828923e-05 266
4.161361e-05 1
2.664586e-05 38
2.215907e-05 154
1.588742e-05 1
9.048821e-05 2
4.188048e-05 2
6.231939e-05 1
3.014305e-05 3
1.924882e-06 1
6.586628e-06 3
6.409996e-05 6
2.071106e-06 1451
1.500987e-05 1
4.775305e-05 1
2.314066e-05 1655
4.634371e-05 1
4.224270e-05 1
3.744923e-05 3
3.463930e-05 416819
2.331708e-05 2
6.145293e-05 37
4.317397e-06 1
8.728222e-05 1
3.551474e-05 1763
2.171310e-05 987
9.174423e-06 1
1.173002e-04 3
7.280788e-05 3
1.110552e-05 1
5.210436e-06 11086
9.542335e-05 1
7.294676e-05 7
1.799824e-04 1
3.395554e-05 1
7.407142e-05 7
1.309549e-04 1
2.656371e-05 1
9.592613e-06 3
1.199817e-04 7
1.088304e-04 811
1.621600e-05 3
1.018506e-04 7
3.750035e-05 61
8.868138e-06 1
1.137697e-04 3
9.881717e-07 1
1.064078e-04 7
4.624337e-05 1
4.188627e-05 101
6.608292e-05 1
5.983384e-05 921
9.307758e-05 1
1.524792e-05 3
1.230179e-05 1
1.711145e-05 1
1.315798e-04 1
3.018789e-05 110
5.982401e-05 1
3.070915e-05 2
5.654635e-06 2
1.523433e-05 1
2.741812e-05 1
1.051131e-05 1
2.493302e-05 254
1.026196e-04 1570
1.171547e-04 1
6.270196e-05 449
7.898103e-06 6
9.599683e-06 31027
2.616932e-05 93
2.559138e-04 1
1.009268e-05 1
2.829015e-04 1
3.892482e-05 554
2.322679e-04 6
1.691877e-04 3
6.506635e-05 2
2.928920e-05 1
6.836192e-05 1
7.707622e-07 1
9.670923e-05 32
1.208187e-04 6
1.085771e-04 1
2.089145e-05 73
1.961357e-06 1
1.098548e-05 5157
1.602332e-05 1
6.794551e-05 1
4.577838e-05 2
8.146683e-05 1
1.895908e-04 66
2.882130e-05 1
3.929876e-05 1
3.339674e-05 3
8.212953e-05 1
1.067042e-04 3
1.065588e-05 1
5.839217e-05 1
3.925934e-05 1
9.779487e-05 1
5.416910e-05 1
3.117992e-04 266
6.715704e-05 28058
1.157388e-05 229
3.644361e-05 1
2.868888e-05 2
1.572294e-05 1311
6.623023e-05 1
1.393990e-04 62
8.609379e-05 1
5.948103e-05 876
7.949085e-05 1
5.484112e-05 3
2.838929e-05 1
4.694006e-05 1
5.998438e-05 1
7.671246e-05 1
3.699867e-05 6
1.813774e-05 1
1.236497e-04 2
1.322790e-05 1
3.447489e-05 60731
4.956976e-05 3
1.624286e-04 1907
4.399446e-05 1
1.155951e-05 1
8.124970e-05 132
4.856317e-05 1
6.222853e-05 1
7.470183e-05 3
8.359670e-05 4
5.709604e-05 1
1.123669e-05 35040
1.074367e-05 3
2.231307e-06 4
4.148222e-05 1
8.001706e-05 1
7.629488e-06 1
9.687314e-05 2
4.106439e-05 3
4.567257e-05 16286
5.738209e-05 1453
6.533683e-05 4
1.417389e-05 1
5.662671e-05 3
1.661841e-04 145
1.812209e-05 1
9.330632e-06 708
9.370750e-05 720
6.654227e-05 3
3.955508e-05 1
2.720969e-05 68
3.077434e-05 1
1.494899e-05 1
2.715791e-05 1
3.060544e-06 6
5.319094e-06 200
9.953944e-05 2
3.716834e-05 1
1.980854e-07 1430
1.091505e-04 1
7.129278e-05 3
4.405915e-06 3
3.047909e-05 1
2.856211e-06 3
5.901834e-05 2
2.157830e-04 6
6.470011e-05 5
5.113268e-05 42084
7.963538e-05 7
1.691236e-05 1
6.522546e-05 1
7.933886e-05 6
6.336677e-05 6
1.283462e-04 1
1.023983e-05 169
1.303899e-04 1
1.082089e-04 2
2.732718e-05 2
1.783768e-04 1
1.099474e-04 1
6.822342e-05 1
1.960387e-04 2
1.630275e-05 1
1.539943e-05 1
1.241895e-05 1
2.836411e-06 1
2.731352e-06 1
3.423444e-05 1
4.549068e-05 2
6.945537e-05 1
1.022284e-04 1
1.179306e-05 1
1.570311e-04 3
1.402780e-04 146
4.388971e-06 7
1.246410e-04 1
1.126270e-04 1
2.777536e-05 1
7.683112e-07 1
1.091404e-04 6
1.030148e-05 3
1.658381e-06 175
3.545411e-06 80
6.090668e-05 1
6.664440e-05 2
3.772344e-05 1
3.241917e-05 6
3.543679e-05 3
1.658266e-05 6
1.281698e-04 3
6.014843e-05 1
1.186484e-04 1
4.419675e-05 32585
8.870669e-05 1
1.307962e-04 156
1.992636e-05 1
5.379667e-06 312096
3.922999e-05 1
1.294328e-05 1
4.845346e-05 4
9.483596e-05 2
1.249977e-04 1
3.842196e-05 1
7.809174e-05 1
1.152380e-04 1
7.739852e-05 1
8.817874e-05 164
4.321481e-06 2088
2.931724e-05 1
4.960527e-06 1
1.260852e-04 46
2.714028e-05 1
1.759386e-04 1
2.454328e-04 1
5.188378e-06 1
1.566447e-05 7
1.659600e-04 494
3.273637e-05 19410
5.059306e-06 1
1.207852e-05 1
1.027287e-04 7
6.348351e-06 13
1.513133e-05 1
3.124078e-05 1
1.445692e-05 2
3.755982e-05 1
9.249503e-06 1
1.511129e-05 3
1.133827e-04 181
8.912423e-05 183
7.996919e-05 3
3.363014e-05 6
4.371091e-06 1
6.547929e-05 51831
2.909951e-05 1
5.362594e-05 5
3.433493e-06 3
1.918814e-04 3
4.301105e-05 1
9.738176e-05 183
2.075301e-05 4
1.818438e-05 1
6.254864e-05 35015
5.284957e-05 2
2.113592e-05 4
1.005895e-04 1
8.254560e-05 2
5.570267e-05 1
2.586413e-05 1
9.912037e-06 3
5.648276e-05 2
1.522653e-05 1
4.958586e-05 3
9.626363e-05 1
9.010684e-06 1
1.750306e-05 1
1.090994e-04 146
2.771061e-05 121
1.327178e-04 2
2.177757e-05 1
2.128670e-05 3
4.547903e-05 6
1.939542e-05 1
2.159630e-04 1
3.825144e-05 1
7.513060e-06 47310
2.712562e-05 1
3.225973e-06 1
9.431558e-05 1
8.050243e-05 1
1.213906e-05 4
1.667589e-04 1
1.147194e-05 1180
2.894866e-05 1
1.721568e-05 1
1.857041e-05 1
4.337185e-05 1
4.041154e-05 1
3.395096e-05 7
1.142444e-04 3
3.728776e-05 1
7.078428e-05 229471
1.091589e-05 1
1.492532e-05 2
5.015212e-06 2
2.114030e-05 1
6.304162e-05 1
1.699590e-05 1
3.519985e-05 1
5.443960e-05 1
4.805183e-05 1
1.708445e-05 257
2.612959e-04 5
1.898608e-06 2
2.126641e-04 4
3.413551e-05 59
7.152173e-05 646206
6.362614e-07 1
4.936756e-05 289302
5.905606e-05 1
3.725426e-05 1
4.804902e-05 1
1.607695e-05 2
1.021255e-05 1
1.003534e-04 1
4.877397e-05 146950
3.620325e-04 1
2.250220e-04 1
5.586039e-05 1
5.739495e-05 1
3.463270e-05 1
1.622060e-05 7
2.247564e-05 5
2.447132e-06 1
5.569828e-06 3
1.489368e-04 3
1.083230e-04 1
6.897134e-05 1998
7.283573e-05 1
1.369379e-04 4
5.432305e-05 3
2.769159e-06 1
1.852737e-04 4
3.267768e-06 3
5.540894e-05 59145
2.896075e-05 2
1.279021e-05 1
9.808194e-05 1
2.219762e-05 1
1.524165e-05 1
1.621222e-04 1
2.170935e-05 92
2.894043e-05 1
2.444268e-05 1
1.452877e-04 5
2.046814e-05 1
9.776267e-06 3
3.011259e-05 1
2.109774e-04 1
4.303634e-05 1
1.721858e-05 1
3.469476e-06 1
4.154896e-05 1
1.174661e-05 25
5.753570e-05 32641
1.401594e-06 1
4.006566e-05 3
1.609300e-04 33068
2.957448e-06 3
9.023694e-05 1
2.180687e-05 5
7.630026e-05 697
4.837376e-05 1
9.254428e-05 2
5.572287e-06 1
7.549884e-05 1
6.067074e-05 2
3.161509e-05 1
5.001426e-05 1
4.023820e-05 1
2.311374e-05 1
4.511632e-05 7
8.766840e-05 3
4.552897e-05 546653
1.284058e-04 1
3.376084e-05 109
2.811413e-05 1
2.044065e-04 3
3.874485e-05 1
2.105425e-05 254
3.278564e-05 1
6.568560e-05 1
3.423843e-04 27098
1.471760e-04 3
6.433893e-05 9110
6.788290e-05 2
3.095705e-05 1
1.030309e-05 1
5.625289e-06 87
3.850324e-04 6
4.582751e-05 1
9.641742e-05 3
3.505270e-05 1
3.407140e-05 1
1.409735e-05 1
1.339658e-05 1
1.004775e-04 1
4.668117e-05 71
2.842142e-05 66526
7.708286e-05 1
2.994120e-04 1139
5.869597e-05 1647
4.198989e-05 1
2.874410e-05 5
5.387966e-05 1
1.506095e-04 2
7.197246e-05 1
4.151854e-05 3
1.084795e-05 1
9.944619e-05 3
3.125316e-05 1
8.416352e-06 458
5.393579e-05 1
9.735859e-06 1
2.483886e-05 1
1.593992e-05 145
1.294574e-06 4148
9.920214e-05 909
2.089974e-05 2
1.631519e-06 1
3.059268e-05 1203
5.028831e-06 145
1.019392e-05 6
7.828942e-06 3
1.219276e-04 1
2.167151e-05 1
1.491600e-04 6
7.630395e-05 2
4.901672e-05 105
2.046434e-05 207
1.760428e-05 2
6.181841e-05 2
5.855607e-05 291
5.540181e-05 1
5.803459e-05 5
1.032537e-04 1
4.628251e-05 2
2.135166e-05 1
1.452545e-05 1
1.133608e-04 221
1.817133e-07 7
5.700286e-06 1
9.689981e-06 1
6.319980e-05 6
1.959337e-05 1
8.447855e-06 230
2.620284e-05 57060
1.993711e-05 1
5.908248e-05 33
1.011917e-04 1
3.753847e-05 3
4.065248e-06 1
1.031476e-04 1084
2.477359e-05 2
6.737388e-05 1
1.289046e-05 1
3.098442e-05 1
1.136173e-05 62226
4.575437e-05 1
2.519680e-04 86
3.446211e-05 1
1.044118e-04 1
2.390789e-04 5
2.756826e-04 44782
4.914093e-05 45285
3.770243e-05 1
1.246375e-04 7
1.853184e-05 5
1.890721e-05 4
1.184217e-06 1
9.945902e-05 1
3.391186e-05 3
5.130739e-05 1
7.430501e-05 100
9.566728e-05 1
3.416889e-05 1
2.698047e-07 1
3.210660e-05 1
1.374264e-04 1
1.074887e-04 2
2.761638e-05 2
9.310521e-05 1
1.588091e-05 2
7.166527e-06 1
1.168939e-05 1
1.221967e-04 1
3.648995e-05 2
1.392283e-05 1
6.769370e-06 1
1.535554e-04 3
8.043302e-06 1
3.323305e-04 213
2.177787e-05 7
7.812206e-05 2
8.386653e-05 1
1.393956e-04 1
4.783845e-05 1
2.836381e-05 1
2.915077e-05 1
1.056748e-05 47133
9.767228e-05 7
6.845992e-05 1
1.638209e-04 1
2.212241e-04 6
2.090004e-04 62737
8.601644e-05 56501
1.552590e-04 221
1.974238e-05 626
8.245489e-05 3
9.747933e-05 74
6.712405e-05 1
3.278106e-05 158
4.303300e-05 1960
8.503125e-05 1
3.789785e-06 1
1.330368e-04 27994
2.406111e-05 270265
4.030599e-05 1
1.177641e-04 248
8.562470e-05 1
9.750900e-06 5
8.174947e-05 1
1.846751e-05 46
5.338318e-05 3
1.629609e-04 1
8.193349e-05 2
2.816549e-05 4
1.454061e-05 1
1.099376e-04 3
1.381582e-04 2
1.488799e-04 2
1.508506e-04 1
2.527254e-05 1
1.028386e-04 6
1.092697e-04 1
2.049271e-04 1
1.734262e-04 2
2.317520e-05 1
4.653741e-05 1
2.690874e-05 4
6.650088e-07 1
5.334253e-06 2
8.042836e-06 56572
9.866552e-06 1
4.392209e-05 2
5.692840e-05 1
4.919482e-05 3
2.938112e-05 2
4.966906e-05 1
4.907593e-05 1
3.046165e-05 1
1.114725e-04 167
7.811029e-05 263
1.226642e-04 1
5.718639e-05 1
4.034724e-05 1
3.811344e-06 136
2.868170e-05 1
1.020907e-04 1
8.972702e-05 7
3.790577e-05 1
9.289143e-06 1
1.341717e-04 2
5.174864e-05 1
4.216897e-05 1
3.456812e-06 1
1.996047e-05 1
1.959651e-04 2
7.894955e-06 1
2.123199e-05 1
4.707843e-05 1
5.161594e-05 176
1.503118e-04 2
6.512026e-05 1
1.695982e-04 125
1.093292e-04 1
8.023481e-05 1
9.690666e-06 1
2.380188e-04 5182
3.712430e-05 1
1.360515e-05 3
1.626242e-04 1
3.792918e-05 7
1.037851e-05 464
8.607799e-06 1
1.718655e-05 4
9.210579e-05 7
5.968839e-05 568146
1.790037e-04 1
9.766076e-05 3
2.264168e-05 1
4.903008e-05 1
8.085384e-05 2
2.005424e-04 1
2.725017e-05 1
7.721707e-05 2
2.915098e-05 182
1.542017e-04 28
1.667563e-04 1
4.396787e-05 1
7.408283e-05 6
5.250598e-06 3
2.353034e-05 194
5.350095e-05 1
1.362142e-05 1
9.052076e-06 1
6.706135e-05 106
1.141603e-05 108
9.728619e-05 1
1.385103e-04 1
3.485642e-05 1335
7.841632e-06 2
6.023212e-06 2
3.556904e-05 3
7.392173e-05 1
7.648615e-05 1
1.225932e-04 1
1.512190e-04 6
2.704530e-05 1
1.254905e-04 1
1.049341e-06 7
8.908275e-05 3
2.719611e-07 1
1.563088e-04 2
6.621322e-05 7
1.185180e-04 2
1.021971e-04 2
8.028683e-05 5
6.945978e-05 1
3.116256e-06 2
8.819381e-05 1
1.532109e-04 1
3.461973e-05 1
9.504268e-06 5
1.335287e-04 1
7.927201e-05 1227
2.069016e-05 1
9.975343e-06 299
1.633493e-05 1
4.950706e-05 1
3.329703e-05 1
2.492801e-05 6
6.975059e-05 1
1.077603e-04 3
5.071154e-05 1
7.803937e-05 224
3.766804e-05 2
1.059009e-04 193
4.434141e-06 1
1.249085e-04 4
1.792004e-05 1
2.622026e-05 1
7.723045e-05 1
1.551251e-05 3
1.280757e-05 1
7.253197e-05 4
6.079392e-06 1
3.281256e-05 1
6.183402e-05 1
2.006505e-04 1307
1.478986e-05 2
7.818599e-05 15
7.112426e-05 1
7.514607e-06 1
2.256740e-05 4
8.295168e-05 2
5.656557e-05 1
5.241336e-05 1
3.628383e-05 1
4.727307e-05 1
1.198021e-04 1
6.150267e-05 1
1.480541e-04 3
3.692152e-05 1
2.692971e-05 1343
3.739833e-05 1
8.648233e-05 1
3.560712e-05 6
5.228656e-05 3
3.762125e-05 7
1.145952e-04 2
1.175608e-04 3
6.920927e-06 4
3.721842e-06 1
1.935770e-04 2
3.928653e-05 1
2.028843e-05 36
1.264016e-04 1
1.241134e-04 3
3.800043e-05 1
3.887234e-05 2
1.321988e-04 2
2.959560e-06 5
5.952187e-05 1
2.718827e-05 6
1.062590e-04 1
2.316439e-04 1
5.784518e-05 1
1.334574e-04 1
1.619105e-05 1
6.046947e-06 3
1.367208e-04 1
4.007011e-07 6
1.391123e-04 1
5.340416e-05 3
1.122885e-05 2
1.331398e-04 1
1.694686e-04 1
1.008832e-05 1
2.474625e-05 2
7.554037e-06 1
4.501536e-05 1
5.650531e-05 1
1.757170e-05 7
1.907089e-05 4
4.322274e-06 111
1.134598e-04 3
1.080958e-05 203
1.000069e-05 2
1.261545e-04 46397
1.175492e-05 1
8.624551e-05 1
8.748309e-06 2
7.665227e-06 1
5.615248e-05 6
3.307372e-05 7
9.876598e-05 4
1.931091e-04 3
3.293415e-05 1
1.125282e-05 1
3.456986e-04 7
2.231212e-05 541
1.624527e-05 1
9.057920e-05 6
2.694210e-05 7
1.947521e-05 1
1.455190e-04 1
4.952499e-05 2
1.172039e-05 1
3.590368e-05 28983
2.884167e-05 3
8.071878e-07 1
4.456118e-05 1
2.413395e-05 1717
3.173206e-05 6
6.694755e-05 157
9.282806e-07 1
2.498271e-05 1
7.687038e-05 1
5.115400e-05 3
5.891515e-06 1
1.448199e-06 1
2.383480e-04 1
2.617152e-05 1
5.797874e-05 54
3.644719e-05 2
4.212802e-05 3
1.957624e-04 1
1.201838e-04 1
6.940530e-06 1
1.064607e-04 3
6.707859e-06 2
5.237916e-05 4
1.511506e-04 3
5.519094e-05 13013
6.883408e-05 3
2.420862e-06 97
3.199524e-05 1
8.719782e-06 2
1.337794e-05 1
1.626231e-04 1
2.611445e-05 1
9.201948e-06 1
2.577092e-05 1
6.750016e-05 5
2.116670e-06 1
6.528459e-06 1
7.069268e-05 1
1.511732e-05 1
4.492157e-05 25
2.088275e-05 6
1.177185e-04 1
6.090791e-05 1
2.354208e-06 2
1.478126e-05 3
6.032505e-05 1
4.389194e-05 1
4.359695e-05 1
1.095486e-04 1
5.983929e-05 66152
1.799216e-05 1
5.534002e-06 595324
3.562551e-05 55
8.108396e-05 1
6.780731e-05 4
2.745734e-04 1
1.002918e-04 2
1.210397e-04 1
3.748874e-05 3
6.547142e-05 1
6.194324e-05 3
1.053447e-04 207
5.609513e-06 1
6.294537e-05 59
1.842445e-05 107
1.275650e-05 1
6.824615e-05 1
3.581580e-05 7
1.302556e-05 1
9.652020e-05 1
1.295195e-04 1
1.791173e-05 225
3.464307e-05 162
2.395912e-05 1803
3.824039e-05 1
1.248254e-04 1
8.105526e-05 1
1.134967e-04 1
1.676361e-05 181
3.163540e-05 1
7.684553e-06 1
3.384971e-05 23230
2.468022e-05 1
6.931022e-05 1
6.670193e-05 2
5.085193e-05 5
6.259353e-06 3
5.329222e-05 4
8.336682e-06 265
2.474402e-04 1
1.483902e-06 1876
7.929655e-05 1
5.181749e-05 2
2.490207e-05 1
8.735685e-05 2
3.317090e-04 1
6.688053e-06 1
3.416974e-05 2
3.515879e-05 3
2.347338e-05 1
2.451489e-04 1
2.066260e-04 3
2.382751e-05 2
7.242966e-05 1
1.706885e-04 1
7.290860e-05 1
5.937658e-05 3
2.356614e-04 129
5.240247e-05 2
1.658558e-04 1
4.521280e-06 2
1.269909e-04 7
5.518017e-05 1
9.905162e-06 7
1.382461e-04 1
1.213222e-05 1
4.075328e-05 3
2.154562e-05 4
8.423315e-06 1
2.278081e-05 4
1.721971e-04 1
1.334616e-04 1
7.388445e-05 1
3.369689e-05 1
3.510070e-05 2
1.293854e-04 243
5.499328e-05 1
7.360828e-05 1
4.243706e-05 1
5.388999e-06 301776
2.540090e-05 1
6.632192e-06 3
1.154948e-04 3
1.636475e-05 1
8.598039e-05 1
1.797471e-05 2
2.656857e-05 6
5.771386e-05 1
1.019298e-05 3
1.140119e-04 1910
8.409812e-05 1
5.227320e-05 2
1.557958e-05 3
7.971360e-06 1
1.216302e-05 1
9.316460e-05 1
7.333176e-05 1
3.817296e-05 3
1.240120e-04 1
1.012575e-04 106
1.663032e-05 265
1.109913e-05 1
3.301256e-05 1
6.090671e-05 6
9.366426e-05 2
1.384127e-04 3
2.958360e-05 1
1.201732e-04 1
4.800821e-05 30
7.705164e-05 6
4.072962e-05 1
1.125080e-04 2
3.651947e-06 1
8.782706e-05 3
2.676492e-05 1
4.271095e-05 208
9.497784e-05 1
8.523974e-05 1
1.141046e-04 3
2.183902e-05 2
2.000639e-05 2
1.040758e-05 864
2.061105e-06 1
1.867221e-05 245
2.372142e-04 2
6.139029e-05 1
3.321997e-04 1
7.859778e-05 1
6.855303e-05 1
2.129935e-05 1
1.450736e-06 1
1.200927e-04 1
2.921885e-05 1
5.244032e-05 1
3.136043e-05 63802
8.599585e-08 1
2.229379e-05 140
1.052304e-04 1
5.898678e-06 1
1.623548e-05 2
1.620709e-06 1
5.149640e-05 3
3.003373e-06 4
2.778445e-05 1
3.440730e-06 2
3.499468e-05 112
1.010762e-04 9
2.765727e-05 3
5.825730e-05 3
1.080632e-04 1
2.468579e-05 1
6.103122e-05 3366
6.637077e-05 1
6.920076e-08 2
1.963205e-06 4
1.644823e-04 1
1.520018e-04 1
5.999962e-05 5
2.383536e-04 2
1.633046e-04 105
1.871839e-04 1
1.983568e-05 220
1.730946e-05 3
2.045423e-06 6
9.458098e-06 3
1.351107e-04 7
3.756178e-05 1
2.188948e-04 1
1.931638e-05 63288
1.358588e-04 1
1.577860e-05 1
6.741861e-05 1
1.719582e-04 1
3.864816e-05 20
4.773717e-06 1
1.259278e-05 638
3.972310e-05 2
2.465583e-04 1
1.900924e-05 2
7.978992e-05 1
3.376144e-05 12631
2.916948e-05 726
2.469584e-04 1
3.072729e-05 1
3.412260e-05 1
3.346747e-05 1
3.398063e-05 1
3.012850e-06 3
4.704355e-05 5
3.529829e-05 3
1.545670e-05 1
1.701160e-05 1
2.594933e-04 1
1.160753e-05 6
1.576296e-04 3
2.560045e-05 1
9.652404e-06 1
2.774209e-05 1
6.241563e-05 2
3.381451e-05 6
6.894434e-05 1
4.997877e-06 60271
2.378703e-05 195
6.382405e-05 63
9.588063e-06 3
5.731884e-05 1
9.536062e-06 1
3.806699e-05 1
3.198878e-05 1
5.202898e-05 6
4.788589e-05 1
1.671531e-05 1
3.759401e-05 1
1.676122e-05 3
4.140106e-06 1796
5.718960e-05 1507
1.508811e-05 1
1.798431e-05 2
4.319393e-05 6
1.520446e-05 354
1.043219e-04 1
7.634272e-06 5
5.010351e-05 1
1.657816e-05 13154
1.216535e-04 2
2.101214e-04 2
1.014265e-04 1
1.229937e-05 1
1.862909e-05 4
1.826993e-05 3
6.587178e-06 1
2.500813e-05 2
8.046747e-05 2
1.341796e-05 4
6.347433e-05 266
8.529673e-06 1
6.037160e-05 2
5.505763e-05 1
2.646263e-05 1
1.048937e-04 1
3.681554e-05 2
8.471859e-06 210
4.315992e-05 10
1.195594e-05 1
2.648354e-06 1
4.189307e-05 121
1.103258e-05 1
4.131893e-05 1
1.692953e-05 1
9.660928e-05 1
4.687782e-05 1
1.552711e-04 1
8.304037e-05 1
4.914337e-05 1
1.055781e-04 3
2.095800e-05 6
1.439189e-05 1
1.548864e-05 1
5.103342e-05 541
1.708313e-05 61882
4.222337e-05 1
1.892067e-04 1
8.860273e-06 103
7.435858e-05 1
1.353894e-04 570
4.056432e-06 2
9.409536e-05 197
6.354449e-06 1
2.094243e-04 1
7.764793e-06 2
6.709553e-07 1
7.288895e-05 1
5.361196e-05 7
4.279729e-07 1
7.244945e-05 3
3.573961e-05 5
2.740554e-05 1
2.386760e-05 1
2.125066e-05 1
2.022346e-05 66554
2.055052e-05 2
5.201779e-06 1
1.671128e-05 1
1.241018e-04 1
1.275596e-04 1
2.583738e-05 45
2.720128e-05 1
2.243698e-05 10088
1.588129e-05 3
4.159823e-05 1
8.819182e-06 338
4.669603e-05 1
9.388481e-05 7
7.507703e-05 1
7.625075e-05 4
3.704831e-05 1
4.817466e-05 3
6.184853e-05 4
5.990362e-05 1
1.393575e-04 1
5.119956e-05 1
2.395457e-05 6
2.887164e-05 407497
2.765216e-05 1
2.690291e-05 1
1.615782e-05 1
7.782127e-06 1
5.345093e-05 2
2.096858e-05 1
3.726207e-05 3
1.110479e-04 249
1.147843e-04 20429
8.108015e-05 1
7.262923e-05 1
2.662324e-05 1
1.064083e-04 2
4.582893e-05 152382
1.323233e-04 1
9.315862e-05 3
1.215285e-04 1
5.142837e-05 111
9.406581e-05 3
1.615015e-04 3
3.327328e-06 1
4.596540e-05 88
1.688058e-04 167
1.504186e-06 1
1.329000e-04 76
6.771078e-05 1
3.935967e-05 1
4.696504e-05 1
2.294354e-05 7
8.053855e-05 846
1.536866e-05 1
1.133822e-04 1
5.003505e-06 781
2.986600e-05 1
9.873399e-05 1
5.780234e-05 1
4.918454e-05 1266
6.572613e-05 1
1.720957e-04 1
6.776723e-05 193
9.839392e-06 6
3.940681e-05 1
9.426006e-05 1
3.657403e-05 6
2.969645e-06 266
1.447211e-04 1
7.626294e-05 1
9.932909e-05 3
6.305167e-06 1
5.824871e-05 2
1.572317e-05 1
3.414064e-05 226
5.975563e-05 1
2.431141e-04 1
5.226246e-05 4
1.408622e-04 2
1.988619e-05 1
1.293207e-05 1
2.554151e-05 2
1.915027e-04 1
1.457197e-05 1
6.117861e-05 160
9.075647e-05 2010
7.073816e-05 2
3.291440e-05 3
3.763875e-05 3
6.801789e-05 2
1.444348e-05 1
1.114770e-04 29924
7.649320e-05 4
1.605521e-05 3
3.283968e-05 1
5.861244e-05 3
3.617417e-05 1
1.415472e-05 1
2.507822e-05 3
2.685511e-05 3
8.664233e-05 2
4.085746e-05 207
1.929135e-04 1
1.169731e-05 2
3.407699e-05 1
2.447334e-04 1
1.101468e-05 7
4.205811e-05 1
7.133447e-05 1
4.531223e-05 1
8.885993e-05 5
8.919878e-05 1
9.327871e-06 3
6.258543e-05 1
2.270457e-04 1
9.618701e-05 2
7.944270e-05 5
4.493865e-05 1
1.288122e-05 6
4.979180e-05 1
4.586630e-06 2
1.009553e-04 4
1.715570e-05 107
1.690992e-05 1
3.144684e-06 5
5.461337e-05 3
5.010696e-08 26142
2.387360e-05 1
2.742870e-05 1
1.734659e-06 230
4.678345e-06 6
1.684361e-05 1
7.857050e-05 1
3.784753e-05 2
1.855325e-04 1
4.543742e-05 4
1.472915e-05 1
1.293277e-04 1
1.384325e-05 1
6.386960e-05 151
3.576179e-05 1
8.762215e-05 1
1.811503e-04 26
3.643588e-06 5
1.122807e-05 1
1.468692e-05 1
5.361428e-05 1
9.586678e-06 5
1.031661e-05 1
2.378666e-05 65887
7.622482e-05 2
1.177625e-04 2
1.836317e-04 2
3.204439e-05 14100
1.940647e-04 3
7.800439e-05 7
1.130818e-05 1
1.164014e-04 1
3.848915e-05 1
3.396169e-04 1
9.972415e-06 7
5.096342e-05 22
6.763118e-05 3
6.394751e-05 1
1.445293e-05 2
3.498553e-05 2
1.843393e-04 1
3.463089e-06 1
3.145656e-05 19170
1.722204e-04 1
2.544486e-05 1
6.387720e-05 4
4.463972e-05 1
4.712796e-05 1
2.093661e-05 1
1.657987e-05 1
5.215352e-06 1
3.760655e-05 1
1.263582e-05 6
1.022716e-05 1
1.232730e-04 1
1.434560e-04 3
5.397147e-05 165
3.900982e-05 1
1.094750e-04 1
1.249805e-04 1
2.438425e-06 2
1.610846e-05 1
1.131496e-04 1
2.004143e-06 3
2.739888e-05 1
3.977458e-05 3
5.274345e-06 3
1.310494e-04 1
1.571847e-06 1
2.925235e-05 1
8.552067e-05 1
5.107049e-05 1
2.712976e-05 1
9.578040e-05 7
4.239614e-05 1
1.275956e-04 1
1.219198e-04 161
6.135187e-06 3
5.858904e-05 1
5.857402e-05 606478
3.340119e-04 1
4.240140e-05 1
2.679429e-05 1
8.142331e-05 2
1.750318e-04 686
1.210571e-04 3
5.038742e-05 3
2.028852e-05 1
1.899517e-04 1
4.403814e-05 1
6.019591e-05 1
4.395907e-05 1
2.922113e-05 1
4.233057e-05 1
5.983307e-05 1
4.311479e-05 158
5.914420e-05 2
1.095178e-04 1
4.373104e-06 3
1.925473e-06 1
4.231704e-05 139
8.278511e-05 6
3.899837e-05 128
1.162328e-05 1
4.502008e-05 1
2.624679e-05 3
6.842616e-05 54
1.718587e-04 1
1.434433e-05 2
8.004913e-05 1
1.672913e-04 1
1.774672e-05 5
2.944708e-05 46035
1.802916e-06 1
2.631172e-05 2
2.865277e-05 1
1.155933e-04 214
5.768805e-05 1
3.789457e-05 1
5.108643e-06 1
9.589697e-05 1
1.765014e-06 3
3.757927e-05 304377
2.131724e-05 5
1.632477e-04 3
5.700899e-05 2
6.927047e-05 1093
2.634692e-05 3
1.170898e-05 1
3.343988e-05 6
3.550828e-05 3
6.723665e-05 5
1.241129e-04 1
1.914659e-05 1224
1.934142e-05 2
1.538974e-05 6
1.649799e-05 6
1.426285e-05 3
8.877847e-06 211
8.305942e-05 167
7.717207e-06 1
1.021748e-05 3
2.197857e-05 131
7.301190e-06 3
7.620557e-06 1
1.857968e-05 1
5.032048e-05 16568
1.710446e-05 1
5.119636e-05 2
1.203351e-04 3
2.433562e-05 1
1.734081e-05 1
2.067618e-05 3
8.995444e-06 1
2.382506e-05 1
5.244142e-05 1
1.170856e-05 2
9.806103e-05 1
3.514989e-05 1
9.858497e-06 1
7.596916e-06 2
1.046280e-04 2
3.946670e-06 1
5.451621e-05 3
4.593000e-06 1
6.682632e-07 1
3.310656e-05 1
2.049768e-04 2
1.278604e-04 7
1.804164e-04 1
8.489560e-05 3
1.968633e-05 265
2.310392e-05 1
8.725433e-05 1
1.796327e-04 1
8.819526e-07 2
8.334739e-05 1
1.440112e-05 4
7.446602e-05 1
5.172335e-05 1
5.163173e-05 1
3.157623e-05 2
6.413251e-05 4
1.120131e-04 4
4.948482e-05 1
1.462609e-05 1
1.919005e-04 1
3.570923e-05 3
8.913592e-05 7
1.001466e-05 6
6.617479e-06 3
6.039093e-05 1
9.347072e-05 2
4.362989e-06 24456
4.381066e-05 1
1.508647e-05 1
1.047762e-04 1158
1.981813e-05 7
1.233112e-04 1
3.149987e-05 1
1.012434e-04 492128
2.526755e-05 4
3.303942e-05 1
6.386602e-05 72
1.232489e-05 7
6.605864e-06 60
8.371326e-05 3
5.235581e-05 1
9.368008e-05 1
9.932557e-06 1
2.934312e-05 1
8.379015e-05 1
3.793372e-06 3
1.639161e-05 1907
1.022752e-04 1
3.674855e-05 230
3.613231e-05 1
1.117942e-05 1
1.616512e-05 1
9.218561e-05 1
2.002764e-05 1
1.478497e-05 3
4.977807e-05 3
8.864830e-05 1
1.145701e-05 1
3.958492e-05 1
7.392023e-06 1
4.450466e-05 3
2.592558e-04 2
2.442665e-05 1
9.807546e-05 1
6.731833e-06 2
4.549040e-06 3
7.615008e-05 1
4.065666e-05 658453
3.932797e-06 1
2.676983e-05 2
1.630218e-04 1
9.002527e-05 2
4.433828e-05 1
1.700103e-04 1
5.002505e-05 5
1.098044e-04 111
2.352787e-06 2
5.020117e-05 1
1.797366e-05 1
7.827541e-05 2
5.347538e-05 1
2.806056e-05 7
1.237752e-04 1
2.248545e-04 4
5.543780e-05 3
2.289113e-04 1
9.586154e-06 1
8.119103e-05 103
1.430344e-05 1
5.058818e-05 1
9.209519e-05 159
8.286146e-06 1
1.092182e-04 1
1.371974e-06 1
9.042995e-05 1
1.311564e-05 3
2.808526e-05 2
1.039049e-04 2
5.457036e-05 2
4.834571e-05 1
1.960485e-06 1
4.270950e-05 12950
1.169601e-05 1
3.874308e-05 1
1.342176e-04 1
1.036810e-04 74
1.576756e-05 1
3.034438e-05 1
1.411142e-04 1
9.716939e-05 155
3.358762e-05 1
2.782291e-06 1
7.955499e-05 1
1.328819e-04 5
9.261887e-05 1
1.639032e-05 7
1.837448e-04 20
8.090052e-05 2
3.118547e-04 1
5.789599e-05 4
3.671904e-05 1
2.013422e-05 1951
1.541491e-05 930
1.605051e-05 1
5.793295e-05 1
8.192745e-06 2
2.715764e-05 1
5.110930e-05 128
2.912302e-06 1
2.187754e-05 184
6.717785e-07 1
1.753113e-04 1
4.326947e-05 1
6.304359e-05 1
2.192498e-05 1
3.586679e-05 1
2.365216e-04 7
1.092984e-04 1
8.238276e-05 1
2.081980e-05 22236
2.060581e-04 244
1.212614e-04 1
4.754138e-05 5
2.015529e-05 2
3.504088e-05 1
9.400528e-05 1930
3.126987e-06 3
6.814952e-05 39
1.790120e-05 216
2.583372e-05 1
2.894655e-05 1
5.754436e-05 2
4.254715e-05 6
1.623505e-05 1
7.014170e-05 464079
6.530968e-05 1
5.172336e-05 1
9.675589e-05 1
3.850804e-05 994
2.633618e-05 2
6.562257e-05 1
1.127975e-04 1
8.921216e-05 724
2.406752e-05 195
7.410279e-05 3
8.025828e-05 2014
1.725576e-04 2
2.402792e-04 233
5.335611e-05 2
3.923244e-05 220
1.203587e-04 5
8.833039e-06 223
5.624406e-05 5
7.581907e-05 5
3.371117e-05 1
2.112364e-04 1
1.839606e-05 2
5.853855e-05 3
6.452362e-05 1
1.026774e-04 3
3.335637e-06 1
8.022256e-05 1
2.083738e-06 5
3.299100e-05 3
1.349179e-05 1
2.819221e-05 75
2.093336e-06 1
3.529180e-05 1
4.004739e-05 1
1.203760e-04 2
3.631491e-05 3
2.915963e-05 2
1.059145e-04 1
4.877405e-05 1
4.793198e-05 4
1.778539e-04 2
1.000156e-05 2
2.198535e-05 3
3.660419e-05 1
8.897615e-05 6
2.502762e-05 1
7.124322e-05 1
1.014372e-05 1
1.150380e-05 1
1.876486e-05 2
1.842687e-05 1
3.067812e-05 1
8.922578e-05 1
4.755825e-05 1378
2.579314e-05 1
2.123565e-05 2
1.297117e-05 1
8.212735e-05 1
2.828165e-04 5
9.610639e-05 1
9.272928e-05 5
2.422029e-06 1
4.266129e-05 1
2.158870e-05 1
3.672459e-05 1
1.730503e-04 4
5.665822e-06 1
6.089412e-05 1
5.612843e-06 2
5.827759e-05 7
5.076343e-05 7
4.771647e-06 1
3.137338e-05 3
2.048503e-04 1
2.247961e-05 1
7.365068e-05 21
7.060284e-05 1
6.870329e-05 1920
4.262909e-05 1
2.892359e-05 1
1.031599e-04 943
9.401732e-05 3
9.824170e-05 165
3.175869e-04 3
9.833382e-05 40361
2.417676e-05 1
9.113724e-06 1
5.307426e-05 1
3.192875e-05 2012
5.335771e-05 1
4.599047e-05 1
1.060839e-04 1
9.017447e-06 1
1.786241e-05 1
7.654545e-05 1345
3.162537e-05 3
9.747605e-05 103
8.414815e-05 3
7.706360e-05 110
9.938019e-05 1
1.483638e-05 44552
1.053161e-04 4
3.592555e-05 1
1.604224e-06 30
1.090922e-04 1
1.134672e-04 3
7.142540e-05 1
3.988055e-05 242
2.298319e-04 3
1.897874e-06 1
9.329557e-05 5
4.110355e-05 1
5.031528e-05 194
1.693786e-04 3
1.439079e-05 1
3.174025e-05 1
1.494681e-04 65528
1.489897e-05 99
1.123285e-04 5
3.149854e-05 2060
4.490268e-05 15679
8.802859e-06 1
4.488875e-05 36
3.594987e-05 1
1.796528e-05 6
4.673254e-05 678
3.112168e-05 110
1.635814e-04 7
5.804833e-05 3
3.812547e-05 585
9.323259e-06 1
1.853802e-05 1
4.512633e-05 197
4.463022e-05 1675
2.028494e-06 1
1.680429e-05 1
2.640543e-04 1
1.734138e-05 2072
1.800541e-05 1
3.189319e-05 1
8.746341e-05 192
7.343672e-05 5
3.535843e-05 1
6.970085e-06 82
1.581708e-06 1
7.576564e-05 1
7.290490e-05 1
5.320897e-05 1
6.247331e-06 4
2.015314e-07 1
1.849558e-04 1182
8.787700e-05 1
4.222163e-05 1
3.007516e-05 1
6.441318e-07 1
1.511139e-05 21
1.730247e-05 22
1.533466e-04 1
2.007852e-05 1
2.354311e-05 1871
5.006883e-05 1
2.142806e-05 1
7.665840e-05 1
1.314963e-04 1
9.391547e-05 3
1.300387e-04 5
2.836161e-05 1
3.123783e-05 1
5.254433e-05 2
4.384304e-05 3
1.547215e-04 3
1.429217e-05 5
9.992928e-05 2
3.554424e-05 1
4.315362e-05 1
1.058395e-04 1
1.301434e-05 5
4.664016e-05 1
7.391760e-05 67
4.739103e-05 3
1.158342e-05 1
9.432899e-05 86
6.808005e-05 3
8.130914e-06 1
1.674962e-04 3
2.923200e-05 4
5.041060e-06 1
6.779804e-05 1
5.577163e-05 3
3.498132e-05 1
9.217300e-05 4
3.886020e-05 1
1.457325e-05 1
1.404300e-04 1
7.330601e-05 1
5.916311e-06 1
9.650114e-05 133
2.354048e-05 52928
1.055614e-06 3
7.478925e-06 176
8.848109e-06 45948
8.234099e-05 1
2.594158e-05 367727
2.051337e-05 1
7.543121e-05 2
1.048623e-04 4
1.997634e-05 1
9.214488e-05 1
3.816846e-06 1
8.577036e-06 3
1.362577e-04 17489
4.106065e-05 6
6.075539e-05 1
1.334506e-05 1
9.876205e-06 1
1.187500e-05 1
4.875272e-05 102
3.983036e-05 1
9.566443e-05 151
4.252538e-05 1
1.150563e-04 1
1.722190e-04 1
5.858585e-06 463778
1.612891e-05 59
2.293621e-05 1
1.416490e-06 1
3.126338e-05 2
8.335748e-05 1
7.206862e-05 2
1.619508e-04 1
7.442442e-05 2
2.705139e-05 645307
1.061835e-05 3
1.875866e-05 6
2.885817e-05 2740
7.978437e-05 1
4.396134e-05 3
7.703553e-05 1
6.251535e-05 6
3.215127e-05 1
1.118572e-04 1
2.338299e-05 5
4.922887e-05 1
1.340041e-05 1
2.568320e-05 1
4.815538e-05 7
3.940656e-05 68
1.365917e-04 1
5.631327e-05 1
4.026857e-05 1
1.622026e-04 2
8.258782e-06 1
1.045716e-05 1
7.169880e-05 2
4.305488e-05 2
5.524426e-05 1
8.564921e-06 5
1.015517e-04 1
1.169424e-05 1
5.796080e-05 6
7.603745e-05 6
1.845936e-04 116
1.717408e-05 165
5.641352e-05 1
1.680834e-04 1
8.845092e-05 6
6.680309e-05 2
3.894788e-06 1
2.558981e-05 1
9.613764e-05 1
9.933878e-05 1
9.577242e-05 362318
7.281514e-05 39363
7.724570e-05 2
2.814862e-05 1
1.494808e-05 1
2.037687e-04 90
1.085313e-05 2
1.461830e-04 6846
7.407032e-05 6
8.917318e-05 21197
1.432607e-05 1
2.363946e-06 1
6.443153e-06 1
8.103111e-05 2
4.957991e-05 6
9.764134e-05 4
2.474130e-05 3
1.102227e-04 1906
2.106787e-05 1
3.371510e-05 5
1.825064e-06 1
3.740449e-05 1
3.708061e-05 6
4.325388e-05 86
1.650879e-04 1
2.673507e-05 1435
2.458461e-05 3
6.325401e-05 1
6.388630e-05 3
2.256605e-04 1
4.070852e-05 1832
1.124695e-05 7
3.880202e-05 1020
5.667403e-05 1
2.798732e-05 849
1.439728e-04 1
2.940579e-06 2
1.227161e-05 1
3.477281e-05 1
1.140588e-04 1
1.002004e-06 1
1.027537e-04 1
2.282317e-05 42
2.467632e-05 2
5.010999e-06 1
1.657986e-04 1
5.465182e-05 2
6.697379e-06 4
2.289539e-05 1
6.659306e-07 2
1.541590e-05 1
3.551229e-04 7
4.649951e-05 1732
4.926641e-05 7
3.750401e-05 3
5.719191e-05 1
1.456736e-05 3
8.936272e-05 2
1.064624e-04 1
1.581198e-05 702
4.092369e-05 2
2.731479e-05 1
2.966839e-05 1
1.534804e-05 100
1.138403e-04 1
3.765187e-05 214
6.797902e-05 1
1.140194e-04 7
1.853579e-04 6
2.189494e-04 1
7.672430e-05 1
2.411236e-05 6
1.993596e-05 1
1.615325e-05 1
1.096651e-04 1
5.990377e-05 1
3.014660e-05 1
4.178332e-05 1
4.033095e-05 1
1.112286e-05 2
1.142099e-04 1
4.785413e-05 7
9.768228e-06 1
1.039814e-04 44308
1.771482e-07 1
9.572241e-06 1
7.142871e-06 261
1.098805e-04 1
1.313513e-04 1
7.214362e-05 1
1.139037e-04 1
1.738737e-05 255
1.853895e-05 2
1.110744e-06 1
2.599463e-05 1
3.407084e-05 6
1.101325e-05 1
9.637006e-06 1
1.673539e-05 2
1.836383e-06 1
1.804780e-05 26246
1.147457e-04 3
1.578306e-05 181
1.654030e-04 5
1.323581e-04 207
2.360500e-05 6
1.726596e-05 1
2.873998e-05 1
5.281397e-06 1
7.750083e-06 1
9.936001e-06 1
6.094955e-05 2
3.422701e-05 2
4.845977e-05 1
4.035583e-05 1
6.672136e-06 482241
3.569724e-05 1
8.512811e-06 1372
1.193747e-04 1506
8.888660e-06 1
9.355817e-05 2
1.297461e-04 3
2.081433e-05 1
9.451259e-05 879
2.899400e-05 1
1.584550e-04 1
2.610307e-04 1
1.098672e-04 258
3.070553e-06 104
3.458907e-05 1
1.097582e-06 1601
9.747873e-05 4
1.113266e-04 2
7.749124e-05 1
1.317637e-04 1
1.351428e-04 33287
3.939671e-06 1
1.785772e-05 1
2.841530e-05 54420
2.159663e-05 47
5.170632e-06 3
2.438100e-05 1
1.748777e-05 1
1.465058e-05 1
7.449368e-05 36013
1.919233e-06 1
8.405852e-06 35
8.813646e-05 214
1.054952e-05 3
4.141817e-05 1
4.071684e-05 1
8.492019e-06 1
7.617894e-06 3
8.243313e-05 1
2.047512e-05 1
7.375399e-05 79
3.478848e-05 1
4.290402e-05 1
7.149467e-06 1
4.904757e-05 1
8.171055e-05 1
7.065008e-05 1
7.836742e-06 3
6.158229e-05 1
1.097328e-05 520054
3.648865e-05 2
1.326226e-04 1
1.456019e-05 1
1.921000e-04 110
4.535839e-05 1284
6.021637e-05 1
4.708035e-05 1
6.467633e-05 1
5.673246e-05 1
1.325562e-04 2
3.316084e-05 1
3.299383e-05 181
6.505084e-06 1
1.739423e-05 3
1.496191e-06 1
9.394857e-05 1
9.368290e-05 3
3.063475e-05 1
5.439850e-05 1
4.800445e-06 1060
6.518099e-06 1
3.188804e-05 1
4.645242e-05 224
5.933314e-06 38448
5.015483e-05 12740
5.520347e-06 1
4.506562e-05 5
8.365751e-05 1
2.402227e-05 7
4.405533e-05 3
4.904889e-05 2006
2.365183e-05 1
1.731450e-04 2
8.803549e-05 3
1.379426e-05 65184
2.464252e-05 136
2.936655e-05 195
5.005445e-05 1
4.819419e-05 2
4.185719e-05 6
3.953202e-05 35
5.332747e-05 2
1.703540e-05 1
1.025337e-04 1
5.093119e-06 3
1.431142e-04 317
1.159324e-04 1
2.135863e-05 2
1.419788e-05 3
1.608955e-04 3
3.459247e-05 1
1.007011e-04 4
4.094206e-05 116
1.112160e-04 3
1.837592e-05 2
8.318862e-05 1
5.136356e-05 43
2.687211e-05 6
1.716428e-05 1
2.037851e-05 1
4.522878e-05 264
5.198945e-05 1
2.069364e-04 1025
8.817675e-06 243
2.689000e-05 6
6.802572e-05 1
8.127118e-05 3
9.203931e-05 52
4.583248e-07 159
1.496819e-05 2
1.305049e-05 11198
2.625862e-05 1
1.207882e-04 1
2.695085e-05 67
9.862071e-05 1
1.888810e-05 1
4.102155e-06 1
1.898020e-05 1
1.087098e-04 1
5.780469e-05 1
3.608827e-04 25625
1.239572e-04 1
7.143272e-05 2
1.157268e-04 2
5.415330e-06 126
8.266102e-05 7
7.110269e-05 139
1.654801e-05 239
4.466918e-05 228
9.639651e-05 1
2.137207e-05 262
6.536014e-05 1
3.704437e-05 3
1.062651e-05 1285
6.629215e-05 1
4.054177e-06 3305
1.602618e-05 1
4.818618e-06 1
2.585454e-05 3
1.053975e-05 1
1.088998e-04 79
2.577625e-06 1
4.020376e-05 1
1.350839e-05 1
2.343190e-05 1
1.561284e-05 1
4.963457e-06 178
3.372117e-05 219
4.007084e-07 1
9.679015e-05 3
4.426955e-05 1
3.871419e-05 3
7.015234e-05 3
8.354357e-05 1
1.947353e-05 2
4.934731e-06 12
2.058275e-04 1
7.765099e-05 2
1.783709e-06 962
4.774266e-05 1
6.352631e-05 36356
5.351509e-05 1
6.817152e-06 6
3.005697e-05 4
3.693957e-06 1
1.188932e-04 1
1.162414e-04 147882
1.332698e-05 1
8.665292e-05 1
4.030940e-05 1
1.146969e-04 1
1.091668e-04 1
2.469815e-05 1
1.199996e-04 1
9.011308e-05 1
1.204063e-05 1
1.959334e-06 2
1.593798e-04 1
5.101941e-05 1
3.698881e-06 162020
1.351953e-05 1
1.441647e-05 6
1.930232e-05 1
5.552484e-05 2
7.648352e-05 1
6.461027e-06 1
3.730436e-05 1
4.666115e-05 1
3.544345e-05 1
4.216281e-05 1
1.489600e-05 148
6.228594e-05 2
6.842074e-05 1
1.950212e-04 1
1.177217e-04 160
2.709024e-05 1
6.936183e-05 1
4.927494e-05 1
1.445653e-04 2
7.367479e-05 1
4.539903e-07 5
1.284477e-04 150
4.473138e-05 1
1.207363e-04 1
1.079177e-04 2
4.107496e-05 1
9.454939e-05 3
1.274591e-05 1
2.270101e-05 1
1.718892e-05 174
2.775935e-05 1
1.330442e-04 1
7.842177e-05 1
7.976554e-05 5
1.007082e-05 1
6.727706e-05 112
2.324340e-04 1
1.800260e-05 27329
1.232804e-04 3
5.422144e-06 1
3.247400e-05 69
1.216993e-05 1
8.113857e-05 1
5.326980e-05 1250
1.029989e-04 1
5.792306e-06 217
7.391187e-06 1406
5.765787e-05 3
7.301073e-05 1
2.504517e-05 4
5.639271e-05 1
4.239565e-05 128
1.873349e-04 1
2.212465e-05 6
8.296141e-06 1
4.468411e-05 1
1.185724e-05 246
1.554692e-05 1
2.712758e-04 1
1.227223e-04 23068
9.274489e-06 2
1.150974e-04 1
1.213992e-04 1
8.001918e-06 1285
3.260373e-05 1
1.335207e-04 3
2.622280e-05 38305
3.065720e-05 1732
2.815608e-05 7
3.651133e-05 2
1.150188e-05 203
7.296773e-05 12
4.081830e-05 2
1.443445e-05 1
1.820490e-04 1
3.344751e-05 946
1.043596e-05 1
3.894463e-05 248
2.003497e-04 1
1.514927e-06 1
4.675191e-05 1
4.483870e-05 2
4.783887e-05 3
2.965105e-05 1
1.543385e-05 6
4.645102e-05 185
7.607495e-05 1
4.271276e-05 3
6.386675e-05 1
2.716760e-05 813
7.575267e-06 2
7.411761e-05 1287
1.493648e-04 1
3.318927e-05 6
4.422376e-05 5
3.380862e-06 49
3.835391e-06 5
2.500521e-05 2
7.354768e-05 1686
1.854488e-05 1
2.468023e-05 2
4.740927e-05 1
5.141077e-06 1
3.004668e-04 1
1.362910e-04 1
3.917112e-05 39910
8.924116e-06 1
1.821447e-04 1
4.880225e-05 1
6.492204e-05 1
2.285465e-04 1
6.563487e-05 71
8.703799e-05 2
2.677783e-05 1
1.373932e-04 1
9.055600e-05 1
7.005048e-05 1
1.007784e-04 6
1.437523e-04 1
5.740291e-05 3
1.373513e-04 1
1.582274e-04 1
4.923771e-05 1
6.717365e-05 1
3.203228e-05 1
2.843199e-05 1
2.879499e-05 2
2.773743e-05 6
3.267581e-05 6
2.482309e-04 36648
2.087549e-05 4
8.180807e-05 331
5.593158e-05 1
6.167495e-05 1
8.186697e-06 2
1.951363e-05 28098
4.197346e-05 530
1.907756e-05 92
3.058812e-05 1
9.869961e-05 1
1.370275e-05 1
7.616052e-05 1
1.584589e-05 3
1.557818e-04 1
3.267041e-05 1
4.668997e-05 1
1.316287e-04 2
3.643851e-06 1
5.022346e-05 2
5.237574e-06 36
6.730781e-06 2
1.261707e-05 3
4.388383e-05 149
5.311131e-05 1
6.102611e-05 1
2.077316e-05 2
2.021590e-05 3
9.864531e-05 1682
1.056261e-04 1
2.234669e-04 14358
5.679677e-05 1
1.138255e-04 396
3.544468e-05 1
7.683237e-05 311
9.969348e-06 1
2.458495e-05 1
1.126988e-05 1
1.457600e-04 230
7.231312e-06 1
1.613791e-04 1
2.281295e-05 2
7.905633e-05 1
3.790872e-05 1
2.558056e-04 34
1.257756e-05 1
1.086541e-04 3
1.213100e-05 6
5.153966e-05 1
6.768646e-06 1
9.244316e-06 4
5.644262e-05 1
2.582453e-05 1
1.508096e-05 7
2.920548e-05 1
4.866808e-05 3
4.773713e-05 1
4.082491e-05 4
1.056665e-04 1
2.605022e-05 1
2.154561e-04 436
1.410622e-06 1
5.255343e-05 6
9.019866e-05 1
2.223572e-05 3
9.182336e-05 1
2.070640e-05 1
1.585185e-05 3
3.133754e-05 2
6.161661e-05 1983
6.537145e-05 1
4.464630e-05 1
1.910925e-04 1
5.331800e-05 1
1.715675e-05 255
4.448815e-06 213
1.828105e-04 61
2.909159e-05 204
8.700244e-05 4
5.024049e-06 1185
1.764827e-05 3
1.580386e-05 1
3.402900e-05 1
1.899272e-04 1
2.400626e-05 1
3.165326e-05 4
2.619967e-05 1
2.578176e-08 1
6.286228e-05 1
1.753449e-05 3
4.253635e-05 1
2.874485e-05 156
4.063572e-05 203
1.222581e-04 3
1.520140e-04 1
2.746000e-05 109
1.046654e-05 3
6.911688e-05 44756
5.656772e-05 1
3.999398e-05 1
2.763807e-05 2
8.533642e-06 1
1.175295e-06 1
4.667437e-05 1
4.889982e-06 3
3.003035e-04 1
3.635964e-05 1
1.399206e-04 1
1.029880e-04 1941
8.732862e-06 1
1.420892e-04 2
2.240107e-06 1
6.370586e-05 1
5.959778e-06 1
9.686620e-05 237
4.490670e-06 1
4.388442e-05 3
1.317042e-05 1
1.092179e-05 1
4.479561e-05 1
6.912666e-05 72
2.495506e-05 1
2.344791e-05 1
1.341500e-07 3
8.625525e-05 2
5.482780e-06 4
5.833300e-05 254
8.229305e-05 1
5.379792e-05 1
3.562427e-05 4
4.816494e-05 2
3.416007e-05 1
4.866379e-05 1
4.762614e-05 3
1.948699e-05 2
7.351209e-05 1
1.464444e-04 48931
1.330408e-04 1
1.089125e-05 1
1.360856e-04 1
2.940233e-05 3
7.259979e-05 1
1.203957e-04 220
1.251640e-04 2
1.620657e-05 16236
6.231024e-05 5
2.142454e-05 1
8.810163e-05 5
5.539192e-06 1
8.742671e-06 2
6.664379e-06 1
2.360197e-04 30755
6.245604e-05 137
5.600105e-05 3
4.135864e-05 1
1.646724e-05 2
6.379391e-06 1
8.410889e-05 6
1.374836e-04 1
1.425295e-05 5
1.135512e-05 1
2.808319e-05 2
1.391601e-05 4
3.790474e-05 227
1.020635e-05 1
1.123095e-05 3
4.148735e-05 2
1.317721e-05 20101
6.110476e-05 1
2.059560e-06 1
1.291019e-05 1
3.600657e-06 1337
2.095529e-05 1
6.165875e-07 1
6.478750e-06 897
9.614831e-05 1
2.061474e-05 1
3.635250e-05 1
4.572773e-05 739
2.845924e-05 1
1.489784e-04 127
2.654926e-06 1
1.287099e-04 1
7.204593e-05 1
1.017977e-04 1
3.363766e-05 39359
6.185934e-05 69
5.447536e-06 3
1.991920e-05 188
1.009222e-04 1
3.706222e-05 5
1.352251e-04 33021
1.828329e-07 3
1.041299e-05 1
1.467740e-05 69
1.674087e-04 4
1.668342e-05 185
1.689309e-05 147
2.174366e-05 1
7.335887e-05 1
2.640870e-06 214
6.140565e-05 3
1.449632e-05 1
1.927454e-04 247
2.576615e-05 1
9.038748e-06 3
1.165628e-04 7
4.161034e-05 5
1.657080e-06 2
2.714628e-05 1
1.163419e-04 31723
2.301856e-04 2
5.306679e-06 1
3.237654e-05 3
5.487761e-05 3
8.139646e-06 1
1.190181e-06 1
9.185311e-05 1
1.218865e-04 53
8.638439e-05 2
2.572723e-05 1
3.661494e-05 56
1.342579e-05 1
1.172192e-04 2
2.287607e-04 1
4.720294e-05 1
2.596189e-05 1
1.566573e-05 4
6.863306e-05 1
4.022127e-05 233
1.380132e-05 5
5.282069e-05 2
3.899520e-05 1
7.864824e-06 817
6.963917e-05 2
1.669066e-05 2
5.619691e-05 2
1.227990e-04 1
1.023472e-06 4
1.224088e-06 1
1.501244e-04 2
8.432245e-06 1
2.052765e-05 1
1.398612e-05 1
4.842739e-05 814
9.005396e-06 1
5.487698e-05 1
2.031158e-05 1
1.375881e-05 3
2.438788e-05 3
3.060489e-05 501750
6.450494e-05 6
1.738764e-05 3
9.298886e-05 1
1.905641e-05 1
1.573348e-05 2
4.821358e-05 3
1.699099e-05 3
1.249650e-05 1
6.567668e-06 1
3.197697e-06 5
2.594432e-05 1
2.346498e-05 24015
5.747913e-05 2
4.029717e-05 1
1.045578e-04 1
2.521242e-05 234
6.165219e-05 1
1.350064e-04 1
9.239291e-06 3
6.538443e-05 6
6.036753e-05 1475
1.775242e-05 1
8.698145e-05 257
1.257591e-04 503
9.760739e-05 3
6.241618e-05 5
1.662401e-04 1
3.662990e-05 1
1.307132e-04 1
9.411602e-05 1
2.467164e-05 1
2.806722e-06 2
1.273284e-04 5324
8.199988e-06 21513
1.470292e-05 1
4.152914e-05 1
8.316958e-06 1
4.178974e-05 1
1.255295e-06 1
1.598870e-04 1
9.743036e-05 35
1.944913e-05 7
1.076055e-04 1233
4.714033e-05 5
2.474598e-05 3
2.255740e-04 1
6.248436e-05 1
5.299812e-05 2
3.053672e-05 1
7.009167e-05 2
1.667471e-04 1296
3.562460e-05 1
4.574678e-05 1
3.077582e-05 1
2.189087e-04 7
9.932779e-05 1
1.552505e-05 4
4.536057e-05 1
2.010758e-04 1157
9.849723e-05 1
4.151681e-06 1
8.762277e-06 1
1.489591e-06 1
3.991143e-05 458
7.128181e-05 1
4.318549e-05 2
5.650604e-05 113
3.233245e-05 4
3.440639e-04 4
9.841359e-05 1
5.423134e-05 1
6.536051e-05 3
2.350368e-05 3
2.574412e-05 68
8.861233e-05 2
2.595354e-05 2
2.168024e-05 1
6.218185e-05 5
1.501786e-05 3
2.842483e-05 1
8.596552e-05 6
5.842949e-05 1
1.191028e-04 1
4.463580e-05 279
4.340758e-06 4
1.076736e-04 7
2.921540e-05 1
1.725375e-06 2
4.277901e-05 2
9.679539e-05 1
7.271100e-06 1
1.567039e-05 1
9.158950e-05 1
2.126512e-04 1
2.551264e-05 4
8.662566e-05 1
7.321819e-05 1
2.426285e-05 5
6.882562e-05 1
5.480595e-05 1
7.233036e-06 1
1.136050e-05 1
7.519667e-05 1
3.358085e-04 1
1.076537e-05 1
8.800719e-06 1
4.122836e-05 256
4.656064e-06 1
1.105252e-05 27801
1.350365e-04 1
1.617809e-05 2
6.166475e-05 2
2.572734e-06 1
9.985555e-07 1
2.662262e-05 1
4.941586e-06 1
1.736696e-05 118
5.065313e-05 1
3.381370e-06 60692
1.747773e-05 1
4.138559e-05 1
1.313190e-04 6
1.324171e-04 1
1.745998e-05 3
9.106709e-05 180
1.138556e-04 3
6.730284e-06 5
7.711115e-05 101776
8.957027e-05 2
9.926795e-05 2
7.968275e-05 1
2.890731e-05 1
7.813453e-05 213
1.981843e-04 10
6.097572e-05 36
1.016957e-04 623060
8.452168e-06 8229
9.027770e-06 1
1.377447e-05 1
9.092617e-06 1
1.840440e-05 2
6.260104e-05 2
2.244220e-05 3
9.509197e-05 127
6.190373e-05 54524
2.558559e-04 1
7.575442e-05 40
4.771066e-05 2
7.047332e-05 1
1.005920e-04 1
9.215279e-05 1
1.564226e-04 1
7.714740e-05 1
1.354379e-06 1
1.478340e-05 6
1.660951e-04 1
2.561321e-06 3
1.724600e-04 1
1.546712e-04 1
2.171731e-05 33
2.282883e-05 3
2.912890e-05 1
8.530037e-05 1
2.702078e-05 1
5.473807e-05 267
1.390352e-04 3
7.846742e-05 3
6.829223e-05 2
2.988454e-06 1
2.487466e-05 3
4.165331e-05 1
2.579776e-05 1
1.574492e-05 3
7.601654e-05 1
1.897035e-04 1
6.391853e-05 1
1.877156e-06 144
3.941656e-05 1
2.765364e-05 1
1.268277e-04 5
5.008031e-05 3
5.127415e-05 104
1.717514e-05 1
3.938364e-05 2
1.941776e-04 37
1.687506e-05 6
3.384788e-05 1
4.589587e-06 11464
8.556110e-05 1
1.542736e-05 3
1.235419e-05 2
9.996527e-05 3
8.524830e-05 1
4.371111e-05 144
4.955244e-05 1
1.295412e-05 1
5.089511e-06 1
1.222568e-04 3
8.707928e-06 1
1.857185e-05 1
4.058455e-05 1
1.271175e-05 121
1.281231e-06 116
7.909337e-05 1
1.617743e-04 1
2.310293e-05 62553
4.080888e-05 2
1.677105e-06 1
1.023189e-05 1
8.375731e-06 7
1.130966e-05 1
1.762710e-06 1
5.574166e-05 5
7.093187e-05 1
3.273500e-06 2
8.889579e-06 1
7.148569e-06 221
9.768540e-05 1
6.195357e-05 2
8.557402e-05 1333
1.119631e-04 1
2.140952e-05 1
7.888335e-05 1
1.902061e-05 1
4.771052e-05 6
5.285006e-05 90
6.034088e-05 1
2.822020e-05 1
1.211733e-04 1
7.659480e-05 1
3.068546e-05 46243
2.837315e-07 1
1.692986e-05 1
1.010720e-04 1
5.139722e-05 1
1.364407e-06 1
6.067400e-06 2
4.012070e-05 3
5.808326e-05 1
2.761744e-05 1
5.881092e-05 1
2.328345e-06 1
1.109174e-05 1
1.061139e-04 1
4.098901e-05 2
4.257939e-05 3
2.218419e-05 1
1.097159e-04 6
1.621733e-04 1
8.934035e-05 2
1.402581e-04 1
1.130051e-04 484
3.341232e-05 3
1.960746e-05 3
3.033223e-05 1
6.686735e-05 4
5.162280e-05 1
1.472027e-04 1
1.090042e-05 1533
1.390760e-05 691
2.225314e-05 1
7.308170e-05 3
7.663710e-05 1
1.486356e-04 1
9.671412e-05 1
1.575724e-05 261
1.120020e-04 1
5.718254e-05 1
6.378985e-06 1
1.677591e-05 2
3.872202e-05 2
9.410478e-05 1
1.810188e-04 3
9.555511e-05 1
3.344557e-06 1
7.802546e-05 4
1.155166e-04 156
3.286770e-05 6
1.371747e-04 4
1.829086e-04 7
3.752806e-05 3
2.526545e-04 4
2.085665e-04 3
5.182381e-05 6
2.172424e-05 5
1.291832e-04 5
6.721650e-06 1
1.181937e-04 1
6.712515e-06 2
1.658035e-05 49786
1.927773e-04 3
3.489068e-05 1
4.222584e-05 51168
5.647544e-05 2
1.812803e-05 3
4.499982e-05 1
3.155941e-05 1
1.095201e-05 1
7.511443e-06 57
1.841826e-05 1
5.356140e-05 1
2.744787e-05 1
2.571061e-05 2
5.059282e-05 37248
1.488833e-04 1
6.901962e-06 1730
1.650570e-06 1
1.378791e-04 1
9.885338e-05 1
3.845940e-05 2
1.022694e-05 71
5.054548e-05 1
1.353354e-05 1
2.194957e-05 172
1.485232e-04 3
8.875003e-06 1
1.644738e-05 253
7.945158e-06 1
1.432722e-04 1840
5.708468e-05 1675
1.115015e-05 2
5.282325e-06 2
2.907575e-05 1
3.444929e-05 1
9.403464e-05 3
2.536778e-05 1
9.991519e-05 1
6.560576e-06 1
1.940823e-05 1
3.273267e-05 6
4.672954e-05 1
6.895957e-07 3
4.212824e-05 892
1.614838e-04 1
1.107268e-04 1
3.007423e-05 431836
1.630522e-04 10392
1.669379e-04 1
7.966696e-05 1
1.951773e-05 1
6.439237e-06 3
5.983106e-06 4
6.034274e-05 1
7.272432e-05 1
1.407191e-04 1
2.941296e-05 1
3.252761e-05 1
1.602596e-05 2
2.035484e-05 7
1.370359e-05 1
4.031211e-06 1
3.320828e-04 1
9.951954e-06 3
9.278073e-06 27772
2.448073e-05 7
2.360945e-05 3
5.345698e-05 268671
8.346600e-05 2
3.863760e-06 1
3.631009e-06 66
4.182651e-05 1978
4.867962e-05 1
2.457004e-05 3
1.783795e-04 2
3.682878e-05 1
1.643256e-05 1
4.123965e-05 187
5.059101e-05 6712
1.466731e-05 1
6.489196e-05 1
2.887489e-04 146
3.215370e-05 1
1.494395e-04 37
2.267815e-05 1
6.764414e-06 2100
2.589944e-05 3
2.095883e-05 3
3.946919e-06 1
8.807949e-05 1
3.308064e-05 1
2.843255e-05 1
2.690109e-05 207
7.678953e-05 1
5.760156e-06 1
9.840249e-05 1
2.016723e-05 1
2.805072e-06 3
4.494460e-05 93
5.138458e-05 1129
7.993960e-06 1
1.155661e-04 96
2.850263e-05 1
1.967241e-06 31610
4.640073e-05 1
2.277409e-04 2
3.912056e-05 3
1.925485e-04 6
2.149350e-06 4
1.319246e-04 1
6.985269e-05 3
3.036078e-05 1
1.657279e-05 1
1.371645e-04 2
6.661780e-05 6
1.312385e-05 1
2.391092e-05 2
4.750583e-05 2
2.207055e-05 79
5.622364e-05 2
1.250517e-04 1
4.367440e-05 3
3.375645e-05 1
9.219850e-05 50
2.417542e-05 1
1.939473e-05 1
1.204992e-04 170
2.631105e-05 5
2.911569e-04 1
1.304865e-05 1
4.411883e-05 1
1.458243e-04 1
1.573276e-04 4
8.923389e-06 1
4.225071e-05 4
5.280252e-06 1
2.545060e-05 3
3.250057e-05 1
5.139681e-05 1
1.034860e-04 1
5.029127e-05 2028
4.302787e-05 1
7.709729e-05 40
1.601594e-05 123
1.908894e-05 19752
7.756547e-05 1
6.262667e-05 1
7.932772e-06 234
1.451045e-04 6
2.303360e-04 6
4.131386e-07 2
3.227660e-04 4
9.359611e-05 1
1.570747e-04 53587
4.956277e-05 1
3.622952e-05 29329
1.902421e-06 123
5.945790e-05 3
2.780303e-06 128
1.966567e-05 36756
4.911499e-05 1
5.644018e-05 1
1.617237e-05 2
5.347462e-05 1747
5.275341e-05 3
1.779158e-05 1
3.046993e-05 38198
2.242221e-04 3
1.273552e-05 130272
9.973639e-05 1
4.806853e-05 3
5.418456e-05 2
2.400630e-05 1
1.056718e-05 3
4.147712e-05 1
1.651339e-05 1
2.179593e-05 2
1.006349e-04 3
4.171709e-05 1
2.573202e-05 1
1.828243e-05 1
5.111870e-05 1
2.477417e-05 4
6.080821e-05 2
6.030463e-05 1
4.867354e-05 1
7.586623e-06 2
2.012794e-04 2
1.937401e-04 1
3.654245e-05 1
6.745428e-05 1
2.264914e-04 3
1.780188e-04 26706
3.750785e-05 3
5.672525e-05 1
6.632369e-05 3
3.063417e-04 1
1.492116e-06 1
2.397584e-05 1
3.107857e-05 1
2.736646e-05 3
2.168422e-05 2
4.446318e-05 243
3.156373e-05 1
1.333584e-04 3
6.368562e-05 2
1.413827e-05 1949
1.047944e-05 49535
1.247059e-04 3
6.533779e-05 1
6.973518e-05 5
2.799345e-05 1
7.660692e-05 1
1.406916e-05 1
1.294629e-04 3
6.600028e-05 2
3.127327e-06 1
1.472633e-06 3
2.308502e-05 7
3.286250e-05 10942
2.733852e-05 1
5.174088e-05 1
4.636138e-05 1
3.713248e-06 219
