4.602424e-05 1
1.661285e-05 1
2.264720e-06 3
2.567198e-05 1
6.203524e-06 1
1.222720e-05 1
2.201882e-05 1
1.207532e-05 1
5.831469e-06 908
3.406692e-05 1
8.903334e-07 7
7.934697e-06 2
7.628743e-06 2
8.523797e-06 1
2.438547e-05 1
5.951197e-06 2
1.706115e-06 1
6.519717e-06 1
2.306058e-05 12
9.063183e-06 1
2.494521e-06 1
1.731631e-05 1
3.672040e-07 4
4.101360e-06 3
2.927493e-05 4
3.923790e-05 1
2.185442e-05 1
1.879114e-09 2
4.001776e-06 1703
6.061649e-06 115
1.068138e-07 4
1.179570e-05 1
1.460788e-05 3
1.825507e-05 4
8.407946e-06 3
7.636559e-06 1
1.282007e-05 336165
9.477801e-06 1
1.666382e-06 1
8.772020e-06 3
1.450912e-06 3
4.195164e-06 1
8.144904e-06 1
1.107646e-05 2091
5.454538e-06 1
7.830373e-06 27
8.856248e-06 1870
2.296855e-05 3
2.899362e-06 2
1.159997e-06 2
7.569772e-06 1
5.972574e-06 95
1.955480e-06 1
1.966444e-05 1
1.998093e-05 1
4.335423e-06 3
5.997885e-06 1
1.867669e-07 2406
2.601564e-06 1
7.430893e-06 1
1.033693e-06 3
2.371375e-06 2732
1.124833e-07 3
1.381687e-05 3
1.173045e-05 1
5.803101e-06 1
1.411326e-05 192
7.641884e-06 2
1.132946e-06 26956
2.027861e-05 2009
1.126180e-06 1
5.296568e-06 1
9.836103e-06 1
2.520082e-05 1
1.690350e-05 754
1.176270e-05 1
1.735179e-05 3
3.685777e-06 1
6.638944e-08 5
4.528443e-06 2
7.708567e-06 1
5.006547e-06 1
1.106589e-05 1
1.391748e-05 1
9.096915e-06 1
8.463568e-06 16903
4.175597e-06 134
6.567503e-06 1
4.587536e-06 64122
4.692606e-06 1
5.372381e-05 1
2.052283e-06 1292
1.535871e-05 2
1.226219e-05 7
1.330607e-06 2
1.206655e-06 339
1.974971e-05 1
4.346059e-06 1
1.913901e-05 1
4.844089e-06 1
2.547989e-05 187
3.765634e-05 4
3.542790e-06 252
8.419495e-07 1
1.864089e-06 9
2.552009e-06 197
4.322054e-06 1
2.629807e-06 27051
1.860478e-05 32008
2.048185e-05 3
3.716898e-05 4
8.753143e-07 396
7.751816e-06 1
1.196944e-05 1
1.821202e-05 1
1.075359e-06 1
2.096997e-05 1
1.010581e-05 1
4.342712e-07 1
7.414529e-06 1
5.328214e-06 1
4.713339e-06 2
2.506963e-05 3
4.946400e-05 4
2.403502e-05 1
1.241248e-05 1
1.916239e-05 171
4.829064e-06 1
3.509945e-06 3
1.630257e-05 1
7.238919e-06 3
1.441142e-05 4
6.915640e-06 115
4.792127e-07 1
2.168746e-05 216011
2.184689e-05 7
1.056601e-05 58682
3.873396e-06 1
3.405716e-05 1
5.945998e-07 38
2.316001e-05 2
1.483583e-05 1
5.454441e-06 2
7.745246e-06 137
4.529615e-06 5
1.472920e-05 1
7.027094e-06 32132
7.392913e-06 7
2.546747e-06 1
2.443241e-06 1
1.282887e-05 1
3.492106e-05 4
1.816996e-06 678
1.173101e-05 3
3.605853e-05 3
2.728802e-05 101
1.303278e-05 122
1.637774e-05 1
2.434917e-06 1
8.518553e-06 1
7.077808e-07 1
2.055472e-05 1
2.467137e-05 1
1.106547e-05 1
1.208186e-05 2
4.672397e-07 1
8.567423e-06 7
4.858863e-05 514224
6.681482e-06 3
1.550987e-05 1
4.959686e-06 26
1.949757e-05 10309
1.037523e-05 1997
8.350711e-06 1
8.961695e-07 1
2.407762e-05 1
2.179109e-06 5
9.816151e-06 2
1.822157e-05 2
1.318685e-05 2
4.365338e-06 118
2.886275e-05 1
4.653476e-07 1
2.274962e-05 6
2.850452e-06 5
7.607319e-06 3
7.399730e-06 1
4.968249e-06 1
1.953444e-05 3
4.905664e-07 1
3.486987e-06 312
3.713686e-06 1
1.853246e-05 1
4.080543e-05 1
1.035406e-05 1
1.569846e-05 1
5.562678e-06 6
4.497925e-06 7
1.716216e-05 1635
5.107545e-06 1
2.168160e-05 1
2.016051e-06 7
3.524325e-05 1
1.522165e-05 1
1.750396e-06 3
9.062763e-06 1884
4.937349e-05 1
1.413522e-05 1
1.821782e-05 79
2.656074e-05 285
8.381256e-06 1
4.190984e-06 84
1.369912e-05 5
1.568559e-05 1
2.781730e-05 1
1.421441e-05 1
1.548393e-05 1
4.213037e-06 2
4.035290e-05 247
5.853610e-06 1
7.695705e-05 131
3.269004e-05 1
6.856378e-06 1
4.461481e-06 43
2.677884e-06 1159
5.303659e-06 1
6.698867e-06 2
1.818274e-05 2
5.921949e-07 1
3.958097e-06 1
2.014889e-05 1
3.152978e-06 3
4.462426e-06 1
3.238611e-05 1
2.350879e-06 961
7.464096e-06 3
2.677572e-06 1
4.779102e-06 1
3.297242e-06 246
2.098500e-05 246
5.171545e-06 142
4.541019e-06 1
6.358959e-06 1421
6.352677e-06 28688
2.952416e-06 5
2.278883e-05 1
1.579166e-06 1
9.707931e-06 1
1.552100e-05 1
2.051123e-05 148
9.876782e-06 3
9.949110e-07 1
2.624978e-05 14855
1.194625e-05 1
2.918793e-05 1
5.291275e-06 18
6.284989e-06 1
2.176246e-07 1
2.855369e-06 222
2.607970e-05 1
6.412411e-06 18887
3.183982e-06 2
1.433363e-06 1
2.805691e-05 1890
2.232288e-06 3
1.274673e-05 1
6.463929e-06 395
4.938590e-05 1
2.536709e-06 23
6.644929e-06 3
3.642538e-06 4
8.585706e-06 1
1.125120e-05 1
5.521078e-07 1
2.390156e-05 1
2.155874e-06 1
4.858691e-06 1
1.050184e-05 1
1.574882e-05 74
5.941214e-06 1
8.486216e-06 1
5.345987e-06 1
4.252638e-06 1
1.801138e-05 99
6.052185e-07 3
6.159060e-06 1
4.319676e-06 3
8.142890e-07 1
6.133662e-06 3
2.544669e-05 3
9.671362e-06 1
4.383309e-06 4
3.331056e-06 3
1.167423e-05 1
1.150442e-05 38695
7.762835e-06 7
5.748789e-06 1
3.457639e-06 4
1.235659e-07 1
1.005517e-05 1
2.478214e-06 1
1.882209e-05 1
5.945780e-05 1
1.686282e-05 172
1.206355e-05 2
1.121738e-06 1
4.806812e-06 4
1.081569e-05 2
1.679258e-05 1
1.510683e-05 1
4.004471e-06 9
5.349825e-07 1
4.543385e-06 2
2.494839e-05 2069
1.824115e-05 2
1.398556e-05 1
7.775881e-06 40
5.996029e-06 3
7.705678e-06 3
7.002522e-06 2
3.484829e-05 1
1.968525e-05 215
1.689157e-05 1
1.959645e-05 60712
3.161127e-07 1
3.000035e-05 57956
2.199084e-06 1
1.978548e-06 2
7.562530e-06 1
7.204978e-06 4707
6.450212e-06 3
4.455981e-06 90
2.654290e-05 1
4.666629e-06 49027
1.753213e-05 57
7.333532e-08 1
2.194147e-06 1
8.757918e-06 1
6.394410e-06 21840
5.621087e-06 1
6.157643e-06 1
6.797847e-06 1
1.105007e-06 1
3.834275e-05 1
8.293576e-06 6
3.462177e-06 3
2.766269e-05 6
1.736427e-05 6
8.884066e-06 245346
1.398676e-05 1
2.591117e-05 1998
2.355147e-06 3
1.555309e-06 1
5.617244e-06 2
1.261401e-05 1021
1.436281e-05 1
2.128832e-05 1
2.917660e-05 1
3.809805e-06 1
9.135280e-06 1
5.510307e-06 1
9.483689e-06 1
2.908514e-06 1
3.589208e-06 1
8.053766e-05 1
2.668702e-06 1
1.122245e-05 1
4.277356e-05 3
5.271713e-06 1
2.277495e-05 255
7.373596e-06 1
1.609186e-05 1
3.585487e-05 468
8.246627e-07 1
1.611723e-05 1
3.952879e-05 1
2.506328e-06 3
7.232800e-06 126
3.560825e-06 3
1.950488e-05 1
6.430910e-06 4
2.306721e-06 1
1.944381e-05 2
1.605863e-05 1
1.297405e-05 3
5.550791e-06 2
7.552646e-07 1
2.685902e-05 165
9.553948e-06 146
3.669768e-05 2
5.731255e-06 1
4.605403e-07 5
1.146782e-05 1
2.188084e-05 2
9.391811e-06 45
1.367425e-06 207
1.538498e-05 5
6.369532e-05 1
2.889433e-05 3
3.607601e-06 1
9.166663e-07 1
1.401467e-05 1
6.109373e-05 1
2.383324e-06 1
1.726035e-06 1
1.438566e-05 1219
2.426083e-05 119
9.725407e-06 1
8.019645e-06 4
2.758443e-06 1
4.137861e-06 1
1.805667e-06 3
3.433292e-07 1
1.341823e-05 584
5.226049e-06 1
1.446811e-06 1
1.244006e-05 1
2.027666e-06 3
2.536464e-06 417264
1.483666e-06 1
7.450471e-06 1
3.428155e-06 1
2.114688e-06 1
1.308969e-06 2
2.244390e-06 3
1.310588e-05 1
7.229782e-06 1
2.226696e-05 320331
3.949799e-06 251
5.055537e-05 3
9.315216e-06 1
3.774937e-06 1
2.721931e-05 1
3.427047e-06 381755
1.427403e-05 1
2.865577e-05 1
2.971277e-06 1
5.735343e-06 2
6.767093e-05 3
7.400132e-06 1
2.493958e-05 1441
8.550710e-06 1
1.585361e-05 1
1.313464e-05 2
4.431146e-06 1
2.395019e-05 48
1.664321e-05 106
2.175494e-05 5
7.680050e-07 2
1.060509e-05 3
1.111436e-06 1
1.807486e-05 1
1.999910e-06 1
2.828958e-06 1656
2.306798e-06 109
2.926761e-05 2
3.829463e-06 1
1.485530e-05 36389
6.566423e-06 1
8.624779e-06 3
2.222735e-05 2
3.931590e-06 1
3.031121e-06 1
4.729741e-06 230
1.180360e-06 5
2.627909e-05 1
1.835123e-06 1
6.092298e-05 1
1.579646e-07 1
1.325512e-05 1
2.441559e-06 148
3.663020e-05 2
6.392394e-06 1
6.080406e-06 1
2.221349e-05 1883
5.338957e-06 978
1.010837e-05 2081
7.412720e-06 2
3.198835e-05 244
1.242198e-05 1
2.190896e-06 1
3.893828e-05 224
1.903662e-05 1
1.748006e-05 1
2.267468e-05 261
8.839068e-06 1
2.074007e-06 1
3.292481e-05 2
4.999306e-06 1
1.285427e-05 1
5.155397e-06 6
4.409228e-06 1
8.187110e-06 1
1.178263e-05 1
5.347386e-06 2
9.718979e-06 7
2.498557e-06 2
5.073043e-06 1
7.278720e-06 1
9.998259e-06 1
4.616246e-06 7
1.919755e-06 1
8.706942e-06 1056
2.363557e-05 156
1.557689e-06 40
2.714963e-05 1
8.494101e-06 56
2.065864e-05 7
3.307010e-05 169
1.688289e-05 1
2.025337e-05 3
1.711723e-05 7
4.299089e-05 1
2.688600e-06 5
2.250584e-05 183
3.074838e-05 2
3.244859e-06 1
2.204814e-06 1
9.466521e-06 703
3.378742e-05 6
1.648047e-05 1
9.699238e-06 3
3.679212e-05 38
1.425679e-05 7
2.648343e-05 1
2.508822e-05 1
3.612949e-05 1
2.634426e-05 5
2.192420e-06 1
2.275589e-06 1
4.207265e-06 1
4.145728e-05 2
4.951457e-06 3
1.644939e-05 1
7.705944e-06 1
2.553231e-05 1
3.613013e-06 2
3.185155e-06 1
3.874961e-06 5
1.220674e-05 2
1.214100e-06 3
1.830578e-06 47407
8.220596e-06 1
8.051240e-06 1
2.973201e-06 33888
3.190548e-05 1
4.799845e-06 1
1.430855e-05 53035
2.174723e-05 1
3.809026e-06 3
1.807942e-05 1592
1.381862e-05 1
3.724985e-05 164
1.148075e-05 1
8.279007e-06 2
1.347145e-05 1
8.887250e-06 4
3.385716e-06 7
5.065903e-07 122
2.958433e-06 1
2.935113e-06 4
8.832651e-06 1
3.819400e-07 1
1.957499e-06 2
2.425265e-05 3
1.329490e-05 1
3.686420e-06 1
4.885693e-07 3
1.903174e-05 1
6.411057e-06 1
5.922607e-06 153
2.065068e-05 2
1.440613e-05 293700
4.941342e-05 1
4.843160e-06 5
1.846114e-06 43654
1.999976e-05 1
2.276919e-06 1
2.095062e-05 1
1.482104e-06 3
1.980221e-05 1
1.239875e-05 1
1.178042e-05 1
2.004910e-05 3
1.117020e-05 2
1.322328e-05 352
1.731417e-05 27176
2.609345e-06 3
7.330243e-06 1
1.922243e-05 1
1.343507e-05 298432
9.549397e-06 3
5.681115e-06 867
6.456440e-07 3
1.215928e-05 1
1.370145e-05 1
2.546572e-06 1
4.873261e-07 2
3.746459e-06 3
8.634514e-06 1279
2.633194e-06 5
4.915525e-06 173
1.174925e-05 1
8.365438e-06 129
2.511513e-05 1
1.049304e-05 1
9.322356e-06 2
4.372140e-05 4
7.526233e-06 1
7.528398e-06 5
9.739863e-06 1
1.351692e-06 1
4.410493e-06 1
2.237454e-05 1
2.261569e-06 1435
3.922235e-07 2087
5.577363e-06 7
2.050034e-05 1
1.888312e-05 241
4.254665e-08 1769
8.093808e-06 5
1.735443e-05 1
5.272709e-07 4
2.004853e-05 2
1.616989e-05 21086
8.447537e-06 1
1.971798e-05 1
5.176829e-06 1
1.315185e-05 1
3.625844e-06 1
2.440343e-05 1
1.610323e-05 2
1.330135e-05 1
3.579684e-05 1
3.762363e-06 1
7.029053e-06 1
3.147889e-06 1
1.407399e-05 1
9.583254e-06 1
2.507611e-05 1
1.829667e-05 4
1.658467e-05 1
7.018978e-06 1
1.031751e-05 2
1.545891e-05 1
3.299026e-06 1
6.312343e-06 1
3.048145e-05 1244
1.407001e-05 1
1.077710e-05 1
5.270101e-05 2
9.586558e-07 1
3.543352e-06 506767
1.458499e-05 3
9.907022e-06 255
2.663526e-05 1
2.016512e-06 40
1.498113e-07 40571
6.042496e-06 1
1.350107e-05 1
8.977875e-06 3
1.007426e-05 2
8.393937e-07 3
1.207088e-05 228
3.614327e-06 1
1.457478e-05 1
5.594256e-07 1
1.369749e-05 26
3.660511e-05 1
8.018258e-06 1
5.910965e-06 3
4.043541e-07 1
1.069740e-05 1
5.172183e-06 1
1.984822e-06 1
1.371784e-05 157
1.968294e-05 1
5.734542e-05 1
1.562967e-05 1
1.293070e-05 1
8.147258e-08 3
1.120249e-05 1
2.653836e-05 1
9.248024e-06 1
8.517770e-07 1
1.093510e-05 1
2.589263e-06 1
1.168310e-06 4
1.686390e-05 1
2.228821e-05 6
1.033130e-05 3
2.661898e-06 3
5.203687e-06 1
1.751625e-06 1
9.206282e-06 7
6.727969e-06 2
4.878147e-05 6
3.796602e-05 523
1.915557e-05 28827
8.135760e-06 1
1.493148e-05 1
5.451610e-06 1
8.970280e-06 3
2.679919e-05 647328
2.626746e-06 788
1.935012e-05 4
9.021105e-06 53413
1.729755e-06 1
1.223049e-06 176
1.332420e-05 1
1.591091e-05 3
5.342459e-07 65
8.198201e-06 3
1.713462e-05 1
2.393971e-05 1
3.467058e-06 1
6.713492e-06 1
2.455192e-06 4
8.145650e-06 1
7.455033e-06 1
1.815907e-05 1
1.153457e-05 7683
1.835042e-06 2
1.386459e-05 3
2.183041e-05 3
1.135502e-05 1
8.104283e-07 5
1.260226e-06 1
6.414774e-06 1
3.255706e-05 3
1.780801e-05 5
2.479033e-06 1
2.711601e-05 3
1.323697e-05 3
1.052870e-05 1
1.309357e-05 6
4.128173e-05 4
7.009442e-06 181
5.838980e-06 3
2.002984e-05 1
1.225309e-05 2
9.690467e-06 1
1.369075e-06 1
1.659446e-06 1
1.753913e-05 1
1.478564e-06 6
6.769158e-06 63
1.959831e-05 7
3.026323e-05 2
5.448529e-05 1
1.042468e-05 4
2.842351e-06 2
1.473137e-05 2
2.210455e-05 2
2.416074e-05 1
7.785356e-06 1
2.780952e-06 432788
1.394151e-05 2
9.277752e-06 4
3.998868e-07 54763
3.828513e-06 1
2.051010e-05 1
2.173572e-05 146
3.320243e-06 2
2.579480e-06 1
7.362914e-06 36347
9.096844e-06 1
1.351436e-05 1
3.597883e-05 1700
3.300578e-05 1
4.509489e-06 1
2.763635e-05 7
2.519389e-06 1
3.013320e-06 2
9.304373e-06 1
2.282368e-05 3
6.258814e-06 2
1.137261e-05 1
5.530739e-07 1
1.272324e-05 1
5.415029e-05 1
9.006738e-07 2
1.959021e-06 3
1.186248e-05 1
6.043687e-06 1
7.209713e-06 2
9.974719e-06 1
2.412416e-05 817
3.194608e-06 1
5.802881e-06 186
2.531629e-06 3
1.428072e-05 5
7.581908e-06 1
2.490720e-05 1
3.778398e-05 1
1.366095e-06 1
1.580461e-05 1
1.808857e-06 3
3.928082e-07 2
6.745057e-06 1
3.551435e-06 1
1.215707e-06 1
3.579450e-06 2
4.203954e-07 1
3.142978e-05 1
3.736479e-05 3
3.662354e-07 1
1.865178e-05 1
5.120601e-06 7
2.318022e-05 1
3.385883e-06 5
2.018235e-05 1
2.811690e-06 6
2.670896e-06 1
6.069940e-06 2
3.544174e-06 1942
2.257719e-06 1
4.186856e-06 5
6.408917e-06 1
1.116953e-05 6
2.380894e-05 3
1.419647e-05 1
1.374715e-05 1
1.791945e-06 1
5.782457e-06 1
4.341454e-06 1
1.104967e-05 1
1.390575e-05 1
2.578074e-06 2
1.250406e-05 3
1.276740e-05 1
2.173322e-06 1
5.906013e-06 1
2.362521e-05 1
6.641974e-06 1
1.021934e-05 1
3.423834e-07 1
1.904877e-06 4
1.142996e-07 2
4.522009e-06 1
2.401896e-05 2
1.182946e-05 1
3.489575e-05 7
1.477526e-05 1
1.659799e-05 66
2.352413e-05 1
1.309449e-06 1
1.366307e-05 1
1.240475e-05 2
9.502064e-06 1
4.612315e-06 2
1.971262e-05 7
6.438250e-06 2
1.008359e-05 131
3.289394e-05 1
3.343005e-06 65149
2.017615e-05 1
2.776698e-06 3
1.395669e-05 3
2.272505e-06 211
3.026667e-06 6
2.871103e-05 5
6.041403e-06 1
7.973738e-07 1
1.049221e-05 1
8.015902e-06 1
8.588433e-06 2
1.608668e-05 213
3.106699e-06 1
6.843919e-06 1
4.444161e-06 1
5.163959e-06 1
1.501744e-05 208
6.163336e-06 88
7.812508e-06 1370
1.297070e-06 1
6.719745e-06 2
1.298729e-05 1
3.427184e-06 1
7.669089e-06 1
1.197469e-05 1
1.528268e-06 1
6.044400e-05 1
9.972541e-08 1
1.985663e-05 3
1.011359e-05 170
3.803822e-06 3
1.113184e-05 1
2.210117e-06 1
1.242268e-05 1
5.079722e-07 121
1.023309e-05 2
1.618338e-06 106
5.999820e-07 1
1.990718e-05 7
1.653402e-05 3
5.439789e-06 1
6.027945e-05 1
2.113627e-05 3
5.468612e-06 3
3.475680e-06 1
1.099914e-05 1
4.772589e-07 923
4.525161e-06 48265
6.383402e-06 3
2.688294e-06 1
7.169640e-06 1
3.023043e-06 7
2.264466e-05 1
1.907953e-05 1
1.775966e-06 1
3.047008e-06 1
5.922531e-06 63
5.781086e-06 2
2.106380e-05 1
2.633890e-05 1
3.700399e-05 2
1.100209e-05 1
4.238949e-05 220
9.512148e-07 1
7.243081e-06 213
1.011155e-05 171
2.817309e-06 447
9.235523e-07 167
1.077881e-05 2
2.288550e-06 116
3.200724e-05 2
1.018763e-05 1
6.079498e-06 1
1.593438e-07 1
2.620848e-06 82
3.241248e-06 1
1.750938e-06 1
1.796395e-05 2
1.879321e-06 227
5.407682e-06 1
1.957325e-05 2
5.290676e-06 6
2.583123e-06 1
1.805980e-06 77
1.164481e-05 1
3.748276e-05 1
1.761218e-05 1
9.839289e-06 1
3.187919e-05 1
2.395637e-05 2
1.328360e-05 1
4.888749e-06 137
6.662587e-06 1
1.906142e-06 1
3.345658e-06 229
1.167096e-05 3
2.395557e-05 3
1.985109e-05 602
4.377771e-06 1
9.755503e-06 1
4.510134e-06 1
1.456493e-05 1
1.819523e-05 1
4.402038e-07 3
1.209462e-05 134
2.347919e-06 1
4.577947e-06 52
2.704095e-05 157
7.493966e-06 1
3.210944e-06 1
7.589230e-06 3
5.266852e-06 1
2.372968e-05 3
1.237337e-06 3
5.459621e-07 4
1.280226e-05 1
1.491553e-05 1
7.003767e-07 3
1.314327e-05 1
3.355129e-05 2
4.240084e-06 2
8.757515e-05 3
3.620422e-05 185
3.306625e-05 1
1.046764e-05 1
1.290567e-05 3
1.966033e-06 1
1.178247e-06 2
2.718346e-05 4
2.995415e-05 4
1.227669e-05 1
6.334834e-06 1
5.767896e-06 1
3.714900e-06 1
1.964431e-06 3
1.228109e-05 194
4.603239e-06 1
1.049317e-05 1
2.947557e-05 1
1.718022e-06 1
1.601536e-06 1
8.878615e-06 1
2.443353e-06 103
6.132416e-06 2
1.328326e-05 6
6.201839e-06 1
1.032069e-05 1
1.961614e-05 1
8.530547e-06 63394
8.139122e-06 2
1.410928e-06 55
5.020328e-06 2
2.366279e-05 568
4.592845e-06 7
8.412036e-06 3
9.794073e-07 2
2.783844e-07 1
1.498120e-05 1
4.709494e-06 454
5.682834e-06 860
7.832989e-06 491771
1.970598e-05 1409
2.524035e-05 1
1.885835e-05 1
8.335807e-06 136
3.254437e-06 1
1.747711e-05 4
1.353929e-05 1
3.711887e-06 1
1.422357e-05 1
3.631208e-05 1
1.479615e-05 1
1.222080e-06 4096
1.896067e-05 1
1.111244e-05 1
2.095662e-06 7
7.218944e-06 5
1.804763e-06 1
5.587393e-06 1
3.762343e-06 1
4.831147e-05 5
2.604454e-05 2
5.068639e-06 29510
8.796368e-06 1
2.008137e-05 2
5.214633e-06 1
1.734130e-05 1
4.740517e-06 1
1.131189e-06 2
2.326779e-05 3
2.445847e-07 5
1.026801e-05 1
2.826296e-06 1
7.976096e-08 1
1.592740e-05 3
9.054861e-06 1
3.808401e-06 2
7.582161e-05 3
1.822488e-05 1
7.454551e-06 4
3.328747e-06 3
7.391806e-06 2
2.490929e-05 1
1.179238e-05 1
4.945525e-07 217
8.213920e-06 1
1.208810e-05 1
3.535502e-06 3
5.799893e-06 1
2.399968e-05 1
1.937614e-06 648
1.915291e-05 5
3.716705e-06 42472
2.280056e-06 23961
3.257771e-05 1
2.087298e-05 1
2.479518e-06 179
2.295874e-05 3
1.535232e-05 1
5.492433e-06 3
3.419698e-06 1
1.127651e-05 3
1.734478e-05 1
1.168440e-05 1876
1.863146e-06 99
1.120791e-06 1
3.324427e-05 75
6.105336e-06 1
2.721075e-06 4
3.949745e-05 3
1.513737e-06 4
2.568787e-06 1
9.347997e-06 2
6.153176e-06 1
7.492320e-06 6
3.309972e-06 1
5.540006e-06 1
1.205592e-05 3
2.351806e-05 692
3.099031e-05 3
2.439979e-06 1
2.628750e-05 1
3.640089e-06 3
8.751404e-06 1
2.779284e-05 3
2.100098e-05 65
1.406390e-05 17961
5.685231e-06 1
9.900467e-06 257
3.502511e-05 1
1.131435e-06 7
6.703819e-06 1
9.049336e-06 1
3.567750e-06 2
2.368327e-06 265
2.033329e-05 2
2.535114e-06 114
6.485490e-06 7
3.740936e-06 1
6.720499e-06 1
8.739254e-06 1
4.656311e-07 3
1.653224e-06 1
5.927204e-05 2
2.789304e-05 1
4.059677e-07 4
2.277403e-05 6
4.732803e-06 2
2.097988e-05 1
1.929215e-05 1278
1.068727e-05 289775
4.135761e-06 147409
2.437218e-05 1
3.211739e-05 106
2.414151e-07 2
1.447128e-06 3
4.293375e-06 1
1.789478e-05 21
3.316079e-06 7
1.165638e-05 1
2.634790e-06 53741
2.636207e-06 1
1.095039e-05 3
2.284394e-06 1
1.631240e-05 1
1.271449e-06 375893
4.254475e-05 7
3.785555e-06 4
1.206624e-05 1
7.931651e-06 6
1.209158e-05 7
3.351333e-05 610
1.878726e-06 1
3.141398e-05 1
5.100800e-07 3
1.042435e-05 3
1.133540e-05 1
4.454005e-06 4
2.196769e-05 1
4.897477e-06 3
1.671980e-05 1
2.255582e-05 3
1.912734e-05 2570
3.882019e-05 4
1.039386e-05 1
7.427718e-06 1
9.037025e-06 3
1.624498e-05 1
1.744876e-06 3
8.412294e-06 1
2.812838e-05 1
7.154109e-06 1
7.638028e-06 1
5.548335e-06 1
9.435102e-07 1
1.776269e-05 4
7.520894e-06 56
2.915092e-05 1
1.084519e-05 79
2.988791e-06 3
1.497283e-05 54924
2.073006e-05 1505
8.115524e-06 1
2.900064e-07 1
4.964031e-06 1
3.890402e-06 1
8.602405e-08 1
2.499447e-06 1
6.530660e-06 3
9.280606e-06 1
1.713993e-06 68
9.850799e-07 1
2.542973e-05 1
1.303807e-05 1
2.249766e-05 228
3.759438e-06 923
2.248369e-05 7
9.158490e-06 1
5.092813e-06 1
8.437340e-06 1
1.112551e-05 1
1.820099e-05 1
4.558352e-05 187
4.543100e-06 3
1.467674e-05 1
5.914983e-06 200
1.389728e-05 222
2.288692e-05 1
2.643216e-05 1
5.143231e-06 1
2.510106e-05 2
6.148952e-06 947
2.071344e-06 1
4.541389e-05 5
9.594126e-06 183
4.612568e-06 7
5.081058e-06 214
1.400459e-06 1
1.738349e-05 1
2.598100e-05 6
1.607095e-05 1
1.719387e-06 2
7.754523e-06 3
1.174701e-05 1
4.035779e-06 3
2.060770e-05 1
3.178378e-05 3
1.439155e-05 1
1.304133e-06 1
2.918772e-05 2
1.606814e-05 171
2.427851e-05 3
5.352097e-06 1
1.172199e-05 1
1.145579e-06 3
2.446602e-05 1
4.664300e-07 6
1.835915e-05 577
1.200821e-05 59
1.485696e-06 4
1.622676e-05 5
1.399397e-05 1
1.797413e-06 55468
4.114411e-06 1188
1.429391e-05 1
1.067384e-05 1
1.021757e-05 15776
1.413615e-06 188
5.234444e-07 1
8.285503e-06 1
4.710553e-06 3
4.925069e-06 3
3.477562e-06 1
8.409671e-06 1
1.292198e-05 184
1.336943e-05 1
1.018722e-05 19363
1.774096e-05 2
5.647232e-06 1
2.006875e-06 3
8.935668e-08 173
1.461992e-05 3
3.057467e-06 6
2.565988e-05 1
5.300688e-06 3
1.903936e-05 2
6.516095e-06 2
3.165044e-06 23
1.205497e-06 1
2.598432e-05 1
1.218254e-05 1
2.435297e-06 7
1.157307e-06 1
2.346646e-05 166
2.828589e-05 1
6.411014e-06 1
6.708048e-06 3
4.864619e-06 4
8.383547e-06 1
2.229368e-05 62
4.613271e-06 5
7.517734e-06 1
1.467242e-05 1
5.733749e-06 1
5.164156e-06 1
2.521454e-05 1
2.302526e-05 194
5.528526e-06 1
7.946046e-06 5
1.655655e-05 1
6.738271e-05 1
7.393817e-06 1
7.277769e-06 1
7.638539e-06 1
1.180567e-06 238
6.046833e-06 6
6.784300e-06 2
4.335982e-06 217
1.421309e-05 2
1.080189e-05 1
3.833029e-05 2
1.381706e-05 1
7.377057e-06 1
2.723193e-06 1
2.872816e-05 1
4.765201e-06 264
2.185169e-05 1
1.804184e-05 1
8.040809e-06 248
8.624410e-06 1
3.148489e-08 65
2.257307e-06 1458
1.347806e-06 2
2.588924e-07 388
1.803623e-06 53961
3.136615e-05 1
1.380510e-06 19540
1.613267e-05 3
8.350556e-06 3
1.861255e-05 3
1.524714e-05 5
2.046350e-05 1
1.392638e-05 1
1.858317e-05 1
7.978531e-06 1
4.913368e-06 1
9.162532e-06 2
5.465508e-06 3
3.278788e-06 1
2.998144e-06 216
7.832383e-06 161
7.335249e-06 56
1.263582e-06 1
7.995500e-07 58366
1.817805e-05 2
3.375579e-05 3
7.368885e-06 2
2.270228e-05 2055
3.870634e-05 5
1.058926e-05 3
1.697003e-05 49657
1.397392e-05 1
2.155027e-05 21126
1.181370e-05 1
7.637283e-06 1
1.025030e-07 2
7.952497e-06 3
1.050259e-05 10327
3.020446e-07 5
3.195828e-06 1
7.324604e-07 2
6.569269e-06 1
2.413365e-05 4
8.516059e-06 7
3.661016e-05 1
1.085402e-05 1
6.177233e-06 839
2.657680e-05 89
1.709830e-05 2
1.538773e-05 1
4.249471e-05 4
5.917853e-06 1
9.035840e-06 1
4.404846e-07 1
9.232093e-06 5
1.800281e-05 1
1.919370e-06 1
2.616767e-05 4
2.637571e-05 3
2.301840e-05 1
5.273671e-05 1
2.976738e-06 911
2.017442e-06 1
1.829109e-05 2
4.708810e-06 1
5.027141e-06 1
1.645441e-05 1
9.684157e-06 3
3.303171e-06 3
1.064201e-05 3
3.585956e-06 1
1.242656e-05 1
6.750574e-06 1
1.688296e-05 1
1.889856e-06 5
1.788135e-06 3
5.867466e-06 1
1.872820e-05 3
6.435667e-06 15078
1.114780e-05 1
2.883176e-05 28999
2.951447e-06 232
1.444515e-05 1
2.879888e-05 83
1.138152e-05 1
2.181573e-05 5
1.010839e-05 171
7.873533e-06 6
4.105891e-06 4
2.243881e-05 1668
5.864119e-06 5
1.237417e-05 2
1.747428e-05 1177
5.439832e-07 16
1.294937e-05 1
2.152250e-05 72
4.126734e-06 1
1.044028e-05 1
1.935821e-05 4
2.087219e-05 1
2.487981e-05 3
6.731890e-06 28
5.263512e-06 1
1.699820e-06 1
7.694579e-06 194
5.131561e-06 1
4.742319e-05 1
2.766404e-06 1
4.424976e-07 3
2.999258e-06 1
3.324864e-06 1
6.570564e-06 1
3.459219e-06 2
2.960028e-05 1
2.782695e-07 223
3.314336e-05 1
2.471323e-05 1
1.646776e-05 4
1.090897e-05 1
5.239762e-06 6
2.235403e-06 940
5.061605e-07 1
1.822683e-05 257
9.628153e-06 3
3.102799e-05 1
2.018981e-07 1
3.786183e-06 1
9.021750e-08 2
1.101607e-05 1
1.736389e-06 5
3.482281e-06 2
7.299003e-06 1
8.045524e-07 1457
8.589741e-06 3
1.947739e-05 1
1.676907e-05 1
3.591386e-05 1
6.654333e-06 1596
3.890386e-05 1
2.012893e-05 912
1.494901e-05 37
1.132724e-05 1
2.354891e-05 1
5.469475e-07 1
7.151740e-06 1
1.833518e-05 397105
6.811529e-05 64656
7.739679e-08 3
1.779981e-06 5
6.496880e-06 1
3.739789e-05 5
2.806254e-06 2
4.886813e-06 182
2.731281e-06 1
9.474962e-06 1314
3.869430e-06 1
1.920989e-05 3
7.039555e-06 3
4.230638e-06 5
1.413729e-05 1
1.683762e-05 1
2.499117e-05 7
5.493954e-06 8419
6.750525e-06 1
2.660235e-05 177
8.631197e-06 3
1.178601e-05 1
1.394007e-05 1
1.464708e-05 1
2.495292e-05 2065
7.388047e-07 1
2.009833e-05 313
4.217518e-06 1
1.019963e-05 564
6.852121e-06 1
9.886565e-06 125
2.514474e-05 1
2.796737e-05 2
2.228864e-05 108
4.309793e-06 2
1.589192e-05 1
1.409387e-05 3
1.070869e-05 1
9.926459e-06 1
3.318048e-05 1
1.494509e-05 1
1.465646e-06 623870
9.715753e-06 5
4.546950e-06 1
2.540492e-05 1
6.923092e-06 6
1.464228e-05 6
1.490143e-05 7
1.532903e-05 1
6.100076e-06 1
1.358598e-05 3
2.023448e-05 3
1.891676e-05 3
2.001751e-05 3
1.897788e-06 1
7.938887e-06 1
1.332724e-05 4
7.971201e-06 1
1.211696e-06 7
3.446357e-05 1
1.442280e-05 2
1.807936e-05 1
1.281200e-05 2
4.264130e-06 1
2.568350e-06 1
5.573693e-06 1
5.006415e-06 7
6.094946e-07 3
2.205515e-05 1
2.375844e-06 1
1.356929e-05 2
3.932255e-06 1
3.500190e-06 7
4.531260e-06 47090
2.357231e-06 2
3.051516e-05 47030
1.888537e-06 4
1.202963e-05 1
3.595530e-07 1
3.267489e-06 1
1.196834e-05 1
1.761219e-05 1
6.451581e-06 1
2.213539e-06 7
3.247024e-06 2
6.955733e-06 1
5.640246e-06 1
2.974102e-05 3
1.720968e-05 3
1.409969e-07 15216
1.783928e-05 2
4.373670e-06 3
5.048087e-05 6
1.003774e-05 1
6.386023e-06 4
7.851522e-06 1
2.679653e-05 2
1.141120e-06 1
5.531030e-07 1
5.944115e-06 147
5.636355e-07 1023
6.658913e-06 3
1.715422e-05 3
1.967796e-05 1
4.693388e-06 1
3.101344e-07 1
6.989321e-06 1
8.896804e-06 3
5.213998e-06 1
4.203948e-05 4
2.809935e-05 1
1.171289e-06 1
3.073748e-05 42465
1.782818e-05 1
4.710654e-06 1
2.115279e-05 3
1.292959e-06 1107
1.291673e-06 2
9.812679e-07 1
5.489807e-06 1
2.846226e-06 5
6.907484e-06 3
2.645303e-05 3
3.103024e-05 3
3.107953e-07 3
1.083188e-05 1
3.597445e-05 4
5.424691e-06 1
1.052449e-05 1
1.824229e-06 3
1.843660e-06 107
1.689346e-06 1
1.455731e-05 1
3.974455e-05 1
1.243183e-06 1
2.817178e-05 2
2.041342e-06 1
1.952480e-07 1
1.158621e-05 1
1.113318e-05 1
9.702148e-06 1
1.285558e-05 1
1.614837e-05 4
7.010265e-06 7
2.424089e-05 5
2.211600e-05 1343
6.531981e-06 1
4.716894e-06 1
2.032857e-05 3
1.079165e-05 1
2.117548e-05 1
6.326293e-06 1
3.412668e-05 1
2.706837e-05 156
5.114195e-06 1
9.122109e-06 1
4.724362e-06 3
3.302873e-05 55713
2.386042e-06 34
1.815585e-05 1
2.987361e-06 220
9.543386e-06 1
2.188923e-05 1
1.161250e-05 1
8.443471e-06 1
1.462292e-05 2
2.725481e-05 1
2.685958e-06 148
3.366794e-05 4
2.361145e-05 1
1.801905e-06 3
1.231261e-05 3
1.369720e-06 1
9.641162e-07 194
1.379713e-05 1
2.263484e-05 1
2.091580e-06 3
4.796417e-07 1
1.331078e-06 1
1.217277e-06 1
6.299440e-06 1
1.726494e-05 1
1.041919e-05 1
8.211841e-06 164
7.003185e-06 3
8.418908e-07 1
6.196872e-05 4
1.394713e-05 7
2.239482e-06 2
2.091166e-05 50524
2.045425e-05 1
5.439211e-06 2
9.237822e-06 31
6.267668e-06 1
6.856045e-06 1
1.205833e-05 1
1.719055e-06 1
8.009448e-07 5
1.289787e-05 1
9.109434e-07 127
2.105221e-05 5
6.915364e-06 1
1.602627e-05 1
1.063720e-05 2
1.025512e-05 1
1.025115e-06 1
7.967231e-08 1
1.176588e-05 1
2.969139e-05 2
1.189708e-06 1
7.063861e-06 1
1.038819e-05 1
1.480317e-05 2
2.012065e-05 1
6.337209e-06 1
1.608567e-05 1
6.814035e-08 48
2.969125e-06 1
4.009070e-06 1
9.664199e-06 27115
2.981324e-06 1
1.190023e-05 1
8.767971e-06 1
2.851454e-05 36722
1.496648e-05 1
2.332518e-06 3
1.964375e-05 1
3.695851e-05 1
6.582470e-06 3
1.230860e-06 2102
1.503054e-05 1
1.704717e-05 1
3.242602e-05 1
1.212098e-05 1
1.272823e-07 1
5.651903e-06 1
1.083918e-05 1
6.489065e-06 2
5.365930e-06 1
9.138289e-06 2
1.396413e-07 195
4.276619e-06 1
1.076689e-05 93
3.287049e-06 1
2.810811e-05 1
1.419857e-05 1
2.781295e-05 1
1.438354e-05 2
8.436059e-06 1
4.269010e-06 3
2.448404e-05 1
8.937504e-07 1
4.351546e-06 1
1.806177e-06 1
3.526240e-06 1
9.508907e-07 1
8.446591e-06 3
5.918119e-06 1
3.948541e-06 1948
6.157940e-06 1
3.695656e-06 1
1.995990e-05 6
1.043297e-05 1
6.526020e-07 1111
3.794883e-06 1
8.349074e-06 1
2.217740e-06 2
1.173385e-05 4
7.095025e-07 1
7.011957e-06 226
2.492967e-05 1
1.981638e-06 2
1.598608e-05 1
8.922767e-06 1
4.996779e-05 300686
1.792622e-05 6
8.134577e-06 1
1.167848e-05 2
1.675720e-06 1
3.294317e-05 3
6.414826e-06 1846
1.475022e-05 1
7.196118e-06 1
1.395409e-05 780
1.358636e-06 3
1.761796e-05 6
8.866367e-06 4
8.727570e-06 1
1.801023e-05 2
5.014444e-06 1
5.418577e-06 1
1.372417e-05 47282
4.760894e-07 1
2.603932e-06 1
1.224241e-05 581
1.725008e-06 1
2.217016e-05 1
8.808674e-06 1
2.185354e-06 1
3.532861e-05 1
8.055116e-06 18361
2.765929e-06 1
1.562101e-08 1
1.552889e-05 4
5.464105e-06 13
1.214642e-05 799
1.299090e-06 1071
3.798869e-05 2
3.639295e-06 1
2.344505e-06 1
1.914150e-05 5
5.988781e-08 2
1.235161e-05 1
8.801603e-06 1
4.552831e-06 1
1.458507e-05 1
1.251900e-05 246
9.267103e-06 457699
4.760401e-06 2
1.987094e-07 657676
1.635091e-05 7
5.049991e-06 5
2.994800e-05 1
7.862637e-06 1
6.011937e-06 2
1.858546e-06 1
2.420912e-06 1
2.486920e-05 1
2.312554e-05 1
3.855459e-05 1
1.976427e-05 1
1.277349e-06 2
2.415679e-06 1
5.550346e-06 1
1.517083e-05 1
2.915526e-06 1
5.000766e-06 1
2.953912e-05 56
1.847932e-06 1
7.040175e-07 1
1.827308e-05 1
8.668755e-08 3
1.715534e-05 1
2.704323e-06 1
2.959081e-05 2
2.993930e-06 1
5.412561e-06 1
7.368898e-06 6
4.513507e-06 2
2.653694e-06 1284
3.287092e-08 1
1.512103e-06 1
2.767154e-05 1
3.979013e-06 3
7.934741e-06 1
9.253438e-06 1
1.317754e-05 1
1.869538e-05 1
5.552088e-06 1
8.612886e-06 1
2.869811e-06 28903
2.072117e-05 1
4.330809e-06 1
1.765161e-05 1
6.618927e-07 1
2.744815e-06 28942
3.187070e-07 1
2.256645e-05 2
1.496130e-05 3
6.018803e-06 1
1.395800e-05 1
2.878481e-05 57950
1.617244e-05 1
1.656503e-06 225
2.829965e-06 1
6.041044e-06 1
4.083599e-06 3
1.562851e-05 4
3.735152e-05 1
2.981919e-07 258
3.433761e-06 1
2.610981e-06 1
3.718354e-06 1
1.198204e-05 152
8.038535e-06 1
4.088553e-06 1
7.463499e-06 1
1.058421e-06 1
3.981725e-06 17
2.770433e-05 1
1.183013e-05 1
2.208000e-06 1
2.338910e-05 216
5.629485e-05 2017
4.588023e-06 1
9.367995e-06 1
6.175708e-06 1480
5.023491e-06 4
4.279577e-06 1
8.734888e-06 228
5.238975e-06 3
2.926783e-06 1
9.703577e-08 3
3.968213e-05 168
7.907434e-06 39507
1.273824e-05 1
1.910595e-05 3741
4.080484e-06 2
4.223358e-06 1
3.600233e-06 1
8.594949e-06 213
2.156031e-06 3
3.510457e-06 39
6.330515e-06 3
2.667997e-06 7
7.621012e-06 740
9.271216e-07 1
1.444225e-05 478
2.145233e-05 2
2.927418e-06 1
8.083342e-07 2
1.119760e-05 1
1.267391e-06 68
4.356293e-05 1
9.967628e-06 2
2.535247e-05 1
9.959323e-06 6
8.068158e-06 1
3.618357e-06 1
3.855824e-05 1
3.960039e-07 1
1.989470e-05 17285
3.805541e-06 1
1.557806e-05 1
1.523556e-05 1
1.285303e-05 6
6.583474e-07 1
2.945067e-06 1
2.534097e-06 4
1.905295e-05 2
1.861498e-06 3
1.545812e-05 3
7.154177e-07 4
1.503414e-05 2
7.942612e-06 1
1.974524e-06 1
4.468386e-06 1
8.431847e-07 1
3.649563e-06 1
3.714608e-05 1
4.130900e-07 1
8.264240e-06 1806
5.068567e-06 7
7.948233e-06 1
1.845139e-05 1
1.448053e-06 2
5.424929e-06 426333
1.626854e-05 1
3.783059e-08 1
6.390834e-06 1936
1.693491e-05 1
9.233674e-06 2
6.198015e-06 1
1.603711e-05 3
1.911701e-05 3
1.891629e-06 1
1.320522e-05 1
3.104656e-06 2
7.139502e-06 3
7.731844e-05 4
8.537428e-07 1
4.547322e-05 1
1.013184e-05 1
3.260634e-06 214
1.906712e-05 1
7.195347e-06 1
4.731248e-05 172
1.515037e-06 468
2.993475e-06 1
1.757353e-06 3
1.359079e-05 1
3.235411e-06 2
1.338234e-05 71
2.739278e-05 1
2.608227e-06 5
1.855194e-06 1
1.441735e-05 3
1.624953e-05 1
5.869547e-06 1
6.069142e-06 1
1.468918e-05 1
1.020795e-05 1
1.121314e-06 7
3.017794e-05 1
4.186290e-05 1
3.274771e-06 5
5.480782e-05 1
1.230251e-05 4
6.608218e-06 15
1.682945e-05 3
3.653530e-06 3
3.097058e-07 2
3.463847e-06 3
7.632446e-06 1
3.046671e-05 113
3.039247e-06 1868
1.646174e-05 1
1.126268e-05 1
5.057141e-06 1
2.442874e-07 1749
7.522805e-08 3
3.239040e-06 1
1.291356e-05 372
1.123073e-05 5
1.130636e-05 1
7.140051e-06 2
1.252253e-05 2
1.951735e-05 1
1.934864e-05 1
9.284202e-07 1
5.078564e-06 1
9.572586e-06 98
1.264134e-05 7
3.117990e-06 1
2.128515e-06 1
3.572390e-06 6
1.493919e-06 1
8.171429e-06 1
5.207592e-06 1
3.904955e-05 60394
3.118592e-05 1
8.731001e-06 1617
3.002298e-05 83
7.170629e-06 1
1.620301e-05 3
7.577210e-06 59947
1.897763e-06 1
1.764750e-06 3
3.146765e-05 1
5.136751e-05 2
1.271120e-05 1
3.091771e-05 4
1.401289e-05 251
1.074211e-05 1
5.813270e-06 5
3.165977e-05 52208
1.472922e-06 5
1.585632e-06 2
6.560250e-06 1
1.592274e-05 7
9.264220e-06 1
4.087797e-06 4
1.554583e-07 2
1.502803e-05 3
1.022583e-05 1
1.180464e-05 2
2.323753e-06 1
1.786788e-05 2
1.203735e-06 1
4.322778e-07 568
3.064677e-05 2
3.371296e-05 1
8.720374e-07 1
9.027811e-06 1
3.889552e-07 6
2.333296e-06 1
9.106225e-06 1
1.151634e-05 230
6.120491e-06 1
8.174390e-06 1
3.241120e-05 53
1.604275e-05 3
3.369585e-06 1
1.531997e-05 1
4.831480e-06 1
9.813610e-06 1
1.444000e-08 2
4.792569e-07 1
1.533532e-05 1
1.183445e-05 7
1.545606e-06 1
1.266500e-05 60864
1.913697e-05 1
6.066616e-06 3
5.718282e-06 1
4.923598e-05 113
1.496294e-06 1
4.144612e-06 1
6.281677e-06 145
5.299995e-06 1
4.146439e-06 6
1.328464e-05 1
3.550563e-05 199
1.928850e-06 1
3.419844e-05 1
1.460375e-06 1413
2.818069e-05 45057
1.492703e-05 856
7.993797e-06 1
1.660289e-06 5
2.756739e-05 2
6.474489e-06 1
1.380396e-05 3
4.408050e-06 1
2.265784e-05 1
6.191148e-05 516
2.084745e-06 1
1.117756e-06 6
6.001672e-06 1
3.812916e-06 1
3.132561e-06 3
9.398868e-06 1
2.223729e-06 3
1.124593e-05 1670
1.841196e-05 3
9.921745e-06 1
1.443161e-06 1
3.744725e-06 7
5.678039e-06 42
7.555193e-06 1
2.644463e-06 1
1.658243e-06 3
8.384225e-06 3
2.908343e-05 2
1.594411e-05 3
6.513248e-06 2
8.276882e-06 4
9.968671e-06 7
1.126872e-05 1
3.914342e-06 2
1.962201e-05 3
1.766209e-06 1
6.158276e-06 5
1.633038e-06 145
1.732898e-05 1389
6.325121e-06 1
1.893111e-05 1
8.641770e-06 2
4.869031e-06 2
5.710218e-06 1
1.558845e-05 1
2.151778e-06 1
7.968679e-06 1
1.809696e-05 135
1.756736e-06 1
2.341868e-05 778
6.074691e-07 5
4.860122e-06 6
2.174014e-05 2
1.553849e-05 1
2.646952e-06 1
1.540923e-05 1
4.725227e-05 1
4.317486e-06 1
5.829530e-06 1
9.942145e-06 1267
2.156964e-05 1
1.991657e-05 1159
1.737933e-05 28
8.446734e-06 1
3.023166e-06 509788
1.067464e-05 1
1.780080e-06 3
1.151173e-06 50105
2.881695e-05 1
1.023895e-05 2
6.179106e-06 1
9.680700e-06 1
2.922270e-05 1241
6.898064e-06 1
3.517234e-05 1
5.372892e-05 1
7.784785e-07 2
4.863362e-05 4
5.090762e-06 1
7.912056e-06 2
2.215831e-05 72
3.912965e-05 1
1.343670e-06 2
1.249288e-05 6
9.259307e-08 1
4.675482e-06 1
1.724178e-06 1
8.665591e-06 1
1.292333e-06 1
6.746180e-06 6
8.286900e-06 5
2.478191e-05 4
2.444673e-05 4
1.525151e-05 1
1.008433e-05 86
2.405224e-05 42
1.283642e-05 6
8.263985e-06 1807
8.680468e-06 1
2.622141e-06 7
1.920906e-05 7
5.750569e-07 318
1.568969e-05 1
2.531591e-06 1
2.838987e-05 3
3.581189e-06 1
4.373180e-06 1
4.762265e-06 1
6.798248e-06 1
2.571113e-05 1
1.928211e-05 1
1.938484e-06 2
4.718833e-05 6
6.492811e-06 1556
1.257797e-06 117
6.089005e-06 2
2.652718e-06 1
6.137818e-06 7
2.026849e-07 122
3.968762e-06 3
1.283117e-05 6
1.207821e-05 1
1.302150e-05 1
1.227277e-05 1
3.616261e-05 1
2.263027e-05 1
4.425284e-06 144
4.678119e-06 3
2.501074e-05 2
5.103430e-06 1
1.819184e-05 3
1.904163e-05 1
2.755958e-06 1
1.226363e-05 17
1.617246e-05 48738
9.004100e-06 2
1.375678e-06 20766
1.661918e-05 1
6.338242e-06 1
7.824372e-06 1
2.022432e-06 5
5.353315e-05 1
3.177472e-05 1
5.480071e-06 1
2.703269e-05 1
7.122798e-06 1
1.810545e-05 7
1.579399e-06 1
2.528494e-07 1
1.081379e-06 7
1.189457e-05 1
1.121241e-05 193
1.579112e-05 1
1.221881e-05 1
4.030428e-06 3
2.329876e-05 2
6.426544e-06 1
1.423549e-05 5
9.454933e-06 1
1.751220e-06 1043
1.566343e-05 39
6.218102e-06 1
3.904326e-05 2
4.033303e-07 2
2.247632e-06 1
9.212574e-07 5
3.553248e-05 3
8.977654e-07 1
3.339646e-06 1
3.577855e-06 1
4.765157e-06 1
1.040295e-05 1
2.401744e-06 3
5.524191e-06 3
2.585369e-06 1
8.874887e-06 6
7.695837e-06 104
2.998421e-05 1
1.489517e-05 4
7.029449e-06 31768
6.565694e-05 1
1.960403e-06 1
1.867813e-05 3
5.067099e-06 39
1.259426e-05 2
6.158837e-06 60868
1.115340e-05 1
7.483103e-07 1
1.731173e-05 3
9.917461e-06 1
1.240001e-05 3
1.381661e-05 1
1.664706e-05 106
6.770109e-06 1
3.027038e-07 1
8.601702e-06 7
5.071609e-05 1
9.865872e-06 263
1.146894e-05 1
2.523847e-06 1
4.471575e-06 1
1.112678e-05 1
6.214613e-06 1
5.165250e-06 10
1.057347e-05 129
1.126135e-05 2
1.159062e-05 57429
5.175776e-06 1
1.310037e-07 1
6.284048e-06 1
8.068606e-07 1
1.146439e-05 1
1.700011e-05 1
1.521623e-06 1
4.224337e-06 1
5.188567e-06 182
9.174387e-06 89
1.383941e-05 1
7.902630e-06 1
3.717549e-05 1
8.909628e-08 3
1.721256e-05 1
6.084336e-06 1
1.943356e-05 1
5.679763e-06 131
4.412710e-07 1
1.530000e-05 4
1.727851e-06 1
4.346546e-06 1
1.221726e-06 1
4.231706e-06 1292
2.639316e-07 1
4.862258e-07 1
9.352468e-07 251
6.515524e-06 1
2.316022e-05 1
8.772856e-06 2
5.977813e-06 3
2.387638e-06 2
4.643826e-06 1
1.447334e-05 1
4.979254e-06 3
2.132577e-05 1
1.460993e-05 126
4.632717e-06 170
3.849327e-05 142
3.042571e-05 1
1.035295e-05 2
2.131696e-05 1
8.676466e-06 3
2.779556e-06 1
3.611073e-07 1
9.601468e-08 1
8.843376e-06 446264
3.820627e-05 2
1.935229e-06 1
1.830617e-05 6
5.991508e-07 56257
8.394096e-06 1
1.030542e-06 1
1.726730e-06 242
2.635084e-05 1
1.567586e-05 1
5.778412e-06 1
1.773618e-05 1
1.051463e-05 1
6.221909e-06 251
1.066216e-05 4
1.972561e-05 1385
2.303725e-05 1
1.506578e-05 1
1.230051e-05 1
2.395260e-06 2
6.579933e-06 1
1.293453e-05 1
5.521668e-06 3
7.106913e-08 47
3.658178e-06 4
2.101984e-06 231
2.472950e-06 3
5.952308e-06 1
9.570250e-06 5
3.234143e-06 1
4.494194e-07 12
2.298036e-06 1
1.788393e-05 1
5.236146e-06 1
1.526434e-05 6
2.873238e-05 2
1.711709e-08 1
1.928146e-05 1
2.890953e-06 1977
5.918263e-06 109
1.057526e-06 580
3.664627e-05 3
3.422519e-06 7
8.087760e-07 1
1.338748e-06 1
2.386093e-06 1
1.181970e-05 1
2.013044e-06 3
4.230168e-06 1
5.930692e-06 1
2.296848e-05 1
2.245286e-05 1
2.120133e-05 1
1.266236e-05 1550
8.394233e-09 2
1.645287e-06 1
2.661552e-06 1
1.933425e-05 7
1.667338e-05 6
1.076391e-05 2
3.249014e-05 185
1.141629e-05 3
1.543974e-05 1
5.442883e-06 153
2.259358e-05 1
1.114955e-06 221
1.520875e-05 6
1.406544e-06 1
6.328213e-06 1
3.598484e-06 2
1.030959e-05 1
5.079907e-06 1
7.358435e-07 19641
4.050692e-06 5
2.816005e-06 57
2.662219e-06 4
1.134315e-05 796
1.877127e-05 1
1.415214e-05 1
8.701178e-06 2
3.938653e-06 7
1.785390e-05 249
2.075241e-05 1
1.620316e-05 1
2.575130e-05 1
3.742097e-06 37232
8.445179e-07 1
2.099457e-05 7
3.489151e-06 7
6.320437e-06 1
2.370200e-05 1
3.535241e-05 6
4.087925e-06 1
4.908545e-06 1
1.673454e-05 4
8.936102e-07 6
1.337079e-05 3
5.993586e-06 1
1.236006e-05 1
6.244103e-06 7
4.350041e-06 168
5.384057e-08 1
3.485637e-06 1
1.253238e-05 1
1.240261e-05 2
8.341526e-06 2
3.029729e-06 1
1.073437e-05 3
3.064086e-06 3
2.436617e-05 7
5.221219e-06 1
1.746797e-05 1
6.531103e-06 5
6.401565e-07 7
4.957386e-06 1
1.143601e-06 254
4.454369e-06 299
5.704773e-06 169
8.428615e-06 1
4.348877e-06 1
3.499630e-06 177
5.425739e-06 1
2.769789e-05 2
8.101496e-06 2
2.354573e-05 5
3.899350e-06 5
1.053419e-05 1
1.441752e-05 3
4.615417e-06 862
1.344362e-05 270320
2.466793e-06 1
2.422180e-06 1
9.847794e-06 267
5.266198e-06 2
3.717582e-06 1
2.592349e-05 6
2.036064e-06 256
1.043089e-05 2
4.696332e-05 1492
1.197833e-05 552
1.035500e-05 2
2.620446e-05 62
5.430828e-06 1873
9.238497e-06 2
1.207440e-05 1
1.326380e-06 89
3.852471e-06 1
3.481880e-06 1
2.610531e-06 1
1.203813e-06 356
2.971622e-06 1
1.842833e-06 1
1.027448e-05 3
2.682457e-07 1
1.876082e-05 682
3.327503e-06 2
1.755801e-06 1
9.751645e-06 1
1.096340e-05 13
1.888070e-05 1
3.830953e-05 2
9.742946e-06 17395
1.974415e-06 146
6.048265e-08 65681
3.048105e-05 2
1.194968e-06 1
2.294477e-05 2
1.906771e-05 1
1.319954e-06 951
2.241889e-06 3
1.215911e-05 2039
3.002731e-05 57377
2.878869e-05 1
2.526709e-05 1195
5.199351e-07 26
1.194559e-05 2
8.892393e-06 1760
1.843436e-05 193
2.316503e-06 60
1.826332e-06 1
6.542245e-06 1
2.157820e-05 1
5.174689e-06 97
2.219063e-06 393
2.706418e-05 1
8.669520e-06 1
9.697218e-06 1
3.468919e-05 1
7.512674e-06 2
1.373734e-05 1
2.102621e-05 1
3.427339e-06 1
4.991899e-06 3
2.586221e-06 36927
1.663627e-05 2
4.707613e-06 1
1.040221e-06 1
3.537483e-07 1694
1.069835e-06 1
3.301282e-06 6
3.722912e-06 5
2.035410e-05 49701
4.551007e-06 1
8.339917e-06 4
2.339674e-05 3
2.479758e-05 1
5.131554e-06 1
2.676321e-05 55482
8.208537e-06 3
1.189307e-05 1
5.658085e-05 1
1.473863e-05 1
1.520057e-05 9353
2.480298e-05 3
2.983303e-05 3
8.744170e-06 5
1.186248e-05 1
2.029539e-05 1
1.433325e-05 1
1.361240e-05 1458
1.572451e-05 1
2.205446e-05 1
2.483602e-05 1
5.413745e-06 2
2.084035e-06 14437
6.060865e-06 650
3.085668e-05 3
3.858425e-06 1096
5.031560e-06 1
4.728959e-07 47
3.370734e-06 2
2.022799e-06 172
1.613291e-06 1
1.149789e-05 9
1.154458e-06 1
8.446916e-06 2
2.486763e-06 4
1.218754e-05 74
2.892689e-05 1
4.109954e-06 1
6.864688e-06 1
2.421790e-06 1
5.133985e-06 556
2.679889e-06 240
2.048132e-05 3
4.694231e-06 3
1.407278e-05 6
1.991001e-06 229
5.860776e-06 1
2.892732e-06 1968
1.730896e-05 55335
1.249594e-05 1
3.490493e-06 1
2.602432e-05 1
2.443999e-05 3
6.551100e-06 6
9.119010e-06 40650
3.784946e-06 1438
4.297343e-06 363
1.921996e-05 2
1.086752e-06 233
1.012251e-06 84
2.923079e-06 4
9.946651e-06 4
2.560694e-06 1
2.042587e-05 1
2.871092e-05 1
3.077431e-07 3
9.229932e-06 1
1.466627e-05 1
3.141410e-05 7
3.926862e-06 4
1.911832e-06 1
5.649093e-06 994
4.493114e-07 1
1.121728e-05 170912
4.620488e-06 2
9.042544e-07 1
1.503206e-05 1
6.021397e-06 81
5.141184e-06 1
2.808472e-06 3
1.700395e-05 1
1.250303e-05 1
1.390357e-05 1
2.942120e-06 1
2.523908e-06 73
5.281303e-06 1
5.714649e-05 1
6.231328e-06 1
1.150595e-06 3
4.824701e-06 1
9.325715e-09 1
6.813951e-06 9888
1.092414e-05 1
8.233610e-06 2
6.538516e-05 1
1.264048e-05 1
2.782064e-06 2
9.746289e-06 2
1.189377e-05 1
3.700577e-06 1
3.770409e-06 221
1.156068e-06 1
1.356535e-06 2
3.960409e-05 1
1.846026e-05 1
4.406744e-05 1
6.945580e-06 3
1.947001e-05 1694
2.303275e-05 2
1.168534e-05 4
1.661029e-05 1
8.748889e-06 3
7.889022e-07 2
1.175394e-05 1
2.125094e-06 1
9.794223e-06 3
8.456376e-06 3
1.550877e-05 3
1.245925e-05 1
3.816324e-05 1743
1.082764e-05 1
8.614658e-07 3
2.055770e-05 11857
6.820483e-06 1
2.050783e-05 1
2.397766e-07 1
9.012388e-07 2
8.362390e-07 1
2.089173e-06 1
2.637484e-06 1
8.102394e-06 144
2.547020e-05 1
1.520553e-05 1
4.231036e-06 1
2.069584e-05 3
5.061968e-07 77
2.619236e-05 1
1.476089e-05 61
4.101010e-05 1122
1.125022e-05 2
1.311848e-06 36906
6.432789e-06 150
1.954007e-05 1608
2.461424e-06 1
2.191213e-05 60821
3.992726e-06 1
1.208887e-05 1
1.766143e-05 2
3.457745e-05 1507
1.483570e-05 1656
9.953445e-06 1870
1.442661e-05 3
6.630146e-06 4
1.273607e-06 1
2.705393e-06 7
1.905306e-06 1
9.626898e-06 31757
1.192720e-05 1
5.112058e-06 1
1.160088e-06 1
1.658892e-05 1
2.625947e-06 1
5.936975e-06 1
1.256045e-05 2
2.019440e-06 1
4.046638e-06 1
1.274368e-05 3
1.070459e-05 1
2.248061e-06 1
1.051951e-05 64025
3.197509e-06 40699
3.972546e-06 45904
6.539891e-06 1
7.260163e-06 1
1.335990e-05 1
3.506300e-05 1
5.052619e-06 1
2.753964e-05 61794
1.203248e-06 1
1.837832e-05 1186
3.156758e-06 1
1.655684e-05 3
2.822964e-05 241
1.114712e-05 1
1.209293e-06 958
7.253562e-07 3
4.762157e-05 1
1.808466e-05 181
9.532990e-07 1
8.786872e-06 1
3.083991e-06 1
1.050293e-06 1
2.383837e-06 6
9.393200e-06 179
9.820391e-06 1
2.214617e-06 4
1.028035e-05 3
2.686429e-05 3
8.904003e-06 1
1.613220e-05 2
1.200712e-05 193929
4.978892e-06 155
7.166015e-06 1
1.951531e-05 1
8.602870e-06 1
4.650265e-06 1
7.741069e-06 1
1.398049e-05 3
2.649814e-06 50354
7.291422e-06 1
2.640972e-06 1984
1.051357e-05 997
2.055444e-06 1
1.164813e-05 1
5.732241e-06 1
2.894162e-06 1
5.044080e-06 3
1.079143e-05 223
2.462291e-05 4
1.173526e-05 1
1.496310e-05 3
1.437881e-05 1
3.918664e-06 1
3.647982e-06 4
1.397396e-06 2
2.573440e-05 6
8.975128e-06 2
8.840167e-06 1
1.547192e-05 6
2.766755e-05 1
6.156335e-06 2
4.014933e-06 1
3.525099e-05 250
1.213403e-05 3
5.827008e-06 2
1.754581e-05 145
4.135751e-05 1
2.650820e-07 1
3.694457e-05 1
5.384267e-06 55769
2.350554e-05 549706
2.516952e-06 76
2.776609e-05 1
2.530376e-05 2
9.826081e-06 1
1.354060e-05 227
1.585813e-05 1
1.380153e-06 22
1.435347e-06 1
1.179568e-05 3
5.416910e-07 241
1.979052e-05 6
1.956935e-05 1
1.190626e-05 3
4.802744e-06 3
1.277293e-05 2
3.074452e-05 1
6.272030e-06 1
1.778588e-05 1
9.003410e-06 3
1.412454e-05 3
1.107779e-05 1
2.315324e-06 1
1.394370e-05 1
4.228644e-05 2
6.990684e-06 1
1.136976e-05 1
3.037712e-05 1
9.440805e-06 1
3.363576e-05 1
1.153991e-05 1
7.241248e-06 1
1.340171e-06 1
2.672923e-06 1
4.057575e-05 1
1.542683e-05 1
1.711822e-06 427221
2.116887e-06 6
6.614240e-06 58
5.684654e-07 2
8.626579e-06 1
2.620064e-05 1
9.518414e-06 1
8.404832e-06 1
2.669652e-07 5
7.344669e-06 1
6.035049e-06 1
7.561008e-06 1
6.123318e-06 1
1.671575e-05 1
1.454268e-05 1
2.231176e-05 2
3.616328e-07 230
7.892409e-06 3
4.414814e-07 1
7.617386e-06 54000
4.585425e-06 8872
1.094169e-05 1
7.658657e-06 6
1.452693e-05 62845
7.573746e-06 7
1.022197e-05 1
3.544636e-06 1
2.719266e-05 3
1.950233e-06 1
1.026292e-05 1
2.867566e-06 1
3.481161e-06 1
1.353314e-05 36316
4.506431e-05 1
3.503108e-06 1
5.103437e-08 3
8.163644e-06 1
2.551820e-06 2
4.218936e-05 1
1.548371e-06 2
1.018430e-05 1
5.946312e-05 1
4.900679e-05 1
2.741819e-07 1
3.107273e-07 74
3.539031e-06 1
1.302049e-05 2
3.933192e-06 1
2.935548e-05 6
2.462265e-06 1
4.047655e-05 2
2.029833e-06 2
5.120739e-07 1
4.193816e-06 173
6.392733e-05 1
8.475722e-06 3
2.106646e-06 64733
9.331641e-06 1
8.021886e-06 1
1.126066e-05 2
5.527516e-06 1
7.182033e-06 94
9.424847e-06 2
5.691615e-05 1985
8.335110e-06 3
2.109695e-05 3
1.009407e-05 1
5.177171e-06 65312
3.689998e-06 6
9.276038e-07 5
1.495467e-05 1
1.069511e-05 1
1.935966e-05 2
4.082542e-06 7
1.447785e-05 143
3.746156e-05 2
2.324552e-05 296
4.455961e-07 193
3.894526e-06 3
2.221917e-06 1
1.103876e-05 61164
2.650922e-05 137
1.145035e-06 3
2.215541e-05 2
1.315766e-05 149
4.097351e-06 631
5.684722e-06 1
4.517346e-06 71
1.861183e-06 2
1.096838e-05 7
1.626720e-06 237
9.583732e-06 3
3.121494e-06 7
4.491819e-06 1
2.239891e-06 1
2.026312e-05 1
9.590803e-06 1
1.225403e-05 3
2.260909e-05 5
1.874290e-05 706
1.301691e-05 1
1.741670e-06 1
2.096344e-05 1
8.080776e-06 6
8.563357e-06 1
1.396380e-05 1
8.728153e-06 4
1.152838e-07 3
6.478702e-06 1
1.042847e-05 1
3.161315e-06 3
1.115207e-05 1
6.455666e-06 1
9.239553e-06 1
1.535457e-05 1
1.061108e-05 3
1.261726e-05 1014
1.073015e-06 14596
5.485582e-07 2
1.893303e-05 1
3.485396e-06 320
1.910177e-05 1515
2.373089e-06 5
1.986084e-05 3
1.655310e-05 1
2.208322e-06 1
2.609173e-05 3
2.602655e-06 7
3.696691e-05 5
3.921106e-06 1
6.963159e-06 1
1.238446e-05 2
6.140155e-06 36167
2.511254e-06 1
1.504556e-05 204
3.179605e-05 1
4.539201e-05 83382
4.734006e-06 139
4.597860e-06 1
6.461605e-06 3
2.035901e-05 1
3.478673e-05 2072
2.870152e-05 3
4.243661e-06 7
1.629189e-05 1
1.375393e-05 1
3.555342e-06 1
2.109943e-05 173688
2.355473e-06 2
3.912077e-06 39
2.529477e-06 26
7.121290e-08 2
1.751448e-05 7
1.029202e-05 950
1.271679e-05 1
1.824820e-05 1
1.094965e-05 4
3.504020e-06 1
2.582200e-05 2
3.550733e-05 1
2.250549e-05 4
2.388388e-05 1
3.941439e-06 1
5.854614e-06 1
1.336154e-05 23881
1.637399e-05 62361
8.688387e-07 2
6.152362e-06 3
2.340607e-05 1
3.506902e-06 2
3.935491e-06 53386
3.028061e-07 1
7.669934e-06 6
6.996992e-06 361
2.009754e-05 2
1.197580e-05 64
3.087807e-06 5
7.047302e-07 1
1.459097e-05 3
2.987835e-05 133
2.500568e-05 3
2.383241e-06 1
2.824351e-06 1
3.327551e-06 1
3.846130e-06 1
2.168714e-05 3
2.461376e-06 3
4.552556e-07 1
2.827302e-05 2
3.153201e-05 1
3.373278e-05 1
7.738343e-06 1
3.023913e-05 2
3.520681e-06 55421
4.810809e-06 1921
1.728431e-05 82
1.562982e-08 3
1.338158e-06 1
1.660934e-05 1
5.700569e-06 2
1.508456e-05 1
2.471403e-05 1
1.378678e-06 7
6.479076e-06 1
1.254215e-05 1
2.243071e-06 1
8.351815e-06 1
3.352571e-06 1
2.161527e-07 205
1.579415e-06 1
5.877700e-06 1
2.725635e-05 1
7.463943e-09 1
9.065834e-07 2
1.829811e-06 1
1.855605e-05 1
2.803681e-05 1
3.981499e-06 2
1.333522e-05 26256
9.540263e-06 1
8.303518e-06 1
5.469278e-06 1
