2.481887e-05 5
3.676495e-05 1
6.129888e-05 2
7.694188e-06 3
6.096283e-05 1
3.402521e-05 1
1.290298e-04 6
5.426842e-05 2
2.540199e-05 38
8.333575e-05 1
8.763877e-05 1
2.020729e-05 3
8.421907e-05 1
8.589381e-05 271307
5.496045e-05 1948
2.685779e-05 3
5.605779e-05 2
1.065009e-04 2
8.985012e-05 1
2.712346e-05 63667
3.230582e-05 3
1.342344e-05 1
4.449031e-05 6159
3.718017e-05 1
7.965388e-05 1
1.808314e-05 7
5.666706e-05 1025
3.532427e-05 7
5.796983e-06 1
2.994420e-05 1
4.681990e-05 2
1.696291e-06 1
1.865741e-05 4
1.256081e-05 1
1.090748e-05 34907
9.708697e-06 1
4.736559e-05 1
3.428527e-05 1
3.281028e-05 1833
2.075814e-05 1
5.103844e-05 3
2.467167e-05 7
4.237443e-05 4
2.398015e-06 3
6.956380e-05 63039
9.407158e-05 2095
3.561568e-05 1
1.023960e-04 1
9.174458e-05 1
3.907319e-05 2
2.194059e-05 1
1.200716e-05 1
3.937908e-05 1
1.559041e-04 1
2.362312e-05 5
1.568324e-05 1
1.448225e-04 1
2.314977e-05 3
3.765122e-05 1
6.221124e-05 3
5.297795e-05 1323
4.474127e-05 1
8.944296e-07 1857
8.631192e-07 6
9.707296e-05 6
5.946369e-05 5
2.374094e-05 18
6.491515e-05 3
7.021182e-05 1
5.875744e-06 2
2.799408e-05 1
3.703247e-05 293
1.274693e-05 1
4.120312e-07 7
2.235721e-05 20098
1.301219e-04 1
4.691140e-06 1
7.050197e-06 4
6.187109e-05 1
1.145319e-05 2
2.602749e-05 1
1.193908e-05 1
1.856136e-06 3
1.511174e-05 2
1.044587e-04 37260
1.272426e-04 1
1.077314e-06 37960
5.068329e-05 1
1.121914e-04 1
2.057566e-04 1
5.634750e-05 1
3.311275e-05 1
5.203444e-05 2
5.439293e-05 1
6.717329e-05 1
4.814766e-05 7
9.582253e-05 117
6.466193e-06 1
2.167988e-06 1
1.845744e-05 1
2.194104e-05 1
4.485280e-05 2
4.624216e-05 1962
1.307107e-05 1
7.786232e-06 358
5.476198e-05 3
5.289151e-05 1
3.002844e-05 32644
3.773622e-06 1
6.833438e-05 7
2.886974e-05 255
3.585418e-05 2
1.553601e-04 2
6.657553e-05 3
2.846643e-05 1
9.879022e-05 2
2.292290e-06 3
7.985305e-05 1
1.011668e-04 1
9.943277e-06 292
5.681443e-05 2
3.714528e-05 1
5.380147e-06 1
5.672571e-05 261
1.420767e-05 44
4.499766e-05 5
9.050827e-05 256
6.484269e-05 253
1.134322e-05 1
3.407138e-05 1
4.936184e-07 1
5.619927e-05 3
1.510225e-05 1
1.522868e-04 6
1.355525e-05 2
9.137789e-06 1
3.486608e-05 1
9.877958e-05 4
4.585122e-05 6
3.291933e-07 1
3.696625e-05 1
2.637194e-05 1
3.559773e-05 227
1.454782e-04 3
1.372843e-05 1
2.844566e-05 1
1.437145e-05 1
8.984091e-05 3
7.909244e-05 50680
9.566142e-05 1885
2.402138e-05 1
3.978372e-06 1
5.231923e-05 2
7.499737e-06 1
1.165647e-04 1
9.555840e-05 6
2.030936e-04 1
5.582864e-06 2
3.015949e-05 2
3.836443e-05 1
3.607025e-05 1
8.417519e-05 1
4.272863e-06 1
1.099611e-04 1
6.697025e-05 5
1.547697e-06 2
6.696285e-06 1
1.811215e-05 1
1.065786e-04 1
8.704902e-05 2
6.204145e-05 2
4.862549e-05 1
1.411184e-07 1
1.274644e-05 61
2.776319e-05 1
1.451664e-06 3
6.503713e-05 1
3.194059e-05 58
3.204492e-05 171
7.882037e-06 2
3.051620e-05 1
6.930473e-06 2
1.516954e-04 1
3.562954e-05 3
7.397659e-05 1
4.708032e-05 1
1.060653e-04 1
1.006522e-05 1
5.616353e-05 10
8.314326e-06 3
3.423669e-05 1
1.014287e-04 1
6.202200e-05 70
2.024044e-05 139
4.388558e-05 187
6.207156e-05 1
8.778868e-05 1
3.346658e-05 1
6.413204e-05 1
8.807159e-05 136
3.513951e-05 1
4.288155e-05 1
1.437830e-05 6
2.127056e-05 1
9.393687e-05 3
1.016349e-04 3
1.632107e-04 2
3.430612e-05 2
1.303954e-04 1
1.986816e-04 1
1.303789e-05 1
1.404979e-04 1
6.632812e-06 1
5.503004e-05 4
1.250437e-04 1
1.199660e-04 1
1.967617e-05 1
2.737117e-05 5
2.981588e-04 3
4.626021e-05 3
1.305409e-06 1
6.731084e-05 211
2.652098e-05 1
3.727975e-05 1
2.135296e-05 1
5.581310e-05 1
1.028737e-04 1
3.008499e-05 240
8.431764e-05 1
2.537191e-05 15579
2.725410e-05 1
4.614141e-06 1
4.121287e-05 590
2.505377e-06 11
2.109921e-05 804
2.679571e-05 5
3.290472e-05 3
1.684590e-06 1
1.281374e-04 1
1.224240e-05 3
3.329207e-05 1
2.792411e-05 1
5.002760e-05 60
8.948949e-05 1
5.026449e-06 2
1.248022e-05 1
4.512705e-06 3
9.240108e-07 1
4.034959e-05 140
5.834910e-05 3
9.286434e-06 1
1.189578e-06 3
1.124791e-05 3
5.517921e-06 1
2.275090e-05 1
3.272453e-05 1
6.487739e-05 1
4.830950e-05 1
4.688604e-05 1
1.484711e-04 1
1.321422e-04 1
3.644524e-05 1
4.567623e-05 5
7.185653e-05 110
6.936015e-06 60
1.372694e-04 1999
5.831179e-05 171
9.170899e-06 1
1.285444e-05 3
1.850581e-05 1
7.201844e-05 1
9.976931e-06 2
1.980066e-04 1
5.435709e-06 11565
9.345951e-06 1
1.825071e-06 1
9.498816e-05 1
6.176845e-05 1
7.598412e-05 79
8.411375e-05 3
1.973541e-05 1
9.084187e-06 1
1.220288e-04 3
8.190607e-05 3
1.101904e-05 1
2.525448e-05 1
2.093241e-05 50
4.621272e-05 8
1.268022e-05 1
1.189926e-05 1
8.740948e-05 55
5.397890e-05 1
3.817349e-05 1
1.455513e-04 1
7.394957e-05 1
5.239946e-05 1
3.521567e-05 1
1.817105e-05 28
2.321065e-06 532
2.256997e-05 1
4.315081e-05 64981
4.036432e-05 1
1.907849e-05 1
1.852908e-06 4
1.373397e-04 1
7.990631e-05 1
8.808210e-05 1
2.088912e-04 1
9.278803e-05 1
5.271455e-06 1
1.647986e-05 1
1.248581e-04 3
7.001149e-06 6
4.634946e-05 3
1.653122e-05 1
5.828064e-05 24882
7.388079e-05 1
1.174078e-04 2
6.837115e-05 1
6.466733e-05 41162
9.517047e-05 31418
1.820660e-05 1
4.069411e-05 1
1.072497e-04 3
4.540187e-05 1
4.587296e-05 1
3.099649e-06 653
6.636006e-05 1
5.935661e-06 11010
3.447840e-05 59
1.285363e-05 1
4.819188e-05 1
1.409894e-05 40247
2.160150e-06 1
1.971085e-05 1
4.052551e-05 1
1.173324e-04 2
1.485985e-04 3
1.149020e-04 1
5.154791e-05 1
1.537161e-04 6
2.244213e-05 1
3.276625e-05 146
1.468667e-05 1
3.041277e-05 1
1.157693e-04 6
3.757646e-05 3
1.261108e-04 1
9.747404e-05 1
1.899247e-04 3
5.173793e-07 1
4.468437e-05 1
1.088593e-04 1
7.494029e-05 2
1.265539e-04 144
4.621970e-05 1
4.782444e-05 1
5.545846e-05 3
2.237155e-05 1
4.249403e-05 1
4.174743e-05 1
1.552781e-05 1
3.933373e-06 96
2.438668e-05 2
5.415866e-06 1
3.795905e-05 182
5.982123e-05 1
1.327981e-04 1
2.972527e-05 1
1.433865e-05 154216
1.064741e-05 1
1.510689e-04 1
2.769427e-05 1
2.203812e-05 1
9.559507e-06 174
5.015623e-06 3
1.271995e-04 3
1.289624e-04 1
2.551586e-05 7
3.352473e-05 237
3.477909e-05 2
2.690175e-06 2
1.956804e-05 2
2.054307e-05 1
4.266142e-05 1
5.496042e-05 3
3.402224e-05 2
9.302992e-05 3
7.894638e-06 3
3.034265e-05 1
1.848132e-05 1
7.931151e-06 1481
1.723632e-05 43
8.846768e-05 1
5.052542e-05 2
6.372123e-07 1
1.226580e-04 2
2.073326e-05 1
5.435821e-06 1910
4.068698e-05 159
1.592974e-05 2
3.183924e-05 90
3.233605e-05 1
9.777619e-06 4
1.620284e-05 679
7.975240e-07 2
5.402436e-05 2
5.155751e-05 3
5.738859e-05 3
5.803212e-06 1
7.246468e-05 1
1.018315e-04 4
2.782751e-05 1
8.453853e-05 2
2.073305e-05 205
9.181680e-05 1
9.865961e-06 1
5.548929e-05 1
2.233305e-05 38882
5.716504e-05 1
9.344703e-05 1
1.428689e-05 216
6.096992e-06 1
5.817384e-05 2
1.470695e-05 2
3.988103e-05 95
5.552532e-05 1
4.172699e-05 1
5.862790e-05 1
2.636588e-05 2
4.339174e-05 1
2.818279e-05 106
1.436235e-04 2
1.158887e-04 1
1.539930e-05 2
6.286517e-06 1
6.801266e-05 1
1.003089e-05 89
8.700233e-05 1876
3.107840e-05 1
3.455464e-05 174
9.405209e-06 1
5.491164e-06 117
2.587945e-05 195
6.230816e-05 1
2.181905e-05 1
5.655370e-05 1
8.369570e-05 342
1.041020e-05 3
3.222839e-05 1
5.505807e-05 6
1.971811e-05 7
2.591953e-05 1694
1.017296e-04 1
6.525308e-05 1
1.918936e-04 1
8.325675e-05 1
7.309064e-05 1
1.522288e-05 4
3.114893e-05 3
9.928999e-06 2
4.422786e-05 1
4.038704e-05 3
4.858668e-05 1
3.689897e-05 1
4.344889e-05 1
2.689105e-05 126
3.743787e-06 1
9.430867e-05 1
3.510804e-05 5
1.315170e-05 1
2.124859e-05 1
5.232552e-05 1
4.036638e-06 1
1.381517e-05 7
1.701193e-05 2
4.473336e-05 251
1.866017e-05 1
4.044596e-05 137
9.390436e-05 77
3.949438e-05 5
7.024997e-05 1
1.269802e-05 2
6.928480e-06 2
1.196332e-05 1
9.034561e-05 1
2.520486e-05 17
9.452605e-05 1
7.194050e-06 1
1.800005e-05 2
9.182270e-05 2
5.179024e-06 2
1.932611e-05 1
2.738158e-05 2
1.825680e-06 85
1.546510e-06 1
5.864494e-05 1
1.946985e-05 1
4.188636e-05 1
5.633928e-05 2
8.128773e-05 51539
1.270763e-04 229
6.838455e-06 212
2.995878e-05 128
1.361041e-05 1
2.032859e-05 3
7.287520e-06 354
2.954771e-05 1
4.920318e-05 196
7.915299e-05 2
7.117009e-06 1
7.244353e-05 1
4.910968e-05 492815
1.341974e-05 7285
1.436589e-04 3
3.619662e-06 1
5.589211e-05 45
7.680991e-05 1
2.139124e-05 1
1.269244e-05 1930
5.654029e-05 1
3.896329e-06 1
1.564218e-06 1
4.485569e-06 3
2.006822e-05 6
3.568686e-05 1
5.987358e-05 1
1.059173e-04 6
2.387850e-05 7
3.037449e-05 25
1.394147e-05 87
7.910830e-07 1
2.133104e-04 1
3.666850e-05 1695
9.183340e-06 1
6.230931e-05 1
3.125293e-05 1
4.375999e-06 6
3.623561e-05 119
2.339097e-05 1
2.805233e-04 3
5.550618e-06 2
2.256287e-05 1
1.408066e-04 1
3.191665e-05 1
2.594418e-05 2
5.115519e-05 1
1.488509e-05 1179
4.579107e-05 1
4.137489e-05 1351
3.113141e-05 1
1.183930e-04 215978
2.386837e-05 4
1.108543e-04 6
1.129501e-05 1
4.782988e-05 1
1.178787e-05 1
3.176043e-05 1
1.054130e-04 1
2.105923e-06 1
9.318954e-05 1
8.788940e-05 1
6.430041e-06 1
1.154100e-04 1
1.224282e-05 27040
4.243236e-05 1
2.283287e-05 27
4.416578e-05 1
3.723620e-05 205
3.620450e-06 2
1.353954e-05 1
1.163931e-05 1
2.823585e-05 2
3.575941e-06 1
3.981400e-07 29844
7.458675e-06 2
1.018633e-05 1
2.206113e-05 1
6.227980e-05 1
7.337107e-06 3
7.396914e-05 1
9.873369e-05 1
5.378432e-05 3
2.916281e-05 1
1.701984e-04 2
3.950524e-05 2723
1.784735e-06 3
1.381842e-05 1
7.146484e-06 1
7.162712e-05 1
2.139248e-05 1
1.162609e-05 7
3.332203e-06 1
2.671262e-04 14
8.940923e-06 2
4.145255e-05 1
5.307337e-05 3
1.633648e-05 1
7.036575e-05 1
2.085138e-06 169801
6.588739e-06 1
1.551467e-04 216
5.991727e-05 51
4.009115e-06 179
1.170171e-04 3
3.748214e-05 1
6.233585e-06 1
1.103339e-05 5
6.119686e-05 1
1.283495e-04 3
1.456415e-05 2
1.791877e-04 1
1.289306e-04 3
1.841704e-06 1
8.568342e-06 1
5.984285e-06 1
3.537074e-06 1
2.933114e-05 2
7.914995e-05 95
7.729854e-05 2
1.101346e-04 1
1.057545e-05 649332
1.172485e-05 25876
1.832211e-05 1742
4.325544e-07 1
6.293057e-07 18
8.074575e-05 1
3.763447e-05 3
2.160925e-05 3
8.330462e-06 1
1.539036e-05 412
2.276615e-05 1
5.618129e-06 1
4.392226e-06 2
5.627433e-06 2
2.729386e-05 1
7.807272e-06 1
1.203674e-05 1
2.122426e-05 1
1.314185e-04 1
1.400209e-05 1
9.121680e-06 1
9.429838e-06 48929
6.983041e-05 1
1.165395e-05 3
1.131638e-05 4
1.959021e-05 22
2.452515e-05 2070
1.828153e-04 1
1.908910e-04 1
9.794726e-05 1595
4.711564e-05 1
1.322296e-05 1
3.438397e-05 1
1.664291e-04 1
5.151826e-05 1
5.702996e-05 447811
2.374743e-05 2
1.032062e-05 1
3.501937e-06 1
9.138264e-07 116
4.362551e-06 5
4.768452e-06 6
9.249408e-07 1
8.397850e-05 1949
1.201396e-04 1
4.080304e-05 2
3.732992e-05 1
1.390700e-05 3
3.915802e-05 1
2.073510e-04 1
9.660142e-06 1
4.654971e-05 2
1.229096e-05 1
4.707649e-05 1
9.712657e-05 3
2.320349e-05 1
1.904306e-04 7
3.731324e-05 574253
3.467230e-06 1
1.363096e-05 1
5.442603e-06 1
3.271249e-05 1
2.550642e-05 3
4.545685e-06 1
1.828917e-05 169
5.115859e-05 6
1.720607e-05 15
1.886416e-06 4
7.335925e-06 1
2.189359e-04 1524
5.325559e-05 1
9.279432e-06 2
1.616100e-04 1
6.229456e-06 2
1.990642e-05 1
9.941893e-05 1
7.208570e-05 252
3.005523e-05 1
1.945873e-05 3
3.597208e-05 69
1.798717e-05 1
1.166995e-05 1
5.282874e-05 6
7.753054e-06 4
5.931460e-06 4
1.809042e-06 1
2.169175e-05 1
3.004759e-05 1
1.050055e-04 2023
9.579510e-06 1
9.256867e-05 1
3.503375e-05 1
2.262256e-05 1
2.421199e-05 7
1.705853e-05 1
2.626514e-05 1
2.790037e-05 1
8.475659e-05 27
1.811147e-06 1
4.284313e-05 1
5.969823e-05 2
2.687377e-05 127
4.917605e-05 3
1.984753e-05 1
3.328529e-05 1
1.946111e-05 1
1.649316e-04 1
3.905190e-06 2
1.845104e-05 190
4.178781e-06 1
7.770969e-05 2
7.371569e-05 1
1.243776e-05 1
1.080196e-05 3
4.678880e-05 1
1.828768e-06 1812
4.546261e-05 3
7.004991e-05 3
3.144347e-05 221
6.073284e-06 1
5.079820e-05 1
1.171295e-04 2
5.562723e-05 1
5.067919e-06 1
6.719469e-05 1
9.057793e-05 1
6.761396e-05 1
1.636050e-05 84
3.361109e-05 117
5.941762e-05 1
2.651707e-05 1
5.316143e-06 1
1.734351e-06 266
3.048024e-05 3
5.572890e-06 1
4.613414e-06 142
1.864184e-04 1
7.541230e-05 1
2.015563e-05 61397
2.514839e-05 1
7.921912e-06 1
2.764058e-05 1
5.774112e-05 1
4.231689e-06 1
1.371286e-04 1
4.113461e-05 3
4.366719e-05 1
5.181257e-05 1284
2.948658e-05 8615
3.233024e-07 3
4.901656e-05 1
2.324158e-04 1
1.655818e-05 2
2.853642e-04 1
1.741869e-06 178
5.899037e-06 2
7.189505e-06 6
9.698145e-05 136
3.075052e-05 1
9.842237e-06 2
4.675289e-05 1
4.859827e-05 1
2.800369e-05 1
1.138016e-06 1
1.839356e-06 3
1.137385e-04 3
2.224920e-06 3
9.571786e-05 3
2.765488e-06 2
4.355020e-06 1
7.642776e-05 1
2.321849e-05 1
1.459909e-04 1
5.674608e-08 1
1.170086e-05 116
7.680399e-05 1
2.294327e-04 1
3.639361e-05 2
3.694259e-05 1
3.301942e-05 2
8.433564e-05 3
1.288039e-04 19431
1.654424e-05 1
8.161025e-05 93
8.569781e-06 2
6.459683e-05 1
5.055732e-05 1
7.035372e-08 1
3.772758e-05 1
1.563257e-05 5
4.658745e-05 26497
7.958021e-05 645
3.456384e-06 3
4.580839e-05 1
1.292411e-04 1
4.429257e-05 7
1.836116e-05 3
4.227174e-05 1
5.505795e-06 1850
9.513955e-06 628
3.228122e-05 1
5.037248e-05 2
1.202461e-04 1457
1.701222e-05 1
1.393394e-04 1
4.542899e-06 146
4.468710e-06 3
3.974592e-05 3
1.562860e-05 2
9.336043e-05 1
1.116353e-04 1
1.849226e-04 1
2.963593e-05 140
1.114420e-04 1
4.707964e-05 54980
2.934138e-06 72
6.161565e-05 393903
8.103421e-05 1
8.739366e-06 54832
4.766096e-05 1
3.316857e-06 1
3.222089e-05 2
8.403415e-05 1
3.942316e-05 3
5.919568e-06 3
1.398158e-04 3
1.997471e-05 2
2.143873e-05 3
2.743636e-05 2
2.994685e-05 1
8.008133e-05 1
2.362837e-05 1
1.534124e-04 1
6.689307e-05 1
4.920324e-05 1
1.536054e-05 1
1.155398e-04 1427
1.277523e-06 150
1.003635e-04 136
2.926777e-05 212
5.559853e-05 2
3.019797e-05 4
7.351818e-05 1
2.949254e-06 16790
1.347656e-05 59884
1.183444e-04 245
2.745769e-05 2
1.313303e-05 1
1.368971e-06 1
4.140255e-05 2
2.895519e-05 2
2.320869e-05 1
4.674567e-05 228
3.928386e-05 1
3.026212e-05 1
6.192930e-06 37747
2.980061e-05 19639
1.200204e-05 1
2.178820e-05 2
2.263710e-05 1
3.581818e-07 1
4.627240e-05 3
1.021218e-04 1
1.444062e-04 1
4.835533e-06 1
1.949190e-04 44412
4.238431e-05 7
8.925676e-05 7
8.955065e-06 1
1.069105e-04 1
2.175980e-05 1
4.307428e-05 2
9.006444e-05 1
1.132997e-04 1
4.260397e-05 193
1.904096e-05 56274
6.736995e-05 1
4.833081e-05 1
3.245940e-06 3
1.362197e-05 1
9.625159e-05 61535
1.246788e-05 1
5.598197e-05 6
1.253833e-04 208
3.550660e-06 1
2.680870e-05 1
3.859726e-05 3
3.513322e-05 1
2.371879e-06 1
1.455596e-05 1
9.995171e-06 2
1.932376e-06 107
1.455214e-04 1
6.492751e-05 7
1.052678e-04 6
1.686579e-05 2
9.477539e-06 1
7.935337e-06 1
2.802575e-06 1
8.001431e-06 4
4.716911e-06 1
5.017596e-05 25969
2.756007e-05 129
3.001207e-05 1
5.840343e-05 1
1.693339e-05 1
9.361273e-06 169601
2.099553e-05 4
4.247149e-05 1
4.627255e-05 1124
4.988879e-05 1
1.080120e-04 1
7.087160e-06 2
5.784356e-05 3
3.396840e-06 2
2.440006e-05 2
1.623083e-05 32
5.970234e-05 7445
6.283404e-06 70
3.411588e-05 1
2.014898e-07 3
4.700487e-05 2
4.588124e-05 2
3.442250e-06 3
1.208692e-04 2
7.364529e-05 54
7.973908e-05 1
3.861185e-05 192
1.339395e-05 7
1.318074e-06 632
1.014919e-04 1
4.940167e-05 221
4.426092e-05 2
7.736516e-06 1
1.349245e-05 41251
2.341200e-05 1
1.881606e-05 1
1.264962e-05 7
7.485760e-05 4
8.602414e-05 246
9.374345e-06 153006
9.162554e-05 70
1.123105e-04 3
3.360957e-05 1
7.559553e-05 85
5.837574e-05 1
1.710940e-04 1
2.979079e-05 1
1.420740e-04 22
1.468548e-05 493
3.018869e-06 1
1.083888e-04 1
1.283777e-05 1
1.803419e-04 1
1.504460e-04 229
9.197940e-06 1
6.173765e-06 1
1.536198e-05 162
4.532080e-06 1
3.825777e-05 7
4.810901e-05 1
2.010804e-05 1
5.840791e-05 1
5.770019e-06 1
1.455075e-04 1
5.640711e-05 1
1.247431e-06 285
3.837234e-05 1
6.524908e-05 1
6.698096e-05 1
1.151409e-05 1
8.435883e-05 2
9.194655e-05 1
2.484986e-05 4
3.766393e-05 3
6.219038e-05 2
1.285280e-04 2
7.262554e-06 3
4.506392e-05 2
7.357794e-05 55
3.420639e-05 214
1.831637e-04 2049
9.455999e-06 1
1.200241e-05 1
6.054229e-05 1
7.801741e-05 934
2.304540e-05 6
7.357161e-05 1
7.150725e-05 1
1.095191e-04 3
8.062564e-05 7
2.546407e-05 65
2.383555e-05 131
5.849691e-05 1
3.478910e-06 1
7.816818e-08 1
4.846211e-05 1
1.446504e-04 3
1.298859e-04 1
2.073197e-06 759
2.426698e-05 2
5.522210e-05 1869
3.468873e-05 1
1.879932e-05 63123
1.740666e-05 6
5.253500e-05 1
1.399424e-04 5
1.909690e-04 1
5.401110e-05 144
3.307714e-05 3
6.976816e-05 1
1.000383e-05 1485
8.904227e-05 1
2.611471e-06 238
6.289893e-05 1
6.668883e-05 4
7.084399e-05 1
1.411149e-04 171
1.797565e-05 729
9.106937e-05 4
5.412255e-05 6
4.035853e-05 1
1.554399e-05 36
3.776543e-06 2
7.331724e-05 3
1.648020e-05 1
3.383341e-05 59285
3.980225e-05 1
5.628988e-05 1963
5.379717e-05 2
7.603891e-06 1
2.987850e-06 1
7.268623e-05 1
9.737272e-05 1
3.502293e-05 2
5.004499e-05 1
5.881131e-05 1
1.466084e-04 1
3.805799e-05 1
3.276919e-06 254
1.468119e-04 1
5.101333e-05 31871
8.981605e-05 1
3.653390e-05 22
5.653258e-05 1
1.886289e-06 1
8.222595e-07 92
4.097642e-05 1
2.530676e-05 3
1.839060e-04 1
1.806789e-05 1
2.645039e-05 1
1.009472e-04 1
1.708343e-07 1
1.116096e-05 1
6.166040e-05 1
5.741954e-05 1
2.439697e-05 2
9.356853e-05 1
2.097293e-05 1
1.893270e-05 1
2.969187e-05 1
8.884605e-05 1
1.121033e-05 1
5.493422e-05 3
3.565803e-05 79
1.233438e-04 1
1.393038e-04 1
3.702948e-05 5
1.021213e-04 5
4.117013e-05 2
4.959042e-07 2
9.655909e-05 1
6.348576e-05 1
8.831544e-05 3
1.747491e-05 2
2.958264e-05 6
1.415492e-05 1
1.424646e-05 53771
4.953256e-05 5
8.172827e-05 2
9.751001e-05 3
1.139085e-05 3
1.561310e-04 1
5.444600e-05 1
6.290536e-05 4
6.064339e-05 2
7.229088e-06 1
4.372861e-05 4
1.642778e-05 1
5.130615e-05 1
2.766922e-05 1
6.282601e-07 2
4.233628e-05 1
3.676275e-05 1
7.159684e-06 1
4.998746e-05 1
8.123184e-06 4
1.163276e-04 493453
1.389312e-04 1
5.824824e-05 84
2.696930e-05 1114
7.266995e-05 3
5.858990e-05 77
1.906548e-05 133
6.618430e-05 560
7.165721e-05 1
4.943987e-05 1
1.586008e-05 2
1.369184e-05 6
6.643216e-05 1
6.724370e-05 1
3.785499e-05 1
2.044581e-05 1
2.311825e-05 73
4.151569e-05 4
2.530408e-05 7
9.097807e-05 3
9.701345e-05 1
8.981034e-06 1
2.511802e-05 1
3.744515e-05 169
1.430786e-05 1
4.393303e-05 1
7.436057e-05 1
3.521962e-05 3
9.854433e-07 1
1.358551e-04 6
2.121888e-04 6
2.859442e-05 4
3.353688e-05 120
3.459739e-04 1
1.137462e-04 7
5.843527e-05 1
1.079455e-04 1
7.959156e-05 1
1.306614e-04 140478
2.050199e-05 4
6.161818e-05 1
2.744534e-05 1
6.780499e-05 1
1.030274e-04 1
2.869071e-06 1
4.891234e-05 1
1.124066e-05 23773
5.109785e-05 1
7.379692e-05 6
1.842939e-04 4
1.210938e-04 7
1.344767e-05 3
9.094741e-05 5
1.952210e-05 4
4.761052e-06 4
1.962010e-04 201
9.526367e-05 1
1.722649e-04 61
1.847029e-05 1
3.129178e-05 2
3.778815e-05 2
3.945663e-05 2
4.746598e-05 48937
4.437795e-05 1
1.180787e-04 3
7.772523e-06 2
8.509622e-05 1
7.987026e-05 1
8.429912e-05 6
2.093906e-06 1
5.992429e-05 1
2.492514e-06 1
2.036490e-05 4
2.642945e-05 56
3.214386e-06 3
2.747449e-05 1
6.797213e-05 4
2.802259e-05 1
4.563841e-05 1
2.041540e-05 1
5.059326e-05 2
4.167641e-05 1
1.972779e-05 1
1.189745e-05 1
2.218805e-04 3
1.015490e-04 1
1.813494e-05 30
3.269859e-05 3
6.041352e-06 4
1.477236e-05 1
4.554095e-05 230
1.719773e-05 1
5.875356e-05 1
2.872051e-05 1
5.935548e-05 7
6.975273e-05 1
1.067343e-04 3
9.932720e-05 1
8.845497e-06 1
8.383666e-05 1
1.465694e-05 1
2.595341e-05 1
6.598321e-05 2
1.013130e-05 1
1.015138e-06 2
9.570868e-05 2
3.378448e-06 1
1.851777e-05 100
4.996337e-05 65386
4.345001e-05 1
7.496801e-05 3
6.276577e-05 1
4.050417e-05 2
1.512194e-05 3
3.604579e-05 1
3.783111e-05 1
2.114197e-05 1
5.780963e-05 1
1.927726e-05 2
1.700981e-06 3
1.867252e-05 1
4.825527e-05 1
5.250056e-05 6
8.509822e-05 2
6.169021e-06 1
7.557991e-05 1817
5.259870e-05 4
1.435990e-05 1
4.789400e-05 508751
9.835641e-05 2
1.104113e-05 30436
2.399409e-04 487428
4.989829e-06 89
7.649248e-05 2
5.762405e-05 1
2.303682e-06 1
4.894701e-05 1
3.409795e-05 1
4.919886e-05 40519
2.577645e-05 1
5.607577e-06 1
5.506468e-05 1
6.727184e-06 102
5.992256e-05 2
2.312450e-06 24
1.363654e-04 1
2.258758e-05 154
1.020555e-04 1
8.025229e-05 1
2.023226e-05 1
2.493513e-05 1009
1.802865e-05 48931
7.622043e-05 251
1.284264e-04 1
1.361325e-04 1
4.639422e-05 3
3.906510e-05 1
2.428892e-05 6438
6.328784e-06 1
3.021265e-06 1
2.391394e-06 1
2.329054e-05 1
1.627681e-05 1
1.363593e-05 1
2.215737e-05 1
5.829653e-05 1
2.701647e-05 1088
3.922099e-05 1
2.727463e-05 3
1.251987e-04 30098
1.409856e-05 1
3.030001e-05 1
1.383121e-06 1
5.744736e-06 1
4.695828e-05 223
5.930578e-05 34
5.194773e-05 1
9.054394e-05 1
3.003174e-05 1
5.055725e-05 6
1.586273e-05 1
1.288960e-04 3
7.778185e-05 25106
1.660768e-04 3
1.378969e-05 3
6.847997e-05 1
3.438377e-05 1
2.365041e-06 1
8.037560e-06 1
5.315456e-06 4
2.155207e-05 227
2.396185e-06 3
2.125641e-05 1
3.937792e-05 1
1.181513e-04 1
8.197756e-05 7
5.253825e-07 200
6.122285e-05 7511
8.229878e-05 43847
6.838387e-05 7
1.446961e-06 1
8.428809e-06 1
1.048264e-04 4
6.173592e-05 6
1.487740e-05 1
8.946574e-06 6
9.949003e-07 2
9.099961e-06 1
1.736104e-04 1
5.763652e-05 1
6.743844e-05 7
2.141271e-05 1
1.687392e-05 1
2.174249e-05 1
3.735841e-05 1
1.209835e-04 43618
2.209042e-05 1
8.423800e-05 1906
1.693489e-04 3
1.961043e-04 1
8.919360e-05 716
8.761053e-05 1
4.132799e-05 1783
1.036336e-04 1
1.332417e-05 206
3.740362e-05 957
7.394450e-06 1
7.640365e-05 1
1.550498e-05 3
7.871198e-05 2
1.567320e-04 1
9.724537e-06 1
1.230185e-04 3
8.485509e-06 3
4.090641e-05 1
4.764120e-05 1
6.766639e-06 1
6.429183e-06 90
3.459723e-05 1
1.921089e-05 156
2.012240e-05 1
1.395846e-04 1
8.061904e-05 3
1.763269e-05 1
4.819752e-05 1
4.252508e-05 1
2.588120e-05 1
3.929372e-06 1
9.711996e-06 1
5.698838e-06 1
2.630956e-05 1
7.932494e-06 4
1.415212e-05 1
3.034613e-05 6
9.201766e-05 8
1.623950e-05 207
4.790063e-05 7
2.123886e-05 49939
9.538677e-05 63
4.939004e-06 5
4.246344e-06 1
1.089505e-04 2
8.810595e-05 6
9.032570e-05 1
1.659980e-04 1
1.713604e-04 1
1.216813e-05 1
8.483330e-06 1
1.240999e-04 3
8.213578e-05 1
1.898326e-05 1
9.852828e-05 1
9.104511e-05 193
4.533383e-06 1
5.938411e-05 1
3.270806e-06 1
1.975594e-05 3
2.685771e-05 1
2.746119e-05 1
1.235256e-04 1
7.170898e-05 4
4.308765e-06 1
7.455161e-06 1
8.440504e-05 1
1.670030e-04 1
8.301546e-07 1917
7.626379e-05 1
1.379195e-04 2
5.618418e-05 1
4.345875e-08 6
2.177889e-05 1
2.073573e-04 1
4.054763e-05 2
2.466847e-05 1
1.230919e-04 2
5.651953e-05 10933
1.033265e-04 1
9.907825e-07 2
3.179972e-05 1
9.562498e-06 1
4.029105e-05 1
1.768939e-05 1
8.978986e-06 3
1.512271e-05 1
6.711595e-05 1
6.427099e-05 2
4.988468e-06 1
1.865414e-07 1
6.020982e-05 1
2.085304e-05 2
1.087402e-05 814
2.449446e-05 1
1.378815e-05 3
2.425071e-05 3
1.985758e-05 1
1.929485e-05 2
2.025690e-05 1
4.885009e-05 1
2.215585e-05 25427
2.927134e-05 1
6.350808e-06 1
7.712472e-05 1
3.987815e-05 6
5.573982e-05 2
1.708097e-05 7
3.227929e-05 1
8.730629e-05 1
1.212639e-04 1
6.623414e-05 6245
2.181826e-05 4
1.045123e-04 1
1.184301e-06 214
1.634873e-06 173668
7.864123e-05 1
1.296112e-05 1
2.805352e-05 1
3.440552e-05 3
5.520634e-05 1
6.922694e-05 1
1.159617e-04 1805
5.967682e-05 1
3.072211e-05 6
9.258200e-06 302106
1.856800e-05 1
2.568173e-05 1
3.339140e-05 1
2.252557e-05 1
8.077722e-05 1
5.802582e-05 7
9.606820e-05 1
9.284970e-05 3
7.430663e-05 5
4.265829e-05 1
2.766722e-05 1
3.612654e-05 3
5.715594e-05 2
4.653725e-05 3
3.686093e-05 7
6.105321e-05 1
3.112808e-05 1
3.326779e-05 1
1.143287e-05 35524
4.830562e-05 248
6.620833e-06 1
1.526721e-05 3
5.152613e-05 1
8.182807e-05 1
1.519776e-05 1
1.524752e-06 19630
1.846859e-04 1
5.460083e-05 102
7.343498e-06 1
1.927273e-05 1
3.445994e-06 1
6.048560e-05 70
1.808666e-05 3
1.327167e-05 3
9.676999e-05 1
1.570990e-05 2
5.436415e-05 7
2.757673e-06 2
4.739664e-05 6
1.124100e-05 1
6.638782e-06 1
2.271869e-05 1
6.730222e-06 1
1.180408e-04 2
1.140783e-05 1
3.430366e-05 1
9.858183e-06 1
1.223303e-04 1
1.973275e-04 24605
5.237591e-05 1
5.527133e-05 3
7.143565e-06 1
3.263968e-05 1
3.081004e-05 1
1.298506e-05 1
5.811788e-05 3
1.167001e-05 1
1.423500e-05 1
2.526063e-05 132
7.282714e-05 1
8.131039e-06 2
8.015758e-05 5
5.769619e-05 6
2.259653e-04 1
6.055485e-05 1
5.566602e-05 1
2.398336e-05 2
2.553032e-05 1
1.354952e-04 1
2.302816e-04 5
2.596531e-05 55380
1.995470e-05 1
6.587694e-06 1
9.612358e-05 5
2.708489e-05 10185
1.784429e-05 4
2.376447e-05 1
1.835142e-05 3
1.472924e-05 7
8.934759e-06 1
3.880466e-05 1
2.053668e-06 1
3.265477e-05 1
2.024016e-05 512
3.079563e-05 215
9.942337e-05 1
1.488579e-06 1
1.362044e-05 1
1.575138e-05 1
3.819095e-05 9146
5.046588e-05 3
3.906174e-06 1
2.867500e-05 1
3.363347e-05 1
1.620421e-05 1
3.135391e-05 253
5.969076e-05 1
2.730303e-05 3
4.703997e-06 194
3.777436e-05 4
3.471399e-05 1
6.833022e-05 1
3.400945e-05 1
3.666155e-05 1
9.077373e-05 485
2.223373e-06 1
1.735994e-04 234
1.961028e-05 2
8.323379e-05 833
7.208867e-05 1
7.958762e-05 3
1.045879e-05 1
2.783131e-06 1
1.405600e-05 3
5.149174e-05 3
1.817474e-05 1
3.065897e-06 683
6.616885e-05 1
1.273705e-06 1
1.783373e-05 1
8.884781e-06 1
5.220699e-05 1
6.429482e-05 1
2.818491e-05 371526
2.648710e-05 1
7.368940e-05 2
3.402528e-05 1
5.482397e-06 1
1.654163e-04 1
2.953407e-05 5
5.663050e-05 27640
3.781803e-05 4
1.072238e-05 2
2.438017e-06 1
5.527267e-06 1
4.384099e-05 1
1.060895e-04 1
2.285633e-05 3
2.528249e-05 1
2.915973e-04 1
1.185498e-05 1
8.568576e-05 1
1.160171e-04 2
7.320704e-05 3
1.025778e-06 3
1.595469e-05 1
2.136869e-05 1
7.980037e-05 1
3.519815e-05 1
3.108371e-04 2
1.790189e-05 2
9.017099e-07 1
6.718110e-05 736
1.734504e-04 1
1.167570e-06 1
4.903678e-06 211
1.579808e-04 1
1.126987e-04 3
6.977713e-05 1
7.008957e-05 39758
1.091770e-04 1
3.670568e-05 1
4.883254e-05 1
9.163400e-06 4
1.104700e-05 1
8.406129e-05 1
3.098153e-05 2
2.529720e-05 3
2.883853e-05 1
2.896620e-05 1
1.590511e-05 1
4.007401e-05 1
1.021458e-04 1
1.437278e-05 6
6.115265e-05 1
4.486526e-06 1
6.493897e-05 1
6.383380e-05 6
5.934614e-05 1
1.473263e-05 3
3.313492e-05 850
2.184840e-05 1
6.638925e-06 2
4.782123e-05 550474
1.120644e-04 3
7.435445e-05 4
1.781035e-05 1
3.771110e-06 7
1.732291e-05 1
1.871981e-05 6
2.796946e-05 1
1.947920e-04 2
3.373204e-07 1
7.676859e-06 1
3.772816e-05 1
2.036499e-05 1
9.689159e-05 1
9.547709e-05 3
6.304417e-05 1
1.334099e-05 264
8.104848e-07 1
8.251118e-06 1
6.288772e-05 1
3.104398e-05 2
1.245205e-05 1
7.445743e-06 1
1.516483e-05 143
1.706667e-05 1
1.699155e-07 6
4.464416e-05 1
2.813211e-05 3
6.841369e-05 1
4.564220e-06 1
5.634905e-05 1
9.715910e-05 1
1.025377e-05 1
2.408388e-05 1
3.693537e-05 7
1.111860e-07 492940
1.198073e-05 1
5.280382e-05 1
1.034293e-04 170
8.320862e-05 1
1.090523e-06 1
6.302450e-06 1
3.600169e-05 1
7.175366e-05 1
3.464452e-04 3
3.209690e-05 1
6.521921e-05 245068
1.110020e-05 5
1.110738e-04 44267
3.288693e-05 1
5.034949e-06 1
3.928172e-06 1
4.570793e-05 1
4.825479e-05 1
5.570068e-05 2
9.024881e-05 259
1.220363e-04 1
6.532301e-05 1
6.766049e-05 3
4.896202e-05 3
1.117437e-05 2
2.733911e-05 2
7.765472e-06 1
6.998549e-06 3
6.993678e-07 2
2.798573e-05 25121
2.704240e-05 1
8.421251e-05 1
9.338587e-05 3
9.963815e-05 1
1.281549e-04 1
1.051729e-05 1
4.217667e-05 1
3.943900e-05 1
2.517669e-06 127
6.097346e-05 1
1.505428e-05 6
1.591253e-04 9914
1.217948e-04 1
9.016600e-05 1
2.198391e-05 1
1.403546e-05 258
1.086272e-06 1
3.069800e-05 35836
2.026143e-05 58481
1.557828e-05 1
8.681220e-05 1
7.979014e-06 234
5.355661e-05 6
3.058435e-05 1
1.969156e-05 1
3.860481e-06 1
4.475605e-06 2
1.455608e-05 3
8.558353e-06 1
2.227766e-05 6
2.417135e-05 7
4.359263e-05 57479
1.915464e-05 1
1.532118e-05 3
2.326375e-05 6
2.923740e-05 125
4.133727e-05 3
2.704206e-05 3
4.614804e-05 756
3.105120e-05 1
1.031028e-05 1
1.490111e-05 1
2.608247e-05 1
1.209843e-04 4
1.037297e-04 5
1.681294e-05 180
2.954168e-06 1
3.362406e-05 1
1.150901e-04 1
7.491215e-05 2
5.822497e-06 2
5.363929e-05 2
1.648919e-04 105
7.627071e-06 39890
3.293726e-05 3
1.249008e-04 1
4.846140e-05 1
3.708241e-05 1
8.460756e-05 2
6.171988e-05 192
1.044617e-05 1
4.047004e-05 1
2.436982e-05 109
1.117828e-04 256
6.303865e-05 1
5.786785e-04 2
2.200661e-05 1
6.993901e-05 2
4.746650e-05 1521
6.982546e-05 3
7.000786e-05 1
6.311984e-05 1
1.377576e-04 1
1.231049e-04 7
9.924568e-05 2
9.133889e-05 4
6.231839e-05 1
3.198014e-05 202
9.665219e-06 1
2.579015e-05 1
1.318462e-05 1
2.694884e-06 7
1.134187e-04 1
4.655535e-05 6
4.837073e-05 1
1.397068e-05 3
5.631177e-06 1
5.921821e-05 1950
9.857108e-06 2
1.770976e-05 1
5.337610e-05 158
6.889015e-05 1581
6.692348e-05 1
1.794562e-05 2
2.279422e-05 1
1.144935e-05 1
5.176182e-05 1
4.463493e-05 1
1.081765e-05 1
4.835056e-05 2
9.016750e-06 175
1.986022e-06 2
6.706110e-05 1
6.672204e-05 1
2.037191e-05 1
7.944202e-05 1
1.537325e-05 2
7.722596e-05 3
7.505936e-05 267
1.995189e-04 1
2.360267e-04 1
1.411359e-05 486
7.788741e-05 7
2.267880e-04 6
4.064259e-05 1
3.015071e-05 4
1.710902e-05 19
2.171639e-04 3
2.759970e-05 1
2.979408e-05 6
2.404717e-04 1
1.868085e-05 1
6.029700e-05 1
6.241732e-05 1
1.083005e-04 2
1.773198e-05 7
2.394223e-06 1
7.654225e-05 1
1.369521e-05 1
6.205436e-05 2
1.617585e-06 69
9.823194e-06 3
3.150062e-05 4
1.982574e-05 1
2.105071e-06 5
3.876386e-05 1
1.463392e-05 1
1.836912e-05 2
1.319822e-04 1
1.553664e-04 1
8.721591e-06 1
1.866326e-05 1
4.080209e-06 6
6.330198e-05 1
2.969119e-04 1
1.918356e-06 4
1.971019e-05 4
7.190062e-05 1
1.325616e-04 1441
3.216492e-05 4
5.489001e-05 7
1.565409e-05 1
1.945512e-06 1
4.883378e-05 1
3.429967e-05 1
4.694057e-06 1
2.010377e-05 1
1.496668e-04 6
1.393998e-05 1
1.637716e-05 4
1.669759e-05 2
7.049240e-06 550
2.167868e-05 2
2.751088e-05 131
6.853268e-05 1
1.021209e-04 34
1.731823e-05 6
1.104677e-04 177
2.076487e-05 5
6.990093e-05 3
1.253580e-05 1
1.307102e-04 6
2.442267e-05 1
2.748772e-05 191
4.100958e-05 3
1.792561e-05 2
1.054788e-04 1
2.981974e-05 1
4.496084e-05 1
6.162607e-05 7
3.547472e-05 1
2.921913e-05 5
1.070377e-04 260
4.858732e-05 1
1.171178e-05 1
7.953475e-05 3
2.297059e-05 1
7.137357e-06 1
3.139618e-05 77
1.336380e-05 1
3.010110e-04 1
3.010479e-05 64
1.168455e-04 1
3.320499e-05 18004
4.864221e-06 748
1.390657e-06 1
1.528780e-04 1
2.884293e-05 3
6.717150e-05 1
7.713386e-05 2
3.618237e-05 1
7.942651e-05 3
3.363385e-05 233
9.140742e-05 1
4.203511e-05 62
9.340251e-06 1
8.274865e-05 3
1.508682e-05 59
2.903354e-05 2
1.070935e-05 1
2.489276e-05 1
1.997940e-05 1
5.916023e-06 1
6.730276e-05 1
4.306981e-05 1
2.545468e-06 1
2.709760e-05 1
5.251023e-05 1
5.286138e-07 2
9.960122e-05 3
4.718160e-05 1
2.681171e-05 5
1.585211e-05 5
1.981575e-05 1
1.723035e-04 1
7.361237e-05 1
4.292621e-05 1148
3.754679e-05 1
8.482866e-06 1
5.509982e-05 2
1.312863e-04 1
1.523468e-04 165
5.877607e-05 5
1.524747e-05 139
2.948650e-05 1
1.491159e-04 1
5.027692e-05 1
1.722868e-05 1
2.475140e-05 7
1.939796e-04 1
1.584146e-05 1
1.172123e-05 1
7.965610e-05 652873
6.910308e-05 1
1.018693e-04 1
3.486228e-05 1
4.532608e-05 1
1.457179e-06 255
3.124364e-05 1
3.633239e-05 1
1.260564e-05 1
2.457677e-05 1
1.025126e-05 2
1.582873e-04 1
4.274900e-05 3
8.622429e-05 33600
1.020148e-04 2
8.641620e-06 1
6.011434e-07 3249
5.112404e-05 1
7.045313e-06 6
3.485511e-06 66
1.245638e-05 2
1.031461e-05 1
3.265816e-05 1
1.463455e-04 2
1.756097e-05 8094
7.190483e-06 1
5.050203e-07 3
2.450670e-05 2
7.124477e-05 236
1.483114e-05 2
5.604724e-05 2
7.139380e-05 1
1.560911e-04 1
2.833955e-05 1
4.877253e-05 119
5.528367e-05 1
6.752308e-05 3
8.481477e-05 61660
3.637276e-05 2
1.328971e-05 5
2.569626e-05 3
4.814150e-05 456
2.050144e-05 1
1.531477e-06 4
3.658975e-05 4
1.631983e-04 1
2.184964e-05 1
5.867285e-05 1
8.959325e-05 3
1.265919e-04 1
6.670216e-06 18
2.318466e-06 1
1.147520e-04 3
4.323061e-05 58
4.081801e-05 3
1.638916e-05 1
6.283106e-05 2
5.969689e-07 137
1.435019e-04 4
1.201698e-05 16284
5.122971e-05 177
1.388807e-05 3
1.698557e-04 1
7.578357e-06 1
2.037286e-05 2
1.580170e-05 2
6.907017e-05 1
5.680102e-05 85
1.234572e-05 5
1.502806e-05 1
4.281158e-05 3
4.001602e-05 1
3.363336e-05 7
8.331540e-08 3
2.048250e-05 1
4.140795e-05 1
1.259555e-06 48606
3.563217e-06 1
7.061144e-05 3
2.349944e-05 86
3.234166e-05 1
1.261527e-05 33085
2.872245e-06 1
2.523575e-05 1
5.127533e-05 30
3.479672e-05 1
6.432685e-07 1
3.763012e-05 251
2.869818e-05 1
4.999506e-05 1
1.005758e-05 27379
3.012893e-05 3
2.405186e-05 3
4.931629e-05 1
6.625279e-07 1
3.563838e-05 80
6.323297e-05 48
9.042503e-06 3
1.566961e-05 2
1.299141e-05 3
7.709333e-05 1
1.071853e-04 1
2.081984e-05 1
1.229702e-05 3
3.335162e-05 1986
3.239119e-05 1
1.271421e-05 150
9.477363e-05 3
8.885230e-05 2
8.560891e-05 1
5.918891e-06 121
1.188569e-05 1
3.092030e-07 6
5.916652e-05 1
4.859248e-05 4
3.231204e-05 3
2.787027e-05 30
1.798818e-05 1
2.128700e-05 2
1.987222e-05 3
3.475818e-06 1
6.354782e-05 159
2.783580e-04 99
1.190256e-04 1
7.141719e-06 1714
2.586537e-05 2
5.619232e-05 1
3.014490e-05 1
4.762521e-05 64596
1.080205e-04 2
2.565321e-04 1
6.275262e-05 1
8.716718e-05 1
3.591753e-05 4
7.443365e-06 1
7.151694e-05 1
1.179948e-04 2
4.346888e-05 2
1.749973e-05 2
2.792583e-05 1
1.786555e-04 2
1.692384e-04 1
8.751837e-05 1
5.755146e-05 1
4.692314e-05 1
1.341255e-05 1
7.364228e-05 1
6.717708e-05 6
1.674161e-05 1
4.326162e-05 4
4.009919e-05 1
1.696246e-04 1
5.026421e-05 968
1.161339e-05 3
1.960549e-05 22276
6.412807e-05 1
7.456733e-06 30
5.783870e-05 2
7.587048e-05 5
3.265585e-05 62
6.085275e-05 1
1.187596e-04 167809
8.054153e-05 1
8.622971e-06 5
1.728598e-05 210626
1.694313e-05 1
2.012431e-06 2
1.102750e-04 1
4.753621e-05 1
7.596301e-05 1
1.878237e-05 1
3.910603e-05 1
1.441420e-04 1
3.522357e-05 1
3.364354e-05 1
1.286776e-05 3
7.353299e-05 1
7.372018e-05 1
3.849526e-05 39657
2.765160e-05 3
1.592151e-05 872
9.930954e-05 1
1.606944e-05 1
3.365398e-05 7
1.408725e-05 3
6.133415e-06 1
6.491735e-07 1
2.852425e-05 1
9.294350e-05 3
2.448163e-05 1
1.691997e-05 2
3.007062e-05 65
5.051284e-06 1000
2.570628e-05 1
2.103275e-05 1
3.084360e-05 1
8.320530e-05 1
1.423114e-04 4067
2.500697e-05 1
9.636168e-05 7
2.870732e-05 3
2.888810e-05 1
2.248632e-05 1
7.254901e-05 1
1.151840e-04 59
6.920235e-05 1
7.843677e-05 2
1.484325e-04 1
2.818599e-05 1
9.170687e-05 244
3.126812e-05 1
2.265364e-05 1
7.795325e-05 1
1.009768e-05 85
1.007332e-05 7
3.074914e-05 1
5.239933e-05 151
5.082274e-05 70
1.238089e-04 1
3.458726e-05 1
5.499279e-05 1112
1.745141e-05 1
2.164535e-05 468
5.186793e-05 1266
1.037234e-04 922
8.252738e-05 2
5.681747e-05 1
7.329311e-05 1
5.794673e-06 1
6.104749e-06 41002
3.815613e-05 1
3.716967e-05 1
6.097478e-05 3
5.989167e-05 3
1.677013e-05 1947
5.557771e-05 1
2.524098e-06 3
1.646254e-05 1
1.321611e-04 1
2.152177e-05 1
5.234062e-05 1
1.241568e-05 1
1.337167e-05 1
3.396168e-05 1
2.260728e-04 64334
7.084498e-05 1
5.052151e-05 165
7.180542e-05 52
4.573403e-05 22045
3.172060e-05 1
6.037609e-05 1
5.146774e-05 3
1.643698e-04 2
3.478193e-05 6
4.805996e-05 1
9.134204e-07 1
3.350804e-05 1
1.733262e-04 2
4.583110e-05 1
5.892427e-05 2
1.448460e-04 158
6.090747e-05 7
1.645160e-05 3
1.764616e-05 1
1.386469e-05 2
1.098393e-05 1
6.164375e-06 877
8.962783e-05 1
4.146575e-05 3
2.523915e-05 7
7.278966e-05 1557
3.054520e-06 30767
1.444528e-05 6
1.458996e-05 1
4.992686e-05 1
4.461793e-05 5
7.734865e-06 2
6.729690e-07 1
2.676957e-05 3
3.795412e-05 4
2.857980e-06 1
1.758694e-04 7
2.285308e-05 2
7.905308e-05 1
7.046215e-05 3
1.007896e-05 3
5.692367e-05 1
1.942074e-05 1
2.493872e-05 2
3.490190e-06 1
6.435517e-05 115
1.224922e-04 1
2.786715e-05 1
4.237903e-05 1
6.295754e-05 1
1.087918e-05 1
4.377488e-05 1
9.519572e-06 88
5.726459e-05 1
8.720613e-06 1
1.759275e-04 1
1.959675e-05 1
5.100914e-06 1
1.655913e-05 163
7.897628e-05 1
8.414667e-06 1
2.163233e-05 4
6.664396e-06 6
2.621876e-05 1
4.802257e-05 50
2.397602e-05 242
4.236578e-05 1
1.258966e-06 1
1.142927e-05 7
1.491187e-05 1
4.880358e-07 1
4.362430e-06 1
2.037722e-04 5
5.037614e-05 1
2.026086e-05 1
5.105975e-05 1
2.682256e-05 1
8.444715e-06 3
4.398767e-05 2
4.916482e-05 3
5.043554e-05 2
3.968810e-06 2
5.350352e-05 1
4.658185e-06 1
1.195447e-04 3
6.306527e-05 2
4.635587e-06 1
1.460535e-05 229
2.050627e-05 1
8.826370e-05 1
6.188689e-05 219
6.702666e-06 1
7.090347e-05 1
1.440679e-05 48760
3.515300e-05 2
1.175933e-05 1
7.849930e-05 1
4.941736e-05 1
1.269478e-05 1
5.376628e-05 62
1.132108e-05 2
7.772461e-05 1
8.190006e-05 1
3.578051e-05 1
3.142059e-05 3
4.029191e-05 1
2.595669e-06 210
7.869881e-06 1
5.703994e-05 2
1.403733e-05 1
6.720613e-05 1
1.689914e-05 1
1.657359e-05 1
5.202203e-05 72
2.972933e-05 1
6.564767e-06 24
3.358800e-06 15
4.972231e-05 1
9.693871e-06 1727
1.112371e-04 1
5.994190e-05 1
2.309272e-05 3
1.004501e-05 1039
7.633256e-05 1
8.832316e-05 1
7.872388e-06 1
7.896114e-05 1
2.460249e-05 2
1.570660e-04 1
3.660521e-05 1
3.820849e-05 1
1.148258e-04 1903
2.729754e-05 1
7.178036e-06 1
2.195962e-05 1
6.594595e-05 1
1.354584e-04 1
3.862092e-05 1
2.936186e-05 47722
4.372578e-05 2
5.675297e-06 1
7.008450e-06 3
9.221121e-06 1
1.647844e-05 1
5.173515e-05 1309
3.683326e-05 3
9.931012e-06 2
4.873570e-05 1
7.279171e-05 5
1.599930e-04 3
2.710712e-05 1
8.937123e-05 1
4.460634e-05 2
3.142728e-05 1
1.377376e-05 1
3.758168e-06 2
3.705626e-05 6
5.234461e-06 1
7.912319e-05 2
3.533772e-05 6
1.697384e-05 1
1.295037e-04 2
3.825668e-05 62294
6.344255e-05 1
8.822086e-06 1
8.401048e-06 1
3.005107e-05 6
1.124273e-05 2
1.108454e-04 2
3.493617e-05 1
3.639210e-05 4
2.874559e-05 1
2.849472e-05 1
1.749458e-06 1
2.380084e-05 1
3.334371e-06 2096
6.654381e-06 1
4.300684e-06 1
1.150086e-05 2
1.506150e-04 1
2.620052e-05 6
6.567199e-05 1
3.212769e-06 5
1.996374e-06 1
8.022078e-05 1
9.351344e-05 1
6.784091e-05 2
4.678139e-05 1
2.311632e-05 1
4.494714e-05 1
7.495595e-05 6
1.567924e-05 3
1.581904e-05 1
2.824246e-05 3
1.533350e-05 1
2.580675e-06 3
1.306893e-06 64798
6.525610e-05 1
2.814862e-05 3
2.964476e-05 41300
2.097747e-05 1
3.731084e-05 1
3.792110e-05 1
6.862706e-05 1
1.486872e-05 52580
9.264645e-05 1875
3.994981e-05 1
2.399478e-05 6
6.438132e-05 2
1.968564e-06 2096
7.926522e-05 1
2.450605e-05 1
5.076871e-05 1
6.534596e-06 2
9.937455e-05 594
8.252117e-07 1
2.012191e-05 1
2.296484e-05 1
2.250048e-06 1
7.580235e-05 1
4.632895e-06 2
4.556326e-05 1
1.908486e-05 2
4.951255e-06 1
5.835821e-08 1
7.073021e-05 214
5.920411e-05 2
4.117552e-05 7
7.558820e-05 3
4.293659e-05 1144
3.712669e-05 1
2.192070e-05 1
1.179021e-04 219
1.723275e-05 1
1.112932e-04 1
5.509562e-06 2
1.264760e-05 1
9.993723e-05 3
1.420978e-05 5
3.096121e-05 1
8.475266e-05 1
1.742787e-06 1
3.297081e-05 1
2.205049e-05 3
5.136947e-05 174
4.488309e-05 1
2.189133e-05 1
4.463426e-05 1
2.327556e-05 1
4.038299e-05 1
7.041991e-05 219
4.727791e-05 10
3.470837e-06 1
7.514913e-05 3
6.924211e-06 2
2.055043e-06 215184
9.016306e-05 3
1.221457e-04 7
1.609389e-05 3
1.612587e-04 1
1.044737e-07 24001
7.092788e-05 1
2.717821e-05 1
4.699726e-06 3
7.947382e-05 3
8.263572e-06 13
6.401368e-06 1
6.530848e-05 1
7.745684e-06 53774
1.830991e-05 5
5.511616e-06 44990
1.434762e-05 2
3.461982e-05 1
4.654548e-05 1
5.831961e-05 2
4.560450e-05 5
6.023031e-05 7
7.366259e-06 3
4.032162e-05 1
2.159511e-05 3
5.186912e-05 1
1.520838e-05 2
3.784276e-05 1
4.162025e-05 1
2.469166e-05 1
9.568489e-05 6
3.989263e-05 5
2.418137e-05 1
1.588728e-05 49
2.672923e-05 18709
7.072813e-05 1
4.928169e-05 2
5.123240e-05 3
7.408297e-07 7
4.941351e-05 1
2.245978e-05 1
7.074122e-06 487686
9.804092e-06 1
3.442236e-05 47131
1.185469e-04 157
3.133802e-05 1
5.668472e-06 2842
7.168496e-06 1
2.113620e-05 1
5.857230e-06 1
1.188511e-05 106
1.336687e-05 3
7.251085e-05 1
1.231278e-05 3
3.879712e-05 1
3.639430e-05 1
1.046472e-05 2
2.557341e-05 1
1.118839e-04 7
1.641128e-06 155
3.375595e-05 2
4.592580e-05 37077
2.042916e-06 1
1.246019e-04 1
2.435235e-05 1
9.673856e-06 1
1.046827e-05 65
4.903497e-05 2
3.301079e-05 1
4.213020e-05 3
2.156105e-06 1510
7.165151e-05 3
1.005789e-04 1
5.985323e-05 23767
4.860175e-05 1
3.708269e-05 1
4.355439e-05 1317
1.154446e-05 1
1.008695e-06 1
5.010945e-06 1
6.554860e-05 36
1.731585e-05 1
2.655774e-05 110
3.403199e-05 1
8.128608e-05 1
2.942142e-05 7
3.196515e-05 1
3.727984e-05 1
5.464756e-05 3
6.595160e-05 1
8.192877e-06 17
1.331577e-05 1
1.158817e-06 52738
6.421069e-05 1
2.647718e-06 1
5.123521e-07 1
5.866777e-06 1
7.044229e-06 1
1.064634e-04 1
1.549257e-05 33465
2.346701e-05 117
4.349901e-05 1
5.667521e-06 1
8.075825e-06 1
3.303675e-05 1
5.140730e-05 5
1.209486e-05 4
7.322012e-06 3
3.809899e-05 61
8.555607e-05 1
9.975578e-05 5
4.770595e-05 1
9.679417e-06 1
2.534643e-05 157
1.355992e-05 3
5.887952e-06 1938
2.185881e-05 3
6.567215e-05 3
3.565453e-05 22208
1.420770e-05 6
7.477946e-07 1
4.065041e-05 2
3.331298e-05 5
1.525168e-05 2
1.396039e-05 2
1.421929e-05 190
1.698634e-05 1
1.556166e-05 1
2.365483e-05 226
1.034428e-06 137
1.094279e-04 1
4.037930e-05 198
1.132005e-04 3
1.788867e-05 1
1.297563e-05 1
2.947635e-05 1
3.887713e-05 67
8.955649e-05 62
6.345683e-05 408
8.481894e-06 1
6.497499e-05 1
1.086175e-05 1
2.358650e-06 1
4.957628e-05 1
8.061323e-05 1
3.391420e-05 224
2.505508e-05 940
9.146134e-05 3
1.971256e-05 3
8.381605e-06 1
3.454239e-05 1838
8.078369e-05 1
2.577714e-05 533
3.463594e-05 1794
2.172653e-05 1
3.617588e-06 1
3.520925e-05 1
9.599499e-06 1801
2.534020e-05 7
5.872318e-05 55672
1.868189e-05 1
2.062651e-05 1
1.983247e-05 1
6.889488e-05 6
1.637355e-05 976
2.898223e-06 1
4.332894e-05 1
1.523452e-05 1
2.507707e-07 1
1.606601e-04 260
2.223803e-06 1448
2.034918e-05 1
1.977390e-05 17582
5.809939e-05 3
2.581461e-05 4
1.807357e-05 5
8.810213e-07 2
8.261612e-05 1
7.087078e-06 1
4.825769e-05 2
9.860640e-07 2
1.097372e-04 2
8.031466e-05 2
9.297892e-05 3
7.354127e-05 2
4.516498e-06 1051
7.290388e-05 1
1.426052e-05 1
6.473519e-05 1
2.444227e-05 1
2.038649e-05 3
3.879786e-05 1
9.719568e-05 1
1.974252e-05 1
2.503773e-05 4
9.140291e-06 6
1.601006e-04 5
2.275233e-05 1
3.945080e-05 3
1.926740e-05 1
5.804896e-05 3
1.204894e-04 27151
1.609359e-04 2
4.263317e-05 1
8.439059e-05 6
1.545914e-04 42
7.253243e-05 129
1.927979e-05 1
5.583963e-06 258
7.628740e-05 6
5.232935e-05 1
1.359559e-06 1
2.429500e-05 4
4.108330e-06 1
4.964461e-05 1177
9.607439e-06 1
5.219019e-05 1
3.250124e-06 1
3.019487e-05 1
7.577660e-06 1
1.481261e-05 281833
1.267123e-05 6
7.668774e-05 1
1.034082e-05 3
2.514081e-05 5
1.038137e-04 1
9.354970e-05 2
6.913934e-05 1
4.929564e-05 1296
8.295584e-05 1
5.882867e-05 3
3.390358e-05 2
2.414438e-05 1
6.521703e-05 2
1.030756e-05 2
5.125441e-06 1
3.350038e-06 1
1.728482e-05 1
6.008507e-05 20977
3.039139e-05 42657
4.464690e-06 1
3.279580e-05 601234
1.595803e-04 117
5.725819e-06 1
6.039842e-05 1
7.282106e-06 2
8.303302e-05 1
1.263280e-04 8530
4.440696e-05 231
4.148985e-05 1
3.477363e-06 5
1.847556e-05 2
3.402682e-05 220
2.303104e-05 1
1.399435e-04 1
3.638498e-05 2
2.210274e-06 89
4.523703e-05 3
7.898828e-05 2
2.335792e-05 1
2.356669e-06 1
1.945230e-05 1
1.067291e-04 3
5.257351e-05 1
1.643195e-05 41406
7.613899e-06 1
1.299250e-05 1
3.473151e-06 1
2.646311e-05 1
5.597025e-05 1
1.176258e-05 1
2.782885e-05 32
7.430943e-05 1
5.993527e-06 58
8.253113e-05 5
1.647780e-05 2
1.695195e-05 3
4.378811e-06 1
3.095005e-05 1
3.023805e-06 2
5.606990e-05 6
1.444422e-05 6
3.572447e-05 57085
1.221496e-04 3
3.846264e-05 22142
4.225673e-07 1
1.317503e-05 2
1.876774e-04 1
7.426076e-05 1
1.360870e-05 37555
1.687234e-05 1
5.346496e-05 1
5.162578e-05 1
1.005093e-04 1
8.399078e-05 3
5.204787e-05 1
4.743977e-05 1
6.779506e-05 1
9.935989e-09 176
1.626236e-05 2
4.931165e-05 4
7.178699e-05 5421
4.662142e-05 2
1.150634e-05 5
5.608921e-05 1
3.870621e-05 3
7.008054e-06 2
1.556942e-05 6
1.401265e-04 1
1.454473e-05 1
2.683983e-05 1
9.295134e-06 1
1.649532e-05 2
3.815457e-06 1
2.846007e-05 1
1.769300e-05 3
3.498973e-05 1
8.028023e-05 1
6.875160e-05 1
5.505957e-05 1
1.382901e-04 1
4.036395e-05 5174
2.428959e-07 1
1.424455e-05 4
1.456629e-04 2
8.800366e-05 895
5.932332e-05 1
3.474819e-05 2
4.341548e-05 2
2.266564e-05 180
2.464968e-05 1
8.616548e-05 34006
4.855955e-06 1
2.053332e-05 1
6.363772e-06 3
2.358051e-05 2
8.723770e-05 1
3.581953e-05 1
2.397756e-05 1
2.827328e-05 4
7.857615e-05 2
4.700871e-05 2
5.970608e-07 1
9.513529e-05 241
3.336280e-05 1
5.656742e-05 206
2.128111e-05 1
1.825687e-05 24216
3.691895e-05 1
1.073908e-05 1
3.231962e-05 3
1.795587e-05 3
7.834186e-05 1
3.812494e-05 1
9.057571e-07 7
4.159948e-05 433
6.144950e-06 3
1.975536e-05 1
5.736114e-05 3
1.237372e-06 1
1.558719e-04 334
6.012323e-05 1
8.186401e-05 28994
2.288186e-05 2
5.366627e-05 280
3.853876e-05 1
3.671792e-05 2
2.184177e-05 3
2.744552e-05 1
4.095954e-06 3
2.488111e-05 1
2.633605e-05 6
6.523791e-05 1
7.134188e-06 3
6.973186e-05 2
6.302298e-05 932
3.512331e-06 64
5.187941e-05 1
8.290856e-06 3
1.843496e-05 7
4.170403e-06 1
1.609454e-06 1
3.786155e-05 1
5.783727e-05 2
9.252755e-05 28914
5.441126e-05 1
6.768313e-05 2
1.331306e-05 265
2.075879e-05 1
7.696961e-05 36
6.131442e-05 1
1.815428e-05 1
1.976881e-05 1
1.591240e-05 1
6.150587e-05 2
6.678991e-05 1
7.513870e-05 1
1.960099e-04 1
2.744343e-05 1
5.344918e-05 1
3.857810e-05 1
3.659061e-05 2
8.738859e-05 1
2.499169e-06 1
2.922592e-05 4
1.172075e-05 1
5.158413e-05 1
4.704608e-05 1
4.911046e-05 111
1.044084e-05 5
9.972760e-06 1
3.522901e-05 30738
6.530950e-05 16081
3.207144e-05 6
1.120161e-04 1
1.227353e-04 134
8.817166e-05 4
6.681330e-05 1
8.679392e-05 1
7.856634e-06 7
2.058366e-05 3
4.082166e-05 1
1.410992e-04 1
8.453536e-06 1
8.724301e-05 3
2.070073e-05 2
1.183784e-05 1
2.151904e-06 3
2.054113e-04 1
2.785453e-06 169
5.557280e-05 59549
1.197660e-04 5
1.266410e-05 1
3.179006e-05 5
8.170411e-05 1
1.139908e-05 5
6.558294e-05 1
8.475518e-05 1
1.045305e-05 1
8.548762e-05 1
3.282584e-05 1
1.285295e-04 135
3.539185e-05 4
6.823497e-06 2
4.727188e-05 1
3.393599e-05 1
1.263898e-05 32319
1.482094e-05 2
9.061689e-05 3
2.684364e-05 1183
1.858976e-04 1
1.066627e-05 1
1.514169e-05 3
4.857425e-05 1
2.883478e-04 1
4.953981e-06 1
1.309191e-05 397
2.567627e-05 584702
1.763496e-04 1
2.482096e-05 1
3.690986e-05 244
3.030222e-06 2
2.759798e-05 6
1.960499e-05 1
1.366055e-04 35216
1.197596e-05 3
3.413563e-05 1
1.514007e-05 2
8.662813e-05 2
4.893267e-05 2
3.497340e-06 2
5.429042e-05 2
1.082464e-04 1
1.032084e-05 36555
6.032599e-06 2
1.190575e-05 3
2.392338e-05 1
6.148609e-06 3117
5.848994e-05 226
3.022873e-05 1
3.023622e-05 1
3.042378e-05 1
1.495734e-05 1
5.908148e-05 1
1.431883e-05 1
9.285326e-07 6
2.015144e-05 1
9.514296e-05 1
3.490091e-05 1671
4.635152e-06 111
2.053596e-05 3
2.796133e-05 1
3.024878e-05 2
2.894231e-05 1
5.570357e-05 1
1.049395e-05 1
7.369549e-05 1
1.245510e-05 1
7.755766e-05 1
2.814877e-05 3
3.471005e-05 2
2.244391e-05 1
2.319117e-05 4
4.635346e-05 1
6.916418e-05 1
1.954012e-04 1
1.863203e-05 1
3.895693e-06 52241
4.972586e-05 1
2.506094e-05 5
1.692618e-04 183
1.364899e-05 6
7.183491e-06 2093
1.326499e-05 34
1.839883e-05 1
4.434361e-05 1
2.651878e-05 82
3.894411e-06 1
4.729441e-06 7
1.027771e-05 1
1.014951e-05 3
3.759634e-06 2
4.811341e-05 1
2.413078e-05 4
8.275711e-05 3
1.436148e-04 19445
8.794236e-06 1
3.532095e-05 1
5.405540e-06 1
9.565509e-05 1472
4.899724e-05 555991
3.423593e-05 2
3.745114e-06 1
2.244705e-06 2
5.942087e-05 1
5.379606e-06 1
9.283931e-05 6
3.337070e-05 1
1.899313e-05 5
2.313959e-05 1
7.948724e-06 118
7.887180e-06 1
1.120030e-04 2
3.487635e-06 183
1.592246e-06 188
7.549317e-05 1
9.391758e-05 1
