8.332407e-06 1
4.375912e-05 266
4.755841e-05 1
3.045241e-05 38
2.532465e-05 154
1.815705e-05 1
1.034151e-04 2
4.786341e-05 2
7.122216e-05 1
3.444920e-05 3
2.199865e-06 1
7.527574e-06 3
7.325709e-05 6
2.366978e-06 1451
1.715414e-05 1
5.457491e-05 1
2.644646e-05 1655
5.296424e-05 1
4.827737e-05 1
4.279912e-05 3
3.958777e-05 416819
2.664809e-05 2
7.023192e-05 37
4.934168e-06 1
9.975111e-05 1
4.058827e-05 1763
2.481497e-05 987
1.048505e-05 1
1.340574e-04 3
8.320901e-05 3
1.269202e-05 1
5.954784e-06 11086
1.090553e-04 1
8.336772e-05 7
2.056942e-04 1
3.880633e-05 1
8.465305e-05 7
1.496627e-04 1
3.035852e-05 1
1.096299e-05 3
1.371220e-04 7
1.243776e-04 811
1.853257e-05 3
1.164006e-04 7
4.285754e-05 61
1.013501e-05 1
1.300225e-04 3
1.129339e-06 1
1.216089e-04 7
5.284957e-05 1
4.787003e-05 101
7.552334e-05 1
6.838154e-05 921
1.063744e-04 1
1.742619e-05 3
1.405919e-05 1
1.955594e-05 1
1.503769e-04 1
3.450045e-05 110
6.837029e-05 1
3.509617e-05 2
6.462440e-06 2
1.741067e-05 1
3.133499e-05 1
1.201293e-05 1
2.849488e-05 254
1.172796e-04 1570
1.338911e-04 1
7.165939e-05 449
9.026404e-06 6
1.097107e-05 31027
2.990780e-05 93
2.924729e-04 1
1.153449e-05 1
3.233161e-04 1
4.448551e-05 554
2.654490e-04 6
1.933574e-04 3
7.436155e-05 2
3.347337e-05 1
7.812791e-05 1
8.808711e-07 1
1.105248e-04 32
1.380785e-04 6
1.240881e-04 1
2.387595e-05 73
2.241550e-06 1
1.255484e-05 5157
1.831236e-05 1
7.765202e-05 1
5.231815e-05 2
9.310495e-05 1
2.166752e-04 66
3.293863e-05 1
4.491287e-05 1
3.816771e-05 3
9.386232e-05 1
1.219477e-04 3
1.217814e-05 1
6.673390e-05 1
4.486782e-05 1
1.117656e-04 1
6.190754e-05 1
3.563420e-04 266
7.675090e-05 28058
1.322729e-05 229
4.164984e-05 1
3.278729e-05 2
1.796907e-05 1311
7.569169e-05 1
1.593132e-04 62
9.839290e-05 1
6.797832e-05 876
9.084669e-05 1
6.267557e-05 3
3.244490e-05 1
5.364578e-05 1
6.855358e-05 1
8.767139e-05 1
4.228419e-05 6
2.072885e-05 1
1.413139e-04 2
1.511761e-05 1
3.939988e-05 60731
5.665116e-05 3
1.856327e-04 1907
5.027938e-05 1
1.321087e-05 1
9.285680e-05 132
5.550076e-05 1
7.111832e-05 1
8.537352e-05 3
9.553908e-05 4
6.525261e-05 1
1.284193e-05 35040
1.227848e-05 3
2.550065e-06 4
4.740825e-05 1
9.144807e-05 1
8.719414e-06 1
1.107122e-04 2
4.693073e-05 3
5.219723e-05 16286
6.557953e-05 1453
7.467067e-05 4
1.619874e-05 1
6.471624e-05 3
1.899247e-04 145
2.071096e-05 1
1.066358e-05 708
1.070943e-04 720
7.604831e-05 3
4.520580e-05 1
3.109679e-05 68
3.517068e-05 1
1.708456e-05 1
3.103761e-05 1
3.497765e-06 6
6.078965e-06 200
1.137594e-04 2
4.247810e-05 1
2.263833e-07 1430
1.247435e-04 1
8.147747e-05 3
5.035331e-06 3
3.483325e-05 1
3.264241e-06 3
6.744953e-05 2
2.466092e-04 6
7.394298e-05 5
5.843735e-05 42084
9.101187e-05 7
1.932841e-05 1
7.454338e-05 1
9.067298e-05 6
7.241917e-05 6
1.466813e-04 1
1.170266e-05 169
1.490170e-04 1
1.236673e-04 2
3.123107e-05 2
2.038592e-04 1
1.256542e-04 1
7.796962e-05 1
2.240442e-04 2
1.863172e-05 1
1.759935e-05 1
1.419308e-05 1
3.241612e-06 1
3.121546e-06 1
3.912507e-05 1
5.198934e-05 2
7.937756e-05 1
1.168325e-04 1
1.347778e-05 1
1.794641e-04 3
1.603177e-04 146
5.015967e-06 7
1.424469e-04 1
1.287166e-04 1
3.174327e-05 1
8.780699e-07 1
1.247318e-04 6
1.177312e-05 3
1.895293e-06 175
4.051898e-06 80
6.960763e-05 1
7.616502e-05 2
4.311251e-05 1
3.705048e-05 6
4.049919e-05 3
1.895162e-05 6
1.464798e-04 3
6.874106e-05 1
1.355982e-04 1
5.051057e-05 32585
1.013791e-04 1
1.494813e-04 156
2.277298e-05 1
6.148191e-06 312096
4.483427e-05 1
1.479232e-05 1
5.537538e-05 4
1.083840e-04 2
1.428545e-04 1
4.391082e-05 1
8.924770e-05 1
1.317005e-04 1
8.845545e-05 1
1.007757e-04 164
4.938836e-06 2088
3.350542e-05 1
5.669173e-06 1
1.440974e-04 46
3.101746e-05 1
2.010727e-04 1
2.804946e-04 1
5.929575e-06 1
1.790226e-05 7
1.896686e-04 494
3.741299e-05 19410
5.782064e-06 1
1.380402e-05 1
1.174042e-04 7
7.255258e-06 13
1.729295e-05 1
3.570375e-05 1
1.652219e-05 2
4.292551e-05 1
1.057086e-05 1
1.727005e-05 3
1.295803e-04 181
1.018563e-04 183
9.139336e-05 3
3.843445e-05 6
4.995532e-06 1
7.483347e-05 51831
3.325658e-05 1
6.128679e-05 5
3.923992e-06 3
2.192930e-04 3
4.915548e-05 1
1.112934e-04 183
2.371772e-05 4
2.078214e-05 1
7.148415e-05 35015
6.039951e-05 2
2.415534e-05 4
1.149595e-04 1
9.433783e-05 2
6.366019e-05 1
2.955901e-05 1
1.132804e-05 3
6.455173e-05 2
1.740175e-05 1
5.666956e-05 3
1.100156e-04 1
1.029792e-05 1
2.000350e-05 1
1.246850e-04 146
3.166927e-05 121
1.516775e-04 2
2.488866e-05 1
2.432766e-05 3
5.197604e-05 6
2.216619e-05 1
2.468148e-04 1
4.371593e-05 1
8.586354e-06 47310
3.100071e-05 1
3.686826e-06 1
1.077892e-04 1
9.200278e-05 1
1.387322e-05 4
1.905816e-04 1
1.311079e-05 1180
3.308418e-05 1
1.967506e-05 1
2.122332e-05 1
4.956783e-05 1
4.618461e-05 1
3.880110e-05 7
1.305650e-04 3
4.261459e-05 1
8.089632e-05 229471
1.247530e-05 1
1.705751e-05 2
5.731671e-06 2
2.416034e-05 1
7.204757e-05 1
1.942389e-05 1
4.022839e-05 1
6.221668e-05 1
5.491637e-05 1
1.952509e-05 257
2.986239e-04 5
2.169838e-06 2
2.430447e-04 4
3.901201e-05 59
8.173912e-05 646206
7.271559e-07 1
5.642007e-05 289302
6.749265e-05 1
4.257630e-05 1
5.491317e-05 1
1.837365e-05 2
1.167148e-05 1
1.146896e-04 1
5.574168e-05 146950
4.137514e-04 1
2.571680e-04 1
6.384045e-05 1
6.559423e-05 1
3.958022e-05 1
1.853783e-05 7
2.568644e-05 5
2.796722e-06 1
6.365518e-06 3
1.702135e-04 3
1.237977e-04 1
7.882438e-05 1998
8.324084e-05 1
1.565005e-04 4
6.208349e-05 3
3.164753e-06 1
2.117414e-04 4
3.734592e-06 3
6.332450e-05 59145
3.309800e-05 2
1.461739e-05 1
1.120936e-04 1
2.536871e-05 1
1.741903e-05 1
1.852826e-04 1
2.481068e-05 92
3.307478e-05 1
2.793449e-05 1
1.660430e-04 5
2.339215e-05 1
1.117288e-05 3
3.441439e-05 1
2.411170e-04 1
4.918439e-05 1
1.967838e-05 1
3.965115e-06 1
4.748453e-05 1
1.342470e-05 25
6.575508e-05 32641
1.601822e-06 1
4.578932e-05 3
1.839200e-04 33068
3.379940e-06 3
1.031279e-04 1
2.492213e-05 5
8.720029e-05 697
5.528430e-05 1
1.057649e-04 2
6.368328e-06 1
8.628438e-05 1
6.933799e-05 2
3.613154e-05 1
5.715915e-05 1
4.598652e-05 1
2.641571e-05 1
5.156150e-05 7
1.001925e-04 3
5.203310e-05 546653
1.467495e-04 1
3.858382e-05 109
3.213043e-05 1
2.336074e-04 3
4.427983e-05 1
2.406200e-05 254
3.746931e-05 1
7.506926e-05 1
3.912963e-04 27098
1.682012e-04 3
7.353021e-05 9110
7.758046e-05 2
3.537949e-05 1
1.177497e-05 1
6.428902e-06 87
4.400371e-04 6
5.237429e-05 1
1.101913e-04 3
4.006023e-05 1
3.893874e-05 1
1.611126e-05 1
1.531038e-05 1
1.148314e-04 1
5.334991e-05 71
3.248162e-05 66526
8.809470e-05 1
3.421851e-04 1139
6.708111e-05 1647
4.798844e-05 1
3.285039e-05 5
6.157675e-05 1
1.721252e-04 2
8.225424e-05 1
4.744976e-05 3
1.239766e-05 1
1.136528e-04 3
3.571789e-05 1
9.618688e-06 458
6.164090e-05 1
1.112670e-05 1
2.838727e-05 1
1.821705e-05 145
1.479513e-06 4148
1.133739e-04 909
2.388542e-05 2
1.864593e-06 1
3.496306e-05 1203
5.747235e-06 145
1.165020e-05 6
8.947363e-06 3
1.393458e-04 1
2.476744e-05 1
1.704685e-04 6
8.720451e-05 2
5.601911e-05 105
2.338782e-05 207
2.011917e-05 2
7.064961e-05 2
6.692122e-05 291
6.331636e-05 1
6.632525e-05 5
1.180043e-04 1
5.289430e-05 2
2.440190e-05 1
1.660052e-05 1
1.295552e-04 221
2.076723e-07 7
6.514612e-06 1
1.107426e-05 1
7.222834e-05 6
2.239243e-05 1
9.654691e-06 230
2.994610e-05 57060
2.278527e-05 1
6.752284e-05 33
1.156476e-04 1
4.290111e-05 3
4.645998e-06 1
1.178830e-04 1084
2.831268e-05 2
7.699872e-05 1
1.473196e-05 1
3.541076e-05 1
1.298484e-05 62226
5.229071e-05 1
2.879634e-04 86
3.938527e-05 1
1.193278e-04 1
2.732330e-04 5
3.150658e-04 44782
5.616106e-05 45285
4.308849e-05 1
1.424429e-04 7
2.117925e-05 5
2.160824e-05 4
1.353390e-06 1
1.136674e-04 1
3.875641e-05 3
5.863702e-05 1
8.492002e-05 100
1.093340e-04 1
3.905016e-05 1
3.083482e-07 1
3.669325e-05 1
1.570587e-04 1
1.228443e-04 2
3.156157e-05 2
1.064060e-04 1
1.814961e-05 2
8.190317e-06 1
1.335930e-05 1
1.396534e-04 1
4.170280e-05 2
1.591181e-05 1
7.736423e-06 1
1.754919e-04 3
9.192345e-06 1
3.798063e-04 213
2.488899e-05 7
8.928236e-05 2
9.584747e-05 1
1.593092e-04 1
5.467251e-05 1
3.241578e-05 1
3.331516e-05 1
1.207712e-05 47133
1.116255e-04 7
7.823991e-05 1
1.872239e-04 1
2.528275e-04 6
2.388576e-04 62737
9.830450e-05 56501
1.774389e-04 221
2.256272e-05 626
9.423417e-05 3
1.114049e-04 74
7.671320e-05 1
3.746407e-05 158
4.918057e-05 1960
9.717857e-05 1
4.331183e-06 1
1.520421e-04 27994
2.749841e-05 270265
4.606399e-05 1
1.345876e-04 248
9.785680e-05 1
1.114389e-05 5
9.342796e-05 1
2.110573e-05 46
6.100935e-05 3
1.862411e-04 1
9.363827e-05 2
3.218914e-05 4
1.661784e-05 1
1.256430e-04 3
1.578951e-04 2
1.701485e-04 2
1.724007e-04 1
2.888290e-05 1
1.175298e-04 6
1.248796e-04 1
2.342024e-04 1
1.982013e-04 2
2.648594e-05 1
5.318561e-05 1
3.075284e-05 4
7.600100e-07 1
6.096290e-06 2
9.191812e-06 56572
1.127606e-05 1
5.019667e-05 2
6.506103e-05 1
5.622265e-05 3
3.357843e-05 2
5.676464e-05 1
5.608678e-05 1
3.481332e-05 1
1.273971e-04 167
8.926890e-05 263
1.401876e-04 1
6.535588e-05 1
4.611113e-05 1
4.355821e-06 136
3.277909e-05 1
1.166751e-04 1
1.025452e-04 7
4.332089e-05 1
1.061616e-05 1
1.533391e-04 2
5.914130e-05 1
4.819311e-05 1
3.950642e-06 1
2.281196e-05 1
2.239602e-04 2
9.022805e-06 1
2.426513e-05 1
5.380392e-05 1
5.898965e-05 176
1.717849e-04 2
7.442315e-05 1
1.938265e-04 125
1.249477e-04 1
9.169693e-05 1
1.107505e-05 1
2.720215e-04 5182
4.242777e-05 1
1.554874e-05 3
1.858562e-04 1
4.334763e-05 7
1.186116e-05 464
9.837484e-06 1
1.964177e-05 4
1.052638e-04 7
6.821531e-05 568146
2.045756e-04 1
1.116123e-04 3
2.587620e-05 1
5.603438e-05 1
9.240438e-05 2
2.291913e-04 1
3.114305e-05 1
8.824808e-05 2
3.331540e-05 182
1.762305e-04 28
1.905786e-04 1
5.024899e-05 1
8.466609e-05 6
6.000683e-06 3
2.689182e-05 194
6.114394e-05 1
1.556734e-05 1
1.034523e-05 1
7.664154e-05 106
1.304690e-05 108
1.111842e-04 1
1.582975e-04 1
3.983591e-05 1335
8.961865e-06 2
6.883671e-06 2
4.065033e-05 3
8.448197e-05 1
8.741274e-05 1
1.401065e-04 1
1.728217e-04 6
3.090891e-05 1
1.434177e-04 1
1.199247e-06 7
1.018089e-04 3
3.108127e-07 1
1.786386e-04 2
7.567226e-05 7
1.354491e-04 2
1.167967e-04 2
9.175638e-05 5
7.938261e-05 1
3.561436e-06 2
1.007929e-04 1
1.750982e-04 1
3.956540e-05 1
1.086202e-05 5
1.526042e-04 1
9.059658e-05 1227
2.364590e-05 1
1.140039e-05 299
1.866849e-05 1
5.657949e-05 1
3.805375e-05 1
2.848916e-05 6
7.971496e-05 1
1.231546e-04 3
5.795604e-05 1
8.918785e-05 224
4.304918e-05 2
1.210296e-04 193
5.067590e-06 1
1.427526e-04 4
2.048005e-05 1
2.996601e-05 1
8.826337e-05 1
1.772859e-05 3
1.463722e-05 1
8.289368e-05 4
6.947877e-06 1
3.750007e-05 1
7.066745e-05 1
2.293148e-04 1307
1.690270e-05 2
8.935542e-05 15
8.128487e-05 1
8.588123e-06 1
2.579131e-05 4
9.480192e-05 2
6.464636e-05 1
5.990098e-05 1
4.146724e-05 1
5.402636e-05 1
1.369167e-04 1
7.028877e-05 1
1.692047e-04 3
4.219602e-05 1
3.077682e-05 1343
4.274095e-05 1
9.883695e-05 1
4.069385e-05 6
5.975607e-05 3
4.299571e-05 7
1.309659e-04 2
1.343552e-04 3
7.909631e-06 4
4.253534e-06 1
2.212309e-04 2
4.489889e-05 1
2.318678e-05 36
1.444590e-04 1
1.418439e-04 3
4.342906e-05 1
4.442554e-05 2
1.510843e-04 2
3.382355e-06 5
6.802499e-05 1
3.107231e-05 6
1.214389e-04 1
2.647359e-04 1
6.610877e-05 1
1.525227e-04 1
1.850406e-05 1
6.910796e-06 3
1.562524e-04 1
4.579441e-07 6
1.589855e-04 1
6.103332e-05 3
1.283297e-05 2
1.521598e-04 1
1.936785e-04 1
1.152950e-05 1
2.828143e-05 2
8.633185e-06 1
5.144612e-05 1
6.457750e-05 1
2.008195e-05 7
2.179530e-05 4
4.939742e-06 111
1.296684e-04 3
1.235380e-05 203
1.142936e-05 2
1.441766e-04 46397
1.343420e-05 1
9.856629e-05 1
9.998067e-06 2
8.760259e-06 1
6.417426e-05 6
3.779854e-05 7
1.128754e-04 4
2.206961e-04 3
3.763903e-05 1
1.286036e-05 1
3.950841e-04 7
2.549957e-05 541
1.856602e-05 1
1.035191e-04 6
3.079097e-05 7
2.225738e-05 1
1.663074e-04 1
5.659999e-05 2
1.339473e-05 1
4.103278e-05 28983
3.296191e-05 3
9.225003e-07 1
5.092707e-05 1
2.758166e-05 1717
3.626521e-05 6
7.651148e-05 157
1.060892e-06 1
2.855167e-05 1
8.785186e-05 1
5.846172e-05 3
6.733160e-06 1
1.655085e-06 1
2.723977e-04 1
2.991031e-05 1
6.626142e-05 54
4.165393e-05 2
4.814631e-05 3
2.237285e-04 1
1.373529e-04 1
7.932035e-06 1
1.216693e-04 3
7.666124e-06 2
5.986190e-05 4
1.727436e-04 3
6.307536e-05 13013
7.866752e-05 3
2.766699e-06 97
3.656599e-05 1
9.965466e-06 2
1.528908e-05 1
1.858549e-04 1
2.984508e-05 1
1.051651e-05 1
2.945248e-05 1
7.714305e-05 5
2.419051e-06 1
7.461096e-06 1
8.079163e-05 1
1.727693e-05 1
5.133893e-05 25
2.386600e-05 6
1.345354e-04 1
6.960903e-05 1
2.690524e-06 2
1.689286e-05 3
6.894291e-05 1
5.016222e-05 1
4.982509e-05 1
1.251985e-04 1
6.838776e-05 66152
2.056247e-05 1
6.324574e-06 595324
4.071487e-05 55
9.266738e-05 1
7.749407e-05 4
3.137981e-04 1
1.146192e-04 2
1.383311e-04 1
4.284427e-05 3
7.482448e-05 1
7.079227e-05 3
1.203939e-04 207
6.410872e-06 1
7.193756e-05 59
2.105651e-05 107
1.457885e-05 1
7.799560e-05 1
4.093234e-05 7
1.488636e-05 1
1.103088e-04 1
1.480223e-04 1
2.047055e-05 225
3.959208e-05 162
2.738186e-05 1803
4.370331e-05 1
1.426576e-04 1
9.263458e-05 1
1.297105e-04 1
1.915841e-05 181
3.615475e-05 1
8.782346e-06 1
3.868538e-05 23230
2.820597e-05 1
7.921168e-05 1
7.623078e-05 2
5.811649e-05 5
7.153547e-06 3
6.090539e-05 4
9.527637e-06 265
2.827888e-04 1
1.695888e-06 1876
9.062462e-05 1
5.921999e-05 2
2.845951e-05 1
9.983641e-05 2
3.790960e-04 1
7.643489e-06 1
3.905113e-05 2
4.018147e-05 3
2.682672e-05 1
2.801701e-04 1
2.361440e-04 3
2.723144e-05 2
8.277675e-05 1
1.950726e-04 1
8.332411e-05 1
6.785895e-05 3
2.693273e-04 129
5.988854e-05 2
1.895495e-04 1
5.167177e-06 2
1.451325e-04 7
6.306305e-05 1
1.132018e-05 7
1.579955e-04 1
1.386540e-05 1
4.657517e-05 3
2.462357e-05 4
9.626646e-06 1
2.603522e-05 4
1.967966e-04 1
1.525276e-04 1
8.443937e-05 1
3.851073e-05 1
4.011509e-05 2
1.478691e-04 243
6.284946e-05 1
8.412375e-05 1
4.849949e-05 1
6.158856e-06 301776
2.902960e-05 1
7.579648e-06 3
1.319940e-04 3
1.870257e-05 1
9.826330e-05 1
2.054253e-05 2
3.036408e-05 6
6.595870e-05 1
1.164912e-05 3
1.302993e-04 1910
9.611214e-05 1
5.974080e-05 2
1.780524e-05 3
9.110126e-06 1
1.390059e-05 1
1.064738e-04 1
8.380772e-05 1
4.362624e-05 3
1.417281e-04 1
1.157228e-04 106
1.900608e-05 265
1.268472e-05 1
3.772864e-05 1
6.960767e-05 6
1.070449e-04 2
1.581859e-04 3
3.380982e-05 1
1.373407e-04 1
5.486653e-05 30
8.805901e-05 6
4.654814e-05 1
1.285805e-04 2
4.173654e-06 1
1.003738e-04 3
3.058848e-05 1
4.881252e-05 208
1.085461e-04 1
9.741685e-05 1
1.304053e-04 3
2.495888e-05 2
2.286444e-05 2
1.189438e-05 864
2.355549e-06 1
2.133967e-05 245
2.711019e-04 2
7.016033e-05 1
3.796568e-04 1
8.982603e-05 1
7.834632e-05 1
2.434212e-05 1
1.657984e-06 1
1.372487e-04 1
3.339297e-05 1
5.993179e-05 1
3.584049e-05 63802
9.828097e-08 1
2.547861e-05 140
1.202633e-04 1
6.741346e-06 1
1.855483e-05 2
1.852239e-06 1
5.885303e-05 3
3.432426e-06 4
3.175365e-05 1
3.932263e-06 2
3.999392e-05 112
1.155157e-04 9
3.160831e-05 3
6.657977e-05 3
1.235008e-04 1
2.821233e-05 1
6.974997e-05 3366
7.585231e-05 1
7.908658e-08 2
2.243663e-06 4
1.879797e-04 1
1.737163e-04 1
6.857099e-05 5
2.724041e-04 2
1.866338e-04 105
2.139245e-04 1
2.266935e-05 220
1.978224e-05 3
2.337627e-06 6
1.080925e-05 3
1.544123e-04 7
4.292775e-05 1
2.501655e-04 1
2.207586e-05 63288
1.552672e-04 1
1.803268e-05 1
7.704985e-05 1
1.965236e-04 1
4.416932e-05 20
5.455676e-06 1
1.439174e-05 638
4.539783e-05 2
2.817809e-04 1
2.172485e-05 2
9.118848e-05 1
3.858450e-05 12631
3.333655e-05 726
2.822381e-04 1
3.511690e-05 1
3.899725e-05 1
3.824854e-05 1
3.883501e-05 1
3.443258e-06 3
5.376406e-05 5
4.034090e-05 3
1.766480e-05 1
1.944183e-05 1
2.965638e-04 1
1.326575e-05 6
1.801482e-04 3
2.925766e-05 1
1.103132e-05 1
3.170524e-05 1
7.133214e-05 2
3.864515e-05 6
7.879354e-05 1
5.711859e-06 60271
2.718517e-05 195
7.294178e-05 63
1.095779e-05 3
6.550724e-05 1
1.089836e-05 1
4.350513e-05 1
3.655861e-05 1
5.946169e-05 6
5.472674e-05 1
1.910321e-05 1
4.296458e-05 1
1.915568e-05 3
4.731549e-06 1796
6.535954e-05 1507
1.724356e-05 1
2.055349e-05 2
4.936449e-05 6
1.737653e-05 354
1.192250e-04 1
8.724882e-06 5
5.726116e-05 1
1.894647e-05 13154
1.390326e-04 2
2.401387e-04 2
1.159160e-04 1
1.405643e-05 1
2.129039e-05 4
2.087992e-05 3
7.528203e-06 1
2.858072e-05 2
9.196283e-05 2
1.533482e-05 4
7.254209e-05 266
9.748197e-06 1
6.899612e-05 2
6.292301e-05 1
3.024300e-05 1
1.198786e-04 1
4.207490e-05 2
9.682125e-06 210
4.932563e-05 10
1.366393e-05 1
3.026690e-06 1
4.787779e-05 121
1.260866e-05 1
4.722164e-05 1
1.934804e-05 1
1.104106e-04 1
5.357465e-05 1
1.774527e-04 1
9.490328e-05 1
5.616385e-05 1
1.206607e-04 3
2.395199e-05 6
1.644788e-05 1
1.770131e-05 1
5.832391e-05 541
1.952358e-05 61882
4.825528e-05 1
2.162362e-04 1
1.012603e-05 103
8.498123e-05 1
1.547307e-04 570
4.635923e-06 2
1.075376e-04 197
7.262228e-06 1
2.393421e-04 1
8.874049e-06 2
7.668061e-07 1
8.330165e-05 1
6.127081e-05 7
4.891118e-07 1
8.279937e-05 3
4.084527e-05 5
3.132062e-05 1
2.727725e-05 1
2.428647e-05 1
2.311252e-05 66554
2.348631e-05 2
5.944890e-06 1
1.909860e-05 1
1.418306e-04 1
1.457824e-04 1
2.952844e-05 45
3.108718e-05 1
2.564226e-05 10088
1.815005e-05 3
4.754084e-05 1
1.007907e-05 338
5.336689e-05 1
1.072969e-04 7
8.580232e-05 1
8.714372e-05 4
4.234092e-05 1
5.505675e-05 3
7.068404e-05 4
6.846128e-05 1
1.592657e-04 1
5.851379e-05 1
2.737666e-05 6
3.299616e-05 407497
3.160247e-05 1
3.074618e-05 1
1.846608e-05 1
8.893860e-06 1
6.108678e-05 2
2.396409e-05 1
4.258522e-05 3
1.269119e-04 249
1.311820e-04 20429
9.266303e-05 1
8.300484e-05 1
3.042656e-05 1
1.216095e-04 2
5.237592e-05 152382
1.512266e-04 1
1.064670e-04 3
1.388897e-04 1
5.877528e-05 111
1.075038e-04 3
1.845732e-04 3
3.802661e-06 1
5.253188e-05 88
1.929209e-04 167
1.719070e-06 1
1.518857e-04 76
7.738375e-05 1
4.498249e-05 1
5.367433e-05 1
2.622119e-05 7
9.204406e-05 846
1.756418e-05 1
1.295796e-04 1
5.718291e-06 781
3.413257e-05 1
1.128388e-04 1
6.605982e-05 1
5.621091e-05 1266
7.511558e-05 1
1.966808e-04 1
7.744826e-05 193
1.124502e-05 6
4.503636e-05 1
1.077258e-04 1
4.179889e-05 6
3.393880e-06 266
1.653956e-04 1
8.715765e-05 1
1.135190e-04 3
7.205905e-06 1
6.656996e-05 2
1.796934e-05 1
3.901788e-05 226
6.829215e-05 1
2.778447e-04 1
5.972853e-05 4
1.609854e-04 2
2.272707e-05 1
1.477951e-05 1
2.919029e-05 2
2.188602e-04 1
1.665368e-05 1
6.991841e-05 160
1.037217e-04 2010
8.084361e-05 2
3.761646e-05 3
4.301571e-05 3
7.773473e-05 2
1.650683e-05 1
1.274023e-04 29924
8.742080e-05 4
1.834881e-05 3
3.753106e-05 1
6.698565e-05 3
4.134190e-05 1
1.617682e-05 1
2.866083e-05 3
3.069156e-05 3
9.901980e-05 2
4.669424e-05 207
2.204725e-04 1
1.336836e-05 2
3.894513e-05 1
2.796953e-04 1
1.258820e-05 7
4.806641e-05 1
8.152511e-05 1
5.178540e-05 1
1.015542e-04 5
1.019415e-04 1
1.066042e-05 3
7.152621e-05 1
2.594808e-04 1
1.099280e-04 2
9.079166e-05 5
5.135845e-05 1
1.472140e-05 6
5.690492e-05 1
5.241863e-06 2
1.153775e-04 4
1.960651e-05 107
1.932562e-05 1
3.593925e-06 5
6.241528e-05 3
5.726509e-08 26142
2.728411e-05 1
3.134709e-05 1
1.982468e-06 230
5.346680e-06 6
1.924984e-05 1
8.979486e-05 1
4.325432e-05 2
2.120371e-04 1
5.192848e-05 4
1.683332e-05 1
1.478031e-04 1
1.582085e-05 1
7.299383e-05 151
4.087062e-05 1
1.001396e-04 1
2.070289e-04 26
4.164100e-06 5
1.283208e-05 1
1.678505e-05 1
6.127346e-05 1
1.095620e-05 5
1.179042e-05 1
2.718475e-05 65887
8.711408e-05 2
1.345857e-04 2
2.098648e-04 2
3.662216e-05 14100
2.217882e-04 3
8.914788e-05 7
1.292363e-05 1
1.330302e-04 1
4.398760e-05 1
3.881335e-04 1
1.139705e-05 7
5.824391e-05 22
7.729278e-05 3
7.308287e-05 1
1.651764e-05 2
3.998347e-05 2
2.106735e-04 1
3.957816e-06 1
3.595036e-05 19170
1.968233e-04 1
2.907984e-05 1
7.300251e-05 4
5.101682e-05 1
5.386052e-05 1
2.392755e-05 1
1.894843e-05 1
5.960403e-06 1
4.297891e-05 1
1.444094e-05 6
1.168818e-05 1
1.408834e-04 1
1.639498e-04 3
6.168169e-05 165
4.458265e-05 1
1.251143e-04 1
1.428349e-04 1
2.786771e-06 2
1.840967e-05 1
1.293139e-04 1
2.290449e-06 3
3.131301e-05 1
4.545666e-05 3
6.027823e-06 3
1.497707e-04 1
1.796396e-06 1
3.343125e-05 1
9.773791e-05 1
5.836628e-05 1
3.100544e-05 1
1.094633e-04 7
4.845273e-05 1
1.458235e-04 1
1.393369e-04 161
7.011642e-06 3
6.695890e-05 1
6.694174e-05 606478
3.817279e-04 1
4.845875e-05 1
3.062204e-05 1
9.305521e-05 2
2.000363e-04 686
1.383510e-04 3
5.758562e-05 3
2.318688e-05 1
2.170877e-04 1
5.032930e-05 1
6.879533e-05 1
5.023894e-05 1
3.339558e-05 1
4.837779e-05 1
6.838065e-05 1
4.927405e-05 158
6.759337e-05 2
1.251632e-04 1
4.997833e-06 3
2.200541e-06 1
4.836233e-05 139
9.461155e-05 6
4.456957e-05 128
1.328375e-05 1
5.145152e-05 1
2.999633e-05 3
7.820133e-05 54
1.964100e-04 1
1.639352e-05 2
9.148472e-05 1
1.911900e-04 1
2.028197e-05 5
3.365381e-05 46035
2.060476e-06 1
3.007053e-05 2
3.274603e-05 1
1.321067e-04 214
6.592920e-05 1
4.330807e-05 1
5.838449e-06 1
1.095965e-04 1
2.017159e-06 3
4.294774e-05 304377
2.436256e-05 5
1.865688e-04 3
6.515314e-05 2
7.916625e-05 1093
3.011077e-05 3
1.338169e-05 1
3.821700e-05 6
4.058090e-05 3
7.684189e-05 5
1.418433e-04 1
2.188181e-05 1224
2.210448e-05 2
1.758827e-05 6
1.885485e-05 6
1.630040e-05 3
1.014611e-05 211
9.492505e-05 167
8.819665e-06 1
1.167712e-05 3
2.511836e-05 131
8.344217e-06 3
8.709208e-06 1
2.123392e-05 1
5.750912e-05 16568
1.954795e-05 1
5.851013e-05 2
1.375259e-04 3
2.781213e-05 1
1.981807e-05 1
2.362992e-05 3
1.028051e-05 1
2.722864e-05 1
5.993305e-05 1
1.338121e-05 2
1.120698e-04 1
4.017130e-05 1
1.126685e-05 1
8.682190e-06 2
1.195749e-04 2
4.510480e-06 1
6.230424e-05 3
5.249142e-06 1
7.637294e-07 1
3.783607e-05 1
2.342592e-04 2
1.461261e-04 7
2.061902e-04 1
9.702355e-05 3
2.249866e-05 265
2.640448e-05 1
9.971924e-05 1
2.052945e-04 1
1.007946e-06 2
9.525416e-05 1
1.645842e-05 4
8.510402e-05 1
5.911240e-05 1
5.900770e-05 1
3.608712e-05 2
7.329429e-05 4
1.280150e-04 4
5.655408e-05 1
1.671553e-05 1
2.193149e-04 1
4.081055e-05 3
1.018696e-04 7
1.144532e-05 6
7.562833e-06 3
6.901821e-05 1
1.068237e-04 2
4.986273e-06 24456
5.006933e-05 1
1.724168e-05 1
1.197443e-04 1158
2.264930e-05 7
1.409271e-04 1
3.599985e-05 1
1.157068e-04 492128
2.887720e-05 4
3.775934e-05 1
7.298974e-05 72
1.408559e-05 7
7.549559e-06 60
9.567230e-05 3
5.983521e-05 1
1.070630e-04 1
1.135149e-05 1
3.353500e-05 1
9.576017e-05 1
4.335282e-06 3
1.873326e-05 1907
1.168860e-04 1
4.199835e-05 230
4.129407e-05 1
1.277648e-05 1
1.847443e-05 1
1.053550e-04 1
2.288874e-05 1
1.689711e-05 3
5.688922e-05 3
1.013123e-04 1
1.309373e-05 1
4.523991e-05 1
8.448027e-06 1
5.086247e-05 3
2.962923e-04 2
2.791617e-05 1
1.120862e-04 1
7.693523e-06 2
5.198902e-06 3
8.702866e-05 1
4.646475e-05 658453
4.494625e-06 1
3.059409e-05 2
1.863106e-04 1
1.028860e-04 2
5.067232e-05 1
1.942975e-04 1
5.717149e-05 5
1.254908e-04 111
2.688900e-06 2
5.737276e-05 1
2.054133e-05 1
8.945761e-05 2
6.111472e-05 1
3.206921e-05 7
1.414574e-04 1
2.569766e-04 4
6.335748e-05 3
2.616129e-04 1
1.095560e-05 1
9.278975e-05 103
1.634679e-05 1
5.781507e-05 1
1.052516e-04 159
9.469882e-06 1
1.248208e-04 1
1.567970e-06 1
1.033485e-04 1
1.498930e-05 3
3.209744e-05 2
1.187484e-04 2
6.236613e-05 2
5.525224e-05 1
2.240555e-06 1
4.881086e-05 12950
1.336687e-05 1
4.427781e-05 1
1.533916e-04 1
1.184926e-04 74
1.802007e-05 1
3.467929e-05 1
1.612734e-04 1
1.110507e-04 155
3.838586e-05 1
3.179761e-06 1
9.091999e-05 1
1.518650e-04 5
1.058501e-04 1
1.873180e-05 7
2.099940e-04 20
9.245774e-05 2
3.564053e-04 1
6.616685e-05 4
4.196462e-05 1
2.301054e-05 1951
1.761703e-05 930
1.834344e-05 1
6.620908e-05 1
9.363137e-06 2
3.103730e-05 1
5.841063e-05 128
3.328345e-06 1
2.500290e-05 184
7.677469e-07 1
2.003558e-04 1
4.945082e-05 1
7.204982e-05 1
2.505712e-05 1
4.099062e-05 1
2.703104e-04 7
1.249124e-04 1
9.415172e-05 1
2.379405e-05 22236
2.354950e-04 244
1.385844e-04 1
5.433301e-05 5
2.303461e-05 2
4.004672e-05 1
1.074346e-04 1930
3.573700e-06 3
7.788517e-05 39
2.045852e-05 216
2.952426e-05 1
3.308177e-05 1
6.576499e-05 2
4.862531e-05 6
1.855435e-05 1
8.016195e-05 464079
7.463964e-05 1
5.911241e-05 1
1.105782e-04 1
4.400919e-05 994
3.009850e-05 2
7.499722e-05 1
1.289114e-04 1
1.019568e-04 724
2.750573e-05 195
8.468891e-05 3
9.172375e-05 2014
1.972086e-04 2
2.746048e-04 233
6.097841e-05 2
4.483707e-05 220
1.375528e-04 5
1.009490e-05 223
6.427892e-05 5
8.665036e-05 5
3.852705e-05 1
2.414130e-04 1
2.102407e-05 2
6.690120e-05 3
7.374128e-05 1
1.173457e-04 3
3.812157e-06 1
9.168292e-05 1
2.381415e-06 5
3.770399e-05 3
1.541919e-05 1
3.221966e-05 75
2.392383e-06 1
4.033349e-05 1
4.576845e-05 1
1.375726e-04 2
4.150275e-05 3
3.332529e-05 2
1.210451e-04 1
5.574177e-05 1
5.477941e-05 4
2.032616e-04 2
1.143035e-05 2
2.512611e-05 3
4.183336e-05 1
1.016870e-04 6
2.860299e-05 1
8.142083e-05 1
1.159282e-05 1
1.314721e-05 1
2.144555e-05 2
2.105928e-05 1
3.506071e-05 1
1.019723e-04 1
5.435229e-05 1378
2.947788e-05 1
2.426932e-05 2
1.482420e-05 1
9.385983e-05 1
3.232188e-04 5
1.098359e-04 1
1.059763e-04 5
2.768034e-06 1
4.875576e-05 1
2.467280e-05 1
4.197096e-05 1
1.977717e-04 4
6.475225e-06 1
6.959328e-05 1
6.414678e-06 2
6.660296e-05 7
5.801534e-05 7
5.453311e-06 1
3.585530e-05 3
2.341146e-04 1
2.569098e-05 1
8.417220e-05 21
8.068896e-05 1
7.851805e-05 1920
4.871896e-05 1
3.305553e-05 1
1.178970e-04 943
1.074484e-04 3
1.122762e-04 165
3.629565e-04 3
1.123815e-04 40361
2.763058e-05 1
1.041568e-05 1
6.065630e-05 1
3.649000e-05 2012
6.098023e-05 1
5.256054e-05 1
1.212388e-04 1
1.030565e-05 1
2.041419e-05 1
8.748051e-05 1345
3.614328e-05 3
1.114012e-04 103
9.616931e-05 3
8.807268e-05 110
1.135774e-04 1
1.695586e-05 44552
1.203613e-04 4
4.105777e-05 1
1.833399e-06 30
1.246768e-04 1
1.296768e-04 3
8.162903e-05 1
4.557777e-05 242
2.626651e-04 3
2.168999e-06 1
1.066235e-04 5
4.697549e-05 1
5.750317e-05 194
1.935755e-04 3
1.644662e-05 1
3.627457e-05 1
1.708207e-04 65528
1.702739e-05 99
1.283754e-04 5
3.599833e-05 2060
5.131735e-05 15679
1.006041e-05 1
5.130143e-05 36
4.108557e-05 1
2.053175e-05 6
5.340862e-05 678
3.556764e-05 110
1.869502e-04 7
6.634095e-05 3
4.357196e-05 585
1.065515e-05 1
2.118631e-05 1
5.157295e-05 197
5.100596e-05 1675
2.318278e-06 1
1.920491e-05 1
3.017763e-04 1
1.981872e-05 2072
2.057762e-05 1
3.644936e-05 1
9.995819e-05 192
8.392768e-05 5
4.040964e-05 1
7.965812e-06 82
1.807666e-06 1
8.658931e-05 1
8.331989e-05 1
6.081026e-05 1
7.139806e-06 4
2.303216e-07 1
2.113781e-04 1182
1.004309e-04 1
4.825329e-05 1
3.437161e-05 1
7.361506e-07 1
1.727016e-05 21
1.977425e-05 22
1.752532e-04 1
2.294688e-05 1
2.690641e-05 1871
5.722152e-05 1
2.448921e-05 1
8.760960e-05 1
1.502815e-04 1
1.073320e-04 3
1.486156e-04 5
3.241326e-05 1
3.570038e-05 1
6.005067e-05 2
5.010634e-05 3
1.768246e-04 3
1.633391e-05 5
1.142049e-04 2
4.062198e-05 1
4.931842e-05 1
1.209594e-04 1
1.487353e-05 5
5.330304e-05 1
8.447726e-05 67
5.416118e-05 3
1.323819e-05 1
1.078046e-04 86
7.780577e-05 3
9.292473e-06 1
1.914242e-04 3
3.340799e-05 4
5.761211e-06 1
7.748348e-05 1
6.373901e-05 3
3.997866e-05 1
1.053406e-04 4
4.441166e-05 1
1.665514e-05 1
1.604914e-04 1
8.377830e-05 1
6.761498e-06 1
1.102870e-04 133
2.690340e-05 52928
1.206415e-06 3
8.547342e-06 176
1.011212e-05 45948
9.410399e-05 1
2.964752e-05 367727
2.344385e-05 1
8.620710e-05 2
1.198427e-04 4
2.283010e-05 1
1.053084e-04 1
4.362109e-06 1
9.802327e-06 3
1.557231e-04 17489
4.692646e-05 6
6.943473e-05 1
1.525150e-05 1
1.128709e-05 1
1.357143e-05 1
5.571740e-05 102
4.552042e-05 1
1.093308e-04 151
4.860043e-05 1
1.314929e-04 1
1.968218e-04 1
6.695525e-06 463778
1.843304e-05 59
2.621281e-05 1
1.618846e-06 1
3.572957e-05 2
9.526570e-05 1
8.236414e-05 2
1.850867e-04 1
8.505648e-05 2
3.091587e-05 645307
1.213526e-05 3
2.143847e-05 6
3.298077e-05 2740
9.118213e-05 1
5.024154e-05 3
8.804061e-05 1
7.144612e-05 6
3.674431e-05 1
1.278368e-04 1
2.672341e-05 5
5.626157e-05 1
1.531475e-05 1
2.935223e-05 1
5.503471e-05 7
4.503607e-05 68
1.561048e-04 1
6.435803e-05 1
4.602122e-05 1
1.853744e-04 2
9.438608e-06 1
1.195104e-05 1
8.194149e-05 2
4.920558e-05 2
6.313630e-05 1
9.788481e-06 5
1.160591e-04 1
1.336485e-05 1
6.624092e-05 6
8.689994e-05 6
2.109641e-04 116
1.962752e-05 165
6.447259e-05 1
1.920953e-04 1
1.010868e-04 6
7.634638e-05 2
4.451186e-06 1
2.924550e-05 1
1.098716e-04 1
1.135300e-04 1
1.094542e-04 362318
8.321730e-05 39363
8.828080e-05 2
3.216985e-05 1
1.708352e-05 1
2.328785e-04 90
1.240357e-05 2
1.670663e-04 6846
8.465180e-05 6
1.019122e-04 21197
1.637265e-05 1
2.701653e-06 1
7.363603e-06 1
9.260699e-05 2
5.666276e-05 6
1.115901e-04 4
2.827577e-05 3
1.259688e-04 1906
2.407757e-05 1
3.853154e-05 5
2.085787e-06 1
4.274798e-05 1
4.237784e-05 6
4.943300e-05 86
1.886718e-04 1
3.055437e-05 1435
2.809670e-05 3
7.229030e-05 1
7.301292e-05 3
2.578977e-04 1
4.652402e-05 1832
1.285365e-05 7
4.434517e-05 1020
6.477032e-05 1
3.198551e-05 849
1.645403e-04 1
3.360662e-06 2
1.402469e-05 1
3.974035e-05 1
1.303529e-04 1
1.145147e-06 1
1.174329e-04 1
2.608363e-05 42
2.820151e-05 2
5.726857e-06 1
1.894841e-04 1
6.245922e-05 2
7.654147e-06 4
2.616616e-05 1
7.610635e-07 2
1.761817e-05 1
4.058548e-04 7
5.314230e-05 1732
5.630447e-05 7
4.286173e-05 3
6.536218e-05 1
1.664841e-05 3
1.021288e-04 2
1.216713e-04 1
1.807084e-05 702
4.676993e-05 2
3.121690e-05 1
3.390673e-05 1
1.754062e-05 100
1.301033e-04 1
4.303071e-05 214
7.769031e-05 1
1.303079e-04 7
2.118376e-04 6
2.502278e-04 1
8.768491e-05 1
2.755699e-05 6
2.278396e-05 1
1.846086e-05 1
1.253316e-04 1
6.846145e-05 1
3.445326e-05 1
4.775237e-05 1
4.609252e-05 1
1.271184e-05 2
1.305256e-04 1
5.469043e-05 7
1.116369e-05 1
1.188359e-04 44308
2.024551e-07 1
1.093970e-05 1
8.163281e-06 261
1.255777e-04 1
1.501158e-04 1
8.244985e-05 1
1.301757e-04 1
1.987128e-05 255
2.118738e-05 2
1.269422e-06 1
2.970815e-05 1
3.893811e-05 6
1.258657e-05 1
1.101372e-05 1
1.912616e-05 2
2.098724e-06 1
2.062605e-05 26246
1.311379e-04 3
1.803778e-05 181
1.890320e-04 5
1.512663e-04 207
2.697715e-05 6
1.973252e-05 1
3.284569e-05 1
6.035883e-06 1
8.857238e-06 1
1.135543e-05 1
6.965663e-05 2
3.911658e-05 2
5.538259e-05 1
4.612095e-05 1
7.625298e-06 482241
4.079685e-05 1
9.728927e-06 1372
1.364282e-04 1506
1.015847e-05 1
1.069236e-04 2
1.482812e-04 3
2.378781e-05 1
1.080144e-04 879
3.313600e-05 1
1.810914e-04 1
2.983208e-04 1
1.255625e-04 258
3.509204e-06 104
3.953036e-05 1
1.254379e-06 1601
1.114043e-04 4
1.272304e-04 2
8.856141e-05 1
1.505871e-04 1
1.544489e-04 33287
4.502481e-06 1
2.040882e-05 1
3.247463e-05 54420
2.468186e-05 47
5.909293e-06 3
2.786400e-05 1
1.998603e-05 1
1.674352e-05 1
8.513563e-05 36013
2.193410e-06 1
9.606688e-06 35
1.007274e-04 214
1.205660e-05 3
4.733505e-05 1
4.653353e-05 1
9.705165e-06 1
8.706164e-06 3
9.420929e-05 1
2.340014e-05 1
8.429027e-05 79
3.975826e-05 1
4.903317e-05 1
8.170820e-06 1
5.605437e-05 1
9.338349e-05 1
8.074294e-05 1
8.956277e-06 3
7.037976e-05 1
1.254089e-05 520054
4.170132e-05 2
1.515687e-04 1
1.664022e-05 1
2.195428e-04 110
5.183816e-05 1284
6.881871e-05 1
5.380611e-05 1
7.391581e-05 1
6.483709e-05 1
1.514928e-04 2
3.789810e-05 1
3.770723e-05 181
7.434381e-06 1
1.987912e-05 3
1.709933e-06 1
1.073698e-04 1
1.070662e-04 3
3.501114e-05 1
6.216971e-05 1
5.486223e-06 1060
7.449256e-06 1
3.644347e-05 1
5.308847e-05 224
6.780930e-06 38448
5.731981e-05 12740
6.308968e-06 1
5.150356e-05 5
9.560858e-05 1
2.745402e-05 7
5.034895e-05 3
5.605588e-05 2006
2.703066e-05 1
1.978800e-04 2
1.006120e-04 3
1.576486e-05 65184
2.816288e-05 136
3.356177e-05 195
5.720509e-05 1
5.507907e-05 2
4.783679e-05 6
4.517945e-05 35
6.094568e-05 2
1.946903e-05 1
1.171814e-04 1
5.820707e-06 3
1.635591e-04 317
1.324942e-04 1
2.440986e-05 2
1.622615e-05 3
1.838806e-04 3
3.953425e-05 1
1.150870e-04 4
4.679093e-05 116
1.271040e-04 3
2.100105e-05 2
9.507271e-05 1
5.870121e-05 43
3.071098e-05 6
1.961632e-05 1
2.328973e-05 1
5.169003e-05 264
5.941652e-05 1
2.364987e-04 1025
1.007734e-05 243
3.073143e-05 6
7.774368e-05 1
9.288135e-05 3
1.051878e-04 52
5.237998e-07 159
1.710650e-05 2
1.491484e-05 11198
3.000985e-05 1
1.380437e-04 1
3.080097e-05 67
1.127094e-04 1
2.158641e-05 1
4.688177e-06 1
2.169165e-05 1
1.242397e-04 1
6.606251e-05 1
4.124374e-04 25625
1.416654e-04 1
8.163740e-05 2
1.322592e-04 2
6.188949e-06 126
9.446973e-05 7
8.126021e-05 139
1.891201e-05 239
5.105049e-05 228
1.101674e-04 1
2.442522e-05 262
7.469730e-05 1
4.233642e-05 3
1.214459e-05 1285
7.576245e-05 1
4.633345e-06 3305
1.831563e-05 1
5.506992e-06 1
2.954804e-05 3
1.204543e-05 1
1.244569e-04 79
2.945858e-06 1
4.594715e-05 1
1.543816e-05 1
2.677932e-05 1
1.784324e-05 1
5.672522e-06 178
3.853848e-05 219
4.579524e-07 1
1.106173e-04 3
5.059377e-05 1
4.424479e-05 3
8.017410e-05 3
9.547837e-05 1
2.225546e-05 2
5.639692e-06 12
2.352315e-04 1
8.874399e-05 2
2.038525e-06 962
5.456304e-05 1
7.260150e-05 36356
6.116010e-05 1
7.791031e-06 6
3.435082e-05 4
4.221665e-06 1
1.358779e-04 1
1.328474e-04 147882
1.523084e-05 1
9.903191e-05 1
4.606788e-05 1
1.310822e-04 1
1.247620e-04 1
2.822646e-05 1
1.371424e-04 1
1.029864e-04 1
1.376071e-05 1
2.239239e-06 2
1.821484e-04 1
5.830790e-05 1
4.227293e-06 162020
1.545089e-05 1
1.647596e-05 6
2.205979e-05 1
6.345696e-05 2
8.740973e-05 1
7.384031e-06 1
4.263355e-05 1
5.332703e-05 1
4.050680e-05 1
4.818607e-05 1
1.702400e-05 148
7.118394e-05 2
7.819513e-05 1
2.228813e-04 1
1.345391e-04 160
3.096027e-05 1
7.927066e-05 1
5.631421e-05 1
1.652175e-04 2
8.419976e-05 1
5.188461e-07 5
1.467974e-04 150
5.112158e-05 1
1.379843e-04 1
1.233345e-04 2
4.694281e-05 1
1.080564e-04 3
1.456676e-05 1
2.594401e-05 1
1.964448e-05 174
3.172497e-05 1
1.520505e-04 1
8.962488e-05 1
9.116061e-05 5
1.150951e-05 1
7.688807e-05 112
2.656389e-04 1
2.057439e-05 27329
1.408919e-04 3
6.196736e-06 1
3.711314e-05 69
1.390850e-05 1
9.272979e-05 1
6.087977e-05 1250
1.177130e-04 1
6.619778e-06 217
8.447071e-06 1406
6.589471e-05 3
8.344084e-05 1
2.862306e-05 4
6.444881e-05 1
4.845218e-05 128
2.140970e-04 1
2.528531e-05 6
9.481304e-06 1
5.106755e-05 1
1.355113e-05 246
1.776791e-05 1
3.100294e-04 1
1.402541e-04 23068
1.059942e-05 2
1.315399e-04 1
1.387419e-04 1
9.145049e-06 1285
3.726141e-05 1
1.525951e-04 3
2.996891e-05 38305
3.503679e-05 1732
3.217838e-05 7
4.172724e-05 2
1.314500e-05 203
8.339169e-05 12
4.664948e-05 2
1.649652e-05 1
2.080560e-04 1
3.822573e-05 946
1.192681e-05 1
4.450814e-05 248
2.289711e-04 1
1.731345e-06 1
5.343076e-05 1
5.124423e-05 2
5.467299e-05 3
3.388691e-05 1
1.763868e-05 6
5.308688e-05 185
8.694280e-05 1
4.881458e-05 3
7.299057e-05 1
3.104869e-05 813
8.657448e-06 2
8.470584e-05 1287
1.707026e-04 1
3.793059e-05 6
5.054144e-05 5
3.863842e-06 49
4.383304e-06 5
2.857738e-05 2
8.405449e-05 1686
2.119415e-05 1
2.820597e-05 2
5.418202e-05 1
5.875517e-06 1
3.433906e-04 1
1.557611e-04 1
4.476699e-05 39910
1.019899e-05 1
2.081653e-04 1
5.577400e-05 1
7.419662e-05 1
2.611960e-04 1
7.501128e-05 71
9.947199e-05 2
3.060324e-05 1
1.570207e-04 1
1.034926e-04 1
8.005769e-05 1
1.151753e-04 6
1.642884e-04 1
6.560332e-05 3
1.569729e-04 1
1.808313e-04 1
5.627167e-05 1
7.676988e-05 1
3.660832e-05 1
3.249370e-05 1
3.290856e-05 2
3.169992e-05 6
3.734379e-05 6
2.836924e-04 36648
2.385770e-05 4
9.349494e-05 331
6.392180e-05 1
7.048565e-05 1
9.356225e-06 2
2.230129e-05 28098
4.796966e-05 530
2.180292e-05 92
3.495786e-05 1
1.127996e-04 1
1.566028e-05 1
8.704059e-05 1
1.810959e-05 3
1.780363e-04 1
3.733761e-05 1
5.335997e-05 1
1.504329e-04 2
4.164401e-06 1
5.739824e-05 2
5.985799e-06 36
7.692321e-06 2
1.441950e-05 3
5.015294e-05 149
6.069864e-05 1
6.974412e-05 1
2.374076e-05 2
2.310389e-05 3
1.127375e-04 1682
1.207155e-04 1
2.553908e-04 14358
6.491060e-05 1
1.300863e-04 396
4.050821e-05 1
8.780843e-05 311
1.139354e-05 1
2.809708e-05 1
1.287986e-05 1
1.665828e-04 230
8.264356e-06 1
1.844333e-04 1
2.607194e-05 2
9.035009e-05 1
4.332425e-05 1
2.923492e-04 34
1.437435e-05 1
1.241761e-04 3
1.386400e-05 6
5.890247e-05 1
7.735595e-06 1
1.056493e-05 4
6.450585e-05 1
2.951375e-05 1
1.723538e-05 7
3.337769e-05 1
5.562067e-05 3
5.455672e-05 1
4.665704e-05 4
1.207617e-04 1
2.977169e-05 1
2.462356e-04 436
1.612140e-06 1
6.006106e-05 6
1.030842e-04 1
2.541226e-05 3
1.049410e-04 1
2.366446e-05 1
1.811641e-05 3
3.581434e-05 2
7.041898e-05 1983
7.471023e-05 1
5.102435e-05 1
2.183914e-04 1
6.093485e-05 1
1.960771e-05 255
5.084360e-06 213
2.089263e-04 61
3.324753e-05 204
9.943136e-05 4
5.741770e-06 1185
2.016945e-05 3
1.806156e-05 1
3.889029e-05 1
2.170596e-04 1
2.743572e-05 1
3.617515e-05 4
2.994247e-05 1
2.946486e-08 1
7.184260e-05 1
2.003942e-05 3
4.861297e-05 1
3.285126e-05 156
4.644082e-05 203
1.397236e-04 3
1.737303e-04 1
3.138285e-05 109
1.196176e-05 3
7.899071e-05 44756
6.464882e-05 1
4.570740e-05 1
3.158637e-05 2
9.752733e-06 1
1.343194e-06 1
5.334214e-05 1
5.588551e-06 3
3.432039e-04 1
4.155387e-05 1
1.599093e-04 1
1.177006e-04 1941
9.980413e-06 1
1.623877e-04 2
2.560122e-06 1
7.280670e-05 1
6.811174e-06 1
1.107042e-04 237
5.132194e-06 1
5.015362e-05 3
1.505191e-05 1
1.248205e-05 1
5.119498e-05 1
7.900189e-05 72
2.852007e-05 1
2.679762e-05 1
1.533143e-07 3
9.857742e-05 2
6.266035e-06 4
6.666629e-05 254
9.404920e-05 1
6.148334e-05 1
4.071345e-05 4
5.504565e-05 2
3.904008e-05 1
5.561576e-05 1
5.442988e-05 3
2.227084e-05 2
8.401382e-05 1
1.673650e-04 48931
1.520466e-04 1
1.244715e-05 1
1.555264e-04 1
3.360266e-05 3
8.297118e-05 1
1.375951e-04 220
1.430446e-04 2
1.852179e-05 16236
7.121170e-05 5
2.448519e-05 1
1.006876e-04 5
6.330506e-06 1
9.991624e-06 2
7.616433e-06 1
2.697368e-04 30755
7.137833e-05 137
6.400120e-05 3
4.726702e-05 1
1.881970e-05 2
7.290732e-06 1
9.612444e-05 6
1.571242e-04 1
1.628909e-05 5
1.297727e-05 1
3.209508e-05 2
1.590401e-05 4
4.331971e-05 227
1.166440e-05 1
1.283537e-05 3
4.741412e-05 2
1.505967e-05 20101
6.983402e-05 1
2.353782e-06 1
1.475450e-05 1
4.115036e-06 1337
2.394891e-05 1
7.046714e-07 1
7.404285e-06 897
1.098838e-04 1
2.355970e-05 1
4.154571e-05 1
5.226026e-05 739
3.252485e-05 1
1.702610e-04 127
3.034201e-06 1
1.470971e-04 1
8.233821e-05 1
1.163403e-04 1
3.844304e-05 39359
7.069639e-05 69
6.225756e-06 3
2.276480e-05 188
1.153396e-04 1
4.235682e-05 5
1.545429e-04 33021
2.089518e-07 3
1.190056e-05 1
1.677417e-05 69
1.913242e-04 4
1.906676e-05 185
1.930639e-05 147
2.484990e-05 1
8.383871e-05 1
3.018137e-06 214
7.017788e-05 3
1.656722e-05 1
2.202805e-04 247
2.944703e-05 1
1.033000e-05 3
1.332146e-04 7
4.755468e-05 5
1.893806e-06 2
3.102432e-05 1
1.329621e-04 31723
2.630693e-04 2
6.064776e-06 1
3.700176e-05 3
6.271727e-05 3
9.302453e-06 1
1.360207e-06 1
1.049750e-04 1
1.392988e-04 53
9.872502e-05 2
2.940255e-05 1
4.184565e-05 56
1.534376e-05 1
1.339648e-04 2
2.614408e-04 1
5.394622e-05 1
2.967074e-05 1
1.790369e-05 4
7.843778e-05 1
4.596716e-05 233
1.577294e-05 5
6.036650e-05 2
4.456595e-05 1
8.988370e-06 817
7.958762e-05 2
1.907504e-05 2
6.422504e-05 2
1.403417e-04 1
1.169682e-06 4
1.398958e-06 1
1.715708e-04 2
9.636852e-06 1
2.346017e-05 1
1.598414e-05 1
5.534559e-05 814
1.029188e-05 1
6.271655e-05 1
2.321324e-05 1
1.572435e-05 3
2.787186e-05 3
3.497701e-05 501750
7.371993e-05 6
1.987159e-05 3
1.062730e-04 1
2.177876e-05 1
1.798112e-05 2
5.510123e-05 3
1.941828e-05 3
1.428172e-05 1
7.505906e-06 1
3.654511e-06 5
2.965065e-05 1
2.681712e-05 24015
6.569044e-05 2
4.605391e-05 1
1.194946e-04 1
2.881420e-05 234
7.045964e-05 1
1.542930e-04 1
1.055919e-05 3
7.472506e-05 6
6.899146e-05 1475
2.028848e-05 1
9.940737e-05 257
1.437247e-04 503
1.115513e-04 3
7.133278e-05 5
1.899887e-04 1
4.186274e-05 1
1.493865e-04 1
1.075612e-04 1
2.819616e-05 1
3.207682e-06 2
1.455181e-04 5324
9.371414e-06 21513
1.680334e-05 1
4.746188e-05 1
9.505095e-06 1
4.775970e-05 1
1.434623e-06 1
1.827280e-04 1
1.113490e-04 35
2.222757e-05 7
1.229777e-04 1233
5.387466e-05 5
2.828112e-05 3
2.577988e-04 1
7.141070e-05 1
6.056928e-05 2
3.489911e-05 1
8.010477e-05 2
1.905682e-04 1296
4.071383e-05 1
5.228204e-05 1
3.517237e-05 1
2.501814e-04 7
1.135175e-04 1
1.774292e-05 4
5.184065e-05 1
2.298009e-04 1157
1.125683e-04 1
4.744778e-06 1
1.001403e-05 1
1.702390e-06 1
4.561306e-05 458
8.146492e-05 1
4.935484e-05 2
6.457833e-05 113
3.695137e-05 4
3.932159e-04 4
1.124727e-04 1
6.197867e-05 1
7.469772e-05 3
2.686135e-05 3
2.942185e-05 68
1.012712e-04 2
2.966119e-05 2
2.477742e-05 1
7.106497e-05 5
1.716327e-05 3
3.248552e-05 1
9.824631e-05 6
6.677656e-05 1
1.361174e-04 1
5.101235e-05 279
4.960866e-06 4
1.230555e-04 7
3.338903e-05 1
1.971857e-06 2
4.889029e-05 2
1.106233e-04 1
8.309829e-06 1
1.790902e-05 1
1.046737e-04 1
2.430299e-04 1
2.915731e-05 4
9.900076e-05 1
8.367793e-05 1
2.772898e-05 5
7.865785e-05 1
6.263538e-05 1
8.266327e-06 1
1.298343e-05 1
8.593905e-05 1
3.837811e-04 1
1.230328e-05 1
1.005797e-05 1
4.711812e-05 256
5.321216e-06 1
1.263145e-05 27801
1.543275e-04 1
1.848925e-05 2
7.047400e-05 2
2.940267e-06 1
1.141206e-06 1
3.042585e-05 1
5.647527e-06 1
1.984795e-05 118
5.788930e-05 1
3.864423e-06 60692
1.997455e-05 1
4.729782e-05 1
1.500788e-04 6
1.513339e-04 1
1.995427e-05 3
1.040767e-04 180
1.301207e-04 3
7.691753e-06 5
8.812703e-05 101776
1.023660e-04 2
1.134491e-04 2
9.106601e-05 1
3.303692e-05 1
8.929661e-05 213
2.264963e-04 10
6.968654e-05 36
1.162236e-04 623060
9.659620e-06 8229
1.031745e-05 1
1.574225e-05 1
1.039156e-05 1
2.103360e-05 2
7.154405e-05 2
2.564823e-05 3
1.086765e-04 127
7.074712e-05 54524
2.924068e-04 1
8.657648e-05 40
5.452647e-05 2
8.054094e-05 1
1.149623e-04 1
1.053175e-04 1
1.787687e-04 1
8.816846e-05 1
1.547861e-06 1
1.689532e-05 6
1.898230e-04 1
2.927224e-06 3
1.970971e-04 1
1.767671e-04 1
2.481979e-05 33
2.609009e-05 3
3.329017e-05 1
9.748614e-05 1
3.088090e-05 1
6.255780e-05 267
1.588974e-04 3
8.967706e-05 3
7.804826e-05 2
3.415376e-06 1
2.842819e-05 3
4.760379e-05 1
2.948316e-05 1
1.799419e-05 3
8.687604e-05 1
2.168040e-04 1
7.304975e-05 1
2.145321e-06 144
4.504750e-05 1
3.160415e-05 1
1.449459e-04 5
5.723464e-05 3
5.859903e-05 104
1.962873e-05 1
4.500987e-05 2
2.219172e-04 37
1.928578e-05 6
3.868329e-05 1
5.245242e-06 11464
9.778412e-05 1
1.763127e-05 3
1.411907e-05 2
1.142460e-04 3
9.742663e-05 1
4.995556e-05 144
5.663136e-05 1
1.480471e-05 1
5.816584e-06 1
1.397220e-04 3
9.951918e-06 1
2.122497e-05 1
4.638235e-05 1
1.452772e-05 121
1.464264e-06 116
9.039242e-05 1
1.848850e-04 1
2.640335e-05 62553
4.663872e-05 2
1.916691e-06 1
1.169359e-05 1
9.572264e-06 7
1.292533e-05 1
2.014526e-06 1
6.370475e-05 5
8.106500e-05 1
3.741143e-06 2
1.015952e-05 1
8.169793e-06 221
1.116405e-04 1
7.080408e-05 2
9.779888e-05 1333
1.279578e-04 1
2.446802e-05 1
9.015240e-05 1
2.173784e-05 1
5.452631e-05 6
6.040007e-05 90
6.896100e-05 1
3.225166e-05 1
1.384837e-04 1
8.753692e-05 1
3.506910e-05 46243
3.242646e-07 1
1.934841e-05 1
1.155109e-04 1
5.873968e-05 1
1.559322e-06 1
6.934172e-06 2
4.585223e-05 3
6.638087e-05 1
3.156279e-05 1
6.721248e-05 1
2.660966e-06 1
1.267627e-05 1
1.212730e-04 1
4.684458e-05 2
4.866216e-05 3
2.535336e-05 1
1.253896e-04 6
1.853410e-04 1
1.021033e-04 2
1.602950e-04 1
1.291487e-04 484
3.818550e-05 3
2.240853e-05 3
3.466540e-05 1
7.641983e-05 4
5.899749e-05 1
1.682316e-04 1
1.245762e-05 1533
1.589441e-05 691
2.543216e-05 1
8.352194e-05 3
8.758526e-05 1
1.698693e-04 1
1.105304e-04 1
1.800828e-05 261
1.280022e-04 1
6.535147e-05 1
7.290269e-06 1
1.917246e-05 2
4.425374e-05 2
1.075483e-04 1
2.068786e-04 3
1.092058e-04 1
3.822351e-06 1
8.917195e-05 4
1.320190e-04 156
3.756309e-05 6
1.567711e-04 4
2.090384e-04 7
4.288921e-05 3
2.887480e-04 4
2.383617e-04 3
5.922722e-05 6
2.482770e-05 5
1.476379e-04 5
7.681886e-06 1
1.350785e-04 1
7.671446e-06 2
1.894897e-05 49786
2.203169e-04 3
3.987507e-05 1
4.825810e-05 51168
6.454336e-05 2
2.071775e-05 3
5.142836e-05 1
3.606789e-05 1
1.251658e-05 1
8.584506e-06 57
2.104944e-05 1
6.121302e-05 1
3.136900e-05 1
2.938355e-05 2
5.782036e-05 37248
1.701523e-04 1
7.887956e-06 1730
1.886365e-06 1
1.575761e-04 1
1.129753e-04 1
4.395360e-05 2
1.168794e-05 71
5.776626e-05 1
1.546690e-05 1
2.508522e-05 172
1.697408e-04 3
1.014286e-05 1
1.879701e-05 253
9.080180e-06 1
1.637397e-04 1840
6.523963e-05 1675
1.274303e-05 2
6.036943e-06 2
3.322942e-05 1
3.937062e-05 1
1.074682e-04 3
2.899175e-05 1
1.141888e-04 1
7.497801e-06 1
2.218084e-05 1
3.740876e-05 6
5.340519e-05 1
7.881094e-07 3
4.814656e-05 892
1.845529e-04 1
1.265449e-04 1
3.437055e-05 431836
1.863453e-04 10392
1.907862e-04 1
9.104796e-05 1
2.230598e-05 1
7.359128e-06 3
6.837836e-06 4
6.896313e-05 1
8.311351e-05 1
1.608219e-04 1
3.361481e-05 1
3.717441e-05 1
1.831539e-05 2
2.326267e-05 7
1.566124e-05 1
4.607098e-06 1
3.795232e-04 1
1.137366e-05 3
1.060351e-05 27772
2.797798e-05 7
2.698222e-05 3
6.109369e-05 268671
9.538972e-05 2
4.415726e-06 1
4.149724e-06 66
4.780172e-05 1978
5.563385e-05 1
2.808005e-05 3
2.038623e-04 2
4.209004e-05 1
1.878007e-05 1
4.713102e-05 187
5.781830e-05 6712
1.676264e-05 1
7.416225e-05 1
3.299988e-04 146
3.674708e-05 1
1.707880e-04 37
2.591789e-05 1
7.730759e-06 2100
2.959935e-05 3
2.395295e-05 3
4.510764e-06 1
1.006623e-04 1
3.780644e-05 1
3.249434e-05 1
3.074410e-05 207
8.775946e-05 1
6.583035e-06 1
1.124600e-04 1
2.304826e-05 1
3.205797e-06 3
5.136526e-05 93
5.872523e-05 1129
9.135955e-06 1
1.320755e-04 96
3.257444e-05 1
2.248275e-06 31610
5.302940e-05 1
2.602753e-04 2
4.470921e-05 3
2.200555e-04 6
2.456400e-06 4
1.507710e-04 1
7.983164e-05 3
3.469803e-05 1
1.894033e-05 1
1.567594e-04 2
7.613462e-05 6
1.499869e-05 1
2.732676e-05 2
5.429237e-05 2
2.522349e-05 79
6.425558e-05 2
1.429162e-04 1
4.991360e-05 3
3.857880e-05 1
1.053697e-04 50
2.762905e-05 1
2.216540e-05 1
1.377134e-04 170
3.006978e-05 5
3.327508e-04 1
1.491274e-05 1
5.042152e-05 1
1.666563e-04 1
1.798030e-04 4
1.019816e-05 1
4.828652e-05 4
6.034573e-06 1
2.908640e-05 3
3.714351e-05 1
5.873921e-05 1
1.182697e-04 1
5.747574e-05 2028
4.917471e-05 1
8.811118e-05 40
1.830394e-05 123
2.181593e-05 19752
8.864625e-05 1
7.157333e-05 1
9.066025e-06 234
1.658337e-04 6
2.632412e-04 6
4.721584e-07 2
3.688754e-04 4
1.069670e-04 1
1.795139e-04 53587
5.664316e-05 1
4.140516e-05 29329
2.174195e-06 123
6.795188e-05 3
3.177490e-06 128
2.247505e-05 36756
5.613141e-05 1
6.450307e-05 1
1.848270e-05 2
6.111385e-05 1747
6.028961e-05 3
2.033323e-05 1
3.482278e-05 38198
2.562539e-04 3
1.455488e-05 130272
1.139844e-04 1
5.493546e-05 3
6.192522e-05 2
2.743577e-05 1
1.207678e-05 3
4.740242e-05 1
1.887245e-05 1
2.490964e-05 2
1.150113e-04 3
4.767668e-05 1
2.940802e-05 1
2.089421e-05 1
5.842137e-05 1
2.831334e-05 4
6.949509e-05 2
6.891958e-05 1
5.562690e-05 1
8.670426e-06 2
2.300336e-04 2
2.214173e-04 1
4.176279e-05 1
7.709061e-05 1
2.588473e-04 3
2.034500e-04 26706
4.286612e-05 3
6.482886e-05 1
7.579850e-05 3
3.501048e-04 1
1.705276e-06 1
2.740096e-05 1
3.551837e-05 1
3.127596e-05 3
2.478197e-05 2
5.081506e-05 243
3.607283e-05 1
1.524097e-04 3
7.278357e-05 2
1.615803e-05 1949
1.197650e-05 49535
1.425210e-04 3
7.467176e-05 1
7.969735e-05 5
3.199252e-05 1
8.755076e-05 1
1.607904e-05 1
1.479576e-04 3
7.542889e-05 2
3.574088e-06 1
1.683009e-06 3
2.638288e-05 7
3.755714e-05 10942
3.124402e-05 1
5.913244e-05 1
5.298443e-05 1
4.243711e-06 219
