7.098451e-05 1
1.662503e-05 3
8.131290e-05 4
1.188767e-05 1
5.699323e-05 2
2.982262e-05 1
6.618023e-06 384596
6.542617e-06 851
1.405120e-05 1
2.402623e-05 1
3.777994e-05 48272
1.215175e-05 1
1.751653e-05 1
4.970612e-05 1
1.484916e-05 3
3.023289e-05 50
1.429483e-06 1
1.260420e-05 540125
6.771245e-08 7
1.803533e-05 3
2.110631e-05 1
3.260358e-06 1
2.294279e-06 3
1.906244e-05 1
4.188121e-05 229
9.896879e-06 1
3.732160e-09 1
3.010089e-05 167
5.501306e-05 1
6.855282e-05 253
1.642721e-05 1
8.065751e-06 65461
3.505921e-06 1
2.662579e-08 4
2.100715e-05 1
2.674122e-07 1
1.134074e-05 3
5.163468e-06 348
5.423678e-06 1
2.348623e-06 2
2.694914e-05 1014
1.799929e-05 2
9.110657e-05 1
2.443438e-05 1
1.416364e-05 88
5.668845e-05 257
1.450149e-08 1847
1.179931e-05 1
1.142865e-05 1
6.730949e-06 1
2.207829e-06 1
2.224136e-06 5
2.378041e-05 3
1.915825e-05 2
2.506877e-05 1
3.169725e-06 2
1.434575e-06 1
5.044183e-06 6
1.085634e-05 7
3.210753e-05 3
2.171469e-05 1
1.641706e-05 1
1.343014e-05 1
2.286560e-05 1
1.363104e-05 75
1.317780e-05 4
6.435674e-05 1538
2.692386e-05 86
4.157526e-05 1
8.001972e-06 3
3.707926e-05 3
4.990640e-05 2
3.390812e-05 1
1.145458e-05 1
1.819193e-05 1
5.218374e-05 2
5.167095e-05 5
6.084328e-05 1
4.816038e-06 2
3.488044e-05 7
8.743368e-06 1
2.049387e-06 1
3.739325e-06 1
1.087339e-05 3
5.918116e-05 1
2.886359e-06 119
1.873506e-05 1
5.120668e-05 1
5.487264e-05 1
1.996322e-05 226
8.637799e-05 1
1.692144e-06 158
1.589135e-05 1
1.698700e-05 1
2.099878e-05 1266
8.700188e-06 2
3.431863e-05 3
1.143023e-05 492
1.721045e-05 207
1.144826e-04 1
9.214705e-05 238
4.089779e-06 2
3.391739e-05 1
1.696120e-05 158
1.324066e-05 1
3.287901e-08 194
1.010534e-07 1
2.036484e-06 220
1.780767e-05 1
1.482566e-05 1
8.720237e-06 1
2.911038e-05 1
2.277510e-06 1
1.516766e-05 2
2.366841e-05 7
7.421215e-05 1
1.131517e-05 3
1.102707e-05 1
1.404714e-05 6
1.719679e-05 26
3.066637e-05 6
3.778787e-05 5
2.643056e-05 1
3.307522e-05 21145
6.105022e-05 1
9.641146e-06 438
9.448808e-06 2
8.937404e-06 4
3.515916e-05 257
3.098348e-05 1
1.184874e-05 1
1.011474e-05 1
7.493830e-06 2
3.046481e-07 1
1.936124e-05 1
7.532690e-06 2
2.175658e-05 1
1.138306e-05 1
1.408125e-05 1
5.336336e-05 768
5.439207e-07 2
6.920431e-06 158749
3.963511e-05 6
2.094288e-05 1
5.920140e-06 2
2.330683e-06 1
1.102698e-06 1094
1.546316e-05 1
8.115258e-06 6
4.626605e-05 2
3.212846e-05 2
1.375330e-05 1
1.587297e-05 1
6.753845e-07 3
5.961600e-05 4
4.852065e-07 48
2.391585e-05 1
1.236183e-05 187
1.311172e-05 3
3.692120e-05 1
1.910575e-05 1781
1.275827e-05 2067
2.932191e-07 1
4.506000e-05 1
3.560113e-06 1
4.514116e-05 1
1.730235e-05 1
7.409985e-06 5
3.741804e-05 250
5.347528e-05 1
5.159216e-06 3
1.252985e-05 2
1.327824e-06 246
6.285641e-05 1
6.003733e-05 1
7.997291e-06 1
2.411210e-05 1
1.007092e-05 1
2.095968e-06 2
2.138309e-05 561
1.289586e-05 1
2.856256e-05 2
1.431798e-05 6
8.460936e-06 1
4.099786e-05 924
7.800502e-06 1
1.326284e-05 1
6.400850e-07 1
1.060473e-05 1
3.299352e-05 3
3.306307e-05 1
1.177023e-05 3
1.599727e-05 1128
1.672241e-05 1375
3.048386e-06 1356
3.444615e-05 1
3.097860e-06 3
3.273409e-05 1
6.517747e-06 3
1.293836e-05 3
3.785366e-06 1
8.490061e-06 1
6.457827e-06 1
8.202719e-06 4
7.761702e-05 3
4.687043e-05 1
9.822086e-06 6
7.757232e-06 1
5.708364e-05 787
1.811631e-05 1
1.558997e-05 2
2.883751e-05 1
8.543884e-06 1
4.033937e-05 3
3.374289e-06 1
3.435529e-05 1
3.023795e-06 1
9.547707e-07 2
1.499875e-05 1
5.105658e-06 1
1.166176e-05 1
5.870670e-05 1
1.214278e-05 3
2.101537e-05 1
1.200257e-05 2
2.632020e-05 1
1.014548e-05 1
2.051999e-06 2
3.972089e-06 1
9.339529e-06 1
2.941794e-05 3
9.779475e-06 1
1.822627e-05 1894
5.327634e-05 2
3.899487e-05 1
7.288940e-06 1
2.772418e-05 1
3.163895e-05 3
8.983866e-07 148
2.296169e-05 1
2.177942e-05 1
7.963768e-05 1
5.320861e-05 1
2.061778e-05 1
2.726103e-05 1
7.369818e-06 4656
1.625797e-05 6
1.033591e-05 1446
3.916878e-05 3
1.810121e-06 7
1.291345e-05 1
6.065053e-05 1
1.629134e-06 243
5.546892e-05 2
7.132837e-05 1
6.313196e-05 192
1.900842e-06 1
6.651319e-05 1
2.062934e-05 1
4.834721e-05 2
2.103342e-05 1
7.612465e-06 1
4.674546e-06 1235
6.972507e-05 339734
3.140420e-05 187
3.884800e-05 2
1.583985e-06 106
7.863847e-07 1
2.255887e-05 1
1.971240e-05 1
9.465262e-06 1
1.497921e-05 217024
5.939926e-07 1
1.931863e-06 1
8.606309e-05 1
3.055418e-06 1
5.763355e-06 1
4.830795e-06 1
2.991697e-05 1
2.163512e-05 2
1.862335e-05 18
1.471640e-06 1
6.053531e-05 1
5.472231e-05 1410
3.570459e-06 2
3.425883e-05 2
8.147408e-05 4
4.257187e-05 1
8.450513e-05 3
2.710278e-05 271591
1.475524e-06 1
2.577027e-05 1
5.667113e-06 1
3.065510e-05 5
5.732460e-06 6
1.436240e-06 5
2.022571e-05 2
1.437137e-05 1
6.558881e-05 1
6.603585e-05 1
5.057438e-05 1
8.510417e-05 1
5.474152e-06 241
1.108523e-07 159
4.133094e-05 4
3.021664e-05 2
2.669573e-06 3
3.964284e-05 3
5.447776e-06 31698
1.155095e-06 1
3.712337e-06 3
3.565518e-05 1
6.305516e-05 3
9.951606e-06 3
1.181241e-05 1
3.849301e-05 3
5.517587e-05 513
2.749057e-06 1
8.154725e-06 1
3.405168e-05 7
6.864706e-06 925
1.036300e-06 102
3.059438e-05 4
2.691436e-06 209
4.877542e-05 2
1.053028e-05 3
6.214127e-06 214
6.422267e-05 2
1.402158e-05 56888
1.607945e-06 229
6.295337e-06 1
1.343381e-05 1
3.132690e-06 1
5.780132e-05 1
4.986200e-06 3
1.380815e-05 1637
1.352497e-05 57895
2.541108e-05 2
2.090726e-05 1
1.841996e-05 73
6.636083e-05 1
4.381995e-05 1
2.362464e-05 7
7.896630e-06 160
7.564371e-05 23
1.973716e-06 2
2.442814e-05 1
2.450071e-05 1
1.802034e-05 1
5.239402e-05 1
5.648655e-06 5
1.397707e-05 1
5.329896e-06 228
4.253702e-05 4
3.684281e-06 6
1.193912e-05 3
5.881597e-06 1
1.559096e-05 4
6.779317e-05 1
6.634853e-05 1
1.101010e-05 1
1.922199e-05 91
2.015586e-05 2
3.134491e-05 2
8.016325e-06 308
2.082015e-05 189
5.046843e-05 1
1.007952e-05 1
1.314173e-05 204
5.757771e-06 3
5.706912e-05 1
4.342643e-05 3
2.096523e-05 1
3.277819e-05 1
1.789398e-05 23439
5.493859e-06 1
1.510581e-05 1
1.785410e-08 124
2.327352e-05 1
2.274425e-05 3
3.415811e-05 2058
2.225435e-05 7
4.095757e-05 6
2.987599e-05 1
2.478854e-05 33259
4.131443e-05 5
7.513277e-06 1
4.532425e-05 1
1.108356e-05 1
2.842438e-05 137
9.554987e-06 1632
2.431726e-05 1
5.095231e-05 1
8.131406e-06 1
4.113017e-05 60208
9.754319e-06 2
2.341148e-05 1
7.198829e-06 1
3.313072e-05 171
1.786648e-05 1
6.343602e-06 1544
2.599965e-05 2
1.637413e-05 7
4.617786e-06 1
6.267752e-06 79
9.446946e-06 2
1.254150e-05 1
1.305339e-05 23984
1.878640e-05 1
1.793421e-05 28
3.814403e-05 3
3.230127e-06 1
3.179933e-05 1
5.181859e-05 1
8.709171e-05 1
4.829000e-05 1
2.991354e-07 1
2.838074e-05 1551
5.689095e-05 1
6.485425e-06 1
2.105786e-05 97
7.240724e-05 1
1.030294e-05 43488
2.076554e-05 1541
2.061368e-05 1
1.079294e-05 1
1.051001e-05 7
1.300510e-05 2
1.052673e-05 2
5.986529e-06 1
3.423688e-05 4
6.192082e-06 1
1.056520e-05 93597
8.355601e-05 1
8.616889e-06 130
3.803673e-06 1
7.060067e-06 1
1.829679e-05 1
2.355329e-06 2
1.299064e-06 1
1.627658e-05 1
1.264802e-05 4
4.692674e-05 1
3.271814e-06 1
3.031412e-05 1
2.952293e-05 1
8.461877e-06 2
3.129636e-05 1
3.698964e-05 7
2.914172e-05 1167
4.932416e-05 1
4.712003e-06 1
1.660163e-05 2
2.900563e-06 62
2.025493e-05 1
1.818793e-06 2
9.262374e-06 22
3.148913e-05 1
7.362233e-05 2
2.231007e-05 1
1.229405e-04 3
7.738105e-05 1
3.111616e-05 2
2.816209e-05 1
4.553866e-05 205
1.613946e-05 150
1.233412e-05 3
3.106398e-06 1
4.602393e-05 1
2.378549e-05 1
8.091854e-06 2
4.566883e-05 3
7.160452e-05 1
1.693838e-06 1
5.173314e-05 1
4.480425e-05 1
4.833737e-06 6
3.928893e-05 4
3.119533e-07 210
1.512930e-05 38160
1.423044e-05 5
2.253764e-05 1
3.938958e-06 7451
1.389270e-05 1
5.667330e-06 3
9.337312e-05 1
7.691032e-06 9054
3.985937e-05 6
4.818952e-06 112
5.481099e-05 1
1.789749e-05 1
2.542593e-06 232187
1.394637e-05 76
2.591269e-05 3
7.289061e-06 1
4.569103e-05 1377
3.593173e-05 7
2.283096e-06 1
3.161670e-06 1
1.067011e-05 1
2.232452e-05 1
7.520610e-05 1
8.197249e-06 3
1.187292e-05 1
2.714158e-05 1
3.161754e-05 3
1.044816e-05 1
1.840771e-05 1
4.705102e-06 3
1.070547e-05 7
6.330807e-06 1
2.371975e-05 1
8.911260e-06 16
2.738202e-06 3
1.717121e-05 1
1.228762e-05 1
6.292880e-06 38745
3.752719e-06 1
5.477300e-05 1
7.966939e-05 12
2.388703e-05 4
6.824806e-06 1
1.105908e-05 1
1.949722e-05 1
8.118118e-05 1
1.903028e-05 3
3.084757e-05 1
2.118241e-06 3
5.660032e-06 1
1.134796e-05 1153
8.255277e-06 593
2.050222e-05 13630
7.777962e-06 1
9.907868e-06 80
4.467113e-06 1
7.805979e-05 1
4.942445e-06 1
1.399315e-05 143
5.455366e-05 79
1.096908e-05 1
3.702915e-05 85
4.856556e-05 1
1.409588e-05 59
3.197332e-05 2
2.624520e-05 1
5.771687e-06 55862
1.062795e-05 325753
4.632261e-05 1
1.855826e-05 3
3.378273e-06 1
8.715534e-05 18089
7.661672e-06 268
5.778182e-05 1902
1.660395e-05 3
4.021592e-05 5
6.934280e-06 1805
4.936558e-07 3
9.486319e-05 7
3.017436e-05 1
3.681028e-05 3
1.315008e-04 4
9.257577e-05 1
1.087838e-05 6
2.271424e-05 1124
2.069104e-05 1
2.200629e-06 1
1.549294e-06 1
2.046676e-05 1
2.730763e-05 1
5.085352e-05 1
6.187215e-05 1247
1.220952e-05 1
2.917160e-05 1
4.872697e-06 1283
7.399135e-05 7
4.909393e-05 1
1.479326e-05 1
1.814757e-05 6
1.001936e-05 1
1.690584e-06 2
6.119381e-05 2
1.285937e-05 3
8.601541e-06 6
2.193233e-05 1
5.758657e-05 3
7.925091e-07 187
6.591029e-05 1
9.654766e-06 1
5.578995e-05 1
1.086284e-04 1
2.894890e-06 208
3.472910e-05 1166
2.070149e-05 1
2.231033e-05 565003
2.321163e-05 2
2.347964e-05 125
1.620524e-05 198
1.175205e-06 2
2.516217e-05 1
7.957015e-06 3
2.494868e-06 3
3.027948e-05 1
5.277802e-06 1
4.989178e-06 3
1.567963e-05 3
1.373650e-05 2
1.197715e-04 2
1.079926e-06 3
1.459130e-05 5
2.482010e-05 1
1.204986e-06 1
4.257379e-05 2
4.623631e-05 1
3.874459e-05 1
3.714946e-05 1
6.088281e-05 1
3.950063e-05 40481
1.338163e-05 4
4.241045e-06 4
1.502089e-05 1
1.213899e-05 1
6.272346e-06 929
3.949327e-05 413
8.867572e-06 1
1.000253e-05 3
1.436308e-05 1
9.022725e-06 37841
1.334759e-06 31359
6.265852e-06 52648
5.504199e-06 1
2.247241e-06 1
5.928194e-06 1
8.816452e-06 496815
2.702158e-06 1
2.784194e-05 2
3.618619e-05 2
3.126509e-05 6
3.545926e-06 1
3.038953e-06 1
6.433292e-05 1
6.965668e-08 4
5.956103e-07 1
2.441941e-05 1
8.625087e-06 1
7.515550e-06 1
2.285095e-05 3
6.840277e-06 42843
4.223100e-05 1
1.631060e-05 40854
3.351315e-05 1
4.144929e-06 1
1.131360e-05 64498
4.208533e-05 1
4.105700e-05 39
3.639747e-05 1
1.409894e-06 1
3.788250e-06 3
7.458892e-07 1827
8.548325e-06 85
2.373889e-05 3
1.596591e-05 1
5.573537e-05 3
2.995316e-05 22180
3.029440e-05 1
2.615122e-05 2
2.861247e-05 2
1.225792e-05 3
2.701905e-05 1
1.682288e-05 2
3.327148e-05 1
3.643082e-05 164
1.104968e-05 5
2.581908e-05 3
4.825159e-07 1
2.412191e-05 3
5.845020e-06 3
6.563459e-05 1
2.599208e-05 1
8.558564e-05 1
1.098335e-05 103
7.855549e-05 3
7.110982e-06 95
7.137240e-06 1
5.840203e-05 2
3.502753e-05 1
3.895094e-07 1
2.538568e-05 3
4.233716e-06 2
1.640729e-05 159
2.140309e-05 1
1.921247e-04 3
4.990284e-05 6
4.630264e-06 1
8.631202e-06 146
7.543348e-06 2
3.102383e-05 134
1.374641e-05 1
1.422912e-05 1
1.198564e-05 2
4.291607e-05 1
2.893630e-05 4
2.301564e-05 1
4.754399e-06 2
2.221387e-05 1
1.856653e-05 1
2.035558e-05 1
1.870955e-05 1
3.323006e-06 1
2.287118e-05 1
4.580157e-06 1201
3.969875e-05 216
5.073113e-05 1587
4.985591e-06 1
3.326861e-05 1
2.557560e-05 66
1.679104e-05 2
1.904376e-06 1
1.795906e-05 1
2.245531e-05 1
4.222609e-05 1
4.877165e-05 1
1.098256e-05 2
5.631580e-05 3
6.661597e-06 1
1.697141e-05 1
1.242779e-05 216
6.765547e-06 1
1.669828e-05 894
5.094455e-05 1
9.062950e-07 3
4.080186e-05 765
1.998714e-05 3
1.963642e-05 1
1.235508e-06 3
1.698058e-05 2
7.215570e-06 2
7.512485e-07 3
8.624729e-05 246
6.415084e-05 4
1.899201e-05 39
4.335251e-05 3
1.091160e-05 3
1.355892e-04 1
5.277112e-05 1
1.888774e-05 2
3.471139e-06 3
1.957853e-05 1
3.950296e-05 51710
6.424791e-05 3
3.612455e-05 3
1.865898e-06 3
4.325371e-05 3
2.212613e-05 1517
3.687795e-06 1
2.599486e-05 37
6.624267e-05 1
2.406962e-05 1
9.678840e-06 1
5.462001e-05 7
2.243772e-05 1
6.903571e-05 1
5.426490e-05 1
3.835983e-05 1
1.417896e-05 1
1.049162e-04 1
3.473004e-05 1
1.139652e-05 88
4.645396e-05 1
7.782728e-06 3
6.581716e-05 1
7.458102e-07 1
1.586199e-05 1
1.299700e-05 130
2.341302e-06 1
2.434613e-05 1
1.999616e-06 3
1.413910e-05 1
1.540731e-05 711
6.634350e-05 1
9.297974e-05 1
6.779439e-06 1
2.559131e-05 486
1.793168e-05 1
3.534842e-05 1
1.578324e-06 1
3.657256e-05 5
6.235815e-08 1
3.657950e-05 1
8.813184e-06 7
5.729462e-05 9618
9.194430e-06 1
7.880879e-07 4
2.242249e-06 1
9.307467e-06 125
2.097491e-05 2
1.767272e-05 217
3.504768e-05 1
8.576497e-05 3
3.825317e-05 4
8.978415e-05 1
8.550646e-05 1
1.301182e-06 1
1.230777e-05 1
7.567932e-06 1
1.037133e-04 1
3.523421e-05 199
5.079927e-05 2
5.445655e-06 1
5.810776e-06 2
1.731191e-05 2
8.100929e-06 1
7.457312e-05 1
2.558011e-05 1
8.818768e-06 5
3.154699e-05 7
8.353515e-06 3
2.278957e-05 2
2.382995e-05 1
2.737226e-06 1
5.449327e-06 2
1.274455e-05 1
1.153994e-05 3
2.055870e-05 2
1.729536e-05 1863
1.607285e-05 6
3.659485e-06 1
1.829388e-05 6
3.256550e-06 1
7.170426e-06 1
1.463140e-05 1
7.981629e-05 1
1.132481e-05 4
7.973910e-06 167
5.337374e-05 1
2.738063e-05 1
4.460543e-05 2
3.909897e-05 1
5.682952e-06 1
3.219434e-05 54
9.222553e-06 1
1.032551e-05 1
8.151131e-06 57825
4.058746e-05 4419
1.959892e-06 1
1.425233e-05 1
1.045698e-05 1994
6.015534e-06 1
6.648868e-05 2
2.809362e-05 103
1.026866e-05 5
2.335973e-05 1716
4.007841e-05 38457
1.509975e-05 1
2.874677e-06 5
1.497355e-05 2
2.825382e-06 203
1.508814e-05 1
5.405146e-05 5
3.628370e-05 225
7.148142e-06 3
1.156709e-05 1
4.052690e-05 390
1.164243e-05 3
1.737349e-05 3
2.580195e-05 1
3.012140e-05 6
1.144904e-05 1
2.982556e-06 6
8.403700e-05 1
1.495696e-05 3
1.560817e-05 3
2.500004e-05 2
1.742093e-05 1
7.495317e-05 192
4.051365e-05 1
5.311786e-05 2
1.064964e-06 2
1.049146e-05 1
1.649234e-05 2
8.597149e-06 1
1.849480e-05 2
6.587168e-05 2
3.716269e-05 3
2.200315e-06 429225
5.875029e-06 1
7.718695e-05 266
1.680897e-05 1
6.183480e-05 1
2.125760e-05 26
1.672443e-05 1
3.019734e-05 1
3.401001e-05 7
1.146941e-05 1
4.015245e-06 1
4.107926e-05 16166
4.431974e-05 59
1.784262e-06 1
2.077887e-05 2
2.826376e-06 1
1.023933e-06 3
2.922555e-06 1
8.250271e-06 1
2.428079e-06 57
1.220362e-06 1286
1.805526e-05 1
1.075832e-05 1
2.832442e-06 1
6.252435e-06 2
6.688650e-06 1
1.470636e-05 3
1.401759e-05 789
1.040219e-05 160
6.397751e-06 2
3.458787e-07 2
5.485999e-05 1
2.062367e-05 3
4.035754e-07 2
4.170330e-05 3
1.555776e-05 1
2.891515e-05 1
2.746285e-05 1
7.707051e-05 267
1.292924e-05 1
7.684905e-07 82
9.047201e-07 2
2.007995e-05 1
1.301424e-05 1
1.481757e-05 235
3.961725e-06 292065
3.480570e-05 2
9.121160e-06 2
3.615141e-05 1
5.684610e-05 1
1.133650e-05 1
2.516877e-05 1
1.114781e-05 28
4.165985e-05 5
6.510119e-06 2
1.405100e-06 1
7.257810e-06 2
1.003569e-05 1
9.174496e-07 1
9.488841e-06 3
2.790041e-05 1
3.108535e-05 5
5.157723e-05 3
3.522703e-05 1
4.913322e-05 36963
3.350605e-05 1
6.584282e-05 1
1.085680e-06 111
9.496417e-06 1
3.804528e-05 243
3.140547e-05 1
6.707017e-05 1
2.159462e-05 2
7.669562e-05 1
2.077012e-06 1
6.847462e-05 1
2.681109e-06 2
9.276350e-07 33
1.969917e-05 1
1.417189e-05 1
4.595253e-05 498707
5.793869e-06 1
1.492066e-05 3
3.167271e-06 2
2.477322e-05 5
7.137334e-05 5
7.233160e-05 3
3.997682e-05 260
5.535525e-06 1
2.388740e-05 3
1.487326e-05 1
8.453102e-06 1
4.086865e-05 5
1.663329e-05 1
3.663094e-05 265
5.528620e-05 21158
2.363835e-07 1
5.171726e-05 1
1.591419e-05 1
1.631632e-05 3
2.428447e-06 1
2.580363e-06 3
4.353183e-05 175
4.241357e-07 1
7.474940e-06 5
2.036273e-05 2
2.157174e-05 5
1.123157e-05 1
3.167235e-05 1
1.927734e-05 534
9.049206e-05 1
2.234508e-07 1
4.005944e-05 3
3.155751e-06 1
1.328212e-05 429
1.388925e-05 1
5.473116e-05 3
7.631156e-06 1
5.892884e-06 1
1.612719e-05 3
2.778959e-05 3
3.911527e-05 1
7.420819e-06 1
3.941739e-05 1
1.112408e-05 1
6.341311e-05 41314
2.212290e-05 1
1.426702e-06 2
2.668839e-05 210
5.579797e-07 1
8.346442e-05 1
1.826420e-05 1
2.071442e-05 1
5.361463e-06 7
2.018125e-05 1
1.581954e-05 3
1.430677e-05 3
4.901221e-06 3
2.836825e-05 1
3.004483e-06 2
4.739312e-07 1
5.899766e-06 1
2.826747e-05 1
9.643954e-06 1205
1.298425e-05 2
4.406116e-05 1
6.141596e-05 1
7.382146e-07 58488
8.968222e-06 1
2.083808e-06 3
2.665833e-05 6
4.742994e-05 1
3.386078e-05 2
2.131180e-05 1
2.332214e-05 1499
2.529140e-05 1
5.255665e-06 1
1.820075e-05 1
7.359270e-05 1
4.238416e-06 228
7.384743e-06 1
4.686298e-05 3
2.937194e-05 245
1.653207e-06 3
2.849528e-06 1862
1.995052e-06 1
8.083552e-06 1
2.105272e-05 1
1.400553e-05 197
5.634265e-05 3
6.869506e-06 1
4.013748e-07 1
2.771625e-06 2
1.444360e-06 3
4.951878e-06 1
9.309242e-06 125
1.694172e-05 142
1.242227e-05 1
1.775640e-06 1
8.229682e-06 1
1.203847e-05 1
4.906505e-06 1
3.269040e-05 3
1.041352e-05 2
1.991286e-05 1
4.623200e-05 1
1.568329e-05 1
1.335149e-06 1
5.759706e-05 1
3.636609e-06 4
1.178825e-05 1
8.719938e-05 1
5.171883e-05 7
3.053030e-05 1
1.147773e-04 3
6.041222e-05 1
1.142404e-05 2
3.046675e-06 4
6.987560e-05 1
1.595141e-05 1
1.012248e-04 1
7.388447e-06 1
9.354852e-06 1
2.199536e-05 1
5.032469e-06 1
8.557357e-06 1
1.490307e-06 1
2.455080e-05 1
2.190732e-05 228
8.694777e-06 54975
1.322994e-05 1
6.202708e-05 53290
9.233328e-06 1
4.896454e-06 1
5.390196e-06 14917
2.688796e-06 2
5.125178e-06 1
1.145809e-06 2
6.631090e-06 2
4.001759e-06 13
4.982049e-05 1
3.633192e-05 1
1.953944e-05 2
1.127118e-05 1
2.208310e-05 2
1.398270e-05 199
4.825463e-05 3
8.185295e-05 1339
3.847726e-07 2
8.625426e-06 2
3.915835e-06 3
5.822551e-05 1
6.016272e-05 1
1.009518e-05 255
1.287910e-05 1
2.591264e-05 2
9.330951e-06 1
3.414262e-06 1
2.499192e-06 3
1.438176e-05 1
1.591422e-05 1
5.415473e-05 1
2.950559e-05 1
1.444326e-05 2
8.478289e-06 3
1.723264e-05 40342
1.529124e-05 1
2.255509e-05 1813
1.757006e-05 1
8.102516e-06 1
5.476825e-06 2
8.328734e-05 44
1.375129e-06 1
6.181930e-05 1
2.719763e-05 1
3.162490e-05 193
8.918950e-06 233
6.794896e-06 1
1.163114e-05 3
1.265073e-05 1
1.073332e-06 3
4.385257e-05 1
6.194189e-06 2
1.638107e-05 1
2.992190e-05 1
3.729132e-05 1
3.051496e-05 6
5.341356e-05 4
1.143031e-05 1
2.355092e-05 5
1.730412e-05 1
1.893177e-05 3
7.535653e-06 1
5.340009e-06 42544
1.794513e-06 3
1.893131e-05 1
4.349762e-06 2
1.337894e-05 2
2.773404e-05 1
3.895366e-05 26
4.467167e-05 3
7.455057e-06 1
2.299390e-06 1
4.009450e-06 1
1.038546e-06 1
9.068736e-06 267
1.469951e-05 29
1.186163e-05 6
3.360828e-06 2
7.860651e-07 7
4.693082e-05 1
4.783803e-05 12380
4.081320e-06 2
2.094051e-05 1
8.549510e-06 3
2.026140e-05 602
4.778502e-05 2
1.427775e-05 61770
3.783874e-05 1
1.392083e-05 1458
8.632898e-05 1
1.897840e-05 1
4.463182e-05 2
1.214746e-05 1
4.698333e-06 205
6.771900e-05 1
1.324355e-06 1
1.061390e-05 2
9.490846e-06 2
8.191009e-06 1
3.446537e-05 2
1.583083e-05 4
9.020871e-06 4131
2.356996e-05 2
4.912486e-05 1
1.627951e-05 1
3.985669e-06 1
9.463124e-06 13
3.464125e-05 1
5.978381e-05 17782
4.845372e-06 1
3.531803e-06 915
3.872573e-05 1
2.195056e-05 41302
4.690213e-06 5
1.015342e-04 1
2.067612e-05 1
5.996532e-06 3
3.434282e-05 1
1.349848e-05 1
5.801386e-05 2
5.606452e-05 2
5.998086e-05 92
6.843677e-05 1
5.140648e-05 3
8.331381e-06 1
1.095716e-05 7
1.855198e-05 1
2.014769e-05 6
6.557633e-07 3
4.180457e-05 2
4.131261e-05 2
5.850402e-05 3
7.479073e-06 2
8.021997e-05 4
1.358727e-05 153
1.076069e-06 1
6.468027e-05 3
2.657295e-05 7
1.586382e-05 1
3.620580e-06 6
9.799865e-06 1
3.333405e-05 1846
1.073922e-05 1
1.105571e-05 3
4.747049e-05 1
5.956849e-05 1
8.082423e-06 1
1.535509e-06 1
9.895671e-07 892
1.006339e-05 2
6.407113e-05 1
3.784947e-06 1
2.932413e-05 2046
3.192200e-05 250
4.830919e-06 1
2.292542e-06 1
1.518250e-05 1
5.972721e-05 2
9.246253e-07 1072
4.277977e-05 3
7.560143e-07 1
2.809188e-05 1800
2.589992e-06 6
2.621523e-05 51648
1.868846e-05 1
7.015661e-05 1
4.511721e-06 1
3.883837e-05 7
4.501619e-06 1
6.884926e-05 159
9.891209e-06 1
5.190550e-06 35077
2.388133e-06 1
5.688271e-05 199
1.452050e-06 62503
1.168890e-05 1
6.093580e-06 1
3.763692e-05 1
3.778858e-05 235
2.881828e-06 2
5.851286e-05 2
9.095564e-05 115
6.282398e-06 1
4.324150e-05 1
2.690496e-06 1755
6.715900e-06 1
7.053330e-06 1
1.501235e-05 276
1.120430e-05 1
6.421403e-06 3775
1.153019e-05 1
2.719509e-06 1
1.663360e-05 6
2.169432e-05 3
2.702438e-06 1
1.224541e-05 3
1.444194e-05 1
1.947504e-05 1
5.426795e-06 1
2.715313e-06 6
2.029145e-05 187936
7.712069e-06 1
1.222225e-05 1
7.092820e-05 1
3.155635e-05 3
4.299131e-06 235
1.447186e-05 37187
1.866806e-05 1
2.106249e-06 1
3.585705e-05 3
7.680608e-08 239
1.936235e-05 7
1.908059e-05 1
3.706357e-05 1
3.276081e-06 1
1.711589e-05 1
4.767065e-05 1
2.516773e-05 4
1.960115e-05 1
1.395516e-05 1
1.270100e-06 2
2.368339e-05 60265
3.540049e-05 2021
1.063777e-05 3
2.442654e-05 55
2.049965e-05 4
7.428456e-06 1
9.342353e-06 3
7.967838e-06 1
3.075519e-05 28357
2.265178e-05 3
1.417143e-05 1
1.380944e-05 1
4.280796e-06 3
6.058814e-05 1
1.871228e-06 556
6.379819e-06 1
1.053655e-05 1
2.478248e-05 230
3.244553e-05 1
4.569671e-05 237
4.706356e-05 6
6.011513e-05 1
5.221585e-05 1
4.753382e-05 1
2.161775e-05 3
6.801738e-07 1
1.346300e-06 1
2.332692e-05 42903
5.650595e-05 1
6.048964e-05 48
5.395268e-05 2
6.822604e-06 1
7.381145e-05 2
2.475179e-05 1
2.612304e-05 1
2.905787e-06 1
8.642740e-05 2
4.791115e-06 5
4.092661e-06 3
9.840260e-06 1
4.042143e-05 1
9.228135e-07 3
1.689184e-05 4
3.492352e-06 1
7.700627e-06 1
2.075406e-05 1
1.206853e-05 1436
1.158082e-05 1
1.166098e-05 1
1.879545e-05 1
3.046621e-06 1
1.014367e-05 5
3.552883e-06 7
6.930531e-07 1
6.533576e-06 1
1.079222e-05 7
2.121760e-06 1
6.972837e-05 1
1.929622e-05 1
1.720585e-05 1
1.921716e-05 1
7.997490e-06 200
1.514457e-05 37143
3.841073e-06 1
1.412837e-05 2
5.446972e-05 117
3.145108e-06 1
5.107952e-05 1
3.728440e-05 19
2.119688e-05 1
1.778591e-04 1
2.474449e-05 1
1.384604e-05 1
2.799207e-05 2
5.246276e-05 1552
5.321064e-05 1
3.147440e-05 1
7.689364e-05 274
6.004941e-06 2
3.565240e-05 1605
5.328952e-05 1
1.903225e-07 5
1.825124e-05 1
6.983541e-06 3
1.033560e-06 6
1.103208e-05 97
2.718281e-06 4
5.201813e-06 1
2.939559e-05 4
3.121129e-05 24316
4.948419e-06 1
4.110789e-05 128
2.958996e-05 1
2.149474e-05 1
1.731959e-05 5
1.318625e-05 1
5.245018e-05 1
1.922166e-05 3
4.395223e-05 1
7.160294e-06 1
2.533007e-05 2
1.573876e-05 2
2.433982e-05 134
4.260450e-06 1
3.813344e-05 1
2.651246e-05 1
5.559506e-05 2
6.870145e-06 59
1.794900e-05 1
4.307324e-05 1
1.160384e-05 1
6.855338e-05 36546
9.644961e-05 1
8.094695e-06 3
6.438230e-05 5
1.616453e-05 370
7.296441e-05 1
4.251385e-05 2
1.055877e-05 1
2.300305e-05 2
4.793228e-06 2
1.862829e-05 1
1.100449e-04 1
1.830846e-05 1
1.880932e-06 2
3.956719e-06 1
3.003651e-06 1
3.066684e-05 1
2.277507e-05 1
1.776123e-05 1
2.109755e-05 1
3.589516e-06 3
1.603094e-05 3
1.863752e-04 1
1.149103e-05 1414
4.666556e-06 1
1.066641e-05 3
3.738582e-06 114
7.798759e-05 3
5.021298e-06 2
1.319153e-05 6
7.782163e-08 5
5.696240e-06 1
2.994241e-05 1
1.858239e-05 2
3.235353e-05 1
1.270770e-05 2
2.534934e-05 1750
4.288478e-05 50
1.576304e-05 1
1.068880e-04 1
3.924550e-05 2
3.187210e-05 1
1.225206e-05 2
1.683375e-05 53412
4.444588e-05 1
1.442463e-05 1
2.593199e-05 3
1.673508e-05 5
2.287161e-05 4
9.955885e-06 3
2.577394e-05 1
3.226630e-05 1
1.052913e-04 1
1.643779e-05 1
2.933826e-05 1
6.820244e-06 2
4.618471e-06 1
2.602213e-05 163
4.060340e-05 1
3.180349e-05 129
4.103777e-06 1
7.114505e-05 3
3.871310e-06 200
3.302225e-05 2
1.437499e-05 47
5.096386e-07 1
2.944882e-06 218
9.139942e-06 1
4.483762e-06 1
2.347088e-05 4
5.286916e-05 204
3.189944e-05 1
1.396032e-05 1
1.083700e-05 5
8.213643e-06 1
1.815075e-05 1
6.309485e-06 1
9.698404e-06 1
1.781461e-06 2
1.209891e-05 110
2.802534e-06 1
3.211486e-05 17396
2.972084e-05 6
1.185878e-05 1
1.580999e-05 2
5.471728e-05 3
4.230054e-06 1
2.677131e-06 1
2.135079e-05 7
1.064825e-05 7
1.899471e-05 2
1.041491e-05 1
3.593926e-06 2
3.561421e-05 2
8.870701e-06 1
4.070787e-06 1
2.360395e-05 3
4.362240e-05 1487
1.241964e-06 1227
1.123090e-05 1
1.083049e-05 3
5.595610e-06 1
2.156969e-05 146
1.008053e-05 1
6.193312e-05 1
2.232310e-05 3
3.639093e-06 1
2.032778e-05 2
4.761474e-06 2
8.910646e-05 2
2.284073e-05 5
2.241557e-05 151
2.243125e-05 1
1.264901e-05 1
4.769529e-06 6
5.914818e-06 1
4.031853e-05 175
8.159133e-06 1
6.176320e-06 1
5.843912e-05 7
8.263719e-07 1
3.797956e-05 5
8.265575e-05 1
4.812514e-05 1
6.279461e-05 1063
7.576823e-05 17412
2.624036e-06 2
3.022178e-05 1579
9.567912e-06 5
8.293853e-06 5
9.718737e-06 1
2.308378e-05 4
3.731093e-05 91
3.993330e-05 1
8.602964e-07 3
8.744776e-06 1155
1.027635e-05 213
1.095708e-05 3
2.858448e-05 3
8.375202e-06 5
3.807681e-05 114
4.033684e-07 476
2.993417e-06 1
1.214799e-05 5
1.436428e-05 66
4.090492e-05 971
1.378937e-05 1
4.500512e-06 1
3.979856e-07 3
1.163098e-05 1
4.214412e-05 1
8.349775e-06 1
6.332945e-05 1
4.886578e-06 1
8.846833e-05 3
2.953349e-06 4
7.684682e-06 1
1.956409e-05 1
7.675317e-06 1
6.157906e-06 7
1.716873e-05 1
2.523608e-06 1
1.817482e-05 1190
1.049490e-05 39
4.596700e-05 1
2.695222e-05 1
4.214094e-05 1
1.712335e-05 1
2.115462e-05 1
9.918381e-06 1
1.027093e-06 232
5.032711e-05 1
7.834679e-06 52427
6.207261e-05 4
3.590189e-06 1
2.128310e-05 5
7.670688e-05 1
2.407024e-05 1
4.604815e-05 435856
7.065997e-07 1
3.410909e-05 2
2.948464e-05 1915
2.351267e-06 235
3.226287e-05 1
1.524430e-05 7994
1.409545e-05 1
2.940657e-06 1
1.791522e-05 266
1.325057e-05 119
2.531881e-07 1
2.173718e-05 1956
4.010158e-06 230
5.675132e-07 86
1.317075e-05 1
1.322399e-05 45535
7.789498e-06 1
3.351657e-05 225
1.596209e-06 1
5.051633e-05 61372
1.058649e-05 3
2.925065e-05 3
2.928956e-05 788
6.320873e-06 234
2.201487e-05 3
3.076402e-06 1
1.840947e-05 202
1.735134e-05 66
7.774280e-06 5
4.532714e-06 3
1.116958e-04 3
8.069846e-06 427970
2.294443e-05 1
2.824995e-05 1
1.047176e-05 1
4.391495e-05 1
5.012325e-06 1
3.937963e-05 6
8.094261e-05 113
7.258419e-05 1
2.334741e-06 274672
1.119998e-05 62084
1.431296e-05 3
6.706953e-06 1
4.019777e-05 2
4.778496e-06 3
5.886476e-07 4
3.745129e-07 1
6.327122e-06 1
1.579229e-05 1
2.327611e-05 4
6.998392e-06 257
8.659014e-06 179
1.334684e-04 1
1.163441e-05 1
2.144917e-05 1
2.476625e-05 1
1.897691e-05 241
2.238544e-05 1228
6.709525e-06 1
2.507802e-06 1
6.215636e-05 1
1.949148e-05 1
1.548129e-05 3733
2.435713e-05 3
8.392757e-06 3
5.009372e-07 1
4.201018e-05 1
8.575739e-05 1
2.436053e-05 1
1.644591e-05 2
9.257667e-05 3
2.787340e-05 3
1.047633e-05 3
2.386287e-06 2
4.431913e-05 1
7.839293e-06 5
3.126852e-05 4
3.988778e-06 1593
2.269686e-06 1
1.134952e-04 1
6.175975e-05 2
1.828483e-05 2
3.982961e-07 2
1.093920e-05 55
2.122598e-05 1258
7.536046e-05 701
1.610047e-06 1
4.668106e-05 31729
3.981847e-06 1
9.803767e-05 2
1.669356e-05 16921
2.139255e-05 87
5.413679e-05 3
6.010655e-05 2
2.040754e-05 1
4.149527e-06 1
1.428196e-05 20
1.425155e-05 1707
1.109501e-04 1
9.435990e-06 1
2.392739e-05 1
3.259853e-05 820
2.047461e-05 6
5.311906e-05 1
5.729410e-06 1
1.684137e-05 1980
9.815388e-05 7
4.774423e-05 2
4.051986e-05 1
1.533908e-06 1
1.543963e-05 2
1.678843e-05 1
1.224093e-05 1
7.777649e-06 14
4.006710e-05 1
4.654982e-05 1
2.298172e-05 834
3.610025e-05 1
3.660359e-06 658320
7.547667e-06 4
2.631526e-05 1
8.538052e-06 6
7.264843e-05 2
8.009432e-05 1
5.156434e-06 1
3.229824e-05 1
1.926170e-05 3
3.839830e-05 2
2.234817e-05 1
4.037654e-05 7
2.531324e-05 1
4.463744e-06 2
2.404664e-05 7
1.141626e-05 1
4.915882e-05 1
5.771160e-05 1
3.404601e-06 117
1.367760e-05 178571
7.866973e-06 267968
1.309328e-05 1
8.770179e-05 1
4.805452e-05 1
1.139184e-06 1
4.460104e-05 1
6.282562e-05 1
1.131603e-05 2
9.367013e-06 4
1.330180e-05 17381
3.715924e-05 947
3.768380e-05 1
1.280331e-05 1
4.310049e-07 398
4.769378e-05 3
3.141643e-06 1
2.374086e-05 2
1.264492e-05 1
3.115957e-05 109
2.915680e-05 3
7.557353e-05 1
1.259545e-05 141
2.866149e-05 2
1.393570e-05 1
7.178268e-06 5
1.609418e-05 1
3.067850e-05 1
3.279154e-05 1
2.632689e-05 1
4.421229e-06 1
1.252800e-05 240
1.285661e-05 1
2.377162e-05 1
7.293076e-07 1
2.110786e-06 1
1.067058e-05 5
1.556392e-06 290004
6.072390e-05 2
1.304075e-05 1
2.454597e-05 2
1.471107e-05 28
7.877880e-05 1
6.626437e-05 1
8.574885e-06 1
5.549011e-05 686
9.228009e-06 63
2.916409e-05 6
1.627328e-05 4
7.568163e-06 1
9.749131e-05 1
2.116302e-05 161
2.819604e-05 24
2.094486e-05 1
4.117562e-05 2
2.364706e-05 1
3.465841e-05 7
1.184427e-05 2
3.187590e-06 1
6.648980e-06 1
4.258177e-05 1
1.811605e-05 1
1.020328e-05 114
6.068654e-06 1
9.119046e-06 6
3.918776e-05 2
1.884565e-05 3
1.025931e-05 3
3.917402e-05 1
5.804301e-06 97
1.200965e-05 3
4.651802e-06 158
2.472038e-05 2
6.887430e-05 1
5.239626e-05 1
3.547812e-05 4
4.431164e-05 6
1.500343e-06 1
9.715996e-06 1
1.606594e-05 1
4.041700e-06 1
6.196235e-05 8716
2.010598e-06 1
1.164080e-05 3
4.687860e-05 5
3.780302e-05 573
1.060242e-05 3
1.751323e-05 1
4.757755e-05 1
3.105149e-05 4
3.940885e-06 1
7.223960e-07 73
8.199054e-06 7
1.065616e-05 5
4.236012e-05 1
1.650343e-05 2
3.619186e-06 3
1.157738e-05 5
4.375107e-05 1
1.948866e-06 1
6.300396e-06 3
2.144225e-05 1
5.146664e-06 50818
6.190238e-05 2
7.151428e-07 369
9.502707e-05 5
9.237216e-05 1
2.193764e-05 1
3.622635e-05 46
7.376210e-06 164
7.638204e-06 1
3.532243e-05 1
1.072663e-05 3
2.483463e-05 6
1.888556e-05 1
2.392517e-05 201
3.970545e-05 3
3.442351e-06 1
3.239793e-05 1
7.049549e-06 1
1.797275e-05 1
4.313936e-05 6
2.396170e-05 1
2.802819e-06 7
2.721113e-05 3
1.578572e-05 1
5.390943e-05 3
9.097919e-06 1
3.791446e-05 6
2.893589e-05 2
6.701472e-05 216
2.677273e-05 5
5.471607e-06 1
2.451325e-05 1
4.961495e-05 242
1.009373e-05 1
5.341493e-05 1
1.557188e-06 286758
7.408117e-06 1
7.529662e-06 3
1.164768e-05 129
1.820455e-06 1
1.008713e-04 1
1.209492e-05 1
9.171211e-06 1
2.950910e-06 1
1.864681e-05 1
1.319695e-05 1
1.054445e-05 1
1.244279e-05 1
1.828794e-05 1
4.202629e-06 1
2.813180e-06 1
9.418304e-06 1
4.478088e-05 2
2.601190e-05 3
8.323952e-06 153
3.033194e-06 1
2.728058e-05 1
1.216338e-05 2
5.599330e-06 2
5.219224e-06 1
4.795952e-05 3
2.229781e-05 233
2.172323e-06 530
3.585380e-05 2
1.739105e-05 5
3.202653e-05 1
4.219313e-05 1
8.193261e-06 1
5.878572e-06 1
1.374038e-05 1
5.007704e-06 1
1.569887e-05 3
2.248829e-05 3
1.274202e-05 1
1.722225e-07 3
2.350805e-05 1
8.724525e-06 6
3.726029e-08 1
1.460146e-05 258
4.835584e-06 3
3.501354e-06 1
3.125885e-05 1
1.660230e-05 1
5.459996e-05 1
7.201367e-05 1
7.845016e-05 3
1.271947e-05 6
2.120832e-05 506
2.551841e-05 1
4.433604e-05 1
6.788097e-06 1
6.924855e-05 1
1.651875e-05 1
2.311988e-05 5
1.282252e-05 1702
3.454532e-06 1
8.892543e-06 1
9.480935e-06 47
1.119785e-05 1
1.332300e-05 3
1.465471e-05 3
1.315268e-05 1
2.030389e-05 2
3.537383e-06 2
4.571344e-05 1883
1.889191e-05 1
2.743114e-06 2
6.723821e-05 2
6.299844e-06 1
2.331487e-05 2
2.209145e-05 1
4.293413e-05 1
3.172218e-05 1
1.501309e-05 1304
9.432087e-06 253
5.392438e-06 5
7.768920e-05 3
3.770643e-06 1
4.271087e-06 5
1.730493e-05 1
2.826239e-05 7
6.508698e-05 2
2.142189e-06 2
2.386767e-05 1
6.313708e-06 25438
5.890016e-06 1
1.209230e-05 1138
1.786954e-05 1
6.228212e-06 2
1.894598e-06 1780
4.307880e-05 1
4.539174e-05 728
4.677532e-05 1
5.406537e-06 1
1.349678e-05 3
2.726455e-05 1
9.759130e-05 1
3.611835e-06 7
3.331321e-05 1
2.122444e-05 1
1.411363e-05 1
1.561089e-05 1
8.942827e-06 1
7.571220e-06 1
2.094254e-05 3
4.053827e-06 1
1.105005e-05 3
2.849186e-05 1
3.482174e-05 1
5.938158e-06 386
3.758095e-08 5
6.188941e-06 5
1.384941e-05 1
2.887651e-05 201
3.773574e-05 3
1.006061e-06 5
3.744596e-05 1
6.392966e-05 6
1.380558e-05 1
1.831696e-05 1
6.521249e-05 1
7.841519e-05 2
1.166724e-05 589
1.692743e-06 2
2.487076e-05 6
6.555412e-06 3
1.931896e-05 2025
1.465378e-05 16
1.185214e-07 1
6.456233e-06 6
2.337204e-05 1
1.956237e-05 1
6.691931e-06 6
1.215325e-04 245
3.629242e-06 1
1.113922e-05 7
2.382751e-05 1
4.062179e-05 182
3.465525e-05 3
2.110113e-05 2
2.663570e-05 3
1.802323e-06 1
8.933312e-07 2
1.995902e-06 1
1.285597e-05 1
3.700827e-05 56686
1.032797e-05 4
1.757448e-05 1
4.414157e-05 1
3.872789e-05 71
5.100584e-06 193
2.592466e-05 1
9.998099e-06 5
5.789398e-06 245
2.546213e-05 1
4.999777e-05 2
9.118467e-06 1
1.552894e-05 2
5.364189e-05 41374
4.800751e-06 29783
8.886842e-06 26981
3.128926e-05 1
2.395263e-05 1
5.508773e-06 4
1.381210e-05 3
4.398121e-06 2
1.660466e-05 1
3.654941e-05 3
6.344950e-05 5
1.245199e-05 3
1.656545e-05 2
5.861204e-05 63392
2.653649e-05 1
2.739212e-05 1
3.692322e-06 1
5.845964e-06 1
2.446068e-05 36437
1.971989e-05 3
3.127049e-05 194
2.536715e-05 1
1.497901e-05 1
2.848330e-05 1
4.726709e-06 1112
1.987638e-05 1
1.706887e-05 1
3.530792e-06 1
8.091661e-06 51859
1.242586e-05 1
3.200176e-05 1252
1.123972e-05 1
3.238820e-06 2
4.669558e-05 4
1.290427e-05 1
3.024697e-05 1
1.581415e-05 3
2.235835e-05 1001
1.731603e-05 1
1.468552e-05 3
5.154632e-05 106
6.274755e-06 3
6.766975e-06 3
1.603935e-05 2
5.285279e-06 1
2.836985e-05 122
2.577520e-05 198
4.721018e-05 1
7.750191e-06 1
2.957508e-08 1
7.136606e-07 1
3.262046e-05 1
1.698472e-05 10283
6.110776e-05 61612
1.721206e-05 1
2.450847e-05 1
7.980076e-06 1
1.334704e-06 1
5.301311e-05 2
3.842711e-06 168
3.778388e-05 1
1.803463e-05 5
2.080956e-05 2
1.537876e-05 1
4.474111e-05 1
2.063695e-05 1
9.709646e-06 1
6.044450e-05 2
1.089405e-05 3
4.033993e-05 1
7.661045e-06 1
2.658792e-05 1
4.363823e-06 1
1.892396e-06 1
1.521580e-05 3
5.146732e-05 1
8.243434e-05 11362
3.640724e-05 1
4.405149e-06 1
4.004853e-05 1
2.397036e-05 2105
5.622913e-05 7
2.941082e-05 2
2.278944e-06 1
8.651649e-05 135
1.387962e-05 3
2.114007e-05 1100
2.726670e-05 1
1.884907e-05 1
9.992666e-06 1
6.257345e-06 80
2.519320e-06 1
3.930573e-06 42201
7.227659e-07 5
7.363330e-06 1
1.690750e-05 1
1.649725e-05 1
5.050231e-06 1
7.382008e-06 2
2.975201e-05 1
1.204899e-05 1
1.216212e-05 2
3.682138e-05 3
2.346403e-05 1
2.736701e-06 3
2.945388e-06 7
2.232542e-05 2
7.693657e-07 1
3.203594e-06 2
1.681886e-05 5
1.514462e-05 3
1.627286e-06 1
4.382765e-05 1
8.102316e-05 1
4.245376e-05 2
3.470017e-05 6
1.351486e-05 1
3.319698e-05 1
3.603215e-05 1
1.325234e-05 1
3.497290e-06 1
7.246127e-06 2
3.214969e-06 4
2.759872e-05 1717
1.905857e-05 1
1.890088e-05 2
2.172884e-05 3
1.967307e-05 2
1.284575e-05 4
6.674813e-06 1
7.602547e-06 2
1.892728e-05 1
3.355208e-05 23
4.733618e-06 1
1.455282e-05 1
3.494429e-05 1
3.971122e-06 1
1.048727e-05 1
5.018766e-06 7
5.249742e-05 3
1.955203e-05 1
1.663999e-05 3
6.404463e-06 1
2.932817e-06 1
3.446621e-05 36107
8.600184e-05 1
3.095726e-05 5
6.225804e-06 22680
8.609384e-06 4
2.691594e-06 1
5.759329e-06 2
3.697225e-05 3
4.449631e-06 1
1.755214e-05 1
1.543771e-07 1
7.689427e-06 2
9.554979e-05 1
8.555785e-06 1
6.318472e-06 1
4.696167e-06 1
7.379260e-05 1
4.791270e-06 2
8.358719e-05 1
1.533019e-05 1
4.814764e-05 1713
2.232542e-08 1
8.011292e-07 1
4.838527e-06 1
1.688040e-06 1
2.935223e-06 3
3.349794e-05 447
2.371485e-07 1
2.325562e-05 3
9.719165e-06 1
1.108833e-05 6
3.746601e-05 2
4.246629e-05 136
1.693034e-05 1
3.387754e-05 1
2.884756e-05 1
3.163141e-05 1
4.929990e-06 1
1.703886e-06 3
1.109383e-06 1076
1.017183e-05 2009
2.152243e-06 1
1.549379e-05 1
1.391497e-06 6
4.740143e-05 3
1.930252e-05 1
6.985221e-06 114
1.188981e-06 1
1.284727e-05 1
1.860223e-05 1
1.915883e-06 2
1.063274e-05 3
8.468217e-06 2
4.332544e-05 1
3.307337e-06 960
2.675225e-05 1
7.064722e-06 10452
3.598748e-05 1
4.645165e-06 1
1.156868e-06 1
9.571338e-06 107
1.429463e-04 1
2.266390e-05 3
1.725497e-06 5
4.401449e-05 569036
3.404164e-05 72
1.677151e-06 818
4.688500e-05 3
1.152424e-05 217
6.731334e-06 53170
1.746512e-05 3
2.103647e-05 1
3.779417e-06 819
3.077289e-05 1
2.101340e-05 10
1.411562e-05 1
3.846906e-05 1
3.738134e-05 3
3.953735e-05 1
4.457862e-06 1
7.966002e-05 3
1.130992e-05 6
1.706463e-06 1
4.334662e-05 2
5.459078e-06 3
7.705611e-06 1
6.517278e-05 6
1.757102e-05 4
4.213321e-05 3
5.822455e-05 1
3.579782e-05 1
2.638204e-06 1
4.576943e-05 1
3.008226e-05 1
2.624594e-06 1
7.192674e-05 2
6.349802e-07 1
3.739203e-05 124
1.864612e-06 1
5.271423e-05 1
2.812669e-05 2
3.261810e-05 215
2.030524e-04 1
7.974942e-05 211
1.381161e-04 177
6.081464e-05 1210
2.103958e-05 1
8.729689e-06 1
5.910621e-06 1
2.103179e-06 2
3.368969e-05 3
2.527682e-05 3
2.754034e-05 2
1.781782e-05 1
4.801195e-05 3
4.833547e-06 26410
1.802164e-05 1
9.967604e-06 3
2.408990e-05 1
1.880665e-05 7
3.613620e-05 1
8.120600e-06 5
1.156956e-05 3
1.604853e-05 6
1.159639e-05 8693
2.506584e-06 1
9.923263e-06 2
6.645928e-05 7
2.022330e-05 1
9.799321e-05 1
3.810702e-05 1
4.660229e-07 1
5.983061e-05 3
2.828296e-06 1
7.974166e-06 1
1.691387e-05 1
1.952438e-05 1
9.549609e-06 1
1.150375e-05 1
8.850877e-06 1
1.720948e-06 64537
8.679870e-06 1
1.087946e-05 1
4.613938e-06 3
1.429185e-05 4355
1.470015e-05 44292
5.581129e-05 1
1.487110e-05 1
1.767825e-05 1
1.127091e-05 3
8.434015e-06 1
8.340316e-05 41713
2.047942e-06 6
1.344024e-05 1
1.448018e-05 1
4.184675e-05 10990
1.357433e-05 100
1.500141e-05 3
1.763326e-07 1
5.436900e-06 1
6.265320e-06 1
2.106250e-05 7
1.224291e-06 1
3.883673e-05 1
4.963064e-06 1586
6.313834e-06 17
1.205317e-04 1760
3.021716e-05 160
5.821183e-06 149
2.624640e-05 3
7.544926e-05 79
6.086604e-05 115
3.909622e-05 3
4.495077e-06 3
4.043365e-06 1
4.081165e-05 1
9.440649e-06 2
3.749059e-05 1
2.162121e-05 1
1.473115e-05 1
6.046316e-06 1
1.605665e-05 2
4.877689e-06 1
7.466251e-06 6
1.914708e-05 6
1.096385e-05 2
2.255616e-05 1
5.235450e-06 3
7.074019e-06 1
4.077194e-05 1
1.009486e-05 1
1.349280e-05 1373
4.666187e-05 3
8.071459e-06 1
1.317975e-05 1
2.043737e-05 6
2.690664e-06 65637
5.091124e-07 1
4.690065e-05 1
8.663246e-06 6
1.902840e-05 1
4.336305e-05 1604
4.563862e-05 2
5.527778e-06 1
9.675466e-05 6
1.264131e-05 1
1.707107e-06 1
1.172666e-05 1
7.376947e-05 21
5.505447e-05 7
7.772889e-06 1
2.416660e-05 2
7.670548e-06 2
7.252326e-06 2
1.954520e-06 1
2.963869e-06 1
2.385909e-05 7
1.151386e-05 1
2.607552e-05 280
8.849273e-05 1
2.543973e-06 2
1.540198e-05 1
5.027147e-05 452
1.664707e-05 3
1.386828e-05 1
1.483445e-05 1
1.509374e-06 4
3.400113e-05 3
1.413774e-05 1
3.959878e-05 1
1.359625e-06 22
8.405956e-06 1
4.165254e-06 1
1.686683e-06 7
1.123808e-05 17
8.812885e-05 2
2.803562e-06 1
1.537144e-05 1
5.546387e-05 61
3.465766e-06 307
1.651908e-05 1
1.759392e-05 1
2.909735e-06 206
4.696061e-05 2
2.349263e-05 5
3.580979e-05 1
6.855302e-05 3
1.113569e-05 193
5.958273e-05 99
1.106248e-05 2
6.545684e-05 2
5.088527e-05 1
1.941593e-05 1
3.510288e-05 6
8.587573e-06 2
1.891072e-05 1
2.179112e-05 608
2.888737e-05 1
3.749400e-05 1
1.890915e-05 3
2.471801e-05 2
1.520181e-06 1
8.681983e-06 2
3.705600e-05 3
1.171480e-05 157
2.692656e-05 45343
9.231787e-07 1
1.355398e-07 469
3.684630e-06 1
4.342066e-05 1
1.698544e-05 6
8.590496e-07 6
5.732727e-06 647757
6.652162e-07 1
8.635966e-06 3
4.163730e-05 1
2.995304e-07 45106
6.714799e-06 1
2.150729e-05 1
1.536744e-05 1
1.273504e-06 1
5.247477e-07 258
2.058857e-05 1
2.792559e-06 100
1.054603e-05 3
9.181345e-06 296
1.665689e-05 1
9.150827e-07 6
1.024795e-05 1
9.806160e-08 1606
1.426862e-05 1
3.117193e-05 1
2.232719e-05 5
1.050212e-04 1
1.101648e-04 1
3.353074e-05 1
2.440363e-06 18
1.108676e-05 6
9.239420e-06 1
1.365933e-05 5
4.831093e-05 1
1.041127e-05 1
2.052241e-05 2
1.649995e-05 6399
3.964332e-05 1
5.611817e-05 4
1.849896e-06 256
2.329253e-05 2045
3.981001e-05 2
4.681735e-05 1
1.784833e-06 177
6.212765e-07 1
7.661753e-06 1
8.400348e-07 3
9.463072e-05 477809
1.552238e-05 232
1.317108e-05 1
2.428783e-06 2
1.777287e-05 8009
1.237744e-05 650
3.413401e-05 1
5.016885e-06 1
2.780894e-05 1
1.608383e-05 7
1.284475e-05 2
3.337349e-05 1
1.382428e-05 1
8.614981e-06 1
1.575649e-07 4
1.342063e-06 1
4.892445e-05 1
1.709690e-05 1880
2.103760e-05 1
6.140306e-05 1
5.908089e-05 2
4.341117e-05 3
1.321328e-05 1
3.382848e-05 1
9.215967e-06 2
1.525914e-05 1
5.033918e-06 5
4.453861e-06 1
6.852881e-07 7
4.315319e-05 5
2.699765e-05 1
2.756401e-06 1
3.420313e-05 1
2.759652e-06 1
4.259922e-05 4
1.823246e-05 1
5.240338e-06 3
6.450491e-06 1
2.537652e-05 3
6.758746e-06 57
1.945480e-05 4
3.411535e-06 6
2.911411e-05 1
6.589931e-06 1
5.496347e-07 3
4.674711e-05 441
1.735787e-05 1
3.207939e-06 1
8.364074e-05 40868
3.590356e-05 1
8.082249e-07 1
2.983972e-06 1
5.217090e-06 32379
3.176315e-06 2
4.135897e-06 3
1.920931e-05 1
4.712286e-06 5
6.947131e-05 7918
3.976997e-05 6
2.130352e-05 1
5.349901e-06 3
1.212220e-04 4
1.618889e-05 1
2.176464e-05 1
3.706864e-05 3
6.331854e-06 1
1.160700e-05 1
9.352919e-06 6
2.404440e-05 1
2.239063e-06 3
1.603555e-06 3
6.624747e-05 1
2.046673e-05 1
8.381847e-05 2
5.058467e-06 7
6.723144e-05 2
6.269503e-06 1708
3.088040e-05 1
2.383485e-06 5
4.608193e-05 3
7.859667e-06 1
2.566383e-05 3
8.208699e-07 1
5.518152e-05 1
6.807359e-05 1
1.447883e-05 1
8.121508e-06 19
6.861348e-05 2
6.002936e-06 1
3.568714e-05 142
8.916632e-06 4
8.163516e-06 249
9.405673e-06 3
4.373147e-06 114
8.334532e-05 2
1.016415e-05 2023
1.022937e-05 201
1.727353e-05 1
9.842767e-06 1
5.604439e-06 1
2.587184e-05 6
2.424808e-05 1
3.774321e-05 3
2.128082e-05 937
3.187638e-05 2
3.250652e-05 1
4.278507e-05 2
3.524448e-06 1
1.967064e-05 1
1.548502e-05 1
1.913791e-05 1
3.242388e-05 1
2.289150e-06 2
2.410459e-05 1967
3.448009e-05 1
1.302572e-05 1
2.642083e-06 2
5.587079e-05 5
7.054892e-06 1
1.234519e-05 1477
3.728684e-06 7
1.077501e-05 16711
4.995233e-05 7
3.664408e-06 36
1.408715e-05 1451
1.994815e-05 7
4.598131e-05 2
3.290586e-06 1
4.077481e-05 2
5.633000e-06 816
2.151350e-05 3
9.009162e-06 2
1.607553e-05 3
8.017307e-05 1
1.740318e-05 6
1.516962e-05 1
4.959707e-05 1968
2.982633e-05 4
3.288529e-06 3
4.291254e-06 6
1.142988e-05 1
1.891278e-05 1
1.749440e-05 1
1.982208e-05 1
1.259699e-05 177
1.975753e-05 1
6.505472e-05 2
5.021281e-07 1
1.081528e-05 1
1.288854e-05 2
1.188303e-06 237
9.291531e-06 3
1.014868e-05 1
2.368080e-05 1
1.574129e-06 1
2.437388e-05 1
1.921804e-05 3
8.277496e-06 3
1.082904e-05 1
5.266208e-06 38
1.283420e-05 911
2.106627e-05 1
3.457118e-05 1
8.103333e-06 149
4.697164e-05 3
2.032709e-05 3
3.140706e-05 1
6.917329e-05 3
2.930751e-06 1
1.182534e-05 3
2.152181e-05 1
1.196862e-05 2
2.084418e-05 1
7.193280e-05 2
7.108451e-06 1
3.398344e-05 4
1.531916e-05 7
2.898535e-05 2
2.315497e-05 1
2.160020e-05 1
1.059795e-04 1579
3.299064e-05 2
2.781345e-05 78701
1.265011e-05 1
6.432906e-06 1
3.971464e-06 6
2.329485e-05 33112
6.454059e-07 1
2.121808e-05 1
4.406304e-05 1
2.024970e-05 5
1.325674e-06 1
9.468113e-07 1
5.622653e-06 2
1.052416e-05 2
5.889018e-05 1
3.820994e-05 600
2.696513e-05 43810
1.225201e-05 1
1.034520e-04 1
5.767586e-05 3
3.654522e-05 1
3.104036e-05 1
7.315550e-06 465473
2.277004e-05 3
2.944225e-05 3
1.699198e-05 3
2.909881e-05 2
3.645144e-05 218
6.266854e-05 1
3.974343e-05 1
6.425338e-06 4
5.872558e-06 3
4.124522e-05 1
7.692207e-06 1
8.960966e-06 1
2.920889e-05 2
8.197129e-06 1
1.197011e-05 1
1.671346e-05 1
2.228701e-05 1
1.267462e-07 2
1.723352e-05 1691
4.310496e-06 1
9.494410e-06 1
8.174756e-06 1
5.831073e-05 119
2.032422e-05 11743
3.869516e-05 3
1.539596e-05 1
3.258316e-05 3
7.877184e-06 1
2.023209e-05 3
3.160512e-05 1
1.423033e-06 2
4.513224e-06 1
5.001125e-05 34935
2.044593e-06 15434
3.037640e-05 1
1.536208e-05 56668
6.364700e-06 5
3.893421e-06 123
1.442743e-05 1
1.269267e-04 1
1.435229e-05 1
7.744579e-06 1
1.312584e-06 85
1.806215e-05 5
7.799563e-05 114
1.503991e-05 65
9.836705e-06 1
7.250892e-06 3
3.351148e-06 3
3.361131e-05 4
2.005579e-05 1
9.172298e-07 2
3.024745e-05 7
4.776646e-06 1
7.286742e-05 1
3.401113e-07 1
2.471127e-05 59219
2.411922e-05 1
1.947036e-06 1
1.442114e-05 1957
1.093543e-05 3
2.077599e-05 2044
4.628951e-06 615583
3.007911e-05 2
3.188138e-06 66521
4.567840e-06 1
2.370074e-05 1
1.301757e-05 146
1.626303e-05 119
5.504013e-05 2
5.849854e-05 1
2.218691e-05 1
3.399423e-06 1
4.484781e-05 1
1.517224e-05 1
2.845432e-05 1
5.629288e-05 3
7.372151e-06 219
6.902457e-06 1
3.626185e-05 3
6.660508e-06 1109
1.769479e-06 3
1.445902e-05 2
1.252330e-04 1
4.677296e-05 1
1.499033e-07 1
4.068362e-05 1
1.104281e-05 1
2.247763e-05 612
1.816612e-05 1
8.834069e-06 1
1.241493e-07 1
1.581363e-05 1
5.642995e-06 5
1.461914e-05 5
1.036968e-05 1
2.978143e-05 1
1.003223e-05 1
1.912083e-05 3
3.073222e-05 3
1.972241e-05 1
2.371991e-05 3
9.650712e-06 24
4.982580e-06 121
4.074744e-05 1
7.614745e-06 3
6.236874e-05 1
8.501039e-07 1
7.327753e-06 1
4.090515e-05 2
3.693957e-05 6
2.278983e-05 1
3.096314e-07 2
1.195063e-05 146
5.345046e-05 1
2.985209e-05 1
8.268833e-05 1
3.820997e-06 3
2.002339e-05 7
8.016298e-05 3
6.935141e-06 56466
1.077055e-05 1
1.983004e-05 3
5.123781e-05 3
2.352345e-05 267
2.165521e-06 1
1.189881e-05 1
3.968300e-05 1
5.638387e-05 5
1.433546e-05 2
4.841348e-05 1
1.271320e-06 1
6.186361e-06 1
3.480548e-05 1
3.798508e-06 3
8.868632e-08 2
2.150246e-05 1
1.230818e-06 2
7.372882e-05 3
2.447792e-06 36770
1.063778e-05 3
2.971316e-05 1
2.967826e-06 3
1.198338e-05 1
5.628776e-05 1
7.966753e-06 1
4.033845e-06 3
7.464256e-05 249
2.896236e-05 105
1.876525e-06 69
1.905411e-05 1
2.676105e-05 18124
5.813953e-06 1
9.540080e-06 3
9.693177e-08 126
2.264418e-06 2
3.415198e-05 5
1.592276e-05 1
1.811863e-06 99
1.255851e-05 5
1.380310e-05 1
5.757875e-05 3
4.969156e-06 2
6.021569e-05 24887
1.184677e-05 1
6.745049e-06 2
3.107455e-05 1
6.432419e-06 180
1.302287e-05 5
3.907077e-05 1
2.154055e-05 1
3.383580e-05 20736
1.175243e-07 521
1.717490e-06 1
1.167278e-05 3
1.130649e-05 3
6.682152e-06 2
2.298947e-05 71
3.832521e-05 3
4.078603e-06 2
3.189087e-06 2
1.310149e-05 6
1.279661e-05 45
4.873168e-06 1
3.005472e-05 1
1.033529e-05 5
6.028415e-06 1
3.099323e-05 3
2.918272e-05 1133
3.690541e-06 6
8.627002e-05 54682
1.747715e-05 638446
8.968045e-05 1
3.303951e-05 1
2.887344e-05 1
1.725905e-05 1
1.107816e-05 1
2.715130e-06 1
1.155855e-05 4
2.848702e-07 3
3.597826e-05 292107
1.805198e-04 5
9.749495e-06 7
2.399323e-05 1
4.484351e-05 3
2.933852e-05 1
1.294057e-05 137
1.750179e-05 1
1.668402e-05 222
1.251860e-05 2
2.732237e-07 108
7.846589e-06 6
2.836249e-05 537
4.911073e-06 1
7.389827e-06 3
1.371559e-05 1
6.467515e-07 6
6.464335e-07 1
7.840886e-05 1
5.690856e-06 133
2.802664e-05 1
1.724761e-06 1
3.335039e-06 3
2.248347e-05 1
5.345883e-06 1
1.626786e-05 1
1.036005e-05 2
9.240785e-05 1
2.377239e-05 6
3.887678e-05 488
2.615539e-05 1
2.300163e-05 1842
3.711975e-05 1
5.818465e-05 7
5.676193e-06 1
2.539317e-06 1
1.011946e-05 563
1.279912e-05 2
1.168847e-06 1684
3.936703e-05 5
2.554526e-05 45788
7.954041e-06 950
1.882930e-05 1
2.052849e-05 1
1.933387e-05 227
1.689606e-05 1
2.541713e-05 1
4.145917e-06 1
9.712732e-06 1
2.898000e-05 1
7.192443e-06 1
2.608926e-05 56851
2.153479e-05 1
4.153867e-05 113
1.493483e-05 1166
8.518609e-06 1
1.915645e-05 3
5.693236e-08 1
8.852163e-05 3
4.398762e-05 88
3.685536e-06 1
4.177638e-05 3
3.386352e-05 1
1.182618e-05 6
4.715985e-05 1
6.597316e-06 1
1.009903e-04 441680
2.237232e-06 147
4.648203e-06 3
7.068753e-05 4
8.377986e-06 1
2.939648e-05 5
1.006900e-07 2
6.837340e-06 1
1.232320e-05 3
2.970748e-06 3
1.611123e-05 7
2.390482e-05 7
4.058586e-07 1
4.384576e-07 1
1.594150e-05 2
4.017698e-05 1
1.973803e-05 27
1.748261e-05 1
1.713229e-05 51
7.586342e-06 1
3.318798e-06 1
1.443574e-05 258
4.880048e-05 3
1.116769e-05 19479
4.093235e-06 1
1.272759e-05 2
7.555307e-07 1
1.310693e-04 1
4.481625e-05 1
