6.362481e-04 1
1.144446e-05 1
5.700160e-05 155
3.045822e-04 1
1.767818e-04 214
1.064548e-04 1
2.518651e-04 1
8.293823e-04 1
4.339334e-06 1
3.566715e-04 1
1.274109e-04 4
1.963153e-05 1
4.113228e-04 1
2.217479e-04 3
1.849400e-04 357
2.768504e-04 1033
1.590364e-04 1
7.722672e-04 242
3.129159e-04 7
1.857978e-04 1
4.037718e-04 1
2.432183e-04 1
1.251694e-04 1
5.322894e-04 6
9.895386e-05 1
2.394364e-04 1
8.592301e-05 6
8.327216e-06 77
1.171642e-04 1
1.344357e-04 1
2.975543e-04 1
4.736144e-05 1
6.409109e-05 3
2.156574e-04 3
2.330362e-04 1
1.709221e-04 3
2.123555e-04 1
3.487203e-04 1
7.576981e-05 1
1.475615e-05 2
1.777239e-04 3
8.196321e-05 113
1.007880e-05 1
1.883478e-04 38630
4.992469e-04 3
1.099575e-04 1
5.522083e-05 7
4.807732e-04 1
6.999922e-04 3
2.321326e-04 243
1.463036e-05 1924
5.665277e-05 1
4.530678e-05 46
2.685216e-04 2
6.775980e-05 6
1.946700e-04 2
2.134348e-04 1
4.379091e-04 1771
1.630920e-04 3
3.604242e-05 1
1.289157e-04 35
1.876211e-04 1
1.529774e-04 4
3.676868e-04 3
8.171830e-04 1
2.834942e-04 7
2.324692e-05 1
2.279674e-04 1
4.481087e-05 1
1.352390e-04 178
1.875498e-04 1
5.964039e-04 1
1.359913e-04 1
2.916731e-04 1
1.109278e-04 2
1.006462e-05 6
8.483390e-05 64712
1.971185e-04 1
3.054001e-05 1
3.495609e-04 3
3.825786e-04 1
5.594829e-05 6
1.877238e-04 41987
3.703450e-05 1287
1.119300e-04 1
6.975627e-04 1175
2.153557e-04 1
1.007921e-04 50611
7.529350e-04 6
3.469927e-04 6
7.902011e-04 1
2.439497e-04 2
5.080252e-04 3
2.421743e-04 1170
7.049188e-05 221
1.988111e-04 1
1.240253e-04 766
5.888076e-05 1
9.850036e-05 1
6.602696e-04 1
7.483016e-05 1
1.718151e-04 15573
1.370487e-05 2
1.362286e-04 2
3.146170e-04 1107
8.516948e-04 1
1.156065e-04 1
6.204362e-05 1
6.352736e-04 1
1.881919e-04 1
8.606753e-05 1
4.672163e-04 1
3.511132e-04 1
8.501905e-05 2
2.025678e-05 1
2.399673e-04 6
2.932748e-04 2
6.260813e-06 1
2.389436e-04 1
2.617608e-05 3
3.385273e-05 1
3.905422e-04 2
9.766472e-04 7
6.012679e-05 4
5.719641e-04 1
6.620614e-05 29716
6.266743e-04 1
4.200205e-04 2
1.043120e-04 1
1.081348e-04 1
5.706862e-05 615675
6.971061e-05 2
2.222925e-04 129
2.048788e-04 2
1.821983e-04 2
7.446168e-05 1808
1.595975e-04 1
1.071546e-04 1
1.075078e-04 2
3.341005e-05 214
1.260173e-05 1
3.006700e-05 1
1.190183e-04 1
3.500883e-04 1
4.359430e-04 1
8.970712e-05 1
7.897768e-05 2
1.535933e-04 6
6.672862e-05 752
3.494115e-04 1
2.862623e-05 6
1.737271e-05 1
8.176699e-04 5
1.721350e-04 1
1.468096e-04 1
9.311143e-05 1
7.663709e-04 2
1.524643e-04 262
3.659534e-06 262576
1.463158e-05 1
2.431621e-04 1
2.296140e-04 49086
4.574823e-05 7
7.559317e-05 1
2.719143e-05 2
3.618905e-04 1
2.512386e-05 1
1.780625e-04 1
1.652328e-04 1
8.584386e-06 503
1.103477e-04 1165
4.966601e-05 37193
4.460550e-04 1
4.140402e-04 1
2.107690e-04 112
1.322629e-04 1
2.197982e-04 68
1.092904e-03 1
3.867182e-05 1280
1.098074e-05 1
4.389787e-04 1
4.158730e-05 1
2.446411e-04 1
8.723135e-05 201
1.880105e-06 1
1.527625e-04 180
1.874943e-04 1
7.502362e-05 1
7.112176e-05 3
6.282314e-04 7
1.076524e-05 3
7.257475e-04 1
8.636963e-05 1
1.392485e-04 1
2.223647e-05 1
1.957846e-04 1
2.770730e-04 3
1.438220e-04 1
3.869900e-04 1
3.214053e-05 1
2.285706e-05 51
9.698749e-04 68
1.013607e-04 4
1.447268e-04 4
2.404613e-04 1
1.375797e-04 4
3.517958e-04 2030
8.446385e-05 1
1.172289e-05 1
6.162454e-04 1
3.386963e-04 26
1.187389e-04 1
5.101396e-05 3
1.607760e-04 3
5.368473e-05 14820
6.230634e-09 5
1.659279e-05 5
8.316239e-05 97
4.062552e-04 2
1.068112e-04 2
3.340024e-05 1
8.553712e-06 1
2.133288e-05 1
2.515996e-04 1
4.146064e-04 1
5.193250e-05 1
1.358363e-04 2
3.802343e-05 1431
3.619877e-04 3
3.635885e-05 1
4.967392e-05 1
1.417343e-04 1
3.046251e-04 140
2.973801e-04 4
3.349826e-05 1
1.431983e-04 418
2.628092e-05 4
2.045306e-04 7
2.082698e-04 6
1.465151e-05 198
6.529969e-05 4
4.992539e-05 2
6.439695e-04 1635
1.003375e-04 190
6.344339e-05 1
2.754775e-04 42400
4.298544e-04 1
7.913711e-05 6
1.550272e-04 3
1.259440e-04 1
6.396602e-05 1
8.682271e-05 1
1.812582e-04 1
1.480264e-05 5
1.693425e-04 2
4.465560e-04 5
9.628061e-05 241
5.219988e-05 1
2.548423e-04 1
3.008416e-05 1
1.039530e-04 144
5.816378e-05 2
1.754883e-04 3
3.733864e-04 1
4.474724e-05 1
1.001479e-04 2
3.210970e-04 1777
4.984570e-05 212
3.597570e-05 1
1.468152e-04 1
2.178780e-06 347
4.450082e-05 165
2.211632e-05 1
1.789814e-04 88
4.275056e-04 1
8.128135e-05 1
8.927190e-04 149
9.386609e-06 1
2.388065e-04 1876
1.715323e-04 7
2.901231e-04 1
8.264983e-06 184
3.392275e-05 3
8.638046e-06 1
1.531563e-04 1
9.697152e-06 1
3.424793e-04 2
9.389497e-05 1
3.336463e-04 3
1.380015e-03 6
1.644173e-06 1
5.088801e-05 1
2.818655e-04 1
6.397703e-05 6
5.845291e-05 7
4.034334e-05 2
1.556507e-04 124
3.360165e-04 1
1.544099e-04 3
7.081940e-05 1
2.321819e-05 3
2.853784e-04 1
3.233920e-06 173
3.281222e-04 3
1.722609e-04 1
8.650566e-05 1
2.619681e-05 1
6.488984e-04 10575
1.500201e-04 1
2.671391e-05 1
3.144606e-04 1
6.867242e-05 1
1.982885e-04 3
2.050277e-05 1
3.145351e-04 330887
5.654920e-04 1
1.069532e-04 2
1.762067e-04 6
1.594995e-04 112
8.921302e-05 1
2.497192e-04 1
1.094280e-04 1
3.656802e-04 1
2.203016e-04 250
2.634731e-04 688
2.605481e-04 7
4.250821e-05 1
1.429544e-04 1
2.008114e-04 1
8.832646e-05 1
4.404708e-04 1
4.682467e-04 1
1.525789e-04 1
8.673663e-04 5
2.094420e-04 2
3.532680e-04 1
5.140731e-04 1
8.350251e-05 1
1.028578e-04 158
3.891848e-05 1
3.627000e-05 7
3.708250e-05 1
3.269357e-04 1
2.818877e-04 1
1.365491e-04 1
6.428018e-04 1
1.673126e-04 1
7.553722e-04 4
4.207925e-04 3
1.451985e-04 1
9.090826e-05 1
2.243174e-04 1101
1.913964e-04 2
1.307078e-04 1
1.826942e-04 2
4.778331e-05 165
2.301829e-04 1
3.419939e-05 1
2.117130e-04 1
2.782197e-04 1
9.719343e-05 1
8.109712e-05 3
1.063886e-04 2
1.379824e-04 3
7.426294e-05 3
6.479430e-05 1
2.165267e-04 6
1.048078e-04 625
4.409359e-04 6
3.342609e-04 3
6.336813e-05 22719
1.752343e-04 2
1.956871e-04 3
3.558764e-04 109
6.710529e-04 2
4.112942e-05 60
2.470875e-04 165
1.895247e-05 3
2.014850e-04 1
5.787435e-04 1
1.464201e-04 1
2.885077e-04 1
2.365677e-04 5
1.016749e-04 1
7.259167e-05 1
1.258885e-04 1
1.131709e-04 6
1.731071e-04 1
5.125050e-04 4
1.355740e-04 1
3.485104e-05 2
1.488585e-05 1
9.036979e-05 1
2.052900e-04 1
6.626759e-05 123
2.228050e-04 1
1.083535e-04 1
7.045798e-04 1
2.329870e-05 2
3.022597e-04 1
4.811767e-05 266
1.316697e-04 2
8.072338e-05 1
2.508799e-04 5
2.153460e-04 1
6.798701e-04 1
2.208003e-04 2
1.768060e-04 2
2.002240e-04 2
5.091661e-06 1
6.715252e-05 1
1.395000e-04 1
5.250171e-05 1
7.808440e-06 1
3.444612e-04 1
6.799470e-04 2
1.016921e-04 1
3.118751e-05 1
1.266177e-04 1
1.492376e-04 4346
1.016312e-04 1
3.298256e-04 1
2.314364e-04 3
6.873157e-05 246
1.131940e-04 1
9.035592e-07 1
2.108685e-04 1
3.474317e-04 1
3.363103e-04 1
2.202596e-04 12
8.532315e-05 2
4.671001e-04 4
1.781968e-04 1
1.610240e-05 1
2.294998e-04 3
6.012608e-05 1009
1.542723e-04 1
4.649852e-04 5993
4.457465e-04 4
3.010035e-04 2
4.890154e-04 1
6.334699e-05 2
3.279270e-05 2
2.530702e-04 1
3.423024e-05 7
4.816291e-05 3
9.204056e-05 5
2.439558e-04 1
2.794895e-04 1
1.048706e-04 6
2.460209e-05 1
1.345486e-06 3
2.846164e-04 1
7.637446e-05 38142
2.169059e-05 2
2.735356e-04 3
1.303697e-04 1631
3.902838e-04 160
2.091936e-04 6
2.530326e-04 1
3.269512e-06 1
2.268199e-04 1
4.878741e-04 1
7.158295e-04 261
1.606204e-04 2
8.308321e-05 1
1.282415e-04 1
1.457976e-04 3
6.646776e-04 1
2.609673e-04 1
1.784362e-04 1
6.185909e-05 1
4.822268e-04 1
2.218800e-04 1
3.827831e-05 3
8.641602e-05 1
2.216192e-04 1
1.122233e-04 1
5.056032e-04 172
3.062169e-04 2
5.179875e-05 235
2.161923e-04 2
4.018874e-04 5
6.532232e-05 1
3.302362e-04 3
5.328626e-04 1
1.107383e-04 348
4.576476e-05 1
1.789939e-05 1
5.646307e-04 7
1.821266e-03 1345
7.492644e-04 3
1.302610e-04 1
2.300388e-06 1816
3.323828e-04 1
7.959624e-05 6
6.326196e-05 1473
5.968659e-05 5
6.951444e-05 49
3.124879e-06 1
2.734261e-04 1
1.548885e-05 1
3.497759e-04 276
2.072151e-04 3
6.708506e-05 1
1.040021e-04 1
8.284122e-05 1
3.799420e-04 1
2.793214e-04 174
7.454661e-05 1
1.652865e-04 2
6.743533e-04 5
3.168325e-04 1
1.902307e-04 1
9.563770e-05 4
8.634174e-05 3
8.422847e-05 1
2.235197e-04 41
1.609576e-04 3
2.624726e-04 1
1.719902e-04 4
1.289291e-04 1
1.839017e-04 18
7.653843e-05 1
2.696420e-04 1
3.913879e-04 3
1.293857e-05 1
4.478580e-04 2
4.500524e-04 3
2.570726e-04 3
7.172993e-04 2
2.781358e-04 1
6.104532e-04 1
6.506862e-05 1
9.093530e-05 4
7.866260e-04 1651
1.714771e-04 1
9.149620e-05 1
2.650884e-04 4
3.992925e-05 1
7.183281e-05 6
3.767188e-04 2
1.322311e-04 1
1.202568e-03 2
6.285537e-04 39
2.185805e-04 1
3.331552e-04 584
1.915571e-04 37939
6.227875e-05 1
2.306278e-06 1
7.731085e-05 1
2.060287e-04 4
4.388325e-05 3
1.593995e-04 1
7.400787e-04 7
1.890353e-04 6
1.738885e-04 1
1.071460e-04 1343
8.865006e-05 235
2.495331e-05 11421
4.006960e-04 1
5.308555e-04 1
1.133583e-04 1
4.701975e-04 1
2.928612e-04 1
3.196427e-04 5
1.272438e-05 4
4.112134e-04 1
1.360318e-04 3
2.352925e-04 1
1.246388e-04 1
9.018198e-05 2
3.481914e-04 1125
9.877406e-04 750
9.004298e-05 1
3.812589e-04 2
4.265387e-04 64
1.442558e-04 3
2.295969e-05 4
1.073030e-04 1
5.444721e-05 1856
3.725800e-04 1
1.582726e-04 2
9.156461e-05 1
5.780879e-05 3
3.852553e-04 1
6.200447e-05 1
5.025449e-04 7
6.132637e-05 41571
3.041209e-04 1
1.667454e-05 1
6.153230e-06 1
3.587944e-04 1
4.790168e-04 1
3.847162e-04 1
2.280234e-05 1
8.406351e-04 1
5.419052e-05 1
2.243137e-04 1477
3.395816e-04 917
1.835897e-04 1
1.052098e-03 100
2.302210e-04 124
1.560628e-04 1
1.983925e-04 159
2.761101e-04 1
9.755546e-05 1
3.558788e-04 83
4.984116e-04 56
8.189025e-05 5
2.852590e-04 3
2.203608e-04 1
2.228686e-04 1
2.176891e-04 1
2.784900e-05 1
8.954709e-05 6
2.752625e-05 3
6.332784e-04 1
3.058376e-05 1
1.160195e-04 1
3.682673e-04 2
1.673693e-04 8581
4.824715e-04 1
1.161530e-05 7
1.780524e-04 2
3.911096e-05 252
9.752243e-05 1
8.796141e-05 1
1.740107e-04 27
4.183132e-04 6
2.973505e-04 1
1.028521e-04 1
3.542831e-04 2
4.893831e-04 1
6.451268e-05 69
2.334894e-04 47
2.092208e-04 3
3.946001e-04 3
6.321947e-05 40560
2.386084e-04 2
2.171402e-04 3
1.028102e-04 2
3.733729e-05 1
1.619566e-04 7898
4.586352e-04 7
3.583851e-05 461901
1.378813e-04 1
1.498203e-05 219
9.434232e-05 1
5.748055e-07 3
1.104070e-04 400258
2.661926e-04 1
8.277512e-05 1
2.464136e-04 2
3.338126e-04 1
6.442819e-05 3
4.957418e-05 7
1.028621e-05 1180
7.075204e-04 3
1.136098e-04 3
5.801995e-04 1
2.406732e-04 1
4.223982e-05 1581
2.522307e-04 7
5.509185e-05 211
1.520917e-04 1
1.328748e-04 1
5.603972e-06 1
6.040401e-06 1
8.319197e-05 29111
6.171770e-04 5
1.157544e-04 1
1.360147e-04 1
2.752214e-04 1
4.735229e-05 13
2.425933e-04 1
1.674953e-04 1
1.150014e-04 41442
7.884970e-05 3
8.246698e-05 212
2.265550e-05 3
1.311617e-04 3
7.660632e-04 1
2.213719e-05 2
2.456516e-05 1
1.061451e-04 170
3.489823e-04 1
1.958557e-05 3
3.281921e-04 3
4.922638e-04 45959
5.774960e-04 220
1.697335e-04 3
1.578105e-04 1
4.431925e-04 1
2.152150e-04 67407
7.457969e-05 1
2.371725e-04 3
3.761329e-04 2
4.427117e-05 1
1.906940e-04 5
5.138023e-05 4080
9.817466e-04 1
9.330913e-05 1
4.548040e-05 1
2.210218e-04 1
7.897537e-05 1
4.484598e-04 3
3.156449e-04 30
4.174544e-05 1
8.330637e-05 61089
5.334170e-05 1
2.896989e-05 585
3.472554e-04 3
2.929056e-05 205
6.872076e-05 1
2.779588e-04 1
1.517700e-04 1
4.996831e-04 3
1.738532e-04 270
2.798959e-04 3
1.290794e-04 2
4.203147e-06 49
1.282313e-04 1
8.156895e-04 7
2.241710e-04 1
6.187674e-04 1
3.517879e-04 127
2.328054e-07 1
2.356816e-04 1
5.386510e-05 1
3.558914e-04 3
1.659028e-04 2
6.875074e-05 3
2.973883e-05 171
6.534240e-04 114
3.538406e-05 4
3.367869e-04 167
1.022216e-05 6
2.885045e-04 7
1.163153e-04 1
1.819108e-04 1
2.113939e-04 1
1.225794e-04 1
2.728216e-04 1
2.719210e-05 1
2.192003e-04 1
4.539162e-05 13393
9.525310e-05 1
5.883371e-04 2
1.887518e-04 1
4.299984e-05 3
8.885142e-05 7
2.318446e-04 5
3.777074e-04 1
7.128840e-05 1
1.066920e-03 1
5.127363e-04 236
1.753289e-04 1
3.577747e-04 1
3.096047e-04 3
2.139733e-04 1
8.779610e-05 2
5.127619e-04 130
1.038108e-05 2
2.588318e-04 88
3.267460e-04 1
3.333348e-04 1
1.275728e-04 1
9.507820e-04 2
1.012204e-04 2
1.302973e-04 1
2.953624e-04 1
3.013878e-04 2
1.152215e-04 2
3.313048e-05 1
7.680506e-05 1
4.100853e-05 6
4.425389e-05 57650
1.269569e-05 1
1.395654e-04 1
6.305177e-04 1
6.591987e-04 1
8.839735e-05 1
4.955317e-04 3
2.180891e-04 1
1.006509e-04 1
1.586548e-04 147
1.329677e-04 1
4.330822e-04 1
1.164377e-04 1
4.688334e-04 49
2.524646e-04 1
1.508688e-05 1807
3.454915e-04 101
7.702781e-05 1
6.724477e-06 1
2.001278e-04 1
2.501643e-04 1
3.693208e-05 3
2.265459e-04 4
3.567030e-04 35152
5.909947e-04 1
1.851843e-04 1
1.779300e-04 4
1.939548e-04 1
2.734105e-04 1
2.738675e-04 233
9.627569e-06 2
1.219604e-04 194
1.279905e-05 1
7.204022e-04 552917
1.803865e-04 1
5.388833e-05 1
7.583293e-05 171
2.931049e-04 228
2.645691e-04 1
1.894418e-06 252
3.972358e-05 2
2.582088e-04 1
1.595562e-04 1
5.501779e-04 1
4.375658e-05 230
4.240457e-05 7
2.049611e-04 3
6.600765e-04 2
4.895597e-04 1
2.723966e-04 1
3.767208e-04 3
2.354195e-04 1
1.306015e-04 1
3.627952e-05 2
7.157260e-04 1
6.143622e-04 5
2.069885e-04 3
2.376949e-04 2
1.269874e-04 1
1.364144e-04 1
2.936454e-04 1
1.629503e-05 6
2.858250e-04 1
2.600529e-04 1
4.837571e-05 1
5.350780e-04 5125
2.929284e-06 100
2.872362e-05 6
7.721287e-04 4
3.126154e-04 1
2.629723e-04 1
3.364928e-04 1
1.979463e-04 1
1.805742e-03 2
9.742055e-05 1
4.955642e-05 4
1.073435e-04 2
8.231464e-04 1
4.301146e-04 2
4.401687e-04 22
1.828082e-04 3
2.129904e-04 3
1.592092e-04 1
2.576910e-04 1
9.414954e-05 1
1.633439e-04 1298
3.148315e-04 1
3.038988e-04 223
2.650922e-04 1
2.272452e-04 3
1.586001e-04 6
6.128677e-04 1464
9.234960e-05 1
3.689877e-04 2
4.451924e-05 1
3.650847e-04 1
1.417920e-04 1
4.019618e-04 1
4.251594e-04 28056
4.562278e-04 2
1.146841e-03 1
2.714508e-04 1
3.755663e-04 1
1.849457e-04 1
5.316896e-04 170
1.954951e-04 1
7.351647e-05 5
1.557227e-04 2
2.020452e-04 1
4.225499e-04 209
1.739990e-04 1
2.706916e-04 1
1.010715e-04 1
8.877785e-05 233
4.753666e-04 1
2.651900e-04 1
3.643508e-04 3
1.011112e-04 1
6.691736e-05 1
1.244237e-05 106
4.318889e-04 4
3.309342e-04 1
1.338869e-04 1457
1.916056e-04 1
9.633640e-05 1
3.396229e-05 6
3.155101e-04 84
1.285718e-04 2
5.573508e-05 1
6.422916e-05 126
4.844947e-04 1
1.102532e-04 2
1.231120e-04 21
9.665818e-05 157
1.252418e-05 1
2.080586e-03 1
6.745291e-05 1
7.136373e-06 1
4.475975e-04 2
7.226706e-06 1
7.464135e-04 940
4.301238e-04 2
1.996602e-04 61530
1.587483e-04 3
2.019071e-04 1
4.633341e-04 1
1.455785e-04 2
8.049298e-04 7
2.058352e-05 2
9.488095e-05 3
2.070861e-04 1
4.209206e-05 3
1.156519e-04 1
2.003934e-04 1
6.196740e-05 2
2.906880e-04 37223
2.997322e-04 1
3.517933e-04 5
2.335574e-04 899
2.411324e-04 4
1.347154e-04 51
5.680182e-04 3
6.298891e-04 761
1.227770e-04 264
9.932866e-05 70
1.950375e-05 1
5.224587e-05 1
5.832205e-04 3
7.998588e-05 1
4.026661e-05 3
3.503056e-04 213
5.018719e-04 1
3.241125e-04 442
2.143558e-04 5
2.496721e-05 1
3.130067e-04 255
3.720530e-04 1
4.077981e-05 3
2.374209e-04 1
4.817470e-05 2
8.510645e-05 1
2.576248e-04 1
1.334620e-04 1
6.691339e-05 140
3.622965e-04 1
5.140693e-04 1
1.756792e-04 1
1.772622e-04 2
2.386882e-04 1
2.692290e-04 102
4.995529e-04 2
1.728018e-04 1909
1.544617e-05 7
4.922090e-04 1
1.581781e-04 179
7.233754e-04 1
2.287732e-05 1
3.390928e-04 3
4.876906e-05 1
2.692759e-04 1304
7.475933e-05 3
4.024557e-05 4
2.105752e-04 1
3.327098e-04 4
1.471689e-04 1
2.781652e-04 1
4.303337e-04 131
4.905384e-04 2
1.045712e-04 1
2.431385e-04 1076
3.333105e-04 24
1.571883e-04 109
2.658197e-04 2
1.730281e-04 1
2.674732e-04 5
3.297172e-04 14
8.806925e-05 4818
1.411129e-04 141
3.853480e-05 5
4.585443e-06 1
8.371465e-04 506837
9.275669e-05 1
1.708144e-04 294
4.025729e-05 3
2.903446e-05 2071
5.740342e-04 226
4.170066e-05 1
1.088916e-04 110
8.910272e-05 1599
1.270650e-06 1
1.579104e-04 1
5.505283e-05 2
2.700130e-04 1
2.658784e-06 2
7.611806e-04 1
1.434025e-04 25496
4.535844e-04 3
3.969656e-05 190
3.591328e-04 1
2.463426e-04 1
1.288608e-03 61159
2.006875e-04 140
1.181769e-04 79
1.541635e-04 1
2.691541e-04 1
9.961394e-05 13
5.691822e-05 1
4.452961e-04 5
3.326378e-04 2691
5.849131e-04 929
5.832550e-05 7
5.150452e-05 1
3.560429e-04 1023
1.136137e-04 79
8.463861e-07 7
2.305674e-04 1579
1.118475e-04 3
1.051774e-05 24618
1.539325e-04 3
1.307771e-04 3
3.482207e-04 1874
1.465320e-04 2
6.098804e-04 1
2.066960e-05 3
1.433719e-04 3
7.331595e-05 1
5.117853e-05 3
3.698422e-04 1
1.484932e-04 1
1.117597e-04 1
1.960956e-05 1
2.502995e-04 1
1.043398e-03 1
4.378156e-05 1
1.286813e-03 11826
8.631540e-04 1
2.451458e-04 5
5.660138e-04 1
2.545685e-04 195
5.555289e-04 1
5.385868e-05 1
3.455616e-04 101
5.732960e-05 480
3.025822e-04 71
2.161931e-04 2
5.463342e-04 2
1.803913e-04 1
1.033535e-04 2
3.864172e-04 2
5.400241e-05 3
7.541074e-05 1
9.534582e-05 1
1.765911e-04 1
1.697783e-04 5
9.394332e-05 2
3.237929e-04 1
4.800382e-04 1
2.001346e-04 1
2.435268e-04 242
2.973883e-04 1
1.493162e-04 1
6.044289e-04 231
8.046357e-06 7
3.896166e-05 149
9.837890e-05 1
7.893879e-05 1297
1.593402e-05 1
1.034054e-04 1
9.476588e-05 16079
1.372305e-03 1
1.160329e-04 1
6.245402e-04 1
8.850997e-05 1335
8.007740e-05 6
4.197407e-04 2
2.576866e-05 3
1.127880e-04 1
5.341869e-05 2
3.355366e-04 1
2.601876e-04 4
5.631629e-06 4
8.545783e-04 1
5.911465e-04 1
2.471429e-04 4
6.223548e-05 1
3.117358e-05 1
1.482894e-05 1498
3.330233e-04 1
6.580807e-05 1
2.597337e-05 1
2.385062e-05 1
1.247762e-03 13908
6.029187e-04 1
6.238414e-04 1
1.513024e-04 3
1.896844e-04 1
8.412624e-05 1
7.393011e-05 3
2.704623e-04 1
2.905634e-04 1
6.799280e-06 1
2.472098e-04 1
4.799922e-05 1
5.428276e-05 9105
1.295434e-04 1
2.613247e-05 527
6.097179e-05 2
6.172320e-06 1
3.396327e-04 1
2.940696e-04 1
6.702394e-05 1
1.516377e-04 1
7.252841e-05 22468
8.681962e-05 3
3.134611e-04 2
2.523134e-04 1
2.230118e-04 2
1.016219e-04 11184
3.368250e-05 1
1.359619e-04 1
2.380388e-05 5
1.198634e-04 3
1.305062e-04 44
2.673137e-04 194
4.157681e-04 46759
2.147186e-04 4
1.409325e-04 7
4.171002e-04 1187
8.781197e-04 2
2.309771e-04 10024
9.205175e-05 5
7.060984e-05 1
5.590892e-04 4
1.273144e-04 1
3.277766e-04 4
7.617254e-04 1
1.258742e-04 1
6.529172e-05 1
5.798588e-04 1
1.477995e-04 1
7.323109e-05 1
7.776272e-04 1
1.781126e-04 1596
2.673280e-04 1
5.548673e-05 1
1.669350e-04 1
1.807802e-04 2
6.036134e-05 1
2.334221e-04 1
1.732963e-04 1
1.333804e-03 1
2.603626e-05 6
5.355081e-04 3
1.005827e-03 1056
1.062386e-04 6
3.045663e-05 3
7.712372e-04 1
4.805510e-04 1
2.292549e-04 1
6.740666e-06 27
1.448307e-04 75
5.377400e-04 1
2.582253e-04 1160
7.750033e-06 3
4.001747e-04 1
3.571689e-04 1
2.460011e-04 172
1.387157e-04 1
4.481530e-04 6
2.833299e-04 63185
7.705475e-04 1
2.463702e-04 1
1.236791e-04 1
1.826505e-04 3
3.001952e-04 1
8.350039e-05 251
2.115501e-04 1
1.068420e-04 1
2.588686e-04 1
6.679983e-05 2
1.301175e-04 2
4.640410e-04 1
2.178778e-04 2
2.515598e-04 2
2.254309e-04 1
1.843823e-05 1
3.657322e-05 5
3.608595e-04 1113
7.686943e-04 1
3.185014e-04 484500
1.559355e-04 1
2.490285e-05 1
1.246495e-04 4
2.477348e-05 3
1.537384e-04 1
1.328736e-04 4
4.671756e-04 988
2.241156e-04 1
1.169503e-05 2
1.148076e-04 1
1.168874e-04 2
1.628891e-04 79
3.058455e-04 1
5.035766e-04 7
1.278720e-04 1
4.971796e-05 1
6.819920e-04 1
2.131059e-04 1
5.265075e-04 3
7.825369e-05 7
1.829676e-04 604
4.649029e-04 5
4.150326e-04 47
9.537694e-06 81
7.480386e-05 1
7.356956e-05 1
2.253388e-05 1
4.089153e-04 1571
3.568795e-04 1
4.398588e-04 1
3.887513e-05 857
3.672762e-04 3
1.262185e-04 1
8.906610e-05 1
2.007314e-04 4
4.179979e-04 1
2.301176e-04 1
1.068849e-05 1
4.516014e-04 1
7.030483e-05 1
8.364762e-05 1
3.776829e-04 74
2.331893e-04 1
4.037714e-05 2
2.445046e-04 1
4.129301e-04 1
2.159617e-05 1
4.396199e-04 50086
2.984113e-05 1
2.011401e-04 1
4.619835e-04 2
1.474990e-04 1
2.514330e-04 1
5.177467e-05 1
2.225101e-04 6
2.246637e-04 3
8.996965e-05 1
5.024749e-05 1
3.406978e-06 5
4.897006e-05 1
2.852332e-04 2
5.666784e-05 19342
2.035463e-04 3
3.425276e-04 1
2.029373e-05 1
1.673017e-04 1
2.910417e-05 1
1.735838e-04 1
2.861295e-04 108
4.620884e-04 1
2.874185e-04 3
2.288102e-04 5
2.066752e-04 1
8.490843e-06 6
7.203049e-05 1
1.940135e-04 3
4.607865e-04 123
3.451118e-04 2
5.519103e-04 26
8.321424e-05 1
2.481887e-04 237
6.859077e-04 1
2.500382e-04 419474
1.040265e-04 1
2.184181e-04 1
2.531706e-04 2
6.884641e-05 1
2.059584e-04 44
8.855018e-05 1
4.823371e-04 1
2.730945e-04 1
3.379925e-05 1
1.600814e-04 27
3.939941e-04 60219
4.269195e-05 141
4.581910e-04 1
4.688673e-04 1
2.436720e-04 1
3.062181e-04 1
6.573786e-04 1
2.757879e-05 1
5.064495e-04 6
1.410367e-04 41012
3.690072e-04 3
2.563560e-04 955
2.469690e-04 23048
1.165278e-04 1
6.176991e-07 3
3.719291e-04 7
3.895173e-05 1
2.737425e-04 3
2.798887e-05 1
4.657057e-04 1
2.164503e-04 1
4.438819e-04 2
5.540131e-04 1
4.423879e-04 175
3.463874e-05 1
5.456182e-04 41970
1.327570e-03 1
5.089733e-04 3
1.396400e-04 210
2.602534e-04 1
6.692931e-04 28898
3.908289e-04 1
2.035335e-04 1
1.111536e-04 2
6.826584e-04 188
3.879422e-05 7
5.512215e-05 1
1.447131e-04 1
3.031494e-05 3
3.448586e-04 1
4.130949e-04 1
2.452507e-04 124
2.924352e-05 126
1.794142e-05 1
2.160114e-04 1
1.175332e-04 3
1.634279e-05 1
2.094626e-04 6
7.079814e-04 136
5.110657e-04 1
5.104442e-04 1
3.104129e-04 53882
1.581464e-04 1
2.499016e-05 1
2.568665e-04 1
3.592040e-04 1
3.465942e-04 123
7.798131e-04 2
1.220842e-04 245
1.807557e-04 4
4.971771e-05 1
8.507075e-06 1
4.039004e-04 2
1.328652e-04 3
6.205259e-05 3
5.594455e-04 1157
3.651413e-04 1240
8.743344e-05 787
4.505630e-06 3
6.992427e-04 9608
1.266083e-05 1
5.710163e-05 6
2.607322e-05 7
2.026900e-06 1
7.706544e-05 1
1.986973e-04 4
1.103162e-04 1
3.066258e-04 2
3.017471e-04 1
4.070305e-04 1
3.138721e-05 1
1.376613e-04 1
3.570746e-04 1
2.119324e-04 23
1.053731e-04 127
3.416598e-04 1160
6.143937e-05 731
5.215663e-04 246128
1.472872e-04 1
1.999898e-04 1
2.270828e-04 5
2.457694e-04 1
2.016952e-04 1
8.050174e-04 2
6.314824e-04 2
4.094527e-05 2
7.249538e-04 2
7.979018e-04 1
4.135260e-04 1
5.687428e-04 1680
8.306265e-05 204
1.461734e-04 1480
1.137400e-04 1
2.469877e-04 1
1.960475e-05 2
8.219080e-05 3
3.445108e-04 106
7.744762e-04 1
7.025005e-04 1
4.794754e-04 1
8.715671e-04 1
1.676832e-04 1
3.803799e-04 7
2.195827e-04 1
6.076241e-05 1
2.307114e-04 1
2.554461e-04 1
1.474541e-06 4
1.560019e-04 1
3.077320e-04 1
6.779423e-05 607543
3.086876e-04 3
1.734241e-04 1
2.507228e-04 1
6.995863e-05 1
5.864927e-05 183
5.359480e-04 1
8.264600e-04 3
4.894686e-04 1
4.125093e-04 1
4.703102e-04 257
1.647550e-04 3
3.049858e-04 1
6.190878e-05 1007
6.301650e-05 2
2.616664e-04 1
9.000670e-05 1
3.512848e-04 1
1.262996e-05 1
8.599685e-06 2
1.789461e-04 1
5.917613e-04 7
1.223889e-05 1
1.190138e-04 7
1.241895e-05 1
4.292582e-06 2027
7.377240e-04 1
1.517971e-04 1
1.383375e-04 1
2.989977e-05 359
1.522620e-04 3
3.118764e-05 1
3.569527e-04 1
2.235426e-05 3
2.695631e-04 1
7.346459e-05 1
3.012623e-04 1338
3.410488e-05 3
9.584760e-04 125
9.200035e-05 3
2.859001e-04 2
1.031023e-03 1
4.149792e-04 4
1.942620e-04 1
1.086823e-04 1
6.601948e-06 2
9.673058e-05 4
5.904383e-05 2
7.415929e-04 1
6.488075e-05 3
1.694405e-04 1
4.753918e-04 1
2.387500e-06 1792
2.330196e-04 2
6.309642e-04 1
2.054430e-05 1
1.701902e-04 1
3.873994e-04 58675
1.076971e-04 1
5.510754e-05 1
2.608600e-04 2
3.451547e-05 2
1.018836e-03 7
4.138171e-04 131
5.702922e-04 20
3.082179e-04 5
1.230866e-04 1
1.206066e-04 3
3.318856e-05 1822
3.585862e-05 2
2.553990e-04 1
3.586897e-04 1
8.170709e-05 63
2.572801e-04 204
5.833985e-04 17787
1.566257e-05 1
3.618056e-04 54875
2.589568e-05 1
1.812703e-04 1
2.904411e-04 1
2.459432e-04 1
1.767341e-04 647
1.648360e-04 2
6.046219e-05 3
2.827183e-04 2
3.190982e-05 1
3.821260e-04 1
1.821911e-04 7
2.603931e-04 1
3.152333e-05 1
1.287541e-03 1
4.923625e-05 142
2.777441e-04 1
2.327602e-04 1
6.437588e-05 1
1.595003e-04 3
1.418748e-04 266
4.592647e-05 1868
1.536891e-04 1
7.743455e-05 1217
3.509567e-05 1
2.825145e-04 1
3.014684e-04 2
2.137029e-04 142
3.165965e-04 78
1.103081e-04 1
2.686365e-04 7
2.903646e-04 1
1.544157e-04 3
1.644704e-05 279349
2.985413e-04 1
3.619979e-04 1
2.562733e-04 1
1.334247e-05 1
6.372989e-05 4
2.438795e-04 1
4.101355e-04 11
1.186144e-04 1
9.064796e-05 2
5.782572e-04 329
4.188039e-04 24171
5.959780e-04 1
1.014761e-03 2
4.457502e-04 2
1.789632e-04 3
6.762584e-05 1
1.870245e-04 3
2.085688e-04 1689
2.515554e-04 5
3.896498e-04 1
1.261369e-04 1
1.064597e-04 3
2.195839e-05 1
1.611355e-04 45791
2.448700e-04 4
3.857934e-04 2
1.299025e-05 1
4.174675e-04 7
1.581169e-04 1
8.706994e-04 1
3.429769e-04 139
8.877802e-05 1
1.595195e-04 2
2.721006e-04 6
2.204905e-04 2
3.899041e-04 2
4.413981e-05 1
2.227276e-06 1
4.785458e-04 7
1.326664e-03 411
5.122588e-04 3
1.658446e-06 1
2.940717e-04 1
1.224506e-04 55
4.548186e-05 1
9.859209e-04 1
6.720339e-05 1
8.102730e-05 1
1.950823e-04 1
1.003367e-05 1
2.527710e-04 1
3.763636e-05 170
1.734485e-04 165
1.214992e-03 181
1.212167e-04 3
7.367234e-06 11795
1.009933e-05 17
7.229507e-05 1
1.346987e-05 348
2.914663e-04 1
7.805176e-05 1
4.727869e-05 1
2.586073e-04 350869
2.355961e-04 1
5.662621e-05 240
1.076883e-04 6
6.572405e-04 3
9.869292e-05 84028
1.630549e-04 1
6.046854e-04 1
4.160821e-04 1
1.392279e-04 20039
4.420334e-05 5
3.576679e-04 1
1.760692e-04 1
1.124715e-03 1838
2.087819e-04 1
7.115043e-05 1
3.665462e-05 3
5.389659e-04 2
7.883779e-05 1
5.398128e-04 48824
6.166848e-05 54873
6.213142e-04 3
7.359776e-04 1
2.066516e-05 1
2.262835e-04 6
3.886185e-04 219
1.156837e-06 1
1.258823e-05 1
5.447612e-05 2
6.468356e-05 1
1.262303e-03 1
2.451074e-04 30868
2.672553e-04 1
3.414334e-05 1970
3.286477e-04 3
3.536640e-05 1
2.251590e-04 1
1.976221e-04 1
4.132492e-05 1
2.969359e-04 65225
3.553250e-04 2
5.189551e-04 1
1.463105e-04 1
1.013563e-04 1
1.222164e-04 5
1.464831e-04 3
1.095503e-05 1
1.000515e-04 1
2.247169e-05 4
2.061703e-04 1
1.179480e-04 1
4.754312e-06 775
4.142481e-05 6
1.623252e-04 1
1.405744e-04 67
2.354082e-04 1
3.490959e-04 138
1.054367e-04 2
6.831483e-05 2
5.267009e-05 1
7.450143e-04 1
2.525806e-04 553
9.388407e-05 1086
1.151573e-04 1
5.655835e-05 135
8.289073e-05 2
5.485246e-04 1
7.870303e-05 4
4.347976e-04 118
3.929061e-05 1
4.484696e-04 1
2.355712e-04 5
3.888173e-04 55424
2.498660e-04 1
1.925740e-05 89
7.027336e-04 1
1.701746e-04 222
3.153191e-04 1
1.009138e-04 1
3.547911e-05 6
3.942781e-04 10167
5.116848e-04 1
5.905810e-05 1236
1.509788e-04 2
6.185579e-05 82
4.211884e-05 1
6.309843e-05 1
1.876449e-05 1
5.217040e-05 1
1.382507e-04 5
3.777474e-04 1
1.101403e-04 1
4.716543e-05 1
1.255550e-04 1
1.007333e-03 1
8.622209e-04 7
4.008457e-04 2
2.287629e-04 1389
1.571073e-04 2
3.743638e-04 1
2.276286e-04 1
4.647026e-04 1
3.335443e-04 262
1.271713e-04 636
9.825370e-05 1
2.051181e-04 1
4.828329e-05 157
1.772352e-04 1
6.263618e-04 4
7.790331e-04 79
5.639822e-05 5
1.461961e-04 1
7.977745e-04 5
8.156065e-05 1
9.466465e-05 1
1.312294e-04 2
5.385332e-05 1
1.129709e-04 1
2.706398e-05 21578
3.090004e-05 1
3.722038e-05 1
1.374820e-04 1
2.124838e-04 3
3.385736e-04 1
3.342196e-04 46
3.424800e-05 1
1.003882e-04 1
2.675173e-04 1
6.720541e-05 4
1.168523e-04 5
4.807624e-04 1
2.076600e-04 1
2.829529e-04 1
1.810156e-04 1
1.323423e-03 3
6.465523e-04 96
7.496113e-05 2
6.369215e-04 7
1.380279e-06 1
3.873111e-05 232
2.811379e-04 1
2.508063e-04 6
1.593755e-04 1
8.405199e-05 3
8.814900e-04 3
8.848312e-05 1
9.999919e-04 166
3.021698e-04 1
1.574057e-04 1
6.870212e-05 34
2.332418e-05 1
9.770341e-05 5
7.066695e-04 1
2.249496e-05 3
6.857731e-04 7
4.263991e-04 1
3.391356e-05 1
9.544930e-05 1
3.402888e-04 3
1.515652e-04 1
8.298481e-05 72
3.362646e-04 1
4.505237e-05 1
2.222072e-05 3
1.999492e-05 4
2.603639e-06 1
6.680946e-05 1
7.814377e-05 2
6.799086e-06 159
1.536951e-04 1
1.241233e-05 7
1.654271e-05 111
2.039383e-04 714
7.150112e-05 1
1.524704e-04 1
2.973459e-05 3
8.322374e-05 2
6.259082e-05 2
1.485896e-04 89
2.693460e-04 181
3.461702e-04 555518
6.949380e-05 182
1.117468e-04 1
2.953948e-05 94
1.451223e-04 1
4.842114e-04 3
1.296747e-04 2
6.968878e-05 1
2.579979e-04 1
5.385202e-05 1986
1.411620e-04 194
1.087442e-05 82
5.363440e-04 3
1.924466e-04 1
5.045781e-04 1
6.607483e-05 3
2.098841e-04 1
4.837638e-04 1
1.350161e-04 1
2.163036e-04 3
2.661557e-04 3
3.898041e-05 4
6.733226e-05 1
4.764488e-04 7
1.135704e-04 2
2.827380e-04 2
7.393900e-05 7
3.465114e-04 3
4.070415e-04 1
4.687660e-05 1
1.524644e-04 1693
6.067486e-04 1
4.811403e-04 44
3.783679e-05 3
2.641098e-04 3
1.935372e-05 1
5.495877e-04 1
1.402133e-04 490
1.143507e-06 4
2.826990e-04 234
5.624134e-04 2
1.763775e-04 6
7.981930e-05 1
1.602535e-04 1
1.467862e-04 36501
1.024457e-03 1
1.187830e-03 1
2.679958e-04 2
2.155579e-04 1
1.760437e-04 1
1.341742e-04 216
2.983700e-05 3
8.634215e-05 619
2.508696e-04 1
1.633171e-04 1302
1.528071e-04 126
4.721411e-05 1
6.454569e-05 1
1.458287e-04 9730
5.385848e-05 6
5.223659e-06 1
2.207288e-04 1857
6.332501e-05 193
5.997905e-04 159
1.532550e-04 121
2.808945e-04 3
1.963828e-04 1
3.102975e-04 2
4.549855e-04 3
2.938515e-05 1
1.099160e-04 1
3.596408e-04 2
3.663852e-05 1
6.290660e-05 1
2.618712e-05 2
2.800693e-04 1
1.020936e-04 1
1.736485e-05 1
1.065786e-04 22300
1.041660e-04 1
3.576646e-04 2
2.683353e-04 3
1.209803e-04 3
1.421155e-04 1
1.889732e-04 2
7.699474e-04 1
1.375366e-04 1
7.260204e-05 1
2.061709e-04 61533
3.530506e-05 1
3.501322e-04 36121
3.675822e-06 7
1.860013e-07 3
4.441052e-05 1
1.111645e-04 1
6.967295e-05 2
3.176542e-04 1
3.126668e-04 2
2.931248e-04 175
2.880801e-04 1
1.610020e-04 1
3.346320e-04 1
7.153174e-05 1
5.694063e-05 1
1.091705e-04 213
8.964320e-05 4
4.569116e-04 1
6.577527e-05 4
2.580257e-04 1
1.745463e-04 5
1.270972e-04 272
2.548113e-04 5
3.651042e-05 1
4.890264e-04 3
5.643207e-04 7
2.133983e-04 3
1.233000e-03 1
5.394951e-04 3
3.617354e-04 686
1.609510e-04 1
9.788743e-05 1
9.659111e-05 17941
7.499672e-05 2
3.827877e-04 1
2.109407e-04 5
8.872291e-05 919
6.269032e-05 2
1.154318e-04 1
5.245391e-04 1
9.083628e-04 1
1.654109e-04 1
1.181640e-04 238
1.036444e-04 3
3.304923e-05 1
8.021981e-05 84
1.040253e-04 1
8.304127e-05 6
9.048201e-05 1
3.762586e-05 250
2.492655e-04 1
5.787350e-04 1
2.886206e-05 2335
1.138628e-04 1
1.380596e-04 3
2.645349e-04 1
1.034693e-04 3
1.294301e-03 2
1.092474e-04 1
1.518950e-04 2
2.981020e-04 1
4.629231e-04 1
2.032819e-04 1
1.098394e-04 19
1.677675e-04 1
1.259453e-04 44975
4.805833e-04 1
7.456021e-05 37510
5.430836e-04 44944
2.415952e-04 1
1.038090e-04 6
3.978223e-04 2
1.242445e-03 2
6.052447e-05 22
9.413528e-05 2
1.155569e-05 1
1.240843e-05 2
1.640975e-04 5
1.209835e-04 1
4.473924e-04 1
1.006550e-04 1
2.663135e-05 198
2.527921e-05 1
5.830559e-04 2
1.748256e-04 1
2.998896e-04 1
4.153229e-04 5
4.030489e-04 1
3.114829e-04 1
2.685745e-04 51907
8.819230e-04 1
5.784725e-04 4
3.054641e-04 1
2.741069e-04 73
6.478081e-06 1
3.146218e-04 61
1.123752e-04 1
4.087367e-05 1
1.956440e-04 1
4.642450e-04 722
2.219425e-05 3
3.235292e-04 858
1.980197e-04 2
2.153493e-05 1
5.206891e-05 72
3.316241e-05 1
2.154951e-04 1
6.016891e-05 7
1.947309e-05 2
4.931723e-04 1
3.912329e-04 50
2.690572e-04 5
2.386296e-05 7
3.667561e-04 3
9.069517e-05 1
2.228821e-04 72
2.433205e-04 1
1.960352e-05 1
3.718018e-05 1
4.373756e-04 1
1.913770e-04 1
1.007998e-03 163
3.887570e-04 1
6.218894e-04 1
1.184957e-04 1
5.203712e-05 1
2.003295e-04 6
6.185810e-05 1
1.300515e-04 1
1.087318e-04 1
2.063080e-04 1
2.073103e-04 1
8.093693e-05 1
1.107563e-04 5
6.825469e-04 2
5.716471e-04 4
5.026878e-05 1
1.954980e-04 2
3.730626e-04 5
6.395660e-05 68693
5.901581e-04 1
2.993170e-04 3
1.585725e-04 3
2.507549e-05 1
8.350037e-04 2
7.930259e-05 2
2.652500e-04 2
3.273564e-05 27271
3.528517e-04 1
5.781915e-04 60
2.463433e-05 4
2.616117e-04 1
3.515986e-05 1
7.290030e-05 2
9.964775e-06 1
3.585117e-04 1
7.625621e-05 2
4.870285e-05 13678
4.618163e-04 1
4.759007e-05 3
1.581680e-05 63016
5.620702e-05 1
2.387865e-04 2
3.195492e-04 1
1.013802e-04 29536
5.888599e-06 1
2.289135e-04 240
4.077146e-04 1
2.406727e-04 76
4.852775e-05 1
1.006200e-04 3
1.098542e-04 1
6.426759e-05 3
7.285649e-04 3
2.475155e-04 196916
2.619423e-04 1
9.616030e-05 3
2.807890e-04 7
5.134305e-04 1
5.983060e-04 1
1.927604e-04 1
5.002027e-04 1
3.766140e-05 5
2.483442e-05 1
5.120958e-04 34573
1.466231e-04 21078
5.651398e-05 1783
5.127431e-05 5106
2.889822e-04 415
2.484040e-04 1
6.215545e-06 90
3.572350e-04 6
1.108669e-04 5
1.841505e-04 5
7.624201e-06 1
3.161329e-04 1
1.704882e-04 1
2.718447e-04 2
3.836846e-05 3
1.929222e-04 1
8.743940e-06 1
2.097898e-04 1
4.416903e-05 1
1.984229e-04 1730
1.119150e-03 6
5.525427e-05 1
1.767341e-04 3
1.577183e-05 3
1.828285e-04 2
1.065495e-03 1
7.568783e-04 1
1.677140e-03 1
1.276578e-04 2
7.410557e-05 5
3.676332e-04 1
7.426906e-06 2
4.000430e-04 1
1.747366e-04 3
1.489356e-04 1
1.235961e-04 1
1.455817e-05 3
2.430540e-04 1
5.591133e-05 1
5.141709e-04 64725
4.008822e-04 1
3.677023e-04 3
3.201336e-04 1
5.674431e-05 3
1.175124e-05 2
3.289719e-04 1
4.757860e-04 6
3.000903e-05 1
6.968096e-05 1
6.669314e-05 1
2.000965e-04 3
5.228828e-05 2
8.639017e-05 1
3.118534e-04 1
2.017779e-04 1
4.156233e-04 1630
4.049767e-04 1
2.686095e-04 3
3.736666e-05 1
2.419642e-06 1
1.622172e-04 59
4.598962e-05 1
3.905825e-04 1
1.675906e-06 29713
1.098972e-04 3
1.779872e-04 532657
1.031884e-04 4
6.163269e-05 1
6.302165e-05 1
1.139942e-04 1
1.819856e-04 1
1.422925e-04 1
3.413329e-04 3
5.489623e-04 3
4.096115e-04 26505
5.944234e-04 1
2.715863e-05 651
4.435243e-05 1
5.562224e-04 1
3.899672e-06 5
1.197799e-04 219
1.577089e-04 17263
2.815283e-04 135
1.629409e-04 1
7.155765e-05 205
1.446496e-04 954
2.433704e-04 137
3.109229e-04 2842
2.150739e-04 2
1.030955e-04 49133
1.581668e-04 3
1.876034e-04 1
6.654010e-06 1
4.684248e-05 6
4.350763e-05 7
2.152541e-04 1
4.119521e-05 2
4.925045e-05 3
5.601514e-04 7
1.653906e-04 1
3.460090e-04 510
4.144093e-05 1
5.372417e-04 1
4.138897e-05 4
3.471444e-04 1
2.080933e-04 1
5.621946e-04 1
1.232003e-04 153
3.535381e-04 2
1.512800e-04 1
3.710003e-05 1
8.294650e-04 1281
6.507339e-04 1
2.484546e-04 1
2.323330e-04 3
4.233572e-05 173
7.886970e-04 1
3.308731e-05 34
4.341858e-05 1
8.814961e-06 1
2.197675e-04 1
2.543860e-04 143
2.824982e-04 76
1.905297e-04 1
9.726338e-05 3
2.012501e-04 1
1.474005e-04 1
1.100253e-04 2
1.600587e-05 1
1.441315e-04 1
1.785027e-04 1
3.567086e-04 51608
8.956427e-04 7
1.189821e-03 210
5.017969e-05 1
4.470359e-04 241
3.150798e-04 2
1.398472e-05 3
2.461290e-04 26567
1.154947e-05 1
3.521807e-05 589
2.430534e-05 212
1.060798e-04 1153
7.864567e-04 1
5.776373e-04 3
4.465072e-04 163
2.124965e-04 1251
6.198161e-05 159
2.310627e-04 2
2.913291e-05 22
6.556284e-05 1
5.053515e-04 2
5.842533e-04 1
3.156328e-04 1
8.287081e-05 3
5.811932e-04 2
8.227694e-05 5
4.447012e-04 1
4.929967e-04 1
1.396202e-04 2
3.127300e-04 1
7.165449e-04 6
1.300542e-04 65736
2.079642e-05 1
1.276913e-05 1
8.790584e-04 1
1.810796e-05 2
3.547739e-06 6
2.564270e-04 1
3.704421e-05 1
3.826015e-05 52373
8.524242e-05 1
1.535877e-05 1
5.213248e-05 1
1.421400e-04 6
4.079927e-04 1
2.365059e-04 1
6.465379e-04 1
1.929935e-04 1
1.962819e-04 1
2.904981e-04 1
7.909906e-05 2
1.641997e-04 1
6.610070e-05 1
1.747733e-06 5
2.161385e-04 150
1.999289e-04 1
8.884208e-05 1273
1.289362e-04 3
9.977546e-05 1893
5.977852e-04 241
1.260194e-04 1
2.084420e-04 1
3.460910e-05 1860
9.213040e-05 5
3.585593e-05 1
9.276438e-05 3
5.372950e-04 1
6.162950e-05 3
3.288888e-04 1
2.121455e-04 260
5.339402e-04 3
1.509296e-06 1
3.393153e-04 1310
6.936539e-05 1
2.272050e-04 66
4.291730e-04 1
1.338431e-04 3
1.343959e-04 5
5.374418e-04 1
1.890091e-04 1
1.358737e-04 1
3.171396e-04 1
1.068502e-05 3
6.617276e-05 1
4.395976e-05 1
6.192842e-05 1
1.412974e-04 3
5.761788e-05 252
5.339118e-04 1
1.734108e-04 7
4.077954e-04 1
2.321883e-05 3
8.177327e-05 1
2.222933e-04 1
6.847234e-04 1
7.352052e-04 1
1.808613e-04 4
7.036885e-04 1
4.925518e-04 1
8.061131e-05 18096
1.350573e-04 259
2.439372e-04 1
1.545108e-06 1
3.677584e-04 1
4.967398e-04 1
1.102933e-04 66
3.891833e-04 1
4.003332e-04 4
6.588085e-04 4
3.728708e-04 1
2.524609e-04 1
1.483325e-04 1
8.710121e-05 1
2.105439e-04 1
3.434466e-05 1
1.717327e-04 633979
4.787754e-05 3
2.939941e-04 3
1.639445e-04 1967
2.310157e-04 1
1.152003e-05 2
1.465925e-05 1
2.482345e-04 1
3.281769e-05 1
4.131063e-04 3
6.755896e-05 1
2.524036e-05 1
6.003491e-05 2
5.313941e-05 2
1.919487e-04 107
1.583211e-04 1
1.780792e-04 123
2.011382e-04 21031
3.130573e-04 1
6.572852e-04 2
4.498646e-06 1
1.568286e-04 1
8.087361e-05 1
1.204180e-04 2
1.358629e-03 58232
1.299874e-04 1
3.332110e-04 1
2.447386e-04 921
1.457339e-06 1
1.143142e-04 18
3.201504e-04 3
4.073610e-04 1
7.067181e-04 1
2.958090e-06 258
6.608678e-05 2
4.461244e-04 111
5.413323e-04 231
2.446644e-04 553
3.570013e-04 5
2.655467e-04 1
5.733949e-04 1
7.339786e-05 1
1.771795e-04 1
1.963867e-04 1
1.358323e-05 7
4.172101e-04 146
8.924029e-05 1
1.618071e-04 758
5.386034e-05 1
9.251448e-05 1
2.330875e-05 1
2.041485e-04 218
4.969466e-05 7
2.209847e-05 5
1.894342e-04 1
2.349149e-04 90
3.164662e-04 1
6.228452e-05 1
2.067415e-04 1
9.028718e-05 160
1.342493e-04 1
6.316746e-04 2
3.277819e-04 2
8.779685e-06 68
2.037556e-04 2
3.670744e-04 1
2.817991e-05 1
1.619723e-04 168
6.275618e-04 27306
2.716322e-04 220
7.698499e-05 1
3.636154e-04 1
2.870977e-04 2
8.504890e-05 230
3.397424e-05 1
1.940347e-04 1
1.406744e-04 59874
3.682810e-04 3
1.699814e-04 1
4.923875e-04 1
2.175660e-04 139
6.435664e-05 1
3.218155e-05 2
4.106662e-04 1
9.853461e-05 2
1.102335e-04 11067
1.763244e-04 1
2.411564e-05 1
4.017004e-06 3
1.711181e-04 2
2.432313e-04 1
1.307702e-04 460456
4.953140e-05 1
5.463467e-04 1
9.723006e-05 1
2.960381e-04 1
4.002220e-04 1
2.123255e-04 153
8.643940e-05 1
4.550194e-05 3
2.799571e-04 42415
1.240667e-04 1
5.050971e-05 16
5.026437e-04 14603
5.638715e-05 5
9.661284e-05 25
2.339574e-04 1
4.107775e-04 1
1.324586e-05 1
1.229530e-05 1
6.933197e-05 6
1.927389e-04 1
1.786155e-04 2
4.546955e-05 1
4.456834e-05 5
5.824329e-05 1
5.339536e-05 2
6.055054e-05 1
1.224133e-03 3
1.158334e-04 1
6.507939e-05 1
5.291583e-04 1
6.528253e-04 247
2.244226e-04 4
1.005222e-04 1
2.754689e-04 1
4.306600e-05 1
1.036375e-04 175
4.890661e-05 1
2.346536e-04 3
2.356502e-04 688
1.228352e-04 1334
1.707405e-04 679
3.429525e-05 146
2.688013e-04 4
2.777673e-05 46884
1.241017e-05 2
3.469891e-05 336
1.686843e-05 1
3.552584e-04 1
3.115371e-04 1
3.267530e-04 2
4.016360e-05 1
2.423184e-04 6
1.125255e-05 2
6.118786e-05 3
2.705788e-04 1
2.796449e-04 1
4.554966e-04 6
5.030628e-04 1
5.016664e-04 1
3.144199e-04 1
1.632269e-04 1
1.007727e-04 1
9.606389e-04 1
1.469704e-04 6
4.687090e-05 1280
5.855275e-04 3
1.984053e-04 1
2.572488e-05 3071
2.831274e-05 1
9.096916e-05 72
3.395192e-04 1
9.093900e-05 1
1.433629e-04 1
1.490667e-04 1
2.102138e-05 7
2.652085e-04 1
1.287920e-05 2
1.087066e-05 1
1.045086e-04 1
2.109269e-04 5
4.116267e-06 33589
1.667427e-04 3
4.368566e-04 112
1.284677e-04 1
7.566525e-04 1
3.879646e-06 1
1.129623e-04 1
1.605113e-04 3
2.609692e-04 7
9.481493e-05 1
5.109305e-04 1
5.515978e-04 2147
3.260044e-05 1
5.667502e-05 7
2.680042e-04 1
5.031811e-04 2
3.646549e-05 190
5.459735e-05 3
8.176233e-05 7
8.964855e-06 6
2.722875e-04 1
4.275974e-04 4
1.161751e-04 22
4.247544e-04 1
4.095065e-04 1
4.147869e-06 1
4.215778e-05 7
5.161099e-04 5
7.462716e-05 1
2.639222e-05 1
5.899492e-05 1
5.857045e-05 1
3.025183e-05 1
1.977873e-05 2
2.482758e-05 70
4.992301e-04 2
6.414102e-04 1
1.353859e-04 17
4.545809e-04 7
1.640901e-04 1
4.119448e-04 1
8.435981e-05 1
1.584325e-04 1
4.039348e-04 7
8.114521e-04 1
3.487958e-04 3
9.410854e-05 1
7.793345e-05 1
5.691945e-05 23
4.273585e-04 34
6.613485e-04 50911
3.123775e-04 1
1.645131e-04 1
4.364606e-04 7
1.134868e-03 1
1.023743e-04 1
1.457423e-04 1
1.051999e-04 1
3.381077e-04 2
1.952198e-05 1
1.940169e-04 1
1.688647e-05 1
7.194715e-05 1
1.878670e-04 1
7.048782e-04 1
3.426329e-04 1
5.213240e-04 38867
4.990147e-04 1
3.921005e-04 3
2.906773e-04 162
3.844206e-05 1
3.679437e-05 1
9.348012e-04 6
5.148423e-04 3
1.241605e-05 186
3.593293e-04 1
3.346883e-04 1
8.179876e-05 1
1.596034e-04 2
4.551668e-04 3
1.261051e-04 1
1.708194e-04 2
4.323871e-04 1
4.427572e-04 1
2.977123e-06 3
3.171279e-05 4
1.619889e-04 733
1.352823e-04 1
2.581379e-04 225
1.932974e-04 1
3.703946e-06 5
9.778127e-05 1502
8.779270e-05 1
4.701999e-04 3
6.411542e-04 1
1.415145e-04 1
2.287438e-04 6
3.197441e-05 1
7.692107e-05 2
3.971983e-04 1
1.570630e-04 163
4.250162e-04 44818
1.383647e-04 144
3.536389e-04 1
9.726623e-04 1
1.794452e-04 1
6.558006e-05 3
1.296212e-04 1
1.538351e-04 5
3.254274e-04 352
3.526804e-04 1
7.249819e-04 3
4.921933e-05 116
2.066654e-04 3
4.716873e-05 462
1.693998e-04 1
5.918727e-05 1
5.228839e-04 1
1.107773e-04 1
1.902992e-04 3
2.586408e-04 222
3.392457e-04 76
5.170325e-04 466138
9.939899e-05 1
1.070320e-04 1
1.020277e-04 1
3.036298e-05 1749
6.661819e-05 7
4.188476e-04 2
7.623048e-05 3
4.265607e-04 3
3.992975e-05 265
3.186799e-04 121
1.640663e-04 1
7.330898e-05 1288
2.943834e-04 5
9.377412e-04 1
2.399251e-04 55
5.841759e-04 1
8.733562e-05 1
1.916775e-04 1
7.261491e-05 190
3.566627e-04 4
7.521823e-04 1627
1.455289e-05 1
3.415884e-05 1
9.543967e-04 1
1.299144e-04 1
3.451551e-05 1
1.163474e-04 1
1.397031e-05 2
5.634460e-04 1
4.742490e-04 3
4.814114e-04 1
2.405782e-04 1
5.934244e-05 2
1.881203e-04 1
1.585606e-04 6
5.690317e-05 2
4.769126e-04 1
7.796874e-04 17944
2.523003e-04 24
2.954073e-06 19
1.258758e-04 1
2.484016e-04 2073
9.005583e-05 1
6.324968e-06 3
3.520843e-05 1
1.841024e-04 1
6.499797e-05 1
2.049125e-04 105
1.938984e-04 1
1.156886e-03 1
1.938138e-04 1
2.692579e-05 1083
9.394046e-05 1
6.660365e-04 1
6.534114e-05 1
2.183488e-04 6
2.353484e-04 300051
3.020704e-05 1
1.014639e-03 1
2.901426e-04 2
1.873859e-04 2
3.155060e-06 1
6.501461e-04 1
2.842132e-04 1
3.296069e-04 3
1.179749e-04 1381
1.142859e-04 1
7.011825e-05 2
2.855981e-04 1
6.400229e-04 1
4.684983e-05 1
5.977393e-04 1
9.921684e-05 1
1.348511e-04 129
2.329498e-05 1
3.087103e-04 1
2.126916e-04 1
2.426298e-04 57849
6.325299e-04 4
1.980983e-04 1
7.023819e-04 324285
8.338303e-05 4
4.154510e-04 1
1.671851e-04 1
8.288047e-04 1
1.570898e-04 1
1.176743e-04 3
3.785248e-04 1
2.066964e-04 7
3.121737e-04 1
4.510157e-04 1
2.768159e-04 53931
1.170067e-04 251
5.148957e-05 35971
4.401572e-04 102
8.328778e-05 1
5.475070e-04 1
1.428709e-04 1
4.683479e-05 1
2.807894e-05 1
3.543817e-04 1
5.223407e-04 1
4.753751e-05 249
1.415514e-04 1
1.397994e-05 2
3.264025e-04 1
1.501079e-04 1
4.843062e-05 1
7.649007e-05 3
4.727428e-04 5
6.182372e-05 1
1.238012e-04 120
9.121372e-05 68
1.416034e-04 3
5.539227e-04 1
3.453896e-04 1
5.269193e-04 2
2.291686e-07 46
7.845052e-06 218
5.803358e-04 1
1.717147e-04 1
4.200170e-04 1
6.927293e-04 2
2.141978e-04 3
1.374123e-04 1
2.611614e-04 5
6.886610e-06 1
2.528745e-04 1
8.468197e-05 1
4.292787e-05 1
4.116336e-04 1
4.360124e-04 1
6.741877e-04 1
1.557738e-04 1
4.526549e-05 7
1.788958e-05 3
1.508597e-04 2
1.037706e-04 444673
9.805947e-05 1
2.448731e-06 273
2.746508e-04 7
9.792000e-06 2
1.473647e-04 2
3.695996e-04 186
2.052764e-04 1
1.092885e-04 1
1.007761e-04 6
1.621738e-04 3
1.014009e-04 4
1.935688e-04 1
1.249490e-05 1
1.620957e-06 2
2.774903e-04 1
4.613950e-05 1
1.228108e-04 1
3.663873e-05 1
6.361384e-05 1
9.881867e-05 1
2.982867e-04 1
7.406660e-04 3174
3.241988e-04 2
4.237444e-04 1
6.248849e-05 570867
3.650572e-04 1
3.813972e-04 1
2.842377e-05 1
6.829485e-04 6
6.259807e-04 1
1.202059e-04 1388
4.090323e-05 1
4.657831e-04 1
3.753200e-04 1
7.494466e-05 104
4.163019e-05 6
5.053814e-05 3
2.916063e-04 1
4.001969e-04 3
8.746591e-05 1
5.848411e-04 1
3.766207e-05 1140
2.832916e-04 1
3.370981e-04 1
1.699966e-04 1
9.552378e-05 2
1.440105e-04 7
3.493915e-04 2
6.968676e-04 1
1.928577e-05 3
4.418053e-04 1984
3.517919e-05 2
8.638155e-05 1
1.095561e-04 1
3.444236e-04 3
3.779314e-04 47
6.750919e-04 1
1.339049e-04 1
1.417259e-04 1
7.099986e-04 1
9.433303e-05 1
1.288349e-04 2
1.141619e-04 1
4.189847e-05 1
1.057335e-04 3
5.895061e-06 1
1.113774e-04 2
2.392811e-04 1
2.022469e-04 1660
4.917958e-05 1
1.537465e-04 1135
1.726775e-04 7
1.990577e-04 2
5.381583e-05 1
1.843764e-04 120
1.333165e-04 2
3.050996e-04 3
3.589436e-04 475
2.943176e-04 3
3.629683e-05 3
1.340015e-04 3
6.943310e-05 3
4.494302e-05 51
2.837013e-05 168
1.758476e-04 6
7.838149e-05 1
4.780754e-04 1
2.249799e-04 3
3.303201e-06 7
2.587793e-04 3
6.773412e-05 1
6.709716e-05 675
9.099203e-05 1
3.628197e-05 3
9.925480e-05 3
1.302382e-04 7
2.165145e-04 41
1.746550e-04 3
2.388402e-04 1
2.400953e-04 3
4.554826e-04 1
5.322676e-04 3
8.040820e-04 1
1.640408e-04 2
7.472354e-05 1
5.033218e-04 1
4.202331e-04 1
3.914782e-04 1
4.997499e-04 2
6.016371e-05 2
1.567605e-04 1
4.359770e-05 1
2.003937e-04 2
3.946527e-04 5
1.533712e-04 5
4.643332e-04 5
1.023191e-04 1
3.702287e-05 1
1.064118e-07 3
7.678749e-04 1
1.432288e-05 1
5.380498e-04 1
4.381339e-04 5
3.947446e-06 6
2.217591e-04 213
3.600691e-04 3
2.736622e-06 130
3.292729e-04 1
3.138579e-05 1
1.394607e-04 1
1.013468e-03 2
1.645911e-04 222
2.439666e-04 213
4.616806e-04 2
7.713462e-04 674
8.540867e-05 1
4.178320e-04 171
8.737372e-04 1
4.665826e-05 2
5.421993e-05 1
2.675722e-04 86
4.902304e-04 1
1.308602e-04 1
1.493529e-04 1
8.382433e-05 1100
5.291675e-05 1
5.292394e-04 1
3.749370e-05 6
4.526125e-05 1
5.945677e-04 1
2.464228e-04 384
5.107317e-05 1
2.698845e-04 63386
9.057579e-05 1
2.968512e-04 7
1.190364e-04 2
2.930237e-04 2
1.517719e-03 2
7.730709e-04 281
5.605622e-04 1
8.214635e-05 1
5.268110e-04 3
7.250308e-05 1
1.099384e-04 3
2.544884e-04 1
3.798921e-04 6
5.131786e-06 2
2.627930e-04 3
6.132698e-05 249
1.051251e-04 6
1.828555e-04 2
7.087565e-04 1
2.159151e-04 1
2.904808e-04 1
1.068247e-05 3
3.292390e-04 1
4.641682e-04 4
7.671900e-05 2
5.513405e-04 27
7.621471e-04 1
2.162884e-04 16
7.052213e-04 1
2.969242e-04 1670
1.382719e-04 409
3.492031e-05 1
1.887502e-04 1
2.626981e-05 30128
2.997792e-04 2
3.676017e-04 1
4.983325e-04 189
8.667316e-05 1
1.815037e-04 26611
3.641840e-04 3
6.090584e-05 2
2.034756e-04 1
7.914803e-04 3
1.637178e-04 2
1.261188e-03 1
2.423247e-04 1
1.205627e-03 3
3.215442e-05 1
8.583772e-05 3
3.642563e-04 1
2.979569e-04 2
3.551609e-05 1
1.330267e-04 255
4.557253e-05 3
1.305277e-04 1
1.392959e-04 1
2.081819e-05 1
2.403702e-04 1
1.604240e-04 1
3.410884e-04 11536
7.894835e-05 1
1.500013e-04 1
4.745399e-05 3
2.623610e-05 3
4.082017e-05 2
2.440137e-04 1
7.637254e-04 1
3.015332e-04 1
4.560910e-05 3
2.950472e-04 1440
9.183117e-05 1
3.696696e-04 1
2.113057e-05 135
1.733698e-04 3
1.415587e-04 3
6.966086e-05 5
4.044252e-04 1787
7.290331e-05 1
1.080187e-04 7
4.579495e-04 2
3.417278e-06 1
3.489472e-04 86
6.360397e-04 1
2.747581e-04 459
5.548721e-04 1
1.786678e-04 1
1.076533e-03 1
1.482390e-04 5
1.452031e-05 1
2.328613e-04 184
1.771653e-04 3
1.324027e-04 1
3.156212e-04 3
1.642831e-04 3
2.119139e-05 1
3.717842e-04 5
2.003778e-04 3
1.782157e-05 3
1.008719e-03 1
3.448729e-04 1
6.305090e-05 1
4.143641e-04 76
8.913779e-05 1
2.043982e-04 1
1.657796e-04 1
1.791022e-04 2
3.589236e-05 1
1.124117e-04 4
2.596943e-04 1
6.515413e-06 1
2.018584e-05 47169
7.280071e-05 1
9.280881e-05 1
8.012566e-04 1
9.055033e-05 1
1.014200e-04 96
3.472646e-05 1
1.895907e-04 1
1.089519e-05 3801
2.424060e-04 1
2.660231e-04 5
1.567471e-05 1
5.373781e-06 1
