1.708692e-04 1
1.026557e-05 1
1.106701e-04 1
1.129432e-05 1
1.424386e-06 1
2.923042e-05 1
1.085257e-04 223
6.588306e-06 1015
1.282080e-04 251
7.695654e-05 5
1.047430e-05 1
4.314832e-05 14138
2.091895e-05 1
5.703037e-05 2
5.860235e-05 1373
1.263810e-05 1
7.543218e-05 2
2.220632e-05 58
3.626038e-05 5
6.497470e-05 1
9.143280e-05 1
7.429647e-06 1
6.359050e-06 1
3.537785e-05 2
3.102739e-06 1
5.395419e-06 1
5.504694e-05 1111
4.529086e-05 257
1.894992e-05 1
1.528149e-05 1
2.591093e-05 525
2.920488e-05 1
8.684326e-05 3
1.721156e-05 3
1.797287e-05 1
6.972472e-05 1
4.183613e-05 4
9.749714e-05 121
3.975170e-05 3
5.133196e-05 7
6.930103e-06 7
2.130115e-05 1
2.185178e-05 1
3.266794e-05 1560
8.587275e-06 3
9.453112e-06 1
7.818536e-06 1
3.439961e-05 97
3.389488e-05 1
1.111260e-05 1
1.056154e-05 258
2.342456e-06 1
3.216604e-05 1
8.554170e-05 1
1.517913e-05 242
1.173356e-05 1
9.832210e-05 1
7.443967e-05 1
5.061708e-05 1
3.793208e-05 1
4.674503e-06 170
3.261692e-05 1
3.979461e-06 3
3.144936e-05 1
1.270005e-05 1
8.785168e-05 1
1.576153e-04 45748
6.920053e-06 1
7.044142e-06 3
2.285247e-05 1
1.591702e-04 2
2.369920e-05 1
3.900697e-05 1
1.093529e-05 1
1.608630e-05 3
3.061065e-05 1
1.322462e-04 1
4.936122e-05 60
9.511887e-05 3
1.944926e-05 2
1.313002e-05 4
4.092084e-05 1
1.293070e-07 1
1.044726e-05 7
4.896924e-05 892
1.118013e-04 2
2.799609e-05 2037
5.766589e-05 1
1.386480e-04 2
1.235909e-05 1
2.016662e-04 1
4.007533e-05 6
2.541059e-05 81
2.642705e-05 1
7.090186e-05 2
3.010494e-05 1
9.754046e-05 222
3.389738e-05 3
6.332539e-05 2
1.200851e-05 1
7.229629e-06 90
1.283711e-05 3
1.407930e-04 1
7.917591e-05 1
3.633623e-05 232
8.762979e-05 2
4.489833e-05 1
1.035040e-05 41
1.087999e-04 3
1.362735e-05 1
6.577669e-07 6
6.828378e-05 1
6.340181e-06 1
1.899248e-05 253
3.207932e-05 3
8.104639e-05 1
6.385616e-05 3
3.334574e-05 6
9.141338e-05 143
2.661875e-05 4
4.572945e-05 1
2.046237e-05 2
5.213275e-05 1
1.365789e-04 1
1.785674e-06 1
3.142755e-05 1
7.390654e-05 1
9.301039e-05 1
1.635155e-06 181
2.351355e-05 1
1.107137e-04 1
1.486400e-04 1
2.838657e-05 2
4.547070e-05 1
3.568050e-05 4
3.467263e-06 1
3.055693e-05 51789
8.089700e-05 1
9.155702e-05 1
1.356299e-04 1
4.614511e-05 1
2.149196e-05 1
1.789172e-04 3
4.599529e-05 25
4.074476e-05 1
4.158795e-05 979
1.378335e-05 2
1.411018e-05 2
1.745804e-05 1
1.241490e-05 2
2.404476e-05 3
7.031202e-05 573
9.939927e-05 1
8.655195e-06 3
5.543643e-06 1
8.415323e-06 7
7.673529e-05 3
6.660136e-05 1
3.768597e-06 1
1.494258e-05 4
7.427740e-06 1
2.569838e-04 1
2.318230e-05 2
3.597797e-05 6
4.452219e-05 2
8.710955e-05 1407
1.062359e-04 2
3.535884e-05 1
1.037688e-05 5
2.440261e-05 470
9.476508e-06 1
7.408154e-06 2
7.491609e-05 1
1.928425e-06 116
7.633320e-05 1
8.811164e-05 1
1.988227e-05 2010
3.202609e-05 7
6.263730e-05 1
3.767648e-05 1689
5.469610e-05 7
2.850915e-05 1
9.255319e-05 125
4.238051e-06 451830
6.532216e-05 1
7.750066e-06 1
1.212016e-07 176
1.816273e-05 7
1.025904e-04 21
1.873398e-05 2
1.365236e-04 1
1.887738e-04 1
6.089911e-05 2
1.033908e-04 1
7.196383e-06 3
5.994436e-05 1
2.804462e-05 1
1.356432e-05 1
6.408971e-05 1
1.214898e-05 1
2.922409e-05 1
7.060230e-05 5
6.389728e-05 1
2.939952e-05 2
1.588112e-05 1
2.302018e-05 1
9.793357e-05 2
5.478930e-05 1
9.761417e-05 7
8.248958e-05 1
7.532941e-05 1
1.208529e-05 1
1.270926e-04 1
1.856884e-04 1
5.436224e-05 1
5.292083e-06 1
3.495216e-05 1
9.445532e-05 198
5.890172e-05 1
4.825585e-05 1
1.849098e-04 1
1.432085e-05 1
7.120965e-06 1
2.994657e-05 395
6.565503e-05 1
2.113559e-05 3
1.491581e-04 4642
6.247195e-05 1
1.269690e-05 1
3.100534e-05 4
3.621531e-05 2
5.302371e-06 1
1.129548e-05 1
9.027582e-06 193
2.518443e-06 1
7.281921e-06 1
1.162501e-05 4
7.045636e-07 1
3.070101e-05 2
1.422401e-04 2
4.704889e-06 5977
1.598651e-05 110
9.453216e-05 1
1.772115e-05 1
2.004474e-04 21816
1.150974e-04 156
5.770510e-06 1182
4.019882e-05 1
1.748119e-04 1
1.475490e-05 10414
8.679525e-05 1
6.098996e-05 3
3.216249e-05 1
3.129604e-05 1
5.133519e-05 1
4.986251e-05 1
7.787296e-05 3
3.304989e-05 2
3.694279e-05 1
3.702540e-05 96
1.798988e-05 1
6.765985e-05 1
4.720885e-05 1
6.326981e-05 1302
7.129780e-05 7
6.365490e-05 1625
4.911323e-05 1
1.838855e-05 1
1.389184e-04 1
3.702862e-06 1
5.909498e-05 1
4.765208e-05 228
1.809140e-05 185
1.026059e-04 5
1.626838e-05 1
6.631797e-05 223
2.001088e-05 3
2.450494e-05 1
2.928345e-05 3
4.680392e-05 1
3.147623e-06 5
1.429090e-05 1
1.452965e-05 226
9.577321e-05 7
7.769280e-06 1
1.921858e-05 6840
2.750135e-05 1
2.804359e-05 1
2.158748e-05 7
5.284094e-05 1
5.435937e-06 4
1.067577e-04 6
1.988649e-05 1
5.642035e-05 1
1.007914e-05 2
1.450067e-04 1
4.514662e-05 1
3.037965e-05 3
4.083480e-05 1
2.031551e-05 2
1.820726e-05 1
3.031357e-06 237
5.575036e-06 1
4.492607e-05 29478
2.996325e-06 1
4.538110e-05 1
8.203191e-05 1
2.706470e-05 1
4.908957e-05 7
1.385550e-05 3
3.632945e-05 1
2.555871e-05 1
5.846368e-06 4
1.568112e-06 1
1.603997e-05 4
2.069262e-05 1
9.271637e-06 1
6.865443e-06 1118
8.071347e-06 1
9.700762e-05 1
8.259509e-05 3
1.369158e-05 64269
1.277696e-05 169
4.244562e-05 1
4.259721e-06 3
4.996497e-05 1
1.531808e-05 1
1.573433e-04 7
5.803031e-07 126
1.447816e-05 2
3.348773e-05 1
5.577187e-05 7
6.662003e-05 7
1.445034e-04 2
2.473486e-05 1
8.335208e-06 1
1.757681e-05 1
3.340207e-05 2
1.790877e-05 1
3.472086e-05 476
1.038314e-05 3
2.225484e-05 190
9.774184e-06 1
8.760560e-05 3
1.098764e-05 60135
4.074090e-05 1
1.484956e-05 1
6.192825e-05 1
8.221138e-05 124877
7.266433e-05 131
1.466665e-05 1
1.297163e-05 2
4.880186e-05 1
2.143251e-04 2
2.905112e-05 1
1.133664e-05 6
1.027010e-04 583
1.934807e-05 42889
5.075752e-05 7
6.250977e-05 1
6.306421e-05 9
5.419287e-05 7
2.922434e-05 2
7.122118e-05 1
2.913446e-05 3
5.658400e-05 1
4.646426e-05 1
1.661025e-06 4
7.856028e-06 3
4.984665e-05 1
2.501918e-05 7
2.323992e-04 1
2.990454e-05 1
1.019165e-06 1
2.724931e-05 7
2.548289e-05 6
1.384045e-05 1
1.200123e-04 1
1.423818e-05 5
9.343086e-06 1
9.438986e-06 7
4.925692e-06 1
1.127490e-05 1
2.298062e-05 1
1.033605e-04 1
1.966329e-04 2
5.418060e-05 53
2.264313e-05 3
6.325481e-05 2
2.427747e-04 151
2.476477e-05 1
7.753859e-05 1
3.777087e-05 5
8.050290e-06 2
2.956956e-06 416
3.158537e-05 57400
5.449495e-06 1
2.184441e-05 1
5.875679e-05 1
6.463669e-05 1
2.075688e-05 2
5.167401e-05 1
4.040886e-05 1
9.380106e-05 1
5.109793e-05 1
9.580575e-05 1
2.830345e-05 1
1.196692e-04 3
1.649740e-05 1
2.124971e-05 1
6.308886e-05 1
3.367266e-06 1
2.389400e-05 1
1.325417e-04 1
1.125170e-04 249
4.188163e-06 1
8.952682e-05 1
6.730382e-05 61
2.499046e-05 4
1.074344e-04 47710
7.102028e-05 49870
1.737175e-04 1
1.519100e-04 153
7.043505e-05 2
3.789510e-07 3
2.625413e-05 2
6.177126e-05 1
6.830764e-05 2
4.995781e-05 172
1.505671e-05 2
7.487807e-05 1
6.258618e-06 1
1.023485e-04 1
2.983267e-06 4
7.103335e-05 803
5.565013e-05 1
8.351986e-05 5
2.760879e-05 1
3.361507e-05 1
5.235251e-06 1
7.724365e-05 1
2.225077e-05 1
8.064654e-06 1
1.185691e-05 2
8.180957e-06 1
8.418568e-08 1
8.347578e-06 1
2.366080e-05 1
1.496351e-05 225
3.390057e-04 1
2.357501e-05 1
1.357323e-05 237
7.815782e-05 2
1.140755e-05 7
1.226655e-04 1
1.476688e-05 1
3.843492e-05 1
7.140769e-05 23123
2.588540e-06 1
1.879578e-05 1
4.427905e-05 1
5.215435e-05 7
8.457890e-06 1
8.522945e-05 1
1.227215e-05 1
4.946772e-05 1
2.806344e-05 1
5.356452e-05 2
7.906881e-06 1
6.090785e-05 1
2.296469e-05 40
6.862559e-05 44826
6.436894e-06 1
1.005186e-04 1
4.667323e-06 1293
1.212369e-05 1
3.857191e-05 2
1.074817e-04 1
6.993567e-05 163
9.259664e-06 4
2.382066e-05 3
3.118766e-05 1
1.240023e-04 2
5.668984e-05 2
4.962562e-05 1
3.240924e-06 7
4.428619e-05 2
6.445088e-05 1
4.941356e-06 245
9.226320e-06 6
6.469970e-05 3
2.669221e-06 51339
5.679699e-05 1
2.091069e-05 5
1.653721e-05 48600
3.780797e-06 193
7.694132e-05 5
4.147496e-05 1
3.522754e-05 1
3.285491e-05 7
3.101676e-05 215
6.629192e-06 1916
5.589029e-05 3
2.752743e-05 1
3.008573e-06 1
7.157247e-05 3
5.828376e-06 1
4.294778e-05 1
3.831464e-05 27207
2.614980e-05 789
6.389484e-06 3
6.081375e-05 1
9.286924e-05 2
1.601546e-05 1
1.062229e-05 1
8.433937e-05 2
3.348378e-05 1
8.832923e-05 1
2.463517e-05 1
2.739046e-05 2
1.003306e-04 3
2.867303e-06 17546
2.062062e-05 1
3.594665e-06 1
1.912590e-04 3
3.357164e-06 1
8.365995e-06 590381
4.108358e-05 3
1.000339e-05 4
1.751722e-04 75
8.161943e-06 1
1.267851e-05 3
4.446000e-05 1
2.519258e-05 1654
3.783841e-05 1
2.785376e-06 1
1.221056e-06 1582
4.609402e-05 55
2.459693e-05 1
6.295783e-05 248
1.029632e-04 1972
7.046452e-05 3
5.709568e-05 1
1.329098e-05 6
1.084407e-04 1
7.760472e-05 3
5.968435e-06 5
3.639470e-05 1
2.784067e-05 1
4.408674e-05 1
1.147521e-05 1
6.782311e-05 1939
1.499396e-06 3
5.018889e-05 1
3.419413e-05 1
6.543564e-05 34090
1.293915e-05 1065
7.291954e-06 1
8.131865e-06 1
3.275017e-05 1
3.590753e-05 1
3.223587e-06 7
3.314168e-05 2
2.478366e-05 2
1.776856e-05 876
1.661439e-04 168
1.956197e-05 1
2.948716e-05 67
4.302426e-05 1
7.181019e-05 6
1.467250e-05 1
1.132663e-04 6
6.836502e-05 186867
4.993835e-06 1
2.606180e-06 1
7.078455e-05 3
1.867468e-05 3
6.519902e-05 1972
3.968015e-05 1
1.790076e-06 1
4.944105e-05 1
1.181398e-04 1
3.734265e-05 7
9.580977e-07 1
7.525408e-05 1
5.784455e-05 1
1.034773e-05 1
3.144665e-05 1
2.480971e-05 19
3.478326e-06 190
3.028137e-06 1
6.019529e-05 3
5.640733e-05 1
3.100546e-05 7
1.496055e-06 1
3.965422e-05 336
1.985778e-05 1
7.414733e-05 1
1.522676e-05 4
5.528846e-05 3
1.568626e-05 1
8.946339e-05 1
1.519818e-06 1
1.900531e-05 1
6.026349e-05 645
5.637789e-05 181
1.178705e-04 3
3.106423e-05 1
4.733032e-06 1
2.139945e-06 3
1.282299e-06 1
2.149785e-04 1
8.819825e-05 1
5.131564e-05 1
2.109421e-06 1
1.456756e-05 7
1.079041e-04 1
3.947496e-06 409
5.882743e-07 1
1.886831e-05 1
3.485926e-05 1
5.110894e-05 6
4.198703e-05 1
3.778317e-05 2
3.193110e-05 2
4.668044e-05 267
4.694955e-05 1
1.923283e-05 5
6.328290e-05 241124
5.603932e-06 2
7.971784e-05 1
1.030546e-04 2
4.528657e-06 1
2.832102e-06 2
2.808413e-05 117
1.534764e-04 446045
4.386254e-06 1
3.202497e-04 26
2.794321e-05 63911
1.575710e-04 4
1.727805e-05 3
7.129544e-05 1
1.484502e-05 1
4.372499e-06 278
1.679122e-05 1
2.487847e-05 986
5.251034e-05 1
2.093376e-04 6
7.733946e-05 6
9.239930e-06 2
1.267379e-04 1
2.540154e-06 1
1.637762e-05 2
1.611338e-05 1
4.982206e-05 1
2.512749e-05 2
1.744488e-07 3
7.972035e-07 28503
4.309904e-06 1
4.920203e-05 1
3.988897e-05 1
9.340228e-06 1
8.881051e-05 1
3.679009e-05 142
2.704969e-05 180
5.439465e-05 1
3.501975e-05 2
8.294233e-05 3
2.186422e-06 2
1.884221e-05 1
4.041755e-05 3
3.337663e-05 2
6.378583e-05 3
8.411789e-06 3
3.242952e-05 1
3.272811e-05 1
6.233687e-05 2
2.694987e-05 7
6.575990e-05 1
3.328560e-05 1
6.484480e-05 1
3.485824e-05 106
2.787408e-05 1
3.954328e-05 1
5.475995e-06 5
2.335041e-05 1
6.297362e-06 1
7.104200e-05 1
5.860908e-06 1
4.653384e-05 1
3.608794e-05 3
8.546097e-06 49467
1.337767e-04 4
5.907526e-07 1
2.227837e-05 1
9.095288e-05 1
2.334611e-05 36686
5.736236e-05 1
7.003679e-06 2
5.372614e-05 2
4.436498e-05 60
1.415146e-06 1
1.052485e-06 1
9.077498e-06 4
3.487175e-05 1
2.624493e-07 1
8.421987e-05 45018
7.498243e-06 31
1.355319e-06 1
2.413400e-05 4
1.083015e-04 1
1.303647e-04 1
2.473396e-05 21636
1.884121e-05 1
6.344584e-05 6
6.248658e-05 1
4.057692e-05 128
4.239449e-05 7
3.869994e-05 1
2.092627e-04 1907
5.661723e-05 3
1.657847e-04 3
1.415358e-04 68
4.222753e-05 19
1.522050e-05 229324
1.173646e-05 1
3.427891e-05 3
2.616163e-05 1
7.186232e-05 6
9.407787e-05 1
3.442636e-05 2
6.887852e-05 601
1.188994e-04 658183
7.445051e-05 5
2.272806e-06 1
1.136908e-04 1
3.040677e-05 1
1.122715e-04 1
2.012256e-05 69
6.688779e-05 1
3.376792e-06 1
5.072709e-05 1857
6.814039e-05 3
9.791542e-07 1
1.170713e-05 1
2.247775e-05 2
2.898113e-04 6
6.589352e-06 2
3.274965e-05 1
1.869724e-06 6
1.020197e-04 1180
8.517243e-05 3
9.033069e-06 63677
2.280283e-05 1
6.403132e-05 6
2.033556e-05 1
1.009367e-04 1
1.369177e-06 3
3.112689e-05 6
5.896095e-05 2
5.096938e-05 7
2.454568e-05 1
6.326349e-05 3
3.757588e-05 1
6.726478e-05 45674
6.019524e-05 1
1.765552e-04 1
6.913945e-05 217
1.190414e-04 1
2.029377e-05 1
4.671659e-05 1
3.201849e-05 1
3.275478e-04 7
1.712359e-04 1
1.011832e-05 1
1.596688e-04 2
5.718237e-05 1
3.917287e-05 3
1.038190e-05 1
4.341279e-05 3
2.131309e-05 1
3.353524e-05 5
1.849919e-04 4
9.960156e-05 1
9.953021e-05 1
1.020500e-04 1
5.525260e-05 84
2.005390e-05 5
1.302389e-04 1
1.414907e-05 1
3.080154e-05 1
2.404582e-05 35
1.060371e-05 255
1.365176e-04 7
2.355040e-05 169
2.705010e-05 1
6.047523e-05 1
1.625696e-05 1
5.101119e-05 32
3.158972e-06 1
1.999134e-04 1
9.439333e-06 1
7.243610e-06 1
2.496173e-04 1
5.408208e-05 1
1.957802e-05 1
4.543843e-06 3
1.443130e-05 167
1.016116e-05 1
6.400701e-06 35
5.564948e-05 2
6.420120e-05 2
1.701058e-04 61920
1.823035e-05 1
1.313478e-05 1
4.561160e-05 1368
9.365505e-06 7
1.001397e-04 7
1.102659e-04 1
1.443572e-05 1
3.567378e-05 30
1.100625e-05 6
1.768242e-05 1
2.443960e-06 1
9.898979e-06 3
1.725057e-05 3
1.955231e-04 2
2.329222e-04 56
7.172516e-06 1
4.758517e-06 1
3.435140e-05 1
2.548263e-06 1
3.835904e-06 1
1.356520e-04 5
5.313000e-05 1
8.656744e-05 1
6.385478e-05 1
2.576039e-05 1
4.688426e-05 192
4.857190e-06 7
9.981040e-06 2
2.932608e-05 1
5.241823e-05 1
3.282427e-05 1
1.300852e-04 1
1.477955e-05 1
1.613925e-04 2
6.108925e-06 1
1.664746e-05 1
4.944189e-05 21329
3.954368e-05 1
6.719207e-06 2
5.910386e-05 1
1.137594e-05 1
1.141633e-06 3
8.290385e-05 120
1.892516e-05 3
9.129542e-06 16307
1.474591e-05 1
2.178054e-05 121
2.716932e-05 4
2.836951e-06 1
3.418658e-05 1
1.065911e-04 6
8.050815e-05 1
8.113208e-06 1
1.093056e-05 1
2.174204e-05 1
1.618754e-05 1
3.102890e-05 1
1.446245e-04 1
2.039674e-05 3
5.144981e-05 2
1.572771e-05 1
6.495470e-05 1
1.864863e-05 6
2.452766e-05 4
2.589434e-05 2
6.188953e-05 1
1.298632e-05 4
5.309167e-05 1
2.029902e-05 5
2.112615e-06 6
2.055643e-05 1
5.958083e-06 3
2.722338e-05 1
3.303560e-05 2
1.009804e-04 1
4.457995e-06 1
2.028214e-05 159
8.139997e-06 1
2.487496e-05 1
3.395058e-05 1532
1.274827e-05 1
6.938698e-06 2
1.175440e-04 1
1.471949e-05 1
4.528795e-07 1330
2.150610e-05 2
4.920905e-06 429493
6.579972e-05 1
6.979102e-05 2
2.551917e-06 253
5.939304e-05 3
2.850195e-06 1
4.088883e-05 475
3.456961e-05 1
5.106026e-05 2
8.177010e-05 1
3.075206e-05 27
5.693994e-05 1
1.472788e-05 2
8.042685e-05 1
7.009729e-05 3
1.892661e-05 3
4.152769e-06 1
3.704522e-05 1
2.776430e-05 1
6.001948e-05 1
5.470045e-05 170
2.175149e-05 62339
2.721523e-05 1
6.810554e-05 1
1.836107e-05 3
3.822000e-05 3
1.215804e-04 1
8.719644e-05 2
1.357090e-04 3
1.765250e-05 1
6.026241e-05 1
2.423544e-05 7
1.470457e-05 3
1.410201e-06 1
1.560202e-05 4
5.077784e-05 1
8.002123e-05 1
1.143933e-05 1
1.088588e-05 1
5.355898e-06 1
6.649116e-05 7
7.597837e-05 2
4.720498e-05 3
5.070868e-06 3
1.169906e-05 1
2.356181e-05 6
9.314297e-05 1
2.538486e-05 3
4.600522e-05 1
1.213303e-06 3
2.141762e-06 1
3.107596e-05 2
5.917477e-05 1597
2.648630e-05 1
5.714278e-05 5
1.516047e-05 176
7.209390e-05 1
1.582960e-05 123
4.098603e-05 1368
2.309360e-06 897
6.789935e-06 1
4.810709e-06 1
8.715225e-05 2
5.724790e-05 6
2.279882e-05 3
1.020419e-04 1
5.874575e-05 1
2.202056e-05 1
1.502792e-05 1
1.073820e-05 1
5.148536e-05 1
4.222091e-05 1
6.097222e-05 1
1.456609e-05 2
5.865129e-05 3
4.231704e-06 1
6.522363e-05 1
1.027100e-05 1
1.562494e-04 1
1.253523e-06 3
5.586469e-05 1
1.323375e-04 3
5.560672e-06 1
7.735521e-05 2
2.689096e-05 1
4.218100e-05 3
3.409014e-06 1
1.260509e-04 1695
6.720498e-05 165
4.530954e-05 1
8.022495e-07 1
1.074913e-05 2
3.766351e-05 98
1.194582e-05 1
2.182986e-05 2
1.229855e-04 1
4.226009e-05 2
1.171667e-05 1
1.736240e-05 2
8.393007e-06 1476
1.195304e-06 2
1.175640e-04 1
4.069006e-05 5
1.800297e-06 1
3.510959e-05 3
2.089101e-05 1
8.525648e-05 43
8.100142e-05 1
2.407238e-06 1
5.875555e-06 221
3.085434e-05 224
4.866100e-05 53
3.433284e-05 4
9.142833e-05 7
1.114016e-04 1
2.960203e-06 1
5.642673e-05 1
4.887849e-05 4
1.222043e-04 3
6.054331e-05 525
3.030727e-05 53
1.889006e-05 1
8.564083e-05 6
3.139092e-06 7
3.721020e-05 635234
5.981694e-06 1
6.715138e-05 1
9.392047e-06 660
1.218589e-05 5
7.544408e-06 3
7.690152e-05 1
2.395872e-05 1
7.223761e-05 4
2.037872e-05 1
8.222056e-05 1
8.150016e-06 4
7.441198e-05 1
8.615299e-06 1
1.941344e-05 188
2.650393e-05 1
9.578374e-06 1
5.264381e-05 387
8.088761e-05 1
1.801894e-05 1
5.386094e-05 733
1.747974e-05 29
3.778682e-06 1
5.637585e-06 2
6.976839e-06 3
2.106108e-06 3
2.295407e-05 1
7.101008e-05 1
1.799681e-05 2
3.146411e-05 3
1.606403e-05 2
2.337116e-05 1
2.142324e-05 1
3.949044e-05 1
7.404577e-05 282
1.365408e-04 7
4.112569e-05 3
4.358422e-05 1
7.721683e-05 46631
2.313622e-05 3
7.043077e-06 1
4.777176e-05 1
8.978963e-06 3
5.801499e-06 1
6.057776e-08 1
1.734552e-05 2
3.182456e-05 1
1.427722e-04 65826
2.510251e-05 1
4.470617e-05 3
3.438420e-05 97
8.365238e-05 6
1.841159e-05 195
8.996360e-05 5
7.582900e-06 5
5.617646e-06 2
1.773519e-04 3
2.103747e-04 3
6.330055e-05 3
5.583455e-06 1
2.829715e-05 1
3.345914e-06 1
1.130680e-06 5
5.831557e-05 1024
7.438879e-05 24
2.990302e-05 110
7.574265e-05 3
2.034599e-06 3
1.854468e-05 1
2.371172e-05 2
3.847130e-06 1
5.760348e-06 232
2.437272e-05 3
9.566199e-05 1
9.719960e-06 3
4.243957e-05 1
9.440494e-06 1
1.384244e-05 1
2.701449e-06 1
4.138512e-06 1
8.533607e-06 4
4.977891e-05 1
2.248767e-05 241
1.068205e-04 208
1.358457e-05 1
1.797671e-05 2
2.967085e-05 4
8.273454e-05 2
4.126028e-07 1
2.362618e-05 7
4.053251e-06 1
3.950699e-05 1
7.638512e-05 4
1.483087e-04 1
5.466221e-05 4
1.072582e-04 1
5.875304e-05 1
5.448139e-05 1
6.587831e-06 1
9.282345e-05 1
7.623074e-05 1
1.881631e-05 3
5.529161e-05 6
5.779075e-05 135
1.286908e-05 64840
1.693095e-04 3
5.174794e-06 1
9.598972e-05 4
2.096170e-05 3
3.942566e-06 75
2.545786e-05 1
6.968912e-06 1
1.929506e-05 96
2.571070e-05 3
1.140137e-05 5
7.006215e-07 1
4.674236e-05 2
1.879108e-04 1
8.182958e-05 1
2.225338e-05 663991
9.154787e-06 1
7.504494e-06 98
6.305405e-05 1
2.586768e-05 1
1.251715e-05 2
2.029647e-05 91
2.329054e-05 6
1.052002e-06 1
2.700846e-05 1
1.955030e-05 6
6.395879e-06 3
2.816865e-05 1
4.397558e-05 1
4.882635e-05 13
1.538273e-04 3
1.148382e-04 3
1.314586e-05 3
5.566214e-05 205
1.648028e-05 1
6.462531e-06 2
2.790640e-04 1
8.542241e-05 1
7.999910e-05 11128
7.012389e-05 6
9.111062e-06 1977
1.850255e-05 1
8.962556e-06 3
6.910625e-06 3
3.498858e-06 6
1.320739e-04 1
1.254196e-05 1
5.619257e-05 1043
1.781103e-05 1
5.248847e-07 98
2.353238e-05 1
2.302754e-05 1
4.112245e-06 3
3.027514e-05 1
1.045817e-04 3
8.415386e-06 1
6.584270e-05 159260
3.330715e-06 1
1.208852e-05 1
3.487095e-05 842
1.001939e-06 1
1.643413e-04 3
9.741116e-05 1
2.604064e-05 1
4.788620e-05 253
4.015877e-06 1
9.783515e-05 7
3.971638e-05 2
1.327901e-04 1
2.536902e-05 1
5.677534e-05 3
6.146329e-05 1
1.271322e-05 1
7.395644e-05 237
3.174069e-05 1
1.484694e-04 171018
3.103339e-05 1
8.699725e-05 1
6.409263e-06 7
1.857179e-05 250
2.429710e-05 3
7.417736e-06 853
8.281549e-06 1
1.608947e-04 1
1.411835e-05 1
1.755315e-05 124
1.938337e-05 6
1.332881e-06 13515
7.630866e-05 2
3.328436e-05 1
1.317182e-04 126
8.230534e-06 1
1.047943e-04 1
3.485650e-05 2
6.919961e-05 1
9.216040e-05 1
2.169935e-05 43625
1.966091e-04 1
3.185612e-05 1
7.456497e-06 1
1.120987e-05 1
8.177447e-06 3
1.374652e-05 1
5.017841e-05 1
6.483362e-05 6
1.651918e-06 55173
1.993988e-08 1
4.850424e-05 1
3.109772e-05 1
4.085763e-05 1
1.060141e-05 7
6.978816e-05 3
1.958836e-05 1
5.560266e-05 1
6.054877e-05 6
7.322322e-05 1
3.201545e-05 42442
1.019490e-05 1
8.002638e-06 1
1.200707e-04 4
1.311560e-04 3
4.953072e-06 2
7.996214e-05 11591
1.262649e-06 2
5.554070e-06 1
7.290180e-05 1
4.350575e-05 1
1.315483e-04 93
6.691356e-05 72
2.716981e-05 72
3.399197e-05 1
1.158405e-05 68
1.692178e-04 3
9.310608e-05 1
1.075146e-05 1
8.776391e-06 149
6.268938e-06 1
4.868655e-05 1
9.509521e-06 3
2.084195e-05 7
3.156477e-05 1
1.426399e-05 1
2.731201e-05 1
6.165478e-06 1
2.041209e-05 993
1.047656e-05 5
8.322206e-05 1
1.459307e-04 1
3.500786e-05 6
4.146918e-05 1
2.280843e-04 1633
5.233539e-05 1
1.844725e-04 3
2.166050e-05 2
4.770415e-05 1
2.674196e-05 1
2.520881e-06 1
3.403376e-05 1
1.118719e-05 28365
4.073734e-05 1
9.326270e-05 2
2.736379e-05 3
6.629419e-05 1
1.333265e-05 1
2.243911e-05 4
9.758592e-06 60
6.828143e-06 2
8.076130e-06 1
6.799086e-05 2
2.793382e-05 2
6.397246e-06 1
3.759118e-05 1
3.750266e-05 1
1.335565e-05 1
3.170741e-06 1
6.148162e-06 6
1.461164e-05 17
3.628141e-05 1
3.526323e-06 5
6.706567e-05 1
2.089819e-06 1
2.835049e-05 1
2.059842e-05 1
6.991289e-05 3
2.274580e-06 1
4.439910e-05 1
5.407153e-07 1672
4.821162e-05 71
2.544536e-05 1
9.970395e-05 2
6.210076e-05 3
4.051652e-05 232
8.187669e-06 1
1.156430e-04 1
9.522323e-05 1
2.906514e-05 160
3.708556e-05 6
2.474068e-05 1113
7.144093e-05 64537
9.042525e-05 3
5.709506e-05 1
3.220423e-05 967
4.994246e-05 51381
3.363018e-05 2
2.594830e-05 3
6.044439e-06 1
1.851732e-05 7
5.516737e-05 1
6.953150e-05 2
9.825219e-06 1
7.256727e-05 134
4.073840e-06 3498
8.223219e-07 1
9.234382e-05 3
9.495539e-06 1
6.024946e-05 1
1.376875e-06 1
1.970363e-05 1
9.514763e-05 3
4.254992e-05 1
2.597637e-06 1
5.032280e-05 1
5.180540e-05 4
3.039177e-06 2
1.145082e-05 1
2.444655e-05 3
1.260291e-04 1219
1.419325e-05 6
2.815413e-06 3
3.075001e-05 1
1.044041e-05 2
6.804226e-05 1
2.787008e-04 1
1.258627e-04 2
2.166260e-05 1
1.582758e-05 1
6.759252e-06 306
1.140823e-04 1
7.194504e-06 5
9.981000e-05 2
1.219532e-05 6
2.388002e-05 3
3.388891e-05 2
1.037862e-05 1
4.109188e-05 1
2.660625e-05 141
4.403041e-05 1
1.057553e-04 2
1.190906e-05 1
3.633870e-05 1
9.270100e-06 4
1.227461e-04 1
9.175369e-05 6
9.556870e-05 1
3.281518e-06 1
4.581223e-06 1
1.034051e-05 1
1.809468e-05 1
1.223447e-05 1
1.030499e-05 3
7.056140e-05 478548
5.376248e-05 1
2.421307e-05 3
4.733976e-05 1
2.374372e-05 1
2.720288e-05 1
6.245229e-05 1
4.932660e-05 1175
4.863024e-06 1016
5.570243e-05 1
3.454704e-05 1
6.559621e-05 1
5.871432e-05 3
3.335284e-05 1
1.598841e-05 907
5.992962e-05 2
3.786487e-06 42597
7.104826e-05 1
7.403124e-05 1
2.756740e-05 1
6.892267e-05 256
7.687592e-07 1
6.405157e-06 309
8.788452e-05 3
3.816818e-05 3
2.421064e-04 16922
1.168083e-04 1
1.131938e-04 2
7.956523e-05 49
6.038229e-05 1
3.259640e-05 1
6.059559e-07 20486
1.051723e-04 1
6.756603e-06 1
9.323039e-06 166
4.264481e-05 2
2.126160e-05 1
3.528311e-05 7
1.829627e-04 2
7.944561e-05 3
2.816031e-05 462
6.926740e-05 1
3.276849e-05 5
1.463238e-05 1
4.182871e-05 1
7.238893e-06 1
6.189650e-05 1
2.498283e-05 1
2.444965e-05 2
1.131619e-04 1
8.595534e-05 3
1.960155e-04 1
4.997079e-05 7
8.958061e-05 50610
1.153272e-05 9769
8.303547e-06 1
1.908158e-05 1
2.694018e-06 2
1.281539e-04 3
6.842980e-05 1
4.929875e-05 1
2.888843e-05 1
2.707979e-05 54877
9.412227e-05 1
5.998104e-06 2
6.902765e-05 1
6.475929e-05 1
2.478676e-05 2
2.904911e-05 1
2.906007e-05 2
6.147729e-05 1
8.878964e-05 1
2.786190e-05 2
4.700154e-05 1
2.497947e-04 1
2.654112e-05 1
1.171557e-05 4
5.467661e-06 3
1.191610e-05 3
5.162155e-05 4
7.700987e-07 1
1.135745e-04 1767
6.257185e-05 1
2.241903e-05 3
3.789744e-05 1
2.092140e-05 5
1.034529e-04 1
1.402014e-05 2
1.571184e-06 1
5.143225e-05 532
5.795561e-05 5
4.390169e-05 1
5.879556e-06 5
5.512508e-05 1
1.890627e-04 1
8.901407e-06 3
2.097150e-05 76
6.502320e-05 3
1.825844e-05 3
4.582966e-05 134
2.461733e-06 2
8.096657e-06 3
3.094000e-05 185
1.312583e-04 1
8.446200e-06 1
1.629383e-05 611552
2.425869e-05 1
1.834227e-05 3
2.530192e-05 1
3.827553e-05 202250
9.270344e-05 2
1.795744e-05 1
7.887543e-05 131
2.740735e-07 2
6.887925e-06 1
6.369295e-06 3
9.722417e-05 91
1.991743e-05 2
2.169365e-05 5
6.924693e-06 1
1.334252e-05 1
7.970932e-06 1
1.107834e-04 165
1.621494e-06 3
5.903231e-05 1
8.484477e-06 1
1.113563e-05 3
4.647306e-05 1
5.020112e-05 1
4.366492e-05 1
1.539534e-04 2
7.794911e-06 1
3.997342e-05 2
3.778809e-05 22248
1.281456e-05 2
1.656380e-06 33914
2.220227e-05 1
5.947199e-05 3
1.065560e-04 1
5.056509e-05 1
2.563227e-05 1
1.314372e-04 195
2.540075e-05 1
1.527688e-04 1
1.124926e-06 1
7.844033e-06 1
1.257570e-05 2
1.058842e-06 2
1.153673e-05 207
9.391062e-06 228
9.554260e-05 1
1.379033e-04 2026
4.394843e-05 1
7.327311e-05 1
3.284584e-05 3
5.226168e-05 222
4.522248e-05 125
7.941736e-05 1
1.457824e-04 478
7.241866e-05 1
6.231042e-06 38491
8.288449e-05 1
9.001614e-05 724
1.476696e-05 1
1.577639e-05 6
6.464603e-05 135726
8.148271e-06 1
5.935622e-05 3
8.962233e-05 1
2.496361e-05 1
9.510957e-06 217
6.067249e-06 2
6.686740e-06 6
3.062509e-05 1
3.758005e-05 204
6.116900e-05 5
5.081839e-05 1
1.171501e-04 2
9.004317e-05 1
7.946955e-05 1
1.257286e-04 6
2.786460e-05 1
7.124695e-06 3
8.728432e-06 3
6.525173e-05 1
1.780824e-05 1
8.237159e-07 1
9.024646e-05 1
5.216600e-05 5
3.494074e-05 7
3.778441e-07 7
4.046691e-05 2
2.458747e-05 1
1.635600e-05 1
2.030006e-04 3
1.180823e-04 1654
2.865708e-04 167
6.786835e-05 1
2.292645e-06 1
4.141062e-05 4
6.426033e-05 428
3.446801e-05 1
1.019171e-04 1
3.627961e-05 6
1.129569e-05 1
8.399394e-05 1
2.060460e-05 1
6.196806e-07 5
5.412489e-06 4285
9.502182e-05 1
5.729681e-05 1
6.839853e-05 1
4.024796e-05 1
3.728784e-06 1
7.147102e-05 1
1.104311e-05 3
7.704446e-05 5
2.282241e-05 3
1.323501e-05 1
9.712154e-05 7
1.207156e-04 4
6.422433e-06 1
5.795221e-05 1
5.939297e-05 2
7.123548e-05 101404
2.777367e-05 202130
2.123505e-05 2
1.239868e-05 1
2.311204e-05 1
8.834960e-06 373790
8.991136e-05 1
9.149819e-05 2
6.874911e-05 1125
4.486945e-05 1
8.707086e-05 1
4.784593e-05 1
5.572877e-06 216
3.765089e-05 2
1.020413e-05 7
7.801353e-06 3
6.852325e-05 30
6.345805e-05 1
9.427049e-05 1
3.505733e-05 6
7.035739e-06 32469
6.423696e-06 1
1.189573e-04 6
1.840657e-05 1
2.523129e-04 78
5.557139e-05 7
9.442148e-06 1
8.540447e-05 2
1.017776e-04 1
3.477178e-06 41300
9.645237e-05 1744
1.766280e-04 3
8.255881e-05 1
1.081349e-05 3
4.159750e-05 81
8.021536e-05 1
7.182567e-05 3
3.418021e-05 3
6.471281e-05 1206
4.902003e-06 13
1.287064e-04 3
8.275319e-06 44036
1.703808e-04 1
9.903076e-05 158652
6.017664e-05 4
2.159083e-05 1
3.004683e-05 3
2.958199e-04 2
8.184171e-05 2
1.305829e-04 3
1.502436e-05 1
1.662752e-05 162
9.163942e-06 56287
1.109044e-05 1
1.079810e-04 1
2.575487e-05 194
6.788762e-05 1
1.430925e-04 1
1.958426e-06 13961
1.776411e-05 3
4.602391e-05 6
7.135109e-06 133
3.050954e-06 7
1.012513e-05 3
4.049947e-05 96548
1.139458e-04 1
3.516822e-05 3
1.479766e-05 1
6.373641e-05 1
7.593869e-06 3
2.888157e-05 2
1.303119e-05 147
2.957228e-05 1
2.066163e-05 7
8.615059e-05 94
2.570268e-05 1
2.971102e-06 1
2.336566e-05 5
7.925109e-05 1
6.508983e-07 1
5.190279e-05 3
1.490998e-04 1
5.564734e-05 1301
4.118892e-06 2
1.151003e-04 1
7.841691e-05 5
7.241653e-07 2
5.881740e-05 1
1.491195e-04 1
3.672432e-05 2
8.397687e-06 3
3.027973e-05 599
9.227239e-05 1656
2.231835e-05 3
7.386079e-05 1
1.977379e-05 2
4.789708e-06 2
3.679037e-05 176
1.864919e-05 2
4.036325e-05 5
4.099939e-05 1
1.151223e-04 4
8.965565e-05 1
3.431525e-05 3
1.437657e-05 7
7.491380e-05 1
5.047461e-05 1
3.181639e-06 1
6.820837e-05 1
6.716527e-06 1
4.505472e-05 1
2.496812e-05 2
6.138605e-05 1
8.776877e-05 293
3.558876e-05 1
6.447726e-05 1
5.203565e-07 5341
8.063656e-05 1
2.136547e-05 3
4.837901e-05 2
4.700343e-06 1
1.167116e-04 1
1.685835e-04 43748
2.452922e-05 5
1.096586e-04 895
6.307728e-05 1
7.902546e-07 1
2.568879e-05 88490
1.567554e-05 4
3.726536e-05 3
3.171609e-05 1
3.542690e-06 1
7.010715e-05 1
1.226194e-05 3
1.731973e-08 2
2.172476e-05 3
3.834799e-07 1
2.465673e-05 1
2.245904e-05 6
1.008517e-05 98
2.687385e-05 23
1.882549e-05 1
7.971659e-06 1
1.032225e-04 1
1.042720e-04 1
2.644668e-04 3
1.261636e-04 6
6.992818e-05 24533
5.366980e-05 3
9.830242e-06 7
1.191260e-05 1
4.610760e-05 223
2.262415e-05 3
1.800498e-04 1
3.547382e-05 3
5.444479e-05 1
5.289693e-07 2
1.641270e-05 4
7.673290e-05 1
2.970424e-05 4
3.082220e-05 2
3.407291e-05 46
5.752414e-05 1
5.396014e-05 2
5.461724e-05 1
3.992213e-05 4
4.582758e-06 1
6.269340e-05 87
2.021386e-05 3
6.062595e-05 1
4.933406e-05 1
3.752564e-04 1
1.021229e-05 6
8.970496e-06 3
8.211407e-05 6
1.509138e-05 2
5.683996e-05 200
2.475906e-05 3
1.036736e-06 1
1.194326e-04 3
7.723458e-05 1
1.684984e-05 2
2.819264e-05 43
5.709174e-05 1
2.213474e-05 7
2.988740e-05 2
2.966026e-06 1
1.673768e-06 3
1.936725e-05 2
6.523936e-05 1
4.362965e-05 43010
1.087811e-04 38580
1.164832e-05 2
3.440751e-05 2
1.972019e-05 1
6.141833e-06 2
8.931818e-06 101
1.560634e-05 6
4.348341e-05 1
1.791049e-06 266
5.157792e-05 2
1.561063e-04 1
4.291912e-05 1
1.856325e-05 1
5.028864e-05 1134
2.652283e-05 3
8.908384e-06 1
3.213887e-05 1496
1.691619e-05 1
9.887191e-05 1
1.396365e-06 3
2.557398e-05 2
3.698767e-05 1
1.000535e-05 2
2.122066e-06 3
3.418409e-05 1
3.972095e-06 6
1.045103e-04 1
1.491667e-05 1
2.091626e-05 1
3.679129e-05 1
2.990716e-05 1
6.984586e-05 1
4.574632e-06 1
2.632020e-07 22862
4.072234e-05 1
2.113778e-04 1870
4.057230e-05 1
3.614257e-05 1
1.821018e-04 5
1.190358e-05 1
3.280226e-05 1
5.117795e-05 1
4.545852e-06 2
2.497187e-05 1
4.021746e-05 1
4.663003e-05 1
3.274773e-06 1
3.507153e-05 2
1.350291e-05 142
1.537235e-04 3
1.151569e-04 1
1.692839e-05 2
1.444050e-05 2
2.617513e-05 66
1.606999e-04 51
1.145820e-04 3
1.510133e-04 1
6.433118e-05 1
6.784289e-05 1
9.155401e-07 62449
2.774772e-05 1
8.207357e-05 307
4.366210e-05 3
1.513685e-04 1
1.610257e-05 1
4.294361e-05 1
4.891652e-05 2
1.369457e-05 1
8.913402e-06 1
1.524005e-05 203
6.805022e-05 3
4.105011e-05 1
5.249417e-05 2
6.077119e-05 3
3.272821e-05 1
4.380344e-06 132
1.443508e-05 3
3.841241e-05 1
6.062889e-05 1
2.288383e-04 1
2.226117e-05 1
1.093317e-04 2
1.476895e-05 2
1.156093e-04 1
5.309394e-05 1
9.946208e-07 1
7.088807e-06 1
4.324070e-05 6
1.728717e-05 3
1.016824e-05 3
2.236633e-04 46578
2.972574e-06 1349
9.111889e-05 3
6.936463e-06 1
1.380315e-04 222
6.802999e-05 1
4.191818e-05 1
3.688185e-05 1
3.168079e-06 2
3.058434e-06 65
2.786575e-05 7
9.939844e-06 1
3.934301e-05 1
4.558415e-05 1
7.349973e-05 2
2.051355e-05 4
4.946096e-05 5
4.168879e-05 1
4.618874e-06 1
6.620844e-05 1
2.938614e-05 141
4.066185e-05 5
4.112614e-07 1872
5.124986e-06 4
7.563185e-05 2
4.778782e-05 2
3.567072e-05 1
1.850785e-07 34
9.717668e-06 1
7.140102e-05 1
1.230246e-05 6
1.334935e-04 3
1.371847e-05 4
8.681620e-05 537200
4.618321e-05 4
6.210852e-05 1
9.199669e-06 2
1.553739e-05 1
1.592558e-05 1
3.564039e-05 1
1.810203e-05 1
7.994118e-05 3
1.692169e-05 1
2.836108e-06 2
6.294491e-06 13734
6.194220e-05 1
9.781081e-05 3
6.782213e-05 6
1.207688e-05 1
5.764198e-05 1
1.384751e-05 1
1.063399e-04 213
1.580869e-07 3
4.714158e-05 4
2.900444e-05 3
2.390996e-07 1662
3.597913e-05 985
3.619608e-05 1
2.199452e-05 1
4.256888e-05 1
2.635440e-05 2040
2.070091e-05 1
9.844709e-05 2
9.451288e-05 1
5.373580e-05 1
2.385865e-05 1
3.866309e-05 3
7.384742e-05 1
7.594056e-05 1
6.471300e-05 1
3.908675e-06 2
3.005437e-05 1
8.015326e-05 1
5.403911e-05 1
5.025752e-05 2
1.048081e-05 3
1.455570e-05 613
1.543186e-05 87
1.494547e-05 1601
7.083414e-06 4
3.415117e-05 3
1.053749e-04 1
7.784031e-05 220
2.205514e-05 7
2.266004e-05 1
2.015243e-07 1
3.198570e-05 2
1.259381e-05 1
8.343367e-05 3
5.380100e-05 1
1.199180e-04 1
4.770021e-05 1
1.290211e-04 1
6.351848e-07 1526
9.588189e-06 53416
1.318189e-04 260
8.599010e-05 1
5.676553e-05 1
1.255101e-04 1
4.136400e-05 4
1.682969e-05 1
9.638999e-06 172
3.288522e-05 212
5.516586e-05 1
1.050659e-04 1
1.263819e-04 28
7.664468e-06 6
1.518722e-05 1
1.072607e-06 174
1.616550e-04 1
2.597792e-05 1
4.225798e-06 3
6.553864e-05 1
1.499792e-05 19226
8.203515e-05 1
1.850893e-04 52
6.113080e-05 1
1.036359e-05 1
8.115208e-05 1
4.405816e-05 3
1.340228e-04 1
1.241638e-05 1
1.559479e-05 5
7.564797e-05 1
8.674332e-05 2
1.586302e-05 5
3.588292e-06 1
1.228686e-05 1
2.070402e-05 1
1.001337e-04 1
1.101472e-04 1
5.374959e-06 1
1.281758e-04 1
5.234916e-05 58977
5.805965e-06 3
8.929246e-06 1
1.595614e-04 1
3.597574e-06 2
1.586979e-04 4
2.569827e-05 1
2.096510e-05 111
2.233950e-05 1
4.160869e-05 3
5.961512e-05 1882
3.378042e-05 1
2.530147e-05 1
7.768316e-05 1
6.328576e-05 8417
2.371835e-05 1
1.855647e-05 2
1.436644e-04 2062
1.077484e-06 3
1.367773e-05 1
8.726530e-06 1519
2.365729e-05 1
9.931597e-06 3
5.608213e-06 1
7.047012e-05 1
2.386322e-05 2
4.070057e-05 4
1.482851e-05 1
1.972798e-06 2
4.363217e-05 1
5.956307e-06 78
4.882897e-05 5
4.237033e-05 3
2.781398e-05 1
1.729453e-05 1
2.020601e-06 373
5.000285e-05 3
6.834352e-05 1
7.112465e-05 7
3.336932e-05 1019
4.765192e-05 43832
1.194081e-05 1
4.733568e-05 1
8.768433e-05 169
2.056091e-05 6
2.878794e-05 3
1.248598e-05 3
4.358946e-05 1
4.611504e-06 2
8.036300e-05 2
2.828631e-05 4
4.511048e-05 3
3.588773e-05 1
1.760679e-05 5
4.896101e-05 1
1.373311e-04 1
5.128857e-05 1084
7.284015e-05 3
1.319985e-04 1585
6.331133e-05 36
6.489312e-05 1
1.001672e-04 1
9.609556e-06 1
6.729001e-05 1
4.171201e-05 1
4.023852e-06 1
1.705295e-05 1
7.837759e-06 295
5.756130e-05 1
4.796204e-06 3
2.275068e-06 1
5.680235e-06 240
2.398813e-06 6053
3.272477e-05 119
7.913249e-06 2
9.480952e-06 1
1.356372e-05 2
5.576794e-05 1
1.047528e-05 1201
1.597614e-05 7
4.583817e-05 1
5.229405e-06 6
2.835891e-04 1
1.250979e-04 3
9.449236e-06 1
1.497940e-04 1
2.044812e-05 1
3.424376e-05 7
8.643341e-05 1
2.128209e-05 2
7.157824e-05 5
1.565311e-04 2
9.644032e-05 1
1.332678e-05 1
6.538105e-05 468
1.936821e-06 2
2.387386e-05 13
1.105533e-05 479
3.231289e-05 6
5.957022e-05 1
5.519758e-05 1994
2.398905e-06 4
3.478163e-05 6
4.591426e-05 5
7.118453e-05 2
1.143066e-05 2
5.362942e-05 3
5.470980e-06 6
5.107216e-05 1
6.424392e-05 1
4.541261e-05 1
1.829036e-05 1
6.683796e-05 1
1.042865e-04 1
1.023147e-04 1
1.407225e-04 1
2.261438e-04 1
1.537570e-07 1
5.300261e-05 1
2.786393e-05 7
1.021344e-05 1
1.466514e-04 1
5.247147e-05 147
3.079147e-06 198
1.370685e-04 1
8.221260e-07 3
4.366812e-05 3
5.052222e-05 6
1.392271e-04 2
4.923803e-05 1
2.225677e-05 189
2.897685e-06 1
1.646999e-05 5
9.602980e-06 3
2.311708e-05 46235
4.964453e-06 1
7.706248e-05 1
5.540881e-05 1
2.873058e-05 2
8.441126e-05 1
2.824561e-05 7
1.641690e-05 3
2.827958e-05 1
5.370759e-05 1
4.691305e-05 2
5.487184e-05 1
4.426431e-05 6
8.170576e-05 1
1.172868e-04 3
7.328278e-06 2
5.066436e-06 1
1.033615e-06 1
4.698038e-05 60582
1.581904e-06 1
2.954205e-05 1
4.987872e-05 1
5.936142e-05 1
3.818053e-05 1
4.433969e-05 1
1.027532e-05 1
4.171363e-05 4
1.144652e-05 181
5.322820e-06 1
2.009082e-04 1
2.350156e-05 6
2.351631e-06 1
4.612308e-05 1
3.428764e-05 1
2.587213e-05 1
4.070622e-05 2
4.666458e-05 1233
5.165095e-05 1
1.658275e-07 2
4.428332e-05 1
6.668303e-05 1
2.354020e-05 3
1.700962e-04 1
2.430574e-05 1
6.557253e-06 1
9.086009e-06 1532
6.552544e-05 1
9.694695e-05 1
1.276633e-05 6
2.894925e-05 1
3.797704e-05 1
3.858140e-05 1
2.560988e-05 2
6.584969e-05 2
1.892970e-05 1
1.258190e-05 1
2.515593e-05 732
7.485575e-05 1
1.062879e-05 1
3.304119e-05 68
7.228916e-06 1
2.637483e-05 1
4.810213e-05 2
5.463276e-05 3
2.381675e-05 1495
7.395234e-05 4
2.563729e-05 6
1.379245e-05 2
7.646515e-05 14668
6.284956e-05 995
4.845981e-05 24003
2.509551e-05 1
4.053498e-06 1
1.684854e-05 1
3.464756e-05 117
3.888851e-05 1
4.426635e-05 1
2.787927e-05 1
1.020187e-05 3
1.024355e-05 7
8.353373e-06 1
2.212229e-05 199
2.223147e-05 1
5.247225e-05 4
2.776968e-05 4
4.955035e-05 1
9.541121e-07 1
5.073155e-06 1
9.328980e-06 1
1.217863e-05 1
3.889574e-05 72
2.567501e-05 1
5.431027e-05 1946
1.352803e-06 1
2.559104e-05 1
2.302344e-05 1
8.142687e-05 961
5.224071e-05 1
1.070517e-04 6
4.352438e-06 1
1.741026e-05 2
1.783090e-05 332
4.607822e-05 1
1.809241e-05 84
2.405013e-06 1232
2.032658e-05 1
5.179785e-05 3
1.830830e-05 1
6.500620e-05 1
2.686671e-05 259
1.006261e-04 1
1.668807e-05 5
7.622929e-05 2
2.801887e-04 1
5.027418e-05 3
6.552460e-06 256
6.616375e-05 1
3.180746e-05 1280
4.007452e-05 1
1.588027e-05 3
8.773773e-05 1256
6.957287e-05 1
8.178244e-05 2
1.553135e-05 1
1.815456e-05 2
4.092715e-05 3
2.004448e-05 354322
9.411713e-05 48934
5.390034e-05 1
1.343886e-04 3
6.844852e-05 2
1.884088e-04 1895
2.255943e-05 1
1.766373e-06 3
7.098339e-05 7
4.458132e-06 260
1.029203e-04 545
5.061618e-05 7
3.127523e-05 1
1.660905e-04 1
2.179224e-05 1
8.162551e-05 383337
7.012554e-05 21506
1.371621e-05 1
1.874142e-04 1
9.672995e-06 1
4.021228e-05 1
8.450503e-05 1
2.575177e-05 1
4.514572e-05 1
8.159772e-05 77
9.882898e-06 3
2.117785e-05 1
1.779855e-04 1
9.634620e-06 4
6.106788e-06 7
1.224679e-04 3
2.820746e-05 1
2.325491e-06 3
1.267136e-04 1625
3.982942e-05 197
8.292116e-05 2
3.836282e-06 1
2.636005e-05 1
6.795299e-05 1
5.930965e-05 1
6.640353e-06 446154
3.031798e-05 1
1.518904e-04 7
2.369339e-05 1
1.045261e-05 26469
3.063915e-05 5
1.824469e-05 1
5.830474e-05 2
3.898261e-05 3
1.874093e-05 1
4.204666e-05 3
1.068176e-04 2
4.577224e-05 1
2.761117e-05 3
2.160764e-06 1
1.254905e-05 1
7.228003e-05 242
2.171110e-05 1
2.948404e-05 1256
9.171661e-06 2
1.894896e-07 4
1.660800e-06 1
2.661123e-05 1
4.613536e-05 1
9.659691e-05 1
4.166340e-05 1
3.883039e-05 2
1.699566e-04 1
5.456835e-05 1
4.538106e-05 254
5.000206e-05 1
6.649923e-06 1
1.083675e-04 5
1.456564e-05 4
2.687039e-05 1
3.789489e-05 39953
1.253688e-04 103
2.893885e-06 3
3.872919e-05 3
4.097829e-05 2
8.237078e-07 1
1.862175e-05 1
1.039580e-04 285306
1.002471e-04 1
1.163007e-06 1671
1.159949e-04 6
1.160579e-04 80
1.052394e-05 1
9.599166e-05 41
4.857127e-05 3
3.079776e-06 1
1.603827e-05 1
1.483070e-04 1
2.939145e-05 1
3.650365e-05 1
1.740973e-05 2
3.625527e-05 1
6.977888e-05 1
1.595120e-05 2
1.796003e-05 22987
1.748766e-05 2
7.119226e-05 1
4.370592e-05 1
2.213236e-05 1
5.513842e-05 1
3.219132e-05 57337
2.817024e-05 2
8.571950e-05 49281
4.011060e-05 1
4.246168e-05 1
1.764468e-04 1
1.229556e-06 2
3.081606e-04 3
1.882559e-06 1
8.648035e-05 1
1.140229e-04 3
2.018168e-05 1
6.595990e-05 1
1.503690e-04 92
6.437501e-05 208
6.414406e-05 1
2.175581e-05 1
1.083336e-04 258
9.726773e-05 2
7.147732e-05 2
4.075454e-05 2
5.664087e-05 2
4.742447e-05 2
6.045312e-05 2
1.342327e-06 1
1.309668e-05 1
4.203806e-05 1
1.444468e-06 1
9.020131e-05 7
2.351669e-05 1
3.227782e-05 2
8.035583e-05 1
1.128113e-04 1
2.935424e-06 3
9.713086e-05 1
2.475437e-05 1
7.654689e-06 3
6.194279e-05 1
2.604539e-06 1
3.043306e-06 1
1.254753e-05 2
5.485366e-06 1
4.943228e-05 1
6.301763e-05 5
1.059388e-04 3
7.613909e-05 2
6.303624e-06 1
1.031104e-05 1
4.660271e-05 6
6.773684e-05 5
2.533330e-05 1
5.687232e-05 1
5.372213e-05 1
8.972629e-07 1
2.869774e-05 1
7.879175e-05 1
5.372004e-05 4
2.613222e-05 238
5.486722e-06 1
3.007942e-05 1
3.285969e-05 1
2.129989e-05 6
1.928439e-04 1
1.345461e-04 1
1.243982e-05 1
7.908447e-08 56418
5.399697e-05 1
2.049345e-05 1
3.062263e-05 1
1.476405e-05 140
3.765813e-05 1
1.803098e-05 3
2.774269e-05 1
3.216921e-07 60790
2.773255e-06 1
1.309956e-04 3
1.417606e-04 3
2.489037e-05 1
1.276606e-04 6
3.674587e-07 3
2.751866e-05 1
4.999645e-05 1
3.830148e-05 168
7.831334e-05 1
5.828582e-05 3
6.109645e-05 767
7.924769e-06 1
3.769289e-05 1
5.691887e-05 1
3.101895e-05 1
1.188794e-05 2
5.431073e-05 1468
9.596619e-05 1
4.184850e-05 5
1.682905e-04 5
9.465415e-05 6
3.625502e-07 1
1.255242e-04 1
4.032217e-05 1
1.765891e-05 1
2.009904e-05 2
1.573305e-05 2
5.953218e-05 7
1.012031e-05 61
7.548924e-05 1
2.712360e-05 1
2.300760e-05 1
1.888119e-06 1050
8.586983e-06 2
5.455036e-05 2
8.862175e-06 1
8.464452e-05 1
9.780726e-05 523
3.624323e-05 1
1.746912e-04 2
1.809822e-04 3
7.295414e-06 3
1.419114e-04 99
2.478047e-05 19761
2.806424e-05 1
4.003934e-05 1
1.207385e-05 5
7.380350e-05 1794
3.710913e-05 7
2.361329e-05 4
1.247079e-05 1624
1.411289e-05 1
1.789670e-05 4
7.956106e-05 5
2.359626e-05 6
3.233269e-05 1
1.436490e-05 1
3.540479e-05 179
3.836171e-06 1
1.297717e-06 2
9.017303e-06 5
9.348705e-06 29
9.660013e-05 6
7.814865e-07 1
5.745974e-05 3
2.822603e-05 5
5.273016e-05 1
6.873455e-06 90
1.422699e-04 5
3.442383e-05 6
3.510957e-05 1
4.273178e-05 6
9.803372e-05 1
6.501825e-06 1
2.354739e-06 1785
2.128684e-05 2028
6.781359e-05 987
6.772037e-05 2
1.711061e-05 1
6.632813e-06 3
3.000384e-05 8762
4.513049e-05 4
1.065129e-04 1
1.664710e-05 1
2.762385e-05 3
2.565886e-05 47485
1.324642e-04 1064
6.603894e-05 1
9.537637e-06 3
2.229995e-04 2
4.271300e-06 1
8.569354e-05 28607
9.442524e-05 6
2.063073e-05 1
1.098668e-05 1
6.852759e-07 1
5.455715e-06 7
3.580034e-05 1
9.976501e-06 1
9.348270e-05 1
1.030415e-04 151
6.390426e-06 1
5.211799e-05 5
4.761014e-05 65830
1.984255e-05 1
1.059980e-05 4
9.815229e-06 1
2.168940e-06 1
5.605843e-05 1
2.763339e-05 916
9.369631e-06 2
6.160903e-06 3
2.066194e-05 2
5.663895e-05 1
2.506124e-06 1
2.283056e-05 1
3.740951e-06 1
1.063838e-04 2
1.326917e-04 1043
9.614080e-05 1
1.524336e-05 1
8.808759e-06 934
2.928394e-05 1
7.946379e-05 220
4.091044e-05 5
1.002788e-04 17079
9.289700e-05 1
2.934399e-05 3
7.375538e-05 7
8.638417e-06 2
1.615848e-05 2
7.643793e-05 15034
3.224601e-05 1
1.543765e-05 1
3.170840e-05 7
1.808523e-06 1
2.088811e-05 1
1.007219e-05 1
1.637367e-04 2
7.146523e-05 2
4.573531e-06 1
9.453497e-07 1
2.811120e-05 3
6.816975e-05 10133
1.191045e-04 3
1.431405e-04 3
8.548101e-05 1
2.417863e-05 1
5.115823e-05 7
3.241595e-05 6
9.786429e-05 1
1.713500e-05 1
1.588554e-05 84
9.668196e-05 3
1.144307e-05 147
8.456295e-05 1
7.941584e-06 1
1.036406e-05 1
4.628967e-05 1
4.477257e-05 1
2.368047e-05 7
6.880036e-05 1
3.828309e-06 3
8.557296e-05 1
2.139901e-05 1
1.464858e-05 1
7.193113e-05 216
4.684834e-06 2
6.105569e-05 306
8.240509e-05 6
1.552990e-05 11
1.388893e-05 1
1.280964e-04 1
6.923525e-05 4
6.723367e-05 1
8.550289e-06 1
6.584380e-06 51
4.356497e-05 1
1.746340e-04 42
1.200072e-04 3
2.371113e-04 7
3.607847e-05 3
3.286004e-05 3
5.380105e-07 2
1.511678e-05 5
5.468140e-05 1
1.900801e-05 1
1.874372e-05 3
1.492146e-04 1
2.544382e-05 3
9.778737e-06 1
1.555893e-04 1
7.490291e-06 167
1.763700e-05 3
7.884644e-05 1
5.374977e-06 202
3.583094e-06 1
4.613979e-05 256
4.858775e-05 2
3.943367e-06 1
3.986591e-06 1
8.095184e-06 110
3.009818e-05 7
2.655205e-05 1
2.013627e-04 1
2.896233e-06 1
3.036453e-05 58658
2.156024e-05 1
7.059215e-05 1
2.503426e-06 1
1.149745e-05 6
1.911491e-05 1
1.411989e-04 1
5.477117e-05 6146
9.545766e-06 3
1.316550e-04 3
1.190260e-05 1
9.074944e-06 1
7.265576e-06 1
3.459298e-06 1
2.685455e-05 1
5.615622e-05 256
3.178744e-05 6
1.817065e-05 1
1.810836e-05 2
2.231878e-05 1
3.969939e-06 4
5.977849e-05 1
1.356793e-05 1
1.824539e-06 2
6.180774e-05 2
1.950039e-05 2
6.286617e-06 1
1.936643e-04 1
7.202384e-06 228
3.414168e-06 7
1.933698e-05 1
1.019950e-04 1
9.098556e-05 1
1.656690e-05 1
9.355909e-06 1
8.778968e-05 134
1.648521e-04 1
1.219101e-05 7
1.479804e-05 1
2.582061e-05 3
1.799121e-04 25071
1.735748e-04 1423
4.064950e-05 1
2.153737e-05 7
2.867091e-05 1
1.838540e-05 1176
7.785958e-06 1
4.529842e-05 1
2.156204e-05 2
1.033486e-04 1
4.940709e-06 1
3.885128e-06 1
7.995038e-05 5
5.718611e-05 3
5.916912e-05 1
1.256875e-05 1
7.558296e-05 2
2.482970e-07 1
1.071455e-05 1
1.918492e-05 1
7.280736e-05 3
1.199836e-04 1
5.570925e-05 3
1.315614e-05 2
9.591123e-06 3
3.793089e-05 7
9.175665e-05 36
6.244369e-05 1
2.322395e-05 1
9.708986e-05 1
6.421189e-06 100
1.260307e-05 1
8.772661e-06 981
2.827256e-04 3
3.780249e-05 6
7.699330e-06 2
5.972977e-05 1
3.435133e-05 1
4.235602e-05 1
5.017097e-06 7607
6.004225e-05 1218
8.443305e-05 1
5.429292e-05 83
9.612586e-05 241
8.822544e-05 1
3.073914e-05 1658
1.760686e-05 1
5.861407e-05 1
1.083053e-05 3
2.958436e-05 7
2.023122e-05 1
3.242757e-05 1
5.016260e-05 1
1.835603e-05 1
1.049993e-05 7
1.283835e-05 3
1.337590e-04 1
6.956880e-05 3
2.819950e-05 1
7.242657e-05 1
7.630624e-05 6
1.221251e-05 1
2.575836e-05 5
1.895421e-05 6
1.944873e-05 1
2.441628e-05 112
4.413707e-05 205
6.807596e-05 4
3.886920e-05 107
6.740389e-05 660
1.355718e-06 1
4.364877e-05 1
2.753497e-05 1
7.733635e-05 1
4.222525e-05 1
5.768834e-06 2
8.794893e-06 1
3.584802e-05 1558
3.955471e-06 2
3.645202e-05 1122
6.508338e-05 1
2.350050e-06 3
5.901952e-05 62
2.143166e-05 1
8.679588e-06 1
4.496303e-05 1
9.725031e-06 45765
3.238644e-05 7
4.708493e-05 1
3.244001e-05 1
6.917612e-05 57141
3.197249e-05 1
2.216979e-05 1
7.042568e-05 1
1.194094e-04 556412
3.211940e-05 1
1.401114e-05 1
3.886973e-05 1
1.603181e-05 2
8.620437e-05 2
1.013314e-04 1
1.848706e-05 1
1.658065e-05 2
4.265929e-05 1
7.814091e-05 4
2.483620e-05 85
5.612353e-05 660167
4.282360e-05 1
3.842138e-05 1
6.926990e-05 1
4.275942e-05 1
2.928524e-05 7
1.111286e-07 1
2.742147e-05 1
6.954428e-06 1
6.244357e-05 65391
6.856457e-05 714
7.202776e-05 1900
2.533771e-05 2
1.649487e-04 1
5.270241e-05 71
6.630369e-06 1
9.707951e-05 3
3.033933e-05 1
1.779664e-05 3
7.463043e-05 621135
2.055526e-05 3
6.026207e-05 227
5.563488e-05 1
1.210202e-04 2
4.574309e-06 2
4.809868e-05 76
4.191611e-05 1
6.530402e-06 3
1.027950e-04 60315
4.498602e-05 184456
6.597609e-05 2
3.004931e-06 2
1.414805e-04 3
3.628751e-05 2
3.697221e-05 1
1.781837e-04 6668
2.927717e-04 132
1.021130e-04 1
2.211857e-05 1
1.601817e-05 3
1.016453e-05 4
1.397404e-04 3
7.923401e-06 25
2.660759e-05 1
3.150319e-05 2000
1.685340e-06 2
5.816970e-06 2
8.539423e-05 1
5.651012e-05 6
1.440587e-04 55
1.387552e-05 1
9.835378e-06 2
8.264711e-05 1
5.227442e-05 2
8.443626e-06 1
1.556747e-05 1
3.709326e-06 753
1.070450e-04 5
9.278118e-05 1
2.480035e-05 1
1.241469e-05 1
1.517967e-04 221
2.729292e-05 1
6.383437e-05 3
6.461932e-05 1
2.497353e-05 1
2.063851e-05 1
4.404005e-07 1
3.528274e-05 1
2.894601e-05 1
4.418538e-05 1
1.885332e-05 1
8.901349e-05 1
5.740325e-06 1
6.103788e-06 2
4.598058e-05 7
3.621244e-04 1
2.906188e-05 1
1.122768e-04 15
6.497513e-06 2
3.156352e-06 224
1.364074e-04 1
5.465837e-05 6
4.152363e-05 7
1.055677e-04 7
1.118186e-05 28654
2.711358e-06 1
1.264839e-05 1
6.128225e-05 1
2.888420e-05 2
3.923743e-05 1
1.462188e-05 1
3.638388e-06 1
3.767606e-06 1
2.992428e-04 7
5.157381e-05 2
1.501256e-05 1
1.668125e-05 1
2.314743e-05 1
8.735501e-05 1
8.562966e-05 1
9.576183e-05 1882
1.152832e-04 1
8.268940e-06 128
7.154265e-05 1
9.208985e-05 4
1.112709e-05 4
1.003577e-05 1
1.661634e-05 129
1.983035e-05 1
3.557424e-05 1
1.383164e-04 1
1.462223e-04 1
1.533399e-04 1
1.988630e-05 3
4.338288e-05 3
3.215994e-05 3
2.081540e-05 3
3.394855e-05 1
1.921967e-05 202
3.288831e-05 1
9.621825e-06 1
3.244227e-05 48698
2.107127e-05 1
2.544781e-05 1
4.418946e-05 3
1.392977e-04 1
1.565624e-05 170
7.999529e-05 2
1.207580e-04 106
1.142688e-04 1
6.996128e-05 1
3.565259e-05 1
1.516608e-05 2
2.063355e-05 1
7.068191e-05 1
4.833019e-05 1
2.957595e-04 1688
5.338300e-05 81
3.390006e-05 1
9.276236e-05 1
2.771026e-05 1
1.879536e-05 1
8.398411e-06 1
3.421759e-06 3
1.205659e-04 2
4.316317e-05 1
7.530419e-06 1
1.728560e-05 3
7.086572e-06 1775
3.898165e-05 312
4.262264e-05 7
2.570144e-07 678
2.672608e-06 1
3.378670e-06 3
6.317084e-05 3
2.423466e-05 1
6.346866e-05 1
1.774770e-05 143
1.231006e-05 208
6.893804e-05 3
1.602769e-05 1
2.192204e-05 3
2.172415e-05 2
7.678104e-05 3
1.508106e-04 90
8.315128e-06 225
2.978123e-05 3
6.078707e-05 1
1.092585e-04 2
2.886744e-05 1
1.558662e-05 1
5.100550e-05 1
2.233245e-05 1
8.573892e-05 1
5.777624e-05 1
4.588762e-05 1
1.061441e-04 1
4.580425e-05 1
4.407500e-05 3
8.075865e-07 1
2.252073e-05 1
7.687114e-06 5
