4.271729e-05 1
2.566391e-06 1
2.766752e-05 1
2.823581e-06 1
3.560965e-07 1
7.307605e-06 1
2.713142e-05 223
1.647076e-06 1015
3.205199e-05 251
1.923914e-05 5
2.618575e-06 1
1.078708e-05 14138
5.229736e-06 1
1.425759e-05 2
1.465059e-05 1373
3.159525e-06 1
1.885805e-05 2
5.551580e-06 58
9.065095e-06 5
1.624367e-05 1
2.285820e-05 1
1.857412e-06 1
1.589762e-06 1
8.844462e-06 2
7.756848e-07 1
1.348855e-06 1
1.376174e-05 1111
1.132272e-05 257
4.737481e-06 1
3.820373e-06 1
6.477732e-06 525
7.301219e-06 1
2.171081e-05 3
4.302889e-06 3
4.493217e-06 1
1.743118e-05 1
1.045903e-05 4
2.437429e-05 121
9.937925e-06 3
1.283299e-05 7
1.732526e-06 7
5.325289e-06 1
5.462946e-06 1
8.166984e-06 1560
2.146819e-06 3
2.363278e-06 1
1.954634e-06 1
8.599902e-06 97
8.473719e-06 1
2.778149e-06 1
2.640384e-06 258
5.856140e-07 1
8.041509e-06 1
2.138542e-05 1
3.794782e-06 242
2.933391e-06 1
2.458052e-05 1
1.860992e-05 1
1.265427e-05 1
9.483019e-06 1
1.168626e-06 170
8.154230e-06 1
9.948652e-07 3
7.862339e-06 1
3.175012e-06 1
2.196292e-05 1
3.940382e-05 45748
1.730013e-06 1
1.761035e-06 3
5.713116e-06 1
3.979254e-05 2
5.924800e-06 1
9.751743e-06 1
2.733823e-06 1
4.021574e-06 3
7.652663e-06 1
3.306154e-05 1
1.234030e-05 60
2.377972e-05 3
4.862315e-06 2
3.282504e-06 4
1.023021e-05 1
3.232676e-08 1
2.611815e-06 7
1.224231e-05 892
2.795033e-05 2
6.999024e-06 2037
1.441647e-05 1
3.466200e-05 2
3.089773e-06 1
5.041656e-05 1
1.001883e-05 6
6.352649e-06 81
6.606762e-06 1
1.772546e-05 2
7.526235e-06 1
2.438511e-05 222
8.474345e-06 3
1.583135e-05 2
3.002127e-06 1
1.807407e-06 90
3.209278e-06 3
3.519826e-05 1
1.979398e-05 1
9.084057e-06 232
2.190745e-05 2
1.122458e-05 1
2.587600e-06 41
2.719998e-05 3
3.406838e-06 1
1.644417e-07 6
1.707094e-05 1
1.585045e-06 1
4.748120e-06 253
8.019830e-06 3
2.026160e-05 1
1.596404e-05 3
8.336434e-06 6
2.285335e-05 143
6.654687e-06 4
1.143236e-05 1
5.115592e-06 2
1.303319e-05 1
3.414472e-05 1
4.464186e-07 1
7.856887e-06 1
1.847663e-05 1
2.325260e-05 1
4.087888e-07 181
5.878388e-06 1
2.767841e-05 1
3.715999e-05 1
7.096642e-06 2
1.136767e-05 1
8.920125e-06 4
8.668158e-07 1
7.639232e-06 51789
2.022425e-05 1
2.288926e-05 1
3.390748e-05 1
1.153628e-05 1
5.372989e-06 1
4.472931e-05 3
1.149882e-05 25
1.018619e-05 1
1.039699e-05 979
3.445837e-06 2
3.527545e-06 2
4.364510e-06 1
3.103725e-06 2
6.011189e-06 3
1.757800e-05 573
2.484982e-05 1
2.163799e-06 3
1.385911e-06 1
2.103831e-06 7
1.918382e-05 3
1.665034e-05 1
9.421493e-07 1
3.735646e-06 4
1.856935e-06 1
6.424595e-05 1
5.795575e-06 2
8.994492e-06 6
1.113055e-05 2
2.177739e-05 1407
2.655898e-05 2
8.839709e-06 1
2.594220e-06 5
6.100653e-06 470
2.369127e-06 1
1.852038e-06 2
1.872902e-05 1
4.821062e-07 116
1.908330e-05 1
2.202791e-05 1
4.970567e-06 2010
8.006522e-06 7
1.565932e-05 1
9.419120e-06 1689
1.367402e-05 7
7.127287e-06 1
2.313830e-05 125
1.059513e-06 451830
1.633054e-05 1
1.937516e-06 1
3.030041e-08 176
4.540683e-06 7
2.564759e-05 21
4.683495e-06 2
3.413091e-05 1
4.719346e-05 1
1.522478e-05 2
2.584771e-05 1
1.799096e-06 3
1.498609e-05 1
7.011156e-06 1
3.391079e-06 1
1.602243e-05 1
3.037245e-06 1
7.306022e-06 1
1.765057e-05 5
1.597432e-05 1
7.349880e-06 2
3.970280e-06 1
5.755045e-06 1
2.448339e-05 2
1.369733e-05 1
2.440354e-05 7
2.062239e-05 1
1.883235e-05 1
3.021324e-06 1
3.177315e-05 1
4.642210e-05 1
1.359056e-05 1
1.323021e-06 1
8.738039e-06 1
2.361383e-05 198
1.472543e-05 1
1.206396e-05 1
4.622745e-05 1
3.580213e-06 1
1.780241e-06 1
7.486642e-06 395
1.641376e-05 1
5.283897e-06 3
3.728953e-05 4642
1.561799e-05 1
3.174226e-06 1
7.751336e-06 4
9.053828e-06 2
1.325593e-06 1
2.823869e-06 1
2.256896e-06 193
6.296109e-07 1
1.820480e-06 1
2.906252e-06 4
1.761409e-07 1
7.675252e-06 2
3.556003e-05 2
1.176222e-06 5977
3.996629e-06 110
2.363304e-05 1
4.430288e-06 1
5.011186e-05 21816
2.877435e-05 156
1.442627e-06 1182
1.004970e-05 1
4.370298e-05 1
3.688725e-06 10414
2.169881e-05 1
1.524749e-05 3
8.040623e-06 1
7.824011e-06 1
1.283380e-05 1
1.246563e-05 1
1.946824e-05 3
8.262474e-06 2
9.235698e-06 1
9.256351e-06 96
4.497469e-06 1
1.691496e-05 1
1.180221e-05 1
1.581745e-05 1302
1.782445e-05 7
1.591373e-05 1625
1.227831e-05 1
4.597138e-06 1
3.472960e-05 1
9.257156e-07 1
1.477374e-05 1
1.191302e-05 228
4.522850e-06 185
2.565148e-05 5
4.067096e-06 1
1.657949e-05 223
5.002721e-06 3
6.126234e-06 1
7.320863e-06 3
1.170098e-05 1
7.869058e-07 5
3.572724e-06 1
3.632412e-06 226
2.394330e-05 7
1.942320e-06 1
4.804645e-06 6840
6.875337e-06 1
7.010898e-06 1
5.396871e-06 7
1.321024e-05 1
1.358984e-06 4
2.668942e-05 6
4.971623e-06 1
1.410509e-05 1
2.519785e-06 2
3.625166e-05 1
1.128665e-05 1
7.594913e-06 3
1.020870e-05 1
5.078878e-06 2
4.551815e-06 1
7.578391e-07 237
1.393759e-06 1
1.123152e-05 29478
7.490814e-07 1
1.134528e-05 1
2.050798e-05 1
6.766176e-06 1
1.227239e-05 7
3.463876e-06 3
9.082361e-06 1
6.389679e-06 1
1.461592e-06 4
3.920279e-07 1
4.009993e-06 4
5.173155e-06 1
2.317909e-06 1
1.716361e-06 1118
2.017837e-06 1
2.425190e-05 1
2.064877e-05 3
3.422895e-06 64269
3.194239e-06 169
1.061141e-05 1
1.064930e-06 3
1.249124e-05 1
3.829521e-06 1
3.933582e-05 7
1.450758e-07 126
3.619539e-06 2
8.371932e-06 1
1.394297e-05 7
1.665501e-05 7
3.612586e-05 2
6.183714e-06 1
2.083802e-06 1
4.394202e-06 1
8.350517e-06 2
4.477192e-06 1
8.680215e-06 476
2.595786e-06 3
5.563711e-06 190
2.443546e-06 1
2.190140e-05 3
2.746909e-06 60135
1.018523e-05 1
3.712391e-06 1
1.548206e-05 1
2.055284e-05 124877
1.816608e-05 131
3.666663e-06 1
3.242908e-06 2
1.220047e-05 1
5.358128e-05 2
7.262780e-06 1
2.834159e-06 6
2.567524e-05 583
4.837017e-06 42889
1.268938e-05 7
1.562744e-05 1
1.576605e-05 9
1.354822e-05 7
7.306084e-06 2
1.780530e-05 1
7.283616e-06 3
1.414600e-05 1
1.161606e-05 1
4.152564e-07 4
1.964007e-06 3
1.246166e-05 1
6.254794e-06 7
5.809980e-05 1
7.476134e-06 1
2.547913e-07 1
6.812329e-06 7
6.370722e-06 6
3.460112e-06 1
3.000307e-05 1
3.559544e-06 5
2.335771e-06 1
2.359747e-06 7
1.231423e-06 1
2.818725e-06 1
5.745154e-06 1
2.584013e-05 1
4.915823e-05 2
1.354515e-05 53
5.660782e-06 3
1.581370e-05 2
6.069367e-05 151
6.191193e-06 1
1.938465e-05 1
9.442717e-06 5
2.012572e-06 2
7.392391e-07 416
7.896342e-06 57400
1.362374e-06 1
5.461102e-06 1
1.468920e-05 1
1.615917e-05 1
5.189220e-06 2
1.291850e-05 1
1.010221e-05 1
2.345027e-05 1
1.277448e-05 1
2.395144e-05 1
7.075863e-06 1
2.991730e-05 3
4.124349e-06 1
5.312428e-06 1
1.577222e-05 1
8.418166e-07 1
5.973501e-06 1
3.313544e-05 1
2.812925e-05 249
1.047041e-06 1
2.238171e-05 1
1.682596e-05 61
6.247616e-06 4
2.685860e-05 47710
1.775507e-05 49870
4.342937e-05 1
3.797750e-05 153
1.760876e-05 2
9.473775e-08 3
6.563531e-06 2
1.544282e-05 1
1.707691e-05 2
1.248945e-05 172
3.764177e-06 2
1.871952e-05 1
1.564655e-06 1
2.558713e-05 1
7.458167e-07 4
1.775834e-05 803
1.391253e-05 1
2.087996e-05 5
6.902197e-06 1
8.403767e-06 1
1.308813e-06 1
1.931091e-05 1
5.562693e-06 1
2.016164e-06 1
2.964227e-06 2
2.045239e-06 1
2.104642e-08 1
2.086894e-06 1
5.915200e-06 1
3.740878e-06 225
8.475143e-05 1
5.893752e-06 1
3.393307e-06 237
1.953946e-05 2
2.851888e-06 7
3.066638e-05 1
3.691720e-06 1
9.608731e-06 1
1.785192e-05 23123
6.471350e-07 1
4.698944e-06 1
1.106976e-05 1
1.303859e-05 7
2.114472e-06 1
2.130736e-05 1
3.068037e-06 1
1.236693e-05 1
7.015860e-06 1
1.339113e-05 2
1.976720e-06 1
1.522696e-05 1
5.741172e-06 40
1.715640e-05 44826
1.609224e-06 1
2.512965e-05 1
1.166831e-06 1293
3.030923e-06 1
9.642978e-06 2
2.687042e-05 1
1.748392e-05 163
2.314916e-06 4
5.955165e-06 3
7.796914e-06 1
3.100058e-05 2
1.417246e-05 2
1.240641e-05 1
8.102310e-07 7
1.107155e-05 2
1.611272e-05 1
1.235339e-06 245
2.306580e-06 6
1.617493e-05 3
6.673053e-07 51339
1.419925e-05 1
5.227672e-06 5
4.134302e-06 48600
9.451993e-07 193
1.923533e-05 5
1.036874e-05 1
8.806886e-06 1
8.213726e-06 7
7.754190e-06 215
1.657298e-06 1916
1.397257e-05 3
6.881857e-06 1
7.521433e-07 1
1.789312e-05 3
1.457094e-06 1
1.073695e-05 1
9.578660e-06 27207
6.537451e-06 789
1.597371e-06 3
1.520344e-05 1
2.321731e-05 2
4.003864e-06 1
2.655571e-06 1
2.108484e-05 2
8.370945e-06 1
2.208231e-05 1
6.158791e-06 1
6.847615e-06 2
2.508265e-05 3
7.168256e-07 17546
5.155154e-06 1
8.986663e-07 1
4.781474e-05 3
8.392911e-07 1
2.091499e-06 590381
1.027089e-05 3
2.500848e-06 4
4.379305e-05 75
2.040486e-06 1
3.169627e-06 3
1.111500e-05 1
6.298146e-06 1654
9.459602e-06 1
6.963440e-07 1
3.052639e-07 1582
1.152350e-05 55
6.149232e-06 1
1.573946e-05 248
2.574080e-05 1972
1.761613e-05 3
1.427392e-05 1
3.322745e-06 6
2.711018e-05 1
1.940118e-05 3
1.492109e-06 5
9.098676e-06 1
6.960169e-06 1
1.102169e-05 1
2.868804e-06 1
1.695578e-05 1939
3.748489e-07 3
1.254722e-05 1
8.548534e-06 1
1.635891e-05 34090
3.234787e-06 1065
1.822988e-06 1
2.032966e-06 1
8.187543e-06 1
8.976883e-06 1
8.058967e-07 7
8.285420e-06 2
6.195914e-06 2
4.442140e-06 876
4.153598e-05 168
4.890493e-06 1
7.371791e-06 67
1.075607e-05 1
1.795255e-05 6
3.668125e-06 1
2.831658e-05 6
1.709126e-05 186867
1.248459e-06 1
6.515451e-07 1
1.769614e-05 3
4.668671e-06 3
1.629976e-05 1972
9.920036e-06 1
4.475191e-07 1
1.236026e-05 1
2.953495e-05 1
9.335662e-06 7
2.395244e-07 1
1.881352e-05 1
1.446114e-05 1
2.586933e-06 1
7.861661e-06 1
6.202427e-06 19
8.695816e-07 190
7.570343e-07 1
1.504882e-05 3
1.410183e-05 1
7.751364e-06 7
3.740137e-07 1
9.913555e-06 336
4.964444e-06 1
1.853683e-05 1
3.806690e-06 4
1.382212e-05 3
3.921564e-06 1
2.236585e-05 1
3.799544e-07 1
4.751329e-06 1
1.506587e-05 645
1.409447e-05 181
2.946762e-05 3
7.766058e-06 1
1.183258e-06 1
5.349862e-07 3
3.205749e-07 1
5.374463e-05 1
2.204956e-05 1
1.282891e-05 1
5.273551e-07 1
3.641891e-06 7
2.697602e-05 1
9.868741e-07 409
1.470686e-07 1
4.717077e-06 1
8.714816e-06 1
1.277724e-05 6
1.049676e-05 1
9.445793e-06 2
7.982774e-06 2
1.167011e-05 267
1.173739e-05 1
4.808207e-06 5
1.582072e-05 241124
1.400983e-06 2
1.992946e-05 1
2.576366e-05 2
1.132164e-06 1
7.080256e-07 2
7.021034e-06 117
3.836910e-05 446045
1.096563e-06 1
8.006243e-05 26
6.985803e-06 63911
3.939274e-05 4
4.319513e-06 3
1.782386e-05 1
3.711256e-06 1
1.093125e-06 278
4.197805e-06 1
6.219618e-06 986
1.312758e-05 1
5.233441e-05 6
1.933486e-05 6
2.309983e-06 2
3.168447e-05 1
6.350385e-07 1
4.094405e-06 2
4.028345e-06 1
1.245552e-05 1
6.281874e-06 2
4.361220e-08 3
1.993009e-07 28503
1.077476e-06 1
1.230051e-05 1
9.972243e-06 1
2.335057e-06 1
2.220263e-05 1
9.197523e-06 142
6.762424e-06 180
1.359866e-05 1
8.754938e-06 2
2.073558e-05 3
5.466056e-07 2
4.710553e-06 1
1.010439e-05 3
8.344158e-06 2
1.594646e-05 3
2.102947e-06 3
8.107380e-06 1
8.182027e-06 1
1.558422e-05 2
6.737468e-06 7
1.643997e-05 1
8.321401e-06 1
1.621120e-05 1
8.714560e-06 106
6.968521e-06 1
9.885819e-06 1
1.368999e-06 5
5.837601e-06 1
1.574340e-06 1
1.776050e-05 1
1.465227e-06 1
1.163346e-05 1
9.021986e-06 3
2.136524e-06 49467
3.344417e-05 4
1.476882e-07 1
5.569592e-06 1
2.273822e-05 1
5.836526e-06 36686
1.434059e-05 1
1.750920e-06 2
1.343154e-05 2
1.109124e-05 60
3.537865e-07 1
2.631214e-07 1
2.269374e-06 4
8.717939e-06 1
6.561231e-08 1
2.105497e-05 45018
1.874561e-06 31
3.388297e-07 1
6.033499e-06 4
2.707537e-05 1
3.259116e-05 1
6.183489e-06 21636
4.710302e-06 1
1.586146e-05 6
1.562164e-05 1
1.014423e-05 128
1.059862e-05 7
9.674986e-06 1
5.231568e-05 1907
1.415431e-05 3
4.144617e-05 3
3.538394e-05 68
1.055688e-05 19
3.805125e-06 229324
2.934114e-06 1
8.569729e-06 3
6.540407e-06 1
1.796558e-05 6
2.351947e-05 1
8.606590e-06 2
1.721963e-05 601
2.972485e-05 658183
1.861263e-05 5
5.682015e-07 1
2.842269e-05 1
7.601693e-06 1
2.806787e-05 1
5.030640e-06 69
1.672195e-05 1
8.441980e-07 1
1.268177e-05 1857
1.703510e-05 3
2.447885e-07 1
2.926783e-06 1
5.619438e-06 2
7.245284e-05 6
1.647338e-06 2
8.187412e-06 1
4.674311e-07 6
2.550493e-05 1180
2.129311e-05 3
2.258267e-06 63677
5.700708e-06 1
1.600783e-05 6
5.083890e-06 1
2.523418e-05 1
3.422943e-07 3
7.781724e-06 6
1.474024e-05 2
1.274234e-05 7
6.136420e-06 1
1.581587e-05 3
9.393971e-06 1
1.681620e-05 45674
1.504881e-05 1
4.413879e-05 1
1.728486e-05 217
2.976035e-05 1
5.073441e-06 1
1.167915e-05 1
8.004623e-06 1
8.188694e-05 7
4.280898e-05 1
2.529580e-06 1
3.991720e-05 2
1.429559e-05 1
9.793217e-06 3
2.595476e-06 1
1.085320e-05 3
5.328273e-06 1
8.383811e-06 5
4.624798e-05 4
2.490039e-05 1
2.488255e-05 1
2.551251e-05 1
1.381315e-05 84
5.013476e-06 5
3.255973e-05 1
3.537267e-06 1
7.700384e-06 1
6.011456e-06 35
2.650928e-06 255
3.412940e-05 7
5.887600e-06 169
6.762526e-06 1
1.511881e-05 1
4.064241e-06 1
1.275280e-05 32
7.897430e-07 1
4.997835e-05 1
2.359833e-06 1
1.810903e-06 1
6.240434e-05 1
1.352052e-05 1
4.894504e-06 1
1.135961e-06 3
3.607825e-06 167
2.540290e-06 1
1.600175e-06 35
1.391237e-05 2
1.605030e-05 2
4.252645e-05 61920
4.557587e-06 1
3.283696e-06 1
1.140290e-05 1368
2.341376e-06 7
2.503492e-05 7
2.756647e-05 1
3.608930e-06 1
8.918446e-06 30
2.751563e-06 6
4.420604e-06 1
6.109901e-07 1
2.474745e-06 3
4.312643e-06 3
4.888079e-05 2
5.823056e-05 56
1.793129e-06 1
1.189629e-06 1
8.587850e-06 1
6.370657e-07 1
9.589761e-07 1
3.391301e-05 5
1.328250e-05 1
2.164186e-05 1
1.596369e-05 1
6.440097e-06 1
1.172107e-05 192
1.214297e-06 7
2.495260e-06 2
7.331520e-06 1
1.310456e-05 1
8.206068e-06 1
3.252131e-05 1
3.694888e-06 1
4.034812e-05 2
1.527231e-06 1
4.161866e-06 1
1.236047e-05 21329
9.885920e-06 1
1.679802e-06 2
1.477596e-05 1
2.843986e-06 1
2.854082e-07 3
2.072596e-05 120
4.731291e-06 3
2.282386e-06 16307
3.686477e-06 1
5.445135e-06 121
6.792330e-06 4
7.092377e-07 1
8.546645e-06 1
2.664776e-05 6
2.012704e-05 1
2.028302e-06 1
2.732639e-06 1
5.435509e-06 1
4.046885e-06 1
7.757226e-06 1
3.615612e-05 1
5.099185e-06 3
1.286245e-05 2
3.931927e-06 1
1.623867e-05 1
4.662157e-06 6
6.131915e-06 4
6.473586e-06 2
1.547238e-05 1
3.246581e-06 4
1.327292e-05 1
5.074756e-06 5
5.281539e-07 6
5.139107e-06 1
1.489521e-06 3
6.805845e-06 1
8.258901e-06 2
2.524509e-05 1
1.114499e-06 1
5.070534e-06 159
2.034999e-06 1
6.218741e-06 1
8.487644e-06 1532
3.187066e-06 1
1.734674e-06 2
2.938601e-05 1
3.679873e-06 1
1.132199e-07 1330
5.376524e-06 2
1.230226e-06 429493
1.644993e-05 1
1.744775e-05 2
6.379791e-07 253
1.484826e-05 3
7.125486e-07 1
1.022221e-05 475
8.642402e-06 1
1.276506e-05 2
2.044252e-05 1
7.688014e-06 27
1.423499e-05 1
3.681970e-06 2
2.010671e-05 1
1.752432e-05 3
4.731653e-06 3
1.038192e-06 1
9.261306e-06 1
6.941076e-06 1
1.500487e-05 1
1.367511e-05 170
5.437873e-06 62339
6.803806e-06 1
1.702638e-05 1
4.590267e-06 3
9.555000e-06 3
3.039511e-05 1
2.179911e-05 2
3.392725e-05 3
4.413126e-06 1
1.506560e-05 1
6.058861e-06 7
3.676142e-06 3
3.525503e-07 1
3.900506e-06 4
1.269446e-05 1
2.000531e-05 1
2.859831e-06 1
2.721470e-06 1
1.338974e-06 1
1.662279e-05 7
1.899459e-05 2
1.180124e-05 3
1.267717e-06 3
2.924764e-06 1
5.890452e-06 6
2.328574e-05 1
6.346214e-06 3
1.150130e-05 1
3.033259e-07 3
5.354404e-07 1
7.768991e-06 2
1.479369e-05 1597
6.621576e-06 1
1.428570e-05 5
3.790118e-06 176
1.802348e-05 1
3.957399e-06 123
1.024651e-05 1368
5.773399e-07 897
1.697484e-06 1
1.202677e-06 1
2.178806e-05 2
1.431198e-05 6
5.699705e-06 3
2.551048e-05 1
1.468644e-05 1
5.505140e-06 1
3.756980e-06 1
2.684551e-06 1
1.287134e-05 1
1.055523e-05 1
1.524306e-05 1
3.641523e-06 2
1.466282e-05 3
1.057926e-06 1
1.630591e-05 1
2.567750e-06 1
3.906235e-05 1
3.133807e-07 3
1.396617e-05 1
3.308437e-05 3
1.390168e-06 1
1.933880e-05 2
6.722740e-06 1
1.054525e-05 3
8.522535e-07 1
3.151272e-05 1695
1.680124e-05 165
1.132739e-05 1
2.005624e-07 1
2.687282e-06 2
9.415877e-06 98
2.986455e-06 1
5.457466e-06 2
3.074637e-05 1
1.056502e-05 2
2.929167e-06 1
4.340600e-06 2
2.098252e-06 1476
2.988261e-07 2
2.939101e-05 1
1.017252e-05 5
4.500742e-07 1
8.777397e-06 3
5.222752e-06 1
2.131412e-05 43
2.025035e-05 1
6.018096e-07 1
1.468889e-06 221
7.713584e-06 224
1.216525e-05 53
8.583209e-06 4
2.285708e-05 7
2.785041e-05 1
7.400507e-07 1
1.410668e-05 1
1.221962e-05 4
3.055108e-05 3
1.513583e-05 525
7.576818e-06 53
4.722515e-06 1
2.141021e-05 6
7.847731e-07 7
9.302551e-06 635234
1.495423e-06 1
1.678785e-05 1
2.348012e-06 660
3.046472e-06 5
1.886102e-06 3
1.922538e-05 1
5.989679e-06 1
1.805940e-05 4
5.094680e-06 1
2.055514e-05 1
2.037504e-06 4
1.860299e-05 1
2.153825e-06 1
4.853360e-06 188
6.625983e-06 1
2.394593e-06 1
1.316095e-05 387
2.022190e-05 1
4.504735e-06 1
1.346524e-05 733
4.369936e-06 29
9.446704e-07 1
1.409396e-06 2
1.744210e-06 3
5.265270e-07 3
5.738518e-06 1
1.775252e-05 1
4.499202e-06 2
7.866028e-06 3
4.016008e-06 2
5.842789e-06 1
5.355811e-06 1
9.872609e-06 1
1.851144e-05 282
3.413519e-05 7
1.028142e-05 3
1.089605e-05 1
1.930421e-05 46631
5.784055e-06 3
1.760769e-06 1
1.194294e-05 1
2.244741e-06 3
1.450375e-06 1
1.514444e-08 1
4.336379e-06 2
7.956141e-06 1
3.569305e-05 65826
6.275628e-06 1
1.117654e-05 3
8.596049e-06 97
2.091309e-05 6
4.602898e-06 195
2.249090e-05 5
1.895725e-06 5
1.404411e-06 2
4.433796e-05 3
5.259368e-05 3
1.582514e-05 3
1.395864e-06 1
7.074288e-06 1
8.364786e-07 1
2.826699e-07 5
1.457889e-05 1024
1.859720e-05 24
7.475755e-06 110
1.893566e-05 3
5.086496e-07 3
4.636169e-06 1
5.927929e-06 2
9.617824e-07 1
1.440087e-06 232
6.093179e-06 3
2.391550e-05 1
2.429990e-06 3
1.060989e-05 1
2.360123e-06 1
3.460611e-06 1
6.753621e-07 1
1.034628e-06 1
2.133402e-06 4
1.244473e-05 1
5.621917e-06 241
2.670512e-05 208
3.396142e-06 1
4.494177e-06 2
7.417712e-06 4
2.068364e-05 2
1.031507e-07 1
5.906546e-06 7
1.013313e-06 1
9.876748e-06 1
1.909628e-05 4
3.707718e-05 1
1.366555e-05 4
2.681454e-05 1
1.468826e-05 1
1.362035e-05 1
1.646958e-06 1
2.320586e-05 1
1.905769e-05 1
4.704078e-06 3
1.382290e-05 6
1.444769e-05 135
3.217269e-06 64840
4.232738e-05 3
1.293699e-06 1
2.399743e-05 4
5.240425e-06 3
9.856416e-07 75
6.364466e-06 1
1.742228e-06 1
4.823765e-06 96
6.427675e-06 3
2.850342e-06 5
1.751554e-07 1
1.168559e-05 2
4.697770e-05 1
2.045739e-05 1
5.563344e-06 663991
2.288697e-06 1
1.876123e-06 98
1.576351e-05 1
6.466921e-06 1
3.129288e-06 2
5.074117e-06 91
5.822635e-06 6
2.630005e-07 1
6.752115e-06 1
4.887576e-06 6
1.598970e-06 3
7.042164e-06 1
1.099389e-05 1
1.220659e-05 13
3.845683e-05 3
2.870954e-05 3
3.286466e-06 3
1.391554e-05 205
4.120069e-06 1
1.615633e-06 2
6.976599e-05 1
2.135560e-05 1
1.999978e-05 11128
1.753097e-05 6
2.277765e-06 1977
4.625637e-06 1
2.240639e-06 3
1.727656e-06 3
8.747144e-07 6
3.301847e-05 1
3.135491e-06 1
1.404814e-05 1043
4.452756e-06 1
1.312212e-07 98
5.883095e-06 1
5.756884e-06 1
1.028061e-06 3
7.568784e-06 1
2.614542e-05 3
2.103846e-06 1
1.646068e-05 159260
8.326788e-07 1
3.022130e-06 1
8.717737e-06 842
2.504849e-07 1
4.108532e-05 3
2.435279e-05 1
6.510159e-06 1
1.197155e-05 253
1.003969e-06 1
2.445879e-05 7
9.929095e-06 2
3.319752e-05 1
6.342255e-06 1
1.419383e-05 3
1.536582e-05 1
3.178305e-06 1
1.848911e-05 237
7.935172e-06 1
3.711736e-05 171018
7.758348e-06 1
2.174931e-05 1
1.602316e-06 7
4.642948e-06 250
6.074276e-06 3
1.854434e-06 853
2.070387e-06 1
4.022367e-05 1
3.529589e-06 1
4.388286e-06 124
4.845843e-06 6
3.332204e-07 13515
1.907716e-05 2
8.321090e-06 1
3.292954e-05 126
2.057634e-06 1
2.619857e-05 1
8.714126e-06 2
1.729990e-05 1
2.304010e-05 1
5.424837e-06 43625
4.915228e-05 1
7.964030e-06 1
1.864124e-06 1
2.802468e-06 1
2.044362e-06 3
3.436630e-06 1
1.254460e-05 1
1.620841e-05 6
4.129796e-07 55173
4.984969e-09 1
1.212606e-05 1
7.774429e-06 1
1.021441e-05 1
2.650353e-06 7
1.744704e-05 3
4.897090e-06 1
1.390066e-05 1
1.513719e-05 6
1.830581e-05 1
8.003862e-06 42442
2.548725e-06 1
2.000660e-06 1
3.001767e-05 4
3.278901e-05 3
1.238268e-06 2
1.999054e-05 11591
3.156622e-07 2
1.388517e-06 1
1.822545e-05 1
1.087644e-05 1
3.288708e-05 93
1.672839e-05 72
6.792453e-06 72
8.497992e-06 1
2.896013e-06 68
4.230444e-05 3
2.327652e-05 1
2.687866e-06 1
2.194098e-06 149
1.567234e-06 1
1.217164e-05 1
2.377380e-06 3
5.210487e-06 7
7.891194e-06 1
3.565998e-06 1
6.828002e-06 1
1.541369e-06 1
5.103023e-06 993
2.619140e-06 5
2.080551e-05 1
3.648268e-05 1
8.751965e-06 6
1.036729e-05 1
5.702107e-05 1633
1.308385e-05 1
4.611814e-05 3
5.415126e-06 2
1.192604e-05 1
6.685489e-06 1
6.302202e-07 1
8.508441e-06 1
2.796799e-06 28365
1.018433e-05 1
2.331567e-05 2
6.840946e-06 3
1.657355e-05 1
3.333161e-06 1
5.609776e-06 4
2.439648e-06 60
1.707036e-06 2
2.019033e-06 1
1.699772e-05 2
6.983454e-06 2
1.599311e-06 1
9.397796e-06 1
9.375664e-06 1
3.338912e-06 1
7.926852e-07 1
1.537041e-06 6
3.652911e-06 17
9.070351e-06 1
8.815808e-07 5
1.676642e-05 1
5.224547e-07 1
7.087623e-06 1
5.149605e-06 1
1.747822e-05 3
5.686449e-07 1
1.109977e-05 1
1.351788e-07 1672
1.205290e-05 71
6.361340e-06 1
2.492599e-05 2
1.552519e-05 3
1.012913e-05 232
2.046917e-06 1
2.891075e-05 1
2.380581e-05 1
7.266284e-06 160
9.271390e-06 6
6.185169e-06 1113
1.786023e-05 64537
2.260631e-05 3
1.427376e-05 1
8.051057e-06 967
1.248561e-05 51381
8.407544e-06 2
6.487076e-06 3
1.511110e-06 1
4.629330e-06 7
1.379184e-05 1
1.738287e-05 2
2.456305e-06 1
1.814182e-05 134
1.018460e-06 3498
2.055805e-07 1
2.308595e-05 3
2.373885e-06 1
1.506237e-05 1
3.442188e-07 1
4.925909e-06 1
2.378691e-05 3
1.063748e-05 1
6.494092e-07 1
1.258070e-05 1
1.295135e-05 4
7.597943e-07 2
2.862705e-06 1
6.111638e-06 3
3.150727e-05 1219
3.548313e-06 6
7.038533e-07 3
7.687502e-06 1
2.610102e-06 2
1.701057e-05 1
6.967519e-05 1
3.146566e-05 2
5.415650e-06 1
3.956895e-06 1
1.689813e-06 306
2.852056e-05 1
1.798626e-06 5
2.495250e-05 2
3.048830e-06 6
5.970005e-06 3
8.472227e-06 2
2.594655e-06 1
1.027297e-05 1
6.651562e-06 141
1.100760e-05 1
2.643882e-05 2
2.977265e-06 1
9.084674e-06 1
2.317525e-06 4
3.068653e-05 1
2.293842e-05 6
2.389217e-05 1
8.203796e-07 1
1.145306e-06 1
2.585127e-06 1
4.523671e-06 1
3.058617e-06 1
2.576247e-06 3
1.764035e-05 478548
1.344062e-05 1
6.053267e-06 3
1.183494e-05 1
5.935931e-06 1
6.800721e-06 1
1.561307e-05 1
1.233165e-05 1175
1.215756e-06 1016
1.392561e-05 1
8.636761e-06 1
1.639905e-05 1
1.467858e-05 3
8.338210e-06 1
3.997102e-06 907
1.498241e-05 2
9.466217e-07 42597
1.776207e-05 1
1.850781e-05 1
6.891851e-06 1
1.723067e-05 256
1.921898e-07 1
1.601289e-06 309
2.197113e-05 3
9.542045e-06 3
6.052659e-05 16922
2.920208e-05 1
2.829845e-05 2
1.989131e-05 49
1.509557e-05 1
8.149100e-06 1
1.514890e-07 20486
2.629309e-05 1
1.689151e-06 1
2.330760e-06 166
1.066120e-05 2
5.315400e-06 1
8.820778e-06 7
4.574068e-05 2
1.986140e-05 3
7.040077e-06 462
1.731685e-05 1
8.192122e-06 5
3.658095e-06 1
1.045718e-05 1
1.809723e-06 1
1.547413e-05 1
6.245707e-06 1
6.112412e-06 2
2.829048e-05 1
2.148884e-05 3
4.900387e-05 1
1.249270e-05 7
2.239515e-05 50610
2.883181e-06 9769
2.075887e-06 1
4.770395e-06 1
6.735044e-07 2
3.203847e-05 3
1.710745e-05 1
1.232469e-05 1
7.222107e-06 1
6.769947e-06 54877
2.353057e-05 1
1.499526e-06 2
1.725691e-05 1
1.618982e-05 1
6.196691e-06 2
7.262277e-06 1
7.265017e-06 2
1.536932e-05 1
2.219741e-05 1
6.965475e-06 2
1.175038e-05 1
6.244867e-05 1
6.635280e-06 1
2.928892e-06 4
1.366915e-06 3
2.979024e-06 3
1.290539e-05 4
1.925247e-07 1
2.839362e-05 1767
1.564296e-05 1
5.604758e-06 3
9.474360e-06 1
5.230351e-06 5
2.586323e-05 1
3.505034e-06 2
3.927960e-07 1
1.285806e-05 532
1.448890e-05 5
1.097542e-05 1
1.469889e-06 5
1.378127e-05 1
4.726567e-05 1
2.225352e-06 3
5.242874e-06 76
1.625580e-05 3
4.564609e-06 3
1.145741e-05 134
6.154333e-07 2
2.024164e-06 3
7.734999e-06 185
3.281457e-05 1
2.111550e-06 1
4.073458e-06 611552
6.064673e-06 1
4.585566e-06 3
6.325479e-06 1
9.568884e-06 202250
2.317586e-05 2
4.489361e-06 1
1.971886e-05 131
6.851837e-08 2
1.721981e-06 1
1.592324e-06 3
2.430604e-05 91
4.979357e-06 2
5.423412e-06 5
1.731173e-06 1
3.335629e-06 1
1.992733e-06 1
2.769586e-05 165
4.053735e-07 3
1.475808e-05 1
2.121119e-06 1
2.783908e-06 3
1.161827e-05 1
1.255028e-05 1
1.091623e-05 1
3.848835e-05 2
1.948728e-06 1
9.993356e-06 2
9.447024e-06 22248
3.203640e-06 2
4.140949e-07 33914
5.550566e-06 1
1.486800e-05 3
2.663900e-05 1
1.264127e-05 1
6.408067e-06 1
3.285931e-05 195
6.350188e-06 1
3.819220e-05 1
2.812316e-07 1
1.961008e-06 1
3.143925e-06 2
2.647105e-07 2
2.884182e-06 207
2.347765e-06 228
2.388565e-05 1
3.447582e-05 2026
1.098711e-05 1
1.831828e-05 1
8.211460e-06 3
1.306542e-05 222
1.130562e-05 125
1.985434e-05 1
3.644560e-05 478
1.810467e-05 1
1.557760e-06 38491
2.072112e-05 1
2.250403e-05 724
3.691740e-06 1
3.944097e-06 6
1.616151e-05 135726
2.037068e-06 1
1.483906e-05 3
2.240558e-05 1
6.240903e-06 1
2.377739e-06 217
1.516812e-06 2
1.671685e-06 6
7.656271e-06 1
9.395012e-06 204
1.529225e-05 5
1.270460e-05 1
2.928753e-05 2
2.251079e-05 1
1.986739e-05 1
3.143215e-05 6
6.966149e-06 1
1.781174e-06 3
2.182108e-06 3
1.631293e-05 1
4.452060e-06 1
2.059290e-07 1
2.256162e-05 1
1.304150e-05 5
8.735185e-06 7
9.446102e-08 7
1.011673e-05 2
6.146866e-06 1
4.089000e-06 1
5.075015e-05 3
2.952058e-05 1654
7.164270e-05 167
1.696709e-05 1
5.731611e-07 1
1.035266e-05 4
1.606508e-05 428
8.617004e-06 1
2.547928e-05 1
9.069903e-06 6
2.823922e-06 1
2.099848e-05 1
5.151149e-06 1
1.549202e-07 5
1.353122e-06 4285
2.375546e-05 1
1.432420e-05 1
1.709963e-05 1
1.006199e-05 1
9.321959e-07 1
1.786775e-05 1
2.760776e-06 3
1.926112e-05 5
5.705601e-06 3
3.308751e-06 1
2.428039e-05 7
3.017889e-05 4
1.605608e-06 1
1.448805e-05 1
1.484824e-05 2
1.780887e-05 101404
6.943417e-06 202130
5.308764e-06 2
3.099670e-06 1
5.778010e-06 1
2.208740e-06 373790
2.247784e-05 1
2.287455e-05 2
1.718728e-05 1125
1.121736e-05 1
2.176771e-05 1
1.196148e-05 1
1.393219e-06 216
9.412723e-06 2
2.551032e-06 7
1.950338e-06 3
1.713081e-05 30
1.586451e-05 1
2.356762e-05 1
8.764333e-06 6
1.758935e-06 32469
1.605924e-06 1
2.973932e-05 6
4.601642e-06 1
6.307823e-05 78
1.389285e-05 7
2.360537e-06 1
2.135112e-05 2
2.544440e-05 1
8.692945e-07 41300
2.411309e-05 1744
4.415701e-05 3
2.063970e-05 1
2.703373e-06 3
1.039937e-05 81
2.005384e-05 1
1.795642e-05 3
8.545054e-06 3
1.617820e-05 1206
1.225501e-06 13
3.217659e-05 3
2.068830e-06 44036
4.259519e-05 1
2.475769e-05 158652
1.504416e-05 4
5.397708e-06 1
7.511706e-06 3
7.395498e-05 2
2.046043e-05 2
3.264572e-05 3
3.756091e-06 1
4.156881e-06 162
2.290986e-06 56287
2.772609e-06 1
2.699526e-05 1
6.438718e-06 194
1.697190e-05 1
3.577313e-05 1
4.896065e-07 13961
4.441028e-06 3
1.150598e-05 6
1.783777e-06 133
7.627385e-07 7
2.531283e-06 3
1.012487e-05 96548
2.848646e-05 1
8.792056e-06 3
3.699416e-06 1
1.593410e-05 1
1.898467e-06 3
7.220393e-06 2
3.257797e-06 147
7.393071e-06 1
5.165407e-06 7
2.153765e-05 94
6.425671e-06 1
7.427756e-07 1
5.841414e-06 5
1.981277e-05 1
1.627246e-07 1
1.297570e-05 3
3.727496e-05 1
1.391184e-05 1301
1.029723e-06 2
2.877507e-05 1
1.960423e-05 5
1.810413e-07 2
1.470435e-05 1
3.727988e-05 1
9.181081e-06 2
2.099422e-06 3
7.569934e-06 599
2.306810e-05 1656
5.579587e-06 3
1.846520e-05 1
4.943447e-06 2
1.197427e-06 2
9.197592e-06 176
4.662298e-06 2
1.009081e-05 5
1.024985e-05 1
2.878058e-05 4
2.241391e-05 1
8.578814e-06 3
3.594143e-06 7
1.872845e-05 1
1.261865e-05 1
7.954097e-07 1
1.705209e-05 1
1.679132e-06 1
1.126368e-05 1
6.242029e-06 2
1.534651e-05 1
2.194219e-05 293
8.897189e-06 1
1.611931e-05 1
1.300891e-07 5341
2.015914e-05 1
5.341368e-06 3
1.209475e-05 2
1.175086e-06 1
2.917789e-05 1
4.214588e-05 43748
6.132305e-06 5
2.741466e-05 895
1.576932e-05 1
1.975637e-07 1
6.422199e-06 88490
3.918886e-06 4
9.316340e-06 3
7.929023e-06 1
8.856725e-07 1
1.752679e-05 1
3.065485e-06 3
4.329933e-09 2
5.431190e-06 3
9.586998e-08 1
6.164183e-06 1
5.614759e-06 6
2.521293e-06 98
6.718463e-06 23
4.706371e-06 1
1.992915e-06 1
2.580563e-05 1
2.606800e-05 1
6.611670e-05 3
3.154089e-05 6
1.748204e-05 24533
1.341745e-05 3
2.457560e-06 7
2.978150e-06 1
1.152690e-05 223
5.656037e-06 3
4.501246e-05 1
8.868456e-06 3
1.361120e-05 1
1.322423e-07 2
4.103176e-06 4
1.918322e-05 1
7.426059e-06 4
7.705549e-06 2
8.518227e-06 46
1.438104e-05 1
1.349003e-05 2
1.365431e-05 1
9.980532e-06 4
1.145689e-06 1
1.567335e-05 87
5.053464e-06 3
1.515649e-05 1
1.233351e-05 1
9.381409e-05 1
2.553072e-06 6
2.242624e-06 3
2.052852e-05 6
3.772844e-06 2
1.420999e-05 200
6.189765e-06 3
2.591839e-07 1
2.985815e-05 3
1.930865e-05 1
4.212459e-06 2
7.048159e-06 43
1.427294e-05 1
5.533685e-06 7
7.471849e-06 2
7.415066e-07 1
4.184421e-07 3
4.841813e-06 2
1.630984e-05 1
1.090741e-05 43010
2.719526e-05 38580
2.912079e-06 2
8.601877e-06 2
4.930048e-06 1
1.535458e-06 2
2.232954e-06 101
3.901585e-06 6
1.087085e-05 1
4.477622e-07 266
1.289448e-05 2
3.902657e-05 1
1.072978e-05 1
4.640813e-06 1
1.257216e-05 1134
6.630707e-06 3
2.227096e-06 1
8.034717e-06 1496
4.229048e-06 1
2.471798e-05 1
3.490912e-07 3
6.393495e-06 2
9.246918e-06 1
2.501337e-06 2
5.305164e-07 3
8.546023e-06 1
9.930238e-07 6
2.612756e-05 1
3.729169e-06 1
5.229064e-06 1
9.197822e-06 1
7.476791e-06 1
1.746147e-05 1
1.143658e-06 1
6.580050e-08 22862
1.018059e-05 1
5.284446e-05 1870
1.014308e-05 1
9.035642e-06 1
4.552544e-05 5
2.975894e-06 1
8.200565e-06 1
1.279449e-05 1
1.136463e-06 2
6.242968e-06 1
1.005437e-05 1
1.165751e-05 1
8.186933e-07 1
8.767883e-06 2
3.375728e-06 142
3.843087e-05 3
2.878923e-05 1
4.232097e-06 2
3.610125e-06 2
6.543782e-06 66
4.017498e-05 51
2.864550e-05 3
3.775333e-05 1
1.608280e-05 1
1.696072e-05 1
2.288850e-07 62449
6.936930e-06 1
2.051839e-05 307
1.091553e-05 3
3.784212e-05 1
4.025643e-06 1
1.073590e-05 1
1.222913e-05 2
3.423643e-06 1
2.228351e-06 1
3.810012e-06 203
1.701255e-05 3
1.026253e-05 1
1.312354e-05 2
1.519280e-05 3
8.182054e-06 1
1.095086e-06 132
3.608771e-06 3
9.603103e-06 1
1.515722e-05 1
5.720957e-05 1
5.565293e-06 1
2.733294e-05 2
3.692237e-06 2
2.890231e-05 1
1.327349e-05 1
2.486552e-07 1
1.772202e-06 1
1.081017e-05 6
4.321793e-06 3
2.542061e-06 3
5.591582e-05 46578
7.431434e-07 1349
2.277972e-05 3
1.734116e-06 1
3.450788e-05 222
1.700750e-05 1
1.047954e-05 1
9.220464e-06 1
7.920198e-07 2
7.646085e-07 65
6.966436e-06 7
2.484961e-06 1
9.835754e-06 1
1.139604e-05 1
1.837493e-05 2
5.128388e-06 4
1.236524e-05 5
1.042220e-05 1
1.154718e-06 1
1.655211e-05 1
7.346534e-06 141
1.016546e-05 5
1.028153e-07 1872
1.281246e-06 4
1.890796e-05 2
1.194695e-05 2
8.917679e-06 1
4.626963e-08 34
2.429417e-06 1
1.785026e-05 1
3.075614e-06 6
3.337338e-05 3
3.429619e-06 4
2.170405e-05 537200
1.154580e-05 4
1.552713e-05 1
2.299917e-06 2
3.884347e-06 1
3.981394e-06 1
8.910096e-06 1
4.525508e-06 1
1.998530e-05 3
4.230421e-06 1
7.090271e-07 2
1.573623e-06 13734
1.548555e-05 1
2.445270e-05 3
1.695553e-05 6
3.019221e-06 1
1.441050e-05 1
3.461877e-06 1
2.658497e-05 213
3.952174e-08 3
1.178540e-05 4
7.251111e-06 3
5.977491e-08 1662
8.994782e-06 985
9.049020e-06 1
5.498631e-06 1
1.064222e-05 1
6.588600e-06 2040
5.175227e-06 1
2.461177e-05 2
2.362822e-05 1
1.343395e-05 1
5.964663e-06 1
9.665773e-06 3
1.846185e-05 1
1.898514e-05 1
1.617825e-05 1
9.771687e-07 2
7.513592e-06 1
2.003832e-05 1
1.350978e-05 1
1.256438e-05 2
2.620203e-06 3
3.638926e-06 613
3.857964e-06 87
3.736368e-06 1601
1.770854e-06 4
8.537791e-06 3
2.634373e-05 1
1.946008e-05 220
5.513786e-06 7
5.665011e-06 1
5.038107e-08 1
7.996425e-06 2
3.148453e-06 1
2.085842e-05 3
1.345025e-05 1
2.997951e-05 1
1.192505e-05 1
3.225527e-05 1
1.587962e-07 1526
2.397047e-06 53416
3.295473e-05 260
2.149752e-05 1
1.419138e-05 1
3.137751e-05 1
1.034100e-05 4
4.207423e-06 1
2.409750e-06 172
8.221306e-06 212
1.379147e-05 1
2.626648e-05 1
3.159547e-05 28
1.916117e-06 6
3.796805e-06 1
2.681517e-07 174
4.041375e-05 1
6.494480e-06 1
1.056450e-06 3
1.638466e-05 1
3.749479e-06 19226
2.050879e-05 1
4.627231e-05 52
1.528270e-05 1
2.590898e-06 1
2.028802e-05 1
1.101454e-05 3
3.350571e-05 1
3.104095e-06 1
3.898698e-06 5
1.891199e-05 1
2.168583e-05 2
3.965755e-06 5
8.970731e-07 1
3.071716e-06 1
5.176004e-06 1
2.503342e-05 1
2.753679e-05 1
1.343740e-06 1
3.204395e-05 1
1.308729e-05 58977
1.451491e-06 3
2.232312e-06 1
3.989034e-05 1
8.993936e-07 2
3.967448e-05 4
6.424568e-06 1
5.241274e-06 111
5.584876e-06 1
1.040217e-05 3
1.490378e-05 1882
8.445105e-06 1
6.325366e-06 1
1.942079e-05 1
1.582144e-05 8417
5.929587e-06 1
4.639117e-06 2
3.591609e-05 2062
2.693709e-07 3
3.419433e-06 1
2.181632e-06 1519
5.914323e-06 1
2.482899e-06 3
1.402053e-06 1
1.761753e-05 1
5.965806e-06 2
1.017514e-05 4
3.707128e-06 1
4.931995e-07 2
1.090804e-05 1
1.489077e-06 78
1.220724e-05 5
1.059258e-05 3
6.953495e-06 1
4.323632e-06 1
5.051501e-07 373
1.250071e-05 3
1.708588e-05 1
1.778116e-05 7
8.342330e-06 1019
1.191298e-05 43832
2.985202e-06 1
1.183392e-05 1
2.192108e-05 169
5.140227e-06 6
7.196985e-06 3
3.121495e-06 3
1.089737e-05 1
1.152876e-06 2
2.009075e-05 2
7.071578e-06 4
1.127762e-05 3
8.971931e-06 1
4.401697e-06 5
1.224025e-05 1
3.433278e-05 1
1.282214e-05 1084
1.821004e-05 3
3.299962e-05 1585
1.582783e-05 36
1.622328e-05 1
2.504179e-05 1
2.402389e-06 1
1.682250e-05 1
1.042800e-05 1
1.005963e-06 1
4.263238e-06 1
1.959440e-06 295
1.439033e-05 1
1.199051e-06 3
5.687669e-07 1
1.420059e-06 240
5.997033e-07 6053
8.181193e-06 119
1.978312e-06 2
2.370238e-06 1
3.390931e-06 2
1.394199e-05 1
2.618820e-06 1201
3.994035e-06 7
1.145954e-05 1
1.307351e-06 6
7.089728e-05 1
3.127447e-05 3
2.362309e-06 1
3.744851e-05 1
5.112030e-06 1
8.560939e-06 7
2.160835e-05 1
5.320521e-06 2
1.789456e-05 5
3.913277e-05 2
2.411008e-05 1
3.331696e-06 1
1.634526e-05 468
4.842053e-07 2
5.968466e-06 13
2.763832e-06 479
8.078221e-06 6
1.489255e-05 1
1.379939e-05 1994
5.997263e-07 4
8.695408e-06 6
1.147857e-05 5
1.779613e-05 2
2.857665e-06 2
1.340736e-05 3
1.367745e-06 6
1.276804e-05 1
1.606098e-05 1
1.135315e-05 1
4.572591e-06 1
1.670949e-05 1
2.607163e-05 1
2.557868e-05 1
3.518061e-05 1
5.653596e-05 1
3.843924e-08 1
1.325065e-05 1
6.965983e-06 7
2.553360e-06 1
3.666285e-05 1
1.311787e-05 147
7.697868e-07 198
3.426713e-05 1
2.055315e-07 3
1.091703e-05 3
1.263055e-05 6
3.480678e-05 2
1.230951e-05 1
5.564191e-06 189
7.244214e-07 1
4.117497e-06 5
2.400745e-06 3
5.779271e-06 46235
1.241113e-06 1
1.926562e-05 1
1.385220e-05 1
7.182646e-06 2
2.110282e-05 1
7.061402e-06 7
4.104226e-06 3
7.069894e-06 1
1.342690e-05 1
1.172826e-05 2
1.371796e-05 1
1.106608e-05 6
2.042644e-05 1
2.932169e-05 3
1.832069e-06 2
1.266609e-06 1
2.584037e-07 1
1.174509e-05 60582
3.954760e-07 1
7.385513e-06 1
1.246968e-05 1
1.484035e-05 1
9.545131e-06 1
1.108492e-05 1
2.568830e-06 1
1.042841e-05 4
2.861629e-06 181
1.330705e-06 1
5.022706e-05 1
5.875391e-06 6
5.879078e-07 1
1.153077e-05 1
8.571909e-06 1
6.468031e-06 1
1.017656e-05 2
1.166614e-05 1233
1.291274e-05 1
4.145688e-08 2
1.107083e-05 1
1.667076e-05 1
5.885049e-06 3
4.252405e-05 1
6.076434e-06 1
1.639313e-06 1
2.271502e-06 1532
1.638136e-05 1
2.423674e-05 1
3.191584e-06 6
7.237313e-06 1
9.494259e-06 1
9.645351e-06 1
6.402471e-06 2
1.646242e-05 2
4.732424e-06 1
3.145476e-06 1
6.288982e-06 732
1.871394e-05 1
2.657198e-06 1
8.260298e-06 68
1.807229e-06 1
6.593709e-06 1
1.202553e-05 2
1.365819e-05 3
5.954186e-06 1495
1.848809e-05 4
6.409322e-06 6
3.448112e-06 2
1.911629e-05 14668
1.571239e-05 995
1.211495e-05 24003
6.273878e-06 1
1.013375e-06 1
4.212135e-06 1
8.661891e-06 117
9.722128e-06 1
1.106659e-05 1
6.969817e-06 1
2.550468e-06 3
2.560888e-06 7
2.088343e-06 1
5.530572e-06 199
5.557867e-06 1
1.311806e-05 4
6.942419e-06 4
1.238759e-05 1
2.385280e-07 1
1.268289e-06 1
2.332245e-06 1
3.044659e-06 1
9.723935e-06 72
6.418753e-06 1
1.357757e-05 1946
3.382008e-07 1
6.397759e-06 1
5.755861e-06 1
2.035672e-05 961
1.306018e-05 1
2.676292e-05 6
1.088110e-06 1
4.352565e-06 2
4.457726e-06 332
1.151955e-05 1
4.523103e-06 84
6.012532e-07 1232
5.081646e-06 1
1.294946e-05 3
4.577076e-06 1
1.625155e-05 1
6.716677e-06 259
2.515652e-05 1
4.172017e-06 5
1.905732e-05 2
7.004717e-05 1
1.256855e-05 3
1.638115e-06 256
1.654094e-05 1
7.951864e-06 1280
1.001863e-05 1
3.970068e-06 3
2.193443e-05 1256
1.739322e-05 1
2.044561e-05 2
3.882838e-06 1
4.538640e-06 2
1.023179e-05 3
5.011120e-06 354322
2.352928e-05 48934
1.347508e-05 1
3.359716e-05 3
1.711213e-05 2
4.710219e-05 1895
5.639858e-06 1
4.415932e-07 3
1.774585e-05 7
1.114533e-06 260
2.573008e-05 545
1.265405e-05 7
7.818809e-06 1
4.152263e-05 1
5.448060e-06 1
2.040638e-05 383337
1.753139e-05 21506
3.429052e-06 1
4.685356e-05 1
2.418249e-06 1
1.005307e-05 1
2.112626e-05 1
6.437942e-06 1
1.128643e-05 1
2.039943e-05 77
2.470724e-06 3
5.294463e-06 1
4.449637e-05 1
2.408655e-06 4
1.526697e-06 7
3.061698e-05 3
7.051864e-06 1
5.813728e-07 3
3.167839e-05 1625
9.957356e-06 197
2.073029e-05 2
9.590705e-07 1
6.590014e-06 1
1.698825e-05 1
1.482741e-05 1
1.660088e-06 446154
7.579495e-06 1
3.797261e-05 7
5.923349e-06 1
2.613152e-06 26469
7.659787e-06 5
4.561171e-06 1
1.457618e-05 2
9.745653e-06 3
4.685232e-06 1
1.051167e-05 3
2.670440e-05 2
1.144306e-05 1
6.902793e-06 3
5.401909e-07 1
3.137263e-06 1
1.807001e-05 242
5.427775e-06 1
7.371010e-06 1256
2.292915e-06 2
4.737240e-08 4
4.151999e-07 1
6.652806e-06 1
1.153384e-05 1
2.414923e-05 1
1.041585e-05 1
9.707597e-06 2
4.248915e-05 1
1.364209e-05 1
1.134526e-05 254
1.250052e-05 1
1.662481e-06 1
2.709187e-05 5
3.641410e-06 4
6.717598e-06 1
9.473723e-06 39953
3.134219e-05 103
7.234712e-07 3
9.682298e-06 3
1.024457e-05 2
2.059269e-07 1
4.655438e-06 1
2.598950e-05 285306
2.506178e-05 1
2.907517e-07 1671
2.899871e-05 6
2.901449e-05 80
2.630985e-06 1
2.399792e-05 41
1.214282e-05 3
7.699439e-07 1
4.009567e-06 1
3.707676e-05 1
7.347864e-06 1
9.125913e-06 1
4.352433e-06 2
9.063817e-06 1
1.744472e-05 1
3.987799e-06 2
4.490008e-06 22987
4.371915e-06 2
1.779807e-05 1
1.092648e-05 1
5.533090e-06 1
1.378460e-05 1
8.047831e-06 57337
7.042560e-06 2
2.142988e-05 49281
1.002765e-05 1
1.061542e-05 1
4.411171e-05 1
3.073889e-07 2
7.704015e-05 3
4.706398e-07 1
2.162009e-05 1
2.850574e-05 3
5.045420e-06 1
1.648997e-05 1
3.759225e-05 92
1.609375e-05 208
1.603602e-05 1
5.438953e-06 1
2.708339e-05 258
2.431693e-05 2
1.786933e-05 2
1.018863e-05 2
1.416022e-05 2
1.185612e-05 2
1.511328e-05 2
3.355818e-07 1
3.274170e-06 1
1.050951e-05 1
3.611170e-07 1
2.255033e-05 7
5.879171e-06 1
8.069454e-06 2
2.008896e-05 1
2.820281e-05 1
7.338561e-07 3
2.428271e-05 1
6.188594e-06 1
1.913672e-06 3
1.548570e-05 1
6.511348e-07 1
7.608264e-07 1
3.136883e-06 2
1.371342e-06 1
1.235807e-05 1
1.575441e-05 5
2.648471e-05 3
1.903477e-05 2
1.575906e-06 1
2.577759e-06 1
1.165068e-05 6
1.693421e-05 5
6.333325e-06 1
1.421808e-05 1
1.343053e-05 1
2.243157e-07 1
7.174435e-06 1
1.969794e-05 1
1.343001e-05 4
6.533054e-06 238
1.371680e-06 1
7.519854e-06 1
8.214924e-06 1
5.324974e-06 6
4.821098e-05 1
3.363651e-05 1
3.109955e-06 1
1.977112e-08 56418
1.349924e-05 1
5.123362e-06 1
7.655657e-06 1
3.691012e-06 140
9.414532e-06 1
4.507745e-06 3
6.935673e-06 1
8.042303e-08 60790
6.933139e-07 1
3.274891e-05 3
3.544016e-05 3
6.222593e-06 1
3.191514e-05 6
9.186467e-08 3
6.879666e-06 1
1.249911e-05 1
9.575369e-06 168
1.957833e-05 1
1.457146e-05 3
1.527411e-05 767
1.981192e-06 1
9.423223e-06 1
1.422972e-05 1
7.754737e-06 1
2.971985e-06 2
1.357768e-05 1468
2.399155e-05 1
1.046212e-05 5
4.207264e-05 5
2.366354e-05 6
9.063756e-08 1
3.138105e-05 1
1.008054e-05 1
4.414728e-06 1
5.024759e-06 2
3.933262e-06 2
1.488305e-05 7
2.530077e-06 61
1.887231e-05 1
6.780900e-06 1
5.751899e-06 1
4.720297e-07 1050
2.146746e-06 2
1.363759e-05 2
2.215544e-06 1
2.116113e-05 1
2.445182e-05 523
9.060809e-06 1
4.367280e-05 2
4.524556e-05 3
1.823854e-06 3
3.547786e-05 99
6.195118e-06 19761
7.016061e-06 1
1.000983e-05 1
3.018464e-06 5
1.845087e-05 1794
9.277283e-06 7
5.903322e-06 4
3.117699e-06 1624
3.528222e-06 1
4.474174e-06 4
1.989026e-05 5
5.899064e-06 6
8.083174e-06 1
3.591224e-06 1
8.851198e-06 179
9.590428e-07 1
3.244294e-07 2
2.254326e-06 5
2.337176e-06 29
2.415003e-05 6
1.953716e-07 1
1.436494e-05 3
7.056508e-06 5
1.318254e-05 1
1.718364e-06 90
3.556747e-05 5
8.605958e-06 6
8.777393e-06 1
1.068294e-05 6
2.450843e-05 1
1.625456e-06 1
5.886848e-07 1785
5.321710e-06 2028
1.695340e-05 987
1.693009e-05 2
4.277652e-06 1
1.658203e-06 3
7.500959e-06 8762
1.128262e-05 4
2.662822e-05 1
4.161775e-06 1
6.905962e-06 3
6.414715e-06 47485
3.311604e-05 1064
1.650974e-05 1
2.384409e-06 3
5.574987e-05 2
1.067825e-06 1
2.142338e-05 28607
2.360631e-05 6
5.157683e-06 1
2.746671e-06 1
1.713190e-07 1
1.363929e-06 7
8.950084e-06 1
2.494125e-06 1
2.337068e-05 1
2.576038e-05 151
1.597607e-06 1
1.302950e-05 5
1.190254e-05 65830
4.960638e-06 1
2.649950e-06 4
2.453807e-06 1
5.422350e-07 1
1.401461e-05 1
6.908349e-06 916
2.342408e-06 2
1.540226e-06 3
5.165486e-06 2
1.415974e-05 1
6.265309e-07 1
5.707640e-06 1
9.352378e-07 1
2.659595e-05 2
3.317293e-05 1043
2.403520e-05 1
3.810841e-06 1
2.202190e-06 934
7.320986e-06 1
1.986595e-05 220
1.022761e-05 5
2.506971e-05 17079
2.322425e-05 1
7.335998e-06 3
1.843885e-05 7
2.159604e-06 2
4.039620e-06 2
1.910948e-05 15034
8.061502e-06 1
3.859412e-06 1
7.927101e-06 7
4.521308e-07 1
5.222026e-06 1
2.518047e-06 1
4.093417e-05 2
1.786631e-05 2
1.143383e-06 1
2.363374e-07 1
7.027800e-06 3
1.704244e-05 10133
2.977612e-05 3
3.578512e-05 3
2.137025e-05 1
6.044657e-06 1
1.278956e-05 7
8.103988e-06 6
2.446607e-05 1
4.283750e-06 1
3.971385e-06 84
2.417049e-05 3
2.860768e-06 147
2.114074e-05 1
1.985396e-06 1
2.591015e-06 1
1.157242e-05 1
1.119314e-05 1
5.920117e-06 7
1.720009e-05 1
9.570773e-07 3
2.139324e-05 1
5.349753e-06 1
3.662145e-06 1
1.798278e-05 216
1.171209e-06 2
1.526392e-05 306
2.060127e-05 6
3.882474e-06 11
3.472232e-06 1
3.202409e-05 1
1.730881e-05 4
1.680842e-05 1
2.137572e-06 1
1.646095e-06 51
1.089124e-05 1
4.365849e-05 42
3.000181e-05 3
5.927782e-05 7
9.019617e-06 3
8.215011e-06 3
1.345026e-07 2
3.779194e-06 5
1.367035e-05 1
4.752003e-06 1
4.685931e-06 3
3.730365e-05 1
6.360955e-06 3
2.444684e-06 1
3.889731e-05 1
1.872573e-06 167
4.409249e-06 3
1.971161e-05 1
1.343744e-06 202
8.957735e-07 1
1.153495e-05 256
1.214694e-05 2
9.858417e-07 1
9.966479e-07 1
2.023796e-06 110
7.524545e-06 7
6.638013e-06 1
5.034066e-05 1
7.240583e-07 1
7.591134e-06 58658
5.390059e-06 1
1.764804e-05 1
6.258566e-07 1
2.874362e-06 6
4.778727e-06 1
3.529972e-05 1
1.369279e-05 6146
2.386442e-06 3
3.291375e-05 3
2.975651e-06 1
2.268736e-06 1
1.816394e-06 1
8.648244e-07 1
6.713637e-06 1
1.403905e-05 256
7.946861e-06 6
4.542662e-06 1
4.527090e-06 2
5.579696e-06 1
9.924847e-07 4
1.494462e-05 1
3.391983e-06 1
4.561347e-07 2
1.545193e-05 2
4.875099e-06 2
1.571654e-06 1
4.841608e-05 1
1.800596e-06 228
8.535419e-07 7
4.834245e-06 1
2.549875e-05 1
2.274639e-05 1
4.141724e-06 1
2.338977e-06 1
2.194742e-05 134
4.121304e-05 1
3.047753e-06 7
3.699509e-06 1
6.455154e-06 3
4.497802e-05 25071
4.339370e-05 1423
1.016238e-05 1
5.384341e-06 7
7.167727e-06 1
4.596349e-06 1176
1.946490e-06 1
1.132461e-05 1
5.390509e-06 2
2.583715e-05 1
1.235177e-06 1
9.712820e-07 1
1.998759e-05 5
1.429653e-05 3
1.479228e-05 1
3.142189e-06 1
1.889574e-05 2
6.207424e-08 1
2.678639e-06 1
4.796229e-06 1
1.820184e-05 3
2.999590e-05 1
1.392731e-05 3
3.289035e-06 2
2.397781e-06 3
9.482721e-06 7
2.293916e-05 36
1.561092e-05 1
5.805988e-06 1
2.427246e-05 1
1.605297e-06 100
3.150767e-06 1
2.193165e-06 981
7.068141e-05 3
9.450622e-06 6
1.924833e-06 2
1.493244e-05 1
8.587833e-06 1
1.058901e-05 1
1.254274e-06 7607
1.501056e-05 1218
2.110826e-05 1
1.357323e-05 83
2.403146e-05 241
2.205636e-05 1
7.684784e-06 1658
4.401714e-06 1
1.465352e-05 1
2.707633e-06 3
7.396090e-06 7
5.057805e-06 1
8.106892e-06 1
1.254065e-05 1
4.589009e-06 1
2.624983e-06 7
3.209588e-06 3
3.343975e-05 1
1.739220e-05 3
7.049876e-06 1
1.810664e-05 1
1.907656e-05 6
3.053128e-06 1
6.439590e-06 5
4.738552e-06 6
4.862183e-06 1
6.104070e-06 112
1.103427e-05 205
1.701899e-05 4
9.717299e-06 107
1.685097e-05 660
3.389294e-07 1
1.091219e-05 1
6.883743e-06 1
1.933409e-05 1
1.055631e-05 1
1.442208e-06 2
2.198723e-06 1
8.962005e-06 1558
9.888676e-07 2
9.113005e-06 1122
1.627084e-05 1
5.875126e-07 3
1.475488e-05 62
5.357915e-06 1
2.169897e-06 1
1.124076e-05 1
2.431258e-06 45765
8.096609e-06 7
1.177123e-05 1
8.110003e-06 1
1.729403e-05 57141
7.993123e-06 1
5.542446e-06 1
1.760642e-05 1
2.985236e-05 556412
8.029851e-06 1
3.502786e-06 1
9.717431e-06 1
4.007952e-06 2
2.155109e-05 2
2.533285e-05 1
4.621765e-06 1
4.145161e-06 2
1.066482e-05 1
1.953523e-05 4
6.209050e-06 85
1.403088e-05 660167
1.070590e-05 1
9.605344e-06 1
1.731748e-05 1
1.068985e-05 1
7.321309e-06 7
2.778216e-08 1
6.855367e-06 1
1.738607e-06 1
1.561089e-05 65391
1.714114e-05 714
1.800694e-05 1900
6.334426e-06 2
4.123718e-05 1
1.317560e-05 71
1.657592e-06 1
2.426988e-05 3
7.584833e-06 1
4.449159e-06 3
1.865761e-05 621135
5.138816e-06 3
1.506552e-05 227
1.390872e-05 1
3.025505e-05 2
1.143577e-06 2
1.202467e-05 76
1.047903e-05 1
1.632601e-06 3
2.569876e-05 60315
1.124651e-05 184456
1.649402e-05 2
7.512327e-07 2
3.537012e-05 3
9.071879e-06 2
9.243053e-06 1
4.454591e-05 6668
7.319292e-05 132
2.552826e-05 1
5.529643e-06 1
4.004542e-06 3
2.541131e-06 4
3.493511e-05 3
1.980850e-06 25
6.651897e-06 1
7.875797e-06 2000
4.213351e-07 2
1.454243e-06 2
2.134856e-05 1
1.412753e-05 6
3.601469e-05 55
3.468879e-06 1
2.458844e-06 2
2.066178e-05 1
1.306861e-05 2
2.110907e-06 1
3.891866e-06 1
9.273316e-07 753
2.676125e-05 5
2.319529e-05 1
6.200087e-06 1
3.103672e-06 1
3.794916e-05 221
6.823229e-06 1
1.595859e-05 3
1.615483e-05 1
6.243383e-06 1
5.159627e-06 1
1.101001e-07 1
8.820685e-06 1
7.236502e-06 1
1.104635e-05 1
4.713330e-06 1
2.225337e-05 1
1.435081e-06 1
1.525947e-06 2
1.149514e-05 7
9.053111e-05 1
7.265471e-06 1
2.806919e-05 15
1.624378e-06 2
7.890880e-07 224
3.410184e-05 1
1.366459e-05 6
1.038091e-05 7
2.639192e-05 7
2.795465e-06 28654
6.778395e-07 1
3.162097e-06 1
1.532056e-05 1
7.221051e-06 2
9.809357e-06 1
3.655470e-06 1
9.095969e-07 1
9.419015e-07 1
7.481070e-05 7
1.289345e-05 2
3.753139e-06 1
4.170312e-06 1
5.786856e-06 1
2.183875e-05 1
2.140741e-05 1
2.394046e-05 1882
2.882081e-05 1
2.067235e-06 128
1.788566e-05 1
2.302246e-05 4
2.781773e-06 4
2.508942e-06 1
4.154084e-06 129
4.957589e-06 1
8.893560e-06 1
3.457910e-05 1
3.655557e-05 1
3.833497e-05 1
4.971576e-06 3
1.084572e-05 3
8.039984e-06 3
5.203851e-06 3
8.487138e-06 1
4.804918e-06 202
8.222077e-06 1
2.405456e-06 1
8.110567e-06 48698
5.267817e-06 1
6.361952e-06 1
1.104736e-05 3
3.482442e-05 1
3.914061e-06 170
1.999882e-05 2
3.018949e-05 106
2.856719e-05 1
1.749032e-05 1
8.913147e-06 1
3.791520e-06 2
5.158388e-06 1
1.767048e-05 1
1.208255e-05 1
7.393988e-05 1688
1.334575e-05 81
8.475016e-06 1
2.319059e-05 1
6.927566e-06 1
4.698841e-06 1
2.099603e-06 1
8.554397e-07 3
3.014148e-05 2
1.079079e-05 1
1.882605e-06 1
4.321400e-06 3
1.771643e-06 1775
9.745412e-06 312
1.065566e-05 7
6.425361e-08 678
6.681519e-07 1
8.446675e-07 3
1.579271e-05 3
6.058665e-06 1
1.586717e-05 1
4.436925e-06 143
3.077514e-06 208
1.723451e-05 3
4.006923e-06 1
5.480511e-06 3
5.431037e-06 2
1.919526e-05 3
3.770266e-05 90
2.078782e-06 225
7.445308e-06 3
1.519677e-05 1
2.731463e-05 2
7.216860e-06 1
3.896656e-06 1
1.275138e-05 1
5.583113e-06 1
2.143473e-05 1
1.444406e-05 1
1.147191e-05 1
2.653602e-05 1
1.145106e-05 1
1.101875e-05 3
2.018966e-07 1
5.630182e-06 1
1.921778e-06 5
