5.913538e-05 1
2.217430e-05 1
5.034174e-05 3
2.107199e-05 2049
1.295321e-04 2
7.510983e-06 1
7.883942e-06 1
2.171163e-05 2
1.483822e-05 3
1.269476e-05 3
2.430653e-05 7
8.161363e-05 1
7.915734e-05 1
4.409862e-05 1
1.281627e-04 1
3.073620e-05 1
2.418025e-05 1
1.402225e-04 1
1.030736e-05 51
8.458865e-05 3
4.901701e-05 17
1.833407e-05 1
7.384635e-05 5
1.073250e-05 1
8.113969e-05 1
9.360820e-05 7
9.834343e-06 1
9.283701e-05 4
1.768494e-04 1
1.090858e-05 1
1.936687e-06 1
7.047384e-05 15
2.997206e-05 2
1.438831e-05 6
1.551555e-05 42757
5.510688e-05 27
3.095820e-05 2
1.860132e-06 574
4.349988e-05 1
1.581395e-05 2
2.613725e-05 35036
3.525838e-04 1
2.391264e-05 3
5.037688e-05 7
1.800571e-05 3
9.562615e-05 38383
3.741353e-05 1
2.197303e-05 5
1.221839e-04 108
1.400158e-04 1
1.638372e-05 1
2.307024e-05 1
1.836150e-04 261
6.369670e-05 1
3.455997e-05 3
7.133991e-05 1
4.549266e-06 1
4.515131e-05 1
8.711514e-05 1
4.127285e-05 7
8.310180e-05 6
1.131752e-04 2079
3.929521e-05 1
2.097829e-05 1
1.368718e-04 2
3.544517e-06 1
9.121767e-05 3
3.061384e-04 40679
4.785135e-05 7
4.016721e-05 1
1.866884e-05 6
6.870016e-05 1
4.771912e-05 3
1.432190e-05 1
4.857732e-05 2
4.155247e-05 1457
2.526900e-05 1
8.714772e-06 51015
3.879115e-05 1
1.251131e-04 1
9.215419e-07 2
2.281729e-05 233965
4.946880e-05 20
1.935040e-05 1
1.016020e-04 1
3.126061e-05 1
7.037620e-06 7
6.603069e-05 1
1.421127e-04 31094
1.813131e-05 1
9.762308e-05 1
2.963294e-05 1
1.436043e-05 1
3.876543e-05 1
5.929371e-05 1
2.890763e-05 3
2.467185e-05 1
9.003120e-05 107
2.663214e-05 159
5.362705e-05 1
1.853561e-04 2
2.296269e-05 6
1.177173e-04 1
3.715020e-06 3
2.210608e-05 1
9.845480e-05 3
7.537834e-05 1
3.667674e-05 2
3.729151e-05 1
1.583378e-04 1
4.468789e-05 1
5.781319e-05 1
1.744388e-05 5
1.165309e-05 114
2.144033e-05 817
5.047945e-05 1
1.591566e-05 1963
3.304986e-05 1990
5.068757e-05 2025
7.026100e-05 1
3.846022e-05 3
5.016848e-06 1
4.506496e-05 238
4.511974e-06 1
4.560696e-05 1
3.106017e-06 1
1.132789e-04 1
1.344345e-05 1
1.972451e-04 3
7.829430e-06 2
7.471452e-05 1
6.396104e-06 1
8.079714e-05 52653
3.830354e-06 1
6.386811e-05 1
2.605403e-05 2
1.710772e-05 1
9.533065e-05 3
6.602933e-05 1726
8.584188e-06 1
2.266098e-05 1
2.361983e-05 1
1.030856e-05 2
1.701777e-05 6
3.708234e-05 214
2.579669e-06 219
1.451383e-04 3
3.037047e-05 1
9.690694e-06 1
7.194875e-05 1
2.189968e-05 1
5.520236e-05 1
9.466419e-05 2
5.263800e-05 1
3.210753e-05 1
1.766357e-05 1
3.546095e-05 3
4.464770e-05 3
1.674927e-05 1
1.057402e-04 2
3.098806e-05 1774
4.532661e-05 3
1.455387e-05 1
1.498697e-05 1
3.892653e-05 1
9.502546e-05 7
6.424534e-05 1
1.238956e-05 4
1.790052e-04 43
3.544132e-05 1
1.602267e-05 3
4.172992e-05 1
1.120968e-04 1
1.717407e-04 1
2.206485e-05 1
3.462417e-05 1
2.333372e-04 1
1.558741e-05 1
1.325830e-04 1
7.589744e-06 60437
5.079270e-06 123
7.655824e-05 2
5.777386e-05 225
4.986711e-05 1
2.997050e-05 1
9.205036e-05 1
3.538476e-04 2
1.189677e-04 1
6.680083e-06 2
7.039020e-07 3
9.414878e-05 1
1.317702e-04 351
1.105692e-05 1
7.580886e-06 1
2.896191e-05 1
3.292935e-05 1641
5.572316e-05 1
7.257610e-05 18504
1.148714e-05 1
2.954414e-06 3
2.545770e-05 1803
1.920426e-05 1
2.346283e-04 1
5.988239e-05 6
4.965192e-05 1
2.843122e-05 2
8.376651e-05 5
4.786276e-05 43391
4.238770e-05 1
3.187113e-05 1
2.836769e-05 267
2.717018e-05 1
8.355129e-05 37
1.068070e-04 1
1.079476e-05 1
3.589470e-05 1
1.580958e-05 1015
1.037015e-06 1
1.012383e-04 1
1.137854e-05 142
9.264226e-06 1402
3.115622e-05 2
9.399358e-05 1
3.284404e-05 1
6.320648e-07 6
2.616668e-06 1
2.818151e-05 1
1.256248e-04 1
1.318028e-05 7
2.515273e-05 1
1.398333e-04 1
4.058085e-05 93
1.036721e-06 21
1.646095e-05 1
2.183219e-05 1
6.523949e-05 1
2.561414e-05 2
5.361067e-05 1
3.358497e-06 6
1.114137e-05 1
3.984964e-05 6
3.116320e-05 1
8.353541e-05 1
1.856171e-05 1
1.981297e-05 2
2.145280e-05 1
1.269533e-04 2
2.057374e-05 84
8.583307e-05 2
8.562084e-05 1
1.027132e-04 1
2.275520e-05 3
6.040390e-05 1
5.585341e-05 7
7.128344e-05 4
6.158241e-06 647
1.369992e-05 1
4.263461e-05 1
3.780590e-05 1
6.052349e-06 56
2.318433e-05 35261
2.544705e-04 4
2.390617e-05 1
6.774377e-05 1
7.905968e-05 6580
1.002474e-04 2
6.121871e-06 196
1.913422e-05 1
8.346037e-05 1
7.945217e-06 1
2.966135e-05 1
1.818597e-05 3
5.097121e-05 2
5.191947e-05 31
1.540138e-04 1
9.777655e-05 58889
3.075402e-05 152
1.355892e-04 193
2.285499e-06 1
3.324816e-05 3
1.239879e-04 1
7.547551e-06 1
5.909132e-06 2
3.448797e-05 1
5.121144e-06 1
7.995176e-05 1
3.453870e-05 1
5.978303e-05 1
2.761497e-05 5
5.457771e-05 7
1.524930e-04 1
2.029230e-06 1
3.771735e-05 238
1.419408e-05 1
7.130933e-06 1
2.788494e-04 4
1.657483e-05 228
3.189296e-05 1
4.134543e-05 1
1.746081e-04 1
1.298386e-04 3
2.719011e-04 14094
6.618846e-05 209
1.866899e-05 1
2.946595e-04 1
7.339257e-05 4
4.368499e-05 75
1.565570e-04 4
1.357297e-04 5
6.301985e-05 2
1.266109e-04 3
1.436103e-05 1
8.830486e-06 1
1.312195e-04 1
2.848794e-05 3
8.415316e-05 1
8.351247e-05 1
3.895394e-05 2
1.215247e-04 1
6.803760e-05 1
5.411494e-06 3
4.438254e-05 3
4.721900e-06 1
3.470054e-06 5
2.379651e-04 3
2.308998e-04 1
6.985372e-05 1
2.364547e-05 3
8.482829e-06 1
4.354509e-06 1
3.664827e-05 1
1.179232e-05 4
6.637547e-06 11355
3.555001e-04 148
8.358074e-05 51
4.866009e-05 6
2.482364e-05 1
8.793730e-05 3
2.175193e-05 238804
2.393022e-04 2
7.714400e-06 3
2.373827e-05 4
8.922270e-08 1
2.365958e-05 1
1.145118e-05 1
2.903050e-05 1
1.947920e-05 4
3.228784e-05 171
8.577782e-05 1
3.528492e-05 3
1.027089e-04 1
3.189884e-05 1
4.141834e-05 6
2.289018e-05 1
4.131648e-05 49182
3.986512e-05 1555
1.672198e-04 3
2.268913e-04 5
1.942063e-05 7
2.731188e-04 2
5.830077e-05 1
1.569899e-04 6
3.035060e-05 2
6.061118e-05 17419
2.302768e-05 55
4.239204e-05 1
3.611083e-05 1
1.036239e-04 1
4.880368e-06 1627
1.291816e-04 3
1.060656e-04 1
3.916816e-07 1
9.035530e-05 1
1.988940e-04 212
4.458569e-05 2064
7.251541e-05 3
5.616932e-05 1
4.586772e-05 1
8.968556e-05 299
1.074612e-05 1
7.520375e-05 1
7.789758e-05 3
9.538746e-05 2
1.639458e-06 3
4.823298e-05 1
1.744821e-05 1
8.715424e-06 1
1.774078e-04 3
3.648215e-05 1
6.567614e-05 1
2.073169e-05 3
8.680762e-06 2
3.730894e-05 3
4.120089e-05 1
4.444287e-06 1
5.671371e-05 1
2.362429e-05 1
7.928734e-06 1
9.397040e-06 1
7.348140e-07 4
1.027156e-04 3
6.544828e-05 2088
2.265438e-06 3
1.687136e-05 1
8.001974e-05 1
1.796040e-04 142
3.490212e-05 155
1.151703e-04 221
1.513952e-04 1
4.785726e-06 1
8.811393e-06 2
1.290413e-04 3
1.488966e-04 1
3.463533e-05 1
3.460185e-05 2
1.201574e-04 3
3.450581e-05 1
3.687843e-05 1
6.487971e-06 1
1.004249e-04 1
1.934542e-05 1
2.843799e-05 1
6.812659e-05 1
5.449853e-05 1
4.242717e-05 1
1.972197e-05 1
3.365423e-05 1
4.862539e-05 2
5.593755e-05 1
1.009543e-04 1
5.412073e-05 3
5.167662e-05 3
5.314995e-07 2
4.312626e-05 43480
8.415258e-05 1
1.987894e-05 1
1.160189e-04 2
1.852457e-04 185
8.597518e-05 1
1.932396e-04 1
8.408063e-06 5
1.023751e-04 1
1.196080e-05 1
2.703612e-05 1
4.051896e-05 2
1.189065e-04 1
6.516942e-05 741
3.700868e-06 2
2.046616e-05 2
6.607659e-06 1
1.661244e-04 1
6.554862e-05 2
1.430226e-04 3
7.418552e-05 1
3.607268e-05 3
6.670669e-05 1
2.427323e-05 1
1.329203e-05 1856
1.511522e-05 1
2.991777e-05 6
6.648727e-06 2
3.212055e-05 2
6.321241e-05 1
1.856120e-05 1
8.485021e-05 1
6.014797e-06 1
8.649179e-06 627
1.244478e-07 1
1.201794e-04 1
3.312481e-05 39961
9.800995e-06 1
1.419620e-04 1
1.345416e-05 157
9.753304e-06 442
1.890626e-05 1
3.586285e-05 1
1.451255e-04 1
2.577903e-06 234
1.092763e-05 7
1.020892e-05 1
3.817657e-05 6
2.623059e-04 1
3.361324e-05 1
9.739690e-05 3
1.180287e-04 3
2.271511e-05 211
5.028984e-06 1
5.477369e-05 1
9.051376e-06 1
4.896197e-05 1
1.522213e-04 4
4.174800e-05 5680
5.753054e-06 2
7.594570e-05 1
8.782121e-05 3
2.122005e-05 57
5.550041e-06 1
2.912230e-05 274
4.651533e-05 184
2.599325e-05 1
5.328526e-05 1
4.396028e-05 7
1.081040e-04 110
2.260695e-05 1
2.730252e-05 1
1.937593e-06 1324
2.691093e-05 3
4.457303e-05 1
4.272425e-05 1
1.142964e-05 1
4.645703e-06 2
2.376290e-05 56622
4.839358e-05 1
6.643886e-05 7245
2.177035e-05 1
2.474975e-05 1
6.086247e-05 1
9.304399e-07 1
6.623034e-05 1
9.155773e-05 1
2.678693e-05 1
3.634145e-05 5
3.686325e-06 2
1.014953e-04 1
1.132380e-04 1
5.006879e-05 1
1.411826e-04 1
9.352554e-05 27005
4.674542e-05 2
1.359349e-04 1
4.876219e-06 43602
7.113182e-05 1
1.481814e-04 1
6.466588e-07 2
1.405339e-04 1
1.033379e-04 1
1.758831e-05 1
2.677897e-05 225
1.686459e-04 1
2.520187e-05 1
1.784613e-05 1
1.129618e-04 225
7.495936e-06 2
3.682503e-05 1
1.128368e-05 155771
9.921416e-05 1
5.181906e-05 2
1.255557e-05 1540
4.560986e-05 50
9.375519e-05 1
1.248807e-06 1
4.585970e-05 3
2.676841e-05 2
3.442456e-05 1
3.810460e-06 1
2.707212e-05 1342
5.873394e-05 175
5.506572e-05 2
8.349028e-05 2
7.654854e-06 3
8.069466e-05 222
2.229828e-05 228
1.720651e-04 62217
1.006759e-04 1
1.026423e-04 1
2.372026e-06 1
1.623998e-05 1
5.797809e-05 1
7.267672e-05 1
6.496668e-05 6
2.199273e-06 1
3.265061e-05 1
3.609068e-04 1
4.302050e-05 1
2.286749e-05 1
1.222575e-04 151
1.595735e-04 1247
9.192578e-06 3
1.846688e-04 944
3.380014e-05 1
5.371124e-05 33021
7.726084e-05 1387
1.034191e-04 1
3.162563e-06 1
7.127445e-05 1
5.191588e-05 246
8.127878e-05 3
4.155357e-05 1
9.406231e-05 1
7.223508e-06 7
1.673560e-05 49
5.865518e-05 610
2.238913e-05 1
1.189107e-04 1
2.912013e-05 96
2.817861e-05 3
9.629481e-05 3
2.531006e-05 1
1.550200e-07 3
9.048953e-05 764
5.478947e-05 1
3.699773e-05 7
2.419924e-04 1
1.640897e-06 1
1.731861e-06 1
1.960661e-04 3
3.007466e-05 1
2.839983e-05 3
1.622610e-05 258
8.371473e-05 2
1.057357e-04 1
5.334892e-05 1
5.081680e-05 4
5.729381e-05 149
1.262253e-05 1
2.765606e-05 2
9.271340e-06 189
6.346476e-05 1
4.373033e-05 3
9.174330e-05 201
7.942160e-05 3
6.864124e-06 1
3.840505e-05 1
7.178784e-05 1
2.266009e-06 1
1.023085e-05 7
8.069800e-05 265
5.270651e-06 1
1.355435e-05 1
3.112118e-05 183
1.138451e-04 140174
2.732277e-06 3
1.055816e-04 1
1.481232e-04 242
2.056460e-05 3
1.105850e-04 131
6.421408e-05 5
3.248139e-05 207
3.143810e-05 1
5.467856e-05 3
1.543788e-05 5
3.415993e-05 3
7.801915e-05 4
1.258396e-04 1
3.682751e-05 2
8.037454e-05 1
5.557246e-05 1
8.397784e-05 1
2.263812e-05 5
3.967129e-05 1
2.185650e-05 24052
2.948232e-04 4
3.172448e-05 1
1.395045e-04 1
7.981635e-05 1
4.938674e-05 180
2.359618e-06 7
1.592763e-05 3
2.919417e-06 1
3.185550e-05 1
3.241644e-05 5
6.777854e-05 1
7.284951e-05 46
1.088340e-05 1
7.718137e-06 140
1.624725e-04 2
1.457719e-05 3
9.240614e-05 1
9.604728e-06 4
5.053918e-05 2
1.491608e-04 1
2.357773e-04 1764
8.154307e-05 3
9.562806e-05 1
3.349850e-04 122
4.908021e-06 1
7.110180e-05 2
2.786691e-05 199
3.456945e-06 1
2.359775e-05 16107
7.357403e-05 1
3.857451e-05 7
1.377064e-05 1
9.311909e-05 1
9.158262e-06 1
4.335967e-05 1
6.422681e-06 1
1.537499e-05 2
1.870219e-05 1
1.744991e-04 3
3.085432e-05 134
1.117118e-04 1
4.837291e-06 7
2.365008e-05 1
6.353323e-05 1
3.423107e-05 3
4.999818e-05 179
6.828559e-05 2
3.040781e-05 1
1.490192e-05 2
1.907345e-04 171
5.993023e-05 178
1.620598e-04 1
6.684411e-07 1
1.207121e-05 2
1.089411e-04 1
1.200249e-04 1
1.501315e-04 1
1.326781e-04 239
7.964161e-05 18883
9.250540e-05 148
2.660727e-06 1
2.003591e-06 51
2.135329e-05 2
3.528212e-05 4
1.091891e-04 1969
1.225086e-05 1
6.371714e-06 1
3.385975e-05 17
1.428196e-05 1
1.454851e-05 1
2.737498e-05 1
8.640508e-06 633
2.005951e-05 3
1.974754e-05 6
6.652698e-05 31
1.699024e-04 526
2.455613e-04 1
6.556621e-05 6
2.660846e-05 1
1.014269e-04 1
3.081847e-05 1
6.095507e-05 6
7.731990e-05 1
4.535163e-05 3
3.518199e-05 1
1.937201e-05 92
2.511013e-05 2
5.752518e-06 1
5.856132e-05 2
6.205736e-06 34566
3.208027e-05 1
1.170125e-04 7855
1.957779e-06 6
6.300518e-05 3
2.504336e-04 1
6.246365e-06 1
7.294961e-05 1984
4.850840e-05 1
2.139669e-05 2
1.413059e-06 100
4.399095e-05 267
1.173775e-05 1
2.246519e-05 1
4.031949e-05 3
2.665925e-06 1
1.593286e-04 1
1.058492e-06 1
6.663577e-05 72
1.383070e-04 1
2.120292e-05 6
2.882913e-05 1
5.470518e-05 2
2.923786e-05 1
7.272501e-05 1
7.532515e-05 608
4.643022e-05 1
1.453055e-05 1
2.197828e-05 1
5.090292e-05 1
1.561156e-04 1
2.287429e-06 1
1.458530e-05 2
4.480312e-05 1
5.819191e-05 1
9.342219e-05 1
1.443665e-05 2
1.620836e-05 173
3.897511e-05 3
1.209495e-05 5
1.529755e-06 2
1.698893e-05 3
8.414648e-06 7
5.375941e-05 1
7.384358e-06 4688
1.186717e-04 1
3.455833e-05 1
3.563612e-05 1
1.885096e-05 5
1.480061e-04 3
3.072602e-05 1
4.788772e-05 1
1.717489e-05 1
8.061619e-05 2
8.880615e-05 3
8.595124e-06 289311
3.764721e-05 211
6.184297e-05 1
3.106891e-05 256
2.886576e-05 609
4.436185e-05 1
2.379059e-05 96
8.111745e-07 1
1.155287e-05 18
2.120689e-04 1
1.853021e-05 1
3.679633e-06 2
1.176266e-04 1
3.056249e-05 1
2.304554e-05 1
5.744930e-06 187
1.105331e-04 1
6.897837e-06 7
2.184443e-05 1
4.323403e-05 1
9.110140e-06 1
9.695647e-05 1
9.877152e-05 1
3.624350e-05 1
2.963440e-06 1
3.993087e-05 1
3.142964e-05 1
2.799750e-04 1
2.621238e-06 3
5.211358e-05 1
1.107460e-04 3
7.728094e-05 4
2.473569e-05 59631
1.455801e-04 1
4.101572e-06 234
4.422529e-06 1
1.373657e-04 4
1.456762e-04 1
2.241769e-05 1
5.512466e-06 6
1.546423e-05 34
3.730562e-05 2
5.034128e-05 2
2.167211e-04 1
1.995349e-05 310652
2.543532e-04 1
7.443597e-05 7
6.029253e-05 4
1.521502e-04 1
1.324088e-04 2
1.275046e-06 1
7.246134e-05 1
1.093978e-04 39429
1.682863e-04 1
1.998910e-05 2
7.691741e-05 3
8.033163e-05 309
2.848876e-05 1
2.499727e-05 1
1.096317e-04 1
6.346193e-05 6
2.475757e-04 161
3.745756e-04 1
5.519565e-05 3
1.578409e-04 1
1.328288e-04 1
6.570107e-05 1
7.803473e-05 7
8.325275e-06 1
8.277254e-05 1
2.094626e-05 2
5.064838e-05 1
1.386842e-05 2
4.630228e-05 1
2.432379e-05 1
5.116255e-05 1
1.348215e-04 1
3.849725e-05 1
1.813773e-05 1
6.239201e-06 1
4.401330e-06 2
1.467374e-04 1
1.484295e-05 1
9.346011e-05 1
2.372784e-04 2
7.767059e-05 482
2.992978e-05 1
2.763713e-05 1
7.246428e-05 153
1.914289e-04 5
7.942244e-06 2
1.026885e-04 178
9.987484e-05 1
5.481342e-05 148
3.350785e-05 1
8.399871e-05 2
4.690205e-05 1
2.171089e-04 80
1.405325e-05 7
9.533587e-05 71
2.632257e-06 2
1.421429e-05 1
7.441554e-05 1
4.595683e-06 3
2.032412e-04 1
6.720837e-05 1
8.611248e-05 2
8.094740e-05 488493
5.253751e-06 4
1.273336e-04 1
8.048337e-05 4
3.543824e-05 289580
6.151326e-05 1
8.572599e-06 4
1.586613e-04 1
3.708202e-05 2
6.070164e-05 1
4.279855e-05 7
7.579557e-05 6
2.996180e-05 1
9.326163e-05 28967
1.151882e-05 3
2.934138e-06 2
1.459888e-04 1
5.395974e-05 2
4.261744e-06 46774
7.850592e-06 2
1.211868e-05 2
1.179752e-05 1
7.051953e-05 1
3.352985e-05 3
3.851347e-05 1
1.137136e-05 1
1.079421e-04 1
1.193803e-05 336
2.848552e-05 7
3.425163e-06 3
1.016716e-05 2
2.014724e-05 7
8.078592e-06 1
6.410198e-05 3
1.083854e-04 1
5.096090e-05 1
1.827131e-05 1
3.009298e-04 74
1.045618e-05 105512
2.502003e-05 1
1.304832e-04 873
5.272154e-07 2
1.778298e-04 2
1.680428e-05 1
4.676942e-05 1
6.698750e-05 1
6.305242e-05 13
2.721343e-05 1
7.086802e-06 3
2.477821e-06 1
4.797210e-05 102
6.064492e-06 1
1.563261e-05 1
1.767249e-05 1
2.790364e-05 1
2.011678e-04 53449
8.958528e-05 1
1.037444e-04 2
6.408899e-05 1
2.763450e-05 1
2.215347e-05 2
2.315502e-04 2
1.953390e-05 3
4.499205e-05 1
4.492985e-05 1
1.183465e-04 3
8.204835e-05 2
4.512069e-05 3
4.172846e-05 1
1.341717e-06 1
3.011373e-05 17
7.246720e-05 1
8.197174e-05 1
6.418390e-05 1
8.627185e-05 1
2.377426e-05 25
2.046341e-05 3
8.765395e-06 1
4.467779e-05 1
1.956371e-05 2
1.181373e-04 5
6.917526e-05 1
1.591135e-04 7
1.059484e-04 15013
3.968753e-05 1
8.654865e-05 6
1.803976e-05 163
4.686593e-05 1
1.345333e-04 1
1.990734e-05 126
1.092945e-05 3
1.610689e-05 3
9.918187e-06 1
3.227056e-05 1
1.253673e-04 1
1.625579e-04 1
2.965308e-05 6
1.014193e-04 3
4.674507e-05 1
2.719426e-05 238
3.016794e-05 159
8.168776e-05 1
2.404742e-04 1
6.583770e-05 1
3.056203e-05 1
6.701136e-05 6
5.388188e-05 1
4.971852e-05 1
1.889347e-04 1610
2.687645e-05 1
1.055267e-05 1
3.177854e-06 2
5.427588e-07 1
2.253883e-05 1
9.669853e-06 6
9.833806e-05 3
3.141709e-06 1
1.165146e-04 1
2.656062e-07 1
2.821120e-05 1
1.228386e-05 6
3.753262e-05 3
4.212252e-05 5
1.418660e-04 1
8.131325e-05 2
6.916937e-05 3
6.812382e-05 3
5.659958e-05 1
5.882126e-05 1
2.860227e-05 1
1.464557e-05 348
2.106759e-05 1
4.934463e-05 1
1.102015e-04 3
9.539482e-05 2
1.026998e-05 2
1.642276e-04 42815
5.077766e-06 3
4.167060e-05 24923
2.062464e-05 1
4.719676e-05 1
1.053846e-04 1
1.044093e-04 74
1.158995e-04 22365
4.359658e-05 554210
2.373723e-05 2
3.386565e-05 1
2.376614e-05 1
5.098630e-07 1
4.203016e-06 1
3.217767e-07 6
2.427996e-06 7
2.480568e-05 1
3.215347e-05 3
1.539539e-05 1
3.603639e-06 1
8.070248e-05 2
3.954872e-05 2
1.753620e-05 1
4.909944e-06 1
7.677814e-05 1
1.905791e-04 1
7.782070e-06 1059
9.875696e-06 1
7.552906e-05 3
8.959588e-05 1
5.694779e-05 171
7.776124e-05 1
4.116916e-05 5
3.914290e-05 1
1.918059e-04 1
2.178612e-05 5
4.705599e-06 158
8.131844e-05 2
5.098786e-05 5
2.268327e-05 1
5.720509e-05 1
3.631510e-05 300907
1.038526e-04 1
4.132074e-05 1
1.071256e-06 2
3.907112e-05 1
1.913984e-04 2
6.562509e-05 1
8.329953e-05 1
2.548073e-05 1
1.367494e-04 3
5.188448e-06 1
7.669869e-05 3
5.693525e-05 57
6.779560e-06 991
9.905037e-05 1
4.952952e-05 1
6.715764e-05 6
2.293851e-05 1
8.197580e-05 2
5.383160e-05 5
2.953132e-06 3
3.767700e-05 2
9.041422e-06 7
4.791020e-05 1
6.427294e-05 1
7.879155e-05 1
5.140492e-05 1569
2.069126e-04 1
3.558343e-05 1
3.946771e-06 1
7.515358e-05 1
5.011791e-05 1007
2.131740e-05 96
1.884413e-05 1757
9.664965e-05 1
3.932848e-06 1
1.800602e-04 1
1.929294e-05 1
2.540788e-05 134
1.535222e-05 1
5.994649e-05 2
1.159033e-05 1
8.784122e-05 3
1.005570e-04 186
5.654666e-05 80
2.783252e-05 1
1.560191e-04 1
5.567289e-06 1
8.656748e-06 3
2.081040e-05 1390
1.393802e-04 5
1.595986e-04 2
7.080008e-06 1
2.269933e-06 1
1.281695e-04 3
4.368211e-05 3
1.020782e-04 1
1.537578e-05 196
2.101821e-05 3
2.311147e-05 1
2.627516e-05 1361
1.816071e-05 1
2.129989e-06 2
2.723517e-05 1
5.025752e-06 1311
8.328628e-06 3
2.707631e-05 1
2.873670e-05 1
1.055340e-04 1
1.539275e-05 1
1.361086e-04 2
9.170788e-06 4
4.121299e-05 1
3.611092e-05 2
1.192768e-04 1
5.299605e-05 5
1.165617e-04 1
1.210972e-04 6
7.789112e-05 2
5.940165e-05 261
2.941573e-05 3
1.344887e-04 4
5.533475e-06 1
1.782925e-04 138438
4.117523e-06 1
2.875199e-06 1
1.577331e-05 35473
2.534512e-05 3
1.287632e-04 1843
5.821940e-06 1
2.599221e-05 2
6.744418e-06 1
2.006890e-05 3
9.106471e-05 36803
6.239753e-07 1
2.642110e-05 1
3.440838e-06 1
8.723034e-07 1
5.685365e-05 23628
8.817437e-06 11
1.664818e-04 3
2.196125e-05 1
8.436724e-06 1
5.144363e-05 5
5.481513e-05 1
1.357908e-06 1
1.828834e-05 1
6.722498e-06 3
2.765469e-05 1
6.530012e-05 2
8.539305e-05 1
4.114392e-06 1
2.952371e-05 6
4.199492e-05 1
5.778322e-05 1
5.143948e-05 6
2.956318e-06 3
3.711946e-05 1
1.561727e-05 1
2.184994e-06 1
1.579156e-04 7
1.753508e-04 1
9.061390e-05 114
6.762420e-05 7
5.965872e-05 2
1.503152e-05 1
7.505716e-06 1
2.825600e-04 38
2.783781e-06 1046
7.730676e-05 2
7.446629e-05 3
1.692571e-05 1
1.055419e-04 7
1.016029e-05 1
1.452578e-05 1
4.055470e-05 3
3.990073e-05 1
1.020056e-04 1
2.236266e-04 1
1.443517e-04 6148
2.624914e-05 1
5.746966e-06 2
9.276546e-05 1
1.976715e-05 1
1.831609e-04 132
4.419816e-05 1
3.273316e-05 3
3.440151e-05 1
1.179412e-04 1
1.031325e-05 79
7.571968e-05 3
3.035124e-05 181
4.789462e-05 2
1.379244e-04 853
2.575123e-05 135
6.139616e-06 3
1.906369e-04 40287
1.293620e-05 4
2.244865e-05 1
9.695675e-05 1906
4.820366e-06 1
5.881187e-05 202
1.405367e-04 2
8.062746e-05 2
6.785774e-05 1
3.403343e-05 5
6.818065e-05 1
2.882505e-05 2
5.609197e-05 1
1.584473e-05 1
1.561923e-05 39827
9.865580e-06 1
7.001148e-05 1
7.609295e-05 2
1.628004e-04 152
1.197074e-04 57151
3.387947e-05 1
1.042677e-04 1
6.706906e-05 2
1.134989e-05 4
7.320506e-05 2
2.433742e-06 1
6.651794e-05 3
2.157962e-04 694
2.455401e-05 876
6.379209e-05 3
7.080669e-05 3
8.132360e-06 7
6.930059e-06 5
2.866182e-05 1
1.958106e-05 1
1.523476e-04 3
2.335570e-04 1
2.215135e-04 7
5.178409e-05 5
1.051935e-04 81
2.472693e-04 1
4.804777e-05 6
1.836999e-05 1
9.853195e-06 1
5.522548e-05 1
7.610065e-05 1
1.403752e-04 3
1.218837e-05 1
4.615237e-05 179
5.712851e-05 38
7.579750e-06 1
4.846377e-06 2
2.715006e-05 4
3.085217e-05 1
8.971919e-05 4
5.264580e-05 1
7.586538e-06 2016
1.439015e-05 2
4.900600e-05 2
1.656714e-04 4
6.076776e-05 3
2.065591e-05 1685
1.494621e-04 193
3.608388e-05 160
8.628580e-06 1
8.871783e-05 1
4.162770e-06 1
1.084378e-04 50
3.942199e-05 3
4.387857e-05 41
2.536369e-04 1
3.642802e-05 1
1.221144e-05 1
1.626198e-04 1
8.455388e-06 1
9.962926e-05 1488
2.477887e-05 2
3.315480e-05 1
1.109995e-04 1
1.422651e-04 1
2.099894e-05 1
4.219897e-05 1
6.214105e-06 1
3.968535e-05 1
1.232003e-04 3
6.744585e-05 1
2.038596e-05 221
8.560953e-05 94
3.854598e-05 2779
7.497238e-05 1
3.116144e-05 1
5.073962e-06 1
1.207760e-04 105
2.084970e-05 3
4.660385e-05 6
7.701263e-06 1
1.896459e-04 1
8.439965e-05 1
9.479006e-06 3
1.382984e-04 1
2.408368e-05 30922
5.715927e-05 138
3.462830e-05 4
7.031591e-06 4
1.260965e-05 1
8.080779e-05 1
3.379743e-05 48
4.798300e-05 1
6.941640e-05 2
2.742185e-05 1
1.994456e-04 1
1.981456e-04 2
1.531307e-05 1
2.563162e-05 1
1.186895e-04 1441
2.274540e-04 38
1.282440e-05 1
4.447439e-06 229
2.875301e-05 54853
2.364813e-04 1
1.112343e-04 1
2.392672e-05 6
7.472995e-05 1
4.962103e-05 59
1.381016e-05 6
1.051235e-05 2
3.417233e-05 1
2.200120e-04 4
1.690815e-05 1
4.381380e-05 1149
7.325548e-06 1
1.034749e-04 3
1.369485e-04 4004
4.568858e-06 1
1.028525e-05 55167
5.790791e-05 1
2.470265e-05 24769
1.071876e-04 3
1.601437e-04 1
1.512895e-04 1
1.285357e-04 3
3.357806e-06 2
1.039104e-05 1
8.692826e-05 1
1.180024e-04 1314
4.524500e-06 1
1.174354e-04 4
7.179803e-05 2
5.077836e-05 73
2.508469e-05 1804
2.798613e-05 1
2.188403e-05 50110
2.564813e-05 1
1.228594e-04 3
1.596009e-05 1
4.768521e-05 1
4.647561e-06 1
7.709075e-06 2
2.283619e-05 1
1.976718e-04 1
2.338249e-05 1
6.472113e-05 1
6.754817e-05 2
2.016517e-05 756
2.089348e-05 7
2.447022e-05 1939
2.231978e-06 19668
2.082431e-05 2
8.641878e-06 17671
5.450244e-06 42011
6.936490e-05 1
7.939949e-05 2
2.160294e-05 1
3.501171e-05 1
3.281944e-06 1
2.037845e-04 1
9.343205e-05 3
4.109698e-05 2
4.946147e-05 2
4.603129e-06 1
4.245464e-06 1
6.567749e-05 1
8.072171e-05 35
4.740318e-06 3
4.248571e-05 54849
3.046541e-05 1
2.242946e-05 1
1.016313e-05 2
4.475449e-05 1
8.031209e-06 1
8.620771e-05 1966
2.993649e-05 1
1.030994e-04 1
4.710781e-05 2
1.559209e-04 1
4.050959e-06 1258
5.826694e-05 57640
3.261470e-05 4
1.360859e-04 1
3.006686e-05 1
2.484398e-05 227
8.797488e-06 12716
3.632588e-05 4
1.930208e-05 4
6.043108e-06 6
3.339735e-05 1
1.328496e-05 1
1.316729e-04 1
4.654926e-05 3
2.058937e-05 2
1.620012e-04 1
3.159177e-05 7
2.540680e-05 1
8.147093e-06 1
3.861382e-06 1
2.771189e-04 1
8.929002e-06 2
1.206187e-05 5
7.225628e-05 1
3.047549e-05 18
1.567389e-06 3
4.063840e-06 1
4.264171e-05 1
3.376783e-05 49
1.173761e-05 38
3.417105e-05 1
4.609781e-06 3
3.951260e-05 29052
1.858062e-05 1
5.701361e-05 3
1.418297e-05 1
8.019449e-05 43
4.543760e-06 46025
1.294817e-04 1
6.487101e-05 1637
1.407729e-04 3
1.049709e-05 1
7.638730e-05 1
2.948045e-05 1
1.930970e-05 27812
1.317256e-04 1
1.968757e-05 53489
1.089569e-05 1
5.477697e-05 3
3.606322e-05 1
1.910817e-05 2
3.546660e-05 1
4.685664e-05 189
3.670107e-05 1
7.927417e-05 1
6.005500e-05 6
4.607693e-05 1
1.467970e-04 1
5.678325e-05 1
3.848023e-05 1
7.779919e-05 2
3.496913e-05 1
1.034448e-04 199
1.578501e-06 7
4.569604e-06 1
1.201709e-05 1
7.463720e-05 2
1.640414e-05 2
1.235414e-04 1
1.600306e-05 6
1.968794e-04 3
5.893502e-05 1
4.312801e-06 2
1.454554e-04 7
8.521002e-05 1
5.210687e-06 1
3.094697e-05 2
2.063245e-05 1
1.799847e-05 3
5.350503e-06 1
2.577007e-04 1289
4.319759e-05 261
4.510764e-05 1
1.305304e-05 1
3.911220e-05 3
7.696480e-05 1
4.507016e-06 1
4.410539e-05 1
5.540323e-06 1
3.089741e-05 1
2.467570e-05 1
5.244237e-05 6
9.490005e-05 6
4.117386e-05 4
5.680788e-06 4
1.200382e-04 1
2.544829e-06 1
4.733840e-05 3
1.166127e-05 1
8.703297e-05 2
1.245942e-05 4
1.948424e-05 49949
2.751426e-05 1
1.496378e-05 1
2.108893e-05 1
5.079977e-05 1
4.578545e-05 1
4.713750e-05 2
1.036746e-06 1
4.999179e-05 1
3.664357e-05 1
4.313392e-07 1
1.796776e-05 5
2.723069e-05 1
1.940323e-05 191
1.504479e-04 88
9.069785e-05 2
4.384729e-05 1
6.557790e-05 629
1.599926e-04 3
3.472101e-06 1
5.983173e-05 1
3.136750e-05 1
2.245937e-06 2
1.214536e-04 1
3.672574e-06 1
6.985349e-05 3
4.969586e-05 1
1.101527e-04 1
1.255343e-05 728
2.222825e-05 7
5.195407e-05 1
8.164745e-05 1
4.139757e-06 1
1.171362e-04 3
4.835751e-06 1
5.309813e-05 1
1.911250e-06 1
1.139230e-04 1
1.051178e-05 1
2.088961e-05 3
2.946275e-05 1
7.567084e-06 1
4.120589e-05 2
1.341084e-05 1
6.979030e-06 1
4.854759e-06 1
3.503743e-05 2
5.983939e-06 1
1.451062e-04 142
6.550298e-05 593530
9.527969e-05 1
6.741309e-06 1
1.023068e-04 1
1.874531e-05 3
8.179558e-05 7821
1.718196e-05 1
6.283631e-05 1
2.171167e-05 2
1.814642e-05 2
1.824501e-05 11767
1.430153e-04 3
9.840752e-07 46725
3.067343e-05 1
2.215218e-05 1
1.311970e-04 7
3.983989e-05 1
6.042543e-05 1
1.728522e-04 3
5.570926e-05 1
4.495276e-05 2
1.726367e-04 1
1.935939e-05 1
1.306727e-05 3
2.467816e-04 2
1.256100e-04 6
5.373070e-05 1
3.026043e-05 2
1.018973e-04 4
9.582883e-05 1
2.816492e-06 1
2.983475e-05 1
2.868684e-05 1
3.378829e-05 1
1.050148e-04 3
4.945233e-05 1
8.309288e-06 1
2.599962e-05 1
2.516144e-04 1
4.105949e-05 1
5.231368e-05 1
7.897975e-06 1
3.431758e-05 1
3.159018e-05 1
9.546682e-08 4
1.474614e-05 1
1.141109e-04 3
4.717678e-05 1
1.136180e-04 1
8.745428e-05 3
1.281367e-04 275
1.713135e-04 1
3.211754e-05 1
6.567862e-05 1
1.383826e-04 1
3.839148e-05 1
1.824004e-05 212
6.351901e-07 1
1.454636e-04 1
7.367183e-05 2
1.717279e-04 1460
7.410857e-05 20203
9.251614e-06 2
1.328415e-05 1455
1.505872e-05 2
2.226646e-05 215
3.024167e-05 3
4.401644e-05 1
1.563140e-04 1228
1.351723e-04 1
3.036720e-05 1
2.640933e-05 1
6.656140e-05 1
9.660401e-06 1
2.377854e-05 2
3.634691e-05 1
2.582227e-04 1
3.730666e-05 3
2.413583e-05 1
1.437430e-05 2
7.243880e-05 1
8.748769e-05 3
1.155685e-04 1
1.410492e-05 1
1.134773e-05 1
2.941419e-05 2
6.908090e-05 170
4.318145e-05 1
6.185456e-05 1
1.293697e-04 3
1.117979e-04 1
1.686974e-04 1
2.239839e-06 6
1.826671e-05 2269
1.829064e-05 1
2.271249e-05 3
6.421865e-05 2
8.368106e-05 1
1.592527e-04 1
2.481184e-05 1
7.054663e-05 2
4.761312e-05 198
8.532041e-06 1
2.239185e-05 181
5.838369e-06 82
1.529544e-04 3
2.894202e-06 201
7.853847e-05 1
7.202936e-05 1
5.713531e-05 5
1.557971e-05 1
6.488618e-05 3
1.498274e-05 3
2.202918e-05 1
5.303373e-07 1
2.046076e-04 1
2.817927e-05 3
1.301230e-04 1
4.099344e-05 1079
1.218251e-04 6
2.567617e-05 1
3.235005e-05 1
5.162389e-05 1
2.460097e-05 266
9.043157e-05 2
2.972322e-05 1
3.060541e-06 1
4.103631e-05 2
1.869604e-05 1
1.292984e-04 2
2.346085e-05 1894
1.069440e-04 2
3.702183e-06 1
2.735193e-05 3
4.473062e-05 1
1.534686e-05 1
2.602914e-05 1493
1.547856e-04 1
5.808381e-05 1
1.358812e-05 3
6.831372e-06 343
1.707934e-06 3
1.125152e-04 1
4.660333e-05 7
5.748726e-05 1
1.478319e-05 3
5.705200e-05 2
1.731650e-04 2
6.769182e-07 1
5.456580e-05 7
6.043353e-05 96
4.946315e-05 3
8.756156e-05 96
3.132976e-04 3
1.533005e-05 1
3.717923e-05 10
4.233747e-05 5
1.148113e-04 2
5.608131e-05 1
2.147660e-05 6
6.590045e-05 6
1.788827e-04 4
2.924958e-05 3
4.127983e-05 1
5.416335e-06 7
8.957724e-05 2
6.573002e-05 3
8.020067e-06 64346
1.111914e-04 47243
6.046663e-05 3
4.116410e-05 6
4.987635e-05 1
3.311935e-05 1
3.742798e-05 261
5.893345e-05 1
1.999236e-06 1
7.648896e-05 3
2.446362e-06 1
8.032804e-08 1440
7.849398e-05 1
1.506740e-04 1
4.527324e-05 6
1.282691e-04 2
3.148619e-06 6
9.916450e-06 1
7.482878e-07 2
1.670768e-04 2
1.624115e-04 1
4.921032e-05 3
6.126764e-05 7
1.045733e-04 1
1.938936e-05 1
3.519334e-06 2
3.565276e-05 7
1.041533e-04 1635
2.454248e-04 148
1.922908e-04 2
3.534683e-06 1
9.704715e-05 1
4.411255e-06 3
4.696265e-05 2
5.209018e-05 57232
2.252549e-05 2
1.029005e-06 1
2.617489e-05 2
3.893054e-04 23124
2.172562e-05 1
6.846912e-06 4
2.397664e-05 1
3.657190e-05 1
6.087712e-05 3
1.484405e-05 5
1.358078e-05 2
6.613690e-06 1
4.814345e-05 1
6.803150e-05 218
4.186091e-05 1
1.739079e-05 1
5.748940e-05 6
1.175163e-04 1
2.279234e-04 23
1.070986e-06 2
1.152488e-04 1
9.461427e-05 1
1.725392e-06 2
2.418252e-05 7
1.948656e-05 3
1.406686e-04 4
7.193600e-05 1
3.162924e-06 1
2.276817e-05 1
1.982557e-05 58
1.555808e-04 1
1.387746e-04 1
6.395584e-05 1
1.088179e-05 1
2.713472e-05 3
7.797510e-06 1
2.927270e-05 6
4.782239e-06 55719
5.832045e-06 55940
1.534846e-06 1
3.918640e-06 1
4.307155e-05 2
2.121918e-05 7
3.434950e-05 1
7.796484e-05 7
5.814355e-05 5
6.609856e-05 1
1.890906e-04 60338
1.276310e-05 1
7.080856e-05 167
6.720838e-05 1
2.043186e-04 3
5.377827e-05 1
1.197506e-04 3
5.902281e-05 5
1.481532e-05 1
2.007852e-04 3
1.146786e-04 3
1.457717e-05 7155
8.457619e-06 1
3.687523e-05 1
1.597007e-06 1
9.847119e-05 65
1.739596e-05 6
1.256493e-04 1
1.036020e-04 1
4.208067e-05 178
4.532860e-05 1
2.488473e-05 1
1.675113e-04 121
1.698016e-04 1
1.480637e-05 2
1.847762e-05 3
3.542147e-05 1
4.988080e-05 240
5.833922e-05 505
1.048256e-04 1
1.571286e-05 1
1.038847e-04 108
3.835951e-05 984
1.448559e-04 1
2.113168e-06 1
2.257314e-05 88
1.545563e-04 1
3.235892e-05 1306
3.277255e-05 1
1.462520e-05 1
2.645121e-05 7
2.605612e-05 4
2.570651e-05 1
4.033962e-06 1
3.423457e-05 1
3.846640e-05 114
5.966715e-06 1
2.203367e-05 7
3.714167e-05 2
2.158344e-05 1
1.486466e-04 2
4.699168e-05 2
8.927173e-06 149
2.859441e-05 1
1.165553e-04 1
1.161855e-04 1
1.051256e-05 1
4.887350e-05 1
4.583799e-05 1
7.576046e-05 1
1.343209e-05 1
6.124715e-05 1
8.330263e-05 1
4.940964e-05 5
1.962291e-05 1
5.257646e-05 1
3.124993e-05 2
4.047009e-05 2
4.126721e-05 1
2.122168e-05 1
8.181037e-06 1
9.522047e-07 6
3.801550e-05 1
7.890072e-05 8098
2.548169e-05 2
6.725039e-06 1
1.160856e-05 2
9.545240e-05 523
2.417297e-05 182
4.354790e-05 1
1.292138e-05 1
4.650526e-05 3
1.485982e-04 1
1.004796e-04 6
2.686111e-05 251
9.756623e-05 1
7.836734e-05 1
8.494473e-05 204
1.832327e-05 1
8.221295e-06 1
5.366727e-05 1201
4.778620e-06 1
3.219927e-05 1
1.964643e-06 1
8.772080e-06 2
1.701977e-05 1
2.161040e-05 2
3.414100e-05 2
5.419140e-06 60885
6.583380e-06 1
3.058136e-05 1
5.097300e-05 1
6.516332e-05 2
4.439892e-05 1730
5.901750e-05 1
1.332449e-04 53203
9.951150e-05 5
3.395176e-05 545
2.496584e-05 1
1.891851e-05 1
2.479208e-04 2
6.929073e-05 63454
9.948419e-05 3
5.321719e-06 1
1.828050e-04 1
4.715645e-05 2
8.262380e-05 5
1.310510e-05 4
6.236535e-05 1
3.742585e-05 5
3.370369e-05 36801
6.556944e-05 1
5.618788e-05 4
4.342238e-05 4
5.886388e-05 3
4.967602e-05 1
2.008669e-04 3
4.033790e-05 2
1.217540e-05 1
1.127163e-05 7017
2.143036e-05 1
5.791103e-05 1
7.156177e-05 1
1.758225e-04 1
6.440741e-05 6
4.924085e-05 2
3.143516e-04 3
2.996584e-06 152
2.594869e-06 1
2.164633e-05 25
5.265953e-06 48220
7.173279e-05 1
1.244074e-04 1
7.415119e-05 3
1.389426e-05 2
2.877084e-05 1
4.917364e-05 6
5.227248e-05 3
9.423540e-05 1
9.510090e-06 1
9.655890e-06 2
4.620744e-05 1
1.711983e-04 1
5.647591e-05 1
9.899307e-06 1
2.233708e-05 1
1.232336e-04 1
3.213519e-05 1
2.940157e-05 3
4.577370e-06 1
9.550522e-05 1
1.978367e-05 476917
2.542014e-05 3
7.221908e-05 1
4.055471e-05 1
1.266513e-05 1
5.656761e-05 1
1.546667e-04 2
3.608420e-05 3
4.669522e-05 4
2.316068e-04 1
5.247694e-05 2
1.082159e-04 5
1.209242e-05 35
4.766508e-05 1
5.732530e-05 3
1.524998e-04 1
5.220405e-06 31928
1.974176e-04 1349
8.730381e-05 2
9.146031e-06 19502
1.490264e-04 5
4.998040e-05 1
8.972225e-05 1
2.019260e-04 1
2.925763e-05 1425
1.625158e-06 5
2.586303e-05 1
3.511883e-05 148
2.328733e-05 5
7.947101e-05 1104
4.431535e-05 2
1.153202e-05 1
1.102695e-04 7
1.606185e-04 1
1.721020e-06 1
6.462031e-06 163
1.524278e-06 1662
2.074271e-05 1
5.575401e-05 1
6.233594e-05 1
7.505014e-05 6
7.772136e-05 1
4.918809e-05 1
2.509442e-04 3
4.350229e-06 1
1.177948e-05 2
2.784601e-05 2
6.409373e-05 2
3.576244e-05 1
1.319849e-04 4
6.936555e-05 1
1.980141e-05 1
1.353014e-05 1
1.631240e-05 4
2.378089e-05 1
5.148994e-05 7
9.056715e-05 2
1.464232e-05 1
1.877301e-04 178
4.660899e-06 1
1.610136e-05 1
1.059407e-05 3
1.358497e-04 2
8.793369e-05 1
2.852734e-04 1
1.365771e-05 1
2.561314e-05 1
1.831346e-05 1
3.321292e-05 3
8.534915e-05 2
3.969912e-05 1
1.861375e-04 1
5.526231e-07 1
7.654781e-05 31067
6.697929e-05 3
3.085578e-04 3
3.965860e-06 1
2.514005e-05 58798
2.173799e-05 1
8.424626e-05 1
6.066890e-05 1
8.841307e-06 4
1.082458e-05 1
3.556156e-05 3
8.776549e-06 3
2.010888e-05 1
3.928152e-05 3
1.283776e-04 1
1.569685e-05 1494
2.227384e-05 1
6.042496e-05 1
2.750606e-05 1
5.271373e-05 1
7.237649e-05 1
8.206310e-05 1
1.599078e-05 56094
4.753264e-05 1
9.953346e-05 3
6.391961e-06 1
3.927676e-07 1
4.715322e-05 5
4.319893e-05 2
1.076225e-04 1
8.001540e-05 1190
1.555689e-05 2
3.144555e-04 3
4.668593e-05 1
7.587136e-06 3
1.144830e-04 7
3.721809e-05 1
7.199237e-05 60
2.071376e-04 53
3.830455e-05 515322
3.298880e-05 7
3.210296e-04 2
2.303500e-05 7
1.971286e-05 4
2.298207e-04 1
1.220219e-04 2
1.721708e-04 2
1.258810e-04 6
8.208189e-05 2
2.268047e-04 1
5.925449e-06 1
2.466068e-05 1
3.474469e-05 1
2.314519e-06 2
3.178642e-05 3
4.712004e-05 239
1.098070e-04 1
1.198955e-04 2
3.227916e-05 1
4.938501e-05 2
4.242336e-06 183
2.047587e-05 102
2.760086e-05 1
1.692814e-05 1
1.786926e-04 1
5.652900e-05 668
6.237999e-05 1
1.126410e-04 3
3.218595e-05 103
3.548798e-05 6
7.943330e-05 1
2.034735e-05 1
8.452724e-06 1
9.539463e-05 1
6.223176e-05 7
1.617099e-05 1
1.135320e-05 1
1.023777e-04 3
5.206601e-05 171
1.291206e-04 1
4.768403e-05 1
7.884750e-05 8600
1.010539e-04 180
1.193415e-04 1
4.727864e-06 1
1.344802e-04 7
1.202529e-05 1
3.885448e-06 3
7.041286e-06 2
1.082161e-04 1
4.113091e-05 1
1.328996e-05 150
2.376921e-05 4
1.154702e-04 1
1.306961e-04 1
2.224840e-06 1
4.449025e-05 1085
6.018639e-05 2
1.219766e-05 1
3.530160e-06 6
1.403579e-04 1
7.550623e-05 2
7.025882e-07 1
1.748324e-05 1
9.300859e-05 4
9.250070e-05 77
1.112942e-05 3
1.373680e-04 3
3.287031e-05 1
8.346059e-06 4
1.392400e-04 1
7.033789e-06 42892
1.424170e-05 1
7.066154e-06 1
1.483752e-04 6
3.029233e-05 3
2.446083e-06 198
1.637788e-05 1
9.327678e-05 2
5.617839e-05 3
3.244520e-05 1
2.237812e-05 1
4.049679e-05 4
3.553278e-05 1
7.681839e-07 1
9.668323e-05 1
1.656687e-04 2
4.021612e-05 1406
4.872322e-05 1
3.123189e-05 1
1.893489e-04 2
1.538082e-05 1
2.667344e-05 1
8.765857e-06 1
3.116318e-05 1484
5.765995e-05 1
7.792836e-06 1
9.561873e-05 20612
5.419938e-05 1
5.255449e-05 968
1.582786e-05 47
8.829555e-05 29
1.464862e-05 1
7.264846e-05 3
1.633511e-05 1
5.271027e-05 1
2.124772e-05 2
3.634570e-05 1
2.817508e-05 6
1.187580e-04 1
8.967125e-06 2
4.010131e-07 41274
9.298692e-05 1
3.598579e-05 1
6.826833e-05 1
9.474496e-05 2
4.241374e-05 4
8.069951e-05 1
1.526292e-04 1
8.963525e-06 2
3.525469e-05 1
5.341511e-05 1
1.077791e-04 5
1.466008e-04 3
1.031061e-04 5790
4.659603e-05 1
5.002437e-06 2
6.852344e-06 200
1.996145e-05 4
5.533125e-06 1
3.525288e-05 101
2.382413e-05 1
5.536516e-05 1
1.005489e-04 28
2.176004e-04 2
1.546848e-05 1
6.542722e-05 671
2.159634e-05 5
1.844345e-06 1
1.596099e-04 121
6.270663e-06 1
7.366875e-05 1
9.937441e-05 1
1.246895e-05 1
2.719355e-05 2
2.678033e-05 1
4.750655e-05 6
1.393527e-05 5
1.229659e-05 1
4.280175e-05 5
1.512235e-04 6
4.899815e-05 2
6.510925e-06 2
5.169517e-05 1
9.285309e-06 1
7.821880e-06 250
3.268322e-05 2
7.788289e-05 193
3.426461e-05 5
1.844146e-05 1
1.444852e-04 1
6.878921e-05 1
2.212926e-06 7
3.301022e-05 1
7.612544e-05 1
2.086550e-05 1
1.001650e-05 267
1.639299e-04 1
1.939844e-05 1
1.389582e-05 6
8.812227e-05 146
5.723988e-06 1
2.723980e-05 1
1.601788e-05 3
2.036027e-04 1
1.042760e-04 183188
1.044155e-04 5
7.379643e-05 1
3.208850e-05 120
8.581746e-05 1
6.766228e-05 1
2.521708e-04 1
3.271983e-05 66310
1.052543e-04 1
1.295344e-04 3
6.548263e-05 1
1.014707e-05 1179
1.377023e-06 1
6.141710e-05 1
3.444031e-05 1
1.017829e-04 1
1.390711e-04 1
1.752818e-04 3
1.050661e-05 3
1.334979e-04 1624
1.758169e-05 69
4.440886e-05 29992
7.849129e-05 1
8.638630e-07 785
2.454543e-05 1
4.181122e-05 6
7.641831e-05 1
5.905063e-05 2
2.432129e-05 1
1.023439e-05 1
3.541334e-05 1
2.858923e-05 2
5.155464e-05 1
2.520086e-05 1
1.455324e-05 1
2.576764e-05 1
1.612577e-04 40649
1.001807e-04 3
1.101901e-06 1
7.249434e-05 1
4.124791e-05 1
1.286009e-05 1
3.838059e-05 6
6.043322e-05 1
8.010041e-05 1
4.375215e-05 1
3.146249e-05 1
1.721741e-04 1
2.366565e-05 2
1.080982e-05 2
1.507889e-04 1156
7.817467e-05 1
2.950972e-05 3
3.860933e-05 1
1.795777e-04 1
1.379663e-04 1
2.345178e-06 586
2.368801e-05 1
3.734710e-06 1
5.606349e-05 1
4.737943e-05 1
1.870473e-05 1
3.128051e-05 2
7.879895e-05 1
3.113837e-05 124
3.599724e-05 3
6.725519e-05 1
1.215300e-04 1135
1.496201e-06 1
7.525976e-05 1
3.495004e-05 5
6.092434e-07 1
5.709539e-05 1
6.617396e-05 1
3.507284e-06 1
2.016986e-05 1
9.588445e-05 4
5.867295e-05 3
1.279634e-05 1
1.213352e-04 4
6.122889e-05 2
1.336193e-04 5
3.628640e-05 1
6.098202e-05 1
1.207087e-04 1
1.984171e-05 1
4.514775e-05 1
7.866774e-05 1
8.950898e-07 1775
7.261251e-05 3
4.790841e-05 1
1.625594e-05 1
5.393905e-05 1
7.737983e-06 153
1.613500e-04 1
6.338702e-05 2
2.911354e-05 24
1.274209e-04 3
2.386800e-04 1
5.092778e-07 1
9.664796e-05 3
2.889313e-05 798
3.117337e-06 1
6.429288e-05 1
1.053327e-04 1
7.490397e-06 36909
1.939263e-05 2
6.172170e-05 69
3.082486e-05 1
5.718573e-05 1
3.964429e-05 5
3.481123e-05 1
9.941712e-05 1
1.485805e-04 1
2.957379e-06 1
1.456290e-05 1
2.955756e-05 1
5.159265e-05 1
4.809847e-05 3
1.164153e-04 5
4.109529e-05 3
1.020762e-04 1
1.017578e-04 1
5.929238e-05 8125
6.943038e-05 1
3.625446e-05 1
3.598022e-05 249
1.195655e-04 3
5.214150e-05 3
1.484733e-05 2
5.853377e-05 3
1.267701e-05 7
7.392774e-05 2
9.606065e-05 3
2.370318e-05 3
3.463015e-05 2
9.090858e-05 6
4.539391e-05 1
1.417966e-05 1
3.986387e-06 1
1.371753e-04 1
3.251711e-04 1
2.069690e-05 1
6.737493e-05 3
1.403691e-04 2
3.028718e-05 140
2.794334e-04 3
2.096562e-04 1
4.154921e-05 1
2.497090e-05 1
1.393248e-04 2
1.706989e-05 34
7.844101e-05 1
1.277782e-04 1
7.116149e-05 1
1.394084e-05 1
8.379025e-05 1
3.875626e-05 1
1.143824e-04 1
1.508154e-04 3
7.011731e-06 1
1.217294e-04 1
5.853366e-05 1
4.900290e-05 4
4.183402e-06 72
2.144088e-05 1
2.033478e-06 1
1.975097e-05 1
1.016669e-05 72
1.991518e-04 1
2.114664e-05 1
2.851670e-05 3
8.758402e-06 3
6.080675e-07 1
1.288942e-04 2
1.978148e-05 783
1.653903e-05 1
1.474154e-04 73
5.568388e-05 2
4.911842e-05 1
6.650130e-05 7
1.644442e-04 1
1.775466e-05 2
1.390543e-04 1
4.045320e-05 2
5.944658e-06 191
4.429080e-06 6
7.398254e-05 1
3.623533e-04 1
5.646616e-05 1096
4.293543e-06 1
4.201994e-05 1
1.716482e-05 1
2.418303e-04 1
6.763075e-05 1
1.268041e-05 3
1.788781e-05 113
1.314946e-05 1
4.050252e-05 1
1.166280e-04 1
7.329597e-05 1
8.859490e-05 1
3.838477e-05 1
5.254100e-06 1
7.847611e-05 1
5.661251e-05 107
7.643840e-06 1
5.536057e-06 715
2.261155e-04 1
2.446214e-06 1
3.017641e-05 29
2.527312e-04 1
1.443678e-05 2
1.927819e-05 1
1.543887e-04 114
3.086623e-05 3
2.004305e-05 5
1.407155e-05 3
1.061773e-04 2
4.778268e-05 1
7.629793e-06 1
2.803830e-04 1
5.669630e-07 1
2.137462e-06 7
4.824635e-05 3
1.630207e-04 1
1.513404e-04 1
2.817938e-05 58
1.606822e-04 1
1.655386e-05 1
2.502693e-06 22
1.552467e-04 3
2.745675e-04 4
6.438939e-05 4
2.573322e-05 5
6.918084e-05 1
4.612644e-05 1873
4.365192e-05 1
9.658943e-05 2
1.242918e-05 4
3.453189e-05 2
3.776748e-06 3
6.713881e-05 2
4.215311e-05 2
1.204710e-04 1
5.277258e-06 1
1.850965e-04 6
1.333176e-05 3
1.404031e-04 1
1.838693e-05 7936
2.340343e-06 2
1.242305e-05 1630
3.922020e-05 1
2.285124e-05 33
8.374149e-05 2
4.343608e-05 1
9.327560e-05 1
1.264929e-05 1
9.101845e-06 1
1.885439e-04 220
8.941563e-07 2
3.114237e-07 2
4.875903e-05 2
2.388038e-05 1
7.681139e-05 138
3.999956e-05 1
8.832758e-06 2
1.127281e-04 913
1.445402e-05 3
2.358688e-06 1
5.840121e-05 6
4.766420e-05 1
4.143289e-05 1
5.572151e-05 21749
7.055202e-05 1
7.218437e-05 3
8.862317e-06 1
1.187761e-04 1
1.685018e-04 1
1.195993e-05 1
1.949348e-05 49695
7.781193e-05 3
7.007448e-05 1
4.730042e-05 1022
7.729693e-05 362
3.256653e-05 1
6.189352e-05 3
4.516805e-05 1
2.485992e-04 2
6.668052e-06 1
5.779928e-06 13
3.264064e-05 1
9.377236e-05 1
1.643321e-05 4
2.794204e-05 1
1.974318e-05 2
7.896614e-05 1
1.651649e-04 4
1.479678e-05 9759
9.679011e-05 3
9.115074e-06 1
2.728670e-05 1
4.436826e-05 2
4.420118e-06 1
4.900299e-05 1
5.632516e-05 13207
4.677108e-05 1
2.460228e-05 1
4.078234e-05 3
2.516234e-04 7
5.120806e-05 1
2.983570e-05 142
1.097521e-05 1
1.310461e-05 1
2.603413e-05 6
1.380660e-05 1
8.300683e-05 14740
1.826383e-05 1
1.025688e-04 9202
1.135961e-05 1
2.058821e-04 3
1.200558e-05 1
4.131679e-06 1
5.314398e-06 1
1.301632e-04 1
2.227260e-05 4
6.560201e-05 1
2.771400e-04 3
1.433808e-05 550
7.930461e-05 1
6.515988e-05 28
7.948471e-05 6
1.043607e-06 1
1.081121e-04 1
1.648480e-05 1
1.448660e-05 2
5.228999e-06 129
4.514622e-05 1
1.713861e-05 1
1.983788e-05 92365
8.182048e-05 1
2.525425e-05 1
5.793415e-05 1
1.442111e-05 1
2.540975e-05 1
2.547247e-04 1
2.371931e-05 1
1.172023e-05 7
8.538202e-05 1
1.162414e-04 11
2.212998e-04 2
4.479939e-05 1167
4.675571e-05 1
5.561806e-05 1
3.659329e-06 1
5.792186e-06 1
8.115167e-07 1845
1.342433e-04 3
2.855856e-04 1
8.980102e-08 1
1.219988e-04 1
2.367851e-05 259
2.725245e-05 62447
3.798854e-05 1
2.382851e-05 1
9.247525e-05 206
8.450723e-05 5
9.207110e-06 3
7.450492e-05 1
1.429627e-05 1
4.348252e-05 7
1.204193e-05 1281
3.443067e-05 128
6.606707e-05 1
3.173252e-06 1
6.863184e-06 1
6.392069e-05 1
3.161855e-05 4
2.197555e-04 16869
2.399834e-05 982
1.022335e-04 1
2.329414e-05 6
1.764406e-05 2090
1.987441e-05 1
3.298756e-04 5
2.252838e-04 1
1.719325e-04 1
1.845980e-05 5
3.950713e-05 4
5.698481e-05 1
1.491152e-04 3
2.456209e-05 1
2.419935e-07 2
1.479173e-05 1
2.031183e-04 1
3.338154e-05 1
1.330443e-05 1
5.912059e-05 1
3.514483e-05 2
1.337687e-04 1
2.400175e-05 2
7.943832e-06 1
7.652323e-05 1
7.575789e-06 1
9.879316e-05 1
9.743111e-05 148
3.339719e-05 1
2.178924e-05 1
9.693268e-06 2273
2.700997e-04 41481
1.563880e-05 1
2.605128e-04 1668
7.221185e-05 3
6.842769e-06 1
1.371844e-05 3
1.540044e-05 3
4.376526e-05 1
2.516418e-05 1
9.083329e-05 1
1.838345e-05 1
1.310213e-04 2
2.666257e-05 1
2.707486e-05 42
4.990152e-05 1
6.749448e-05 1
4.482420e-05 3
6.898096e-05 3
1.096830e-05 1
1.389660e-05 208
9.624830e-05 51777
1.412486e-05 1
5.694657e-05 2
1.685069e-05 130
4.704934e-06 2
7.478041e-05 1
1.197702e-05 256
3.720334e-05 239
5.560692e-05 966
1.031450e-05 1
3.940621e-05 3
1.054503e-06 1
5.433944e-05 1
1.385325e-05 1
1.968563e-05 3
2.258396e-05 3
3.682275e-05 2
3.834347e-06 77
3.027868e-05 1
1.683199e-05 3
3.511519e-05 1
7.052067e-06 1
1.681503e-04 4
8.039119e-06 7
6.938977e-06 66
1.243424e-04 1
2.478318e-05 2
2.366932e-04 1
1.023048e-04 7
7.790237e-07 1
1.943734e-05 1
7.022208e-05 1
9.386416e-05 3
1.339230e-04 3
4.525297e-05 2
2.626364e-05 72
3.973297e-05 3
3.479824e-06 1
9.060676e-05 1
6.826058e-05 1
8.111245e-05 3
4.878337e-05 3
5.425110e-05 262
6.717863e-05 7
7.112791e-06 1
5.537374e-06 2
1.704546e-05 1
2.007386e-05 1
2.089675e-04 250316
2.065213e-04 6
9.138536e-06 1493
4.687266e-05 3
1.536800e-05 2
2.368984e-05 1
6.771008e-05 1
3.500328e-05 123
1.612203e-06 5
4.123934e-05 1
2.039123e-05 1
7.888762e-05 1
2.595130e-04 7
1.100533e-05 1
5.843904e-06 1
1.177820e-04 1
9.995222e-06 3
9.147429e-05 3
4.680896e-05 1
8.419997e-06 1
8.966976e-06 1
1.623767e-04 1
2.521315e-05 1
6.871951e-05 1
6.250020e-05 885
1.322700e-05 1
1.562170e-05 3
6.025078e-05 1
9.735455e-06 1
8.089451e-05 1
3.732026e-05 3
4.809286e-05 3978
1.499704e-05 3
4.776810e-05 251
3.429061e-05 6
6.012045e-05 7
1.063646e-04 1
2.104280e-05 7
5.715825e-06 1
2.043027e-05 1
1.712946e-06 10
3.125836e-07 1
3.564335e-05 1
2.912618e-05 1
7.108992e-06 5
2.866169e-05 1
3.244354e-06 1
2.226258e-05 1
1.286471e-04 1
5.250488e-05 1
6.298634e-05 5
1.746760e-04 519
7.714042e-06 1
2.248219e-05 1
2.473953e-05 1
4.534853e-05 1
3.682038e-05 1
1.586908e-06 1
9.536182e-06 3
6.778087e-06 158133
1.014522e-05 1
7.602170e-07 1
2.319006e-04 1
5.693847e-05 1
1.270240e-05 2
9.047230e-05 1
7.978164e-05 92
1.169309e-05 1318
2.472067e-05 1
4.212090e-06 1
8.576368e-05 1
2.223316e-06 1
2.869953e-05 1
8.808185e-06 5
1.471367e-04 1
6.396323e-05 1
1.302440e-04 1
4.562592e-05 1455
8.550975e-05 1
4.111194e-05 1
3.424324e-05 5
1.527520e-04 1
1.627640e-05 4
1.005206e-04 336
7.901942e-05 1
3.776051e-05 1
1.009819e-04 38
1.346798e-04 1
1.014063e-04 34528
1.431259e-05 3
4.919545e-05 2
3.912267e-05 6
1.230914e-04 1
3.924661e-05 2
6.691522e-05 673
4.085057e-05 2
2.137183e-04 2
1.913386e-04 1
7.569144e-05 1
8.194331e-05 89
3.234950e-05 1
1.114066e-05 1
5.207571e-05 1
4.359274e-06 2
8.558515e-06 1
6.062358e-05 2
2.059179e-05 241
1.911151e-05 374
2.093272e-05 1521
1.670047e-04 1
1.678687e-05 3
1.111700e-05 169
1.508235e-04 1
1.783311e-05 129
5.704806e-05 1
8.647981e-05 1
4.884930e-05 1
8.138000e-05 1714
5.298220e-05 1
1.633238e-04 438
1.089977e-05 5
1.807219e-05 1
1.608928e-05 1
1.317108e-04 2
5.327214e-07 1
1.578488e-05 2048
3.949369e-05 1
3.951018e-05 1
8.161489e-05 1
8.227703e-05 3
6.827666e-07 157
5.744978e-07 4
8.972237e-05 1
1.835758e-05 1
1.134693e-05 14
3.350911e-05 3
1.866850e-05 3
9.304605e-06 3
6.860477e-06 1
4.152450e-05 45402
7.295089e-05 2
1.086853e-05 1
1.525871e-06 645
9.360069e-05 1
1.200098e-04 2
3.272362e-04 1
1.338538e-05 1
7.496498e-06 1
1.766828e-04 3
1.331762e-05 8158
5.309536e-06 7
2.300294e-06 1
3.444100e-05 379913
6.800707e-05 7
1.117316e-05 195
2.201222e-05 29017
1.380100e-05 3
3.991929e-05 1
9.529705e-06 47
2.432609e-05 1
8.321976e-05 1
1.850667e-04 1
1.309042e-05 1
6.882684e-05 473801
1.460995e-05 1
5.958918e-05 7
1.430701e-04 3
3.663154e-05 1
1.750496e-06 1
3.683875e-05 1
8.225481e-05 1
2.856269e-05 1
8.842240e-05 13
8.122420e-05 1
5.822007e-05 2
1.583865e-05 1
1.926621e-05 5
1.184263e-05 5
2.247957e-05 264
1.228927e-04 1
8.215707e-06 2
7.638776e-06 3
3.142416e-05 3
3.857731e-05 889
1.130665e-04 1
4.506168e-05 4
3.173766e-05 2
6.922466e-05 1
5.908508e-05 38
3.452850e-05 1
1.417692e-04 1
3.430879e-05 149252
1.082204e-05 906
2.916313e-05 1
3.810944e-05 1
5.943407e-05 6
1.130755e-04 1
3.821926e-05 2
4.942411e-06 3
3.548294e-05 1
3.771281e-06 1
6.465801e-05 2
1.325779e-04 5
8.509266e-05 2
5.286665e-05 252
1.532162e-05 256
1.528654e-05 1
7.834840e-05 1
2.166118e-04 6
5.264073e-05 3
8.131685e-06 2
8.145285e-05 6
1.240783e-05 3
1.563996e-05 1
3.533160e-05 1
2.647946e-06 29
5.864274e-05 77
2.916561e-05 1
6.501743e-05 1597
5.515330e-05 1
2.114565e-05 1
2.044268e-04 1
6.095847e-05 214
2.129421e-05 25
2.994895e-05 1
1.086225e-04 2
4.816330e-05 7
3.683944e-05 1
1.925183e-04 1
5.927368e-05 26206
7.202579e-05 1
4.666431e-05 50
3.368942e-05 2
1.004444e-04 3
1.728282e-05 1
1.441746e-05 1
2.467083e-04 2
4.585609e-05 1
1.411322e-05 1
8.269655e-06 1
3.509960e-04 1
6.670841e-05 1
6.957196e-05 3
3.616303e-05 1
3.517272e-05 2
